res	aa	Beta	Turn	Helix	Aggregation	Conc-Stab_Aggregation
01	  M	  0.1	  0.0	0.000	0.000	0.000
02	  K	  0.6	  0.0	0.531	0.000	0.000
03	  R	  2.2	  0.0	1.129	0.000	0.000
04	  V	  8.4	  0.0	1.593	73.513	73.513
05	  L	  9.8	  0.0	1.593	90.600	90.600
06	  V	 11.9	  0.0	1.845	99.088	99.088
07	  L	  6.6	  0.0	1.845	99.804	99.804
08	  L	  4.7	  0.0	1.845	99.926	99.926
09	  L	  1.5	  0.0	1.845	99.846	99.846
10	  A	  0.9	  0.0	1.845	99.171	99.171
11	  V	  2.6	  0.0	1.845	98.546	98.546
12	  A	  2.3	  0.2	1.845	91.137	91.137
13	  F	  2.1	  0.4	1.275	84.863	84.863
14	  G	  0.4	  0.4	0.530	7.917	7.917
15	  H	  0.6	  0.4	0.265	0.991	0.991
16	  A	  0.5	  0.2	0.265	0.940	0.940
17	  L	  0.5	  0.2	0.265	0.645	0.645
18	  E	  0.2	  0.3	0.265	0.000	0.000
19	  R	  0.1	  0.3	0.265	0.000	0.000
20	  G	  0.1	  0.7	0.144	0.000	0.000
21	  R	  0.3	  0.5	0.000	0.000	0.000
22	  D	  1.8	  0.4	0.000	0.000	0.000
23	  Y	  3.9	  0.4	0.000	0.000	0.000
24	  E	  3.9	  0.2	0.000	0.000	0.000
25	  K	  2.5	  0.2	0.000	0.000	0.000
26	  N	  0.5	  0.2	0.000	0.000	0.000
27	  K	  1.2	  0.2	0.000	0.000	0.000
28	  V	  1.3	  0.0	0.000	0.000	0.000
29	  C	  1.5	  0.1	0.000	0.000	0.000
30	  K	  0.7	  0.1	0.000	0.000	0.000
31	  E	  1.9	  0.1	0.000	0.000	0.000
32	  F	  3.8	  0.3	0.000	0.000	0.000
33	  S	  3.8	  0.2	0.000	0.000	0.000
34	  H	  2.5	  0.6	0.000	0.000	0.000
35	  L	  0.3	  0.6	0.000	0.000	0.000
36	  G	  0.2	  0.6	0.000	0.000	0.000
37	  K	  0.1	  1.0	0.000	0.000	0.000
38	  E	  0.1	  0.7	0.000	0.000	0.000
39	  D	  0.9	  0.6	0.000	0.000	0.000
40	  F	  3.7	  0.6	0.000	36.729	36.729
41	  T	  4.2	  0.1	0.521	41.232	41.232
42	  S	  8.7	  0.4	1.202	43.044	43.044
43	  L	  7.4	  0.4	1.202	56.930	56.930
44	  S	  7.3	  0.4	1.943	58.375	58.375
45	  L	  4.0	  0.3	1.943	58.879	58.879
46	  V	  3.7	  0.0	2.167	58.879	58.879
47	  L	  3.9	  0.0	2.536	58.610	58.610
48	  Y	  3.7	  0.1	2.536	50.984	50.984
49	  S	  2.3	  0.1	2.110	18.325	18.325
50	  R	  2.6	  0.1	1.243	0.000	0.000
51	  K	  1.0	  0.1	1.097	0.000	0.000
52	  F	  0.9	  1.3	1.097	0.000	0.000
53	  P	  0.1	  1.4	0.000	0.000	0.000
54	  S	  0.1	  1.8	0.000	0.000	0.000
55	  G	  0.1	  1.8	0.000	0.000	0.000
56	  T	 11.0	  0.5	0.000	0.000	0.000
57	  F	 11.9	  0.5	0.000	0.000	0.000
58	  E	 11.9	  0.1	0.000	0.000	0.000
59	  Q	  1.5	  0.1	0.000	0.000	0.000
60	  V	  2.2	  0.2	0.000	0.229	0.229
61	  S	  2.3	  0.1	0.300	0.229	0.229
62	  Q	  2.7	  0.1	0.300	0.229	0.229
63	  L	  1.6	  0.1	0.300	2.268	2.268
64	  V	  2.9	  0.1	0.300	2.514	2.514
65	  K	  2.6	  0.0	0.300	2.285	2.285
66	  E	  2.6	  0.0	0.300	2.285	2.285
67	  V	  5.6	  0.0	0.171	5.633	5.633
68	  V	  9.7	  0.0	0.171	5.633	5.633
69	  S	 10.7	  0.0	0.624	4.043	4.043
70	  L	  6.4	  0.0	0.453	3.877	3.877
71	  T	  1.8	  0.1	0.617	3.545	3.545
72	  E	  0.1	  0.1	0.617	0.000	0.000
73	  A	  0.4	  0.1	0.617	0.000	0.000
74	  C	 22.2	  0.0	0.617	0.000	0.000
75	  C	 22.5	  0.3	0.453	0.000	0.000
76	  A	 22.2	  0.6	0.316	0.000	0.000
77	  E	  0.6	  0.8	0.316	0.000	0.000
78	  G	  0.0	  0.8	0.000	0.000	0.000
79	  A	  0.0	  0.5	0.000	0.000	0.000
80	  D	  0.0	 16.1	0.000	0.000	0.000
81	  P	  0.0	 15.9	0.000	0.000	0.000
82	  D	  1.1	 15.9	0.000	0.000	0.000
83	  C	  3.4	 16.0	0.000	0.000	0.000
84	  Y	  3.9	  0.2	0.000	0.000	0.000
85	  D	  3.1	  0.2	0.765	0.000	0.000
86	  T	  1.5	  0.2	0.765	0.000	0.000
87	  R	  1.1	  0.2	0.765	0.000	0.000
88	  T	  1.3	  0.1	0.891	0.000	0.000
89	  S	  0.7	  0.1	1.190	0.000	0.000
90	  A	  0.8	  0.1	1.190	0.000	0.000
91	  L	  1.0	  0.1	1.044	0.000	0.000
92	  S	  1.1	  0.0	0.940	0.000	0.000
93	  A	  0.9	  0.2	0.728	0.000	0.000
94	  K	  1.4	  0.2	0.615	0.000	0.000
95	  S	 10.4	  0.2	0.000	0.000	0.000
96	  C	 11.1	  0.5	0.000	0.000	0.000
97	  E	 10.2	  0.5	0.000	0.000	0.000
98	  S	  1.2	  0.4	0.000	0.000	0.000
99	  N	  0.2	  0.4	0.000	0.000	0.000
100	  S	  0.2	  0.1	0.000	0.000	0.000
101	  P	  0.0	  0.0	0.000	0.000	0.000
102	  F	  0.0	  0.0	0.000	0.000	0.000
103	  P	  0.0	  0.0	0.000	0.000	0.000
104	  V	  0.4	  0.0	0.000	0.000	0.000
105	  H	  0.4	  2.1	0.000	0.000	0.000
106	  P	  0.4	  2.2	0.000	0.000	0.000
107	  G	  0.1	  2.2	0.000	0.000	0.000
108	  T	  0.4	  2.3	0.000	0.000	0.000
109	  A	  0.5	  0.3	0.000	0.000	0.000
110	  E	  1.5	  0.2	0.000	0.000	0.000
111	  C	  3.9	  0.2	0.000	0.000	0.000
112	  C	  7.2	  0.1	0.184	0.000	0.000
113	  T	  6.7	  0.2	1.695	0.000	0.000
114	  K	  4.0	  0.3	1.835	0.000	0.000
115	  E	  0.7	  0.4	1.835	0.000	0.000
116	  G	  0.0	  0.4	8.907	0.000	0.000
117	  L	  0.1	  0.2	8.907	0.000	0.000
118	  E	  0.8	  0.1	9.412	0.000	0.000
119	  R	  1.1	  0.1	9.412	0.000	0.000
120	  K	  1.5	  0.1	9.412	0.000	0.000
121	  L	  1.9	  0.1	8.427	0.000	0.000
122	  C	  4.0	  0.1	10.366	0.000	0.000
123	  M	  3.6	  0.0	8.862	0.000	0.000
124	  A	  2.6	  0.0	6.988	0.000	0.000
125	  A	  0.4	  0.0	6.440	0.000	0.000
126	  L	  0.6	  0.0	5.803	0.000	0.000
127	  K	  0.8	  0.0	4.602	0.000	0.000
128	  H	  0.7	  0.0	1.874	0.000	0.000
129	  Q	  0.4	  0.2	0.665	0.000	0.000
130	  P	  0.1	  0.2	0.000	0.000	0.000
131	  Q	  0.5	  0.2	0.000	0.000	0.000
132	  E	  0.6	  0.2	0.000	0.000	0.000
133	  F	  0.6	  0.3	0.000	0.000	0.000
134	  P	  0.1	  0.3	0.000	0.000	0.000
135	  T	  5.5	  0.3	0.000	0.000	0.000
136	  Y	 10.4	  0.3	0.000	0.000	0.000
137	  V	 11.1	  0.0	0.000	0.000	0.000
138	  E	  6.1	  0.2	0.000	0.000	0.000
139	  P	  0.8	  0.3	0.000	0.000	0.000
140	  T	  0.1	  0.3	0.000	0.000	0.000
141	  N	  0.1	  0.4	0.000	0.000	0.000
142	  D	  0.1	  0.2	0.580	0.000	0.000
143	  E	  0.5	  0.1	0.734	0.000	0.000
144	  I	  1.1	  0.0	0.878	0.000	0.000
145	  C	  5.1	  0.1	2.073	0.000	0.000
146	  E	  4.7	  0.1	2.073	0.000	0.000
147	  A	  4.5	  0.1	2.073	0.000	0.000
148	  F	  1.9	  0.1	2.073	0.000	0.000
149	  R	  2.6	  0.0	1.465	0.000	0.000
150	  K	  2.2	  0.0	1.465	0.000	0.000
151	  D	  0.9	  0.5	2.991	0.000	0.000
152	  P	  0.0	  0.5	2.540	0.000	0.000
153	  K	  0.2	  0.5	2.540	0.000	0.000
154	  E	  0.5	  0.5	2.540	0.000	0.000
155	  Y	  0.8	  0.3	2.540	0.000	0.000
156	  A	  0.7	  0.3	2.540	0.000	0.000
157	  N	  1.5	  0.3	2.234	0.000	0.000
158	  Q	  2.3	  0.3	1.432	0.000	0.000
159	  F	  2.9	  0.0	0.734	0.000	0.000
160	  M	  1.9	  0.0	0.322	0.000	0.000
161	  W	  3.3	  0.0	0.000	0.000	0.000
162	  E	  4.0	  0.0	0.000	0.000	0.000
163	  Y	  4.8	  0.1	0.000	0.000	0.000
164	  S	  3.0	  0.6	0.000	0.000	0.000
165	  T	  2.1	  0.6	0.000	0.000	0.000
166	  N	  1.3	  0.9	0.000	0.000	0.000
167	  Y	  0.8	  0.9	0.000	0.000	0.000
168	  G	  0.3	  0.4	0.000	0.000	0.000
169	  Q	  0.3	  0.4	0.000	0.000	0.000
170	  A	  0.2	  0.2	0.000	0.000	0.000
171	  P	  0.0	  0.1	0.000	0.145	0.145
172	  L	  1.8	  0.2	0.000	16.386	16.386
173	  S	  1.9	  0.2	0.000	17.194	17.194
174	  L	  2.7	  0.0	0.000	21.542	21.542
175	  L	  1.6	  0.1	0.000	21.839	21.839
176	  V	  5.4	  0.0	0.000	21.839	21.839
177	  S	 11.9	  0.0	0.000	9.863	9.863
178	  Y	 15.1	  0.1	0.000	8.129	8.129
179	  T	 14.3	  0.1	0.000	3.218	3.218
180	  K	  7.3	  0.1	0.000	0.000	0.000
181	  S	  3.9	  0.1	0.000	0.000	0.000
182	  Y	  1.9	  0.2	0.000	0.720	0.720
183	  L	  3.3	  0.1	0.000	0.720	0.720
184	  S	  3.2	  0.1	0.000	0.720	0.720
185	  M	  2.5	  0.2	0.000	0.720	0.720
186	  V	  0.7	  0.5	0.000	0.720	0.720
187	  G	  0.4	  0.5	0.000	0.000	0.000
188	  S	 11.0	  0.5	0.000	0.000	0.000
189	  C	 13.2	  0.4	0.000	0.000	0.000
190	  C	 14.4	  0.1	0.000	0.000	0.000
191	  T	  4.2	  0.1	0.000	0.000	0.000
192	  S	  6.5	  0.1	0.000	0.000	0.000
193	  A	  5.2	  0.1	0.000	0.000	0.000
194	  S	  4.9	  0.3	0.000	0.000	0.000
195	  P	  0.1	  0.3	0.000	0.166	0.166
196	  T	  2.9	  0.3	0.301	13.676	13.676
197	  V	  4.0	  0.3	0.301	13.676	13.676
198	  C	  5.7	  0.0	0.647	13.676	13.676
199	  F	  3.6	  0.0	1.561	13.676	13.676
200	  L	  2.6	  0.0	2.130	13.676	13.676
201	  K	  1.0	  0.1	2.130	0.000	0.000
202	  E	  0.3	  0.1	2.310	0.000	0.000
203	  R	  0.7	  0.1	2.310	0.000	0.000
204	  L	  2.1	  0.1	2.310	0.000	0.000
205	  Q	  3.0	  0.0	2.310	0.000	0.000
206	  L	  2.8	  0.1	1.373	0.000	0.000
207	  K	  1.4	  0.1	1.018	0.000	0.000
208	  H	  1.1	  0.1	0.000	0.000	0.000
209	  L	  2.6	  0.1	0.000	1.135	1.135
210	  S	  2.7	  0.0	0.743	1.521	1.521
211	  L	  2.2	  0.0	0.743	5.164	5.164
212	  L	  0.7	  0.0	0.743	5.164	5.164
213	  T	  1.4	  0.0	0.743	5.164	5.164
214	  T	  6.8	  0.0	0.743	4.930	4.930
215	  L	  6.6	  0.2	0.743	4.791	4.791
216	  S	  5.8	  0.2	0.592	0.158	0.158
217	  N	  0.1	  0.2	0.202	0.000	0.000
218	  R	  0.2	  0.2	0.000	0.000	0.000
219	  V	  1.2	  0.0	0.000	0.000	0.000
220	  C	  3.1	  0.1	0.000	0.000	0.000
221	  S	  3.5	  0.1	0.647	0.000	0.000
222	  Q	  2.9	  0.1	0.647	0.000	0.000
223	  Y	  1.7	  0.1	0.647	0.130	0.130
224	  A	  1.3	  0.2	0.647	0.130	0.130
225	  A	  1.0	  0.2	0.647	0.130	0.130
226	  Y	  0.3	  0.4	0.647	0.130	0.130
227	  G	  0.2	  0.5	0.413	0.130	0.130
228	  E	  0.6	  0.4	0.210	0.000	0.000
229	  K	  0.5	  0.5	0.000	0.000	0.000
230	  K	  0.7	  0.3	0.000	0.000	0.000
231	  S	  0.3	  0.2	0.000	0.000	0.000
232	  R	  0.7	  0.2	0.000	0.000	0.000
233	  L	  0.6	  0.3	0.000	0.000	0.000
234	  S	  0.5	  0.2	1.428	0.000	0.000
235	  N	  0.4	  0.2	3.106	0.000	0.000
236	  L	  0.7	  0.2	3.225	0.000	0.000
237	  I	  6.1	  0.0	3.225	0.000	0.000
238	  K	  6.1	  0.0	3.225	0.000	0.000
239	  L	  5.8	  0.0	3.225	0.000	0.000
240	  A	  0.5	  0.0	3.060	0.000	0.000
241	  Q	  1.0	  0.0	2.539	0.000	0.000
242	  K	  1.2	  0.0	0.797	0.000	0.000
243	  V	  1.1	  0.2	0.000	0.000	0.000
244	  P	  0.2	  0.1	0.000	0.000	0.000
245	  T	  0.2	  0.5	0.000	0.000	0.000
246	  A	  0.3	  0.6	0.000	0.000	0.000
247	  D	  0.5	  0.4	0.218	0.000	0.000
248	  L	  0.4	  0.7	0.218	0.000	0.000
249	  E	  0.3	  0.3	0.218	0.000	0.000
250	  D	  0.3	  0.2	0.218	0.000	0.000
251	  V	  0.7	  0.2	0.218	0.000	0.000
252	  L	  0.7	  0.0	0.218	0.000	0.000
253	  P	  0.5	  0.0	0.000	0.000	0.000
254	  L	  0.0	  0.0	0.000	0.000	0.000
255	  A	  0.0	  0.2	0.000	0.000	0.000
256	  E	  0.0	  0.2	0.000	0.000	0.000
257	  D	  1.5	  0.2	0.834	0.000	0.000
258	  I	  2.1	  0.3	0.834	0.948	0.948
259	  T	  2.5	  0.0	0.971	0.948	0.948
260	  N	  1.1	  0.0	0.971	0.948	0.948
261	  I	  1.8	  0.0	0.971	0.948	0.948
262	  L	  1.6	  0.1	0.971	0.948	0.948
263	  S	  2.0	  0.1	0.971	0.000	0.000
264	  K	  3.6	  0.1	0.696	0.000	0.000
265	  C	 15.1	  0.1	0.153	0.000	0.000
266	  C	 15.4	  0.3	0.000	0.000	0.000
267	  E	 12.7	  0.3	0.000	0.000	0.000
268	  S	  3.6	  1.0	0.000	0.000	0.000
269	  A	  2.7	  1.1	0.000	0.000	0.000
270	  S	  2.7	  4.0	0.463	0.000	0.000
271	  E	  0.1	  4.0	0.463	0.000	0.000
272	  D	  0.1	  3.2	2.029	0.000	0.000
273	  C	  2.7	  3.2	2.398	0.000	0.000
274	  M	  2.7	  0.0	2.398	0.000	0.000
275	  A	  2.7	  0.1	2.398	0.000	0.000
276	  K	  0.3	  0.1	2.398	0.000	0.000
277	  E	  0.3	  0.1	2.198	0.000	0.000
278	  L	  0.2	  0.2	1.112	0.000	0.000
279	  P	  0.0	  0.2	0.000	0.000	0.000
280	  E	  0.5	  0.2	0.000	0.000	0.000
281	  H	  2.8	  0.2	0.000	0.000	0.000
282	  T	 18.4	  0.1	0.000	0.000	0.000
283	  V	 24.1	  0.0	0.000	0.000	0.000
284	  K	 22.4	  0.0	0.000	0.000	0.000
285	  L	  7.7	  0.1	0.000	0.000	0.000
286	  C	  0.9	  0.3	0.000	0.000	0.000
287	  D	  0.3	  0.3	0.000	0.000	0.000
288	  N	  0.4	  0.7	2.079	0.000	0.000
289	  L	  0.5	  0.7	2.079	0.000	0.000
290	  S	  0.8	  0.5	2.079	0.000	0.000
291	  T	  1.1	  0.7	2.079	0.000	0.000
292	  K	  0.9	  0.4	2.079	0.000	0.000
293	  N	  0.8	  0.4	2.079	0.000	0.000
294	  S	  0.5	  0.3	0.752	0.000	0.000
295	  K	  3.5	  0.1	0.197	0.000	0.000
296	  F	  4.0	  0.5	0.000	0.000	0.000
297	  E	  3.8	  0.5	0.000	0.000	0.000
298	  D	  1.8	  0.5	0.000	0.000	0.000
299	  C	 15.1	  0.5	0.000	0.000	0.000
300	  C	 15.4	  0.1	0.000	0.000	0.000
301	  Q	 14.5	  0.1	0.000	0.000	0.000
302	  E	  0.9	  0.1	0.000	0.000	0.000
303	  K	  0.7	  0.2	0.000	0.053	0.053
304	  T	  1.1	  0.1	0.556	0.053	0.053
305	  A	  0.9	  0.0	0.556	0.053	0.053
306	  M	  3.1	  0.0	0.556	0.053	0.053
307	  D	  4.9	  0.0	0.556	0.053	0.053
308	  V	 10.1	  0.0	0.556	64.181	64.181
309	  F	  9.6	  0.0	0.556	69.438	69.438
310	  V	  7.9	  0.0	0.000	70.522	70.522
311	  C	  5.2	  0.0	0.000	70.522	70.522
312	  T	  9.5	  0.0	0.000	70.522	70.522
313	  Y	 11.0	  0.0	0.000	69.169	69.169
314	  F	  8.6	  0.0	0.000	64.107	64.107
315	  M	  2.4	  0.0	0.000	0.896	0.896
316	  P	  0.2	  0.0	0.000	0.448	0.448
317	  A	  0.1	  0.0	0.000	0.000	0.000
318	  A	  0.7	  0.0	0.000	0.000	0.000
319	  Q	  0.8	  0.0	0.000	0.000	0.000
320	  L	  0.7	  0.2	0.000	0.000	0.000
321	  P	  0.1	  0.2	0.000	0.000	0.000
322	  E	  0.0	  0.2	0.000	0.000	0.000
323	  L	  0.0	  0.8	0.000	0.000	0.000
324	  P	  0.0	  0.6	0.000	0.000	0.000
325	  D	  2.4	  0.6	0.000	0.000	0.000
326	  V	 11.5	  0.6	0.000	0.000	0.000
327	  E	 11.5	  0.0	0.000	0.000	0.000
328	  L	  9.2	  0.2	0.000	0.000	0.000
329	  P	  0.0	  0.3	0.000	0.000	0.000
330	  T	  0.3	  0.3	0.000	0.000	0.000
331	  N	  0.3	  1.3	0.000	0.000	0.000
332	  K	  0.5	  1.1	0.000	0.000	0.000
333	  D	  0.7	  1.0	0.000	0.000	0.000
334	  V	  1.9	  1.0	0.000	0.000	0.000
335	  C	  1.8	  0.0	0.000	0.000	0.000
336	  D	  1.4	  2.1	0.000	0.000	0.000
337	  P	  0.1	  3.6	0.000	0.000	0.000
338	  G	  0.0	  3.6	0.000	0.000	0.000
339	  N	  0.5	  3.6	0.000	0.000	0.000
340	  T	  2.2	  1.5	0.000	0.000	0.000
341	  K	  3.1	  0.0	0.000	0.000	0.000
342	  V	  5.2	  0.0	0.000	0.000	0.000
343	  M	  3.6	  0.1	0.000	0.000	0.000
344	  D	  2.7	  0.1	3.727	0.000	0.000
345	  K	  2.7	  0.1	3.727	0.000	0.000
346	  Y	 13.8	  0.1	3.727	0.000	0.000
347	  T	 22.8	  0.0	3.834	0.000	0.000
348	  F	 22.3	  0.0	3.933	0.000	0.000
349	  E	 11.8	  0.0	3.933	0.000	0.000
350	  L	  2.3	  0.1	3.685	0.000	0.000
351	  S	  0.8	  0.1	3.666	0.000	0.000
352	  R	  0.8	  0.1	2.802	0.000	0.000
353	  R	  1.0	  0.1	1.836	0.000	0.000
354	  T	  2.5	  0.1	0.406	0.000	0.000
355	  H	  2.3	  0.1	0.406	0.000	0.000
356	  L	  2.0	  0.1	0.246	0.000	0.000
357	  P	  0.1	  0.1	0.117	0.000	0.000
358	  E	  1.8	  0.1	0.117	0.368	0.368
359	  V	  5.5	  0.1	0.117	0.368	0.368
360	  F	  6.4	  0.0	0.117	0.368	0.368
361	  L	  4.9	  0.0	0.117	0.368	0.368
362	  S	  1.7	  0.0	0.117	0.368	0.368
363	  K	  1.5	  0.0	0.117	0.368	0.368
364	  V	  4.7	  0.0	0.000	0.368	0.368
365	  L	  4.5	  0.0	0.000	0.368	0.368
366	  E	  3.6	  0.1	0.000	0.000	0.000
367	  P	  0.1	  0.2	0.000	0.000	0.000
368	  T	  3.2	  0.2	0.000	0.000	0.000
369	  L	  3.5	  0.3	0.000	0.000	0.000
370	  K	  3.7	  0.2	0.000	0.000	0.000
371	  S	  0.7	  0.4	0.000	0.000	0.000
372	  L	  0.4	  0.4	0.000	0.000	0.000
373	  G	  0.2	  0.4	0.000	0.000	0.000
374	  E	  1.2	  0.3	0.000	0.000	0.000
375	  C	  7.3	  0.3	0.000	0.000	0.000
376	  C	  8.8	  0.2	0.000	0.000	0.000
377	  D	  9.9	  0.1	0.000	0.000	0.000
378	  V	  4.8	  0.2	0.000	0.000	0.000
379	  E	  3.2	  0.2	0.000	0.000	0.000
380	  D	  0.9	  0.3	0.118	0.000	0.000
381	  S	  0.8	  0.4	0.118	0.000	0.000
382	  T	  2.9	  0.2	0.118	0.000	0.000
383	  T	  7.3	  0.2	0.118	0.000	0.000
384	  C	  9.7	  0.1	0.250	0.000	0.000
385	  F	  8.8	  0.0	0.250	0.000	0.000
386	  N	  4.5	  0.4	0.132	0.000	0.000
387	  A	  1.3	  0.4	0.132	0.000	0.000
388	  K	  0.1	  0.5	0.132	0.000	0.000
389	  G	  0.0	  0.7	0.262	0.000	0.000
390	  P	  0.0	  0.2	0.131	0.000	0.000
391	  L	  0.2	  0.2	0.131	0.000	0.000
392	  L	  0.3	  0.2	0.131	0.000	0.000
393	  K	  0.6	  0.1	0.131	0.000	0.000
394	  K	  0.4	  0.1	0.131	0.000	0.000
395	  E	  0.7	  0.1	0.000	0.000	0.000
396	  L	  0.8	  0.4	0.000	4.996	4.996
397	  S	  1.0	  0.3	0.000	4.996	4.996
398	  S	  1.6	  0.3	0.156	4.996	4.996
399	  F	  2.4	  0.3	0.156	4.996	4.996
400	  I	  2.4	  0.1	0.156	4.996	4.996
401	  D	  1.5	  2.0	0.156	0.000	0.000
402	  K	  0.3	  2.0	0.156	0.000	0.000
403	  G	  0.0	  2.0	0.156	0.000	0.000
404	  Q	  0.1	  2.0	0.000	0.000	0.000
405	  E	  0.3	  0.1	0.000	0.000	0.000
406	  L	  0.7	  0.1	0.000	0.000	0.000
407	  C	  0.8	  0.9	0.000	0.000	0.000
408	  A	  0.7	  0.8	0.000	0.000	0.000
409	  D	  0.8	  1.0	0.000	0.000	0.000
410	  Y	  1.0	  1.1	0.000	0.000	0.000
411	  S	  1.0	  1.1	0.922	0.000	0.000
412	  E	  0.6	  1.1	0.922	0.000	0.000
413	  N	  2.0	  0.8	7.533	0.000	0.000
414	  T	 15.0	  0.8	10.225	0.000	0.000
415	  F	 15.6	  0.0	10.405	0.000	0.000
416	  T	 13.9	  0.0	25.036	0.000	0.000
417	  E	  2.7	  0.0	29.282	0.000	0.000
418	  Y	  2.1	  0.0	29.431	0.000	0.000
419	  K	  2.0	  0.1	29.336	0.000	0.000
420	  K	  0.3	  0.1	29.143	0.000	0.000
421	  K	  0.3	  0.1	29.719	0.000	0.000
422	  L	  0.3	  0.0	29.047	0.000	0.000
423	  A	  0.3	  0.1	29.208	0.000	0.000
424	  E	  0.1	  0.1	28.750	0.000	0.000
425	  R	  0.3	  0.1	25.787	0.000	0.000
426	  L	  0.5	  0.1	21.632	0.000	0.000
427	  K	  0.6	  0.0	20.057	0.000	0.000
428	  A	  0.8	  0.0	14.264	0.000	0.000
429	  K	  0.7	  0.0	10.401	0.000	0.000
430	  L	  0.5	  0.6	2.882	0.000	0.000
431	  P	  0.1	  0.6	0.000	0.000	0.000
432	  D	  0.1	  0.6	0.000	0.000	0.000
433	  A	  0.1	  0.6	0.000	0.000	0.000
434	  T	  0.1	  0.2	12.071	0.000	0.000
435	  P	  0.1	  0.2	12.330	0.000	0.000
436	  T	  0.1	  0.3	18.848	0.000	0.000
437	  E	  0.1	  0.3	19.881	0.000	0.000
438	  L	  0.2	  0.1	19.881	0.000	0.000
439	  A	  0.3	  0.1	19.881	0.000	0.000
440	  K	  0.8	  0.0	19.678	0.000	0.000
441	  L	  1.3	  0.0	17.819	0.000	0.000
442	  V	  1.4	  0.0	16.151	0.000	0.000
443	  N	  0.9	  0.1	15.751	0.000	0.000
444	  K	  0.4	  0.1	6.770	0.000	0.000
445	  H	  0.1	  0.7	1.205	0.000	0.000
446	  S	  0.1	  0.7	0.000	0.000	0.000
447	  D	  0.1	  0.6	0.000	0.000	0.000
448	  F	  0.9	  0.8	0.000	0.000	0.000
449	  A	  0.9	  0.5	0.000	0.000	0.000
450	  S	  0.8	  0.5	0.000	0.000	0.000
451	  N	  2.1	  0.5	0.000	0.000	0.000
452	  C	 10.7	  0.4	0.000	0.000	0.000
453	  C	 11.9	  0.0	0.000	0.000	0.000
454	  S	 13.3	  0.3	0.000	0.000	0.000
455	  I	  6.7	  0.3	0.000	0.000	0.000
456	  N	  5.4	  0.3	0.000	0.000	0.000
457	  S	  2.0	  0.3	0.000	0.000	0.000
458	  P	  0.0	  0.2	0.000	0.000	0.000
459	  P	  0.0	  0.2	0.000	0.000	0.000
460	  L	  1.8	  0.2	0.000	0.000	0.000
461	  Y	  3.3	  0.2	0.000	0.000	0.000
462	  C	  3.7	  0.2	0.000	0.000	0.000
463	  D	  2.0	  0.3	0.000	0.000	0.000
464	  S	  0.5	  0.3	0.772	0.000	0.000
465	  E	  3.2	  0.2	0.772	0.000	0.000
466	  I	  3.8	  0.1	0.891	0.000	0.000
467	  D	  3.8	  0.0	1.649	0.000	0.000
468	  A	  0.8	  0.1	1.649	0.000	0.000
469	  E	  1.4	  0.1	1.649	0.000	0.000
470	  L	  1.6	  0.2	1.454	0.000	0.000
471	  K	  1.8	  0.2	1.454	0.000	0.000
472	  N	  0.7	  0.2	1.080	0.000	0.000
473	  I	  0.5	  0.2	0.000	0.000	0.000
474	  L	  0.1	  0.0	0.000	0.000	0.000
