res	aa	Beta	Turn	Helix	Aggregation	Conc-Stab_Aggregation
01	  M	  0.0	  0.0	0.000	0.000	0.000
02	  G	  0.0	  0.2	6.602	0.000	0.000
03	  P	  0.0	  0.3	7.222	0.000	0.000
04	  E	  0.0	  0.3	8.643	0.000	0.000
05	  A	  0.2	  0.2	10.785	1.837	1.837
06	  L	  0.4	  0.1	11.670	4.009	4.009
07	  S	  0.4	  0.1	27.930	5.097	5.097
08	  S	  0.4	  0.1	37.298	13.862	13.862
09	  L	  0.8	  0.1	37.473	84.426	84.426
10	  L	  1.3	  0.0	37.729	97.249	97.249
11	  L	  1.7	  0.0	37.729	99.497	99.497
12	  L	  1.7	  0.0	37.624	99.689	99.689
13	  L	  1.7	  0.0	37.315	99.670	99.670
14	  L	  1.7	  0.0	36.687	99.010	99.010
15	  V	  2.5	  0.1	34.342	94.849	94.849
16	  A	  2.0	  0.3	33.102	44.694	44.694
17	  S	  1.5	  1.2	14.416	2.107	2.107
18	  G	  0.1	  1.2	3.200	0.174	0.174
19	  D	  0.0	  2.6	0.277	0.000	0.000
20	  A	  0.1	  2.5	0.184	0.000	0.000
21	  D	  0.2	  1.8	0.184	0.000	0.000
22	  M	  0.3	  2.3	0.184	0.000	0.000
23	  K	  0.3	  0.8	0.184	0.000	0.000
24	  G	  0.1	  0.8	0.108	0.000	0.000
25	  H	  4.8	  0.5	0.108	0.000	0.000
26	  F	  5.0	  0.1	0.000	0.000	0.000
27	  D	  4.9	  0.3	3.381	0.000	0.000
28	  P	  0.2	  0.4	3.523	0.000	0.000
29	  A	  0.1	  0.4	3.523	0.000	0.000
30	  K	  1.0	  0.4	3.523	0.000	0.000
31	  C	  1.7	  0.2	3.523	0.000	0.000
32	  R	  2.0	  0.0	3.523	0.000	0.000
33	  Y	  1.8	  0.2	2.806	0.248	0.248
34	  A	  1.1	  0.2	1.374	0.248	0.248
35	  L	  0.9	  0.2	1.028	0.248	0.248
36	  G	  0.2	  0.2	0.739	0.248	0.248
37	  M	  0.4	  0.2	0.177	0.248	0.248
38	  Q	  0.3	  0.2	0.000	0.000	0.000
39	  D	  0.3	  0.3	0.000	0.000	0.000
40	  R	  1.5	  0.3	0.000	0.000	0.000
41	  T	  2.0	  0.1	0.000	0.000	0.000
42	  I	  2.0	  0.5	0.000	0.000	0.000
43	  P	  0.6	  0.6	0.000	0.000	0.000
44	  D	  0.0	  1.8	0.000	0.000	0.000
45	  S	  0.0	  1.8	0.143	0.000	0.000
46	  D	  0.7	  1.7	0.143	0.000	0.000
47	  I	  2.3	  1.5	0.143	0.000	0.000
48	  S	  4.9	  1.2	0.143	0.000	0.000
49	  A	  4.3	  1.3	0.143	0.000	0.000
50	  S	  3.6	  1.6	0.143	0.000	0.000
51	  S	  1.1	  1.6	0.000	0.000	0.000
52	  S	 15.5	  1.0	0.000	0.000	0.000
53	  W	 14.9	  1.1	0.000	0.000	0.000
54	  S	 14.7	  0.8	1.161	0.000	0.000
55	  D	  0.3	  1.0	1.473	0.000	0.000
56	  S	  0.2	  0.8	3.178	0.000	0.000
57	  T	  0.5	  0.6	3.430	0.000	0.000
58	  A	  0.5	  0.2	3.430	0.000	0.000
59	  A	  0.6	  0.1	3.430	0.000	0.000
60	  R	  0.5	  0.1	3.158	0.000	0.000
61	  H	  0.5	  0.2	2.517	0.000	0.000
62	  S	  0.3	  0.2	0.948	0.000	0.000
63	  R	  0.5	  0.2	0.142	0.000	0.000
64	  L	  0.6	  0.3	0.000	0.000	0.000
65	  E	  0.6	  0.2	0.000	0.000	0.000
66	  S	  0.3	  5.8	0.000	0.000	0.000
67	  S	  0.1	  6.2	0.000	0.000	0.000
68	  D	  0.1	  8.0	0.000	0.000	0.000
69	  G	  0.0	  8.2	0.000	0.000	0.000
70	  D	  0.0	  2.6	0.000	0.000	0.000
71	  G	  0.0	  2.2	0.000	0.000	0.000
72	  A	  0.3	  0.3	0.000	0.000	0.000
73	  W	  0.4	  0.0	0.000	0.000	0.000
74	  C	  0.5	  0.6	0.000	0.000	0.000
75	  P	  0.2	  1.2	0.000	0.000	0.000
76	  A	  0.0	  1.3	0.000	0.000	0.000
77	  G	  0.0	  1.3	0.000	0.000	0.000
78	  S	  1.6	  0.7	0.000	0.000	0.000
79	  V	  1.9	  0.1	0.000	0.000	0.000
80	  F	  1.9	  0.2	0.000	0.000	0.000
81	  P	  0.4	  0.2	0.000	0.000	0.000
82	  K	  0.2	  0.3	0.000	0.000	0.000
83	  E	  0.2	  0.3	0.000	0.000	0.000
84	  E	  0.2	  0.2	0.000	0.000	0.000
85	  E	  0.2	  0.1	0.000	0.000	0.000
86	  Y	  1.0	  0.0	0.000	0.000	0.000
87	  L	  1.7	  0.0	0.000	0.000	0.000
88	  Q	  2.0	  0.0	0.000	0.000	0.000
89	  V	  3.5	  0.0	0.000	0.000	0.000
90	  D	  2.9	  0.0	5.272	0.000	0.000
91	  L	  2.5	  0.0	5.272	0.000	0.000
92	  Q	  0.5	  0.1	5.272	0.000	0.000
93	  R	  0.8	  0.1	5.272	0.000	0.000
94	  L	  1.7	  0.1	5.272	1.167	1.167
95	  H	  2.2	  0.0	5.589	1.341	1.341
96	  L	  2.7	  0.0	4.565	67.178	67.178
97	  V	  5.0	  0.0	3.905	68.690	68.690
98	  A	  4.5	  0.0	3.905	68.744	68.744
99	  L	  3.8	  0.0	3.175	68.744	68.744
100	  V	  0.6	  0.1	2.427	68.663	68.663
101	  G	  0.3	  0.2	2.218	10.000	10.000
102	  T	  0.1	  0.6	0.253	3.791	3.791
103	  Q	  0.1	  0.7	0.253	0.044	0.044
104	  G	  0.1	  0.7	0.000	0.000	0.000
105	  R	  0.2	  0.6	0.000	0.000	0.000
106	  H	  0.3	  0.8	0.000	0.000	0.000
107	  A	  0.3	  1.0	0.000	0.000	0.000
108	  G	  0.1	  1.0	0.000	0.000	0.000
109	  G	  0.0	  1.2	0.000	0.000	0.000
110	  L	  0.0	  0.7	0.000	0.000	0.000
111	  G	  0.0	  0.4	0.000	0.000	0.000
112	  K	  0.2	  0.4	0.000	0.000	0.000
113	  E	  1.5	  0.2	0.000	0.000	0.000
114	  F	  3.1	  0.1	0.000	0.000	0.000
115	  S	  4.4	  0.7	0.863	0.000	0.000
116	  R	  4.7	  0.7	0.863	0.000	0.000
117	  S	  9.3	  0.7	1.269	0.000	0.000
118	  Y	  9.6	  0.6	1.269	0.000	0.000
119	  R	  8.5	  0.0	1.269	0.000	0.000
120	  L	  3.6	  0.0	1.269	0.000	0.000
121	  R	  2.6	  0.0	1.110	0.000	0.000
122	  Y	  3.7	  0.1	0.953	0.000	0.000
123	  S	  2.8	  4.1	0.449	0.000	0.000
124	  R	  1.9	  4.7	0.000	0.000	0.000
125	  D	  0.3	  4.8	0.000	0.000	0.000
126	  G	  0.0	  4.8	0.000	0.000	0.000
127	  R	  0.8	  0.7	0.000	0.000	0.000
128	  R	  1.2	  0.2	0.000	0.000	0.000
129	  W	  1.3	  0.1	0.000	0.000	0.000
130	  M	  0.7	  0.1	0.000	0.000	0.000
131	  G	  0.3	  0.1	0.169	0.000	0.000
132	  W	  0.5	  0.4	0.169	0.000	0.000
133	  K	  0.3	  0.3	0.169	0.000	0.000
134	  D	  0.4	  0.5	0.169	0.000	0.000
135	  R	  0.3	  0.8	0.169	0.000	0.000
136	  W	  0.3	  0.5	0.169	0.000	0.000
137	  G	  0.3	  0.6	0.169	0.000	0.000
138	  Q	  0.4	  0.3	0.000	0.000	0.000
139	  E	  0.8	  0.1	0.000	0.000	0.000
140	  V	  5.3	  0.0	0.000	0.000	0.000
141	  I	  6.2	  0.1	0.000	0.000	0.000
142	  S	  5.8	  1.4	0.000	0.000	0.000
143	  G	  1.4	  1.4	0.000	0.000	0.000
144	  N	  0.1	  1.4	0.000	0.000	0.000
145	  E	  0.0	  1.4	0.000	0.000	0.000
146	  D	  0.0	  1.7	0.000	0.000	0.000
147	  P	  0.0	  2.1	0.000	0.000	0.000
148	  E	  0.0	  2.1	0.000	0.000	0.000
149	  G	  0.0	  2.1	0.000	0.000	0.000
150	  V	  8.0	  0.4	0.000	0.151	0.151
151	  V	  9.1	  0.0	0.000	0.151	0.151
152	  L	  9.2	  0.2	0.000	0.151	0.151
153	  K	  1.4	  0.3	0.000	0.151	0.151
154	  D	  0.2	  0.3	0.000	0.151	0.151
155	  L	  0.0	  0.3	0.000	0.151	0.151
156	  G	  0.0	  0.1	0.000	0.000	0.000
157	  P	  0.0	  0.0	0.431	0.000	0.000
158	  P	  0.0	  0.0	0.866	0.000	0.000
159	  M	  1.2	  0.0	1.048	0.000	0.000
160	  V	  2.2	  0.0	1.194	0.000	0.000
161	  A	  2.5	  0.0	1.318	0.000	0.000
162	  R	  1.9	  0.0	1.318	0.000	0.000
163	  L	  1.0	  0.0	1.318	0.000	0.000
164	  V	  3.2	  0.0	1.318	0.000	0.000
165	  R	  4.7	  0.0	1.318	0.000	0.000
166	  F	  4.6	  0.0	1.051	0.000	0.000
167	  Y	  2.3	  0.2	1.051	0.000	0.000
168	  P	  0.2	  0.2	0.000	0.000	0.000
169	  R	  0.2	  0.8	0.000	0.000	0.000
170	  A	  0.2	  0.8	0.000	0.000	0.000
171	  D	  0.3	  0.7	0.000	0.000	0.000
172	  R	  1.8	  0.6	0.000	0.000	0.000
173	  V	  5.1	  0.0	0.000	4.894	4.894
174	  M	  7.2	  0.0	0.000	4.894	4.894
175	  S	  6.3	  0.0	0.711	4.894	4.894
176	  V	  4.7	  0.0	0.711	5.623	5.623
177	  C	  3.9	  0.0	1.152	5.623	5.623
178	  L	  5.2	  0.0	1.152	5.647	5.647
179	  R	  5.5	  0.0	1.152	4.431	4.431
180	  V	  8.3	  0.1	1.152	4.431	4.431
181	  E	  6.4	  0.1	1.152	4.431	4.431
182	  L	  4.6	  0.2	1.011	6.595	6.595
183	  Y	  0.8	  2.1	1.011	6.776	6.776
184	  G	  0.6	  2.0	0.477	6.133	6.133
185	  C	  0.9	  2.0	0.000	6.133	6.133
186	  L	  0.5	  1.9	0.000	6.133	6.133
187	  W	  1.0	  0.6	0.000	5.858	5.858
188	  R	  0.5	  0.8	0.000	0.000	0.000
189	  D	  0.4	  0.8	0.000	0.000	0.000
190	  G	  0.0	  0.8	0.000	0.194	0.194
191	  L	  0.4	  0.3	0.000	0.365	0.365
192	  L	  2.4	  0.1	0.000	0.365	0.365
193	  S	  9.9	  0.1	0.000	0.365	0.365
194	  Y	 20.9	  0.1	0.000	0.365	0.365
195	  T	 19.1	  0.0	0.000	0.171	0.171
196	  A	 12.0	  0.0	0.000	0.000	0.000
197	  P	  0.2	  0.2	0.000	0.000	0.000
198	  V	  0.1	  0.3	0.000	0.000	0.000
199	  G	  0.1	  0.4	0.000	0.000	0.000
200	  Q	  0.3	  0.4	0.000	0.000	0.000
201	  T	  1.5	  0.2	0.000	0.000	0.000
202	  M	  2.5	  0.1	0.000	0.000	0.000
203	  Y	  3.3	  0.0	0.000	0.000	0.000
204	  L	  2.0	  0.1	0.000	0.000	0.000
205	  S	  1.1	  0.1	0.196	0.000	0.000
206	  E	  0.1	  0.1	0.196	0.000	0.000
207	  A	  0.6	  0.1	0.196	0.000	0.000
208	  V	  4.3	  0.0	0.196	0.000	0.000
209	  Y	  5.5	  0.1	0.196	0.000	0.000
210	  L	  5.0	  0.2	0.196	0.000	0.000
211	  N	  1.4	  0.7	0.196	0.000	0.000
212	  D	  0.2	  0.8	0.000	0.000	0.000
213	  S	  0.8	  0.7	0.000	0.000	0.000
214	  T	  8.3	  0.8	0.000	0.000	0.000
215	  Y	  8.5	  1.2	0.000	0.000	0.000
216	  D	  7.9	  1.2	0.132	0.000	0.000
217	  G	  0.4	  1.3	0.132	0.000	0.000
218	  H	  2.5	  1.1	0.132	0.000	0.000
219	  T	  3.1	  0.2	0.132	0.000	0.000
220	  V	  3.1	  0.7	0.132	0.000	0.000
221	  G	  0.6	  0.7	0.132	0.000	0.000
222	  G	  0.1	  0.7	0.000	0.000	0.000
223	  L	  1.7	  0.7	0.000	0.000	0.000
224	  Q	  1.9	  0.0	0.000	0.000	0.000
225	  Y	  2.0	  2.4	0.000	0.000	0.000
226	  G	  0.3	  2.5	0.000	0.000	0.000
227	  G	  0.1	  2.7	0.000	0.000	0.000
228	  L	  0.0	  2.7	0.000	0.000	0.000
229	  G	  0.0	  0.4	0.000	0.000	0.000
230	  Q	  0.1	  0.3	0.000	0.000	0.000
231	  L	  0.2	  1.0	0.000	0.000	0.000
232	  A	  0.2	  1.4	0.000	0.000	0.000
233	  D	  0.0	  1.4	0.000	0.000	0.000
234	  G	  0.0	  1.4	0.000	0.000	0.000
235	  V	  1.2	  0.4	0.000	0.000	0.000
236	  V	  1.4	  0.1	0.000	0.000	0.000
237	  G	  1.5	  0.3	0.000	0.000	0.000
238	  L	  0.5	  0.6	0.000	0.000	0.000
239	  D	  0.2	  0.6	1.641	0.000	0.000
240	  D	  1.3	  0.6	3.501	0.000	0.000
241	  F	  2.6	  0.4	3.501	0.000	0.000
242	  R	  2.7	  0.1	3.501	0.000	0.000
243	  K	  1.8	  0.2	3.501	0.000	0.000
244	  S	  0.7	  0.2	3.501	0.000	0.000
245	  Q	  0.6	  0.2	3.116	0.000	0.000
246	  E	  0.6	  0.1	2.629	0.000	0.000
247	  L	  2.5	  0.1	2.054	0.000	0.000
248	  R	  6.4	  0.0	1.267	0.000	0.000
249	  V	  6.5	  0.0	0.390	0.000	0.000
250	  W	  4.4	  1.1	0.390	0.000	0.000
251	  P	  0.3	  1.1	0.000	0.000	0.000
252	  G	  0.1	  1.2	0.000	0.000	0.000
253	  Y	  2.5	  1.2	0.000	0.000	0.000
254	  D	  2.9	  0.1	0.000	0.000	0.000
255	  Y	  3.6	  0.2	0.000	0.000	0.000
256	  V	  1.3	  0.1	0.000	0.000	0.000
257	  G	  0.9	  0.1	0.000	0.000	0.000
258	  W	  0.3	  0.3	0.000	0.000	0.000
259	  S	  0.2	  0.2	0.000	0.000	0.000
260	  N	  0.2	  0.3	0.000	0.000	0.000
261	  H	  0.4	  0.3	0.000	0.000	0.000
262	  S	 21.7	  0.2	0.000	0.000	0.000
263	  F	 22.9	  0.5	0.000	0.000	0.000
264	  S	 22.7	  0.7	0.000	0.000	0.000
265	  S	  1.7	  0.7	0.000	0.000	0.000
266	  G	  0.1	  0.6	0.000	0.000	0.000
267	  Y	  2.1	  0.2	0.000	0.000	0.000
268	  V	  6.6	  0.0	0.000	0.000	0.000
269	  E	  6.7	  0.0	0.124	0.000	0.000
270	  M	  5.5	  0.0	0.236	0.000	0.000
271	  E	  1.7	  0.0	0.388	0.000	0.000
272	  F	  5.3	  0.0	2.308	0.000	0.000
273	  E	  6.2	  0.0	3.878	0.000	0.000
274	  F	  5.7	  0.1	5.111	0.000	0.000
275	  D	  2.2	  0.2	11.454	0.000	0.000
276	  R	  0.8	  0.2	11.454	0.000	0.000
277	  L	  0.9	  0.2	11.454	0.000	0.000
278	  R	  1.2	  0.1	11.454	0.000	0.000
279	  A	  1.1	  0.0	11.340	0.000	0.000
280	  F	  3.0	  0.1	10.836	0.000	0.000
281	  Q	  2.8	  0.0	5.973	0.000	0.000
282	  A	  2.6	  0.0	4.219	0.000	0.000
283	  M	  1.3	  0.0	3.616	0.000	0.000
284	  Q	  1.6	  0.0	2.221	0.000	0.000
285	  V	  5.0	  0.0	0.841	0.000	0.000
286	  H	  5.0	  0.2	0.841	0.000	0.000
287	  C	  4.7	  0.3	0.245	0.000	0.000
288	  N	  1.1	  0.3	0.245	0.000	0.000
289	  N	  0.3	  0.3	0.405	0.000	0.000
290	  M	  0.4	  0.1	0.405	0.000	0.000
291	  H	  1.5	  0.1	0.405	0.000	0.000
292	  T	  1.6	  0.1	0.405	0.000	0.000
293	  L	  1.3	  0.2	0.405	0.000	0.000
294	  G	  0.2	  0.2	0.405	0.000	0.000
295	  A	  0.5	  0.1	0.127	0.000	0.000
296	  R	  0.6	  0.1	0.000	0.000	0.000
297	  L	  0.6	  0.9	0.000	0.000	0.000
298	  P	  0.1	  1.2	0.000	0.000	0.000
299	  G	  0.0	  1.2	0.000	0.000	0.000
300	  G	  0.0	  1.2	0.238	0.000	0.000
301	  V	  3.7	  0.4	0.238	0.000	0.000
302	  E	  4.1	  0.0	0.367	0.000	0.000
303	  C	  4.7	  0.0	0.550	0.000	0.000
304	  R	  2.2	  0.0	0.550	0.000	0.000
305	  F	  3.8	  0.1	0.550	0.000	0.000
306	  R	  3.2	  0.1	0.312	0.000	0.000
307	  R	  2.1	  0.1	0.312	0.000	0.000
308	  G	  0.2	  0.1	0.312	0.000	0.000
309	  P	  0.0	  0.0	0.000	0.000	0.000
310	  A	  0.1	  0.0	0.000	0.000	0.000
311	  M	  0.3	  0.0	0.000	0.000	0.000
312	  A	  0.5	  0.0	0.000	0.000	0.000
313	  W	  0.5	  0.4	0.000	0.000	0.000
314	  E	  0.2	  0.4	0.000	0.000	0.000
315	  G	  0.1	  0.4	0.000	0.000	0.000
316	  E	  0.0	  0.4	0.000	0.000	0.000
317	  P	  0.0	  0.0	0.000	0.000	0.000
318	  M	  1.0	  0.1	0.000	0.000	0.000
319	  R	  2.3	  0.1	0.000	0.000	0.000
320	  H	  2.6	  0.2	0.000	0.000	0.000
321	  N	  1.6	  0.3	0.000	0.000	0.000
322	  L	  0.3	  0.6	0.000	0.000	0.000
323	  G	  0.0	  1.4	0.000	0.000	0.000
324	  G	  0.0	  1.4	0.000	0.000	0.000
325	  N	  0.0	  1.5	0.000	0.000	0.000
326	  L	  0.0	  1.1	0.000	0.000	0.000
327	  G	  0.0	  0.3	0.000	0.000	0.000
328	  D	  0.0	  0.8	1.659	0.000	0.000
329	  P	  0.0	  0.6	1.659	0.000	0.000
330	  R	  0.1	  0.6	1.659	0.000	0.000
331	  A	  0.2	  0.6	1.659	0.000	0.000
332	  R	  0.4	  0.0	1.659	0.000	0.000
333	  A	  0.8	  0.0	1.659	0.000	0.000
334	  V	 14.2	  0.0	0.910	0.000	0.000
335	  S	 14.1	  0.0	0.753	0.000	0.000
336	  V	 13.6	  0.2	0.133	0.000	0.000
337	  P	  0.2	  0.2	0.000	0.000	0.000
338	  L	  0.0	  1.5	0.000	0.000	0.000
339	  G	  0.0	  1.6	0.000	0.000	0.000
340	  G	  0.0	  1.4	0.887	0.000	0.000
341	  R	  1.0	  1.4	0.887	0.000	0.000
342	  V	  2.1	  0.0	0.887	0.000	0.000
343	  A	  2.3	  0.0	0.887	0.000	0.000
344	  R	  1.9	  0.0	0.887	0.000	0.000
345	  F	  1.7	  0.0	0.887	0.000	0.000
346	  L	  3.1	  0.0	0.611	0.000	0.000
347	  Q	  3.0	  0.0	0.611	0.000	0.000
348	  C	  3.0	  0.0	0.329	0.000	0.000
349	  R	  1.9	  0.0	0.122	0.000	0.000
350	  F	  2.1	  0.0	0.122	0.000	0.000
351	  L	  1.7	  0.0	0.000	0.000	0.000
352	  F	  1.5	  0.0	0.000	0.000	0.000
353	  A	  0.8	  0.0	0.000	0.000	0.000
354	  G	  0.4	  0.2	0.152	0.000	0.000
355	  P	  0.0	  0.2	0.152	0.408	0.408
356	  W	  0.5	  0.2	0.152	4.529	4.529
357	  L	  1.0	  0.2	0.152	4.529	4.529
358	  L	  1.6	  0.0	0.152	4.529	4.529
359	  F	  1.8	  0.1	0.152	4.529	4.529
360	  S	  1.3	  0.1	0.000	4.121	4.121
361	  E	  2.1	  0.1	0.000	0.000	0.000
362	  I	  5.7	  0.1	0.000	0.182	0.182
363	  S	  6.5	  0.0	0.000	0.182	0.182
364	  F	  6.1	  0.0	0.000	0.182	0.182
365	  I	  1.9	  0.1	0.000	0.182	0.182
366	  S	  1.0	  0.1	0.000	0.182	0.182
367	  D	  1.2	  0.1	0.000	0.000	0.000
368	  V	  6.0	  0.1	0.000	0.000	0.000
369	  V	  6.6	  0.1	0.000	0.000	0.000
370	  N	  5.5	  0.3	0.000	0.000	0.000
371	  N	  0.8	  0.3	0.000	0.000	0.000
372	  S	  0.2	  0.3	0.000	0.000	0.000
373	  S	  0.2	  0.4	0.203	0.000	0.000
374	  P	  0.0	  0.4	0.203	0.000	0.000
375	  A	  0.1	  0.4	0.203	0.000	0.000
376	  L	  0.1	  0.9	0.203	0.000	0.000
377	  G	  0.1	  1.0	0.203	0.000	0.000
378	  G	  0.1	  0.8	0.203	0.000	0.000
379	  T	  0.2	  0.8	0.000	0.000	0.000
380	  F	  0.1	  0.2	0.000	0.000	0.000
381	  P	  0.0	  0.0	0.000	0.000	0.000
382	  P	  0.0	  0.0	0.000	0.000	0.000
383	  A	  0.0	  0.1	0.000	0.000	0.000
384	  P	  0.0	  0.1	0.000	0.000	0.000
385	  W	  0.0	  0.1	0.000	0.000	0.000
386	  W	  0.0	  0.1	0.000	0.000	0.000
387	  P	  0.0	  0.0	0.000	0.000	0.000
388	  P	  0.0	  0.0	0.000	0.000	0.000
389	  G	  0.0	  0.0	0.000	0.000	0.000
390	  P	  0.0	  0.0	0.000	0.000	0.000
391	  P	  0.0	  0.4	0.000	0.000	0.000
392	  P	  0.0	  0.5	0.000	0.000	0.000
393	  T	  0.6	  0.5	0.000	0.000	0.000
394	  N	  1.7	  0.7	0.000	0.000	0.000
395	  F	  3.3	  0.6	0.000	0.000	0.000
396	  S	  2.8	  0.5	0.701	0.000	0.000
397	  S	  2.8	  0.5	0.701	0.000	0.000
398	  L	  1.8	  0.4	0.701	0.000	0.000
399	  E	  2.1	  0.1	0.701	0.000	0.000
400	  L	  1.2	  0.0	0.701	0.000	0.000
401	  E	  0.5	  0.4	0.701	0.000	0.000
402	  P	  0.1	  0.7	0.000	0.000	0.000
403	  R	  0.1	  0.7	0.000	0.000	0.000
404	  G	  0.1	  0.7	0.000	0.000	0.000
405	  Q	  0.1	  0.3	0.000	0.000	0.000
406	  Q	  0.1	  0.0	0.000	0.000	0.000
407	  P	  0.1	  0.0	0.000	0.000	0.000
408	  V	  0.8	  0.0	0.000	0.000	0.000
409	  A	  0.8	  0.0	0.000	0.000	0.000
410	  K	  0.9	  0.0	0.000	0.000	0.000
411	  A	  0.1	  0.0	0.000	0.000	0.000
412	  E	  0.0	  0.0	0.000	0.000	0.000
413	  G	  0.0	  0.0	0.012	0.000	0.000
414	  S	  0.0	  0.0	0.428	0.000	0.000
415	  P	  0.0	  0.0	0.510	0.000	0.000
416	  T	  0.0	  0.0	1.334	0.336	0.336
417	  A	  0.0	  0.0	1.646	6.435	6.435
418	  I	  0.0	  0.0	2.918	19.186	19.186
419	  L	  0.0	  0.0	8.313	23.120	23.120
420	  I	  0.0	  0.0	9.488	24.418	24.418
421	  G	  0.0	  0.0	27.882	24.642	24.642
422	  C	  0.0	  0.0	84.757	49.070	49.070
423	  L	  0.0	  0.0	90.813	90.980	90.980
424	  V	  0.0	  0.0	95.155	98.656	98.656
425	  A	  0.0	  0.0	98.268	99.239	99.239
426	  I	  0.0	  0.0	99.119	99.929	99.929
427	  I	  0.0	  0.0	99.732	99.992	99.992
428	  L	  0.0	  0.0	99.891	99.998	99.998
429	  L	  0.0	  0.0	99.924	99.999	99.999
430	  L	  0.0	  0.0	99.932	99.998	99.998
431	  L	  0.0	  0.0	99.937	99.994	99.994
432	  L	  0.0	  0.0	99.939	99.968	99.968
433	  I	  0.0	  0.0	99.932	99.826	99.826
434	  I	  0.0	  0.0	99.930	98.283	98.283
435	  A	  0.0	  0.0	99.924	84.721	84.721
436	  L	  0.0	  0.0	99.706	77.935	77.935
437	  M	  0.0	  0.0	99.200	71.113	71.113
438	  L	  0.0	  0.0	97.142	66.487	66.487
439	  W	  0.0	  0.0	95.060	56.778	56.778
440	  R	  0.0	  0.0	92.215	0.000	0.000
441	  L	  0.0	  0.0	81.637	0.000	0.000
442	  H	  0.0	  0.0	78.503	0.000	0.000
443	  W	  0.0	  0.0	69.905	0.000	0.000
444	  R	  0.0	  0.0	61.111	0.000	0.000
445	  R	  0.0	  0.0	34.799	0.000	0.000
446	  L	  0.0	  0.0	22.528	0.000	0.000
447	  L	  0.0	  0.0	18.386	0.000	0.000
448	  S	  0.0	  0.0	15.486	0.000	0.000
449	  K	  0.0	  0.0	7.432	0.000	0.000
450	  A	  0.0	  0.0	1.765	0.000	0.000
451	  E	  0.0	  0.0	1.125	0.000	0.000
452	  R	  0.0	  0.0	0.106	0.000	0.000
453	  R	  0.1	  0.0	0.033	0.000	0.000
454	  V	  0.5	  0.0	0.006	0.000	0.000
455	  L	  0.5	  0.0	0.006	0.000	0.000
456	  E	  0.4	  0.1	0.005	0.000	0.000
457	  E	  0.0	  0.1	0.005	0.000	0.000
458	  E	  0.6	  0.1	0.001	0.000	0.000
459	  L	  3.9	  0.0	0.001	0.000	0.000
460	  T	  9.7	  0.0	0.000	0.000	0.000
461	  V	 13.3	  0.0	0.000	0.000	0.000
462	  H	 10.7	  0.0	0.000	0.000	0.000
463	  L	  7.7	  0.0	0.000	0.000	0.000
464	  S	  3.6	  0.0	0.000	0.000	0.000
465	  V	  2.9	  0.6	0.000	0.000	0.000
466	  P	  0.2	  2.2	0.000	0.000	0.000
467	  G	  0.0	  2.3	0.000	0.000	0.000
468	  D	  0.7	  2.3	0.191	0.000	0.000
469	  T	  3.5	  1.6	0.191	2.475	2.475
470	  I	  5.7	  0.1	0.191	2.637	2.637
471	  L	  5.6	  0.0	0.191	2.637	2.637
472	  I	  3.0	  0.1	0.191	2.637	2.637
473	  N	  0.8	  0.1	0.191	2.637	2.637
474	  N	  0.2	  0.1	0.000	0.162	0.162
475	  R	  0.0	  0.0	0.000	0.000	0.000
476	  P	  0.0	  0.1	0.000	0.000	0.000
477	  G	  0.0	  0.3	0.000	0.000	0.000
478	  P	  0.0	  0.3	0.000	0.000	0.000
479	  R	  0.0	  0.3	0.000	0.000	0.000
480	  E	  0.0	  0.2	0.000	0.000	0.000
481	  P	  0.0	  0.0	0.000	0.000	0.000
482	  P	  0.0	  0.2	0.000	0.000	0.000
483	  P	  0.0	  0.2	0.000	0.000	0.000
484	  Y	  2.8	  0.2	0.000	0.000	0.000
485	  Q	  2.9	  0.2	0.000	0.000	0.000
486	  E	  2.9	  0.0	0.000	0.000	0.000
487	  P	  0.0	  0.0	0.000	0.000	0.000
488	  R	  0.0	  0.5	0.000	0.000	0.000
489	  P	  0.0	  0.6	0.000	0.000	0.000
490	  R	  0.2	  0.6	0.000	0.000	0.000
491	  G	  0.1	  0.6	0.000	0.000	0.000
492	  N	  0.1	  0.1	0.000	0.000	0.000
493	  P	  0.0	  0.3	0.000	0.000	0.000
494	  P	  0.0	  0.3	0.000	0.000	0.000
495	  H	  0.3	  0.3	0.000	0.000	0.000
496	  S	  0.4	  0.3	0.000	0.000	0.000
497	  A	  0.4	  0.0	0.000	0.000	0.000
498	  P	  0.1	  0.0	0.000	0.000	0.000
499	  C	  0.2	  0.0	0.000	0.000	0.000
500	  V	  0.2	  1.2	0.000	0.000	0.000
501	  P	  0.2	  1.5	0.000	0.000	0.000
502	  N	  0.0	  1.8	0.000	0.000	0.000
503	  G	  0.1	  1.9	0.000	0.000	0.000
504	  S	  0.3	  0.6	0.523	1.148	1.148
505	  A	  0.5	  0.3	0.523	2.170	2.170
506	  L	  1.4	  0.0	0.523	2.170	2.170
507	  L	  1.7	  0.0	0.523	2.170	2.170
508	  L	  1.5	  0.0	0.523	2.170	2.170
509	  S	  0.6	  0.0	0.523	1.148	1.148
510	  N	  0.1	  0.0	1.238	0.000	0.000
511	  P	  0.0	  0.0	1.037	0.000	0.000
512	  A	  0.4	  0.0	1.037	0.000	0.000
513	  Y	  2.5	  0.1	1.037	0.000	0.000
514	  R	  2.9	  0.1	1.037	0.000	0.000
515	  L	  3.4	  0.1	1.037	5.886	5.886
516	  L	  1.6	  0.1	0.832	6.617	6.617
517	  L	  1.2	  0.2	0.698	6.785	6.785
518	  A	  1.1	  0.2	0.563	6.785	6.785
519	  T	  4.7	  0.2	0.277	6.785	6.785
520	  Y	  5.9	  0.2	0.277	4.973	4.973
521	  A	  5.0	  0.0	0.134	2.361	2.361
522	  R	  1.3	  0.0	0.134	0.000	0.000
523	  P	  0.0	  0.7	0.000	0.000	0.000
524	  P	  0.0	  0.7	0.000	0.000	0.000
525	  R	  0.0	  0.7	0.000	0.000	0.000
526	  G	  0.0	  0.7	0.000	0.000	0.000
527	  P	  0.0	  0.0	0.000	0.000	0.000
528	  G	  0.0	  0.0	0.000	0.000	0.000
529	  P	  0.0	  0.0	0.000	0.000	0.000
530	  P	  0.0	  0.0	0.000	0.000	0.000
531	  T	  0.0	  0.0	0.526	0.000	0.000
532	  P	  0.0	  0.0	0.526	0.000	0.000
533	  A	  0.1	  0.0	0.526	0.000	0.000
534	  W	  0.8	  0.0	0.526	0.000	0.000
535	  A	  0.8	  0.0	0.526	0.000	0.000
536	  K	  0.7	  0.3	0.526	0.000	0.000
537	  P	  0.0	  0.3	0.000	0.000	0.000
538	  T	  0.7	  0.3	0.000	0.000	0.000
539	  N	  1.0	  0.4	0.000	0.000	0.000
540	  T	  1.5	  0.1	0.000	0.000	0.000
541	  Q	  1.2	  0.1	0.000	0.000	0.000
542	  A	  1.4	  0.1	0.000	0.000	0.000
543	  Y	  2.3	  0.2	0.000	0.000	0.000
544	  S	  1.9	  3.6	0.000	0.000	0.000
545	  G	  1.4	  3.6	0.000	0.000	0.000
546	  D	  0.1	  3.6	0.000	0.000	0.000
547	  Y	  2.0	  3.4	0.000	0.000	0.000
548	  M	  2.1	  0.0	0.000	0.000	0.000
549	  E	  2.0	  0.1	0.000	0.000	0.000
550	  P	  0.1	  0.1	0.000	0.000	0.000
551	  E	  0.0	  0.1	0.000	0.000	0.000
552	  K	  0.0	  1.4	0.000	0.000	0.000
553	  P	  0.0	  1.2	0.000	0.000	0.000
554	  G	  0.0	  1.2	0.000	0.000	0.000
555	  A	  0.0	  1.4	0.000	0.000	0.000
556	  P	  0.0	  0.1	0.000	0.000	0.000
557	  L	  0.0	  0.1	0.000	0.000	0.000
558	  L	  0.0	  0.1	0.000	0.000	0.000
559	  P	  0.0	  0.0	0.000	0.000	0.000
560	  P	  0.0	  0.0	0.000	0.000	0.000
561	  P	  0.0	  0.3	0.000	0.000	0.000
562	  P	  0.0	  0.6	0.000	0.000	0.000
563	  Q	  0.1	  0.6	0.000	0.000	0.000
564	  N	  0.6	  0.6	0.000	0.000	0.000
565	  S	  0.8	  0.2	0.000	0.000	0.000
566	  V	  0.7	  0.3	0.000	0.000	0.000
567	  P	  0.2	  0.3	0.000	0.000	0.000
568	  H	  1.7	  0.3	0.000	0.000	0.000
569	  Y	  2.0	  0.3	0.000	0.000	0.000
570	  A	  2.1	  0.0	0.000	0.000	0.000
571	  E	  0.5	  0.2	0.000	0.000	0.000
572	  A	  0.2	  0.2	0.000	0.000	0.000
573	  D	  1.2	  0.2	3.627	0.000	0.000
574	  I	  5.2	  0.1	3.627	0.950	0.950
575	  V	 12.1	  0.0	3.627	0.950	0.950
576	  T	 13.6	  0.0	3.627	0.950	0.950
577	  L	  9.7	  0.1	3.627	0.950	0.950
578	  Q	  2.8	  0.2	3.627	0.950	0.950
579	  G	  0.1	  0.2	1.307	0.592	0.592
580	  V	  0.8	  0.2	0.000	0.592	0.592
581	  T	  0.8	  0.2	0.000	0.221	0.221
582	  G	  0.7	  1.9	0.000	0.000	0.000
583	  G	  0.0	  2.0	0.000	0.000	0.000
584	  N	  3.1	  1.9	0.000	0.000	0.000
585	  T	  6.8	  1.8	0.000	0.000	0.000
586	  Y	  8.7	  0.0	0.000	0.000	0.000
587	  A	  5.7	  0.0	0.000	0.000	0.000
588	  V	  2.1	  0.0	0.000	0.000	0.000
589	  P	  0.1	  0.0	0.000	0.000	0.000
590	  A	  0.0	  0.0	0.000	0.000	0.000
591	  L	  0.0	  0.0	0.000	0.000	0.000
592	  P	  0.0	  1.8	0.000	0.000	0.000
593	  P	  0.0	  1.8	0.000	0.000	0.000
594	  G	  0.0	  1.8	0.000	0.000	0.000
595	  A	  0.1	  1.8	0.000	0.000	0.000
596	  V	  0.2	  2.7	0.000	0.000	0.000
597	  G	  0.2	  2.7	0.000	0.000	0.000
598	  D	  0.1	  2.7	0.000	0.000	0.000
599	  G	  0.0	  2.7	0.000	0.000	0.000
600	  P	  0.0	  0.2	0.000	0.000	0.000
601	  P	  0.0	  0.2	0.000	0.000	0.000
602	  R	  5.7	  0.2	0.000	0.000	0.000
603	  V	  8.9	  0.2	0.000	0.000	0.000
604	  D	  8.9	  0.0	0.000	0.000	0.000
605	  F	  3.4	  0.2	0.000	0.000	0.000
606	  P	  0.1	  0.3	0.279	0.000	0.000
607	  R	  0.3	  0.3	0.279	0.000	0.000
608	  S	  0.3	  0.4	0.279	0.000	0.000
609	  R	  1.0	  0.2	0.279	0.000	0.000
610	  L	  2.1	  0.1	0.279	0.000	0.000
611	  R	  2.5	  0.0	0.279	0.000	0.000
612	  F	  2.7	  0.1	0.165	0.000	0.000
613	  K	  1.6	  0.1	0.000	0.000	0.000
614	  E	  1.1	  0.2	0.000	0.000	0.000
615	  K	  0.5	  0.2	0.000	0.000	0.000
616	  L	  0.2	  0.3	0.000	0.000	0.000
617	  G	  0.1	  1.2	0.000	0.000	0.000
618	  E	  0.0	  1.2	0.000	0.000	0.000
619	  G	  0.0	  1.2	0.000	0.000	0.000
620	  Q	  0.2	  1.1	0.000	0.000	0.000
621	  F	  0.3	  0.4	0.000	0.000	0.000
622	  G	  0.3	  0.3	0.000	0.000	0.000
623	  E	 11.2	  0.3	0.000	0.000	0.000
624	  V	 14.9	  0.2	0.000	0.000	0.000
625	  H	 15.4	  0.0	0.000	0.000	0.000
626	  L	  4.8	  0.0	0.000	0.000	0.000
627	  C	  6.4	  0.0	0.000	0.000	0.000
628	  E	 10.5	  0.0	0.000	0.000	0.000
629	  V	 12.1	  0.0	0.000	0.000	0.000
630	  D	  6.8	  0.0	0.000	0.000	0.000
631	  S	  1.9	  0.4	0.000	0.000	0.000
632	  P	  0.0	  0.6	0.000	0.000	0.000
633	  Q	  0.1	  0.6	0.000	0.000	0.000
634	  D	  0.3	  0.6	0.000	0.000	0.000
635	  L	  1.0	  0.2	0.000	0.000	0.000
636	  V	  5.7	  0.0	0.000	0.000	0.000
637	  S	  8.0	  0.8	0.000	0.000	0.000
638	  L	  9.1	  0.8	0.000	0.000	0.000
639	  D	  4.6	  0.8	0.000	0.000	0.000
640	  F	  2.0	  1.0	0.000	0.000	0.000
641	  P	  0.1	  0.2	0.140	0.000	0.000
642	  L	  3.2	  0.2	0.140	0.000	0.000
643	  N	  6.5	  0.2	0.140	0.000	0.000
644	  V	  7.2	  0.1	0.140	0.000	0.000
645	  R	  4.2	  0.5	0.140	0.000	0.000
646	  K	  0.8	  0.5	0.140	0.000	0.000
647	  G	  0.1	  0.5	0.000	0.000	0.000
648	  H	  0.0	  0.8	0.000	0.000	0.000
649	  P	  0.0	  0.3	0.203	0.508	0.508
650	  L	  0.8	  0.3	0.203	41.975	41.975
651	  L	  1.7	  0.3	0.203	41.975	41.975
652	  V	  8.2	  0.0	0.203	41.975	41.975
653	  A	  8.0	  0.0	0.203	41.975	41.975
654	  V	 13.8	  0.0	0.203	41.975	41.975
655	  K	  8.0	  0.0	0.203	0.000	0.000
656	  I	 11.3	  0.0	0.000	0.000	0.000
657	  L	  4.9	  0.0	0.000	0.000	0.000
658	  R	  4.3	  1.6	0.000	0.000	0.000
659	  P	  0.2	  1.6	0.000	0.000	0.000
660	  D	  0.1	  1.9	0.185	0.000	0.000
661	  A	  0.3	  1.9	0.185	0.000	0.000
662	  T	  0.9	  0.6	0.340	0.000	0.000
663	  K	  0.9	  0.6	0.340	0.000	0.000
664	  N	  0.7	  0.5	0.518	0.000	0.000
665	  A	  0.2	  0.7	0.518	0.000	0.000
666	  R	  0.3	  0.6	0.518	0.000	0.000
667	  N	  0.3	  0.6	0.333	0.000	0.000
668	  D	  0.3	  0.4	0.356	0.000	0.000
669	  F	  0.8	  0.1	0.356	0.337	0.337
670	  L	  0.8	  0.0	0.178	0.337	0.337
671	  K	  1.2	  0.0	0.178	0.337	0.337
672	  E	 14.4	  0.0	0.178	0.337	0.337
673	  V	 20.8	  0.0	0.178	0.337	0.337
674	  K	 20.9	  0.0	0.178	0.000	0.000
675	  I	  9.2	  0.0	0.000	0.000	0.000
676	  M	  2.1	  0.0	0.000	0.000	0.000
677	  S	  1.5	  0.1	0.000	0.000	0.000
678	  R	  0.5	  0.1	0.000	0.000	0.000
679	  L	  0.7	  0.1	0.000	0.000	0.000
680	  K	  0.6	  0.0	0.000	0.000	0.000
681	  D	  0.3	  3.3	0.952	0.000	0.000
682	  P	  0.0	  3.3	1.078	0.000	0.000
683	  N	  2.6	  3.3	2.632	0.000	0.000
684	  I	  6.6	  3.3	2.632	0.000	0.000
685	  I	 10.6	  0.0	2.632	0.000	0.000
686	  R	  8.4	  0.0	2.632	0.000	0.000
687	  L	  4.6	  0.0	2.523	10.877	10.877
688	  L	  0.6	  0.0	2.523	12.820	12.820
689	  G	  0.2	  0.0	2.156	12.820	12.820
690	  V	  2.4	  0.0	0.103	12.820	12.820
691	  C	  5.1	  0.0	0.103	12.820	12.820
692	  V	  6.1	  0.1	0.000	12.699	12.699
693	  Q	  3.9	  0.1	0.000	0.151	0.151
694	  D	  1.2	  0.1	0.000	0.000	0.000
695	  D	  0.1	  0.8	0.000	0.000	0.000
696	  P	  0.0	  0.6	0.000	0.000	0.000
697	  L	  1.3	  0.6	0.000	0.000	0.000
698	  C	  2.6	  0.6	0.000	0.000	0.000
699	  M	  3.1	  0.0	0.000	0.000	0.000
700	  I	  2.3	  0.1	0.000	0.000	0.000
701	  T	  1.4	  0.1	0.000	0.000	0.000
702	  D	  0.9	  0.1	0.000	0.000	0.000
703	  Y	  1.2	  0.1	0.000	0.000	0.000
704	  M	  0.9	  0.8	0.000	0.000	0.000
705	  E	  0.9	  1.4	0.000	0.000	0.000
706	  N	  0.1	  1.9	0.000	0.000	0.000
707	  G	  0.0	  1.9	0.120	0.000	0.000
708	  D	  0.2	  2.2	0.120	0.000	0.000
709	  L	  0.4	  1.6	0.120	0.000	0.000
710	  N	  1.6	  1.2	0.120	0.000	0.000
711	  Q	  2.5	  1.1	0.120	0.000	0.000
712	  F	  3.3	  0.0	0.120	0.000	0.000
713	  L	  2.8	  0.0	0.000	0.000	0.000
714	  S	  2.0	  0.1	0.000	0.000	0.000
715	  A	  1.2	  0.2	0.000	0.000	0.000
716	  H	  1.2	  0.2	0.000	0.000	0.000
717	  Q	  2.3	  0.2	0.000	0.000	0.000
718	  L	  2.2	  0.3	0.000	0.000	0.000
719	  E	  1.6	  0.4	0.486	0.000	0.000
720	  D	  0.1	  0.4	1.205	0.000	0.000
721	  K	  0.2	  0.4	1.205	0.000	0.000
722	  A	  0.2	  0.3	1.205	0.000	0.000
723	  A	  0.2	  0.7	1.205	0.000	0.000
724	  E	  0.0	  0.6	1.205	0.000	0.000
725	  G	  0.0	  0.6	0.906	0.000	0.000
726	  A	  0.0	  1.8	0.269	0.000	0.000
727	  P	  0.0	  2.9	0.000	0.000	0.000
728	  G	  0.0	  3.4	0.354	0.000	0.000
729	  D	  0.0	  3.5	0.705	0.000	0.000
730	  G	  0.1	  2.1	1.081	0.000	0.000
731	  Q	  0.1	  0.6	1.081	0.000	0.000
732	  A	  0.2	  0.3	1.081	0.000	0.000
733	  A	  0.1	  0.3	1.081	0.000	0.000
734	  Q	  0.1	  0.3	1.081	0.000	0.000
735	  G	  0.0	  0.5	0.670	0.000	0.000
736	  P	  0.0	  0.3	0.000	0.000	0.000
737	  T	 13.9	  0.3	0.000	0.000	0.000
738	  I	 19.8	  0.2	0.000	0.000	0.000
739	  S	 20.1	  0.0	0.000	0.000	0.000
740	  Y	  7.5	  0.2	0.000	0.000	0.000
741	  P	  0.2	  0.2	0.000	0.000	0.000
742	  M	  1.1	  0.2	0.000	0.470	0.470
743	  L	  1.6	  0.2	0.000	0.607	0.607
744	  L	  2.8	  0.0	0.000	0.607	0.607
745	  H	  3.4	  0.0	0.000	0.607	0.607
746	  V	  4.2	  0.0	0.000	0.978	0.978
747	  A	  3.0	  0.0	0.000	0.794	0.794
748	  A	  1.6	  0.0	0.000	0.501	0.501
749	  Q	  0.8	  0.0	0.000	0.370	0.370
750	  I	  1.8	  0.2	0.000	0.370	0.370
751	  A	  1.6	  0.5	0.000	0.169	0.169
752	  S	  1.2	  0.5	0.000	0.000	0.000
753	  G	  0.1	  0.5	0.281	0.000	0.000
754	  M	  1.7	  0.3	0.281	0.000	0.000
755	  R	  2.3	  0.0	0.281	0.000	0.000
756	  Y	  2.9	  0.0	0.281	4.235	4.235
757	  L	  1.3	  0.0	0.281	5.071	5.071
758	  A	  1.1	  0.0	0.281	5.411	5.411
759	  T	  2.3	  0.1	0.281	5.806	5.806
760	  L	  4.1	  0.1	0.281	5.806	5.806
761	  N	  4.3	  0.1	0.281	4.698	4.698
762	  F	  4.0	  0.1	0.121	4.698	4.698
763	  V	  3.7	  0.0	0.000	4.013	4.013
764	  H	  3.2	  0.4	0.000	0.337	0.337
765	  R	  1.9	  0.5	0.000	0.000	0.000
766	  D	  0.3	  0.5	0.435	0.000	0.000
767	  L	  0.1	  0.5	0.435	0.000	0.000
768	  A	  0.3	  0.0	0.435	0.000	0.000
769	  T	  0.6	  0.3	0.435	0.000	0.000
770	  R	  0.5	  0.3	0.435	0.000	0.000
771	  N	  0.4	  0.3	0.435	0.000	0.000
772	  C	  1.8	  0.3	0.000	0.000	0.000
773	  L	  2.0	  0.0	0.000	0.000	0.000
774	  V	  2.0	  0.2	0.000	0.000	0.000
775	  G	  0.3	  0.5	0.000	0.000	0.000
776	  E	  0.1	  0.5	0.000	0.000	0.000
777	  N	  1.3	  0.5	0.773	0.000	0.000
778	  F	  9.5	  0.3	0.773	0.579	0.579
779	  T	 19.9	  0.0	0.773	0.579	0.579
780	  I	 23.1	  0.0	0.773	0.579	0.579
781	  K	 16.6	  0.0	0.773	0.579	0.579
782	  I	  6.2	  0.4	0.773	0.579	0.579
783	  A	  1.3	  0.4	0.773	0.579	0.579
784	  D	  0.2	  0.6	0.488	0.579	0.579
785	  F	  0.3	  0.6	0.309	0.579	0.579
786	  G	  0.2	  0.2	0.240	0.249	0.249
787	  M	  0.4	  0.3	0.134	0.249	0.249
788	  S	  0.5	  1.2	0.134	0.000	0.000
789	  R	  0.6	  1.3	0.134	0.000	0.000
790	  N	  1.0	  1.3	0.134	0.000	0.000
791	  L	  1.0	  1.2	0.134	0.000	0.000
792	  Y	  1.3	  0.3	0.134	0.000	0.000
793	  A	  0.8	  1.8	0.000	0.000	0.000
794	  G	  0.4	  1.8	0.268	0.000	0.000
795	  D	  1.0	  1.8	0.852	0.000	0.000
796	  Y	  2.9	  1.4	0.852	0.000	0.000
797	  Y	  7.0	  0.0	0.852	0.000	0.000
798	  R	  7.4	  0.0	0.852	0.000	0.000
799	  V	  5.7	  0.2	0.852	0.000	0.000
800	  Q	  1.6	  0.2	0.852	0.000	0.000
801	  G	  0.2	  0.3	0.504	0.000	0.000
802	  R	  0.4	  0.3	0.356	0.000	0.000
803	  A	  2.1	  0.1	0.000	0.000	0.000
804	  V	  2.5	  0.0	0.000	0.000	0.000
805	  L	  2.3	  0.0	0.000	0.000	0.000
806	  P	  0.5	  0.0	0.122	0.000	0.000
807	  I	  2.9	  0.0	0.122	3.328	3.328
808	  R	  3.3	  0.0	0.122	3.518	3.518
809	  W	  3.8	  0.0	0.122	4.553	4.553
810	  M	  1.1	  0.0	0.259	4.553	4.553
811	  A	  0.8	  0.0	0.435	4.553	4.553
812	  W	  4.7	  0.1	0.736	4.553	4.553
813	  E	  4.5	  0.1	0.736	4.553	4.553
814	  C	  7.2	  0.1	0.735	4.747	4.747
815	  I	  6.0	  0.1	0.735	4.747	4.747
816	  L	  6.0	  0.1	0.735	4.367	4.367
817	  M	  3.3	  0.4	0.735	2.096	2.096
818	  G	  0.3	  0.4	0.735	1.229	1.229
819	  K	  3.1	  0.4	0.122	1.035	1.035
820	  F	  4.7	  0.3	0.000	1.035	1.035
821	  T	  5.3	  0.0	0.000	0.764	0.764
822	  T	  5.0	  0.2	0.000	0.603	0.603
823	  A	  3.4	  0.5	0.000	0.603	0.603
824	  S	  2.8	  0.4	0.140	0.000	0.000
825	  D	  2.0	  0.4	0.140	0.000	0.000
826	  V	  3.4	  0.2	0.140	70.022	70.022
827	  W	  3.9	  0.0	0.140	75.955	75.955
828	  A	  2.0	  0.1	0.140	77.315	77.315
829	  F	  0.7	  0.1	0.140	78.854	78.854
830	  G	  0.3	  0.1	0.549	78.968	78.968
831	  V	  6.0	  0.1	0.549	79.567	79.567
832	  T	  6.5	  0.0	17.285	77.698	77.698
833	  L	  6.5	  0.0	17.489	76.598	76.598
834	  W	  4.6	  0.0	18.224	74.046	74.046
835	  E	  4.2	  0.0	18.407	63.658	63.658
836	  V	  7.3	  0.0	18.407	65.685	65.685
837	  L	  4.4	  0.0	18.407	65.685	65.685
838	  M	  5.1	  0.0	18.337	65.685	65.685
839	  L	  2.1	  0.0	17.917	65.685	65.685
840	  C	  3.1	  0.0	15.879	65.636	65.636
841	  R	  2.2	  0.0	14.107	63.609	63.609
842	  A	  2.2	  0.0	7.687	29.134	29.134
843	  Q	  0.3	  0.2	5.666	0.000	0.000
844	  P	  0.0	  0.5	0.000	0.000	0.000
845	  F	  0.1	  0.7	0.000	0.000	0.000
846	  G	  0.1	  0.8	0.000	0.000	0.000
847	  Q	  1.1	  0.6	0.000	0.000	0.000
848	  L	  1.2	  0.4	0.000	0.000	0.000
849	  T	  1.3	  0.1	0.000	0.000	0.000
850	  D	  0.3	  0.2	0.216	0.000	0.000
851	  E	  0.1	  0.2	0.216	0.000	0.000
852	  Q	  0.3	  0.1	0.216	0.000	0.000
853	  V	  3.8	  0.1	0.216	0.000	0.000
854	  I	  3.9	  0.1	0.216	0.000	0.000
855	  E	  3.6	  0.2	0.216	0.000	0.000
856	  N	  0.2	  0.9	0.216	0.000	0.000
857	  A	  0.0	  1.1	0.000	0.000	0.000
858	  G	  0.0	  0.9	0.000	0.000	0.000
859	  E	  0.5	  0.9	0.000	0.000	0.000
860	  F	  2.6	  0.1	0.000	0.000	0.000
861	  F	  3.3	  0.2	0.000	0.000	0.000
862	  R	  2.8	  0.3	0.000	0.000	0.000
863	  D	  0.8	  1.3	0.000	0.000	0.000
864	  Q	  0.1	  1.3	0.000	0.000	0.000
865	  G	  0.0	  1.2	0.000	0.000	0.000
866	  R	  0.6	  1.1	0.000	0.000	0.000
867	  Q	  1.7	  0.1	0.000	0.000	0.000
868	  V	  5.4	  0.1	0.000	0.000	0.000
869	  Y	  5.8	  0.0	0.000	0.000	0.000
870	  L	  4.9	  0.0	0.000	0.000	0.000
871	  S	  1.3	  0.0	0.000	0.000	0.000
872	  R	  0.2	  0.0	0.000	0.000	0.000
873	  P	  0.0	  0.2	0.000	0.000	0.000
874	  P	  0.0	  0.2	0.000	0.000	0.000
875	  A	  0.0	  0.2	0.000	0.000	0.000
876	  C	  0.0	  1.4	1.899	0.000	0.000
877	  P	  0.0	  1.3	2.189	0.000	0.000
878	  Q	  0.0	  1.4	2.189	0.000	0.000
879	  G	  0.0	  1.4	9.621	0.000	0.000
880	  L	  0.2	  0.2	10.120	0.000	0.000
881	  Y	  2.2	  0.1	10.799	0.000	0.000
882	  E	  2.2	  0.1	11.098	0.000	0.000
883	  L	  3.0	  0.1	11.098	0.000	0.000
884	  M	  1.1	  0.1	11.098	0.000	0.000
885	  L	  3.9	  0.0	10.954	0.000	0.000
886	  R	  4.9	  0.0	10.649	0.000	0.000
887	  C	  7.0	  0.0	9.674	0.000	0.000
888	  W	  5.1	  0.0	5.664	0.000	0.000
889	  S	  3.3	  0.1	4.245	0.000	0.000
890	  R	  1.0	  0.2	1.329	0.000	0.000
891	  E	  0.2	  0.2	0.324	0.000	0.000
892	  S	  0.1	  0.3	0.324	0.000	0.000
893	  E	  0.1	  0.3	0.324	0.000	0.000
894	  Q	  0.1	  0.1	0.324	0.000	0.000
895	  R	  0.1	  0.1	0.135	0.000	0.000
896	  P	  0.0	  0.0	0.000	0.000	0.000
897	  P	  0.0	  0.0	0.000	0.000	0.000
898	  F	  2.3	  0.2	0.000	0.000	0.000
899	  S	  2.4	  0.2	0.448	0.000	0.000
900	  Q	  3.1	  0.2	0.448	0.000	0.000
901	  L	  0.9	  0.2	0.448	0.000	0.000
902	  H	  1.5	  0.1	0.448	0.000	0.000
903	  R	  1.5	  0.0	0.448	0.000	0.000
904	  F	  2.1	  0.0	0.448	0.000	0.000
905	  L	  1.3	  0.0	0.000	0.000	0.000
906	  A	  0.7	  0.3	0.163	0.000	0.000
907	  E	  0.0	  0.3	0.163	0.000	0.000
908	  D	  0.0	  0.5	0.163	0.000	0.000
909	  A	  0.2	  0.6	0.163	0.000	0.000
910	  L	  0.5	  0.3	0.163	0.000	0.000
911	  N	  1.2	  0.3	0.163	0.000	0.000
912	  T	  1.1	  0.1	0.000	0.000	0.000
913	  V	  0.7	  0.0	0.000	0.000	0.000
