res	aa	Beta	Turn	Helix	Aggregation	Conc-Stab_Aggregation
01	  M	  0.0	  0.1	0.000	0.000	0.000
02	  P	  0.0	  0.2	0.699	0.000	0.000
03	  R	  0.1	  0.3	0.699	0.000	0.000
04	  E	  0.2	  0.3	0.846	0.000	0.000
05	  R	  0.4	  0.2	0.846	0.000	0.000
06	  R	  0.4	  0.2	0.971	0.000	0.000
07	  E	  0.4	  0.3	0.971	0.000	0.000
08	  R	  0.3	  0.3	0.971	0.000	0.000
09	  D	  0.3	  0.4	1.586	0.000	0.000
10	  A	  0.1	  0.4	1.586	0.000	0.000
11	  K	  0.2	  0.3	1.586	0.000	0.000
12	  E	  0.4	  0.4	1.030	0.000	0.000
13	  R	  0.5	  0.2	0.903	0.000	0.000
14	  D	  0.3	  0.2	0.780	0.000	0.000
15	  T	  3.7	  0.1	0.305	0.000	0.000
16	  M	  3.7	  0.1	0.305	0.000	0.000
17	  K	  3.7	  1.6	0.138	0.000	0.000
18	  E	  0.1	  1.7	0.000	0.000	0.000
19	  D	  0.1	  2.4	0.000	0.000	0.000
20	  G	  0.0	  2.4	0.000	0.000	0.000
21	  G	  0.0	  0.9	0.824	0.000	0.000
22	  A	  0.1	  0.8	0.824	0.000	0.000
23	  E	  1.5	  0.1	0.824	0.000	0.000
24	  F	  5.5	  0.0	0.824	0.000	0.000
25	  S	  6.1	  0.0	2.686	0.000	0.000
26	  A	  4.9	  0.1	2.686	0.000	0.000
27	  R	  1.2	  0.2	2.686	0.000	0.000
28	  S	  0.5	  0.2	2.546	0.000	0.000
29	  R	  0.6	  0.2	2.268	0.000	0.000
30	  K	  0.8	  0.2	2.056	0.000	0.000
31	  R	  0.7	  0.2	0.446	0.000	0.000
32	  K	  0.5	  0.3	0.164	0.000	0.000
33	  A	  0.2	  0.2	0.000	4.143	4.143
34	  N	  1.9	  0.2	0.000	17.581	17.581
35	  V	 19.9	  0.2	0.000	62.776	62.776
36	  T	 24.6	  0.0	0.000	62.921	62.921
37	  V	 25.6	  0.0	0.000	62.921	62.921
38	  F	  8.8	  0.0	0.000	62.921	62.921
39	  L	  3.6	  0.0	0.000	62.501	62.501
40	  Q	  0.9	  0.0	0.000	2.495	2.495
41	  D	  0.3	  9.1	0.358	0.000	0.000
42	  P	  0.0	  9.1	0.358	0.000	0.000
43	  D	  0.0	  9.2	1.718	0.000	0.000
44	  E	  0.0	  9.2	1.899	0.000	0.000
45	  E	  0.1	  0.1	2.025	0.000	0.000
46	  M	  0.2	  0.1	2.025	0.000	0.000
47	  A	  0.5	  0.0	2.025	0.000	0.000
48	  K	  1.7	  0.0	2.025	0.000	0.000
49	  I	  2.1	  0.0	1.298	0.000	0.000
50	  D	  1.7	  0.2	1.876	0.000	0.000
51	  R	  0.6	  0.2	0.914	0.000	0.000
52	  T	  1.0	  0.2	0.893	0.000	0.000
53	  A	  1.0	  0.4	0.893	0.000	0.000
54	  R	  0.9	  0.2	0.893	0.000	0.000
55	  D	  0.2	  0.5	0.775	0.000	0.000
56	  Q	  0.3	  0.5	0.639	0.000	0.000
57	  C	  0.4	  0.5	0.320	0.000	0.000
58	  G	  0.3	  0.5	0.000	0.000	0.000
59	  S	  0.3	  0.2	0.000	0.000	0.000
60	  Q	  0.1	  0.4	0.000	0.000	0.000
61	  P	  0.1	  0.3	0.000	0.000	0.000
62	  W	  0.2	  0.5	0.000	0.000	0.000
63	  D	  0.2	  1.3	0.000	0.000	0.000
64	  N	  0.2	  1.2	0.000	0.000	0.000
65	  N	  0.1	  1.1	0.000	0.000	0.000
66	  A	  0.3	  0.9	0.000	0.000	0.000
67	  V	  1.1	  0.0	0.000	0.000	0.000
68	  C	  1.4	  0.0	0.000	0.000	0.000
69	  A	  1.2	  0.0	0.000	0.000	0.000
70	  D	  0.4	  0.3	0.000	0.000	0.000
71	  P	  0.0	  0.3	0.000	0.000	0.000
72	  C	  1.5	  0.4	0.000	0.000	0.000
73	  S	  2.2	  0.4	0.000	0.000	0.000
74	  L	  2.3	  0.1	0.000	0.000	0.000
75	  I	  0.8	  0.1	0.000	0.000	0.000
76	  P	  0.1	  0.0	0.000	0.000	0.000
77	  T	  0.0	  1.1	0.000	0.000	0.000
78	  P	  0.0	  1.1	0.000	0.000	0.000
79	  D	  0.1	  1.3	0.167	0.000	0.000
80	  K	  0.1	  2.0	0.167	0.000	0.000
81	  E	  0.1	  1.0	0.167	0.000	0.000
82	  D	  0.1	  3.1	0.677	0.000	0.000
83	  D	  0.0	  3.0	0.677	0.000	0.000
84	  D	  0.0	  2.4	0.677	0.000	0.000
85	  R	  4.4	  2.2	0.677	0.000	0.000
86	  V	  4.8	  0.0	0.677	0.000	0.000
87	  Y	  4.7	  0.7	0.677	0.000	0.000
88	  P	  0.4	  0.7	0.000	0.000	0.000
89	  N	  0.1	  0.9	0.000	0.000	0.000
90	  S	  0.9	  0.9	0.000	0.000	0.000
91	  T	  8.4	  0.3	0.000	0.000	0.000
92	  C	  8.3	  0.3	0.000	0.000	0.000
93	  K	  7.6	  0.0	0.000	0.000	0.000
94	  P	  0.1	  0.0	0.000	0.000	0.000
95	  R	  5.2	  0.0	0.000	0.000	0.000
96	  I	 12.2	  0.0	0.000	0.000	0.000
97	  I	 12.6	  0.0	0.000	0.000	0.000
98	  A	  7.7	  0.4	0.000	0.000	0.000
99	  P	  0.3	  0.6	0.000	0.000	0.000
100	  S	  0.1	  0.9	0.000	0.000	0.000
101	  R	  0.2	  0.9	0.000	0.000	0.000
102	  G	  0.2	  0.5	0.000	0.000	0.000
103	  S	  0.1	  0.4	0.000	0.000	0.000
104	  P	  0.0	  0.0	0.000	0.000	0.000
105	  L	  0.0	  0.0	0.000	0.000	0.000
106	  P	  0.0	  0.0	0.000	0.000	0.000
107	  V	  3.1	  0.0	0.000	0.743	0.743
108	  L	  4.8	  0.0	0.000	0.743	0.743
109	  S	  5.2	  0.0	0.801	0.743	0.743
110	  W	  2.4	  0.3	0.801	0.743	0.743
111	  A	  0.6	  0.3	0.801	0.743	0.743
112	  N	  0.2	  0.3	9.356	0.167	0.167
113	  R	  0.0	  0.4	10.110	0.000	0.000
114	  E	  0.1	  0.1	10.721	0.000	0.000
115	  E	  1.4	  0.1	11.401	1.021	1.021
116	  V	  2.1	  0.0	11.245	1.021	1.021
117	  W	  3.1	  0.0	11.519	1.021	1.021
118	  K	  2.3	  0.0	11.355	1.021	1.021
119	  I	  4.7	  0.0	11.084	1.021	1.021
120	  M	  4.1	  0.0	11.084	0.820	0.820
121	  L	  3.7	  0.0	10.480	0.590	0.590
122	  N	  0.7	  0.1	9.804	0.133	0.133
123	  K	  0.4	  0.2	6.027	0.000	0.000
124	  E	  0.6	  0.2	0.836	0.000	0.000
125	  K	  1.2	  0.2	0.413	0.000	0.000
126	  T	  4.4	  0.1	0.112	0.000	0.000
127	  Y	  5.2	  0.0	0.112	0.000	0.000
128	  L	  4.7	  0.1	0.000	0.000	0.000
129	  R	  1.4	  0.2	0.000	0.000	0.000
130	  D	  0.3	  0.3	0.000	0.000	0.000
131	  Q	  1.7	  0.3	0.000	0.000	0.000
132	  H	  3.3	  0.1	0.000	0.000	0.000
133	  F	  4.0	  0.1	0.000	0.000	0.000
134	  L	  2.4	  0.1	0.000	0.000	0.000
135	  E	  1.4	  0.1	0.000	0.000	0.000
136	  Q	  0.7	  0.1	0.000	0.000	0.000
137	  H	  0.7	  0.4	0.000	0.000	0.000
138	  P	  0.1	  0.3	0.000	0.000	0.000
139	  L	  0.4	  0.3	0.000	0.000	0.000
140	  L	  0.5	  0.3	0.000	0.000	0.000
141	  Q	  0.5	  0.1	0.000	0.000	0.000
142	  P	  0.1	  0.1	0.000	0.000	0.000
143	  K	  0.8	  0.1	0.000	0.000	0.000
144	  M	  1.4	  0.1	0.000	1.357	1.357
145	  R	  1.7	  0.0	0.000	2.546	2.546
146	  A	  1.4	  0.0	0.000	2.546	2.546
147	  I	  4.0	  0.0	0.000	2.546	2.546
148	  L	  4.0	  0.2	0.000	2.546	2.546
149	  L	  4.5	  0.2	0.000	2.546	2.546
150	  D	  1.4	  0.2	0.000	2.546	2.546
151	  W	  1.5	  0.2	0.000	2.546	2.546
152	  L	  0.6	  0.0	0.000	2.546	2.546
153	  M	  2.5	  0.0	0.000	1.355	1.355
154	  E	  3.0	  0.0	0.000	0.000	0.000
155	  V	  3.9	  0.0	0.000	0.219	0.219
156	  C	  8.2	  0.0	0.670	0.219	0.219
157	  E	  9.0	  0.0	0.670	0.219	0.219
158	  V	  9.2	  0.0	0.670	0.219	0.219
159	  Y	  4.3	  0.0	0.670	0.219	0.219
160	  K	  3.0	  0.0	0.670	0.219	0.219
161	  L	  1.9	  0.0	0.670	0.219	0.219
162	  H	  0.8	  0.1	0.397	0.000	0.000
163	  R	  0.3	  0.2	0.104	0.000	0.000
164	  E	  0.4	  0.2	0.000	0.000	0.000
165	  T	  7.2	  0.1	0.000	7.133	7.133
166	  F	  8.2	  0.1	0.000	7.133	7.133
167	  Y	  8.6	  0.0	0.000	7.133	7.133
168	  L	  1.8	  0.0	0.000	7.133	7.133
169	  A	  0.7	  0.2	0.000	7.133	7.133
170	  Q	  0.6	  0.2	0.000	0.269	0.269
171	  D	  1.6	  0.2	0.195	0.000	0.000
172	  F	  3.2	  0.3	0.195	0.000	0.000
173	  F	  3.0	  0.1	0.195	0.000	0.000
174	  D	  2.1	  0.1	0.461	0.000	0.000
175	  R	  1.0	  0.1	0.461	0.000	0.000
176	  Y	  1.5	  0.0	0.461	0.000	0.000
177	  M	  1.5	  0.0	0.461	0.000	0.000
178	  A	  1.1	  0.0	0.266	0.000	0.000
179	  T	  0.7	  0.1	0.654	0.000	0.000
180	  Q	  0.7	  0.2	0.654	0.000	0.000
181	  E	  0.5	  0.2	0.673	0.132	0.132
182	  N	  2.0	  0.2	6.488	0.132	0.132
183	  V	  4.6	  0.2	6.830	0.132	0.132
184	  V	  5.9	  0.0	7.142	0.132	0.132
185	  K	  4.3	  0.0	7.142	0.132	0.132
186	  T	  2.3	  0.0	8.061	6.980	6.980
187	  L	  1.1	  0.0	8.061	18.651	18.651
188	  L	  2.3	  0.0	8.061	23.917	23.917
189	  Q	  1.9	  0.0	7.813	24.882	24.882
190	  L	  1.8	  0.0	6.938	48.508	48.508
191	  I	  0.7	  0.1	6.597	52.781	52.781
192	  G	  0.5	  0.1	6.597	52.231	52.231
193	  I	  1.0	  0.2	0.659	56.545	56.545
194	  S	  0.8	  0.2	1.225	55.707	55.707
195	  S	  1.0	  0.1	1.105	56.626	56.626
196	  L	  1.1	  0.1	1.105	60.949	60.949
197	  F	  2.6	  0.1	1.775	60.800	60.800
198	  I	  3.2	  0.0	2.122	57.838	57.838
199	  A	  2.6	  0.0	2.242	24.877	24.877
200	  A	  1.3	  0.0	2.362	14.145	14.145
201	  K	  1.9	  0.0	2.809	0.807	0.807
202	  L	  1.8	  0.1	2.304	0.807	0.807
203	  E	  1.6	  0.1	2.304	0.807	0.807
204	  E	  0.9	  0.0	2.304	0.000	0.000
205	  I	  0.9	  0.0	2.152	0.000	0.000
206	  Y	  0.9	  0.0	2.152	0.000	0.000
207	  P	  0.0	  0.2	0.000	0.000	0.000
208	  P	  0.0	  0.3	0.000	0.000	0.000
209	  K	  0.6	  0.3	0.000	0.000	0.000
210	  L	  0.7	  0.3	0.000	0.459	0.459
211	  H	  1.9	  0.1	0.000	0.459	0.459
212	  Q	  1.8	  0.0	0.000	1.164	1.164
213	  F	  2.5	  0.2	0.000	7.894	7.894
214	  A	  1.7	  0.1	0.000	7.894	7.894
215	  Y	  2.1	  0.1	0.000	7.894	7.894
216	  V	  2.8	  0.2	0.000	7.894	7.894
217	  T	  2.5	  0.4	0.000	7.164	7.164
218	  D	  1.6	  0.5	0.000	0.000	0.000
219	  G	  0.0	  0.5	0.000	0.000	0.000
220	  A	  0.1	  0.4	0.000	0.000	0.000
221	  C	  0.4	  0.4	0.000	0.000	0.000
222	  S	  0.4	  1.4	0.697	0.000	0.000
223	  G	  0.3	  1.4	2.998	0.000	0.000
224	  D	  0.1	  1.4	15.320	0.000	0.000
225	  E	  0.2	  1.1	17.683	0.000	0.000
226	  I	  1.3	  0.0	19.705	1.656	1.656
227	  L	  2.9	  0.0	22.936	2.007	2.007
228	  T	  3.5	  0.0	31.193	2.007	2.007
229	  M	  2.9	  0.0	31.448	2.007	2.007
230	  E	  1.3	  0.0	33.172	2.007	2.007
231	  L	  1.2	  0.0	33.461	2.007	2.007
232	  M	  1.8	  0.0	34.271	2.007	2.007
233	  I	  2.3	  0.0	34.435	2.007	2.007
234	  M	  2.0	  0.0	34.435	2.007	2.007
235	  K	  0.9	  0.0	33.696	2.007	2.007
236	  A	  0.5	  0.0	30.311	2.007	2.007
237	  L	  0.7	  0.0	29.394	1.751	1.751
238	  K	  1.0	  0.0	26.679	0.000	0.000
239	  W	  1.7	  0.0	16.606	0.000	0.000
240	  R	  1.8	  0.0	10.295	0.000	0.000
241	  L	  1.4	  0.0	5.807	0.000	0.000
242	  S	  0.6	  0.1	3.972	0.000	0.000
243	  P	  0.1	  0.1	0.000	0.777	0.777
244	  L	  3.4	  0.1	0.000	63.781	63.781
245	  T	  8.2	  0.1	0.000	75.322	75.322
246	  I	 11.0	  0.0	0.000	94.639	94.639
247	  V	 10.8	  0.0	0.000	96.366	96.366
248	  S	  6.2	  0.0	0.824	96.505	96.505
249	  W	  4.0	  0.2	0.824	97.613	97.613
250	  L	  3.8	  0.2	0.824	97.376	97.376
251	  N	  7.5	  0.2	0.824	95.298	95.298
252	  V	 10.4	  0.2	0.824	95.488	95.488
253	  Y	  8.5	  0.0	0.824	94.542	94.542
254	  M	  5.4	  0.0	0.653	87.308	87.308
255	  Q	  2.0	  0.0	0.519	79.042	79.042
256	  V	  2.9	  0.0	0.311	78.723	78.723
257	  A	  2.4	  0.0	0.311	74.923	74.923
258	  Y	  3.3	  0.1	0.215	71.710	71.710
259	  L	  1.7	  0.2	0.094	48.391	48.391
260	  N	  1.3	  0.2	0.000	1.816	1.816
261	  D	  0.2	  0.2	0.000	0.000	0.000
262	  L	  0.1	  0.1	0.000	0.000	0.000
263	  H	  1.3	  0.1	0.000	0.000	0.000
264	  E	  1.7	  0.0	0.000	0.000	0.000
265	  V	  9.5	  0.0	0.000	0.000	0.000
266	  L	  8.5	  0.0	0.000	0.000	0.000
267	  L	  8.0	  0.4	0.000	0.000	0.000
268	  P	  0.1	  0.4	0.000	0.000	0.000
269	  Q	  0.2	  0.4	0.000	0.000	0.000
270	  Y	  0.2	  0.6	0.000	0.000	0.000
271	  P	  0.2	  0.2	0.000	0.000	0.000
272	  Q	  0.2	  0.2	0.000	0.110	0.110
273	  Q	  1.5	  0.2	0.000	1.047	1.047
274	  I	  2.5	  0.0	0.000	22.117	22.117
275	  F	  2.9	  0.0	0.000	23.000	23.000
276	  I	  2.8	  0.0	0.000	23.000	23.000
277	  Q	  2.1	  0.0	0.000	22.890	22.890
278	  I	  2.0	  0.0	0.000	22.778	22.778
279	  A	  0.9	  0.0	0.000	10.915	10.915
280	  E	  0.5	  0.0	0.000	0.000	0.000
281	  L	  0.5	  0.0	0.000	0.000	0.000
282	  L	  1.5	  0.1	0.000	0.000	0.000
283	  D	  1.5	  0.0	0.000	0.000	0.000
284	  L	  2.0	  0.0	0.000	0.000	0.000
285	  C	  2.6	  0.0	0.000	0.000	0.000
286	  V	  5.2	  0.0	0.000	0.000	0.000
287	  L	  6.4	  0.0	0.000	0.000	0.000
288	  D	  5.5	  1.0	0.290	0.000	0.000
289	  V	  5.3	  1.0	0.290	0.000	0.000
290	  D	  3.2	  1.0	0.290	0.000	0.000
291	  C	  3.5	  1.0	0.290	0.000	0.000
292	  L	  2.3	  0.0	0.290	0.000	0.000
293	  E	  2.3	  0.0	0.290	0.000	0.000
294	  F	  1.3	  0.5	0.290	0.000	0.000
295	  P	  0.1	  0.5	0.000	0.000	0.000
296	  Y	  0.4	  0.9	0.000	4.409	4.409
297	  G	  0.4	  0.9	0.351	5.148	5.148
298	  I	  1.3	  0.4	0.351	12.766	12.766
299	  L	  1.0	  0.4	0.351	13.309	13.309
300	  A	  1.1	  0.2	0.351	13.309	13.309
301	  A	  0.4	  0.2	0.351	12.454	12.454
302	  S	  0.4	  0.2	0.351	11.523	11.523
303	  A	  0.5	  0.2	0.000	11.443	11.443
304	  L	  0.8	  0.0	0.000	11.201	11.201
305	  Y	  3.8	  0.0	0.000	9.229	9.229
306	  H	  7.1	  0.0	0.000	2.434	2.434
307	  F	  8.1	  0.1	0.000	2.434	2.434
308	  S	  5.9	  0.8	2.369	0.244	0.244
309	  S	  2.5	  0.9	2.867	0.000	0.000
310	  S	  1.0	  0.9	3.355	0.000	0.000
311	  E	  0.2	  0.8	3.355	0.000	0.000
312	  L	  0.3	  0.1	3.355	0.000	0.000
313	  M	  0.5	  0.1	3.355	0.000	0.000
314	  Q	  1.0	  0.0	2.930	0.000	0.000
315	  K	  2.0	  0.0	2.107	0.000	0.000
316	  V	  2.4	  0.3	1.153	0.000	0.000
317	  S	  1.8	  0.2	1.153	0.000	0.000
318	  G	  0.7	  0.2	0.400	0.000	0.000
319	  Y	  4.8	  0.2	0.182	0.000	0.000
320	  Q	  6.2	  0.0	0.000	0.000	0.000
321	  W	  7.0	  0.1	0.000	0.000	0.000
322	  C	  3.5	  0.1	0.000	0.000	0.000
323	  D	  3.5	  0.1	0.141	0.000	0.000
324	  I	  2.8	  0.3	0.141	0.000	0.000
325	  E	  1.8	  0.2	0.141	0.000	0.000
326	  N	  0.9	  0.2	0.370	0.000	0.000
327	  C	  4.5	  0.2	0.370	0.000	0.000
328	  V	  7.1	  0.0	0.370	0.000	0.000
329	  K	  6.7	  0.0	0.370	0.000	0.000
330	  W	  4.0	  0.0	0.229	0.000	0.000
331	  M	  1.4	  0.0	0.229	0.000	0.000
332	  V	  1.3	  0.0	0.000	0.000	0.000
333	  P	  0.2	  0.0	0.000	0.885	0.885
334	  F	  0.8	  0.0	0.000	73.056	73.056
335	  A	  1.1	  0.0	0.000	73.056	73.056
336	  M	  4.0	  0.0	0.000	73.056	73.056
337	  V	  6.8	  0.0	0.000	73.056	73.056
338	  I	  6.8	  0.0	0.000	73.056	73.056
339	  R	  3.9	  0.3	0.000	0.000	0.000
340	  E	  0.4	  0.3	0.000	0.000	0.000
341	  T	  0.2	  1.0	0.000	0.000	0.000
342	  G	  0.2	  1.2	0.000	0.000	0.000
343	  S	  0.3	  1.0	0.423	0.000	0.000
344	  S	  0.3	  1.0	0.605	0.000	0.000
345	  K	  1.4	  0.3	0.605	0.000	0.000
346	  L	  1.5	  0.3	0.605	0.000	0.000
347	  K	  1.5	  0.2	0.605	0.000	0.000
348	  H	  3.6	  0.1	0.605	0.000	0.000
349	  F	  4.6	  0.5	0.360	0.000	0.000
350	  R	  4.5	  0.4	0.000	0.000	0.000
351	  G	  1.6	  0.4	0.000	0.000	0.000
352	  V	  0.9	  0.5	0.000	0.000	0.000
353	  A	  0.9	  0.2	0.000	0.000	0.000
354	  D	  0.6	  4.3	0.466	0.000	0.000
355	  E	  0.0	  4.3	0.466	0.000	0.000
356	  D	  0.0	  4.5	0.616	0.000	0.000
357	  A	  0.1	  4.5	0.616	0.000	0.000
358	  H	  1.1	  0.4	0.616	0.000	0.000
359	  N	  1.7	  0.4	0.845	0.000	0.000
360	  I	  1.8	  0.1	0.544	0.000	0.000
361	  Q	  1.0	  0.0	0.544	0.000	0.000
362	  T	  2.2	  0.1	0.229	0.000	0.000
363	  H	  2.2	  0.4	0.229	0.000	0.000
364	  R	  2.1	  0.4	0.229	0.000	0.000
365	  D	  0.2	  0.5	1.763	0.000	0.000
366	  S	  2.1	  1.1	3.981	0.000	0.000
367	  L	  2.8	  0.8	3.981	0.000	0.000
368	  D	  2.8	  0.7	14.532	0.000	0.000
369	  L	  1.1	  0.6	14.962	0.000	0.000
370	  L	  0.4	  0.0	16.666	0.000	0.000
371	  D	  0.4	  0.1	23.058	0.000	0.000
372	  K	  0.2	  0.1	22.796	0.000	0.000
373	  A	  0.2	  0.1	22.561	0.000	0.000
374	  R	  0.2	  0.1	21.789	0.000	0.000
375	  A	  0.2	  0.1	20.290	0.000	0.000
376	  K	  0.2	  0.1	18.051	0.000	0.000
377	  K	  0.2	  0.1	8.293	0.000	0.000
378	  A	  0.4	  0.1	4.240	0.000	0.000
379	  M	  0.9	  0.0	3.352	0.000	0.000
380	  L	  0.8	  0.0	1.355	0.000	0.000
381	  S	  0.6	  0.2	2.888	0.000	0.000
382	  E	  0.2	  0.3	2.613	0.000	0.000
383	  Q	  0.2	  0.3	2.171	0.000	0.000
384	  N	  0.2	  0.3	1.884	0.000	0.000
385	  R	  0.3	  0.2	1.884	0.000	0.000
386	  A	  0.3	  0.1	1.884	0.000	0.000
387	  S	  0.3	  0.0	1.132	0.000	0.000
388	  P	  0.0	  0.0	0.000	0.000	0.000
389	  L	  0.0	  1.1	0.000	0.000	0.000
390	  P	  0.0	  1.3	0.000	0.000	0.000
391	  S	  0.0	  1.3	0.000	0.000	0.000
392	  G	  0.0	  1.3	0.000	0.000	0.000
393	  L	  0.4	  0.2	0.000	0.000	0.000
394	  L	  0.4	  0.1	0.000	0.000	0.000
395	  T	  0.4	  0.0	0.000	0.000	0.000
396	  P	  0.0	  0.3	0.000	0.000	0.000
397	  P	  0.0	  0.6	0.000	0.000	0.000
398	  Q	  0.0	  0.9	0.000	0.000	0.000
399	  S	  0.1	  1.1	0.000	0.000	0.000
400	  G	  0.1	  0.9	0.000	0.000	0.000
401	  K	  0.1	  0.6	0.000	0.000	0.000
402	  K	  0.2	  0.4	0.000	0.000	0.000
403	  Q	  0.3	  0.5	0.000	0.000	0.000
404	  S	  0.3	  0.4	0.000	0.000	0.000
405	  S	  0.2	  0.5	0.000	0.000	0.000
406	  G	  0.1	  0.7	0.000	0.000	0.000
407	  P	  0.0	  0.4	0.000	0.000	0.000
408	  E	  0.1	  0.4	0.000	0.000	0.000
409	  M	  0.1	  0.3	0.000	0.000	0.000
410	  A	  0.1	  0.0	0.000	0.000	0.000
