res	aa	Beta	Turn	Helix	Aggregation	Conc-Stab_Aggregation
01	  M	  2.0	  0.0	0.000	0.000	0.000
02	  S	  2.2	  0.0	5.808	0.362	0.362
03	  L	  3.0	  0.0	5.871	13.112	13.112
04	  L	  1.8	  0.0	5.932	69.245	69.245
05	  L	  2.1	  0.0	6.007	87.472	87.472
06	  L	  2.5	  0.0	6.518	91.123	91.123
07	  V	  4.7	  0.0	7.315	94.142	94.142
08	  V	  5.2	  0.0	7.709	94.399	94.399
09	  S	  4.1	  0.0	26.376	94.420	94.420
10	  A	  1.4	  0.0	27.188	94.596	94.596
11	  L	  2.2	  0.0	27.447	94.804	94.804
12	  H	  4.9	  0.0	33.714	94.842	94.842
13	  I	  6.0	  0.0	34.381	99.479	99.479
14	  L	  4.9	  0.0	34.765	99.904	99.904
15	  I	  3.3	  0.0	34.961	99.990	99.990
16	  L	  2.8	  0.0	34.961	99.997	99.997
17	  I	  3.8	  0.0	34.734	99.993	99.993
18	  L	  2.8	  0.0	34.734	99.937	99.937
19	  L	  2.5	  0.0	33.838	99.629	99.629
20	  F	  2.3	  0.0	32.212	97.948	97.948
21	  V	  2.6	  0.0	11.424	80.968	80.968
22	  A	  2.5	  0.0	10.505	17.590	17.590
23	  T	  2.1	  0.1	4.049	7.406	7.406
24	  L	  1.5	  0.1	3.930	6.885	6.885
25	  D	  1.3	  0.8	2.292	0.012	0.012
26	  K	  0.4	  0.8	1.084	0.012	0.012
27	  S	  1.0	  0.7	0.257	0.010	0.010
28	  W	  1.4	  0.6	0.000	0.009	0.009
29	  W	  6.7	  0.0	0.000	0.008	0.008
30	  T	  6.3	  0.0	0.000	0.003	0.003
31	  L	  5.9	  1.7	0.000	0.000	0.000
32	  P	  0.2	  1.8	0.000	0.000	0.000
33	  G	  0.0	  1.8	0.000	0.000	0.000
34	  K	  0.1	  2.0	0.000	0.000	0.000
35	  E	  0.1	  0.3	0.000	0.000	0.000
36	  S	  3.1	  0.8	0.128	0.235	0.235
37	  L	  4.5	  0.8	0.128	0.494	0.494
38	  N	  4.9	  0.6	0.128	0.494	0.494
39	  L	  2.4	  0.6	0.128	0.494	0.494
40	  W	  1.7	  0.0	0.128	0.494	0.494
41	  Y	  6.2	  0.0	0.128	0.494	0.494
42	  D	  6.2	  0.0	0.000	0.000	0.000
43	  C	  7.8	  0.0	0.000	0.000	0.000
44	  T	  9.0	  0.1	0.000	0.000	0.000
45	  W	  8.8	  0.1	0.000	0.000	0.000
46	  N	  6.5	  0.6	0.000	0.000	0.000
47	  N	  0.3	  0.7	0.000	0.000	0.000
48	  D	  0.3	  0.6	0.427	0.000	0.000
49	  T	  1.8	  0.6	0.427	0.000	0.000
50	  K	  2.4	  0.1	0.427	0.000	0.000
51	  T	  4.8	  0.0	0.427	0.000	0.000
52	  W	  4.0	  0.0	0.427	0.000	0.000
53	  A	  3.6	  0.0	0.427	0.000	0.000
54	  C	  1.2	  0.4	0.257	0.000	0.000
55	  S	  0.3	  0.4	0.109	0.000	0.000
56	  N	  1.6	  0.5	0.109	0.000	0.000
57	  V	  1.8	  0.6	0.000	0.000	0.000
58	  S	  1.9	  5.6	0.000	0.000	0.000
59	  E	  0.4	  6.8	0.000	0.000	0.000
60	  N	  0.1	  6.6	0.441	0.000	0.000
61	  G	  0.0	  6.6	0.597	0.000	0.000
62	  W	  0.5	  1.2	0.717	0.000	0.000
63	  L	  0.8	  0.0	0.717	0.000	0.000
64	  K	  1.0	  0.0	0.717	0.000	0.000
65	  A	  1.0	  0.0	0.717	0.083	0.083
66	  V	  4.9	  0.0	0.577	0.499	0.499
67	  Q	  5.1	  0.0	0.577	1.495	1.495
68	  V	  8.5	  0.0	0.000	53.206	53.206
69	  L	  5.3	  0.0	0.000	84.975	84.975
70	  M	  7.0	  0.0	0.093	90.986	90.986
71	  V	  6.1	  0.0	0.093	97.183	97.183
72	  L	  6.6	  0.0	0.093	97.982	97.982
73	  S	  4.7	  0.0	0.769	98.136	98.136
74	  L	  3.0	  0.0	0.769	99.438	99.438
75	  I	  3.0	  0.0	0.769	99.674	99.674
76	  L	  7.1	  0.0	0.769	99.670	99.670
77	  C	 14.1	  0.0	0.869	99.534	99.534
78	  C	 13.9	  0.0	3.097	99.526	99.526
79	  L	 11.3	  0.0	2.959	99.615	99.615
80	  S	  4.1	  0.0	4.757	99.602	99.602
81	  F	  3.5	  0.0	4.425	99.748	99.748
82	  I	  3.0	  0.0	4.240	99.713	99.713
83	  L	  3.0	  0.0	4.240	99.209	99.209
84	  F	  2.9	  0.0	5.248	96.721	96.721
85	  M	  1.8	  0.0	5.151	70.081	70.081
86	  F	  4.1	  0.0	4.854	40.703	40.703
87	  Q	  4.3	  0.0	4.125	2.694	2.694
88	  L	  4.3	  0.0	4.125	2.282	2.282
89	  Y	  6.1	  0.0	4.125	1.091	1.091
90	  T	  7.5	  0.0	3.877	0.194	0.194
91	  M	  7.4	  0.1	3.877	0.054	0.054
92	  R	  2.9	  0.2	3.103	0.000	0.000
93	  R	  0.3	  0.6	1.478	0.000	0.000
94	  G	  0.1	  0.6	0.922	0.000	0.000
95	  G	  0.0	  0.5	0.392	0.577	0.577
96	  L	  0.7	  0.4	0.000	8.595	8.595
97	  F	  2.4	  0.0	0.000	8.964	8.964
98	  Y	  2.7	  0.3	0.000	8.964	8.964
99	  A	  2.1	  0.3	0.000	8.964	8.964
100	  T	  0.4	  0.4	0.000	8.647	8.647
101	  G	  0.1	  0.4	0.000	2.978	2.978
102	  L	  0.2	  0.1	0.000	2.582	2.582
103	  C	  1.6	  0.1	0.000	0.207	0.207
104	  Q	  2.2	  0.1	0.000	0.339	0.339
105	  L	  2.3	  0.1	0.000	5.697	5.697
106	  C	  2.3	  0.1	0.000	6.744	6.744
107	  T	  2.5	  0.1	0.111	11.309	11.309
108	  S	  2.8	  0.1	0.111	18.973	18.973
109	  V	  8.4	  0.1	0.111	84.896	84.896
110	  A	  8.1	  0.0	0.111	90.464	90.464
111	  V	 10.2	  0.0	0.111	97.045	97.045
112	  F	  4.8	  0.1	0.111	97.595	97.595
113	  T	  4.1	  0.3	0.161	97.441	97.441
114	  G	  1.4	  0.3	0.161	97.027	97.027
115	  A	  0.3	  0.3	0.161	97.737	97.737
116	  L	  0.8	  0.2	0.161	98.519	98.519
117	  I	  1.6	  0.0	0.161	98.298	98.298
118	  Y	  2.3	  0.0	0.161	95.865	95.865
119	  A	  2.3	  0.0	0.000	87.465	87.465
120	  I	  2.6	  0.0	0.000	80.300	80.300
121	  H	  1.8	  0.1	0.395	1.340	1.340
122	  A	  1.2	  0.2	0.395	0.311	0.311
123	  E	  0.2	  0.2	0.547	0.000	0.000
124	  E	  0.2	  0.2	0.671	0.000	0.000
125	  I	  1.0	  0.1	0.671	0.000	0.000
126	  L	  1.1	  0.1	0.671	0.000	0.000
127	  E	  1.9	  0.1	0.671	0.000	0.000
128	  K	  1.2	  0.1	0.671	0.000	0.000
129	  H	  1.0	  1.3	0.302	0.000	0.000
130	  P	  0.0	  1.4	0.000	0.000	0.000
131	  R	  0.0	  1.7	0.000	0.000	0.000
132	  G	  0.0	  2.1	0.000	0.012	0.012
133	  G	  0.1	  0.9	0.000	0.152	0.152
134	  S	  0.8	  1.0	0.000	4.507	4.507
135	  F	  1.0	  0.7	0.000	39.655	39.655
136	  G	  1.0	  0.2	0.248	42.518	42.518
137	  Y	  3.6	  0.2	0.248	74.327	74.327
138	  C	  9.6	  0.0	0.709	83.527	83.527
139	  F	 10.2	  0.0	0.709	93.140	93.140
140	  A	  7.1	  0.0	0.842	93.879	93.879
141	  L	  1.0	  0.0	0.842	94.327	94.327
142	  A	  0.5	  0.0	0.842	94.139	94.139
143	  W	  1.9	  0.0	0.842	93.956	93.956
144	  V	  4.8	  0.0	0.715	90.047	90.047
145	  A	  4.6	  0.0	0.715	43.639	43.639
146	  F	  3.1	  0.2	0.715	4.155	4.155
147	  P	  0.1	  0.2	0.243	2.172	2.172
148	  L	  0.3	  0.2	0.243	57.990	57.990
149	  A	  0.6	  0.2	0.243	69.074	69.074
150	  L	  1.4	  0.0	0.243	82.731	82.731
151	  V	  1.7	  0.1	0.243	85.226	85.226
152	  S	  1.5	  0.1	0.243	85.421	85.421
153	  G	  0.8	  0.1	0.000	86.828	86.828
154	  I	  2.4	  0.1	0.000	87.181	87.181
155	  I	  3.3	  0.0	0.000	87.029	87.029
156	  Y	  3.9	  0.0	0.000	85.053	85.053
157	  I	  4.4	  0.0	0.000	78.221	78.221
158	  H	  4.2	  0.0	0.000	2.048	2.048
159	  L	  3.7	  0.0	0.000	1.373	1.373
160	  R	  1.3	  0.1	0.000	0.000	0.000
161	  K	  1.3	  0.1	0.000	0.000	0.000
162	  R	  1.0	  0.1	0.000	0.000	0.000
163	  E	  0.8	  0.0	0.000	0.000	0.000
