res	aa	Beta	Turn	Helix	Aggregation	Conc-Stab_Aggregation
01	  M	  0.0	  0.0	0.000	0.000	0.000
02	  A	  0.0	  0.4	0.000	0.000	0.000
03	  E	  0.1	  0.4	0.000	0.000	0.000
04	  D	  0.1	  0.4	0.000	0.000	0.000
05	  D	  0.1	  0.6	0.442	0.000	0.000
06	  P	  0.0	  0.2	0.442	0.000	0.000
07	  Y	  0.4	  0.4	0.442	0.000	0.000
08	  L	  0.4	  0.4	0.442	0.000	0.000
09	  G	  0.4	  0.1	0.442	0.000	0.000
10	  R	  0.0	  0.3	0.442	0.000	0.000
11	  P	  0.0	  0.2	0.000	0.000	0.000
12	  E	  0.0	  0.2	0.000	0.000	0.000
13	  Q	  1.4	  0.2	0.000	0.000	0.000
14	  M	  2.0	  0.1	0.000	0.000	0.000
15	  F	  3.5	  0.0	0.000	0.000	0.000
16	  H	  3.5	  0.0	0.000	0.000	0.000
17	  L	  2.9	  0.0	0.000	0.000	0.000
18	  D	  1.4	  2.3	0.000	0.000	0.000
19	  P	  0.1	  2.3	0.000	0.000	0.000
20	  S	  1.6	  2.3	0.000	0.000	0.000
21	  L	  2.7	  2.3	0.000	0.000	0.000
22	  T	  5.5	  0.1	0.000	0.000	0.000
23	  H	  7.1	  0.0	0.000	0.000	0.000
24	  T	  8.6	  0.0	0.000	0.000	0.000
25	  I	  6.4	  0.0	0.000	0.000	0.000
26	  F	  3.3	  0.0	0.000	0.000	0.000
27	  N	  0.7	  0.2	0.000	0.000	0.000
28	  P	  0.2	  0.2	0.000	0.000	0.000
29	  E	  1.9	  0.2	0.000	0.000	0.000
30	  V	 10.7	  0.2	0.000	0.000	0.000
31	  F	 11.1	  0.0	0.000	0.000	0.000
32	  Q	  9.4	  0.1	0.000	0.000	0.000
33	  P	  0.5	  0.1	0.000	0.000	0.000
34	  Q	  0.1	  0.1	0.000	0.000	0.000
35	  M	  1.0	  0.1	0.000	0.000	0.000
36	  A	  1.0	  0.0	0.000	0.000	0.000
37	  L	  0.9	  0.3	0.000	0.000	0.000
38	  P	  0.0	  0.6	0.000	0.000	0.000
39	  T	  0.0	  0.6	0.000	0.000	0.000
40	  D	  0.0	  0.6	0.000	0.000	0.000
41	  G	  0.0	  0.6	0.382	0.000	0.000
42	  P	  0.0	  0.3	0.512	0.000	0.000
43	  Y	  0.9	  0.3	0.512	0.985	0.985
44	  L	  2.5	  0.2	0.512	0.985	0.985
45	  Q	  3.5	  0.0	0.512	0.985	0.985
46	  I	  3.4	  0.0	0.512	0.985	0.985
47	  L	  1.8	  0.0	0.512	0.985	0.985
48	  E	  0.9	  0.0	0.512	0.000	0.000
49	  Q	  0.1	  0.0	0.512	0.000	0.000
50	  P	  0.0	  0.1	0.000	0.000	0.000
51	  K	  0.2	  0.2	0.000	0.000	0.000
52	  Q	  0.2	  0.3	0.000	0.000	0.000
53	  R	  0.3	  0.3	0.000	0.000	0.000
54	  G	  0.2	  0.2	0.000	0.000	0.000
55	  F	  2.9	  0.1	0.000	0.000	0.000
56	  R	  4.0	  0.0	0.000	0.000	0.000
57	  F	  6.6	  0.0	0.000	0.000	0.000
58	  R	  4.8	  0.0	0.000	0.000	0.000
59	  Y	  5.7	  0.0	0.000	0.000	0.000
60	  V	  4.0	  0.0	0.000	0.000	0.000
61	  C	  3.3	  0.0	0.000	0.000	0.000
62	  E	  1.2	  0.1	0.000	0.000	0.000
63	  G	  0.1	  0.7	0.000	0.000	0.000
64	  P	  0.0	  1.0	0.000	0.000	0.000
65	  S	  0.2	  1.2	0.000	0.000	0.000
66	  H	  0.2	  1.5	0.000	0.000	0.000
67	  G	  0.2	  0.9	0.000	0.000	0.000
68	  G	  0.0	  0.6	0.000	0.000	0.000
69	  L	  0.0	  1.7	0.000	0.000	0.000
70	  P	  0.0	  1.4	0.000	0.000	0.000
71	  G	  0.0	  1.6	0.000	0.000	0.000
72	  A	  0.2	  1.7	0.000	0.000	0.000
73	  S	  0.3	  0.6	0.431	0.000	0.000
74	  S	  0.3	  0.5	1.934	0.000	0.000
75	  E	  0.4	  0.5	1.934	0.000	0.000
76	  K	  0.4	  0.4	1.934	0.000	0.000
77	  N	  0.4	  0.4	1.934	0.000	0.000
78	  K	  0.2	  0.4	1.934	0.000	0.000
79	  K	  0.8	  0.2	1.680	0.000	0.000
80	  S	  1.0	  0.2	0.743	0.000	0.000
81	  Y	  1.0	  0.5	0.395	0.000	0.000
82	  P	  0.3	  0.4	0.000	0.000	0.000
83	  Q	  1.0	  0.4	0.000	0.000	0.000
84	  V	  8.5	  0.4	0.000	0.000	0.000
85	  K	  9.2	  0.0	0.000	0.000	0.000
86	  I	  8.4	  0.1	0.000	0.000	0.000
87	  C	  1.5	  0.1	0.000	0.000	0.000
88	  N	  1.5	  0.1	0.000	0.000	0.000
89	  Y	  2.1	  0.1	0.000	0.000	0.000
90	  V	  1.5	  0.1	0.000	0.000	0.000
91	  G	  0.8	  0.2	0.000	0.000	0.000
92	  P	  0.0	  0.2	0.000	0.000	0.000
93	  A	  0.3	  0.2	0.000	0.000	0.000
94	  K	  2.4	  0.1	0.000	0.000	0.000
95	  V	 16.3	  0.0	0.000	56.082	56.082
96	  I	 19.0	  0.0	0.000	60.585	60.585
97	  V	 20.8	  0.0	0.000	61.005	61.005
98	  Q	  7.7	  0.0	0.000	61.005	61.005
99	  L	  4.8	  0.0	0.000	61.005	61.005
100	  V	  2.8	  0.1	0.000	58.180	58.180
101	  T	  2.1	  2.3	0.000	22.127	22.127
102	  N	  1.8	  2.5	0.000	0.281	0.281
103	  G	  0.0	  2.7	0.000	0.000	0.000
104	  K	  0.4	  2.7	0.000	0.000	0.000
105	  N	  0.9	  0.4	0.000	0.000	0.000
106	  I	  3.5	  0.2	0.000	0.000	0.000
107	  H	  3.8	  0.0	0.000	0.000	0.000
108	  L	  3.7	  0.0	0.000	0.000	0.000
109	  H	  1.3	  0.2	0.000	0.000	0.000
110	  A	  0.8	  0.2	0.000	0.000	0.000
111	  H	  0.6	  0.3	0.000	0.000	0.000
112	  S	  0.6	  0.3	0.000	0.000	0.000
113	  L	  0.7	  0.3	0.000	0.000	0.000
114	  V	  0.6	  0.4	0.000	0.000	0.000
115	  G	  0.3	  0.5	0.000	0.000	0.000
116	  K	  0.3	  0.5	0.000	0.000	0.000
117	  H	  1.8	  0.4	0.000	0.000	0.000
118	  C	  2.4	  2.0	0.000	0.000	0.000
119	  E	  2.2	  2.1	0.000	0.000	0.000
120	  D	  0.6	  2.1	0.000	0.000	0.000
121	  G	  0.1	  2.1	0.168	0.000	0.000
122	  I	  0.8	  0.3	0.168	0.366	0.366
123	  C	  5.8	  0.0	0.304	0.366	0.366
124	  T	 16.4	  0.0	0.304	0.366	0.366
125	  V	 18.4	  0.0	0.304	0.366	0.366
126	  T	 13.7	  0.0	0.304	0.366	0.366
127	  A	  3.0	  0.0	0.304	0.167	0.167
128	  G	  0.1	  0.3	0.304	0.000	0.000
129	  P	  0.0	  0.6	0.000	0.000	0.000
130	  K	  0.0	  0.6	0.000	0.000	0.000
131	  D	  0.2	  0.6	0.000	0.000	0.000
132	  M	  2.6	  0.3	0.000	46.223	46.223
133	  V	  3.7	  0.1	0.000	51.102	51.102
134	  V	  3.6	  0.1	0.000	51.615	51.615
135	  G	  1.5	  0.1	0.000	51.615	51.615
136	  F	  0.6	  0.9	0.000	52.033	52.033
137	  A	  0.5	  0.8	0.000	37.857	37.857
138	  N	  0.4	  0.8	0.000	24.467	24.467
139	  L	  0.2	  0.8	0.000	24.000	24.000
140	  G	  0.2	  0.1	0.000	21.083	21.083
141	  I	  0.8	  0.0	0.000	20.853	20.853
142	  L	  2.0	  0.0	0.000	17.920	17.920
143	  H	  3.5	  0.0	0.000	1.903	1.903
144	  V	  4.8	  0.0	0.000	1.802	1.802
145	  T	  4.5	  0.1	0.000	0.322	0.322
146	  K	  2.9	  0.1	0.000	0.000	0.000
147	  K	  1.3	  0.1	0.000	0.000	0.000
148	  K	  1.2	  0.1	0.000	0.000	0.000
149	  V	  4.4	  0.0	0.000	0.000	0.000
150	  F	  4.6	  0.2	0.000	0.000	0.000
151	  E	  3.7	  0.2	0.000	0.000	0.000
152	  T	  1.5	  0.2	4.741	0.000	0.000
153	  L	  1.2	  0.2	4.741	0.000	0.000
154	  E	  1.3	  0.0	4.741	0.000	0.000
155	  A	  0.5	  0.0	4.741	0.000	0.000
156	  R	  1.1	  0.0	4.920	0.000	0.000
157	  M	  1.0	  0.0	4.920	0.000	0.000
158	  T	  0.9	  0.1	4.984	0.000	0.000
159	  E	  0.2	  0.1	4.984	0.000	0.000
160	  A	  0.5	  0.1	4.648	0.000	0.000
161	  C	  4.0	  0.0	4.094	0.000	0.000
162	  I	  6.1	  0.3	3.747	0.000	0.000
163	  R	  5.9	  0.3	3.747	0.000	0.000
164	  G	  2.6	  0.3	3.246	0.000	0.000
165	  Y	  0.6	  0.3	1.272	0.000	0.000
166	  N	  0.4	  0.7	0.699	0.000	0.000
167	  P	  0.2	  0.7	0.217	0.000	0.000
168	  G	  0.0	  0.7	0.217	0.000	0.000
169	  L	  0.9	  0.7	0.217	0.000	0.000
170	  L	  2.7	  0.0	0.217	0.000	0.000
171	  V	  3.0	  0.0	0.217	0.000	0.000
172	  H	  2.1	  2.0	0.356	0.000	0.000
173	  P	  0.4	  2.0	0.139	0.000	0.000
174	  D	  0.0	  2.0	1.070	0.000	0.000
175	  L	  0.3	  2.0	1.070	0.000	0.000
176	  A	  0.6	  0.0	1.070	0.000	0.000
177	  Y	  1.4	  0.0	1.070	0.000	0.000
178	  L	  1.5	  0.0	0.931	0.000	0.000
179	  Q	  1.4	  0.2	0.931	0.000	0.000
180	  A	  0.6	  0.5	0.528	0.000	0.000
181	  E	  0.2	  0.8	0.370	0.000	0.000
182	  G	  0.0	  0.8	0.124	0.000	0.000
183	  G	  0.0	  1.5	0.000	0.000	0.000
184	  G	  0.0	  1.2	0.000	0.000	0.000
185	  D	  0.0	  1.0	0.155	0.000	0.000
186	  R	  0.7	  1.0	0.155	0.000	0.000
187	  Q	  0.7	  0.2	0.155	0.000	0.000
188	  L	  0.7	  0.9	0.155	0.000	0.000
189	  G	  0.1	  0.9	5.621	0.000	0.000
190	  D	  0.0	  0.9	11.453	0.000	0.000
191	  R	  0.0	  0.9	11.594	0.000	0.000
192	  E	  0.1	  0.2	12.052	0.000	0.000
193	  K	  0.2	  0.2	12.401	0.000	0.000
194	  E	  0.2	  0.1	12.731	0.000	0.000
195	  L	  0.3	  0.1	12.587	0.000	0.000
196	  I	  2.2	  0.0	12.467	0.000	0.000
197	  R	  2.3	  0.0	12.862	0.000	0.000
198	  Q	  2.2	  0.0	11.277	0.000	0.000
199	  A	  0.3	  0.0	8.649	0.000	0.000
200	  A	  0.3	  0.0	7.755	0.000	0.000
201	  L	  0.4	  0.0	7.189	0.000	0.000
202	  Q	  0.4	  0.1	6.121	0.000	0.000
203	  Q	  0.5	  0.1	4.050	0.000	0.000
204	  T	  1.0	  0.1	0.268	0.000	0.000
205	  K	  1.0	  0.1	0.268	0.000	0.000
206	  E	  1.6	  0.1	0.000	0.000	0.000
207	  M	  2.1	  0.2	0.000	4.563	4.563
208	  D	  2.2	  0.3	1.121	4.964	4.964
209	  L	  3.1	  0.3	1.121	4.964	4.964
210	  S	  2.8	  0.3	3.012	4.964	4.964
211	  V	  5.3	  0.2	3.012	4.964	4.964
212	  V	  7.0	  0.0	3.012	4.964	4.964
213	  R	  6.5	  0.0	3.012	4.964	4.964
214	  L	  4.4	  0.0	2.894	18.509	18.509
215	  M	  1.3	  0.0	2.781	20.867	20.867
216	  F	  6.2	  0.0	1.918	20.867	20.867
217	  T	  6.4	  0.0	0.114	20.312	20.312
218	  A	  6.7	  0.0	0.114	19.982	19.982
219	  F	  1.7	  0.0	0.114	19.035	19.035
220	  L	  0.8	  0.7	0.000	5.527	5.527
221	  P	  0.2	  0.8	0.000	2.818	2.818
222	  D	  0.1	  1.4	0.000	0.000	0.000
223	  S	  0.1	  1.6	0.000	0.000	0.000
224	  T	  0.3	  1.5	0.000	0.000	0.000
225	  G	  0.3	  1.5	0.000	0.000	0.000
226	  S	  7.9	  0.8	0.122	0.000	0.000
227	  F	 10.8	  0.6	0.122	0.000	0.000
228	  T	 11.6	  0.1	0.122	0.000	0.000
229	  R	  4.4	  0.1	0.122	0.000	0.000
230	  R	  2.1	  0.1	0.122	0.000	0.000
231	  L	  1.3	  0.1	0.122	0.000	0.000
232	  E	  0.9	  0.0	0.122	0.000	0.000
233	  P	  0.1	  0.0	0.000	0.000	0.000
234	  V	  4.8	  0.0	0.000	0.000	0.000
235	  V	  5.0	  0.1	0.000	0.000	0.000
236	  S	  5.0	  0.2	0.000	0.000	0.000
237	  D	  0.3	  0.2	0.000	0.000	0.000
238	  A	  0.3	  0.2	0.000	0.000	0.000
239	  I	  0.6	  0.1	0.000	0.000	0.000
240	  Y	  1.5	  0.1	0.000	0.000	0.000
241	  D	  1.4	  0.3	0.000	0.000	0.000
242	  S	  1.3	  0.3	0.000	0.000	0.000
243	  K	  0.4	  0.3	0.000	0.000	0.000
244	  A	  0.3	  1.0	0.000	0.000	0.000
245	  P	  0.0	  0.9	0.000	0.000	0.000
246	  N	  0.1	  2.7	0.125	0.000	0.000
247	  A	  0.1	  2.9	0.125	0.000	0.000
248	  S	  0.1	  2.0	0.125	0.000	0.000
249	  N	  0.3	  2.0	0.125	0.000	0.000
250	  L	  1.9	  0.2	0.125	0.000	0.000
251	  K	  3.3	  0.0	0.125	0.000	0.000
252	  I	  7.8	  0.0	0.000	0.000	0.000
253	  V	 10.2	  0.0	0.000	0.000	0.000
254	  R	 10.9	  0.2	0.000	0.000	0.000
255	  M	  6.4	  0.3	0.000	0.000	0.000
256	  D	  2.5	  0.4	0.000	0.000	0.000
257	  R	  0.2	  0.4	0.000	0.000	0.000
258	  T	  0.2	  0.9	0.000	0.000	0.000
259	  A	  0.2	  1.0	0.000	0.000	0.000
260	  G	  0.1	  0.8	0.000	0.000	0.000
261	  C	  0.5	  0.8	0.000	0.000	0.000
262	  V	  1.2	  0.1	0.000	0.000	0.000
263	  T	  1.2	  0.3	0.000	0.000	0.000
264	  G	  0.7	  0.4	0.000	0.000	0.000
265	  G	  0.0	  0.5	0.000	0.000	0.000
266	  E	  0.0	  0.4	0.000	0.000	0.000
267	  E	  0.6	  0.1	0.000	0.000	0.000
268	  I	  2.0	  0.1	0.000	4.995	4.995
269	  Y	  2.8	  0.0	0.000	4.995	4.995
270	  L	  3.5	  0.0	0.000	4.995	4.995
271	  L	  2.3	  0.0	0.000	4.995	4.995
272	  C	  1.8	  0.1	0.000	4.995	4.995
273	  D	  0.7	  0.1	0.000	0.247	0.247
274	  K	  2.0	  0.1	0.000	0.247	0.247
275	  V	  2.4	  0.1	0.000	0.247	0.247
276	  Q	  2.4	  0.3	0.000	0.000	0.000
277	  K	  0.9	  0.5	0.000	0.000	0.000
278	  D	  0.2	  0.5	0.358	0.000	0.000
279	  D	  0.4	  0.5	0.833	0.000	0.000
280	  I	  1.5	  0.2	0.833	0.000	0.000
281	  Q	  2.6	  0.0	0.833	0.000	0.000
282	  I	  5.7	  0.0	0.833	0.000	0.000
283	  R	  5.8	  0.0	0.833	0.000	0.000
284	  F	  7.0	  0.0	0.699	0.000	0.000
285	  Y	  4.3	  0.1	0.000	0.000	0.000
286	  E	  3.0	  0.1	0.000	0.000	0.000
287	  E	  0.7	  0.1	0.000	0.000	0.000
288	  E	  0.0	  0.6	0.000	0.000	0.000
289	  E	  0.0	  1.1	0.000	0.000	0.000
290	  N	  0.0	  1.4	0.000	0.000	0.000
291	  G	  0.0	  1.4	0.000	0.000	0.000
292	  G	  0.0	  0.9	0.000	0.000	0.000
293	  V	  2.4	  0.3	0.000	0.000	0.000
294	  W	  2.5	  0.4	0.000	0.000	0.000
295	  E	  2.4	  0.4	0.000	0.000	0.000
296	  G	  0.1	  0.6	0.000	0.000	0.000
297	  F	  0.1	  4.1	0.000	0.000	0.000
298	  G	  0.1	  3.7	0.000	0.000	0.000
299	  D	  1.2	  3.7	0.000	0.000	0.000
300	  F	  1.5	  3.4	0.000	0.000	0.000
301	  S	  1.5	  0.5	0.977	0.000	0.000
302	  P	  0.4	  0.6	0.977	0.000	0.000
303	  T	  0.5	  0.6	1.385	0.000	0.000
304	  D	  0.9	  0.6	1.538	0.000	0.000
305	  V	  2.5	  0.1	1.538	0.000	0.000
306	  H	  2.6	  0.1	1.538	0.000	0.000
307	  R	  4.1	  0.1	1.333	0.000	0.000
308	  Q	  2.9	  0.1	1.203	2.127	2.127
309	  F	  3.2	  0.1	0.585	58.379	58.379
310	  A	  2.0	  0.0	0.000	58.379	58.379
311	  I	  6.6	  0.0	0.000	58.379	58.379
312	  V	  6.9	  0.0	0.000	58.379	58.379
313	  F	  7.0	  0.0	0.000	58.219	58.219
314	  K	  2.0	  0.0	0.000	0.000	0.000
315	  T	  0.7	  0.2	0.000	0.000	0.000
316	  P	  0.1	  0.2	0.000	0.000	0.000
317	  K	  1.0	  0.2	0.000	0.000	0.000
318	  Y	  1.4	  0.6	0.000	0.000	0.000
319	  K	  1.6	  0.4	0.000	0.000	0.000
320	  D	  1.5	  0.6	0.000	0.000	0.000
321	  I	  8.8	  0.6	0.000	0.000	0.000
322	  N	 11.0	  0.2	0.000	0.000	0.000
323	  I	 14.8	  0.2	0.000	0.000	0.000
324	  T	  7.6	  0.0	0.000	0.000	0.000
325	  K	  4.9	  0.0	0.000	0.000	0.000
326	  P	  0.2	  0.1	0.000	0.000	0.000
327	  A	  0.4	  0.1	0.000	3.788	3.788
328	  S	  1.3	  0.1	0.325	4.313	4.313
329	  V	  7.2	  0.1	0.325	7.127	7.127
330	  F	  8.1	  0.0	0.451	7.127	7.127
331	  V	 11.6	  0.0	0.451	7.127	7.127
332	  Q	  6.6	  0.0	0.451	3.338	3.338
333	  L	  5.3	  0.0	0.451	3.163	3.163
334	  R	  1.2	  0.1	0.451	0.000	0.000
335	  R	  0.5	  0.2	0.299	0.000	0.000
336	  K	  0.4	  0.7	0.000	0.000	0.000
337	  S	  0.2	  0.7	0.000	0.000	0.000
338	  D	  0.3	  0.6	0.000	0.000	0.000
339	  L	  0.3	  0.6	0.000	0.000	0.000
340	  E	  0.4	  0.1	0.000	0.000	0.000
341	  T	  0.5	  0.1	0.000	0.000	0.000
342	  S	  0.5	  0.1	0.000	0.000	0.000
343	  E	  0.5	  0.0	0.000	0.000	0.000
344	  P	  0.1	  0.0	0.000	0.000	0.000
345	  K	  0.1	  0.0	0.000	0.000	0.000
346	  P	  0.0	  0.0	0.000	0.000	0.000
347	  F	  0.8	  0.0	0.000	0.674	0.674
348	  L	  1.7	  0.0	0.000	0.674	0.674
349	  Y	  1.9	  0.0	0.000	0.674	0.674
350	  Y	  1.2	  0.3	0.113	0.674	0.674
351	  P	  0.2	  0.3	0.113	0.674	0.674
352	  E	  5.7	  0.3	0.575	0.000	0.000
353	  I	  5.9	  0.4	1.046	0.000	0.000
354	  K	  6.0	  0.1	1.686	0.000	0.000
355	  D	  0.3	  0.2	12.309	0.000	0.000
356	  K	  0.2	  0.3	14.380	0.000	0.000
357	  E	  0.2	  0.2	16.315	0.000	0.000
358	  E	  2.5	  0.2	16.994	0.000	0.000
359	  V	  3.2	  0.1	17.197	0.000	0.000
360	  Q	  3.4	  0.0	17.197	0.000	0.000
361	  R	  1.3	  0.1	16.646	0.000	0.000
362	  K	  0.7	  0.1	16.259	0.000	0.000
363	  R	  0.7	  0.1	10.784	0.000	0.000
364	  Q	  0.8	  0.1	7.790	0.000	0.000
365	  K	  1.0	  0.1	3.584	0.000	0.000
366	  L	  0.9	  0.1	1.378	0.000	0.000
367	  M	  0.6	  1.8	0.824	0.000	0.000
368	  P	  0.1	  1.8	0.000	0.000	0.000
369	  N	  1.1	  2.0	0.000	0.000	0.000
370	  F	  1.4	  2.3	0.000	0.000	0.000
371	  S	  1.4	  1.1	0.000	0.000	0.000
372	  D	  0.9	  1.4	0.000	0.000	0.000
373	  S	  1.4	  1.3	0.000	0.000	0.000
374	  F	  1.4	  1.5	0.000	0.000	0.000
375	  G	  0.9	  1.0	0.000	0.000	0.000
376	  G	  0.1	  1.5	0.000	0.000	0.000
377	  G	  0.0	  1.6	0.000	0.000	0.000
378	  S	  0.0	  1.8	0.000	0.000	0.000
379	  G	  0.0	  2.2	0.000	0.000	0.000
380	  A	  0.0	  1.7	0.000	0.000	0.000
381	  G	  0.0	  1.8	0.000	0.000	0.000
382	  A	  0.0	  1.3	0.000	0.000	0.000
383	  G	  0.0	  1.0	0.000	0.000	0.000
384	  G	  0.0	  0.8	0.000	0.000	0.000
385	  G	  0.0	  0.4	0.000	0.000	0.000
386	  G	  0.0	  0.3	0.000	0.000	0.000
387	  M	  0.2	  0.3	0.000	0.000	0.000
388	  F	  0.4	  2.5	0.000	0.000	0.000
389	  G	  0.3	  2.7	0.000	0.000	0.000
390	  S	  0.2	  3.1	0.000	0.000	0.000
391	  G	  0.0	  3.0	0.000	0.000	0.000
392	  G	  0.0	  0.9	0.000	0.000	0.000
393	  G	  0.0	  0.8	0.000	0.000	0.000
394	  G	  0.0	  0.6	0.000	0.000	0.000
395	  G	  0.0	  0.7	0.000	0.000	0.000
396	  G	  0.0	  0.8	0.000	0.000	0.000
397	  T	  0.2	  1.8	0.000	0.000	0.000
398	  G	  0.2	  1.9	0.000	0.000	0.000
399	  S	  0.3	  1.7	0.000	0.000	0.000
400	  T	  0.1	  1.6	0.000	0.000	0.000
401	  G	  0.1	  2.0	0.000	0.000	0.000
402	  P	  0.0	  1.7	0.000	0.000	0.000
403	  G	  0.1	  1.7	0.000	0.000	0.000
404	  Y	 10.3	  1.6	0.000	0.000	0.000
405	  S	 10.6	  0.0	0.000	0.000	0.000
406	  F	 10.5	  0.3	0.000	0.000	0.000
407	  P	  0.3	  0.3	0.000	0.000	0.000
408	  H	  0.8	  0.5	0.000	0.000	0.000
409	  Y	  1.1	  0.5	0.000	0.000	0.000
410	  G	  1.1	  0.2	0.000	0.000	0.000
411	  F	  0.4	  0.5	0.000	0.000	0.000
412	  P	  0.0	  0.3	0.000	0.000	0.000
413	  T	  0.9	  0.3	0.000	0.000	0.000
414	  Y	  0.9	  3.2	0.000	0.130	0.130
415	  G	  0.9	  3.0	0.000	0.130	0.130
416	  G	  0.3	  3.0	0.000	0.130	0.130
417	  I	 15.0	  3.0	0.000	0.130	0.130
418	  T	 24.8	  0.1	0.000	0.130	0.130
419	  F	 24.7	  0.0	0.000	0.130	0.130
420	  H	 10.9	  1.5	0.000	0.000	0.000
421	  P	  0.2	  1.7	0.000	0.000	0.000
422	  G	  0.0	  1.7	0.000	0.000	0.000
423	  T	  2.9	  1.7	0.000	0.000	0.000
424	  T	  6.2	  0.4	0.000	0.000	0.000
425	  K	  6.2	  0.4	0.000	0.000	0.000
426	  S	  3.5	  0.4	0.000	0.000	0.000
427	  N	  0.0	  0.8	0.000	0.000	0.000
428	  A	  0.0	  0.6	0.000	0.000	0.000
429	  G	  0.1	  0.4	0.000	0.000	0.000
430	  M	  0.4	  0.6	0.000	0.000	0.000
431	  K	  0.5	  0.7	0.000	0.000	0.000
432	  H	  0.5	  1.0	0.000	0.000	0.000
433	  G	  0.1	  1.0	0.000	0.000	0.000
434	  T	  1.8	  0.9	0.000	0.000	0.000
435	  M	  2.0	  0.5	0.000	0.000	0.000
436	  D	  2.1	  0.2	0.146	0.000	0.000
437	  T	  0.7	  0.4	0.634	0.000	0.000
438	  E	  0.8	  0.3	0.634	0.000	0.000
439	  S	  0.8	  0.3	0.634	0.000	0.000
440	  K	  0.7	  0.3	0.634	0.000	0.000
441	  K	  0.2	  0.1	0.634	0.000	0.000
442	  D	  0.1	  1.9	0.487	0.000	0.000
443	  P	  0.0	  2.7	0.000	0.000	0.000
444	  E	  0.0	  3.3	0.000	0.000	0.000
445	  G	  0.1	  3.3	0.000	0.000	0.000
446	  C	  0.4	  1.5	0.000	0.000	0.000
447	  D	  0.4	  2.5	0.000	0.000	0.000
448	  K	  0.4	  2.4	0.000	0.000	0.000
449	  S	  0.1	  3.7	0.000	0.000	0.000
450	  D	  0.0	  3.7	0.000	0.000	0.000
451	  D	  0.0	  3.8	0.524	0.000	0.000
452	  K	  0.4	  3.3	0.524	0.000	0.000
453	  N	  1.3	  2.1	0.680	0.000	0.000
454	  T	  6.8	  2.0	0.680	0.146	0.146
455	  V	  9.9	  0.0	0.680	0.146	0.146
456	  N	  9.5	  0.0	0.680	0.146	0.146
457	  L	  4.2	  0.2	0.372	0.146	0.146
458	  F	  0.8	  0.4	0.372	0.146	0.146
459	  G	  0.3	  0.4	0.000	0.000	0.000
460	  K	  2.6	  0.4	0.000	0.000	0.000
461	  V	  5.8	  0.2	0.000	0.000	0.000
462	  I	  6.3	  0.0	0.000	0.000	0.000
463	  E	  4.1	  0.0	0.000	0.000	0.000
464	  T	  1.0	  0.1	0.000	0.000	0.000
465	  T	  0.6	  0.2	0.000	0.000	0.000
466	  E	  0.6	  0.2	0.000	0.000	0.000
467	  Q	  0.4	  0.3	0.000	0.000	0.000
468	  D	  0.6	  0.2	0.000	0.000	0.000
469	  Q	  0.5	  0.1	0.000	0.000	0.000
470	  E	  0.3	  0.2	0.000	0.000	0.000
471	  P	  0.0	  0.3	0.000	0.000	0.000
472	  S	  0.0	  0.3	0.586	0.000	0.000
473	  E	  0.2	  0.3	0.586	0.000	0.000
474	  A	  1.0	  0.1	0.586	0.000	0.000
475	  T	  1.5	  0.0	0.586	0.000	0.000
476	  V	  1.3	  2.2	0.586	0.000	0.000
477	  G	  0.6	  2.8	0.586	0.000	0.000
478	  N	  0.1	  2.8	0.133	0.000	0.000
479	  G	  0.0	  2.8	0.000	0.000	0.000
480	  E	  4.7	  0.6	0.000	0.000	0.000
481	  V	 11.3	  0.0	0.000	4.530	4.530
482	  T	 13.9	  0.0	0.000	4.530	4.530
483	  L	 12.9	  0.0	0.000	4.863	4.863
484	  T	  9.6	  0.0	0.000	4.863	4.863
485	  Y	  7.1	  0.3	0.000	4.863	4.863
486	  A	  3.5	  0.3	0.000	3.221	3.221
487	  T	  0.4	  0.4	0.000	1.832	1.832
488	  G	  0.1	  0.5	0.000	0.675	0.675
489	  T	  0.8	  0.3	0.000	0.121	0.121
490	  K	  0.9	  0.3	0.000	0.000	0.000
491	  E	  0.9	  0.2	0.000	0.000	0.000
492	  E	  0.3	  0.3	0.000	0.000	0.000
493	  S	  0.2	  0.7	0.000	0.000	0.000
494	  A	  0.2	  0.6	0.000	0.000	0.000
495	  G	  0.2	  0.5	0.000	0.000	0.000
496	  V	  1.2	  0.6	0.000	0.000	0.000
497	  Q	  1.2	  0.2	0.000	0.000	0.000
498	  D	  1.1	  0.3	0.144	0.000	0.000
499	  N	  0.6	  0.3	0.705	0.000	0.000
500	  L	  1.3	  0.1	0.958	0.000	0.000
501	  F	  2.0	  0.0	2.522	0.000	0.000
502	  L	  1.5	  0.1	3.650	0.000	0.000
503	  E	  0.9	  0.1	3.893	0.000	0.000
504	  K	  0.3	  0.1	4.109	0.000	0.000
505	  A	  0.4	  0.1	4.128	0.000	0.000
506	  M	  2.2	  0.0	4.128	0.000	0.000
507	  Q	  2.2	  0.0	3.993	0.000	0.000
508	  L	  2.1	  0.0	3.704	0.000	0.000
509	  A	  0.3	  0.1	3.704	0.000	0.000
510	  K	  0.5	  0.1	3.378	0.000	0.000
511	  R	  0.7	  0.1	0.661	0.000	0.000
512	  H	  0.7	  0.8	0.000	0.000	0.000
513	  A	  0.4	  0.8	0.000	0.282	0.282
514	  N	  0.2	  0.7	0.000	0.282	0.282
515	  A	  0.2	  0.7	0.000	0.282	0.282
516	  L	  0.6	  0.1	0.000	0.282	0.282
517	  F	  2.9	  0.1	0.000	0.282	0.282
518	  D	  2.8	  0.1	0.000	0.000	0.000
519	  Y	  3.7	  0.1	0.000	1.758	1.758
520	  A	  1.7	  0.0	0.000	2.270	2.270
521	  V	  2.2	  0.0	0.000	2.270	2.270
522	  T	  1.0	  0.3	0.538	2.270	2.270
523	  G	  0.6	  0.4	1.784	2.270	2.270
524	  D	  1.3	  0.4	6.724	2.400	2.400
525	  V	  8.4	  0.3	6.845	2.400	2.400
526	  K	  8.6	  0.0	7.028	2.400	2.400
527	  M	  8.4	  0.0	7.158	4.877	4.877
528	  L	  1.5	  0.0	7.158	4.877	4.877
529	  L	  1.5	  0.0	7.158	4.877	4.877
530	  A	  1.0	  0.0	7.037	4.877	4.877
531	  V	  1.7	  0.0	5.920	4.877	4.877
532	  Q	  1.7	  0.1	5.788	0.000	0.000
533	  R	  1.7	  0.1	1.873	0.000	0.000
534	  H	  1.4	  0.1	1.109	0.000	0.000
535	  L	  1.8	  0.0	0.103	0.000	0.000
536	  T	  2.2	  0.0	0.000	0.000	0.000
537	  A	  2.0	  0.0	0.000	0.000	0.000
538	  V	  2.2	  0.1	0.000	0.000	0.000
539	  Q	  1.5	  0.1	0.000	0.000	0.000
540	  D	  1.0	  9.7	0.000	0.000	0.000
541	  E	  0.1	 10.2	0.000	0.000	0.000
542	  N	  0.0	 11.4	0.000	0.000	0.000
543	  G	  0.0	 11.4	0.000	0.000	0.000
544	  D	  0.1	  1.9	0.000	0.000	0.000
545	  S	  0.7	  1.3	0.110	0.603	0.603
546	  V	  3.2	  0.1	0.110	6.703	6.703
547	  L	  4.1	  0.0	0.110	7.952	7.952
548	  H	  3.9	  0.0	0.110	8.183	8.183
549	  L	  1.8	  0.0	0.110	9.388	9.388
550	  A	  1.4	  0.0	0.110	9.571	9.571
551	  I	  2.2	  0.0	0.110	9.571	9.571
552	  I	  4.5	  0.0	0.110	9.082	9.082
553	  H	  4.4	  0.0	0.110	1.655	1.655
554	  L	  3.5	  0.0	0.000	1.448	1.448
555	  H	  0.9	  0.2	0.000	0.000	0.000
556	  S	  0.4	  0.2	1.091	0.000	0.000
557	  Q	  1.1	  0.2	1.091	0.000	0.000
558	  L	  1.2	  0.2	1.091	0.000	0.000
559	  V	  1.9	  0.1	1.091	0.000	0.000
560	  R	  1.1	  0.1	1.091	0.000	0.000
561	  D	  0.9	  0.1	1.091	0.000	0.000
562	  L	  0.2	  0.1	0.841	0.000	0.000
563	  L	  1.8	  0.0	0.841	0.000	0.000
564	  E	  7.1	  0.0	0.680	0.000	0.000
565	  V	  9.8	  0.0	0.000	0.000	0.000
566	  T	  8.2	  0.2	0.000	0.000	0.000
567	  S	  2.9	  0.2	0.000	0.000	0.000
568	  G	  0.1	  0.2	0.000	0.000	0.000
569	  L	  0.5	  0.1	0.000	0.000	0.000
570	  I	  0.5	  0.2	0.000	0.000	0.000
571	  S	  0.5	  1.1	0.141	0.000	0.000
572	  D	  0.1	  1.1	0.547	0.000	0.000
573	  D	  1.6	  1.1	0.820	0.000	0.000
574	  I	  2.6	  1.0	0.820	0.000	0.000
575	  I	  7.2	  0.0	0.820	0.000	0.000
576	  N	  6.4	  0.0	1.088	0.000	0.000
577	  M	  5.6	  0.2	1.088	0.000	0.000
578	  R	  1.3	  0.3	0.693	0.000	0.000
579	  N	  0.4	  0.3	0.267	0.000	0.000
580	  D	  0.4	  0.3	0.267	0.000	0.000
581	  L	  0.6	  0.2	0.267	0.000	0.000
582	  Y	  1.4	  0.0	0.267	0.000	0.000
583	  Q	  1.1	  0.0	0.136	0.000	0.000
584	  T	  0.9	  0.2	0.000	0.000	0.000
585	  P	  0.0	  0.2	0.000	0.000	0.000
586	  L	  1.1	  0.2	0.000	0.940	0.940
587	  H	  1.4	  0.2	0.000	0.940	0.940
588	  L	  1.7	  0.0	0.000	7.634	7.634
589	  A	  1.7	  0.0	0.000	7.634	7.634
590	  V	  5.7	  0.0	0.000	7.634	7.634
591	  I	  7.8	  0.0	0.000	7.506	7.506
592	  T	  8.0	  0.1	0.000	6.997	6.997
593	  K	  4.1	  0.1	0.000	0.000	0.000
594	  Q	  1.6	  0.3	0.000	0.000	0.000
595	  E	  0.3	  0.3	0.109	0.000	0.000
596	  D	  1.1	  0.2	4.740	0.000	0.000
597	  V	  4.8	  0.2	7.159	0.000	0.000
598	  V	  5.5	  0.1	8.639	0.000	0.000
599	  E	  4.5	  0.1	9.332	0.000	0.000
600	  D	  0.8	  0.1	11.138	0.000	0.000
601	  L	  0.1	  0.1	11.138	0.000	0.000
602	  L	  0.5	  0.1	11.138	0.000	0.000
603	  R	  0.6	  0.3	11.138	0.000	0.000
604	  A	  0.4	  0.5	10.689	0.000	0.000
605	  G	  0.1	  0.9	8.655	0.000	0.000
606	  A	  0.1	  0.8	1.237	0.000	0.000
607	  D	  0.2	  0.8	1.033	0.000	0.000
608	  L	  1.8	  0.7	0.710	0.000	0.000
609	  S	  1.9	  0.3	10.421	0.000	0.000
610	  L	  2.1	  0.3	10.421	0.000	0.000
611	  L	  0.6	  0.1	10.421	0.000	0.000
612	  D	  0.4	  0.3	10.421	0.000	0.000
613	  R	  0.1	  0.3	10.251	0.000	0.000
614	  L	  0.1	  1.3	10.116	0.000	0.000
615	  G	  0.1	  1.3	8.029	0.000	0.000
616	  N	  0.3	  1.0	3.982	0.000	0.000
617	  S	  0.8	  1.0	0.748	0.000	0.000
618	  V	  3.2	  0.0	0.113	0.297	0.297
619	  L	  4.1	  0.0	0.113	0.297	0.297
620	  H	  3.8	  0.0	0.354	0.297	0.297
621	  L	  1.5	  0.0	0.354	0.297	0.297
622	  A	  0.5	  0.0	0.354	0.297	0.297
623	  A	  0.2	  0.2	0.354	0.297	0.297
624	  K	  0.1	  0.6	0.354	0.000	0.000
625	  E	  0.1	  0.8	0.241	0.000	0.000
626	  G	  0.1	  0.9	0.277	0.000	0.000
627	  H	  0.1	  0.7	0.808	0.000	0.000
628	  D	  0.1	  0.3	4.388	0.000	0.000
629	  K	  1.0	  0.1	4.936	0.000	0.000
630	  V	  3.7	  0.1	5.427	63.538	63.538
631	  L	  5.2	  0.0	5.549	64.148	64.148
632	  S	  4.6	  0.0	7.284	64.148	64.148
633	  I	  4.6	  0.0	7.284	64.148	64.148
634	  L	  3.3	  0.0	7.284	64.148	64.148
635	  L	  3.3	  0.1	7.284	54.309	54.309
636	  K	  0.8	  0.1	7.059	0.000	0.000
637	  H	  0.7	  0.2	3.120	0.000	0.000
638	  K	  0.5	  0.2	0.361	0.000	0.000
639	  K	  0.4	  0.1	0.000	0.000	0.000
640	  A	  0.4	  0.1	0.000	6.448	6.448
641	  A	  0.6	  0.0	0.000	6.448	6.448
642	  L	  1.4	  0.0	0.000	6.448	6.448
643	  L	  1.6	  0.0	0.000	6.448	6.448
644	  L	  1.8	  0.0	0.000	6.448	6.448
645	  D	  0.8	  0.0	0.000	0.000	0.000
646	  H	  0.5	  5.2	0.000	0.000	0.000
647	  P	  0.0	  5.4	0.000	0.000	0.000
648	  N	  0.0	  7.4	0.000	0.000	0.000
649	  G	  0.0	  7.5	0.000	0.000	0.000
650	  D	  0.0	  2.3	0.000	0.000	0.000
651	  G	  0.1	  2.3	0.280	0.000	0.000
652	  L	  0.4	  0.4	0.280	0.000	0.000
653	  N	  0.5	  0.2	1.437	0.000	0.000
654	  A	  0.9	  0.1	1.437	0.000	0.000
655	  I	  3.3	  0.0	1.437	0.000	0.000
656	  H	  3.5	  0.0	1.437	0.000	0.000
657	  L	  3.3	  0.0	1.289	0.000	0.000
658	  A	  1.0	  0.0	1.289	0.000	0.000
659	  M	  1.3	  0.0	1.102	0.000	0.000
660	  M	  1.1	  0.2	0.527	0.000	0.000
661	  S	  0.8	  0.4	0.245	0.000	0.000
662	  N	  0.2	  0.4	0.118	0.000	0.000
663	  S	  0.3	  0.4	0.136	0.000	0.000
664	  L	  0.2	  0.2	0.256	0.000	0.000
665	  P	  0.2	  0.0	1.572	0.186	0.186
666	  C	  1.2	  0.0	3.136	15.629	15.629
667	  L	  2.1	  0.0	3.136	86.600	86.600
668	  L	  3.0	  0.0	3.289	94.606	94.606
669	  L	  2.7	  0.0	3.289	95.352	95.352
670	  L	  2.7	  0.0	3.289	95.352	95.352
671	  V	  3.0	  0.0	3.121	94.858	94.858
672	  A	  2.2	  0.3	3.121	61.781	61.781
673	  A	  1.3	  0.5	2.610	29.601	29.601
674	  G	  0.0	  0.9	2.297	1.691	1.691
675	  A	  0.1	  0.9	0.000	0.775	0.775
676	  D	  1.0	  1.2	0.000	0.000	0.000
677	  V	  1.8	  1.0	0.000	0.000	0.000
678	  N	  1.8	  0.8	1.030	0.000	0.000
679	  A	  1.0	  0.8	1.030	0.000	0.000
680	  Q	  0.1	  0.3	1.030	0.000	0.000
681	  E	  0.4	  0.3	1.030	0.000	0.000
682	  Q	  0.6	  0.4	1.030	0.000	0.000
683	  K	  0.6	  0.6	1.030	0.000	0.000
684	  S	  0.4	  1.4	0.517	0.000	0.000
685	  G	  0.2	  1.5	0.269	0.000	0.000
686	  R	  0.2	  1.2	0.000	0.000	0.000
687	  T	  0.6	  1.0	0.000	0.185	0.185
688	  A	  0.9	  0.1	0.000	0.498	0.498
689	  L	  1.9	  0.0	0.000	0.498	0.498
690	  H	  1.7	  0.0	0.000	0.498	0.498
691	  L	  1.8	  0.0	0.000	0.498	0.498
692	  A	  1.0	  0.0	0.000	0.498	0.498
693	  V	  3.7	  0.0	0.000	0.498	0.498
694	  E	  3.6	  0.1	0.000	0.000	0.000
695	  H	  3.4	  0.3	0.000	0.000	0.000
696	  D	  0.5	  0.3	0.000	0.000	0.000
697	  N	  1.4	  0.3	0.139	0.000	0.000
698	  I	  5.1	  0.3	0.139	0.146	0.146
699	  S	  5.1	  0.0	0.139	0.146	0.146
700	  L	  3.9	  0.5	0.139	0.442	0.442
701	  A	  0.2	  0.8	0.139	0.442	0.442
702	  G	  0.1	  0.8	0.139	0.442	0.442
703	  C	  1.3	  0.8	0.000	0.442	0.442
704	  L	  2.2	  0.3	0.000	0.442	0.442
705	  L	  2.3	  0.0	0.000	0.442	0.442
706	  L	  1.1	  0.4	0.000	0.442	0.442
707	  E	  0.1	  1.5	0.000	0.000	0.000
708	  G	  0.0	  1.5	0.000	0.000	0.000
709	  D	  0.0	  1.5	0.000	0.000	0.000
710	  A	  0.3	  1.2	0.000	0.000	0.000
711	  H	  1.7	  0.1	0.000	0.000	0.000
712	  V	  2.7	  0.1	0.000	0.000	0.000
713	  D	  2.4	  0.3	0.000	0.000	0.000
714	  S	  1.7	  0.3	0.000	0.000	0.000
715	  T	  4.2	  0.2	0.000	0.000	0.000
716	  T	 11.6	  0.4	0.000	0.000	0.000
717	  Y	 11.3	  0.7	0.000	0.000	0.000
718	  D	  7.8	  1.0	0.000	0.000	0.000
719	  G	  0.4	  1.0	0.000	0.000	0.000
720	  T	  0.2	  0.8	0.000	0.000	0.000
721	  T	  0.2	  0.4	0.000	0.000	0.000
722	  P	  0.2	  0.1	0.000	0.000	0.000
723	  L	  3.4	  0.1	0.000	0.000	0.000
724	  H	  8.1	  0.1	0.000	0.000	0.000
725	  I	  9.0	  0.0	0.000	0.000	0.000
726	  A	  5.7	  0.4	0.000	0.000	0.000
727	  A	  1.0	  0.7	0.000	0.000	0.000
728	  G	  0.1	  1.0	0.000	0.000	0.000
729	  R	  0.1	  1.2	0.000	0.000	0.000
730	  G	  0.1	  0.9	0.683	0.000	0.000
731	  S	  0.7	  0.6	4.090	0.000	0.000
732	  T	  1.1	  0.4	10.240	0.000	0.000
733	  R	  1.1	  0.1	11.777	0.000	0.000
734	  L	  0.6	  0.1	12.085	0.841	0.841
735	  A	  0.3	  0.0	12.350	0.841	0.841
736	  A	  0.5	  0.0	12.350	0.841	0.841
737	  L	  0.6	  0.0	12.350	0.841	0.841
738	  L	  0.8	  0.0	11.721	0.841	0.841
739	  K	  0.6	  0.0	10.921	0.000	0.000
740	  A	  0.5	  0.3	6.690	0.000	0.000
741	  A	  0.2	  0.5	5.087	0.000	0.000
742	  G	  0.1	  0.5	3.874	0.000	0.000
743	  A	  0.0	  0.5	0.352	0.000	0.000
744	  D	  0.0	  0.3	0.000	0.000	0.000
745	  P	  0.0	  0.1	0.000	0.000	0.000
746	  L	  0.2	  0.1	0.000	0.000	0.000
747	  V	  1.3	  0.5	0.000	0.000	0.000
748	  E	  1.4	  0.3	0.000	0.000	0.000
749	  N	  7.7	  0.3	0.000	0.000	0.000
750	  F	  7.3	  0.3	0.000	0.000	0.000
751	  E	  7.2	  0.0	0.000	0.000	0.000
752	  P	  0.7	  0.0	0.000	0.000	0.000
753	  L	  0.4	  0.0	0.000	0.000	0.000
754	  Y	  1.6	  0.0	0.000	0.000	0.000
755	  D	  1.7	  1.8	0.000	0.000	0.000
756	  L	  1.4	  1.9	0.000	0.000	0.000
757	  D	  0.2	  2.4	0.000	0.000	0.000
758	  D	  0.6	  2.4	0.000	0.000	0.000
759	  S	  5.4	  0.6	0.000	0.000	0.000
760	  W	  5.9	  0.7	0.000	0.000	0.000
761	  E	  5.5	  0.3	0.000	0.000	0.000
762	  N	  0.6	  1.1	0.000	0.000	0.000
763	  A	  0.0	  1.2	0.000	0.000	0.000
764	  G	  0.0	  1.3	0.000	0.000	0.000
765	  E	  0.0	  1.4	0.000	0.000	0.000
766	  D	  0.0	  1.1	0.000	0.000	0.000
767	  E	  0.0	  0.9	0.000	0.000	0.000
768	  G	  0.0	  0.6	0.000	0.000	0.000
769	  V	  0.6	  0.5	0.000	0.000	0.000
770	  V	  0.6	  0.5	0.000	0.000	0.000
771	  P	  0.6	  0.7	0.000	0.000	0.000
772	  G	  0.1	  0.7	0.000	0.000	0.000
773	  T	  0.3	  0.7	0.000	0.000	0.000
774	  T	  0.3	  0.5	0.000	0.000	0.000
775	  P	  0.2	  0.3	0.000	0.000	0.000
776	  L	  1.1	  0.3	0.000	0.000	0.000
777	  D	  1.1	  0.3	0.750	0.000	0.000
778	  M	  1.2	  0.1	0.750	0.000	0.000
779	  A	  0.3	  0.0	0.750	0.000	0.000
780	  T	  1.5	  0.0	0.750	0.000	0.000
781	  S	  3.6	  0.0	0.896	0.000	0.000
782	  W	  4.9	  0.0	0.896	0.000	0.000
783	  Q	  4.7	  0.0	0.609	0.000	0.000
784	  V	  5.5	  0.0	0.264	0.000	0.000
785	  F	  7.0	  0.0	0.264	0.000	0.000
786	  D	  6.0	  0.0	0.489	0.000	0.000
787	  I	  3.7	  0.1	0.489	0.000	0.000
788	  L	  0.7	  6.4	0.489	0.000	0.000
789	  N	  0.6	  6.4	0.489	0.000	0.000
790	  G	  0.1	  6.4	0.489	0.000	0.000
791	  K	  0.0	  6.2	0.226	0.000	0.000
792	  P	  0.0	  0.0	0.000	0.000	0.000
793	  Y	  0.6	  0.0	0.000	0.000	0.000
794	  E	  0.6	  0.1	0.000	0.000	0.000
795	  P	  0.6	  0.1	0.000	0.000	0.000
796	  E	  2.5	  0.1	0.000	0.000	0.000
797	  F	  5.5	  0.2	0.000	0.000	0.000
798	  T	  5.5	  0.4	0.875	0.000	0.000
799	  S	  3.1	  1.6	1.051	0.000	0.000
800	  D	  0.1	  1.6	1.799	0.000	0.000
801	  D	  0.0	  1.6	2.042	0.000	0.000
802	  L	  0.2	  1.2	2.042	0.000	0.000
803	  L	  0.3	  0.2	2.042	0.000	0.000
804	  A	  0.3	  0.4	1.999	0.000	0.000
805	  Q	  0.0	  1.3	1.855	0.000	0.000
806	  G	  0.0	  1.3	2.501	0.000	0.000
807	  D	  0.2	  1.1	8.698	0.000	0.000
808	  M	  0.3	  0.9	9.401	0.000	0.000
809	  K	  0.4	  0.1	9.731	0.000	0.000
810	  Q	  0.3	  0.1	9.731	0.000	0.000
811	  L	  0.2	  0.1	10.076	0.000	0.000
812	  A	  0.1	  0.2	11.666	0.000	0.000
813	  E	  0.0	  0.2	13.685	0.000	0.000
814	  D	  1.1	  0.2	21.932	0.000	0.000
815	  V	  6.6	  0.2	21.095	0.000	0.000
816	  K	  7.0	  0.0	21.095	0.000	0.000
817	  L	  7.1	  0.1	20.554	0.000	0.000
818	  Q	  2.5	  0.1	20.520	0.000	0.000
819	  L	  2.1	  0.0	19.727	0.000	0.000
820	  Y	  2.1	  0.1	19.127	0.000	0.000
821	  K	  1.4	  0.1	15.209	0.000	0.000
822	  L	  1.3	  0.1	10.633	0.000	0.000
823	  L	  2.1	  0.1	9.072	0.000	0.000
824	  E	  2.0	  0.0	7.360	0.000	0.000
825	  I	  1.9	  0.0	1.624	0.000	0.000
826	  P	  0.1	  0.0	0.000	0.000	0.000
827	  D	  0.0	 10.4	0.199	0.000	0.000
828	  P	  0.0	 10.4	0.199	0.000	0.000
829	  D	  0.0	 11.6	0.199	0.000	0.000
830	  K	  0.1	 11.6	0.199	0.000	0.000
831	  N	  0.2	  1.3	5.314	0.000	0.000
832	  W	  0.3	  1.4	5.314	0.000	0.000
833	  A	  0.7	  0.2	5.115	0.000	0.000
834	  T	  1.0	  0.2	5.938	0.000	0.000
835	  L	  0.9	  0.2	5.938	0.000	0.000
836	  A	  0.6	  0.0	5.938	0.000	0.000
837	  Q	  0.4	  0.1	5.360	0.000	0.000
838	  K	  0.5	  0.1	3.654	0.000	0.000
839	  L	  0.5	  0.2	2.562	0.308	0.308
840	  G	  0.2	  0.2	2.633	0.308	0.308
841	  L	  0.2	  0.1	1.413	0.308	0.308
842	  G	  0.2	  0.1	0.896	0.308	0.308
843	  I	  0.8	  0.1	0.298	0.308	0.308
844	  L	  0.8	  0.2	0.298	0.308	0.308
845	  N	  0.8	  0.1	0.455	0.000	0.000
846	  N	  0.4	  0.1	0.455	0.000	0.000
847	  A	  0.6	  0.1	0.157	0.000	0.000
848	  F	  2.7	  0.0	0.157	0.000	0.000
849	  R	  3.3	  0.0	0.157	0.000	0.000
850	  L	  3.0	  0.0	0.157	0.000	0.000
851	  S	  1.0	  0.0	0.000	0.000	0.000
852	  P	  0.1	  0.0	0.000	0.000	0.000
853	  A	  0.0	  0.4	0.000	0.000	0.000
854	  P	  0.0	  0.5	0.000	0.000	0.000
855	  S	  0.7	  0.6	0.000	0.000	0.000
856	  K	  0.9	  0.6	0.000	0.000	0.000
857	  T	  1.8	  0.2	0.000	0.000	0.000
858	  L	  1.5	  0.3	0.000	0.000	0.000
859	  M	  1.4	  0.5	0.000	0.000	0.000
860	  D	  0.6	  0.5	0.000	0.000	0.000
861	  N	  2.7	  0.5	0.000	0.000	0.000
862	  Y	 11.2	  0.3	0.000	0.000	0.000
863	  E	 13.8	  0.0	0.000	0.000	0.000
864	  V	 11.9	  0.1	0.000	0.000	0.000
865	  S	  3.6	  0.4	0.767	0.000	0.000
866	  G	  0.5	  0.4	0.767	0.000	0.000
867	  G	  0.0	  0.4	1.580	0.000	0.000
868	  T	  7.1	  0.3	7.821	0.000	0.000
869	  V	  7.5	  0.0	8.640	0.000	0.000
870	  R	  7.5	  0.0	8.809	0.000	0.000
871	  E	  0.5	  0.0	9.626	0.000	0.000
872	  L	  0.3	  0.0	10.173	0.000	0.000
873	  V	  1.7	  0.0	12.397	0.000	0.000
874	  E	  1.7	  0.0	12.713	0.000	0.000
875	  A	  1.7	  0.0	12.561	0.000	0.000
876	  L	  0.5	  0.0	12.453	0.000	0.000
877	  R	  1.2	  0.0	12.013	0.000	0.000
878	  Q	  1.1	  0.0	10.621	0.000	0.000
879	  M	  1.0	  0.0	5.528	0.000	0.000
880	  G	  0.4	  0.0	2.775	0.000	0.000
881	  Y	  1.4	  0.0	0.545	0.000	0.000
882	  T	  1.3	  0.0	0.000	0.000	0.000
883	  E	  1.1	  0.0	0.000	0.000	0.000
884	  A	  0.2	  0.0	0.000	0.000	0.000
885	  I	  8.5	  0.0	0.000	0.000	0.000
886	  E	  8.9	  0.0	0.000	0.000	0.000
887	  V	 10.8	  0.0	0.000	0.000	0.000
888	  I	  2.9	  0.0	0.000	0.000	0.000
889	  Q	  2.5	  0.0	0.000	0.000	0.000
890	  A	  0.5	  0.2	0.000	0.000	0.000
891	  A	  0.4	  0.2	0.000	0.000	0.000
892	  S	  0.4	  0.2	0.000	0.000	0.000
893	  S	  0.3	  0.2	0.000	0.000	0.000
894	  P	  0.0	  0.0	0.000	0.000	0.000
895	  V	  1.6	  0.0	0.000	0.000	0.000
896	  K	  2.5	  0.0	0.000	0.000	0.000
897	  T	  5.6	  0.1	0.000	0.000	0.000
898	  T	  5.2	  0.1	0.000	0.000	0.000
899	  S	  4.3	  0.2	0.000	0.000	0.000
900	  Q	  1.5	  0.1	0.000	0.000	0.000
901	  A	  0.3	  0.1	0.000	0.000	0.000
902	  H	  0.6	  0.1	0.000	0.000	0.000
903	  S	  0.6	  0.0	0.000	0.000	0.000
904	  L	  0.5	  0.0	0.000	0.000	0.000
905	  P	  0.1	  0.0	0.000	0.000	0.000
906	  L	  0.1	  0.0	0.000	0.000	0.000
907	  S	  0.1	  0.1	0.000	0.000	0.000
908	  P	  0.1	  0.3	0.000	0.000	0.000
909	  A	  0.1	  0.4	0.000	0.000	0.000
910	  S	  0.8	  0.4	0.000	0.000	0.000
911	  T	  2.5	  0.3	0.000	0.000	0.000
912	  R	  2.8	  0.2	0.000	0.000	0.000
913	  Q	  2.2	  0.1	0.000	0.000	0.000
914	  Q	  1.7	  0.1	0.000	0.000	0.000
915	  I	  1.4	  0.1	0.000	0.000	0.000
916	  D	  1.2	  0.2	0.134	0.000	0.000
917	  E	  0.4	  0.2	0.134	0.000	0.000
918	  L	  0.4	  0.3	0.134	0.000	0.000
919	  R	  0.5	  0.4	0.134	0.000	0.000
920	  D	  0.2	  3.5	0.134	0.000	0.000
921	  S	  0.1	  4.0	0.134	0.000	0.000
922	  D	  0.2	  3.8	0.000	0.000	0.000
923	  S	  1.1	  3.7	0.000	0.000	0.000
924	  V	  1.7	  0.5	0.000	0.000	0.000
925	  C	  1.9	  0.5	0.000	0.000	0.000
926	  D	  1.1	  0.8	0.000	0.000	0.000
927	  S	  0.4	  0.8	0.000	0.000	0.000
928	  G	  0.1	  0.8	0.425	0.000	0.000
929	  V	  0.7	  0.3	0.425	0.000	0.000
930	  E	  0.7	  0.1	0.425	0.000	0.000
931	  T	  2.3	  0.1	1.093	0.000	0.000
932	  S	  8.1	  0.1	1.093	0.000	0.000
933	  F	  9.3	  0.1	1.093	0.000	0.000
934	  R	  8.0	  0.1	0.668	0.000	0.000
935	  K	  2.0	  0.1	0.668	0.000	0.000
936	  L	  2.8	  0.1	0.668	0.000	0.000
937	  S	 10.1	  0.0	0.373	0.000	0.000
938	  F	 10.8	  0.0	0.171	0.000	0.000
939	  T	  9.0	  0.2	0.000	0.000	0.000
940	  E	  1.4	  0.2	0.000	0.000	0.000
941	  S	  1.9	  0.2	0.000	0.000	0.000
942	  L	  2.2	  0.2	0.000	0.000	0.000
943	  T	  2.2	  0.4	0.000	0.000	0.000
944	  S	  0.6	  0.7	0.000	0.000	0.000
945	  G	  0.1	  0.9	0.000	0.000	0.000
946	  A	  0.5	  0.9	0.000	0.224	0.224
947	  S	  0.6	  0.6	2.685	0.489	0.489
948	  L	  0.9	  0.2	2.685	0.489	0.489
949	  L	  2.7	  0.0	2.685	0.489	0.489
950	  T	  4.3	  0.0	2.685	0.489	0.489
951	  L	  4.2	  0.0	2.685	0.489	0.489
952	  N	  2.0	  0.0	2.685	0.000	0.000
953	  K	  0.3	  0.0	0.879	0.000	0.000
954	  M	  0.1	  0.3	0.267	0.000	0.000
955	  P	  0.1	  0.3	0.000	0.000	0.000
956	  H	  0.3	  0.6	0.000	0.000	0.000
957	  D	  0.4	  1.1	0.000	0.000	0.000
958	  Y	  0.5	  0.9	0.000	0.000	0.000
959	  G	  0.2	  1.0	0.000	0.000	0.000
960	  Q	  0.2	  0.8	0.000	0.000	0.000
961	  E	  0.0	  0.4	0.000	0.000	0.000
962	  G	  0.0	  0.5	0.000	0.000	0.000
963	  P	  0.0	  0.3	0.000	0.000	0.000
964	  L	  0.0	  0.8	0.000	0.000	0.000
965	  E	  0.0	  0.8	0.000	0.000	0.000
966	  G	  0.1	  0.6	0.000	0.000	0.000
967	  K	  0.0	  0.6	0.000	0.000	0.000
968	  I	  0.0	  0.1	0.000	0.000	0.000
