res	aa	Beta	Turn	Helix	Aggregation	Conc-Stab_Aggregation
01	  M	  2.4	  0.0	0.000	0.000	0.000
02	  N	  5.1	  0.0	0.000	0.000	0.000
03	  F	  5.5	  0.1	0.000	0.000	0.000
04	  E	  3.4	  0.1	0.000	0.000	0.000
05	  T	  1.1	  0.2	0.000	0.000	0.000
06	  S	  1.0	  0.2	0.143	0.000	0.000
07	  R	  1.4	  0.2	0.143	0.000	0.000
08	  C	  1.0	  0.3	0.143	0.000	0.000
09	  A	  1.1	  0.2	0.143	0.000	0.000
10	  T	  3.5	  0.2	0.143	0.000	0.000
11	  L	  5.0	  0.2	0.143	0.000	0.000
12	  Q	  7.7	  0.0	0.143	0.000	0.000
13	  Y	  5.2	  0.0	0.000	0.000	0.000
14	  C	  3.5	  0.0	0.000	0.000	0.000
15	  P	  0.3	  0.0	0.000	0.000	0.000
16	  D	  0.0	  0.2	0.477	0.000	0.000
17	  P	  0.0	  0.2	0.477	0.000	0.000
18	  Y	  0.5	  0.2	0.477	0.000	0.000
19	  I	  1.0	  0.2	0.477	0.000	0.000
20	  Q	  1.8	  0.0	0.477	0.000	0.000
21	  R	  2.2	  0.0	0.477	0.000	0.000
22	  F	  3.8	  0.0	0.306	0.000	0.000
23	  V	  4.1	  0.0	0.000	0.000	0.000
24	  E	  3.2	  0.0	0.000	0.000	0.000
25	  T	  1.1	  0.0	0.000	0.000	0.000
26	  P	  0.0	  0.0	0.000	0.000	0.000
27	  A	  0.4	  0.0	0.000	0.000	0.000
28	  H	  4.0	  0.0	0.000	0.000	0.000
29	  F	  9.4	  0.0	0.000	0.000	0.000
30	  S	 10.1	  0.0	0.845	0.000	0.000
31	  W	  7.0	  0.0	0.845	0.000	0.000
32	  K	  1.5	  0.2	0.845	0.000	0.000
33	  E	  0.6	  0.2	0.845	0.000	0.000
34	  S	  1.4	  0.2	0.845	0.000	0.000
35	  Y	  3.2	  0.1	0.845	0.000	0.000
36	  Y	  4.9	  0.1	0.671	0.000	0.000
37	  R	  4.1	  0.1	0.318	0.000	0.000
38	  S	  2.4	  0.1	0.164	0.000	0.000
39	  T	  6.7	  0.1	0.000	0.000	0.000
40	  M	  6.5	  0.1	0.000	0.000	0.000
41	  S	  7.9	  0.5	0.000	0.000	0.000
42	  Q	  2.0	  0.5	0.000	0.000	0.000
43	  S	  2.1	  0.6	0.000	0.000	0.000
44	  T	  1.4	  0.6	0.000	0.000	0.000
45	  Q	  1.3	  0.2	0.000	0.000	0.000
46	  T	  1.0	  0.2	0.000	0.000	0.000
47	  N	  0.2	  0.1	0.000	0.000	0.000
48	  E	  0.2	  0.1	0.000	0.000	0.000
49	  F	  2.1	  0.0	0.000	0.000	0.000
50	  L	  2.1	  0.0	0.000	0.000	0.000
51	  S	  2.0	  0.3	0.000	0.000	0.000
52	  P	  0.1	  0.3	0.000	0.000	0.000
53	  E	  1.8	  0.3	0.000	0.000	0.000
54	  V	  6.0	  0.3	0.000	0.000	0.000
55	  F	  7.8	  0.1	0.000	0.000	0.000
56	  Q	  6.6	  0.1	0.000	0.000	0.000
57	  H	  4.9	  0.1	0.000	0.000	0.000
58	  I	  3.3	  0.2	0.000	0.000	0.000
59	  W	  4.1	  0.1	0.000	0.000	0.000
60	  D	  1.6	  0.1	0.000	0.000	0.000
61	  F	  2.1	  0.1	0.000	0.000	0.000
62	  L	  0.8	  0.0	0.000	0.000	0.000
63	  E	  0.8	  0.0	0.000	0.000	0.000
64	  Q	  0.1	  0.0	0.000	0.000	0.000
65	  P	  0.0	  0.0	0.000	0.000	0.000
66	  I	  0.6	  0.0	0.000	0.000	0.000
67	  C	  3.0	  0.0	0.000	0.000	0.000
68	  S	  5.9	  0.0	0.000	0.000	0.000
69	  V	  5.7	  0.0	0.000	0.000	0.000
70	  Q	  3.3	  0.0	0.000	0.000	0.000
71	  P	  0.4	  0.0	0.000	0.000	0.000
72	  I	  2.9	  0.0	0.000	0.000	0.000
73	  D	  3.0	  0.7	0.000	0.000	0.000
74	  L	  4.9	  0.7	0.000	0.000	0.000
75	  N	  2.8	  0.7	0.000	0.000	0.000
76	  F	  3.9	  0.7	0.000	0.000	0.000
77	  V	  2.5	  0.0	0.000	0.000	0.000
78	  D	  1.8	  0.0	0.000	0.000	0.000
79	  E	  0.4	  0.2	0.000	0.000	0.000
80	  P	  0.0	  0.3	0.000	0.000	0.000
81	  S	  0.1	  6.7	0.000	0.000	0.000
82	  E	  0.0	  6.9	0.000	0.000	0.000
83	  D	  0.1	  7.0	0.488	0.000	0.000
84	  G	  0.0	  7.1	0.597	0.000	0.000
85	  A	  0.1	  0.7	0.597	0.000	0.000
86	  T	  0.3	  0.5	0.597	0.000	0.000
87	  N	  0.5	  0.2	0.597	0.000	0.000
88	  K	  4.1	  0.1	0.597	0.000	0.000
89	  I	  7.9	  0.0	0.109	0.000	0.000
90	  E	  8.9	  0.0	0.109	0.000	0.000
91	  I	  8.8	  0.0	0.000	0.000	0.000
92	  S	  7.1	  1.3	0.693	0.000	0.000
93	  M	  8.3	  1.3	0.693	0.000	0.000
94	  D	  5.7	  1.3	1.043	0.000	0.000
95	  C	  6.6	  1.3	1.043	0.000	0.000
96	  I	  8.4	  0.0	1.043	0.000	0.000
97	  R	  8.0	  0.0	1.043	0.000	0.000
98	  M	  5.0	  0.2	0.860	0.000	0.000
99	  Q	  0.8	  0.2	0.550	0.000	0.000
100	  D	  0.3	  1.8	0.000	0.000	0.000
101	  S	  0.1	  1.8	0.000	0.000	0.000
102	  D	  0.2	  2.5	0.000	0.000	0.000
103	  L	  0.3	  2.5	0.000	0.000	0.000
104	  S	  0.3	  0.9	0.000	0.000	0.000
105	  D	  0.1	  1.0	0.000	0.000	0.000
106	  P	  0.0	  0.1	0.000	0.000	0.000
107	  M	  0.1	  0.1	0.000	0.000	0.000
108	  W	  0.1	  0.4	0.000	0.000	0.000
109	  P	  0.1	  0.2	0.000	0.000	0.000
110	  Q	  3.4	  0.2	0.000	0.000	0.000
111	  Y	  5.6	  0.4	0.000	0.000	0.000
112	  T	  5.8	  0.2	0.000	0.000	0.000
113	  N	  2.4	  0.2	0.151	0.000	0.000
114	  L	  0.3	  0.2	0.151	0.000	0.000
115	  G	  0.1	  0.1	0.151	0.000	0.000
116	  L	  0.5	  0.0	0.151	0.000	0.000
117	  L	  0.9	  0.1	0.151	0.000	0.000
118	  N	  0.9	  0.0	0.151	0.000	0.000
119	  S	  3.3	  0.9	0.151	0.000	0.000
120	  M	  3.0	  0.9	0.000	0.000	0.000
121	  D	  3.1	  0.9	0.497	0.000	0.000
122	  Q	  0.4	  0.9	0.497	0.000	0.000
123	  Q	  1.0	  0.1	0.497	0.000	0.000
124	  I	  1.0	  0.3	0.497	0.000	0.000
125	  Q	  0.9	  0.7	0.497	0.000	0.000
126	  N	  0.1	  1.2	0.497	0.000	0.000
127	  G	  0.0	  1.4	0.229	0.000	0.000
128	  S	  0.9	  1.7	0.000	0.000	0.000
129	  S	  1.3	  1.4	0.000	0.000	0.000
130	  S	  5.0	  0.9	0.000	0.000	0.000
131	  T	  4.2	  0.7	0.000	0.000	0.000
132	  S	  3.9	  0.4	0.000	0.000	0.000
133	  P	  0.1	  0.4	0.000	0.000	0.000
134	  Y	  0.9	  0.4	0.000	0.000	0.000
135	  N	  1.1	  1.1	0.000	0.000	0.000
136	  T	  1.2	  0.9	0.000	0.000	0.000
137	  D	  0.3	  0.8	0.000	0.000	0.000
138	  H	  0.4	  1.0	0.000	0.000	0.000
139	  A	  0.3	  0.4	0.000	0.000	0.000
140	  Q	  0.4	  0.4	0.000	0.000	0.000
141	  N	  0.5	  0.4	0.000	0.000	0.000
142	  S	  4.2	  0.2	0.000	0.000	0.000
143	  V	 11.1	  0.0	0.000	0.000	0.000
144	  T	 10.9	  0.0	0.000	0.000	0.000
145	  A	  7.3	  0.0	0.000	0.000	0.000
146	  P	  0.2	  0.0	0.000	0.000	0.000
147	  S	  0.0	  0.3	0.000	0.000	0.000
148	  P	  0.0	  0.3	0.000	0.000	0.000
149	  Y	  1.2	  0.3	0.000	0.000	0.000
150	  A	  1.2	  0.3	0.000	0.000	0.000
151	  Q	  1.2	  0.3	0.000	0.000	0.000
152	  P	  0.0	  0.4	0.000	0.000	0.000
153	  S	  0.3	  0.5	0.000	0.000	0.000
154	  S	  1.0	  0.5	0.000	0.000	0.000
155	  T	  8.8	  0.2	0.000	0.000	0.000
156	  F	  9.3	  0.2	0.000	0.000	0.000
157	  D	  8.6	  0.2	0.000	0.000	0.000
158	  A	  1.3	  0.2	0.000	0.000	0.000
159	  L	  0.5	  0.2	0.000	0.000	0.000
160	  S	  0.6	  0.1	0.000	0.000	0.000
161	  P	  0.2	  0.0	0.000	0.000	0.000
162	  S	  0.1	  0.0	0.000	0.000	0.000
163	  P	  0.0	  0.0	0.000	0.000	0.000
164	  A	  0.1	  0.0	0.000	0.000	0.000
165	  I	  0.1	  0.3	0.000	0.000	0.000
166	  P	  0.1	  0.5	0.000	0.000	0.000
167	  S	  0.1	  0.5	0.000	0.000	0.000
168	  N	  0.2	  0.9	0.000	0.000	0.000
169	  T	  0.9	  0.7	0.000	0.000	0.000
170	  D	  0.9	  0.4	0.000	0.000	0.000
171	  Y	  0.7	  0.4	0.000	0.000	0.000
172	  P	  0.1	  0.1	0.000	0.000	0.000
173	  G	  0.0	  0.3	0.000	0.000	0.000
174	  P	  0.0	  0.4	0.000	0.000	0.000
175	  H	  0.3	  0.4	0.000	0.000	0.000
176	  S	  7.7	  0.5	0.000	0.000	0.000
177	  F	 10.9	  0.3	0.000	0.000	0.000
178	  D	 11.3	  0.4	0.000	0.000	0.000
179	  V	  8.2	  0.4	0.000	0.000	0.000
180	  S	  7.4	  0.1	0.000	0.000	0.000
181	  F	  8.4	  0.2	0.000	0.000	0.000
182	  Q	  4.8	  0.1	0.000	0.000	0.000
183	  Q	  2.0	  0.2	0.000	0.000	0.000
184	  S	  0.6	  0.3	0.000	0.000	0.000
185	  S	  0.6	  0.3	0.000	0.000	0.000
186	  T	  1.8	  0.2	0.000	0.000	0.000
187	  A	  1.6	  0.2	0.000	0.000	0.000
188	  K	  1.7	  0.1	0.000	0.000	0.000
189	  S	  0.9	  0.2	0.000	0.000	0.000
190	  A	  1.2	  0.2	0.000	0.367	0.367
191	  T	 11.5	  0.1	0.000	0.367	0.367
192	  W	 16.6	  0.1	0.000	0.367	0.367
193	  T	 40.4	  0.0	0.000	0.367	0.367
194	  Y	 31.3	  0.0	0.000	0.367	0.367
195	  S	 25.7	  0.0	1.874	0.175	0.175
196	  T	  1.0	  0.1	4.241	0.000	0.000
197	  E	  1.0	  0.1	5.018	0.000	0.000
198	  L	  1.0	  0.1	5.018	0.000	0.000
199	  K	  1.0	  0.1	5.018	0.000	0.000
200	  K	  0.4	  0.1	5.018	0.000	0.000
201	  L	  1.9	  0.1	4.663	0.000	0.000
202	  Y	  3.8	  0.0	4.155	0.000	0.000
203	  C	  4.8	  0.0	3.263	0.000	0.000
204	  Q	  3.6	  0.0	2.494	0.000	0.000
205	  I	  2.2	  0.0	1.938	0.000	0.000
206	  A	  0.9	  0.1	1.938	0.000	0.000
207	  K	  1.7	  0.1	1.408	0.000	0.000
208	  T	  1.6	  0.1	0.839	0.000	0.000
209	  C	  1.5	  0.1	0.955	0.000	0.000
210	  P	  0.4	  0.0	0.116	0.000	0.000
211	  I	  1.1	  0.0	0.116	0.000	0.000
212	  Q	  2.8	  0.0	0.116	0.000	0.000
213	  I	 10.6	  0.0	0.116	0.000	0.000
214	  K	 10.4	  0.0	0.116	0.000	0.000
215	  V	 11.7	  0.0	0.000	0.000	0.000
216	  M	  4.0	  0.0	0.000	0.000	0.000
217	  T	  3.0	  0.0	0.000	0.000	0.000
218	  P	  0.0	  0.0	0.000	0.000	0.000
219	  P	  0.0	  0.8	0.000	0.000	0.000
220	  P	  0.0	  1.1	0.000	0.000	0.000
221	  Q	  0.0	  1.1	0.000	0.000	0.000
222	  G	  0.0	  1.1	0.418	0.000	0.000
223	  A	  1.1	  0.3	0.418	0.000	0.000
224	  V	  4.7	  0.0	0.418	0.000	0.000
225	  I	  6.0	  0.0	0.418	0.000	0.000
226	  R	  5.3	  0.0	0.418	0.000	0.000
227	  A	  1.8	  0.0	0.418	0.000	0.000
228	  M	  0.4	  0.0	0.418	0.000	0.000
229	  P	  0.1	  0.0	0.000	0.000	0.000
230	  V	  1.3	  0.0	0.000	0.000	0.000
231	  Y	  1.7	  0.1	0.000	0.000	0.000
232	  K	  1.8	  0.1	0.000	0.000	0.000
233	  K	  0.9	  0.1	0.000	0.000	0.000
234	  A	  0.5	  0.1	0.000	0.000	0.000
235	  E	  0.5	  0.1	0.000	0.000	0.000
236	  H	  1.6	  0.1	0.874	0.000	0.000
237	  V	  2.2	  0.1	1.173	0.388	0.388
238	  T	  2.5	  0.0	7.240	0.388	0.388
239	  E	  1.6	  0.0	7.646	0.388	0.388
240	  V	  3.5	  0.0	7.646	0.388	0.388
241	  V	  4.9	  0.0	7.646	0.388	0.388
242	  K	  5.1	  0.0	7.646	0.388	0.388
243	  R	  2.6	  0.0	7.646	0.000	0.000
244	  C	  0.9	  1.5	7.181	0.000	0.000
245	  P	  0.1	  1.5	0.000	0.000	0.000
246	  N	  0.2	  1.5	0.000	0.000	0.000
247	  H	  0.5	  1.6	0.000	0.000	0.000
248	  E	  0.9	  0.1	0.000	0.000	0.000
249	  L	  0.8	  0.1	0.000	0.000	0.000
250	  S	  0.6	  0.2	0.000	0.000	0.000
251	  R	  0.4	  0.1	0.000	0.000	0.000
252	  E	  2.8	  0.1	0.000	0.000	0.000
253	  F	  3.0	  0.1	0.000	0.000	0.000
254	  N	  2.8	  1.4	0.000	0.000	0.000
255	  E	  0.3	  1.5	0.000	0.000	0.000
256	  G	  0.0	  1.5	0.000	0.000	0.000
257	  Q	  1.0	  1.4	0.000	0.000	0.000
258	  I	  1.0	  0.0	0.000	0.000	0.000
259	  A	  0.9	  0.0	0.000	0.000	0.000
260	  P	  0.0	  0.5	0.000	0.000	0.000
261	  P	  0.0	  0.6	0.000	0.000	0.000
262	  S	  0.2	  0.6	0.000	0.000	0.000
263	  H	  1.1	  0.6	0.000	0.000	0.000
264	  L	  1.3	  0.1	0.000	0.000	0.000
265	  I	  8.1	  0.0	0.000	0.000	0.000
266	  R	  9.2	  0.0	0.000	0.000	0.000
267	  V	  9.2	  0.1	0.000	0.000	0.000
268	  E	  2.4	  2.0	0.000	0.000	0.000
269	  G	  0.2	  2.0	0.000	0.000	0.000
270	  N	  0.1	  2.2	0.000	0.000	0.000
271	  S	  0.2	  2.1	0.000	0.000	0.000
272	  H	  0.5	  0.4	0.000	0.000	0.000
273	  A	  0.7	  0.4	0.000	0.000	0.000
274	  Q	  2.1	  0.2	0.000	0.000	0.000
275	  Y	  4.0	  0.2	0.000	0.000	0.000
276	  V	  5.3	  0.0	0.000	0.000	0.000
277	  E	  3.7	  0.0	0.000	0.000	0.000
278	  D	  1.6	  0.0	1.932	0.000	0.000
279	  P	  0.0	  0.0	1.932	0.000	0.000
280	  I	  2.7	  0.1	1.932	0.000	0.000
281	  T	  2.8	  0.2	1.932	0.000	0.000
282	  G	  2.8	  0.3	1.932	0.000	0.000
283	  R	  0.3	  0.3	1.932	0.000	0.000
284	  Q	  0.6	  0.2	0.257	0.000	0.000
285	  S	  1.1	  0.1	0.000	0.000	0.000
286	  V	 11.1	  0.1	0.000	0.000	0.000
287	  L	 10.9	  0.0	0.000	0.000	0.000
288	  V	 10.4	  0.0	0.000	0.000	0.000
289	  P	  0.1	  0.0	0.000	0.000	0.000
290	  Y	  0.0	  0.0	0.000	0.000	0.000
291	  E	  0.0	  0.0	0.000	0.000	0.000
292	  P	  0.0	  0.2	0.000	0.000	0.000
293	  P	  0.0	  0.2	0.000	0.000	0.000
294	  Q	  0.1	  0.2	0.000	0.000	0.000
295	  V	  0.1	  0.4	0.000	0.000	0.000
296	  G	  0.1	  0.2	0.000	0.000	0.000
297	  T	  0.3	  0.2	0.000	0.000	0.000
298	  E	  2.6	  0.2	0.000	0.000	0.000
299	  F	  4.2	  0.1	0.000	28.881	28.881
300	  T	  6.1	  0.0	0.000	30.911	30.911
301	  T	  7.4	  0.0	0.000	35.867	35.867
302	  V	  7.2	  0.0	0.000	43.902	43.902
303	  L	  5.5	  0.1	0.000	44.227	44.227
304	  Y	  5.1	  0.1	0.000	40.705	40.705
305	  N	  3.7	  0.1	0.000	27.570	27.570
306	  F	  5.5	  0.1	0.000	26.919	26.919
307	  M	  2.6	  0.0	0.000	15.681	15.681
308	  C	  3.1	  0.1	0.000	2.672	2.672
309	  N	  1.0	  1.9	0.000	0.000	0.000
310	  S	  1.4	  1.9	0.000	0.000	0.000
311	  S	  2.4	  1.9	0.000	0.000	0.000
312	  C	  2.7	  2.0	0.000	0.000	0.000
313	  V	  2.0	  0.7	0.000	0.000	0.000
314	  G	  0.4	  0.6	0.000	0.000	0.000
315	  G	  0.2	  0.8	0.000	0.000	0.000
316	  M	  0.2	  0.7	0.000	0.000	0.000
317	  N	  0.3	  0.2	0.000	0.000	0.000
318	  R	  0.3	  0.2	0.000	0.000	0.000
319	  R	  0.2	  0.0	0.000	0.000	0.000
320	  P	  0.1	  0.0	0.000	0.440	0.440
321	  I	  2.0	  0.0	0.000	98.485	98.485
322	  L	  3.3	  0.0	0.000	99.648	99.648
323	  I	 10.5	  0.0	0.000	99.828	99.828
324	  I	 12.5	  0.0	0.000	99.828	99.828
325	  V	 17.6	  0.0	0.000	99.826	99.826
326	  T	 11.5	  0.0	0.000	96.513	96.513
327	  L	  7.6	  0.1	0.000	81.607	81.607
328	  E	  1.1	  0.1	0.000	0.039	0.039
329	  T	  0.3	  0.7	0.000	0.039	0.039
330	  R	  0.3	  1.3	0.000	0.039	0.039
331	  D	  0.2	  1.3	0.000	0.000	0.000
332	  G	  0.0	  1.2	0.209	0.000	0.000
333	  Q	  0.5	  0.6	0.209	0.000	0.000
334	  V	  1.1	  0.0	0.209	0.000	0.000
335	  L	  1.1	  0.1	0.209	0.000	0.000
336	  G	  0.6	  0.2	0.720	0.000	0.000
337	  R	  0.1	  0.2	0.720	0.000	0.000
338	  R	  2.6	  0.2	0.511	0.000	0.000
339	  C	  6.4	  0.1	0.782	0.000	0.000
340	  F	  8.6	  0.1	0.929	0.000	0.000
341	  E	  6.2	  0.0	1.418	0.000	0.000
342	  A	  3.0	  0.0	1.567	0.000	0.000
343	  R	  0.9	  0.0	1.567	0.000	0.000
344	  I	  1.5	  0.0	1.453	0.000	0.000
345	  C	  1.7	  0.0	1.453	0.000	0.000
346	  A	  1.5	  0.0	1.453	0.000	0.000
347	  C	  0.9	  3.6	1.584	0.000	0.000
348	  P	  0.0	  3.7	0.131	0.000	0.000
349	  G	  0.0	  4.0	0.131	0.000	0.000
350	  R	  0.0	  4.0	0.131	0.000	0.000
351	  D	  0.0	  0.6	3.236	0.000	0.000
352	  R	  0.1	  0.4	3.236	0.000	0.000
353	  K	  0.2	  0.6	3.236	0.000	0.000
354	  A	  0.1	  0.6	3.105	0.000	0.000
355	  D	  0.1	  3.7	5.895	0.000	0.000
356	  E	  0.0	  3.7	6.455	0.000	0.000
357	  D	  0.2	  3.3	12.188	0.000	0.000
358	  S	  2.3	  3.2	12.340	0.000	0.000
359	  I	  3.0	  0.1	12.047	0.000	0.000
360	  R	  3.0	  0.1	12.047	0.000	0.000
361	  K	  0.9	  0.1	11.782	0.000	0.000
362	  Q	  0.5	  0.1	9.892	0.000	0.000
363	  Q	  0.8	  0.1	3.876	0.000	0.000
364	  V	  0.9	  0.1	0.762	0.000	0.000
365	  S	  0.7	  0.5	1.311	0.000	0.000
366	  D	  0.3	  0.7	0.906	0.000	0.000
367	  S	  0.5	  0.8	0.705	0.000	0.000
368	  T	  0.9	  1.5	0.549	0.000	0.000
369	  K	  0.9	  1.9	0.549	0.000	0.000
370	  N	  0.6	  3.6	0.549	0.000	0.000
371	  G	  0.0	  3.8	0.132	0.000	0.000
372	  D	  0.0	  3.1	0.000	0.000	0.000
373	  G	  0.0	  2.3	0.000	0.000	0.000
374	  T	  2.7	  0.3	0.000	0.000	0.000
375	  K	  2.7	  0.1	0.000	0.000	0.000
376	  R	  2.7	  0.0	0.000	0.000	0.000
377	  P	  0.1	  0.0	0.000	0.000	0.000
378	  F	  2.3	  0.1	0.000	0.000	0.000
379	  R	  3.8	  0.2	0.000	0.000	0.000
380	  Q	  4.0	  0.2	0.000	0.000	0.000
381	  N	  2.0	  0.3	0.000	0.000	0.000
382	  T	  0.7	  0.4	0.000	0.000	0.000
383	  H	  0.6	  0.4	0.000	0.000	0.000
384	  G	  0.5	  0.4	0.000	0.000	0.000
385	  I	  1.9	  0.2	0.000	0.000	0.000
386	  Q	  2.7	  0.1	0.000	0.000	0.000
387	  M	  3.4	  0.0	0.000	0.000	0.000
388	  T	  2.2	  0.0	0.296	0.000	0.000
389	  S	  1.9	  0.0	0.484	0.000	0.000
390	  I	  1.7	  0.1	0.484	0.000	0.000
391	  K	  1.4	  0.1	0.484	0.000	0.000
392	  K	  0.8	  0.1	0.484	0.000	0.000
393	  R	  0.9	  0.1	0.484	0.000	0.000
394	  R	  0.9	  0.1	0.188	0.000	0.000
395	  S	  0.6	  7.6	0.147	0.000	0.000
396	  P	  0.1	  7.8	0.147	0.000	0.000
397	  D	  0.0	  7.9	0.558	0.000	0.000
398	  D	  0.0	  7.9	1.116	0.000	0.000
399	  E	  0.1	  0.3	1.116	0.000	0.000
400	  L	  0.6	  0.1	1.116	0.226	0.226
401	  L	  2.1	  0.1	1.116	0.226	0.226
402	  Y	  2.2	  0.0	1.116	0.226	0.226
403	  L	  1.8	  0.0	0.732	0.226	0.226
404	  P	  0.2	  0.0	0.000	0.226	0.226
405	  V	  0.7	  0.1	0.000	0.000	0.000
406	  R	  0.8	  0.2	0.000	0.000	0.000
407	  G	  0.8	  0.2	7.082	0.000	0.000
408	  R	  0.1	  0.3	7.304	0.000	0.000
409	  E	  0.2	  0.1	7.854	0.000	0.000
410	  T	  9.9	  0.1	11.661	0.743	0.743
411	  Y	 11.8	  0.1	12.063	0.910	0.910
412	  E	 11.6	  0.0	12.493	1.043	1.043
413	  M	  3.1	  0.0	12.493	1.043	1.043
414	  L	  1.1	  0.0	12.395	1.043	1.043
415	  L	  2.5	  0.0	12.287	1.043	1.043
416	  K	  4.0	  0.0	12.168	1.043	1.043
417	  I	  4.4	  0.0	8.145	1.043	1.043
418	  K	  3.0	  0.1	8.145	0.000	0.000
419	  E	  0.7	  0.1	4.578	0.000	0.000
420	  S	  1.0	  0.1	4.518	0.000	0.000
421	  L	  1.6	  0.1	3.147	0.000	0.000
422	  E	  1.6	  0.0	3.229	0.000	0.000
423	  L	  0.9	  0.0	2.919	0.000	0.000
424	  M	  2.2	  0.0	2.625	0.000	0.000
425	  Q	  4.4	  0.0	2.268	0.000	0.000
426	  Y	  4.3	  0.0	1.374	0.000	0.000
427	  L	  2.4	  0.2	0.828	0.000	0.000
428	  P	  0.2	  0.2	0.000	0.000	0.000
429	  Q	  0.4	  0.2	0.000	0.000	0.000
430	  H	  3.4	  0.2	0.000	0.000	0.000
431	  T	  7.1	  0.1	0.238	0.000	0.000
432	  I	  7.1	  0.1	0.238	0.000	0.000
433	  E	  4.4	  0.1	0.238	0.000	0.000
434	  T	 12.6	  0.1	0.238	0.000	0.000
435	  Y	 14.1	  0.1	0.238	0.000	0.000
436	  R	 14.2	  0.1	0.238	0.000	0.000
437	  Q	  2.9	  0.1	0.238	0.000	0.000
438	  Q	  0.9	  0.1	0.117	0.000	0.000
439	  Q	  0.9	  0.1	0.117	0.000	0.000
440	  Q	  0.9	  0.1	0.117	0.000	0.000
441	  Q	  0.9	  0.1	0.000	0.000	0.000
442	  Q	  1.1	  0.1	0.000	0.000	0.000
443	  H	  1.2	  0.2	0.000	0.000	0.000
444	  Q	  1.3	  0.2	0.000	0.000	0.000
445	  H	  1.4	  0.1	0.000	0.000	0.000
446	  L	  1.1	  0.1	0.000	0.000	0.000
447	  L	  1.0	  0.0	0.000	0.000	0.000
448	  Q	  0.7	  0.1	0.000	0.000	0.000
449	  K	  0.7	  0.1	0.000	0.000	0.000
450	  Q	  0.6	  0.1	0.000	0.000	0.000
451	  T	  0.7	  0.1	0.000	0.000	0.000
452	  S	  0.9	  0.1	0.000	0.000	0.000
453	  I	  1.2	  0.0	0.000	0.000	0.000
454	  Q	  0.9	  0.0	0.000	0.000	0.000
455	  S	  0.5	  2.6	0.000	0.000	0.000
456	  P	  0.1	  2.8	0.000	0.000	0.000
457	  S	  0.3	  3.0	0.000	0.000	0.000
458	  S	  1.0	  3.0	0.000	0.000	0.000
459	  Y	  1.1	  3.9	0.000	0.000	0.000
460	  G	  0.8	  3.8	0.000	0.000	0.000
461	  N	  0.2	  3.5	0.000	0.000	0.000
462	  S	  0.2	  3.5	0.000	0.000	0.000
463	  S	  0.2	  0.0	0.000	0.000	0.000
464	  P	  0.0	  0.2	0.000	0.000	0.000
465	  P	  0.0	  0.3	0.000	0.000	0.000
466	  L	  0.1	  0.3	0.000	0.000	0.000
467	  N	  0.1	  0.3	0.148	0.000	0.000
468	  K	  1.0	  0.1	0.148	0.000	0.000
469	  M	  1.4	  0.0	0.148	0.000	0.000
470	  N	  1.5	  0.0	0.257	0.000	0.000
471	  S	  4.0	  0.9	0.257	0.000	0.000
472	  M	  3.6	  0.9	0.257	0.000	0.000
473	  N	  3.6	  0.9	0.109	0.000	0.000
474	  K	  0.3	  0.9	0.109	0.000	0.000
475	  L	  0.1	  0.3	0.109	0.000	0.000
476	  P	  0.1	  0.3	0.000	0.000	0.000
477	  S	 10.9	  0.4	0.000	0.000	0.000
478	  V	 12.6	  0.4	0.000	0.212	0.212
479	  S	 12.8	  0.2	0.000	0.212	0.212
480	  Q	  2.4	  0.2	0.000	0.212	0.212
481	  L	  1.3	  0.1	0.000	0.212	0.212
482	  I	  1.4	  0.0	0.000	0.212	0.212
483	  N	  1.2	  0.4	0.159	0.000	0.000
484	  P	  0.3	  0.5	0.159	0.000	0.000
485	  Q	  0.2	  0.5	0.159	0.000	0.000
486	  Q	  0.3	  0.7	0.159	0.000	0.000
487	  R	  0.4	  0.3	0.159	0.000	0.000
488	  N	  0.2	  0.2	0.159	0.000	0.000
489	  A	  0.3	  0.2	0.000	0.000	0.000
490	  L	  0.5	  0.0	0.000	0.000	0.000
491	  T	  0.5	  0.2	0.000	0.000	0.000
492	  P	  0.2	  0.2	0.000	0.000	0.000
493	  T	  2.0	  0.2	0.000	0.000	0.000
494	  T	  2.6	  0.2	0.000	0.000	0.000
495	  I	  2.6	  1.5	0.000	0.000	0.000
496	  P	  0.6	  1.8	0.000	0.000	0.000
497	  D	  0.0	  1.8	0.000	0.000	0.000
498	  G	  0.0	  2.0	0.000	0.000	0.000
499	  M	  0.1	  0.8	0.000	0.000	0.000
500	  G	  0.1	  0.8	0.000	0.000	0.000
501	  A	  0.4	  0.8	0.000	0.000	0.000
502	  N	  0.5	  0.6	0.000	0.000	0.000
503	  I	  0.5	  0.3	0.000	0.000	0.000
504	  P	  0.2	  0.0	0.000	0.000	0.000
505	  M	  0.3	  0.0	0.000	0.000	0.000
506	  M	  0.3	  0.2	0.000	0.000	0.000
507	  G	  0.3	  0.2	0.000	0.000	0.000
508	  T	  2.2	  0.2	0.000	0.000	0.000
509	  H	  2.3	  0.2	0.000	0.000	0.000
510	  M	  2.3	  0.0	0.000	0.000	0.000
511	  P	  0.2	  0.0	0.000	0.000	0.000
512	  M	  0.1	  0.3	0.000	0.000	0.000
513	  A	  0.0	  1.7	0.000	0.000	0.000
514	  G	  0.0	  1.7	0.000	0.000	0.000
515	  D	  0.2	  6.5	0.000	0.000	0.000
516	  M	  0.3	  6.8	0.000	0.000	0.000
517	  N	  0.3	  5.4	0.000	0.000	0.000
518	  G	  0.2	  5.4	0.000	0.000	0.000
519	  L	  0.2	  0.6	0.000	0.000	0.000
520	  S	  0.2	  0.4	0.000	0.000	0.000
521	  P	  0.1	  0.4	0.000	0.000	0.000
522	  T	  0.5	  0.4	0.000	0.000	0.000
523	  Q	  0.8	  0.4	0.000	0.000	0.000
524	  A	  0.8	  0.0	0.000	0.000	0.000
525	  L	  0.4	  0.0	0.000	0.000	0.000
526	  P	  0.0	  0.0	0.000	0.000	0.000
527	  P	  0.0	  0.2	0.000	0.000	0.000
528	  P	  0.0	  0.2	0.000	0.000	0.000
529	  L	  3.8	  0.2	0.000	0.000	0.000
530	  S	  3.9	  0.2	0.000	0.000	0.000
531	  M	  4.0	  0.3	0.000	0.000	0.000
532	  P	  0.1	  0.4	0.000	0.000	0.000
533	  S	  2.1	  0.6	0.000	0.000	0.000
534	  T	  2.7	  0.7	0.000	0.000	0.000
535	  S	  3.4	  0.4	0.000	0.000	0.000
536	  H	  3.1	  0.4	0.000	0.000	0.000
537	  C	  2.5	  0.1	0.000	0.000	0.000
538	  T	  1.8	  0.0	0.000	0.000	0.000
539	  P	  0.0	  0.0	0.000	0.000	0.000
540	  P	  0.0	  0.0	0.000	0.000	0.000
541	  P	  0.0	  0.0	0.000	0.000	0.000
542	  P	  0.0	  0.0	0.000	0.000	0.000
543	  Y	  0.0	  0.3	0.000	0.000	0.000
544	  P	  0.0	  0.5	0.000	0.000	0.000
545	  T	  0.4	  0.5	0.000	0.000	0.000
546	  D	  0.7	  0.6	0.000	0.000	0.000
547	  C	  1.9	  0.3	0.135	3.960	3.960
548	  S	  2.1	  0.2	1.167	23.020	23.020
549	  I	  4.8	  0.2	1.167	48.359	48.359
550	  V	  7.6	  0.0	1.278	49.275	49.275
551	  S	  7.5	  0.0	3.511	49.275	49.275
552	  F	  5.2	  0.0	3.511	49.275	49.275
553	  L	  1.1	  0.0	3.511	49.025	49.025
554	  A	  0.8	  0.1	3.511	22.934	22.934
555	  R	  0.3	  0.2	3.511	0.000	0.000
556	  L	  0.4	  0.6	3.255	0.000	0.000
557	  G	  0.3	  0.6	2.918	0.000	0.000
558	  C	  0.9	  0.9	0.515	0.000	0.000
559	  S	  1.4	  0.8	0.000	0.000	0.000
560	  S	  2.6	  0.4	0.000	0.000	0.000
561	  C	  3.4	  0.7	0.000	0.000	0.000
562	  L	  3.8	  0.3	0.000	0.000	0.000
563	  D	  3.6	  0.2	0.155	0.000	0.000
564	  Y	  3.3	  0.2	0.155	0.000	0.000
565	  F	  3.8	  0.0	0.155	0.000	0.000
566	  T	  5.2	  0.1	0.155	0.000	0.000
567	  T	  4.1	  0.2	0.155	0.000	0.000
568	  Q	  2.5	  0.3	0.155	0.000	0.000
569	  G	  0.1	  0.2	0.674	0.381	0.381
570	  L	  0.4	  0.2	0.519	5.281	5.281
571	  T	  1.4	  0.1	0.519	5.281	5.281
572	  T	  4.0	  0.0	0.519	5.486	5.486
573	  I	  4.9	  0.0	0.519	5.486	5.486
574	  Y	  7.8	  0.0	0.519	5.486	5.486
575	  Q	  7.7	  0.0	0.346	0.868	0.868
576	  I	  6.9	  0.1	0.225	0.868	0.868
577	  E	  3.5	  0.1	0.225	0.000	0.000
578	  H	  4.2	  0.1	0.225	0.000	0.000
579	  Y	  6.9	  0.1	0.121	0.000	0.000
580	  S	  9.0	  1.1	1.529	0.000	0.000
581	  M	  5.9	  1.3	1.529	0.000	0.000
582	  D	  2.8	  1.3	2.177	0.000	0.000
583	  D	  0.1	  1.3	3.134	0.000	0.000
584	  L	  0.1	  0.3	3.134	0.000	0.000
585	  A	  0.6	  0.2	3.134	0.000	0.000
586	  S	  1.1	  0.2	2.983	0.000	0.000
587	  L	  4.0	  0.2	2.374	0.000	0.000
588	  K	  3.7	  0.0	1.864	0.000	0.000
589	  I	  3.2	  0.0	0.119	0.000	0.000
590	  P	  0.2	  0.1	0.134	0.000	0.000
591	  E	  0.1	  0.1	0.134	0.000	0.000
592	  Q	  2.3	  0.1	0.134	0.000	0.000
593	  F	  4.0	  0.2	0.134	0.000	0.000
594	  R	  4.1	  0.1	0.134	0.000	0.000
595	  H	  2.7	  0.1	0.134	0.000	0.000
596	  A	  1.1	  0.1	0.134	0.000	0.000
597	  I	  1.2	  0.0	0.134	0.000	0.000
598	  W	  0.6	  0.6	0.283	0.000	0.000
599	  K	  0.4	  0.6	0.283	0.000	0.000
600	  G	  0.1	  0.6	0.283	0.000	0.000
601	  I	  0.5	  0.7	0.149	0.000	0.000
602	  L	  0.8	  0.1	0.149	0.000	0.000
603	  D	  0.9	  0.1	0.471	0.000	0.000
604	  H	  1.0	  0.2	0.471	0.000	0.000
605	  R	  1.5	  0.2	0.321	0.000	0.000
606	  Q	  2.0	  0.2	0.321	0.000	0.000
607	  L	  1.4	  0.2	0.321	0.000	0.000
608	  H	  1.2	  0.1	0.321	0.000	0.000
609	  E	  2.0	  0.0	0.200	0.000	0.000
610	  F	  4.8	  0.0	0.200	0.000	0.000
611	  S	  4.3	  0.0	0.000	0.000	0.000
612	  S	  2.9	  2.8	0.000	0.000	0.000
613	  P	  0.1	  2.9	0.000	0.000	0.000
614	  S	  0.2	  2.9	0.000	0.000	0.000
615	  H	  0.8	  2.9	0.000	0.000	0.000
616	  L	  0.9	  0.1	0.000	0.000	0.000
617	  L	  1.0	  0.0	0.000	0.000	0.000
618	  R	  0.5	  0.0	0.000	0.000	0.000
619	  T	  0.4	  0.4	0.000	0.000	0.000
620	  P	  0.1	  0.6	0.000	0.000	0.000
621	  S	  0.1	  0.6	0.000	0.000	0.000
622	  S	  2.5	  1.2	0.000	0.000	0.000
623	  A	  2.6	  0.8	0.000	0.000	0.000
624	  S	  2.9	  0.7	0.000	0.000	0.000
625	  T	 18.3	  0.7	0.000	0.000	0.000
626	  V	 25.3	  0.0	0.000	0.000	0.000
627	  S	 25.3	  0.2	0.000	0.000	0.000
628	  V	  9.5	  0.8	0.000	0.000	0.000
629	  G	  0.5	  0.9	0.000	0.000	0.000
630	  S	  0.2	  1.0	0.442	0.000	0.000
631	  S	  0.1	  0.9	0.442	0.000	0.000
632	  E	  0.2	  0.3	0.442	0.000	0.000
633	  T	  0.2	  0.4	0.442	0.000	0.000
634	  R	  0.2	  0.4	0.442	0.000	0.000
635	  G	  0.1	  0.3	0.442	0.000	0.000
636	  E	  0.1	  0.3	0.159	0.000	0.000
637	  R	  3.2	  0.1	0.000	0.000	0.000
638	  V	  8.0	  0.1	0.000	3.223	3.223
639	  I	  8.6	  0.0	0.000	3.223	3.223
640	  D	  5.6	  0.0	0.489	3.223	3.223
641	  A	  1.2	  0.0	0.489	3.223	3.223
642	  V	  2.7	  0.0	0.489	3.223	3.223
643	  R	  4.4	  0.0	0.489	3.223	3.223
644	  F	  8.6	  0.0	0.489	3.223	3.223
645	  T	  8.5	  0.0	0.489	1.882	1.882
646	  L	  6.9	  0.0	0.489	1.590	1.590
647	  R	  2.5	  0.1	0.489	0.000	0.000
648	  Q	  0.6	  0.1	0.206	0.000	0.000
649	  T	 14.0	  0.1	0.000	0.000	0.000
650	  I	 19.7	  0.0	0.000	0.000	0.000
651	  S	 19.6	  0.0	0.000	0.000	0.000
652	  F	  7.3	  0.0	0.000	0.000	0.000
653	  P	  0.0	  0.2	0.000	0.000	0.000
654	  P	  0.0	  0.4	0.000	0.000	0.000
655	  R	  0.0	  0.4	0.000	0.000	0.000
656	  D	  0.0	  0.6	0.000	0.000	0.000
657	  E	  1.7	  0.4	0.000	0.000	0.000
658	  W	  2.0	  0.3	0.000	0.000	0.000
659	  N	  2.1	  0.3	0.000	0.000	0.000
660	  D	  0.9	  0.4	0.000	0.000	0.000
661	  F	  3.9	  0.3	0.000	0.000	0.000
662	  N	  4.5	  0.4	0.000	0.000	0.000
663	  F	  5.2	  0.4	0.000	0.000	0.000
664	  D	  2.1	  1.9	2.875	0.000	0.000
665	  M	  1.6	  2.0	3.219	0.000	0.000
666	  D	  0.5	  2.0	5.574	0.000	0.000
667	  A	  0.4	  2.0	5.574	0.000	0.000
668	  R	  0.9	  0.4	5.574	0.000	0.000
669	  R	  0.9	  0.4	5.574	0.000	0.000
670	  N	  0.8	  0.3	4.889	0.000	0.000
671	  K	  0.2	  0.3	3.821	0.000	0.000
672	  Q	  0.4	  0.2	2.305	0.000	0.000
673	  Q	  0.7	  0.2	1.035	0.000	0.000
674	  R	  3.3	  0.1	0.000	0.000	0.000
675	  I	  3.9	  0.0	0.000	0.000	0.000
676	  K	  3.6	  0.2	0.000	0.000	0.000
677	  E	  1.0	  0.5	0.000	0.000	0.000
678	  E	  0.2	  0.5	0.000	0.000	0.000
679	  G	  0.0	  0.4	0.000	0.000	0.000
680	  E	  0.0	  0.3	0.000	0.000	0.000
