res	aa	Beta	Turn	Helix	Aggregation	Conc-Stab_Aggregation
01	  M	  0.3	  0.0	0.000	0.000	0.000
02	  G	  0.3	  0.0	0.000	0.000	0.000
03	  L	  0.5	  0.1	0.000	0.000	0.000
04	  S	  1.0	  0.1	0.000	0.000	0.000
05	  T	  1.7	  0.1	0.000	0.000	0.000
06	  V	  1.5	  0.5	0.000	0.000	0.000
07	  P	  0.7	  0.5	0.000	0.000	0.000
08	  D	  0.0	  0.5	0.260	0.000	0.000
09	  L	  1.6	  0.5	0.260	0.000	0.000
10	  L	  1.6	  0.0	0.551	0.000	0.000
11	  L	  1.7	  0.0	2.280	0.000	0.000
12	  P	  0.1	  0.0	17.059	0.380	0.380
13	  L	  1.6	  0.0	17.863	0.380	0.380
14	  V	  4.5	  0.0	22.557	0.380	0.380
15	  L	  4.6	  0.0	23.816	0.380	0.380
16	  L	  3.5	  0.0	23.816	0.380	0.380
17	  E	  0.6	  0.0	23.816	0.000	0.000
18	  L	  1.2	  0.0	23.620	5.676	5.676
19	  L	  0.8	  0.0	23.620	5.676	5.676
20	  V	  1.1	  0.2	23.307	5.676	5.676
21	  G	  0.5	  0.2	23.084	5.676	5.676
22	  I	  0.5	  0.2	11.351	5.676	5.676
23	  Y	  0.2	  1.2	11.351	0.226	0.226
24	  P	  0.1	  1.1	0.000	0.096	0.096
25	  S	  0.0	  1.1	0.000	0.000	0.000
26	  G	  0.1	  1.1	0.000	0.352	0.352
27	  V	  1.2	  0.2	0.000	0.899	0.899
28	  I	  1.4	  0.0	0.000	0.899	0.899
29	  G	  1.4	  0.0	0.000	0.899	0.899
30	  L	  0.4	  0.0	0.000	0.899	0.899
31	  V	  0.2	  0.0	0.000	0.546	0.546
32	  P	  0.1	  0.0	0.000	0.230	0.230
33	  H	  0.2	  0.3	0.000	0.000	0.000
34	  L	  0.2	  1.1	0.000	0.000	0.000
35	  G	  0.2	  1.1	1.905	0.000	0.000
36	  D	  0.0	  1.3	2.472	0.000	0.000
37	  R	  0.0	  1.1	2.472	0.000	0.000
38	  E	  0.2	  0.3	2.472	0.000	0.000
39	  K	  0.3	  0.5	2.472	0.000	0.000
40	  R	  0.3	  0.5	2.472	0.000	0.000
41	  D	  0.3	  0.4	1.887	0.000	0.000
42	  S	  1.5	  0.4	0.972	0.000	0.000
43	  V	  1.6	  0.1	0.497	0.000	0.000
44	  C	  1.5	  1.3	0.497	0.000	0.000
45	  P	  0.1	  1.8	0.000	0.000	0.000
46	  Q	  0.0	  1.9	0.000	0.000	0.000
47	  G	  0.0	  1.9	0.000	0.000	0.000
48	  K	  0.5	  0.6	0.000	0.000	0.000
49	  Y	  1.7	  0.1	0.000	0.000	0.000
50	  I	  1.9	  0.0	0.000	0.000	0.000
51	  H	  1.4	  0.6	0.000	0.000	0.000
52	  P	  0.2	  0.9	0.000	0.000	0.000
53	  Q	  0.1	  0.9	0.000	0.000	0.000
54	  N	  0.1	  1.0	0.000	0.000	0.000
55	  N	  0.4	  0.4	0.000	0.000	0.000
56	  S	  0.8	  0.2	0.000	0.000	0.000
57	  I	  4.0	  0.1	0.000	0.000	0.000
58	  C	  6.3	  0.0	0.000	0.000	0.000
59	  C	  9.4	  0.0	0.000	0.000	0.000
60	  T	  7.7	  0.1	0.000	0.000	0.000
61	  K	  6.1	  0.1	0.000	0.000	0.000
62	  C	  4.7	  0.1	0.000	0.000	0.000
63	  H	  3.1	  0.6	0.000	0.000	0.000
64	  K	  2.2	  0.7	0.000	0.000	0.000
65	  G	  0.2	  0.7	0.000	0.520	0.520
66	  T	  3.6	  0.7	0.000	0.753	0.753
67	  Y	  4.3	  0.2	0.000	0.753	0.753
68	  L	  4.6	  0.0	0.000	0.753	0.753
69	  Y	  1.7	  0.1	0.000	0.753	0.753
70	  N	  1.0	  0.1	0.000	0.234	0.234
71	  D	  0.6	  0.1	0.000	0.000	0.000
72	  C	  0.1	  0.1	0.000	0.000	0.000
73	  P	  0.0	  0.1	0.000	0.000	0.000
74	  G	  0.0	  3.1	0.000	0.000	0.000
75	  P	  0.0	  3.1	0.000	0.000	0.000
76	  G	  0.0	  3.4	0.000	0.000	0.000
77	  Q	  0.2	  3.3	0.000	0.000	0.000
78	  D	  0.3	  1.8	0.000	0.000	0.000
79	  T	  0.6	  1.8	0.000	0.000	0.000
80	  D	  1.2	  1.6	0.000	0.000	0.000
81	  C	  1.5	  1.7	0.000	0.000	0.000
82	  R	  1.1	  0.2	0.000	0.000	0.000
83	  E	  0.8	  0.2	0.000	0.000	0.000
84	  C	  1.4	  0.9	0.000	0.000	0.000
85	  E	  1.4	  1.0	0.000	0.000	0.000
86	  S	  1.1	  1.9	0.000	0.000	0.000
87	  G	  0.3	  1.9	0.000	0.000	0.000
88	  S	  7.6	  1.2	0.000	0.000	0.000
89	  F	 12.6	  1.0	0.000	0.000	0.000
90	  T	 15.1	  0.1	0.000	0.000	0.000
91	  A	  8.0	  0.2	0.000	0.000	0.000
92	  S	  2.9	  1.8	0.291	0.000	0.000
93	  E	  0.2	  1.8	0.291	0.000	0.000
94	  N	  0.2	  1.7	0.291	0.000	0.000
95	  H	  1.0	  1.6	0.291	0.000	0.000
96	  L	  1.6	  0.1	0.291	0.000	0.000
97	  R	  1.6	  0.1	0.291	0.000	0.000
98	  H	  1.6	  0.1	0.173	0.000	0.000
99	  C	  2.2	  0.2	0.000	0.000	0.000
100	  L	  7.6	  0.1	0.000	0.000	0.000
101	  S	 26.0	  0.3	0.000	0.000	0.000
102	  C	 26.2	  0.5	0.000	0.000	0.000
103	  S	 21.9	  0.4	0.224	0.000	0.000
104	  K	  3.4	  0.3	0.224	0.000	0.000
105	  C	  2.3	  0.2	0.224	0.000	0.000
106	  R	  2.0	  0.1	0.224	0.000	0.000
107	  K	  1.5	  0.1	0.224	0.000	0.000
108	  E	  0.3	  0.1	0.224	0.000	0.000
109	  M	  0.1	  0.1	0.116	0.000	0.000
110	  G	  0.1	  0.0	0.000	0.000	0.000
111	  Q	  1.8	  0.0	0.000	0.000	0.000
112	  V	  8.9	  0.0	0.000	0.000	0.000
113	  E	 10.0	  0.0	0.000	0.000	0.000
114	  I	  8.8	  0.1	0.000	0.000	0.000
115	  S	  2.5	  0.1	0.103	0.000	0.000
116	  S	  8.1	  0.1	0.103	0.000	0.000
117	  C	 12.3	  0.1	0.103	0.000	0.000
118	  T	 15.9	  0.0	0.103	0.000	0.000
119	  V	  9.5	  0.0	0.103	0.000	0.000
120	  D	  4.4	  1.6	1.100	0.000	0.000
121	  R	  0.3	  1.6	0.997	0.000	0.000
122	  D	  0.6	  1.6	0.997	0.000	0.000
123	  T	  3.6	  1.6	0.997	0.000	0.000
124	  V	  3.9	  0.0	0.997	0.000	0.000
125	  C	  3.6	  0.2	0.997	0.000	0.000
126	  G	  0.6	  0.2	0.693	0.000	0.000
127	  C	  1.7	  0.3	0.588	0.000	0.000
128	  R	  2.0	  0.5	0.255	0.000	0.000
129	  K	  2.1	  0.3	0.255	0.000	0.000
130	  N	  1.8	  0.3	0.255	0.000	0.000
131	  Q	  3.2	  0.2	0.255	0.000	0.000
132	  Y	  4.8	  0.1	0.140	0.000	0.000
133	  R	  5.3	  0.0	0.000	0.000	0.000
134	  H	  5.1	  0.0	0.000	0.000	0.000
135	  Y	  5.1	  0.0	0.000	0.000	0.000
136	  W	  3.7	  0.1	0.000	0.000	0.000
137	  S	  2.0	  1.7	0.148	0.000	0.000
138	  E	  0.4	  1.7	0.148	0.000	0.000
139	  N	  0.6	  1.7	0.148	0.000	0.000
140	  L	  0.7	  1.6	0.148	0.132	0.132
141	  F	  7.3	  0.0	0.148	0.132	0.132
142	  Q	  8.3	  0.0	0.148	0.132	0.132
143	  C	 11.0	  0.1	0.000	0.132	0.132
144	  F	 11.7	  0.1	0.000	0.132	0.132
145	  N	 10.5	  0.2	0.000	0.000	0.000
146	  C	  9.0	  0.3	0.000	0.000	0.000
147	  S	  2.5	  0.2	0.000	0.000	0.000
148	  L	  3.0	  0.2	0.000	0.000	0.000
149	  C	  3.4	  0.7	0.000	0.000	0.000
150	  L	  2.9	  2.0	0.000	0.000	0.000
151	  N	  1.8	  2.0	0.000	0.000	0.000
152	  G	  0.1	  2.0	0.000	0.000	0.000
153	  T	  5.4	  1.4	0.000	0.000	0.000
154	  V	  9.3	  0.0	0.000	0.000	0.000
155	  H	  9.9	  0.2	0.000	0.000	0.000
156	  L	 10.0	  0.2	0.000	0.000	0.000
157	  S	  8.5	  0.2	3.446	0.000	0.000
158	  C	  8.2	  0.3	3.616	0.000	0.000
159	  Q	  3.1	  0.1	3.616	0.000	0.000
160	  E	  0.7	  0.2	3.616	0.000	0.000
161	  K	  0.4	  0.2	3.616	0.000	0.000
162	  Q	  0.5	  0.2	3.616	0.000	0.000
163	  N	  1.2	  0.1	2.371	0.000	0.000
164	  T	  3.9	  0.1	0.144	0.783	0.783
165	  V	  4.2	  0.0	0.144	2.119	2.119
166	  C	  7.1	  0.0	0.144	2.236	2.236
167	  T	  7.7	  0.0	0.000	2.461	2.461
168	  C	 10.6	  0.1	0.000	2.841	2.841
169	  H	  7.0	  0.8	0.000	2.841	2.841
170	  A	  3.7	  0.8	0.000	12.529	12.529
171	  G	  0.2	  0.8	0.000	12.529	12.529
172	  F	  1.1	  0.8	0.000	12.529	12.529
173	  F	  2.2	  0.0	0.000	12.529	12.529
174	  L	  2.2	  0.0	0.000	12.529	12.529
175	  R	  1.3	  0.2	0.000	0.000	0.000
176	  E	  0.1	  0.3	0.000	0.000	0.000
177	  N	  0.1	  0.3	0.000	0.000	0.000
178	  E	  0.1	  0.2	0.000	0.000	0.000
179	  C	  1.4	  0.0	0.000	0.000	0.000
180	  V	  8.7	  0.0	0.000	0.000	0.000
181	  S	 27.6	  0.2	0.000	0.000	0.000
182	  C	 26.4	  0.8	0.000	0.000	0.000
183	  S	 20.2	  0.8	0.000	0.000	0.000
184	  N	  0.5	  0.8	0.000	0.000	0.000
185	  C	  0.6	  0.7	0.000	0.000	0.000
186	  K	  0.6	  0.2	0.000	0.000	0.000
187	  K	  0.5	  0.2	0.000	0.000	0.000
188	  S	  1.3	  0.2	0.000	0.000	0.000
189	  L	  2.4	  0.1	0.000	0.000	0.000
190	  E	  3.2	  0.1	0.000	0.000	0.000
191	  C	  5.8	  0.1	0.000	0.000	0.000
192	  T	  5.5	  0.1	0.000	0.000	0.000
193	  K	  5.0	  0.1	0.000	0.000	0.000
194	  L	  3.8	  0.1	0.000	0.000	0.000
195	  C	  3.2	  0.1	0.000	0.000	0.000
196	  L	  2.6	  0.1	0.000	0.000	0.000
197	  P	  0.2	  0.1	0.000	0.000	0.000
198	  Q	  2.7	  0.1	0.000	0.000	0.000
199	  I	  2.9	  0.2	0.000	0.000	0.000
200	  E	  2.9	  0.1	0.000	0.000	0.000
201	  N	  2.7	  0.1	0.000	0.000	0.000
202	  V	  3.1	  0.5	0.000	0.000	0.000
203	  K	  3.1	  0.4	0.000	0.000	0.000
204	  G	  0.6	  0.4	0.000	0.000	0.000
205	  T	  0.1	  0.8	0.000	0.000	0.000
206	  E	  0.1	  0.6	0.000	0.000	0.000
207	  D	  0.1	  0.9	0.000	0.000	0.000
208	  S	  0.1	  1.5	0.000	0.000	0.000
209	  G	  0.1	  1.2	0.000	0.000	0.000
210	  T	  2.2	  1.1	0.000	0.000	0.000
211	  T	  6.0	  0.7	0.000	0.000	0.000
212	  V	 13.3	  0.0	0.000	0.000	0.000
213	  L	 11.3	  0.0	0.000	0.000	0.000
214	  L	  7.6	  0.0	0.000	0.000	0.000
215	  P	  0.1	  0.0	0.000	0.848	0.848
216	  L	  2.3	  0.0	0.000	78.551	78.551
217	  V	  4.5	  0.0	0.000	98.141	98.141
218	  I	  5.5	  0.0	0.000	99.806	99.806
219	  F	  4.2	  0.2	0.000	99.958	99.958
220	  F	  2.1	  0.2	0.000	99.970	99.970
221	  G	  1.1	  0.2	1.401	99.942	99.942
222	  L	  1.3	  0.2	1.401	99.950	99.950
223	  C	  2.3	  0.1	5.117	99.936	99.936
224	  L	  2.7	  0.0	5.117	99.944	99.944
225	  L	  3.3	  0.0	5.117	99.927	99.927
226	  S	  2.3	  0.0	5.348	99.827	99.827
227	  L	  2.4	  0.0	4.982	99.816	99.816
228	  L	  1.3	  0.0	4.846	99.748	99.748
229	  F	  1.6	  0.1	4.642	99.376	99.376
230	  I	  1.3	  0.2	3.025	94.812	94.812
231	  G	  0.6	  0.2	4.760	44.937	44.937
232	  L	  0.8	  0.2	3.500	40.448	40.448
233	  M	  0.7	  0.1	3.286	16.177	16.177
234	  Y	  3.5	  0.0	2.718	5.876	5.876
235	  R	  4.1	  0.0	2.532	0.000	0.000
236	  Y	  6.0	  0.0	2.532	0.000	0.000
237	  Q	  4.0	  0.0	1.960	0.000	0.000
238	  R	  3.1	  0.0	1.446	0.000	0.000
239	  W	  1.6	  0.1	1.293	0.000	0.000
240	  K	  1.4	  0.2	1.164	0.000	0.000
241	  S	  1.2	  0.2	0.621	0.000	0.000
242	  K	  0.9	  0.2	0.265	0.000	0.000
243	  L	  1.0	  0.1	0.161	7.717	7.717
244	  Y	  4.3	  0.1	0.161	7.717	7.717
245	  S	  4.7	  0.0	0.161	7.717	7.717
246	  I	  6.7	  0.0	0.161	7.717	7.717
247	  V	  3.6	  0.4	0.161	7.717	7.717
248	  C	  3.2	  0.5	0.161	0.448	0.448
249	  G	  0.6	  0.6	0.161	0.000	0.000
250	  K	  1.4	  0.6	0.000	0.000	0.000
251	  S	  1.2	  0.2	0.000	0.000	0.000
252	  T	  1.2	  0.4	0.000	0.000	0.000
253	  P	  0.1	  0.3	0.000	0.000	0.000
254	  E	  0.1	  0.4	0.000	0.000	0.000
255	  K	  0.1	  0.8	0.000	0.000	0.000
256	  E	  0.1	  0.7	0.000	0.000	0.000
257	  G	  0.0	  0.7	0.000	0.000	0.000
258	  E	  0.2	  0.6	0.000	0.000	0.000
259	  L	  0.2	  0.5	0.000	0.000	0.000
260	  E	  0.2	  0.8	0.000	0.000	0.000
261	  G	  0.1	  0.8	0.000	0.000	0.000
262	  T	  1.9	  0.8	0.000	0.000	0.000
263	  T	  7.6	  0.6	0.000	0.000	0.000
264	  T	  7.7	  0.0	0.000	0.000	0.000
265	  K	  6.0	  0.0	0.000	0.000	0.000
266	  P	  0.2	  0.0	0.000	0.000	0.000
267	  L	  0.0	  0.0	0.000	0.000	0.000
268	  A	  0.0	  0.0	0.000	0.000	0.000
269	  P	  0.0	  0.0	0.000	0.000	0.000
270	  N	  0.0	  1.4	0.000	0.000	0.000
271	  P	  0.0	  1.4	0.000	0.000	0.000
272	  S	 32.5	  1.4	0.000	0.000	0.000
273	  F	 32.8	  1.4	0.000	0.000	0.000
274	  S	 32.8	  0.0	0.000	0.000	0.000
275	  P	  0.4	  0.0	0.000	0.000	0.000
276	  T	  0.0	  1.2	0.000	0.000	0.000
277	  P	  0.0	  1.2	0.000	0.000	0.000
278	  G	  0.3	  1.2	0.000	0.000	0.000
279	  F	  1.0	  1.2	0.000	0.000	0.000
280	  T	  1.0	  0.3	0.000	0.000	0.000
281	  P	  0.7	  0.3	0.000	0.000	0.000
282	  T	  0.2	  0.3	0.000	0.000	0.000
283	  L	  0.2	  0.3	0.000	0.000	0.000
284	  G	  0.3	  0.0	0.000	0.000	0.000
285	  F	  0.6	  0.0	0.000	0.000	0.000
286	  S	  0.6	  0.0	0.000	0.000	0.000
287	  P	  0.4	  0.0	0.000	0.000	0.000
288	  V	  0.0	  0.2	0.000	0.000	0.000
289	  P	  0.0	  0.2	0.000	0.000	0.000
290	  S	  0.3	  0.4	0.000	0.000	0.000
291	  S	  0.9	  0.4	0.000	0.000	0.000
292	  T	 20.2	  0.2	0.000	0.000	0.000
293	  F	 22.4	  0.1	0.000	0.000	0.000
294	  T	 22.7	  0.1	0.000	0.000	0.000
295	  S	  4.4	  0.5	0.000	0.000	0.000
296	  S	  1.7	  0.6	0.000	0.000	0.000
297	  S	  1.3	  0.5	0.000	0.000	0.000
298	  T	 29.1	  0.5	0.000	0.000	0.000
299	  Y	 29.4	  0.1	0.000	0.000	0.000
300	  T	 28.9	  1.2	0.000	0.000	0.000
301	  P	  0.6	  1.5	0.000	0.000	0.000
302	  G	  0.0	  1.5	0.000	0.000	0.000
303	  D	  0.0	  1.5	0.000	0.000	0.000
304	  C	  0.1	  2.2	0.000	0.000	0.000
305	  P	  0.0	  1.8	0.000	0.000	0.000
306	  N	  0.1	  1.8	0.000	0.000	0.000
307	  F	  1.9	  1.8	0.000	0.000	0.000
308	  A	  1.9	  0.0	0.000	0.000	0.000
309	  A	  1.8	  0.2	0.000	0.000	0.000
310	  P	  0.0	  0.2	0.000	0.000	0.000
311	  R	  0.1	  0.2	0.000	0.000	0.000
312	  R	  0.4	  0.2	0.000	0.000	0.000
313	  E	  4.5	  0.1	0.000	0.000	0.000
314	  V	  4.3	  0.0	0.000	0.000	0.000
315	  A	  4.1	  0.0	0.000	0.000	0.000
316	  P	  0.0	  0.2	0.000	0.000	0.000
317	  P	  0.0	  0.2	0.000	0.000	0.000
318	  Y	  0.5	  0.4	0.000	0.000	0.000
319	  Q	  0.5	  0.5	0.000	0.000	0.000
320	  G	  0.5	  0.4	0.000	0.000	0.000
321	  A	  0.0	  0.4	0.000	0.000	0.000
322	  D	  0.0	  0.1	0.611	0.000	0.000
323	  P	  0.0	  0.0	0.611	0.000	0.000
324	  I	  0.9	  0.0	0.611	4.505	4.505
325	  L	  1.0	  0.0	0.611	5.496	5.496
326	  A	  1.1	  0.0	0.611	5.496	5.496
327	  T	  0.7	  0.0	0.611	5.496	5.496
328	  A	  0.7	  0.0	0.611	5.496	5.496
329	  L	  0.7	  0.2	0.611	4.943	4.943
330	  A	  0.2	  0.2	0.408	1.167	1.167
331	  S	  0.2	  0.2	0.273	0.000	0.000
332	  D	  0.0	  0.2	0.000	0.000	0.000
333	  P	  0.0	  0.0	0.000	0.000	0.000
334	  I	  0.0	  0.0	0.000	0.000	0.000
335	  P	  0.0	  0.0	0.000	0.000	0.000
336	  N	  0.0	  0.3	0.000	0.000	0.000
337	  P	  0.0	  0.3	0.000	0.000	0.000
338	  L	  0.2	  0.3	0.000	0.000	0.000
339	  Q	  0.8	  0.3	0.000	0.000	0.000
340	  K	  3.4	  0.0	0.000	0.000	0.000
341	  W	  3.6	  0.3	0.000	0.000	0.000
342	  E	  3.1	  0.3	0.000	0.000	0.000
343	  D	  0.5	  0.4	0.000	0.000	0.000
344	  S	  0.4	  0.6	0.000	0.000	0.000
345	  A	  0.7	  0.3	0.000	0.000	0.000
346	  H	  0.8	  0.2	0.000	0.000	0.000
347	  K	  0.5	  0.3	0.000	0.000	0.000
348	  P	  0.1	  0.3	0.000	0.000	0.000
349	  Q	  0.2	  0.3	0.000	0.000	0.000
350	  S	  2.7	  0.9	0.000	0.000	0.000
351	  L	  2.9	  0.8	0.000	0.000	0.000
352	  D	  2.8	  1.8	0.000	0.000	0.000
353	  T	  0.4	  1.8	0.000	0.000	0.000
354	  D	  0.2	  1.2	0.000	0.000	0.000
355	  D	  0.1	  1.3	4.567	0.000	0.000
356	  P	  0.0	  0.2	4.567	0.000	0.000
357	  A	  0.4	  0.2	4.567	5.132	5.132
358	  T	  1.5	  0.2	4.832	21.538	21.538
359	  L	  1.8	  0.0	4.832	46.952	46.952
360	  Y	  2.6	  0.0	4.832	46.952	46.952
361	  A	  2.2	  0.0	2.155	46.952	46.952
362	  V	  5.8	  0.0	1.671	46.860	46.860
363	  V	  5.7	  0.1	1.671	45.181	45.181
364	  E	  5.1	  0.1	1.671	0.000	0.000
365	  N	  1.1	  0.1	1.013	0.000	0.000
366	  V	  0.1	  0.1	0.211	0.000	0.000
367	  P	  0.0	  0.2	0.000	0.000	0.000
368	  P	  0.0	  0.2	0.000	0.000	0.000
369	  L	  1.2	  0.2	0.000	0.000	0.000
370	  R	  1.5	  0.2	0.155	0.000	0.000
371	  W	  2.0	  0.1	0.335	0.000	0.000
372	  K	  1.0	  0.1	0.549	0.000	0.000
373	  E	  0.7	  0.1	0.549	0.000	0.000
374	  F	  2.0	  0.1	0.549	0.000	0.000
375	  V	  3.2	  0.0	0.549	0.000	0.000
376	  R	  3.5	  0.1	0.549	0.000	0.000
377	  R	  1.9	  0.1	0.549	0.000	0.000
378	  L	  0.6	  0.1	0.549	0.000	0.000
379	  G	  0.2	  0.1	0.549	0.000	0.000
380	  L	  0.2	  0.3	0.000	0.000	0.000
381	  S	  0.1	  0.3	0.272	0.000	0.000
382	  D	  0.1	  0.3	0.272	0.000	0.000
383	  H	  1.2	  0.3	1.284	0.000	0.000
384	  E	  4.1	  0.1	1.284	0.000	0.000
385	  I	  4.5	  0.1	1.284	0.000	0.000
386	  D	  3.4	  0.1	6.683	0.000	0.000
387	  R	  0.8	  0.1	6.683	0.000	0.000
388	  L	  1.0	  0.1	6.683	0.000	0.000
389	  E	  1.3	  0.1	6.509	0.000	0.000
390	  L	  1.2	  0.4	6.134	0.000	0.000
391	  Q	  0.6	  2.3	6.023	0.000	0.000
392	  N	  0.3	  2.4	2.884	0.000	0.000
393	  G	  0.1	  2.5	1.932	0.000	0.000
394	  R	  1.2	  2.0	0.663	0.000	0.000
395	  C	  2.8	  0.1	0.668	0.000	0.000
396	  L	  2.8	  0.1	0.668	0.000	0.000
397	  R	  1.7	  0.1	0.668	0.000	0.000
398	  E	  0.2	  0.1	0.668	0.000	0.000
399	  A	  0.4	  0.1	0.668	0.000	0.000
400	  Q	  2.9	  0.0	0.668	0.000	0.000
401	  Y	  6.2	  0.0	0.320	0.139	0.139
402	  S	  6.1	  0.0	0.830	0.139	0.139
403	  M	  3.9	  0.0	0.830	0.139	0.139
404	  L	  0.5	  0.2	0.830	0.139	0.139
405	  A	  1.0	  0.2	0.830	0.139	0.139
406	  T	  9.9	  0.2	0.949	0.000	0.000
407	  W	 10.9	  0.2	0.949	0.000	0.000
408	  R	 10.6	  0.1	0.786	0.000	0.000
409	  R	  2.1	  0.1	0.303	0.000	0.000
410	  R	  0.9	  0.1	0.119	0.000	0.000
411	  T	  0.5	  0.2	0.119	0.000	0.000
412	  P	  0.1	  0.2	0.000	0.000	0.000
413	  R	  0.1	  0.3	0.000	0.000	0.000
414	  R	  0.1	  0.3	0.000	0.000	0.000
415	  E	  0.4	  0.1	0.134	0.000	0.000
416	  A	  0.7	  0.1	0.134	0.168	0.168
417	  T	  1.8	  0.0	3.322	0.168	0.168
418	  L	  2.2	  0.0	3.322	0.168	0.168
419	  E	  1.8	  0.0	3.437	0.168	0.168
420	  L	  0.8	  0.0	3.437	0.168	0.168
421	  L	  0.1	  0.1	3.437	0.168	0.168
422	  G	  0.1	  0.0	3.749	0.168	0.168
423	  R	  1.7	  0.0	2.988	0.168	0.168
424	  V	  3.6	  0.0	1.423	0.168	0.168
425	  L	  3.7	  0.2	1.423	0.168	0.168
426	  R	  2.2	  0.2	1.675	0.000	0.000
427	  D	  0.4	  1.0	1.411	0.000	0.000
428	  M	  1.5	  1.0	0.748	0.000	0.000
429	  D	  1.4	  1.0	0.748	0.000	0.000
430	  L	  1.4	  1.2	0.748	0.000	0.000
431	  L	  0.2	  0.6	0.748	0.000	0.000
432	  G	  0.2	  0.6	0.748	0.000	0.000
433	  C	  1.2	  0.4	0.000	0.000	0.000
434	  L	  1.2	  0.5	0.000	0.000	0.000
435	  E	  1.2	  0.2	0.000	0.000	0.000
436	  D	  1.8	  0.2	0.476	0.000	0.000
437	  I	  2.0	  0.2	0.602	0.000	0.000
438	  E	  2.0	  0.1	0.833	0.000	0.000
439	  E	  0.3	  0.1	0.833	0.000	0.000
440	  A	  0.2	  0.1	0.833	0.000	0.000
441	  L	  0.3	  0.0	0.833	0.000	0.000
442	  C	  0.3	  0.0	0.833	0.000	0.000
443	  G	  0.2	  0.2	0.649	0.000	0.000
444	  P	  0.0	  0.2	0.000	0.000	0.000
445	  A	  0.3	  0.2	0.000	0.000	0.000
446	  A	  0.3	  0.1	0.000	0.000	0.000
447	  L	  0.3	  0.0	0.000	0.000	0.000
448	  P	  0.0	  0.0	0.000	0.000	0.000
449	  P	  0.0	  0.0	0.000	0.000	0.000
450	  A	  0.0	  0.4	0.000	0.000	0.000
451	  P	  0.0	  0.5	0.000	0.000	0.000
452	  S	  0.2	  0.5	0.000	0.000	0.000
453	  L	  0.3	  0.5	0.000	0.000	0.000
454	  L	  0.3	  0.1	0.000	0.000	0.000
455	  R	  0.1	  0.0	0.000	0.000	0.000
