res	aa	Beta	Turn	Helix	Aggregation	Conc-Stab_Aggregation
01	  M	  2.7	  0.0	0.000	0.000	0.000
02	  S	 10.3	  0.0	0.000	0.000	0.000
03	  F	 11.8	  0.0	0.000	0.000	0.000
04	  T	 10.1	  0.0	0.000	0.000	0.000
05	  T	  3.9	  0.1	0.000	0.000	0.000
06	  R	  2.6	  0.1	0.000	0.000	0.000
07	  S	  2.3	  0.1	0.000	0.000	0.000
08	  T	 30.2	  0.1	0.000	0.000	0.000
09	  F	 30.6	  0.1	0.000	0.000	0.000
10	  S	 30.5	  0.4	0.000	0.000	0.000
11	  T	  1.8	  0.4	0.000	0.000	0.000
12	  N	  2.3	  0.4	0.000	0.000	0.000
13	  Y	  3.8	  0.5	0.000	0.000	0.000
14	  R	  3.9	  0.3	0.000	0.000	0.000
15	  S	  2.6	  0.5	0.000	0.000	0.000
16	  L	  0.7	  0.6	0.000	0.000	0.000
17	  G	  0.2	  0.4	0.000	0.000	0.000
18	  S	  1.5	  0.3	0.000	0.000	0.000
19	  V	  4.3	  0.1	0.000	0.000	0.000
20	  Q	  4.3	  0.0	0.000	0.000	0.000
21	  A	  2.9	  0.5	0.000	0.000	0.000
22	  P	  0.0	  0.6	0.000	0.000	0.000
23	  S	  0.8	  0.8	0.000	0.000	0.000
24	  Y	  1.0	  1.2	0.000	0.000	0.000
25	  G	  1.0	  0.7	0.000	0.000	0.000
26	  A	  0.2	  0.6	0.000	0.000	0.000
27	  R	  0.1	  0.4	0.000	0.000	0.000
28	  P	  0.0	  0.0	0.000	0.000	0.000
29	  V	  1.4	  0.1	0.000	0.000	0.000
30	  S	  1.5	  0.1	0.000	0.000	0.000
31	  S	  1.6	  0.1	0.130	0.000	0.000
32	  A	  0.3	  0.2	0.130	0.420	0.420
33	  A	  0.7	  0.2	0.130	0.647	0.647
34	  S	  1.5	  0.1	0.130	0.647	0.647
35	  V	  3.5	  0.1	0.130	0.810	0.810
36	  Y	  3.5	  0.3	0.130	0.810	0.810
37	  A	  2.5	  0.6	0.000	0.582	0.582
38	  G	  0.5	  1.0	0.000	0.163	0.163
39	  A	  0.0	  1.2	0.000	0.163	0.163
40	  G	  0.0	  1.6	0.000	0.000	0.000
41	  G	  0.0	  1.7	0.000	0.000	0.000
42	  S	  0.3	  2.1	0.000	0.000	0.000
43	  G	  0.3	  1.9	0.000	0.000	0.000
44	  S	  0.6	  1.2	0.000	0.000	0.000
45	  R	  2.4	  0.8	0.000	0.000	0.000
46	  I	  7.0	  0.1	0.000	0.000	0.000
47	  S	 16.4	  0.1	0.000	0.000	0.000
48	  V	 15.2	  0.1	0.000	0.000	0.000
49	  S	 12.4	  0.5	0.202	0.000	0.000
50	  R	  2.4	  0.6	0.202	0.000	0.000
51	  S	  3.4	  0.6	0.202	0.000	0.000
52	  T	  3.6	  0.6	0.202	0.000	0.000
53	  S	  9.7	  0.3	0.202	0.000	0.000
54	  F	  9.3	  0.3	0.202	0.000	0.000
55	  R	  7.8	  0.4	0.000	0.000	0.000
56	  G	  1.3	  0.4	0.000	0.000	0.000
57	  G	  0.0	  0.6	0.000	0.000	0.000
58	  M	  0.1	  1.2	0.000	0.000	0.000
59	  G	  0.1	  1.2	0.000	0.000	0.000
60	  S	  0.1	  1.4	0.000	0.000	0.000
61	  G	  0.0	  1.2	0.000	0.000	0.000
62	  G	  0.1	  0.5	0.000	0.000	0.000
63	  L	  0.1	  0.5	0.000	0.318	0.318
64	  A	  0.2	  0.4	0.000	0.318	0.318
65	  T	  0.2	  0.4	0.000	0.318	0.318
66	  G	  0.6	  0.4	0.000	0.318	0.318
67	  I	  1.9	  0.2	0.000	0.318	0.318
68	  A	  1.8	  0.5	0.000	0.146	0.146
69	  G	  1.3	  0.5	0.000	0.000	0.000
70	  G	  0.1	  0.5	0.000	0.000	0.000
71	  L	  0.1	  0.7	0.000	0.000	0.000
72	  A	  0.2	  0.4	0.000	0.000	0.000
73	  G	  0.1	  0.5	0.000	0.000	0.000
74	  M	  0.1	  0.8	0.000	0.000	0.000
75	  G	  0.1	  0.5	0.000	0.000	0.000
76	  G	  0.1	  0.5	0.000	0.000	0.000
77	  I	  0.1	  0.4	0.000	0.000	0.000
78	  Q	  0.2	  0.1	0.000	0.000	0.000
79	  N	  0.2	  0.2	0.340	0.000	0.000
80	  E	  0.2	  0.2	0.340	0.000	0.000
81	  K	  0.3	  0.2	0.340	0.000	0.000
82	  E	  0.3	  0.2	0.340	0.000	0.000
83	  T	  3.4	  0.1	0.852	0.000	0.000
84	  M	  3.5	  0.1	0.852	0.000	0.000
85	  Q	  3.7	  0.1	0.727	0.000	0.000
86	  S	  3.3	  0.9	1.511	0.000	0.000
87	  L	  3.1	  1.0	1.511	0.000	0.000
88	  N	  2.9	  0.9	3.223	0.000	0.000
89	  D	  0.1	  1.0	4.013	0.000	0.000
90	  R	  0.1	  0.2	3.835	0.000	0.000
91	  L	  0.3	  0.5	3.835	4.620	4.620
92	  A	  0.9	  0.4	3.666	4.620	4.620
93	  S	  1.3	  0.3	4.043	4.620	4.620
94	  Y	  2.1	  0.4	2.625	4.620	4.620
95	  L	  1.5	  0.1	1.471	4.620	4.620
96	  D	  1.0	  0.1	1.589	0.000	0.000
97	  R	  1.7	  0.1	1.248	0.000	0.000
98	  V	  3.7	  0.1	1.005	0.000	0.000
99	  R	  4.2	  0.1	1.005	0.000	0.000
100	  S	  3.5	  0.1	2.677	0.000	0.000
101	  L	  1.4	  0.1	2.516	0.000	0.000
102	  E	  1.0	  0.1	2.298	0.000	0.000
103	  T	  0.1	  0.3	13.133	0.000	0.000
104	  E	  0.1	  0.3	13.133	0.000	0.000
105	  N	  0.1	  0.3	13.546	0.000	0.000
106	  R	  0.4	  0.3	12.894	0.000	0.000
107	  R	  0.7	  0.1	12.374	0.000	0.000
108	  L	  0.8	  0.2	11.936	0.000	0.000
109	  E	  0.8	  0.1	10.305	0.000	0.000
110	  S	  0.9	  0.1	9.248	0.000	0.000
111	  K	  2.0	  0.1	7.253	0.000	0.000
112	  I	  2.0	  0.0	4.772	0.000	0.000
113	  R	  1.7	  0.1	4.772	0.000	0.000
114	  E	  0.4	  0.1	4.447	0.000	0.000
115	  H	  0.6	  0.1	4.088	0.000	0.000
116	  L	  0.7	  0.1	3.211	0.000	0.000
117	  E	  1.0	  0.1	3.211	0.000	0.000
118	  K	  0.6	  0.1	2.776	0.000	0.000
119	  K	  0.4	  0.2	1.819	0.000	0.000
120	  G	  0.0	  0.4	0.499	0.000	0.000
121	  P	  0.0	  0.3	0.000	0.000	0.000
122	  Q	  0.5	  0.3	0.000	0.000	0.000
123	  V	  1.3	  0.5	0.000	0.000	0.000
124	  R	  1.5	  0.2	0.000	0.000	0.000
125	  D	  1.4	  0.6	0.503	0.000	0.000
126	  W	  1.8	  0.7	0.503	0.000	0.000
127	  S	  2.2	  0.5	1.269	0.000	0.000
128	  H	  3.9	  0.5	1.468	0.000	0.000
129	  Y	  3.9	  0.1	1.468	0.336	0.336
130	  F	  5.2	  0.0	1.595	0.336	0.336
131	  K	  4.5	  0.0	1.742	0.336	0.336
132	  I	  4.8	  0.0	2.263	0.336	0.336
133	  I	  3.0	  0.1	2.907	0.336	0.336
134	  E	  1.6	  0.1	4.243	0.336	0.336
135	  D	  0.4	  0.1	8.287	0.000	0.000
136	  L	  0.7	  0.2	8.474	0.000	0.000
137	  R	  0.8	  0.0	8.584	0.000	0.000
138	  A	  0.8	  0.0	8.584	0.161	0.161
139	  Q	  1.6	  0.0	8.584	0.352	0.352
140	  I	  2.2	  0.0	7.643	1.005	1.005
141	  F	  2.1	  0.2	7.643	1.005	1.005
142	  A	  1.0	  0.2	5.600	1.005	1.005
143	  N	  1.2	  0.2	5.350	1.005	1.005
144	  T	  5.4	  0.3	0.000	1.005	1.005
145	  V	  5.8	  0.1	0.000	1.005	1.005
146	  D	  4.9	  0.1	0.351	0.000	0.000
147	  N	  0.5	  0.1	0.485	0.000	0.000
148	  A	  0.7	  0.1	0.485	0.000	0.000
149	  R	  5.5	  0.0	0.485	0.000	0.000
150	  I	 13.6	  0.0	0.485	34.096	34.096
151	  V	 15.2	  0.0	0.485	34.096	34.096
152	  L	 12.0	  0.0	0.485	34.096	34.096
153	  Q	  4.7	  0.0	0.351	34.096	34.096
154	  I	  2.5	  0.1	0.000	34.096	34.096
155	  D	  1.0	  0.1	1.679	0.000	0.000
156	  N	  0.2	  0.1	2.272	0.000	0.000
157	  A	  0.3	  0.1	2.272	0.000	0.000
158	  R	  0.5	  0.1	2.272	0.000	0.000
159	  L	  0.5	  0.0	2.272	0.000	0.000
160	  A	  0.2	  0.4	2.272	0.000	0.000
161	  A	  0.1	  0.6	1.931	0.000	0.000
162	  D	  0.1	  0.6	1.919	0.000	0.000
163	  D	  1.1	  0.6	3.156	0.000	0.000
164	  F	  4.9	  0.2	2.914	0.000	0.000
165	  R	  6.2	  0.0	2.782	0.000	0.000
166	  V	  8.3	  0.0	2.782	0.000	0.000
167	  K	  7.7	  0.0	2.782	0.000	0.000
168	  Y	  6.7	  0.1	3.026	0.000	0.000
169	  E	  3.9	  0.1	2.749	0.000	0.000
170	  T	  0.5	  0.1	3.749	0.000	0.000
171	  E	  0.2	  0.1	3.918	0.000	0.000
172	  L	  0.5	  0.1	3.918	0.000	0.000
173	  A	  0.7	  0.0	3.918	0.000	0.000
174	  M	  1.0	  0.0	3.918	0.000	0.000
175	  R	  0.9	  0.1	3.557	0.000	0.000
176	  Q	  0.9	  0.1	2.774	0.000	0.000
177	  S	  4.4	  0.1	1.012	0.000	0.000
178	  V	  5.2	  0.2	0.150	0.000	0.000
179	  E	  4.9	  0.2	0.150	0.000	0.000
180	  N	  1.2	  0.2	0.268	0.000	0.000
181	  D	  0.4	  0.2	0.118	0.000	0.000
182	  I	  1.8	  0.5	0.118	0.000	0.000
183	  H	  1.8	  0.5	0.118	0.000	0.000
184	  G	  1.6	  0.5	0.118	0.000	0.000
185	  L	  0.4	  0.5	0.118	0.000	0.000
186	  R	  0.9	  0.1	0.000	0.000	0.000
187	  K	  3.3	  0.0	0.000	0.000	0.000
188	  V	  8.0	  0.1	0.000	0.000	0.000
189	  I	  7.5	  0.1	0.000	0.000	0.000
190	  D	  5.1	  0.3	0.000	0.000	0.000
191	  D	  0.2	  0.5	0.000	0.000	0.000
192	  T	  0.5	  0.5	0.519	0.000	0.000
193	  N	  3.0	  0.4	0.646	0.000	0.000
194	  I	  6.9	  0.3	0.646	0.000	0.000
195	  T	  7.0	  0.0	0.851	0.000	0.000
196	  R	  4.8	  0.0	0.851	0.000	0.000
197	  L	  2.4	  0.1	0.851	0.000	0.000
198	  Q	  3.2	  0.0	0.523	0.000	0.000
199	  L	  2.8	  0.1	0.205	0.000	0.000
200	  E	  1.4	  0.1	0.205	0.000	0.000
201	  T	  0.2	  0.1	3.005	0.000	0.000
202	  E	  0.9	  0.1	4.446	0.000	0.000
203	  I	  1.8	  0.0	6.025	0.000	0.000
204	  E	  1.7	  0.0	7.301	0.000	0.000
205	  A	  1.1	  0.0	8.079	0.000	0.000
206	  L	  0.3	  0.1	8.780	0.000	0.000
207	  K	  0.4	  0.1	9.606	0.000	0.000
208	  E	  0.2	  0.1	9.366	0.000	0.000
209	  E	  0.2	  0.1	8.838	0.000	0.000
210	  L	  0.6	  0.1	8.316	0.000	0.000
211	  L	  1.3	  0.0	8.523	0.000	0.000
212	  F	  2.1	  0.0	8.031	0.000	0.000
213	  M	  1.8	  0.1	5.712	0.000	0.000
214	  K	  1.1	  0.2	4.405	0.000	0.000
215	  K	  0.2	  0.2	2.751	0.000	0.000
216	  N	  0.3	  0.3	2.682	0.000	0.000
217	  H	  0.3	  0.3	0.783	0.000	0.000
218	  E	  0.2	  0.2	0.783	0.000	0.000
219	  E	  0.1	  0.2	0.783	0.000	0.000
220	  E	 14.3	  0.1	0.783	0.000	0.000
221	  V	 14.8	  0.3	0.783	0.000	0.000
222	  K	 14.8	  0.3	0.783	0.000	0.000
223	  G	  0.6	  0.3	0.794	0.000	0.000
224	  L	  0.3	  0.3	0.355	0.000	0.000
225	  Q	  0.5	  0.0	0.227	0.000	0.000
226	  A	  0.8	  0.0	0.227	0.000	0.000
227	  Q	  0.9	  0.0	0.227	0.000	0.000
228	  I	  1.9	  0.0	0.227	0.000	0.000
229	  A	  1.7	  0.3	0.227	0.000	0.000
230	  S	  1.4	  0.5	0.227	0.000	0.000
231	  S	  0.2	  0.6	0.104	0.000	0.000
232	  G	  0.1	  0.6	0.000	0.000	0.000
233	  L	  2.9	  0.3	0.000	0.000	0.000
234	  T	  9.0	  0.1	0.000	0.000	0.000
235	  V	 27.0	  0.0	0.000	0.000	0.000
236	  E	 28.1	  0.0	0.000	0.000	0.000
237	  V	 23.8	  0.0	0.000	0.000	0.000
238	  D	  6.6	  0.0	0.000	0.000	0.000
239	  A	  1.1	  0.1	0.000	0.000	0.000
240	  P	  0.0	  0.2	0.000	0.000	0.000
241	  K	  0.2	  0.3	0.000	0.000	0.000
242	  S	  0.9	  1.6	0.333	0.000	0.000
243	  Q	  1.0	  1.5	0.333	0.000	0.000
244	  D	  0.7	  1.4	7.708	0.000	0.000
245	  L	  0.2	  1.3	7.708	0.134	0.134
246	  A	  0.4	  0.0	7.708	0.134	0.134
247	  K	  1.0	  0.0	7.708	0.134	0.134
248	  I	  1.8	  0.0	7.475	0.134	0.134
249	  M	  1.5	  0.2	7.475	0.134	0.134
250	  A	  1.0	  0.2	6.781	0.134	0.134
251	  D	  1.9	  0.2	7.560	0.134	0.134
252	  I	  3.1	  0.2	6.980	0.134	0.134
253	  R	  3.1	  0.0	7.125	0.000	0.000
254	  A	  1.6	  0.0	6.136	0.000	0.000
255	  Q	  1.7	  0.0	5.844	0.000	0.000
256	  Y	  1.8	  0.1	5.166	0.000	0.000
257	  D	  1.5	  0.2	17.380	0.000	0.000
258	  E	  0.2	  0.2	18.006	0.000	0.000
259	  L	  0.1	  0.2	18.006	0.000	0.000
260	  A	  0.2	  0.2	18.006	0.000	0.000
261	  R	  0.6	  0.2	18.006	0.000	0.000
262	  K	  0.6	  0.2	17.793	0.000	0.000
263	  N	  0.5	  0.3	10.756	0.000	0.000
264	  R	  0.1	  0.3	6.921	0.000	0.000
265	  E	  0.0	  0.2	6.176	0.000	0.000
266	  E	  0.7	  0.1	5.744	0.000	0.000
267	  L	  0.8	  0.1	4.948	0.000	0.000
268	  D	  0.9	  0.1	4.804	0.000	0.000
269	  K	  0.4	  0.1	4.497	0.000	0.000
270	  Y	  1.9	  0.1	3.389	0.000	0.000
271	  W	  3.0	  0.1	1.087	0.000	0.000
272	  S	  3.0	  0.1	0.514	0.000	0.000
273	  Q	  1.7	  0.1	0.239	0.000	0.000
274	  Q	  3.2	  0.1	0.000	0.000	0.000
275	  I	  3.1	  0.1	0.000	0.000	0.000
276	  E	  3.0	  0.1	0.000	0.000	0.000
277	  E	  0.4	  0.1	0.000	0.000	0.000
278	  S	  0.8	  0.1	0.000	0.000	0.000
279	  T	  2.9	  0.1	0.000	1.076	1.076
280	  T	  8.2	  0.1	0.000	2.921	2.921
281	  V	 10.2	  0.0	0.000	2.921	2.921
282	  V	  9.8	  0.0	0.000	2.921	2.921
283	  T	  6.7	  0.0	0.000	2.921	2.921
284	  T	  6.0	  0.1	0.000	2.246	2.246
285	  Q	  4.4	  0.1	0.000	0.000	0.000
286	  S	  2.6	  0.1	0.000	0.000	0.000
287	  A	  0.7	  0.1	0.000	0.000	0.000
288	  E	  0.7	  0.0	0.000	0.000	0.000
289	  V	  0.5	  0.1	0.000	0.000	0.000
290	  G	  0.3	  0.1	0.000	0.000	0.000
291	  A	  0.2	  0.1	0.000	0.000	0.000
292	  A	  0.1	  0.2	0.000	0.000	0.000
293	  E	  0.2	  0.1	0.000	0.000	0.000
294	  T	  1.1	  0.1	0.107	0.000	0.000
295	  T	  3.9	  0.1	1.192	0.000	0.000
296	  L	  3.8	  0.0	1.192	0.000	0.000
297	  T	  3.1	  0.1	2.216	0.000	0.000
298	  E	  0.3	  0.1	2.371	0.000	0.000
299	  L	  0.4	  0.1	2.371	0.000	0.000
300	  R	  0.6	  0.1	2.371	0.000	0.000
301	  R	  1.1	  0.1	2.026	0.000	0.000
302	  T	 11.0	  0.1	1.602	0.000	0.000
303	  V	 11.8	  0.1	1.602	0.000	0.000
304	  Q	 11.3	  0.1	1.602	0.000	0.000
305	  S	  2.3	  0.1	0.128	0.000	0.000
306	  L	  2.3	  0.1	0.000	0.000	0.000
307	  E	  5.0	  0.1	0.000	0.000	0.000
308	  I	  6.7	  0.0	0.000	0.000	0.000
309	  D	  5.7	  1.3	3.707	0.000	0.000
310	  L	  3.1	  1.3	3.707	0.000	0.000
311	  D	  0.4	  1.3	4.644	0.000	0.000
312	  S	  2.4	  1.3	5.176	0.000	0.000
313	  M	  2.4	  0.2	5.176	0.000	0.000
314	  R	  2.5	  0.2	5.176	0.000	0.000
315	  N	  0.6	  0.2	5.016	0.000	0.000
316	  L	  0.7	  0.2	4.601	0.000	0.000
317	  K	  0.7	  0.2	3.435	0.000	0.000
318	  A	  0.9	  0.2	1.472	0.000	0.000
319	  S	  1.6	  0.2	0.666	0.000	0.000
320	  L	  1.5	  0.4	0.325	0.000	0.000
321	  E	  1.1	  0.2	0.325	0.000	0.000
322	  N	  0.2	  0.3	0.773	0.000	0.000
323	  S	  1.9	  0.3	4.312	0.000	0.000
324	  L	  1.9	  0.1	4.473	0.000	0.000
325	  R	  2.1	  0.1	5.924	0.000	0.000
326	  E	  2.3	  0.0	5.924	0.000	0.000
327	  V	  3.8	  0.0	5.924	0.000	0.000
328	  E	  3.7	  0.0	6.610	0.000	0.000
329	  A	  1.8	  0.0	6.267	0.000	0.000
330	  R	  0.6	  0.0	6.109	0.000	0.000
331	  Y	  1.2	  0.0	4.542	0.000	0.000
332	  A	  1.2	  0.0	1.868	0.000	0.000
333	  L	  2.5	  0.0	1.744	0.000	0.000
334	  Q	  3.4	  0.0	1.252	0.000	0.000
335	  M	  3.3	  0.1	0.605	0.000	0.000
336	  E	  1.7	  0.1	0.272	0.000	0.000
337	  Q	  0.9	  0.3	0.000	0.000	0.000
338	  L	  0.9	  2.5	0.000	0.143	0.143
339	  N	  0.9	  2.5	0.131	0.143	0.143
340	  G	  0.1	  2.5	0.131	0.143	0.143
341	  I	  3.1	  2.2	0.131	0.445	0.445
342	  L	  3.5	  0.0	0.131	0.445	0.445
343	  L	  4.6	  0.0	0.131	0.445	0.445
344	  H	  2.1	  0.0	0.355	0.302	0.302
345	  L	  1.7	  0.1	0.223	0.302	0.302
346	  E	  0.7	  0.1	0.491	0.000	0.000
347	  S	  0.2	  0.2	0.620	0.000	0.000
348	  E	  0.1	  0.2	0.620	0.000	0.000
349	  L	  0.1	  0.1	0.620	0.000	0.000
350	  A	  0.2	  0.1	0.620	0.000	0.000
351	  Q	  0.2	  0.1	0.620	0.000	0.000
352	  T	  0.4	  0.1	1.044	0.000	0.000
353	  R	  0.4	  0.3	1.130	0.000	0.000
354	  A	  0.3	  0.8	1.710	0.000	0.000
355	  E	  0.1	  0.9	1.952	0.000	0.000
356	  G	  0.0	  0.9	4.896	0.000	0.000
357	  Q	  0.5	  0.7	5.726	0.000	0.000
358	  R	  0.7	  0.2	5.637	0.000	0.000
359	  Q	  0.9	  0.1	5.855	0.000	0.000
360	  A	  0.4	  0.1	6.287	0.000	0.000
361	  Q	  0.5	  0.1	7.536	0.000	0.000
362	  E	  1.1	  0.0	9.120	0.000	0.000
363	  Y	  3.1	  0.1	10.527	0.157	0.157
364	  E	  2.8	  0.1	10.478	0.157	0.157
365	  A	  2.2	  0.1	10.582	1.701	1.701
366	  L	  0.6	  0.1	10.582	1.701	1.701
367	  L	  3.3	  0.0	10.582	1.701	1.701
368	  N	  4.5	  0.0	12.538	1.701	1.701
369	  I	 10.4	  0.0	10.295	1.701	1.701
370	  K	 11.0	  0.0	10.295	0.157	0.157
371	  V	 15.2	  0.0	6.082	0.157	0.157
372	  K	 10.5	  0.0	6.171	0.000	0.000
373	  L	  7.2	  0.0	4.052	0.000	0.000
374	  E	  1.6	  0.0	4.300	0.000	0.000
375	  A	  0.3	  0.0	3.573	0.000	0.000
376	  E	  0.8	  0.0	3.569	0.000	0.000
377	  I	  1.8	  0.1	3.206	0.000	0.000
378	  A	  2.4	  0.1	3.206	0.000	0.000
379	  T	 13.7	  0.1	3.525	0.000	0.000
380	  Y	 14.4	  0.2	3.525	0.000	0.000
381	  R	 14.0	  0.1	1.793	0.000	0.000
382	  R	  2.6	  0.1	0.722	0.000	0.000
383	  L	  0.8	  0.1	0.574	0.000	0.000
384	  L	  0.5	  0.8	0.574	0.000	0.000
385	  E	  0.1	  1.1	0.574	0.000	0.000
386	  D	  0.1	  1.3	0.398	0.000	0.000
387	  G	  0.0	  1.7	0.000	0.000	0.000
388	  E	  0.1	  0.9	0.000	0.000	0.000
389	  D	  0.6	  0.8	0.000	0.000	0.000
390	  F	  2.4	  0.7	0.000	0.000	0.000
391	  N	  2.3	  0.5	0.507	0.000	0.000
392	  L	  1.8	  1.1	0.507	0.000	0.000
393	  G	  0.0	  0.9	0.507	0.000	0.000
394	  D	  0.0	  1.1	0.507	0.000	0.000
395	  A	  0.1	  0.9	0.507	0.000	0.000
396	  L	  0.4	  0.4	0.507	0.000	0.000
397	  D	  0.5	  2.2	0.507	0.000	0.000
398	  S	  0.4	  3.6	0.125	0.000	0.000
399	  S	  0.2	  3.7	0.000	0.000	0.000
400	  N	  0.2	  3.6	0.000	0.000	0.000
401	  S	  0.8	  1.7	0.775	0.000	0.000
402	  M	  0.8	  0.2	0.775	0.000	0.000
403	  Q	  1.0	  0.0	0.775	0.000	0.000
404	  T	  4.5	  0.0	0.775	0.000	0.000
405	  I	  4.6	  0.1	0.775	0.000	0.000
406	  Q	  4.7	  0.1	0.775	0.000	0.000
407	  K	  1.4	  0.1	0.260	0.000	0.000
408	  T	  2.8	  0.1	0.000	0.000	0.000
409	  T	  3.6	  0.1	0.000	0.000	0.000
410	  T	  3.6	  0.1	0.000	0.000	0.000
411	  R	  3.7	  0.1	0.000	0.000	0.000
412	  R	  7.5	  0.0	0.000	0.000	0.000
413	  I	  7.6	  0.1	0.000	0.166	0.166
414	  V	  6.1	  1.4	0.000	0.166	0.166
415	  D	  1.1	  1.4	0.000	0.166	0.166
416	  G	  0.2	  1.4	0.000	0.166	0.166
417	  K	  2.0	  1.3	0.000	0.166	0.166
418	  V	  6.6	  0.0	0.000	0.166	0.166
419	  V	  7.0	  0.0	0.000	0.166	0.166
420	  S	  5.1	  0.2	0.000	0.000	0.000
421	  E	  0.6	  0.2	0.000	0.000	0.000
422	  T	  0.2	  0.3	0.000	0.000	0.000
423	  N	  0.2	  0.4	0.000	0.000	0.000
424	  D	  0.4	  0.2	0.000	0.000	0.000
425	  T	  2.2	  0.2	0.000	0.000	0.000
426	  K	  3.1	  0.1	0.000	0.000	0.000
427	  V	  4.8	  0.0	0.000	0.000	0.000
428	  L	  3.8	  0.0	0.000	0.000	0.000
429	  R	  2.8	  0.0	0.000	0.000	0.000
430	  H	  0.8	  0.0	0.000	0.000	0.000
