res	aa	Beta	Turn	Helix	Aggregation	Conc-Stab_Aggregation
01	  M	  0.8	  0.0	0.000	0.000	0.000
02	  Y	  1.1	  0.4	0.000	0.155	0.155
03	  S	  1.1	  0.4	0.000	0.155	0.155
04	  N	  3.5	  0.4	0.000	0.339	0.339
05	  V	  4.0	  0.4	0.000	8.062	8.062
06	  I	  4.1	  0.1	0.000	8.302	8.302
07	  G	  1.0	  0.1	0.000	8.147	8.147
08	  T	 10.9	  0.1	0.000	8.147	8.147
09	  V	 13.4	  0.1	0.000	8.147	8.147
10	  T	 13.4	  0.4	0.161	3.194	3.194
11	  S	  2.8	  0.6	0.284	0.128	0.128
12	  G	  0.1	  0.6	0.565	0.000	0.000
13	  K	  0.4	  0.6	0.565	0.000	0.000
14	  R	  1.0	  0.3	0.565	0.000	0.000
15	  K	  1.9	  0.1	0.709	0.156	0.156
16	  V	  5.0	  0.0	0.885	83.340	83.340
17	  Y	  5.1	  0.0	2.166	99.225	99.225
18	  L	  4.6	  0.0	2.472	99.740	99.740
19	  L	  2.9	  0.0	2.591	99.834	99.834
20	  S	  2.3	  0.0	3.219	99.850	99.850
21	  L	  2.8	  0.0	3.219	99.941	99.941
22	  L	  2.0	  0.0	3.219	99.954	99.954
23	  L	  1.9	  0.2	3.219	99.935	99.935
24	  I	  1.1	  0.2	3.103	99.818	99.818
25	  G	  0.3	  0.2	3.103	98.531	98.531
26	  F	  1.2	  0.3	0.495	98.411	98.411
27	  W	  3.9	  0.2	0.000	89.333	89.333
28	  D	  4.2	  0.2	0.195	0.156	0.156
29	  C	  3.6	  0.2	0.195	0.140	0.140
30	  V	  8.0	  0.0	0.195	0.134	0.134
31	  T	 10.9	  0.0	0.195	0.055	0.055
32	  C	 10.9	  0.4	0.195	0.008	0.008
33	  H	  4.0	  0.4	0.195	0.000	0.000
34	  G	  0.6	  0.4	0.000	0.000	0.000
35	  S	  0.1	  0.4	0.000	0.000	0.000
36	  P	  0.0	  0.0	0.000	0.000	0.000
37	  V	  4.3	  0.0	0.000	0.000	0.000
38	  D	  4.7	  0.0	3.312	0.000	0.000
39	  I	  5.5	  0.0	3.312	0.000	0.000
40	  C	  7.1	  0.0	3.312	0.000	0.000
41	  T	  9.1	  0.0	3.312	0.000	0.000
42	  A	  8.3	  0.0	3.312	0.000	0.000
43	  K	  2.8	  0.2	3.312	0.000	0.000
44	  P	  0.0	  0.4	0.000	0.000	0.000
45	  R	  0.5	  0.4	0.000	0.000	0.000
46	  D	  0.6	  0.4	0.000	0.000	0.000
47	  I	  0.6	  0.2	0.000	0.000	0.000
48	  P	  0.1	  0.0	0.000	0.000	0.000
49	  M	  0.2	  0.0	0.000	0.000	0.000
50	  N	  0.1	  0.3	0.422	0.000	0.000
51	  P	  0.1	  0.3	0.422	0.000	0.000
52	  M	  2.0	  0.3	0.422	0.000	0.000
53	  C	  2.8	  0.3	0.422	0.000	0.000
54	  I	  4.3	  0.0	0.422	0.000	0.000
55	  Y	  5.8	  0.0	0.422	0.000	0.000
56	  R	  5.0	  0.0	0.134	0.000	0.000
57	  S	  3.6	  0.3	0.000	0.000	0.000
58	  P	  0.1	  0.4	0.000	0.000	0.000
59	  E	  0.4	  0.4	0.000	0.000	0.000
60	  K	  0.5	  0.5	0.000	0.000	0.000
61	  K	  1.0	  0.1	0.000	0.000	0.000
62	  A	  0.6	  0.1	0.000	0.000	0.000
63	  T	  0.6	  0.3	0.000	0.000	0.000
64	  E	  0.1	  0.4	0.000	0.000	0.000
65	  D	  0.0	  2.1	0.130	0.000	0.000
66	  E	  0.0	  2.6	0.130	0.000	0.000
67	  G	  0.0	  2.4	0.130	0.000	0.000
68	  S	  0.0	  2.4	0.130	0.000	0.000
69	  E	  0.3	  0.7	0.130	0.000	0.000
70	  Q	  0.7	  0.2	0.130	0.000	0.000
71	  K	  0.9	  0.1	0.130	0.000	0.000
72	  I	  0.5	  0.0	0.000	0.000	0.000
73	  P	  0.2	  0.0	0.000	0.000	0.000
74	  E	  0.2	  0.0	0.000	0.000	0.000
75	  A	  0.3	  0.1	0.000	0.000	0.000
76	  T	  0.4	  0.1	0.000	0.000	0.000
77	  N	  0.3	  0.1	0.454	0.000	0.000
78	  R	  1.0	  0.1	0.454	0.000	0.000
79	  R	  3.2	  0.0	0.454	0.000	0.000
80	  V	  5.6	  0.0	0.454	0.000	0.000
81	  W	  6.0	  0.0	0.454	0.000	0.000
82	  E	  4.1	  0.0	0.454	0.000	0.000
83	  L	  2.0	  0.1	0.454	0.000	0.000
84	  S	  0.8	  0.1	0.449	0.000	0.000
85	  K	  0.4	  0.3	0.277	0.000	0.000
86	  A	  0.2	  0.4	0.139	0.000	0.000
87	  N	  0.3	  0.4	0.139	0.000	0.000
88	  S	  0.4	  0.3	0.139	0.000	0.000
89	  R	  0.7	  0.1	0.139	0.000	0.000
90	  F	  0.8	  0.1	0.000	4.621	4.621
91	  A	  0.8	  0.0	0.000	4.904	4.904
92	  T	  3.9	  0.0	0.000	4.904	4.904
93	  T	 10.3	  0.0	0.000	4.904	4.904
94	  F	 12.1	  0.0	0.000	4.904	4.904
95	  Y	 10.4	  0.1	0.000	3.872	3.872
96	  Q	  4.2	  0.1	0.000	0.135	0.135
97	  H	  2.3	  0.1	0.000	0.000	0.000
98	  L	  0.6	  0.4	0.000	0.000	0.000
99	  A	  0.3	  0.4	0.000	0.000	0.000
100	  D	  0.1	  0.5	0.000	0.000	0.000
101	  S	  0.7	  2.5	0.000	0.000	0.000
102	  K	  0.8	  2.4	0.000	0.000	0.000
103	  N	  0.7	  4.1	0.000	0.000	0.000
104	  D	  0.0	  4.9	0.000	0.000	0.000
105	  N	  0.0	  3.5	0.000	0.000	0.000
106	  D	  0.1	  3.3	0.000	0.000	0.000
107	  N	  2.3	  1.6	0.000	0.000	0.000
108	  I	  3.7	  0.5	0.000	0.000	0.000
109	  F	  5.4	  0.0	0.000	0.000	0.000
110	  L	  3.3	  0.0	0.000	0.000	0.000
111	  S	  1.9	  0.2	0.000	0.000	0.000
112	  P	  0.1	  0.2	0.000	0.000	0.000
113	  L	  1.7	  0.2	0.000	0.655	0.655
114	  S	  7.6	  0.3	0.883	0.655	0.655
115	  I	  8.5	  0.2	0.883	1.806	1.806
116	  S	  7.0	  0.2	1.289	1.806	1.806
117	  T	  1.9	  0.2	1.289	1.942	1.942
118	  A	  1.1	  0.0	1.289	2.079	2.079
119	  F	  1.7	  0.0	1.289	2.079	2.079
120	  A	  1.1	  0.0	0.556	1.199	1.199
121	  M	  1.5	  0.0	0.556	0.457	0.457
122	  T	  1.7	  0.2	0.121	0.136	0.136
123	  K	  1.6	  0.2	0.121	0.000	0.000
124	  L	  1.1	  0.2	0.121	0.000	0.000
125	  G	  0.2	  0.2	0.000	0.000	0.000
126	  A	  0.1	  0.1	0.000	0.000	0.000
127	  C	  0.3	  0.2	0.000	0.000	0.000
128	  N	  0.3	  0.2	0.723	0.000	0.000
129	  D	  0.2	  0.2	1.034	0.000	0.000
130	  T	  2.9	  0.2	2.161	0.000	0.000
131	  L	  3.0	  0.1	2.161	0.000	0.000
132	  Q	  3.3	  0.1	2.161	0.000	0.000
133	  Q	  1.0	  0.1	2.161	0.000	0.000
134	  L	  1.0	  0.1	2.161	0.636	0.636
135	  M	  2.8	  0.0	2.161	0.636	0.636
136	  E	  4.0	  0.0	2.161	0.636	0.636
137	  V	  5.1	  0.0	2.161	0.938	0.938
138	  F	  4.2	  0.0	2.161	0.938	0.938
139	  K	  3.0	  0.0	1.093	0.938	0.938
140	  F	  2.3	  0.1	0.661	0.938	0.938
141	  D	  1.8	  0.1	0.000	0.302	0.302
142	  T	 14.3	  0.1	0.000	0.302	0.302
143	  I	 14.0	  0.1	0.000	0.302	0.302
144	  S	 13.4	  0.1	0.117	0.145	0.145
145	  E	  0.5	  0.1	0.117	0.000	0.000
146	  K	  0.5	  0.2	0.117	0.000	0.000
147	  T	  0.5	  0.4	0.117	0.000	0.000
148	  S	  0.2	  0.4	0.117	0.000	0.000
149	  D	  0.3	  0.3	0.117	0.000	0.000
150	  Q	  1.1	  0.3	0.000	1.259	1.259
151	  I	  4.3	  0.1	0.000	33.420	33.420
152	  H	  6.2	  0.0	0.000	33.600	33.600
153	  F	  6.8	  0.0	0.000	33.600	33.600
154	  F	  5.2	  0.0	0.108	33.600	33.600
155	  F	  3.5	  0.1	0.108	33.600	33.600
156	  A	  2.3	  0.2	0.108	15.492	15.492
157	  K	  1.5	  0.3	0.108	0.000	0.000
158	  L	  4.5	  0.3	0.108	0.000	0.000
159	  N	  5.6	  0.2	0.768	0.000	0.000
160	  C	  6.0	  0.2	0.793	0.000	0.000
161	  R	  3.2	  0.1	0.793	0.000	0.000
162	  L	  1.9	  0.1	0.793	0.000	0.000
163	  Y	  2.2	  0.1	0.793	0.000	0.000
164	  R	  1.7	  0.1	0.793	0.000	0.000
165	  K	  1.6	  0.3	0.540	0.000	0.000
166	  A	  0.2	  0.4	0.189	0.000	0.000
167	  N	  0.1	  1.4	0.189	0.000	0.000
168	  K	  0.2	  1.5	0.000	0.000	0.000
169	  S	  0.3	  1.3	0.000	0.000	0.000
170	  S	  0.4	  1.3	0.000	0.000	0.000
171	  K	  0.9	  0.2	0.000	0.000	0.000
172	  L	  1.5	  0.1	0.000	0.000	0.000
173	  V	  3.4	  0.1	0.000	0.000	0.000
174	  S	  3.4	  2.0	0.328	0.000	0.000
175	  A	  2.6	  2.0	0.328	0.000	0.000
176	  N	  0.5	  2.1	0.328	0.000	0.000
177	  R	  0.6	  2.1	0.328	0.000	0.000
178	  L	  0.8	  0.2	0.328	0.000	0.000
179	  F	  0.8	  2.0	0.328	0.000	0.000
180	  G	  0.2	  2.1	0.000	0.000	0.000
181	  D	  0.1	  2.7	0.000	0.000	0.000
182	  K	  0.2	  2.6	0.000	0.000	0.000
183	  S	  1.8	  0.7	0.000	0.000	0.000
184	  L	  5.5	  0.6	0.000	0.000	0.000
185	  T	 12.6	  0.0	0.000	0.000	0.000
186	  F	 11.4	  0.0	0.000	0.000	0.000
187	  N	  7.6	  0.1	0.000	0.000	0.000
188	  E	  0.4	  0.1	0.000	0.000	0.000
189	  T	 18.8	  0.1	0.000	0.000	0.000
190	  Y	 20.0	  0.4	0.000	0.000	0.000
191	  Q	 19.9	  0.3	0.000	0.000	0.000
192	  D	  2.2	  0.5	0.171	0.000	0.000
193	  I	  0.8	  0.5	0.171	0.000	0.000
194	  S	  0.7	  0.3	0.302	0.000	0.000
195	  E	  0.2	  0.3	0.302	0.000	0.000
196	  L	  1.4	  0.1	0.302	2.843	2.843
197	  V	  2.5	  0.1	0.700	2.843	2.843
198	  Y	  2.6	  0.3	0.700	2.843	2.843
199	  G	  1.2	  0.3	0.528	2.843	2.843
200	  A	  0.5	  0.3	0.398	2.843	2.843
201	  K	  1.5	  0.3	0.398	0.000	0.000
202	  L	  1.6	  0.0	0.398	0.000	0.000
203	  Q	  1.3	  0.2	0.398	0.000	0.000
204	  P	  0.1	  0.3	0.000	0.000	0.000
205	  L	  1.3	  0.3	0.000	0.000	0.000
206	  D	  1.7	  0.3	0.127	0.000	0.000
207	  F	  2.5	  0.2	0.127	0.000	0.000
208	  K	  1.3	  0.3	0.127	0.000	0.000
209	  E	  0.8	  0.3	0.127	0.000	0.000
210	  N	  0.2	  0.5	0.436	0.000	0.000
211	  A	  0.1	  0.5	0.436	0.000	0.000
212	  E	  0.2	  0.3	0.436	0.000	0.000
213	  Q	  0.2	  0.3	0.436	0.000	0.000
214	  S	  0.2	  0.2	1.528	0.000	0.000
215	  R	  0.2	  0.1	1.528	0.000	0.000
216	  A	  0.3	  0.1	1.528	0.000	0.000
217	  A	  0.6	  0.0	1.528	0.000	0.000
218	  I	  0.9	  0.0	1.528	0.000	0.000
219	  N	  0.9	  0.0	1.528	0.000	0.000
220	  K	  0.9	  0.0	0.835	0.000	0.000
221	  W	  1.5	  0.0	0.197	0.000	0.000
222	  V	  1.6	  0.1	0.000	0.000	0.000
223	  S	  1.3	  0.1	0.000	0.000	0.000
224	  N	  0.3	  0.3	0.000	0.000	0.000
225	  K	  0.4	  0.3	0.000	0.000	0.000
226	  T	  0.4	  0.8	0.000	0.000	0.000
227	  E	  0.4	  0.9	0.000	0.000	0.000
228	  G	  0.1	  0.7	0.000	0.000	0.000
229	  R	  6.3	  0.7	0.000	0.000	0.000
230	  I	  6.8	  0.1	0.000	0.000	0.000
231	  T	  7.2	  0.0	0.000	0.000	0.000
232	  D	  4.1	  0.0	0.000	0.000	0.000
233	  V	  4.2	  0.0	0.000	0.000	0.000
234	  I	  3.8	  0.2	0.000	0.000	0.000
235	  P	  0.6	  0.2	0.000	0.000	0.000
236	  S	  0.0	  0.3	0.000	0.000	0.000
237	  E	  0.0	  0.3	0.000	0.000	0.000
238	  A	  0.3	  0.1	0.000	0.010	0.010
239	  I	  0.4	  0.0	0.000	0.060	0.060
240	  N	  0.4	  0.1	20.110	0.067	0.067
241	  E	  0.6	  0.1	20.299	0.260	0.260
242	  L	  3.0	  0.1	20.299	80.620	80.620
243	  T	  5.7	  0.1	20.587	95.333	95.333
244	  V	 10.0	  0.0	20.587	99.610	99.610
245	  L	  8.9	  0.0	20.587	99.907	99.907
246	  V	 10.7	  0.0	19.282	99.961	99.961
247	  L	  6.5	  0.0	19.282	99.951	99.951
248	  V	  5.8	  0.0	15.465	99.859	99.859
249	  N	  2.3	  0.0	14.962	97.988	97.988
250	  T	  3.9	  0.0	1.670	97.913	97.913
251	  I	  3.9	  0.0	1.670	97.868	97.868
252	  Y	  4.2	  0.0	1.670	97.379	97.379
253	  F	  2.4	  0.7	0.376	90.056	90.056
254	  K	  1.6	  0.7	0.182	0.260	0.260
255	  G	  0.4	  0.7	0.000	0.171	0.171
256	  L	  0.2	  0.7	0.000	0.162	0.162
257	  W	  0.7	  0.1	0.000	0.111	0.111
258	  K	  1.3	  0.2	0.000	0.000	0.000
259	  S	  1.4	  0.2	0.000	0.000	0.000
260	  K	  2.1	  0.2	0.000	0.000	0.000
261	  F	  2.0	  0.0	0.000	0.000	0.000
262	  S	  1.7	  0.4	0.185	0.000	0.000
263	  P	  0.4	  0.6	0.185	0.000	0.000
264	  E	  0.1	  0.6	0.185	0.000	0.000
265	  N	  0.7	  0.7	0.719	0.000	0.000
266	  T	  1.8	  0.3	1.872	0.000	0.000
267	  R	  1.9	  0.1	1.872	0.000	0.000
268	  K	  1.4	  0.2	1.872	0.000	0.000
269	  E	  0.4	  0.1	1.687	0.000	0.000
270	  L	  0.9	  0.1	1.687	0.000	0.000
271	  F	  2.1	  0.0	1.687	0.000	0.000
272	  Y	  3.1	  0.0	0.916	0.000	0.000
273	  K	  2.5	  1.4	0.192	0.000	0.000
274	  A	  1.2	  1.6	0.000	0.000	0.000
275	  D	  0.1	  1.7	0.000	0.000	0.000
276	  G	  0.0	  1.9	0.000	0.000	0.000
277	  E	  0.2	  0.5	0.000	0.000	0.000
278	  S	 20.9	  0.5	0.000	0.000	0.000
279	  C	 24.4	  0.5	0.000	0.000	0.000
280	  S	 26.7	  1.0	0.000	0.000	0.000
281	  A	  8.4	  1.0	0.000	0.000	0.000
282	  S	  3.5	  0.8	0.000	0.000	0.000
283	  M	  1.3	  0.7	0.000	0.000	0.000
284	  M	  1.2	  0.0	0.000	0.000	0.000
285	  Y	  2.1	  0.1	0.000	0.000	0.000
286	  Q	  1.4	  0.6	0.148	0.000	0.000
287	  E	  1.1	  0.8	0.148	0.000	0.000
288	  G	  0.0	  0.8	0.267	0.000	0.000
289	  K	  0.9	  0.7	0.267	0.000	0.000
290	  F	  3.7	  0.2	0.267	0.000	0.000
291	  R	  4.8	  0.0	0.267	0.000	0.000
292	  Y	  5.9	  0.1	0.267	0.000	0.000
293	  R	  4.0	  0.1	0.119	0.000	0.000
294	  R	  3.7	  0.1	0.000	0.000	0.000
295	  V	  2.6	  0.1	0.000	0.000	0.000
296	  A	  1.7	  0.3	0.000	0.000	0.000
297	  E	  0.7	  0.4	0.000	0.000	0.000
298	  G	  0.0	  0.4	0.000	0.000	0.000
299	  T	  0.9	  0.4	0.134	0.000	0.000
300	  Q	  1.4	  0.2	0.134	0.000	0.000
301	  V	  2.9	  0.0	0.134	0.000	0.000
302	  L	  3.5	  0.0	0.134	0.000	0.000
303	  E	  3.0	  0.0	0.134	0.000	0.000
304	  L	  1.5	  0.0	0.134	0.000	0.000
305	  P	  0.1	  0.0	0.000	0.000	0.000
306	  F	  0.4	  0.4	0.000	0.000	0.000
307	  K	  0.3	  1.7	0.000	0.000	0.000
308	  G	  0.3	  1.8	0.000	0.000	0.000
309	  D	  0.1	  1.8	1.133	0.000	0.000
310	  D	  1.3	  1.5	1.675	0.000	0.000
311	  I	 11.5	  0.2	1.675	37.602	37.602
312	  T	 12.7	  0.0	2.361	46.514	46.514
313	  M	 13.6	  0.0	2.361	47.248	47.248
314	  V	  6.3	  0.0	2.361	47.577	47.577
315	  L	  7.2	  0.0	2.361	47.577	47.577
316	  I	  5.3	  0.0	2.361	45.508	45.508
317	  L	  2.8	  0.0	2.361	17.220	17.220
318	  P	  0.3	  0.0	0.000	8.947	8.947
319	  K	  0.0	  0.2	0.000	0.000	0.000
320	  P	  0.0	  0.2	0.000	0.000	0.000
321	  E	  0.3	  0.3	0.000	0.000	0.000
322	  K	  0.4	  0.3	0.000	0.000	0.000
323	  S	  0.6	  0.2	0.126	0.000	0.000
324	  L	  0.4	  0.1	0.126	0.000	0.000
325	  A	  0.5	  0.0	0.126	0.000	0.000
326	  K	  7.8	  0.0	0.126	0.000	0.000
327	  V	  8.8	  0.0	0.126	0.000	0.000
328	  E	  8.6	  0.1	0.126	0.000	0.000
329	  K	  1.3	  0.1	0.000	0.000	0.000
330	  E	  1.2	  0.1	0.000	0.000	0.000
331	  L	  1.2	  0.1	0.000	0.000	0.000
332	  T	  1.2	  0.2	0.479	0.000	0.000
333	  P	  0.2	  0.2	0.479	0.000	0.000
334	  E	  0.5	  0.2	0.479	0.000	0.000
335	  V	  3.0	  0.2	0.479	0.000	0.000
336	  L	  3.1	  0.0	0.479	0.000	0.000
337	  Q	  2.9	  0.0	0.479	0.000	0.000
338	  E	  0.4	  0.0	0.284	0.000	0.000
339	  W	  0.9	  0.0	0.000	0.000	0.000
340	  L	  0.6	  0.0	0.000	0.000	0.000
341	  D	  0.6	  0.2	1.063	0.000	0.000
342	  E	  0.2	  0.2	1.063	0.000	0.000
343	  L	  0.2	  0.2	1.063	0.000	0.000
344	  E	  0.2	  0.2	1.063	0.000	0.000
345	  E	  0.1	  0.1	1.063	0.000	0.000
346	  M	  1.2	  0.1	1.063	7.769	7.769
347	  M	  2.2	  0.0	0.877	7.907	7.907
348	  L	  3.8	  0.0	0.721	7.907	7.907
349	  V	  7.6	  0.0	0.721	7.907	7.907
350	  V	 15.2	  0.0	0.721	7.907	7.907
351	  H	 13.7	  0.0	0.721	0.138	0.138
352	  M	  9.1	  0.3	0.408	0.000	0.000
353	  P	  0.1	  0.3	0.000	0.000	0.000
354	  R	  1.0	  0.3	0.000	0.000	0.000
355	  F	  7.3	  0.3	0.000	0.000	0.000
356	  R	 10.4	  0.0	0.000	0.000	0.000
357	  I	  9.5	  0.4	0.000	0.000	0.000
358	  E	  3.3	  0.6	0.000	0.000	0.000
359	  D	  0.1	  0.6	0.000	0.000	0.000
360	  G	  0.1	  0.6	0.731	0.000	0.000
361	  F	  3.3	  0.2	0.731	0.000	0.000
362	  S	  3.9	  0.1	1.960	0.000	0.000
363	  L	  3.8	  0.1	1.960	0.000	0.000
364	  K	  0.7	  0.1	1.960	0.000	0.000
365	  E	  0.2	  0.1	1.960	0.000	0.000
366	  Q	  1.2	  0.1	1.780	0.000	0.000
367	  L	  1.3	  0.2	1.464	0.000	0.000
368	  Q	  1.4	  0.2	1.316	0.000	0.000
369	  D	  0.3	  0.2	0.493	0.000	0.000
370	  M	  0.4	  0.2	0.293	0.000	0.000
371	  G	  0.3	  0.0	0.798	0.000	0.000
372	  L	  0.8	  0.0	0.628	0.000	0.000
373	  V	  3.0	  0.0	0.628	0.000	0.000
374	  D	  3.3	  0.0	0.628	0.000	0.000
375	  L	  3.9	  0.0	0.628	0.000	0.000
376	  F	  1.9	  0.0	0.628	0.000	0.000
377	  S	  1.5	  0.3	0.376	0.000	0.000
378	  P	  0.4	  0.4	0.188	0.000	0.000
379	  E	  0.2	  0.5	0.188	0.000	0.000
380	  K	  0.8	  0.5	0.188	0.000	0.000
381	  S	  1.1	  0.2	0.188	0.000	0.000
382	  K	  1.0	  0.1	0.188	0.000	0.000
383	  L	  0.5	  0.8	0.000	0.000	0.000
384	  P	  0.1	  0.7	0.000	0.000	0.000
385	  G	  0.1	  0.7	0.000	0.000	0.000
386	  I	  4.9	  0.7	0.000	0.000	0.000
387	  V	  5.6	  0.0	0.000	0.000	0.000
388	  A	  5.5	  0.5	0.000	0.000	0.000
389	  E	  0.8	  0.9	0.000	0.000	0.000
390	  G	  0.0	  1.2	0.000	0.000	0.000
391	  R	  0.1	  1.5	0.000	0.000	0.000
392	  D	  0.1	  1.1	0.000	0.000	0.000
393	  D	  0.4	  0.7	0.000	0.000	0.000
394	  L	  1.0	  0.4	0.000	0.000	0.000
395	  Y	  2.7	  0.1	0.000	0.000	0.000
396	  V	  2.7	  0.2	0.000	0.000	0.000
397	  S	  1.9	  0.2	0.000	0.000	0.000
398	  D	  0.3	  0.2	0.120	0.000	0.000
399	  A	  0.6	  0.2	0.120	0.000	0.000
400	  F	  2.0	  0.0	0.120	0.000	0.000
401	  H	  2.2	  0.1	0.120	0.000	0.000
402	  K	  1.8	  0.1	0.120	0.000	0.000
403	  A	  0.8	  0.1	0.120	0.000	0.000
404	  F	  1.1	  0.1	0.120	0.000	0.000
405	  L	  2.8	  0.0	0.000	0.000	0.000
406	  E	  8.5	  0.0	0.000	0.000	0.000
407	  V	  8.1	  0.0	0.000	0.000	0.000
408	  N	  6.4	  0.4	0.000	0.000	0.000
409	  E	  0.3	  0.7	0.000	0.000	0.000
410	  E	  0.0	  1.2	0.000	0.000	0.000
411	  G	  0.0	  1.3	0.737	0.000	0.000
412	  S	  0.0	  0.9	1.689	0.000	0.000
413	  E	  0.1	  0.6	1.689	0.000	0.000
414	  A	  0.1	  0.1	1.689	4.456	4.456
415	  A	  0.2	  0.1	1.689	9.796	9.796
416	  A	  0.3	  0.1	1.689	12.899	12.899
417	  S	  0.3	  0.1	1.555	16.570	16.570
418	  T	  1.0	  0.1	0.106	44.270	44.270
419	  A	  1.6	  0.1	0.106	55.995	55.995
420	  V	  9.0	  0.0	0.106	57.148	57.148
421	  V	 12.2	  0.0	0.106	57.148	57.148
422	  I	 12.6	  0.2	0.106	56.652	56.652
423	  A	  5.3	  0.4	0.106	29.938	29.938
424	  G	  1.2	  0.5	0.106	3.529	3.529
425	  R	  0.5	  0.5	0.106	0.000	0.000
426	  S	  4.9	  0.3	0.000	0.000	0.000
427	  L	  5.0	  0.1	0.000	0.000	0.000
428	  N	  4.6	  5.4	0.000	0.000	0.000
429	  P	  0.1	  5.4	0.000	0.000	0.000
430	  N	  0.0	  5.4	0.191	0.000	0.000
431	  R	  1.9	  5.4	0.191	0.000	0.000
432	  V	  9.8	  0.0	0.191	0.000	0.000
433	  T	 22.0	  0.0	0.191	0.000	0.000
434	  F	 21.1	  0.0	0.191	0.000	0.000
435	  K	 13.7	  0.2	0.191	0.000	0.000
436	  A	  1.3	  0.2	0.000	0.000	0.000
437	  N	  0.1	  0.2	0.000	0.000	0.000
438	  R	  0.0	  0.2	0.000	0.000	0.000
439	  P	  0.0	  0.0	0.000	1.209	1.209
440	  F	  1.1	  0.0	0.000	98.568	98.568
441	  L	  2.4	  0.0	0.000	98.575	98.575
442	  V	  5.2	  0.0	0.000	98.575	98.575
443	  F	  5.4	  0.0	0.000	98.575	98.575
444	  I	  4.4	  0.0	0.000	98.560	98.560
445	  R	  2.1	  0.0	0.000	0.037	0.037
446	  E	  0.9	  0.0	0.000	0.037	0.037
447	  V	  0.6	  0.0	0.000	0.002	0.002
448	  P	  0.2	  0.1	0.000	0.299	0.299
449	  L	  0.3	  0.1	0.000	12.507	12.507
450	  N	  1.6	  0.1	0.000	14.571	14.571
451	  T	  4.1	  0.1	0.000	31.547	31.547
452	  I	  6.1	  0.0	0.000	33.903	33.903
453	  I	  6.3	  0.0	0.000	33.903	33.903
454	  F	  4.5	  0.2	0.000	33.254	33.254
455	  M	  2.3	  0.2	0.000	23.844	23.844
456	  G	  0.8	  0.2	0.000	4.056	4.056
457	  R	  1.0	  0.2	0.000	0.000	0.000
458	  V	  2.3	  0.0	0.000	0.000	0.000
459	  A	  2.3	  0.0	0.000	0.000	0.000
460	  N	  1.3	  0.0	0.000	0.000	0.000
461	  P	  0.0	  0.0	0.000	0.000	0.000
462	  C	  2.8	  0.0	0.000	0.000	0.000
463	  V	  2.8	  0.0	0.000	0.000	0.000
464	  K	  2.8	  0.0	0.000	0.000	0.000
