res	aa	Beta	Turn	Helix	Aggregation	Conc-Stab_Aggregation
01	  M	  0.2	  0.0	0.000	0.000	0.000
02	  T	  0.2	  0.1	0.000	0.000	0.000
03	  P	  0.2	  0.1	0.000	0.364	0.364
04	  W	  0.1	  0.1	0.584	57.690	57.690
05	  L	  0.1	  0.2	0.584	71.530	71.530
06	  G	  0.2	  0.0	1.929	74.001	74.001
07	  L	  1.5	  0.0	1.929	97.740	97.740
08	  I	 10.0	  0.0	1.929	98.357	98.357
09	  V	 13.0	  0.0	1.929	98.263	98.263
10	  L	 11.7	  0.0	1.929	96.531	96.531
11	  L	  3.4	  0.0	1.929	86.737	86.737
12	  G	  0.1	  0.0	1.796	12.883	12.883
13	  S	 15.3	  0.2	0.685	5.899	5.899
14	  W	 16.8	  0.3	0.000	5.029	5.029
15	  S	 16.9	  0.4	0.000	1.431	1.431
16	  L	  2.2	  0.5	0.000	0.988	0.988
17	  G	  0.1	  0.3	0.000	0.080	0.080
18	  D	  0.0	  0.7	0.103	0.000	0.000
19	  W	  0.1	  0.6	0.103	0.000	0.000
20	  G	  0.1	  0.6	0.103	0.000	0.000
21	  A	  0.1	  0.6	0.103	0.000	0.000
22	  E	  0.1	  0.1	0.103	0.000	0.000
23	  A	  0.2	  0.0	0.103	0.000	0.000
24	  C	  3.9	  0.1	0.103	0.000	0.000
25	  T	 21.4	  0.0	0.000	0.000	0.000
26	  C	 21.4	  0.0	0.000	0.000	0.000
27	  S	 18.1	  2.4	0.000	0.000	0.000
28	  P	  0.2	  2.3	0.000	0.000	0.000
29	  S	  0.1	  2.3	0.000	0.000	0.000
30	  H	  0.1	  2.9	0.000	0.000	0.000
31	  P	  0.1	  0.9	0.000	0.000	0.000
32	  Q	  0.0	  0.9	0.000	0.000	0.000
33	  D	  0.1	  1.0	0.000	0.000	0.000
34	  A	  0.4	  0.5	0.000	0.000	0.000
35	  F	  2.2	  0.3	0.000	0.000	0.000
36	  C	  2.7	  0.3	0.000	0.000	0.000
37	  N	  2.4	  0.9	0.252	0.000	0.000
38	  S	  0.6	  1.0	1.158	0.000	0.000
39	  D	  1.1	  0.9	1.919	0.000	0.000
40	  I	  8.8	  0.8	1.919	0.000	0.000
41	  V	 11.9	  0.0	2.049	0.000	0.000
42	  I	 12.1	  0.0	2.049	0.000	0.000
43	  R	  4.6	  0.0	2.049	0.000	0.000
44	  A	  1.6	  0.0	2.049	0.000	0.000
45	  K	  2.3	  0.0	1.761	0.000	0.000
46	  V	  3.3	  0.0	0.667	0.000	0.000
47	  V	  3.1	  0.1	0.667	0.000	0.000
48	  G	  1.2	  0.2	0.667	0.000	0.000
49	  K	  0.1	  0.2	0.122	0.000	0.000
50	  K	  0.7	  0.2	0.000	0.000	0.000
51	  L	  1.3	  0.1	0.000	0.000	0.000
52	  V	  2.9	  0.1	0.000	0.000	0.000
53	  K	  2.3	  0.1	0.000	0.000	0.000
54	  E	  1.7	  0.2	0.000	0.000	0.000
55	  G	  0.0	  0.6	0.000	0.000	0.000
56	  P	  0.0	  0.7	0.000	1.075	1.075
57	  F	  0.1	  1.5	0.000	18.718	18.718
58	  G	  0.1	  1.4	0.000	20.050	20.050
59	  T	  1.1	  1.0	0.483	30.732	30.732
60	  L	  2.1	  0.9	0.483	47.192	47.192
61	  V	  4.5	  0.0	0.628	47.192	47.192
62	  Y	 11.7	  0.0	0.628	45.876	45.876
63	  T	 20.6	  0.0	1.485	40.967	40.967
64	  I	 19.3	  0.0	1.485	38.912	38.912
65	  K	 11.7	  0.0	1.485	0.000	0.000
66	  Q	  2.1	  0.0	1.354	0.000	0.000
67	  M	  2.6	  0.0	1.354	0.000	0.000
68	  K	  2.8	  0.0	1.047	0.000	0.000
69	  M	  2.1	  0.0	0.725	0.000	0.000
70	  Y	  1.7	  0.2	0.590	0.000	0.000
71	  R	  1.6	  0.2	0.193	0.000	0.000
72	  G	  1.5	  0.2	0.092	0.000	0.000
73	  F	  4.7	  0.2	0.000	0.000	0.000
74	  T	  6.4	  0.0	0.000	0.000	0.000
75	  K	  6.3	  0.0	0.000	0.000	0.000
76	  M	  2.1	  0.2	0.000	0.000	0.000
77	  P	  0.1	  0.2	0.000	0.000	0.000
78	  H	  1.5	  0.2	0.000	0.000	0.000
79	  V	  4.9	  0.2	0.000	0.000	0.000
80	  Q	  5.4	  0.0	0.000	0.000	0.000
81	  Y	  4.7	  0.0	0.000	0.000	0.000
82	  I	  2.6	  0.0	0.000	0.000	0.000
83	  H	  2.3	  0.0	0.000	0.000	0.000
84	  T	  1.6	  0.1	0.000	0.000	0.000
85	  E	  0.5	  0.1	0.000	0.000	0.000
86	  A	  0.2	  0.1	0.000	0.000	0.000
87	  S	  0.4	  1.1	0.000	0.000	0.000
88	  E	  0.2	  1.1	0.000	0.000	0.000
89	  S	  0.9	  1.1	0.136	0.000	0.000
90	  L	  0.8	  1.1	0.136	0.000	0.000
91	  C	  1.0	  0.1	0.136	0.000	0.000
92	  G	  0.4	  0.1	0.340	0.000	0.000
93	  L	  1.5	  0.0	0.340	0.000	0.000
94	  K	  2.9	  0.0	0.340	0.000	0.000
95	  L	  4.7	  0.0	0.204	0.000	0.000
96	  E	  9.0	  0.0	0.204	0.000	0.000
97	  V	  7.8	  0.0	0.204	0.000	0.000
98	  N	  6.2	  0.0	0.204	0.000	0.000
99	  K	  1.4	  0.0	0.000	0.000	0.000
100	  Y	  6.6	  0.0	0.000	0.306	0.306
101	  Q	  7.5	  0.0	0.000	0.306	0.306
102	  Y	  7.4	  0.0	0.000	0.306	0.306
103	  L	  2.1	  0.0	0.000	0.306	0.306
104	  L	  1.1	  0.1	0.000	0.306	0.306
105	  T	  0.4	  0.2	0.000	0.000	0.000
106	  G	  0.2	  0.2	0.000	0.000	0.000
107	  R	  2.8	  0.2	0.000	0.000	0.000
108	  V	  6.0	  0.2	0.000	0.000	0.000
109	  Y	  6.3	  2.2	0.000	0.000	0.000
110	  D	  3.6	  2.3	0.000	0.000	0.000
111	  G	  0.4	  2.3	0.000	0.000	0.000
112	  K	  0.3	  2.2	0.000	0.000	0.000
113	  M	  0.7	  0.1	0.000	0.000	0.000
114	  Y	  2.2	  0.1	0.000	0.000	0.000
115	  T	  1.9	  0.1	0.000	0.000	0.000
116	  G	  1.6	  0.1	0.000	0.000	0.000
117	  L	  0.4	  0.3	0.000	0.999	0.999
118	  C	  1.0	  0.2	0.000	0.999	0.999
119	  N	  1.6	  0.1	0.000	0.999	0.999
120	  F	  3.4	  0.1	0.000	0.999	0.999
121	  V	  4.3	  0.0	0.000	0.999	0.999
122	  E	  3.8	  0.0	0.000	0.000	0.000
123	  R	  4.2	  0.0	0.000	0.000	0.000
124	  W	  3.2	  0.1	0.000	0.000	0.000
125	  D	  3.0	  0.1	2.613	0.000	0.000
126	  Q	  1.4	  0.1	2.613	0.000	0.000
127	  L	  3.1	  0.1	2.613	0.000	0.000
128	  T	  8.4	  0.1	3.271	0.000	0.000
129	  L	  7.8	  0.1	3.271	0.000	0.000
130	  S	  6.3	  0.1	3.271	0.000	0.000
131	  Q	  1.2	  0.2	1.988	0.000	0.000
132	  R	  1.0	  0.4	1.347	0.000	0.000
133	  K	  0.3	  0.3	1.067	0.000	0.000
134	  G	  0.1	  0.4	0.470	0.000	0.000
135	  L	  1.9	  0.3	0.000	0.000	0.000
136	  N	  4.0	  0.2	0.182	0.000	0.000
137	  Y	  6.6	  0.1	0.182	0.000	0.000
138	  R	  5.8	  0.0	0.182	0.000	0.000
139	  Y	  5.1	  0.0	0.182	0.000	0.000
140	  H	  2.5	  0.4	0.182	0.000	0.000
141	  L	  1.7	  0.9	0.182	0.000	0.000
142	  G	  0.3	  1.0	0.182	0.000	0.000
143	  C	  1.5	  1.0	0.000	0.000	0.000
144	  N	  1.8	  0.6	0.000	0.000	0.000
145	  C	  2.4	  0.2	0.000	0.000	0.000
146	  K	  3.6	  0.0	0.000	0.000	0.000
147	  I	  4.5	  0.1	0.000	0.000	0.000
148	  K	  5.0	  0.1	0.000	0.000	0.000
149	  S	  5.0	  0.1	0.000	0.000	0.000
150	  C	  4.7	  0.1	0.000	0.000	0.000
151	  Y	  5.7	  0.0	0.000	0.000	0.000
152	  Y	  3.3	  0.0	0.000	0.000	0.000
153	  L	  2.3	  0.2	0.000	0.000	0.000
154	  P	  0.2	  0.2	0.000	0.000	0.000
155	  C	  2.4	  0.2	0.000	0.000	0.000
156	  F	  3.2	  0.2	0.000	0.000	0.000
157	  V	  6.0	  0.0	0.000	0.000	0.000
158	  T	  5.0	  0.1	0.000	0.000	0.000
159	  S	  4.7	  1.4	0.000	0.000	0.000
160	  K	  2.1	  1.4	0.000	0.000	0.000
161	  N	  0.7	  1.4	0.000	0.000	0.000
162	  E	  0.2	  1.4	0.000	0.000	0.000
163	  C	  0.6	  0.1	0.000	0.000	0.000
164	  L	  0.8	  0.0	0.000	0.000	0.000
165	  W	  1.7	  0.2	0.000	0.000	0.000
166	  T	  1.4	  0.2	0.000	0.000	0.000
167	  D	  1.2	  0.2	0.170	0.000	0.000
168	  M	  0.7	  0.2	0.170	0.000	0.000
169	  L	  0.7	  0.5	0.170	0.000	0.000
170	  S	  0.7	  0.5	0.170	0.000	0.000
171	  N	  0.1	  0.7	0.170	0.000	0.000
172	  F	  0.4	  0.7	0.170	0.000	0.000
173	  G	  0.4	  0.1	0.000	0.000	0.000
174	  Y	  0.4	  1.3	0.000	0.000	0.000
175	  P	  0.0	  1.2	0.000	0.000	0.000
176	  G	  0.1	  1.2	0.167	0.000	0.000
177	  Y	  1.6	  1.3	0.167	0.000	0.000
178	  Q	  1.9	  0.1	0.167	0.000	0.000
179	  S	  2.0	  0.2	0.167	0.000	0.000
180	  K	  0.7	  0.2	0.167	0.000	0.000
181	  H	  2.0	  0.2	0.294	0.000	0.000
182	  Y	  3.2	  0.1	0.127	0.000	0.000
183	  A	  3.3	  0.0	0.127	0.000	0.000
184	  C	  5.4	  0.0	0.127	0.000	0.000
185	  I	  6.2	  0.0	0.127	0.000	0.000
186	  R	  6.0	  0.1	0.127	0.000	0.000
187	  Q	  2.5	  0.3	0.127	0.000	0.000
188	  K	  0.3	  1.8	0.000	0.000	0.000
189	  G	  0.0	  1.8	0.000	0.000	0.000
190	  G	  0.1	  1.7	0.000	0.000	0.000
191	  Y	  2.4	  1.5	0.000	0.000	0.000
192	  C	  3.6	  0.0	0.000	0.000	0.000
193	  S	  4.3	  0.0	0.000	0.000	0.000
194	  W	  3.1	  0.0	0.000	0.000	0.000
195	  Y	  3.3	  0.2	0.000	0.000	0.000
196	  R	  2.6	  0.2	0.000	0.000	0.000
197	  G	  1.7	  0.2	0.000	0.000	0.000
198	  W	  0.4	  0.2	0.000	0.000	0.000
199	  A	  0.3	  0.0	0.000	0.000	0.000
200	  P	  0.0	  1.2	0.000	0.000	0.000
201	  P	  0.0	  1.3	0.000	0.000	0.000
202	  D	  0.0	  1.8	0.000	0.000	0.000
203	  K	  0.4	  1.8	0.000	0.000	0.000
204	  S	  1.1	  0.6	0.000	0.000	0.000
205	  I	  2.1	  0.6	0.000	0.140	0.140
206	  I	  2.8	  0.0	0.000	0.140	0.140
207	  N	  2.2	  0.3	0.000	0.140	0.140
208	  A	  1.3	  0.3	0.000	0.140	0.140
209	  T	  0.2	  0.3	0.000	0.140	0.140
210	  D	  0.2	  0.3	0.000	0.000	0.000
211	  P	  0.0	  0.0	0.000	0.000	0.000
