res	aa	Beta	Turn	Helix	Aggregation	Conc-Stab_Aggregation
01	  M	  1.0	  0.0	0.000	0.000	0.000
02	  T	  2.3	  0.0	0.000	0.000	0.000
03	  A	  2.6	  0.0	0.000	0.000	0.000
04	  K	  3.3	  0.0	0.000	0.000	0.000
05	  M	  2.0	  0.1	0.000	0.000	0.000
06	  E	  1.9	  0.1	0.000	0.000	0.000
07	  T	  3.7	  0.1	0.000	0.000	0.000
08	  T	 10.2	  0.1	0.000	0.000	0.000
09	  F	 11.6	  0.1	0.000	0.000	0.000
10	  Y	  8.4	  0.3	0.000	0.000	0.000
11	  D	  1.9	  0.3	0.715	0.000	0.000
12	  D	  0.3	  0.5	1.388	0.000	0.000
13	  A	  0.2	  0.4	1.388	0.000	0.000
14	  L	  0.5	  0.2	1.388	0.000	0.000
15	  N	  0.5	  1.0	1.388	0.000	0.000
16	  A	  1.0	  0.8	1.388	0.000	0.000
17	  S	  1.8	  0.8	1.157	0.000	0.000
18	  F	  1.9	  0.8	0.288	0.000	0.000
19	  L	  1.3	  0.3	0.000	0.000	0.000
20	  P	  0.2	  0.4	0.000	0.000	0.000
21	  S	  0.2	  3.3	0.000	0.000	0.000
22	  E	  0.2	  3.3	0.000	0.000	0.000
23	  S	  0.2	  3.3	0.000	0.000	0.000
24	  G	  0.0	  3.9	0.000	0.000	0.000
25	  P	  0.0	  0.9	0.000	0.000	0.000
26	  Y	  0.2	  0.9	0.000	0.000	0.000
27	  G	  0.3	  0.7	0.000	0.000	0.000
28	  Y	  0.8	  0.0	0.000	0.000	0.000
29	  S	  0.6	  0.0	0.000	0.000	0.000
30	  N	  0.5	  0.1	0.416	0.000	0.000
31	  P	  0.0	  0.2	0.416	0.000	0.000
32	  K	  0.6	  0.2	0.416	0.000	0.000
33	  I	  1.5	  0.2	0.416	0.000	0.000
34	  L	  1.6	  0.1	0.416	0.000	0.000
35	  K	  1.0	  0.1	0.416	0.000	0.000
36	  Q	  0.4	  0.1	0.252	0.000	0.000
37	  S	  2.2	  0.1	0.000	0.000	0.000
38	  M	  5.0	  0.1	0.000	0.000	0.000
39	  T	  6.6	  0.0	0.132	0.000	0.000
40	  L	  6.2	  0.0	0.132	0.000	0.000
41	  N	  3.4	  0.0	0.132	0.000	0.000
42	  L	  1.6	  0.0	0.132	0.000	0.000
43	  A	  0.1	  0.0	0.132	0.000	0.000
44	  D	  0.1	  0.0	0.132	0.000	0.000
45	  P	  0.0	  0.2	0.000	0.000	0.000
46	  V	  0.2	  0.8	0.000	0.000	0.000
47	  G	  0.2	  0.9	0.000	0.000	0.000
48	  S	  1.3	  0.9	0.000	0.000	0.000
49	  L	  1.2	  0.6	0.000	0.000	0.000
50	  K	  1.2	  0.2	0.000	0.000	0.000
51	  P	  0.1	  0.2	0.000	0.000	0.000
52	  H	  0.8	  0.2	0.000	0.000	0.000
53	  L	  1.3	  0.2	0.000	0.000	0.000
54	  R	  1.4	  0.0	0.000	0.000	0.000
55	  A	  0.6	  0.2	0.000	0.000	0.000
56	  K	  0.2	  0.3	0.000	0.000	0.000
57	  N	  0.1	  1.5	0.000	0.000	0.000
58	  S	  0.1	  1.5	0.000	0.000	0.000
59	  D	  0.0	  1.3	0.000	0.000	0.000
60	  L	  0.2	  1.3	0.000	0.000	0.000
61	  L	  1.2	  0.0	0.000	0.000	0.000
62	  T	  1.3	  0.0	0.000	0.000	0.000
63	  S	  1.1	  5.2	0.000	0.000	0.000
64	  P	  0.1	  5.2	0.000	0.000	0.000
65	  D	  0.0	  5.2	0.611	0.000	0.000
66	  V	  0.3	  5.2	0.611	0.000	0.000
67	  G	  0.3	  0.1	1.343	0.000	0.000
68	  L	  0.5	  0.0	1.343	0.000	0.000
69	  L	  1.6	  0.1	1.343	0.000	0.000
70	  K	  1.9	  0.0	1.343	0.000	0.000
71	  L	  2.0	  0.0	1.343	0.000	0.000
72	  A	  0.6	  0.0	1.076	0.000	0.000
73	  S	  0.3	  0.3	3.555	0.000	0.000
74	  P	  0.0	  0.4	3.865	0.000	0.000
75	  E	  0.2	  0.4	4.665	0.000	0.000
76	  L	  0.2	  0.4	4.665	0.000	0.000
77	  E	  0.3	  0.1	4.786	0.000	0.000
78	  R	  0.7	  0.1	4.786	0.000	0.000
79	  L	  2.1	  0.1	4.474	0.475	0.475
80	  I	  3.3	  0.0	3.940	0.475	0.475
81	  I	  2.9	  0.0	3.940	0.475	0.475
82	  Q	  1.5	  0.1	3.940	0.475	0.475
83	  S	  0.4	  4.3	1.496	0.475	0.475
84	  S	  0.2	  5.5	0.231	0.000	0.000
85	  N	  0.1	  5.5	0.000	0.000	0.000
86	  G	  0.1	  5.4	0.000	0.000	0.000
87	  H	  6.6	  1.2	0.000	0.000	0.000
88	  I	 10.0	  0.0	0.000	0.000	0.000
89	  T	 12.6	  0.0	0.000	0.000	0.000
90	  T	  6.4	  0.0	0.000	0.000	0.000
91	  T	  3.1	  0.0	0.000	0.000	0.000
92	  P	  0.2	  0.0	0.000	0.000	0.000
93	  T	  0.1	  0.2	0.000	0.000	0.000
94	  P	  0.0	  0.3	0.000	0.000	0.000
95	  T	  2.5	  0.3	0.000	0.000	0.000
96	  Q	  3.6	  0.3	0.000	0.000	0.000
97	  F	  6.6	  0.0	0.000	0.000	0.000
98	  L	  4.3	  0.0	0.000	0.000	0.000
99	  C	  3.2	  0.4	0.000	0.000	0.000
100	  P	  0.1	  0.6	0.000	0.000	0.000
101	  K	  0.3	  0.6	0.000	0.000	0.000
102	  N	  2.5	  0.6	0.000	0.000	0.000
103	  V	  4.1	  0.3	0.000	0.000	0.000
104	  T	  3.8	  0.1	0.000	0.000	0.000
105	  D	  1.6	  0.3	0.158	0.000	0.000
106	  E	  0.1	  0.3	0.158	0.000	0.000
107	  Q	  0.0	  0.6	0.158	0.000	0.000
108	  E	  0.0	  0.6	0.158	0.000	0.000
109	  G	  0.2	  0.4	0.158	0.000	0.000
110	  F	  0.5	  0.6	0.158	0.000	0.000
111	  A	  0.5	  0.7	0.560	0.000	0.000
112	  E	  0.4	  0.7	0.560	0.000	0.000
113	  G	  0.0	  0.7	2.058	0.000	0.000
114	  F	  1.7	  0.4	2.182	0.000	0.000
115	  V	  2.9	  0.0	2.597	0.000	0.000
116	  R	  3.1	  0.0	2.597	0.000	0.000
117	  A	  1.5	  0.0	2.597	0.000	0.000
118	  L	  0.3	  0.0	2.597	0.000	0.000
119	  A	  0.2	  0.0	2.597	0.000	0.000
120	  E	  1.3	  0.0	2.471	0.000	0.000
121	  L	  1.5	  0.1	1.714	0.000	0.000
122	  H	  1.5	  0.2	1.117	0.000	0.000
123	  S	  1.1	  1.1	0.322	0.000	0.000
124	  Q	  1.2	  1.1	0.132	0.000	0.000
125	  N	  1.2	  1.1	0.000	0.000	0.000
126	  T	  0.6	  0.9	0.000	0.000	0.000
127	  L	  0.3	  0.3	0.000	0.000	0.000
128	  P	  0.2	  0.3	0.000	0.000	0.000
129	  S	  3.9	  0.3	0.000	0.000	0.000
130	  V	  6.7	  0.3	0.000	0.000	0.000
131	  T	  7.1	  0.0	0.000	0.000	0.000
132	  S	  3.4	  0.0	0.000	0.000	0.000
133	  A	  0.7	  0.0	0.000	0.000	0.000
134	  A	  0.3	  0.0	0.000	0.000	0.000
135	  Q	  0.2	  0.0	0.000	0.000	0.000
136	  P	  0.0	  0.2	0.000	0.000	0.000
137	  V	  0.3	  2.4	0.000	0.000	0.000
138	  N	  0.3	  2.7	0.000	0.000	0.000
139	  G	  0.3	  3.2	0.000	0.000	0.000
140	  A	  0.0	  3.0	0.000	0.000	0.000
141	  G	  0.1	  0.8	0.000	0.000	0.000
142	  M	  2.7	  0.5	0.000	0.000	0.000
143	  V	  3.2	  0.0	0.000	0.000	0.000
144	  A	  3.2	  0.0	0.000	0.000	0.000
145	  P	  0.5	  0.0	0.000	0.000	0.000
146	  A	  0.4	  0.0	0.000	1.369	1.369
147	  V	  2.8	  0.0	0.000	2.109	2.109
148	  A	  3.3	  0.0	0.000	2.109	2.109
149	  S	  3.6	  0.0	0.000	2.109	2.109
150	  V	  1.8	  0.0	0.000	2.109	2.109
151	  A	  1.3	  0.2	0.000	1.366	1.366
152	  G	  0.6	  0.9	0.000	0.000	0.000
153	  G	  0.0	  1.4	0.000	0.000	0.000
154	  S	  0.3	  3.1	0.000	0.000	0.000
155	  G	  0.3	  3.1	0.000	0.000	0.000
156	  S	  0.3	  2.6	0.000	0.000	0.000
157	  G	  0.0	  2.1	0.000	0.000	0.000
158	  G	  0.1	  0.4	0.000	0.000	0.000
159	  F	  4.3	  0.2	0.000	0.000	0.000
160	  S	  7.4	  1.1	0.000	0.000	0.000
161	  A	  7.8	  1.1	0.000	0.000	0.000
162	  S	  4.6	  1.1	0.000	0.000	0.000
163	  L	  1.3	  1.1	0.000	0.000	0.000
164	  H	  0.9	  0.1	0.000	0.000	0.000
165	  S	  0.2	  0.0	0.000	0.000	0.000
166	  E	  0.1	  0.0	0.000	0.000	0.000
167	  P	  0.0	  0.0	0.000	0.000	0.000
168	  P	  0.0	  0.0	0.000	0.000	0.000
169	  V	  2.1	  0.0	0.000	0.441	0.441
170	  Y	  2.4	  0.7	0.000	0.441	0.441
171	  A	  2.5	  0.7	0.000	0.441	0.441
172	  N	  0.6	  1.2	0.000	0.441	0.441
173	  L	  0.4	  1.7	0.000	0.441	0.441
174	  S	  0.4	  1.1	0.000	0.000	0.000
175	  N	  1.6	  1.1	0.000	0.000	0.000
176	  F	  1.8	  0.5	0.000	0.000	0.000
177	  N	  1.7	  3.1	0.268	0.000	0.000
178	  P	  0.2	  3.2	0.268	0.000	0.000
179	  G	  0.0	  3.2	0.268	0.000	0.000
180	  A	  0.3	  3.2	0.268	0.000	0.000
181	  L	  0.6	  0.4	0.268	0.000	0.000
182	  S	  0.6	  0.6	0.268	0.000	0.000
183	  S	  0.4	  1.0	0.268	0.000	0.000
184	  G	  0.1	  1.1	0.000	0.000	0.000
185	  G	  0.0	  0.8	0.000	0.000	0.000
186	  G	  0.0	  0.5	0.000	0.000	0.000
187	  A	  0.0	  0.6	0.000	0.000	0.000
188	  P	  0.0	  0.7	0.000	0.000	0.000
189	  S	  0.8	  0.8	0.000	0.000	0.000
190	  Y	  1.0	  1.1	0.000	0.000	0.000
191	  G	  1.0	  0.8	0.000	0.000	0.000
192	  A	  0.3	  0.8	0.000	0.000	0.000
193	  A	  0.1	  0.7	0.000	0.000	0.000
194	  G	  0.1	  0.4	0.000	0.000	0.000
195	  L	  0.5	  0.2	0.000	0.000	0.000
196	  A	  0.5	  0.0	0.000	0.000	0.000
197	  F	  0.5	  0.0	0.000	0.000	0.000
198	  P	  0.1	  0.0	0.000	0.000	0.000
199	  A	  0.0	  0.0	0.000	0.000	0.000
200	  Q	  0.0	  0.1	0.000	0.000	0.000
201	  P	  0.0	  0.2	0.000	0.000	0.000
202	  Q	  0.3	  0.2	0.000	0.000	0.000
203	  Q	  0.7	  0.3	0.000	0.000	0.000
204	  Q	  1.4	  0.1	0.000	0.000	0.000
205	  Q	  1.0	  0.1	0.000	0.000	0.000
206	  Q	  0.7	  0.0	0.000	0.000	0.000
207	  P	  0.0	  0.3	0.000	0.000	0.000
208	  P	  0.0	  0.3	0.000	0.000	0.000
209	  H	  1.4	  0.3	0.000	0.000	0.000
210	  H	  1.6	  0.3	0.000	0.000	0.000
211	  L	  1.6	  0.2	0.000	0.000	0.000
212	  P	  0.1	  0.2	0.000	0.000	0.000
213	  Q	  0.7	  0.2	0.000	0.000	0.000
214	  Q	  0.8	  0.2	0.000	0.000	0.000
215	  M	  0.9	  0.1	0.000	0.000	0.000
216	  P	  0.2	  0.0	0.000	0.000	0.000
217	  V	  3.2	  0.0	0.000	0.000	0.000
218	  Q	  3.2	  0.0	0.000	0.000	0.000
219	  H	  3.2	  0.4	0.000	0.000	0.000
220	  P	  0.1	  0.4	0.000	0.000	0.000
221	  R	  0.5	  0.4	0.000	0.000	0.000
222	  L	  0.8	  0.4	0.000	0.000	0.000
223	  Q	  1.0	  0.0	0.000	0.000	0.000
224	  A	  0.7	  0.0	0.000	0.000	0.000
225	  L	  0.5	  0.1	0.000	0.000	0.000
226	  K	  0.7	  0.0	0.000	0.000	0.000
227	  E	  0.5	  0.0	0.000	0.000	0.000
228	  E	  0.5	  0.0	0.000	0.000	0.000
229	  P	  0.0	  0.1	0.000	0.000	0.000
230	  Q	  0.6	  0.1	0.000	0.000	0.000
231	  T	  1.4	  0.1	0.000	0.000	0.000
232	  V	  1.4	  0.1	0.000	0.000	0.000
233	  P	  0.7	  0.0	0.000	0.000	0.000
234	  E	  0.1	  0.0	0.000	0.000	0.000
235	  M	  0.0	  1.4	0.000	0.000	0.000
236	  P	  0.0	  1.6	0.000	0.000	0.000
237	  G	  0.0	  1.6	0.000	0.000	0.000
238	  E	  0.0	  1.6	0.000	0.000	0.000
239	  T	  0.0	  0.2	0.000	0.000	0.000
240	  P	  0.0	  0.2	0.000	0.000	0.000
241	  P	  0.0	  0.2	0.000	0.000	0.000
242	  L	  0.1	  0.2	0.000	0.000	0.000
243	  S	  0.1	  0.2	0.256	0.000	0.000
244	  P	  0.1	  0.0	0.256	0.000	0.000
245	  I	  2.9	  0.0	0.256	0.000	0.000
246	  D	  3.1	  0.0	1.066	0.000	0.000
247	  M	  3.3	  0.1	1.346	0.000	0.000
248	  E	  0.6	  0.1	1.787	0.000	0.000
249	  S	  0.5	  0.2	10.675	0.000	0.000
250	  Q	  0.4	  0.2	11.329	0.000	0.000
251	  E	  0.4	  0.1	12.096	0.000	0.000
252	  R	  2.5	  0.1	12.096	0.000	0.000
253	  I	  3.8	  0.0	12.096	0.000	0.000
254	  K	  4.0	  0.0	12.211	0.000	0.000
255	  A	  1.7	  0.1	11.940	0.000	0.000
256	  E	  1.1	  0.1	11.709	0.000	0.000
257	  R	  1.0	  0.1	8.115	0.000	0.000
258	  K	  1.1	  0.1	5.626	0.000	0.000
259	  R	  1.0	  0.1	3.242	0.000	0.000
260	  M	  1.0	  0.2	2.619	0.000	0.000
261	  R	  0.9	  0.2	1.034	0.000	0.000
262	  N	  0.4	  0.2	1.133	0.000	0.000
263	  R	  2.0	  0.2	0.856	0.000	0.000
264	  I	  2.9	  0.0	0.603	0.000	0.000
265	  A	  2.8	  0.2	0.603	0.000	0.000
266	  A	  1.3	  0.2	0.603	0.000	0.000
267	  S	  0.9	  0.3	0.759	0.000	0.000
268	  K	  1.7	  0.3	0.381	0.000	0.000
269	  C	  3.0	  0.2	0.156	0.000	0.000
270	  R	  2.6	  0.2	0.156	0.000	0.000
271	  K	  2.1	  0.2	0.156	0.000	0.000
272	  R	  1.0	  0.2	0.156	0.000	0.000
273	  K	  2.3	  0.1	0.000	0.000	0.000
274	  L	  2.0	  0.1	0.000	0.000	0.000
275	  E	  1.7	  0.1	0.876	0.000	0.000
276	  R	  1.9	  0.0	0.876	0.000	0.000
277	  I	  3.2	  0.0	0.876	0.000	0.000
278	  A	  3.3	  0.0	0.876	0.000	0.000
279	  R	  1.9	  0.0	1.743	0.000	0.000
280	  L	  0.6	  0.1	1.743	0.000	0.000
281	  E	  0.5	  0.1	2.116	0.000	0.000
282	  E	  0.2	  0.1	1.975	0.000	0.000
283	  K	  4.4	  0.1	1.789	0.000	0.000
284	  V	  5.7	  0.1	1.615	0.000	0.000
285	  K	  5.8	  0.0	1.615	0.000	0.000
286	  T	  4.8	  0.0	1.237	0.000	0.000
287	  L	  3.6	  0.1	1.237	0.000	0.000
288	  K	  3.5	  0.0	0.942	0.000	0.000
289	  A	  0.5	  0.2	0.247	0.000	0.000
290	  Q	  0.3	  0.2	0.247	0.000	0.000
291	  N	  0.3	  0.2	0.222	0.000	0.000
292	  S	  0.2	  0.3	0.222	0.000	0.000
293	  E	  0.2	  0.2	0.222	0.000	0.000
294	  L	  0.3	  0.1	0.222	0.000	0.000
295	  A	  0.4	  0.2	0.222	0.000	0.000
296	  S	  0.4	  0.1	0.759	0.000	0.000
297	  T	  0.5	  0.4	0.537	0.000	0.000
298	  A	  0.5	  0.4	0.537	0.000	0.000
299	  N	  0.4	  0.3	1.779	0.000	0.000
300	  M	  0.3	  0.3	2.036	0.000	0.000
301	  L	  0.2	  0.0	2.587	0.000	0.000
302	  R	  0.2	  0.1	3.110	0.000	0.000
303	  E	  0.1	  0.1	3.245	0.000	0.000
304	  Q	  0.3	  0.1	3.094	0.000	0.000
305	  V	  1.8	  0.1	2.935	0.000	0.000
306	  A	  2.0	  0.0	2.935	0.000	0.000
307	  Q	  2.8	  0.0	2.935	0.000	0.000
308	  L	  1.4	  0.1	2.781	0.000	0.000
309	  K	  1.3	  0.1	2.643	0.000	0.000
310	  Q	  0.9	  0.1	1.874	0.000	0.000
311	  K	  1.8	  0.1	0.517	0.000	0.000
312	  V	  5.3	  0.1	0.000	0.000	0.000
313	  M	  5.2	  0.1	0.000	0.000	0.000
314	  N	  4.4	  0.1	0.000	0.000	0.000
315	  H	  2.4	  0.2	0.000	0.000	0.000
316	  V	  3.4	  0.1	0.000	0.000	0.000
317	  N	  3.2	  1.0	0.000	0.000	0.000
318	  S	  1.6	  1.4	0.000	0.000	0.000
319	  G	  0.1	  1.3	0.000	0.000	0.000
320	  C	  1.5	  1.3	0.000	0.000	0.000
321	  Q	  2.1	  0.5	0.000	0.000	0.000
322	  L	  3.1	  0.1	0.000	0.000	0.000
323	  M	  2.0	  0.1	0.000	0.000	0.000
324	  L	  1.7	  0.0	0.000	0.000	0.000
325	  T	  2.3	  0.1	0.000	0.000	0.000
326	  Q	  2.4	  0.1	0.000	0.000	0.000
327	  Q	  3.2	  0.1	0.000	0.000	0.000
328	  L	  1.5	  0.2	0.000	0.000	0.000
329	  Q	  1.7	  0.1	0.000	0.000	0.000
330	  T	  0.6	  0.1	0.000	0.000	0.000
331	  F	  0.5	  0.1	0.000	0.000	0.000
