res	aa	Beta	Turn	Helix	Aggregation	Conc-Stab_Aggregation
01	  M	  0.0	  0.5	0.000	0.000	0.000
02	  E	  0.0	  1.0	0.000	0.000	0.000
03	  G	  0.0	  1.1	0.000	0.000	0.000
04	  S	  0.7	  1.2	0.000	0.000	0.000
05	  K	  0.9	  0.7	0.000	0.000	0.000
06	  T	  0.9	  0.5	0.000	0.000	0.000
07	  S	  0.3	  0.9	0.000	0.000	0.000
08	  N	  0.1	  1.0	0.000	0.000	0.000
09	  N	  0.2	  1.0	0.000	0.000	0.000
10	  S	  0.3	  0.7	0.000	0.000	0.000
11	  T	  3.5	  0.3	0.000	0.322	0.322
12	  M	  4.3	  0.1	0.000	0.866	0.866
13	  Q	  4.6	  0.0	0.000	1.345	1.345
14	  V	  5.6	  0.0	0.000	2.286	2.286
15	  S	  5.5	  0.0	0.000	2.286	2.286
16	  F	  7.1	  0.0	0.000	2.286	2.286
17	  V	  3.9	  0.0	0.000	2.286	2.286
18	  C	  3.8	  0.1	0.000	0.941	0.941
19	  Q	  2.1	  0.1	0.000	0.000	0.000
20	  R	  2.2	  0.1	0.000	0.000	0.000
21	  C	  5.3	  0.1	0.000	0.000	0.000
22	  S	  4.9	  0.0	0.000	0.000	0.000
23	  Q	  4.0	  0.0	0.000	0.000	0.000
24	  P	  0.1	  0.0	0.000	0.000	0.000
25	  L	  1.4	  0.0	0.000	0.000	0.000
26	  K	  2.0	  0.2	0.000	0.000	0.000
27	  L	  2.2	  0.2	0.000	0.000	0.000
28	  D	  1.0	  0.4	0.000	0.000	0.000
29	  T	  1.9	  0.4	0.000	0.000	0.000
30	  S	  3.3	  0.3	0.000	0.000	0.000
31	  F	  5.2	  0.2	0.000	0.000	0.000
32	  K	  4.2	  0.0	0.000	0.000	0.000
33	  I	  3.0	  0.1	0.000	0.406	0.406
34	  L	  1.0	  0.1	0.000	0.406	0.406
35	  D	  0.5	  0.1	1.160	0.406	0.406
36	  R	  2.2	  0.1	1.160	0.406	0.406
37	  V	 11.8	  0.0	1.160	0.406	0.406
38	  T	 15.6	  0.0	1.333	0.406	0.406
39	  I	 13.6	  0.0	1.333	0.406	0.406
40	  Q	  4.3	  0.0	1.333	0.000	0.000
41	  E	  0.8	  0.0	0.660	0.000	0.000
42	  L	  2.4	  0.0	0.518	0.000	0.000
43	  T	  2.5	  0.0	0.340	0.000	0.000
44	  A	  2.0	  0.1	0.340	0.000	0.000
45	  P	  0.2	  0.1	0.000	0.000	0.000
46	  L	  0.2	  0.1	0.000	0.563	0.563
47	  L	  0.5	  0.2	0.000	0.563	0.563
48	  T	  1.2	  0.0	0.619	0.563	0.563
49	  T	  2.2	  0.0	0.619	0.563	0.563
50	  A	  1.9	  0.0	0.619	0.563	0.563
51	  Q	  1.6	  0.0	0.619	0.000	0.000
52	  A	  0.5	  0.0	0.619	0.000	0.000
53	  K	  0.4	  1.3	0.619	0.000	0.000
54	  P	  0.0	  1.4	0.000	0.000	0.000
55	  G	  0.0	  1.5	0.000	0.000	0.000
56	  E	  0.1	  1.6	0.000	0.000	0.000
57	  T	  0.6	  0.4	0.000	0.000	0.000
58	  Q	  0.7	  0.2	0.000	0.000	0.000
59	  E	  0.6	  0.1	0.000	0.000	0.000
60	  E	  0.1	  0.2	0.000	0.000	0.000
61	  E	  0.2	  0.2	0.000	0.000	0.000
62	  T	  1.0	  0.2	0.000	0.000	0.000
63	  N	  1.0	  0.8	0.000	0.000	0.000
64	  S	  0.9	  0.9	0.000	0.000	0.000
65	  G	  0.1	  0.8	0.000	0.000	0.000
66	  E	  0.1	  0.7	0.000	0.000	0.000
67	  E	  0.0	  0.2	0.000	0.000	0.000
68	  P	  0.0	  0.0	0.000	0.000	0.000
69	  F	  1.1	  0.0	0.000	0.000	0.000
70	  I	  2.0	  0.0	0.000	0.000	0.000
71	  E	  2.1	  0.0	0.000	0.000	0.000
72	  T	  0.9	  0.2	0.000	0.000	0.000
73	  P	  0.0	  0.2	0.000	0.000	0.000
74	  R	  1.2	  1.4	0.000	0.000	0.000
75	  Q	  1.2	  1.6	0.000	0.000	0.000
76	  D	  1.2	  1.5	0.000	0.000	0.000
77	  G	  0.1	  1.4	0.515	0.000	0.000
78	  V	  0.9	  0.3	0.515	0.000	0.000
79	  S	  1.5	  0.1	0.515	0.000	0.000
80	  R	  2.4	  0.1	0.515	0.000	0.000
81	  R	  3.0	  0.1	0.515	0.000	0.000
82	  F	  2.5	  0.1	0.515	0.000	0.000
83	  I	  1.5	  0.0	0.000	0.000	0.000
84	  P	  0.0	  0.0	0.000	0.000	0.000
85	  P	  0.0	  0.0	0.000	0.000	0.000
86	  A	  0.3	  0.0	0.000	0.000	0.000
87	  R	  0.8	  0.0	0.000	0.000	0.000
88	  M	  1.5	  0.0	0.000	0.000	0.000
89	  M	  1.4	  0.1	0.000	0.000	0.000
90	  S	  1.1	  0.1	0.114	0.000	0.000
91	  T	  0.7	  0.2	0.114	0.000	0.000
92	  E	  0.5	  0.3	0.114	0.000	0.000
93	  S	  0.8	  2.0	0.114	0.000	0.000
94	  A	  0.5	  2.0	0.114	0.000	0.000
95	  N	  1.4	  1.8	0.114	0.000	0.000
96	  S	  8.7	  1.8	0.000	1.209	1.209
97	  F	 13.1	  0.1	0.000	2.080	2.080
98	  T	 12.7	  0.0	0.000	2.080	2.080
99	  L	  5.3	  0.0	0.000	2.080	2.080
100	  I	  0.7	  0.2	0.000	2.080	2.080
101	  G	  0.2	  0.2	0.000	0.871	0.871
102	  E	  0.2	  0.2	0.000	0.000	0.000
103	  A	  0.2	  1.0	0.000	0.000	0.000
104	  S	  0.2	  1.2	0.000	0.000	0.000
105	  D	  0.0	  1.9	0.000	0.000	0.000
106	  G	  0.0	  2.1	0.000	0.000	0.000
107	  G	  0.0	  1.3	0.000	0.000	0.000
108	  T	  1.2	  1.0	0.921	0.000	0.000
109	  M	  1.3	  0.4	0.921	0.000	0.000
110	  E	  1.3	  0.2	0.921	0.000	0.000
111	  N	  0.4	  0.7	4.426	0.000	0.000
112	  L	  0.4	  0.7	4.426	0.000	0.000
113	  S	  0.8	  0.6	4.426	0.000	0.000
114	  R	  0.9	  0.6	4.181	0.000	0.000
115	  R	  1.1	  0.1	3.934	0.000	0.000
116	  L	  2.4	  0.1	3.688	0.000	0.000
117	  K	  7.3	  0.0	2.696	0.000	0.000
118	  V	  7.7	  0.0	0.288	0.000	0.000
119	  T	  6.1	  1.1	0.113	0.000	0.000
120	  G	  0.7	  1.2	0.113	0.000	0.000
121	  D	  0.3	  1.2	0.113	0.000	0.000
122	  L	  0.6	  1.1	0.000	0.000	0.000
123	  F	  4.0	  0.0	0.000	0.000	0.000
124	  D	  3.8	  0.0	0.000	0.000	0.000
125	  I	  5.1	  0.1	0.000	0.000	0.000
126	  M	  1.9	  0.4	0.000	0.000	0.000
127	  S	  1.9	  0.6	0.000	0.000	0.000
128	  G	  0.2	  0.7	0.000	0.000	0.000
129	  Q	  0.1	  0.7	0.000	0.000	0.000
130	  T	  0.5	  0.4	0.000	0.000	0.000
131	  D	  1.3	  0.8	0.000	0.000	0.000
132	  V	  2.6	  0.7	0.000	0.000	0.000
133	  D	  2.1	  0.7	0.000	0.000	0.000
134	  H	  1.4	  1.2	0.000	0.000	0.000
135	  P	  0.0	  0.5	0.000	0.000	0.000
136	  L	  0.2	  0.5	0.000	0.000	0.000
137	  C	  0.7	  0.7	0.000	0.000	0.000
138	  E	  0.7	  0.2	0.000	0.000	0.000
139	  E	  1.6	  0.2	0.000	0.000	0.000
140	  C	  1.9	  0.4	0.000	0.000	0.000
141	  T	  2.3	  0.2	0.000	0.000	0.000
142	  D	  1.3	  0.2	0.000	0.000	0.000
143	  T	  1.3	  0.2	0.000	0.000	0.000
144	  L	  1.2	  0.1	0.000	0.000	0.000
145	  L	  1.4	  0.1	0.000	0.000	0.000
146	  D	  0.6	  0.1	0.000	0.000	0.000
147	  Q	  0.9	  0.2	0.000	0.000	0.000
148	  L	  0.9	  0.2	0.000	0.000	0.000
149	  D	  1.1	  0.2	0.000	0.000	0.000
150	  T	  1.3	  0.2	0.000	0.000	0.000
151	  Q	  2.0	  0.1	0.000	0.000	0.000
152	  L	  5.0	  0.1	0.000	0.000	0.000
153	  N	  6.2	  0.0	0.000	0.000	0.000
154	  V	  6.1	  0.0	0.000	0.000	0.000
155	  T	  3.0	  0.3	0.345	0.000	0.000
156	  E	  0.8	  0.3	0.345	0.000	0.000
157	  N	  0.1	  0.3	0.508	0.000	0.000
158	  E	  0.6	  0.3	0.508	0.000	0.000
159	  C	  1.3	  0.5	0.508	0.000	0.000
160	  Q	  2.0	  0.5	0.508	0.000	0.000
161	  N	  2.2	  0.4	0.304	0.000	0.000
162	  Y	  2.5	  0.5	0.304	0.000	0.000
163	  K	  2.3	  0.1	0.000	0.000	0.000
164	  R	  2.6	  0.1	0.000	0.000	0.000
165	  C	  2.8	  0.1	0.137	0.000	0.000
166	  L	  3.6	  0.0	0.137	0.000	0.000
167	  E	  2.7	  0.0	0.137	0.000	0.000
168	  I	  2.4	  0.0	0.137	0.000	0.000
169	  L	  1.0	  0.1	0.137	0.000	0.000
170	  E	  0.8	  0.1	0.137	0.000	0.000
171	  Q	  1.1	  0.1	0.137	0.000	0.000
172	  M	  1.0	  0.1	0.000	0.000	0.000
173	  N	  1.0	  3.5	0.000	0.000	0.000
174	  E	  0.1	  3.6	0.000	0.000	0.000
175	  D	  0.0	  4.4	0.132	0.000	0.000
176	  D	  0.1	  4.5	0.486	0.000	0.000
177	  S	  0.1	  1.2	4.173	0.000	0.000
178	  E	  0.1	  1.1	4.371	0.000	0.000
179	  Q	  1.1	  0.3	4.494	0.000	0.000
180	  L	  2.6	  0.1	4.494	0.000	0.000
181	  Q	  4.2	  0.0	4.494	0.000	0.000
182	  M	  4.0	  0.0	4.494	0.000	0.000
183	  E	  3.6	  0.0	4.956	0.000	0.000
184	  L	  2.1	  0.1	4.699	0.000	0.000
185	  K	  1.4	  0.1	4.574	0.000	0.000
186	  E	  0.2	  0.1	2.181	0.000	0.000
187	  L	  0.5	  0.1	1.747	0.000	0.000
188	  A	  0.5	  0.0	1.572	0.000	0.000
189	  L	  0.4	  0.0	1.584	0.000	0.000
190	  E	  0.1	  0.1	2.629	0.000	0.000
191	  E	  0.0	  0.1	3.327	0.000	0.000
192	  E	  0.1	  0.1	3.502	0.000	0.000
193	  R	  0.7	  0.1	3.502	0.000	0.000
194	  L	  0.8	  0.0	3.502	0.000	0.000
195	  I	  0.9	  0.0	3.502	0.000	0.000
196	  Q	  0.3	  0.0	3.502	0.000	0.000
197	  E	  0.4	  0.0	2.821	0.000	0.000
198	  L	  0.3	  0.3	2.638	0.000	0.000
199	  E	  0.2	  0.2	2.829	0.000	0.000
200	  D	  2.4	  0.2	5.109	0.000	0.000
201	  V	  3.5	  0.2	4.275	0.000	0.000
202	  E	  3.7	  0.2	4.275	0.000	0.000
203	  K	  1.4	  0.2	4.275	0.000	0.000
204	  N	  0.3	  0.2	4.275	0.000	0.000
205	  R	  0.7	  0.2	3.629	0.000	0.000
206	  K	  2.2	  0.0	2.851	0.000	0.000
207	  I	  6.6	  0.0	0.179	0.000	0.000
208	  V	  6.7	  0.0	0.179	0.000	0.000
209	  A	  5.2	  0.2	0.179	0.000	0.000
210	  E	  0.7	  0.2	0.179	0.000	0.000
211	  N	  0.4	  0.2	2.366	0.000	0.000
212	  L	  0.6	  0.3	2.366	0.000	0.000
213	  E	  0.6	  0.0	2.783	0.000	0.000
214	  K	  1.8	  0.0	2.783	0.000	0.000
215	  V	  2.8	  0.0	2.783	0.000	0.000
216	  Q	  3.0	  0.0	2.783	0.000	0.000
217	  A	  1.5	  0.0	2.324	0.000	0.000
218	  E	  0.3	  0.0	2.199	0.000	0.000
219	  A	  0.1	  0.1	1.715	0.000	0.000
220	  E	  0.1	  0.1	1.581	0.000	0.000
221	  R	  2.2	  0.3	1.206	0.000	0.000
222	  L	  2.3	  0.3	0.750	0.000	0.000
223	  D	  2.3	  0.3	3.655	0.000	0.000
224	  Q	  0.3	  0.4	3.499	0.000	0.000
225	  E	  0.2	  0.2	3.632	0.000	0.000
226	  E	  0.2	  0.2	3.632	0.000	0.000
227	  A	  0.4	  0.1	3.632	0.000	0.000
228	  Q	  4.3	  0.0	3.632	0.000	0.000
229	  Y	  6.2	  0.0	2.803	0.000	0.000
230	  Q	  6.1	  0.1	1.458	0.000	0.000
231	  R	  2.4	  0.1	0.808	0.000	0.000
232	  E	  1.7	  0.1	0.502	0.000	0.000
233	  Y	  2.1	  0.1	0.392	0.000	0.000
234	  S	  1.9	  0.1	3.079	0.000	0.000
235	  E	  3.7	  0.1	2.882	0.000	0.000
236	  F	  4.1	  0.1	2.882	0.000	0.000
237	  K	  4.3	  0.1	2.882	0.000	0.000
238	  R	  1.7	  0.1	2.882	0.000	0.000
239	  Q	  1.0	  0.1	2.882	0.000	0.000
240	  Q	  2.1	  0.1	1.788	0.000	0.000
241	  L	  2.4	  0.1	1.262	0.000	0.000
242	  E	  2.8	  0.1	0.991	0.000	0.000
243	  L	  1.5	  0.3	0.760	0.000	0.000
244	  D	  0.8	  0.3	1.522	0.000	0.000
245	  D	  0.1	  0.4	3.113	0.000	0.000
246	  E	  1.2	  0.3	2.989	0.000	0.000
247	  L	  1.6	  0.3	2.989	0.000	0.000
248	  K	  2.1	  0.2	2.989	0.000	0.000
249	  S	  4.6	  0.1	3.220	0.000	0.000
250	  V	  5.3	  0.2	2.557	0.000	0.000
251	  E	  4.8	  0.1	2.557	0.000	0.000
252	  N	  1.1	  0.1	3.101	0.000	0.000
253	  Q	  1.0	  0.1	2.875	0.000	0.000
254	  M	  2.5	  0.0	2.178	0.000	0.000
255	  R	  2.8	  0.0	2.029	0.000	0.000
256	  Y	  2.5	  0.0	2.029	0.000	0.000
257	  A	  0.9	  0.0	2.368	0.000	0.000
258	  Q	  0.8	  0.1	2.129	0.000	0.000
259	  T	  1.2	  0.1	3.885	0.000	0.000
260	  Q	  1.8	  0.1	4.004	0.000	0.000
261	  L	  1.7	  0.1	4.156	0.000	0.000
262	  D	  0.8	  0.2	4.156	0.000	0.000
263	  K	  1.1	  0.1	4.044	0.000	0.000
264	  L	  1.1	  0.2	4.044	0.000	0.000
265	  K	  1.3	  0.2	3.596	0.000	0.000
266	  K	  0.5	  0.1	2.063	0.000	0.000
267	  T	  1.0	  0.1	0.000	0.000	0.000
268	  N	  5.0	  0.1	0.000	0.000	0.000
269	  V	  8.4	  0.0	0.000	3.197	3.197
270	  F	  8.8	  0.0	0.000	3.379	3.379
271	  N	  4.8	  0.0	0.000	3.379	3.379
272	  A	  1.9	  0.0	0.000	3.505	3.505
273	  T	  8.0	  0.0	0.000	3.654	3.654
274	  F	 12.8	  0.0	0.000	3.480	3.480
275	  H	 14.6	  0.0	0.000	1.156	1.156
276	  I	  8.2	  0.0	0.000	1.156	1.156
277	  W	  3.1	  0.1	0.000	0.984	0.984
278	  H	  0.6	  0.8	0.000	0.000	0.000
279	  S	  0.4	  0.9	0.000	0.000	0.000
280	  G	  0.1	  0.9	0.000	0.000	0.000
281	  Q	  0.3	  0.8	0.000	0.000	0.000
282	  F	  0.3	  0.5	0.000	0.000	0.000
283	  G	  0.3	  0.4	0.000	0.000	0.000
284	  T	  5.6	  0.4	0.000	0.000	0.000
285	  I	  5.7	  0.5	0.000	0.000	0.000
286	  N	  5.8	  0.1	0.000	0.000	0.000
287	  N	  2.4	  0.1	0.000	0.000	0.000
288	  F	  4.1	  0.2	0.000	0.000	0.000
289	  R	  4.1	  0.2	0.000	0.000	0.000
290	  L	  2.1	  0.4	0.000	0.000	0.000
291	  G	  0.1	  0.4	0.000	0.000	0.000
292	  R	  0.1	  0.3	0.000	0.000	0.000
293	  L	  0.1	  0.5	0.000	0.000	0.000
294	  P	  0.1	  0.3	0.000	0.000	0.000
295	  S	  0.2	  0.3	0.000	0.000	0.000
296	  V	  0.3	  0.3	0.000	0.000	0.000
297	  P	  0.3	  0.0	0.000	0.000	0.000
298	  V	  3.2	  0.0	0.000	0.000	0.000
299	  E	  4.8	  0.0	0.000	0.000	0.000
300	  W	  5.0	  0.0	0.000	0.000	0.000
301	  N	  2.0	  0.0	0.634	0.000	0.000
302	  E	  3.9	  0.0	0.634	0.000	0.000
303	  I	  4.7	  0.0	0.634	0.000	0.000
304	  N	  4.7	  0.0	0.937	0.000	0.000
305	  A	  1.1	  0.2	0.937	0.458	0.458
306	  A	  0.2	  0.4	0.937	1.001	1.001
307	  W	  0.2	  0.4	0.597	1.642	1.642
308	  G	  0.2	  0.5	1.244	1.773	1.773
309	  Q	  0.4	  0.4	1.244	3.500	3.500
310	  T	  4.2	  0.1	1.583	43.012	43.012
311	  V	  7.9	  0.1	1.583	46.668	46.668
312	  L	  8.4	  0.0	1.967	46.850	46.850
313	  L	  5.2	  0.0	2.407	46.850	46.850
314	  L	  1.8	  0.0	2.527	46.329	46.329
315	  H	  1.1	  0.0	2.761	6.011	6.011
316	  A	  0.7	  0.0	2.407	5.271	5.271
317	  L	  0.4	  0.3	2.407	4.645	4.645
318	  A	  0.1	  0.3	2.407	1.053	1.053
319	  N	  0.1	  0.5	2.548	0.000	0.000
320	  K	  0.3	  0.5	1.376	0.000	0.000
321	  M	  0.5	  0.2	0.255	0.000	0.000
322	  G	  0.6	  0.2	0.255	0.000	0.000
323	  L	  1.1	  0.0	0.140	0.000	0.000
324	  K	  1.8	  0.0	0.140	0.000	0.000
325	  F	  3.9	  0.0	0.000	0.000	0.000
326	  Q	  3.9	  0.0	0.000	0.000	0.000
327	  R	  4.1	  0.0	0.000	0.000	0.000
328	  Y	  4.0	  0.1	0.000	0.000	0.000
329	  R	  4.1	  0.1	0.000	0.000	0.000
330	  L	  3.0	  0.1	0.000	0.000	0.000
331	  V	  1.1	  0.3	0.000	0.000	0.000
332	  P	  0.1	  0.2	0.000	0.000	0.000
333	  Y	  0.1	  3.8	0.000	0.000	0.000
334	  G	  0.1	  3.8	0.000	0.000	0.000
335	  N	  0.1	  3.7	0.000	0.000	0.000
336	  H	  0.4	  3.7	0.000	0.000	0.000
337	  S	  0.9	  0.2	0.000	0.000	0.000
338	  Y	  1.6	  0.1	0.000	0.000	0.000
339	  L	  1.4	  0.1	0.000	0.000	0.000
340	  E	  0.8	  0.1	0.000	0.000	0.000
341	  S	  1.9	  0.1	0.480	0.000	0.000
342	  L	  2.0	  0.2	0.480	0.000	0.000
343	  T	  2.1	  0.1	1.063	0.000	0.000
344	  D	  0.5	  1.7	1.309	0.000	0.000
345	  K	  0.7	  1.7	1.309	0.000	0.000
346	  S	  1.0	  1.8	1.309	0.000	0.000
347	  K	  1.2	  1.7	1.038	0.000	0.000
348	  E	  0.7	  0.1	0.828	0.000	0.000
349	  L	  0.2	  0.4	0.575	0.000	0.000
350	  P	  0.1	  0.3	0.000	0.000	0.000
351	  L	  1.8	  0.3	0.000	0.000	0.000
352	  Y	  4.2	  0.4	0.000	0.000	0.000
353	  C	  4.6	  0.4	0.000	0.000	0.000
354	  S	  2.8	  0.6	0.000	0.000	0.000
355	  G	  0.4	  0.7	0.000	0.000	0.000
356	  G	  0.0	  0.6	0.000	0.000	0.000
357	  L	  1.4	  0.3	0.000	0.000	0.000
358	  R	  2.7	  0.0	0.000	0.000	0.000
359	  F	  3.9	  0.0	0.000	0.000	0.000
360	  F	  3.7	  0.1	0.000	0.000	0.000
361	  W	  2.6	  0.3	0.000	0.000	0.000
362	  D	  1.4	  0.3	0.000	0.000	0.000
363	  N	  0.4	  0.3	0.000	0.000	0.000
364	  K	  0.9	  0.3	0.000	0.000	0.000
365	  F	  1.5	  0.1	0.000	0.000	0.000
366	  D	  1.3	  0.1	0.145	0.000	0.000
367	  H	  0.9	  0.1	0.145	0.000	0.000
368	  A	  0.7	  0.1	0.145	5.957	5.957
369	  M	  1.8	  0.0	0.145	22.049	22.049
370	  V	  3.3	  0.0	0.145	22.049	22.049
371	  A	  3.3	  0.0	0.145	22.049	22.049
372	  F	  3.1	  0.2	0.145	22.049	22.049
373	  L	  3.5	  0.2	0.000	21.067	21.067
374	  D	  3.5	  0.2	0.000	0.000	0.000
375	  C	  5.3	  0.2	0.000	0.000	0.000
376	  V	  4.5	  0.1	0.000	0.000	0.000
377	  Q	  5.3	  0.1	0.000	0.000	0.000
378	  Q	  4.7	  0.1	0.000	0.000	0.000
379	  F	  4.0	  0.1	0.000	0.000	0.000
380	  K	  2.9	  0.1	0.000	0.000	0.000
381	  E	  0.9	  0.1	0.000	0.000	0.000
382	  E	  2.4	  0.1	0.000	0.000	0.000
383	  V	  3.4	  0.1	0.000	0.000	0.000
384	  E	  3.4	  0.4	0.000	0.000	0.000
385	  K	  1.2	  0.6	0.000	0.000	0.000
386	  G	  0.1	  0.7	0.000	0.000	0.000
387	  E	  0.1	  0.6	0.000	0.000	0.000
388	  T	  1.0	  0.3	0.000	0.000	0.000
389	  R	  1.1	  0.1	0.000	0.000	0.000
390	  F	  6.0	  0.0	0.000	0.000	0.000
391	  C	  5.3	  0.0	0.000	0.000	0.000
392	  L	  5.2	  0.1	0.000	0.000	0.000
393	  P	  0.3	  0.1	0.000	0.000	0.000
394	  Y	  2.1	  0.1	0.000	0.000	0.000
395	  R	  4.4	  0.3	0.000	0.000	0.000
396	  M	  7.0	  0.2	0.000	0.000	0.000
397	  D	  7.4	  0.2	0.159	0.000	0.000
398	  V	  6.1	  0.3	0.159	0.000	0.000
399	  E	  3.5	  1.0	0.159	0.000	0.000
400	  K	  1.1	  1.0	0.159	0.000	0.000
401	  G	  0.1	  1.0	0.159	0.000	0.000
402	  K	  4.2	  0.9	0.159	0.000	0.000
403	  I	  4.3	  0.1	0.000	0.000	0.000
404	  E	  4.3	  0.2	0.000	0.000	0.000
405	  D	  0.2	  0.4	0.000	0.000	0.000
406	  T	  0.1	  0.6	0.000	0.000	0.000
407	  G	  0.0	  1.0	0.000	0.000	0.000
408	  G	  0.0	  1.1	0.000	0.000	0.000
409	  S	  0.0	  1.1	0.000	0.000	0.000
410	  G	  0.0	  1.4	0.000	0.000	0.000
411	  G	  0.1	  0.8	0.000	0.000	0.000
412	  S	 20.8	  0.8	0.128	0.000	0.000
413	  Y	 23.6	  0.6	0.128	0.000	0.000
414	  S	 24.2	  0.1	0.427	0.000	0.000
415	  I	  5.4	  0.1	0.427	0.000	0.000
416	  K	  2.2	  0.0	0.427	0.000	0.000
417	  T	  3.7	  0.0	0.427	0.000	0.000
418	  Q	  4.6	  0.0	0.427	0.000	0.000
419	  F	  5.6	  0.0	0.298	0.000	0.000
420	  N	  3.5	  0.1	0.534	0.000	0.000
421	  S	  1.5	  0.2	1.035	0.000	0.000
422	  E	  0.1	  0.2	1.618	0.000	0.000
423	  E	  0.2	  0.2	2.250	0.000	0.000
424	  Q	  2.4	  0.1	2.250	0.000	0.000
425	  W	  4.8	  0.0	2.485	0.000	0.000
426	  T	  5.1	  0.0	5.254	0.000	0.000
427	  K	  3.0	  0.0	5.254	0.000	0.000
428	  A	  0.8	  0.0	5.254	0.000	0.000
429	  L	  1.1	  0.0	5.254	0.000	0.000
430	  K	  1.3	  0.0	5.254	0.000	0.000
431	  F	  1.9	  0.0	4.526	0.000	0.000
432	  M	  1.4	  0.0	2.942	0.000	0.000
433	  L	  1.4	  0.1	2.687	0.000	0.000
434	  T	  0.8	  0.1	2.687	0.000	0.000
435	  N	  0.8	  0.1	2.687	0.000	0.000
436	  L	  1.2	  0.1	1.578	0.000	0.000
437	  K	  1.2	  0.0	1.274	0.000	0.000
438	  W	  1.0	  0.0	0.250	2.401	2.401
439	  G	  0.3	  0.0	0.254	2.831	2.831
440	  L	  0.4	  0.0	0.134	6.819	6.819
441	  A	  0.5	  0.0	0.134	7.177	7.177
442	  W	  1.4	  0.0	0.134	7.600	7.600
443	  V	  2.5	  0.0	0.134	7.450	7.450
444	  S	  2.5	  0.2	0.134	5.250	5.250
445	  S	  2.0	  0.2	0.000	3.389	3.389
446	  Q	  3.8	  0.2	0.000	3.186	3.186
447	  F	  5.6	  0.2	0.000	3.186	3.186
448	  Y	  6.7	  0.1	0.000	3.186	3.186
449	  N	  3.6	  0.1	0.000	0.192	0.192
450	  K	  1.6	  0.1	0.000	0.000	0.000
