res	aa	Beta	Turn	Helix	Aggregation	Conc-Stab_Aggregation
01	  M	  0.3	  0.0	0.000	0.000	0.000
02	  M	  0.5	  0.1	0.000	0.040	0.040
03	  K	  0.8	  0.1	0.000	0.054	0.054
04	  T	  1.3	  0.1	0.214	35.995	35.995
05	  L	  2.0	  0.1	0.214	96.384	96.384
06	  L	  2.3	  0.0	0.214	99.325	99.325
07	  L	  2.2	  0.0	0.214	99.862	99.862
08	  F	  2.0	  0.1	0.214	99.959	99.959
09	  V	  1.8	  0.2	0.214	99.957	99.957
10	  G	  1.0	  0.2	0.214	99.685	99.685
11	  L	  1.1	  0.2	0.000	99.656	99.656
12	  L	  1.1	  0.0	0.000	99.472	99.472
13	  L	  4.3	  0.0	0.000	98.460	98.460
14	  T	 11.3	  0.0	0.000	92.934	92.934
15	  W	 11.8	  0.4	0.000	74.840	74.840
16	  E	  8.6	  0.6	0.000	0.054	0.054
17	  S	  0.8	  0.6	0.000	0.006	0.006
18	  G	  0.0	  0.6	0.133	0.001	0.001
19	  Q	  0.6	  0.2	0.133	0.000	0.000
20	  V	  1.2	  0.0	0.133	0.000	0.000
21	  L	  1.2	  0.5	0.133	0.000	0.000
22	  G	  0.6	  0.5	0.133	0.000	0.000
23	  D	  0.1	  0.6	0.133	0.000	0.000
24	  Q	  0.4	  0.6	0.000	0.000	0.000
25	  T	 18.2	  0.1	0.000	0.000	0.000
26	  V	 18.4	  0.2	0.000	0.000	0.000
27	  S	 18.1	  0.9	1.187	0.000	0.000
28	  D	  0.3	  0.9	1.187	0.000	0.000
29	  N	  0.0	  1.0	1.187	0.000	0.000
30	  E	  0.4	  0.9	1.187	0.000	0.000
31	  L	  0.4	  0.1	1.187	0.000	0.000
32	  Q	  0.5	  0.1	1.187	0.000	0.000
33	  E	  0.6	  0.0	0.824	0.000	0.000
34	  M	  0.6	  0.2	0.636	0.000	0.000
35	  S	  0.5	  0.3	0.495	0.000	0.000
36	  N	  0.1	  1.0	0.375	0.000	0.000
37	  Q	  0.0	  1.2	0.226	0.000	0.000
38	  G	  0.0	  1.1	0.000	0.000	0.000
39	  S	  0.3	  1.1	0.000	0.000	0.000
40	  K	  0.8	  0.3	0.000	0.000	0.000
41	  Y	  2.5	  0.1	0.000	0.000	0.000
42	  V	  2.7	  0.1	0.000	0.000	0.000
43	  N	  2.2	  0.1	0.323	0.000	0.000
44	  K	  0.9	  0.1	0.323	0.000	0.000
45	  E	  1.2	  0.1	0.323	0.000	0.000
46	  I	  1.2	  0.1	0.323	0.000	0.000
47	  Q	  0.8	  0.1	0.323	0.000	0.000
48	  N	  0.2	  0.1	0.323	0.000	0.000
49	  A	  0.5	  0.2	0.197	0.000	0.000
50	  V	  0.7	  5.5	0.197	0.000	0.000
51	  N	  0.7	  5.5	0.197	0.000	0.000
52	  G	  0.4	  5.5	0.000	0.000	0.000
53	  V	  2.1	  5.3	0.000	0.000	0.000
54	  K	  2.4	  0.0	0.000	0.000	0.000
55	  Q	  4.1	  0.0	0.000	0.000	0.000
56	  I	  3.6	  0.1	0.000	0.000	0.000
57	  K	  3.5	  0.0	0.000	0.000	0.000
58	  T	  2.4	  0.0	0.000	0.000	0.000
59	  L	  0.9	  0.0	0.000	0.000	0.000
60	  I	  1.4	  0.0	0.000	0.000	0.000
61	  E	  1.1	  0.1	0.000	0.000	0.000
62	  K	  1.2	  0.1	0.000	0.000	0.000
63	  T	  0.6	  0.1	0.456	0.000	0.000
64	  N	  0.3	  0.3	1.182	0.000	0.000
65	  E	  0.1	  0.2	1.401	0.000	0.000
66	  E	  0.9	  0.2	1.401	0.000	0.000
67	  R	  1.1	  0.3	1.401	0.000	0.000
68	  K	  1.3	  0.1	1.401	0.000	0.000
69	  T	  1.2	  0.1	0.945	0.165	0.165
70	  L	  1.3	  0.1	0.945	0.165	0.165
71	  L	  1.1	  0.2	0.817	0.165	0.165
72	  S	  0.4	  0.2	2.364	0.165	0.165
73	  N	  0.4	  0.2	13.415	0.165	0.165
74	  L	  0.4	  0.2	16.253	0.165	0.165
75	  E	  0.4	  0.1	22.740	0.000	0.000
76	  E	  0.4	  0.1	25.041	0.000	0.000
77	  A	  0.4	  0.1	25.254	0.000	0.000
78	  K	  0.4	  0.1	25.254	0.000	0.000
79	  K	  0.2	  0.1	24.188	0.000	0.000
80	  K	  0.3	  0.2	21.594	0.000	0.000
81	  K	  0.3	  0.5	17.693	0.000	0.000
82	  E	  0.2	  0.5	14.767	0.000	0.000
83	  D	  0.1	  0.6	13.317	0.000	0.000
84	  A	  0.2	  0.6	11.338	0.000	0.000
85	  L	  0.2	  0.2	10.295	0.000	0.000
86	  N	  0.2	  0.3	8.673	0.000	0.000
87	  E	  0.1	  0.2	4.312	0.000	0.000
88	  T	  0.2	  0.2	0.336	0.000	0.000
89	  R	  0.2	  0.3	0.336	0.000	0.000
90	  E	  0.2	  0.2	0.000	0.000	0.000
91	  S	  0.1	  0.3	1.106	0.000	0.000
92	  E	  0.6	  0.3	1.106	0.000	0.000
93	  T	  1.5	  0.2	1.533	0.000	0.000
94	  K	  2.5	  0.2	1.533	0.000	0.000
95	  L	  2.1	  0.1	1.533	0.000	0.000
96	  K	  1.3	  0.1	1.533	0.000	0.000
97	  E	  0.3	  0.0	1.292	0.000	0.000
98	  L	  0.2	  1.0	0.866	0.000	0.000
99	  P	  0.0	  0.9	0.000	0.000	0.000
100	  G	  0.0	  0.9	0.000	0.000	0.000
101	  V	  0.8	  0.9	0.000	0.000	0.000
102	  C	  1.0	  0.0	0.000	0.000	0.000
103	  N	  1.0	  0.1	1.030	0.000	0.000
104	  E	  0.2	  0.1	1.030	0.000	0.000
105	  T	  1.0	  0.1	2.275	0.000	0.000
106	  M	  1.3	  0.1	2.275	0.000	0.000
107	  M	  1.7	  0.0	2.275	0.000	0.000
108	  A	  0.9	  0.0	2.275	0.000	0.000
109	  L	  0.7	  0.0	2.275	0.000	0.000
110	  W	  0.7	  0.1	2.120	0.000	0.000
111	  E	  0.5	  0.1	1.646	0.000	0.000
112	  E	  2.8	  0.1	0.881	0.000	0.000
113	  C	  2.5	  0.1	0.441	0.000	0.000
114	  K	  2.4	  0.0	0.441	0.000	0.000
115	  P	  0.1	  0.0	0.000	0.000	0.000
116	  C	  2.3	  0.0	0.000	0.000	0.000
117	  L	  2.4	  0.0	0.000	0.000	0.000
118	  K	  2.7	  0.1	0.000	0.000	0.000
119	  Q	  0.6	  0.1	0.000	0.000	0.000
120	  T	  2.8	  0.1	0.000	0.000	0.000
121	  C	  5.3	  0.1	0.000	0.000	0.000
122	  M	  6.0	  0.0	0.000	0.000	0.000
123	  K	  4.1	  0.0	0.000	0.000	0.000
124	  F	  3.0	  0.0	0.000	0.000	0.000
125	  Y	  2.6	  0.1	0.000	0.000	0.000
126	  A	  2.6	  0.1	0.000	0.000	0.000
127	  R	  1.0	  0.1	0.000	0.000	0.000
128	  V	  1.1	  0.1	0.000	0.000	0.000
129	  C	  1.9	  0.6	0.000	0.000	0.000
130	  R	  1.9	  0.9	0.000	0.000	0.000
131	  S	  1.6	  2.6	0.000	0.000	0.000
132	  G	  0.4	  2.8	0.000	0.000	0.000
133	  S	  0.3	  2.2	0.000	0.000	0.000
134	  G	  0.0	  1.9	0.145	0.000	0.000
135	  L	  0.2	  0.3	0.269	0.000	0.000
136	  V	  0.3	  0.3	0.570	0.000	0.000
137	  G	  0.3	  0.4	2.199	0.000	0.000
138	  R	  0.9	  0.4	2.356	0.000	0.000
139	  Q	  2.2	  0.2	2.524	0.000	0.000
140	  L	  2.2	  0.2	2.524	0.000	0.000
141	  E	  1.5	  0.2	2.524	0.000	0.000
142	  E	  0.2	  0.1	2.524	0.000	0.000
143	  F	  1.3	  0.2	2.400	0.000	0.000
144	  L	  1.5	  0.1	2.176	0.000	0.000
145	  N	  1.5	  0.9	2.176	0.000	0.000
146	  Q	  0.5	  0.9	1.605	0.000	0.000
147	  S	  0.3	  0.8	0.194	0.000	0.000
148	  S	  0.2	  1.0	0.000	0.000	0.000
149	  P	  0.0	  0.2	0.000	1.702	1.702
150	  F	  1.5	  0.2	0.000	77.441	77.441
151	  Y	  2.7	  0.2	0.000	77.585	77.585
152	  F	  3.5	  0.0	0.000	77.585	77.585
153	  W	  2.8	  0.3	0.000	77.585	77.585
154	  M	  1.7	  0.6	0.000	76.790	76.790
155	  N	  0.9	  1.4	0.000	1.906	1.906
156	  G	  0.1	  1.4	0.000	0.765	0.765
157	  D	  0.1	  1.1	0.000	0.000	0.000
158	  R	 12.8	  0.9	0.000	0.000	0.000
159	  I	 13.6	  0.1	0.000	0.000	0.000
160	  D	 13.5	  0.1	0.000	0.000	0.000
161	  S	  1.1	  0.1	0.000	0.000	0.000
162	  L	  0.3	  0.1	0.000	0.000	0.000
163	  L	  0.3	  0.3	0.196	0.000	0.000
164	  E	  0.2	  0.3	0.196	0.000	0.000
165	  N	  0.1	  0.4	0.196	0.000	0.000
166	  D	  0.1	  0.5	0.196	0.000	0.000
167	  R	  0.4	  0.3	0.196	0.000	0.000
168	  Q	  0.6	  0.3	0.196	0.000	0.000
169	  Q	  0.7	  0.2	0.000	0.000	0.000
170	  T	  1.3	  0.1	0.000	0.000	0.000
171	  H	  1.8	  0.1	0.000	0.000	0.000
172	  M	  2.1	  0.0	0.000	0.000	0.000
173	  L	  3.3	  0.0	0.000	0.000	0.000
174	  D	  2.7	  0.0	0.000	0.000	0.000
175	  V	  5.0	  0.0	0.000	0.000	0.000
176	  M	  3.1	  0.2	0.000	0.000	0.000
177	  Q	  3.0	  0.2	0.000	0.000	0.000
178	  D	  0.6	  0.2	0.000	0.000	0.000
179	  H	  4.0	  0.2	0.000	0.000	0.000
180	  F	  5.6	  0.1	0.000	0.000	0.000
181	  S	  5.4	  0.1	0.000	0.000	0.000
182	  R	  1.9	  0.2	0.000	0.000	0.000
183	  A	  0.3	  0.3	0.000	0.000	0.000
184	  S	  0.5	  0.3	0.000	0.000	0.000
185	  S	  1.0	  0.2	0.000	0.000	0.000
186	  I	  1.7	  0.1	0.000	0.000	0.000
187	  I	  1.7	  0.0	0.000	0.000	0.000
188	  D	  1.0	  0.1	0.000	0.000	0.000
189	  E	  0.3	  0.1	0.000	0.000	0.000
190	  L	  0.4	  0.1	0.120	0.000	0.000
191	  F	  1.8	  0.3	0.120	0.000	0.000
192	  Q	  1.7	  0.2	0.120	0.000	0.000
193	  D	  1.5	  0.2	0.120	0.000	0.000
194	  R	  1.4	  0.2	0.120	0.000	0.000
195	  F	  2.5	  0.0	0.120	0.000	0.000
196	  F	  5.7	  0.0	0.120	0.000	0.000
197	  T	  4.9	  0.0	0.000	0.000	0.000
198	  R	  3.8	  0.0	0.000	0.000	0.000
199	  E	  0.5	  0.2	0.000	0.000	0.000
200	  P	  0.0	  0.3	0.000	0.000	0.000
201	  Q	  0.2	  0.3	0.000	0.000	0.000
202	  D	  1.8	  0.3	0.000	0.000	0.000
203	  T	  9.2	  0.2	0.000	0.000	0.000
204	  Y	 12.1	  0.0	0.000	0.000	0.000
205	  H	 13.4	  0.0	0.000	0.000	0.000
206	  Y	  6.5	  0.0	0.000	0.000	0.000
207	  L	  3.1	  0.0	0.000	0.000	0.000
208	  P	  0.1	  0.0	0.000	0.000	0.000
209	  F	  6.4	  0.0	0.000	0.000	0.000
210	  S	  6.5	  0.0	0.000	0.000	0.000
211	  L	  6.5	  0.2	0.000	0.000	0.000
212	  P	  0.1	  0.2	0.000	0.000	0.000
213	  H	  1.1	  0.2	0.000	0.000	0.000
214	  R	  1.1	  0.2	0.000	0.000	0.000
215	  R	  1.1	  0.3	0.000	0.000	0.000
216	  P	  0.1	  0.2	0.000	0.000	0.000
217	  H	  2.3	  0.2	0.000	0.000	0.000
218	  F	  4.7	  0.2	0.000	0.000	0.000
219	  F	  4.8	  0.0	0.000	0.000	0.000
220	  F	  2.6	  0.2	0.000	0.000	0.000
221	  P	  0.2	  0.3	0.000	0.000	0.000
222	  K	  0.2	  0.3	0.000	0.000	0.000
223	  S	  0.6	  0.3	0.000	0.000	0.000
224	  R	  5.6	  0.2	0.000	0.000	0.000
225	  I	 10.1	  0.0	0.000	0.000	0.000
226	  V	 11.8	  0.0	0.000	0.000	0.000
227	  R	  7.3	  0.1	0.000	0.000	0.000
228	  S	  3.0	  0.1	0.000	0.000	0.000
229	  L	  1.0	  0.1	0.000	0.000	0.000
230	  M	  0.5	  0.0	0.000	0.000	0.000
231	  P	  0.1	  0.0	0.000	0.000	0.000
232	  F	  0.4	  0.0	0.000	0.000	0.000
233	  S	  0.4	  0.2	0.000	0.000	0.000
234	  P	  0.4	  0.2	0.000	0.000	0.000
235	  Y	  0.7	  0.2	0.000	0.000	0.000
236	  E	  0.7	  0.2	0.000	0.000	0.000
237	  P	  0.7	  0.1	0.000	0.000	0.000
238	  L	  1.9	  0.1	0.000	0.000	0.000
239	  N	  2.2	  0.1	0.310	0.000	0.000
240	  F	  4.0	  0.2	0.310	0.000	0.000
241	  H	  2.5	  0.0	0.310	0.000	0.000
242	  A	  2.3	  0.0	0.310	0.000	0.000
243	  M	  1.3	  0.0	0.310	0.000	0.000
244	  F	  1.4	  0.0	0.310	0.000	0.000
245	  Q	  1.2	  0.0	0.163	0.000	0.000
246	  P	  0.5	  0.0	0.000	0.000	0.000
247	  F	  0.7	  0.0	0.000	0.000	0.000
248	  L	  1.4	  0.0	0.000	0.000	0.000
249	  E	  1.5	  0.0	0.000	0.000	0.000
250	  M	  1.5	  0.0	0.000	0.000	0.000
251	  I	  1.3	  0.0	0.000	0.000	0.000
252	  H	  1.4	  0.1	0.000	0.000	0.000
253	  E	  0.8	  0.1	0.000	0.000	0.000
254	  A	  0.4	  0.1	0.000	0.000	0.000
255	  Q	  0.3	  0.1	0.000	0.000	0.000
256	  Q	  0.3	  0.1	0.000	0.000	0.000
257	  A	  0.4	  0.1	0.000	0.000	0.000
258	  M	  3.3	  0.0	0.000	0.000	0.000
259	  D	  3.4	  0.0	0.000	0.000	0.000
260	  I	  6.5	  0.0	0.000	0.000	0.000
261	  H	  6.0	  0.0	0.000	0.000	0.000
262	  F	  6.7	  0.0	0.000	0.000	0.000
263	  H	  3.5	  0.0	0.000	0.000	0.000
264	  S	  1.0	  0.2	0.140	0.000	0.000
265	  P	  0.0	  0.2	0.140	0.000	0.000
266	  A	  0.5	  0.2	0.140	0.000	0.000
267	  F	  3.6	  0.2	0.140	0.000	0.000
268	  Q	  3.6	  0.0	0.140	0.000	0.000
269	  H	  3.2	  0.0	0.140	0.000	0.000
270	  P	  0.0	  0.3	0.000	0.000	0.000
271	  P	  0.0	  0.3	0.000	0.000	0.000
272	  T	  0.2	  0.3	0.000	0.000	0.000
273	  E	  0.3	  0.3	0.000	0.000	0.000
274	  F	  1.7	  0.0	0.000	0.000	0.000
275	  I	  1.8	  0.1	0.000	0.000	0.000
276	  R	  1.7	  0.4	0.000	0.000	0.000
277	  E	  0.4	  2.3	0.000	0.000	0.000
278	  G	  0.0	  2.6	0.000	0.000	0.000
279	  D	  0.0	  4.7	0.000	0.000	0.000
280	  D	  0.0	  4.4	1.051	0.000	0.000
281	  D	  0.0	  2.6	1.051	0.000	0.000
282	  R	  0.7	  2.3	1.051	0.000	0.000
283	  T	  3.8	  0.1	1.051	0.000	0.000
284	  V	  4.3	  0.1	1.051	0.000	0.000
285	  C	  4.0	  0.1	1.500	0.000	0.000
286	  R	  1.2	  0.1	0.820	0.000	0.000
287	  E	  1.5	  0.1	0.706	0.000	0.000
288	  I	  2.1	  0.1	0.449	0.000	0.000
289	  R	  3.2	  0.1	0.449	0.000	0.000
290	  H	  2.4	  0.1	0.449	0.000	0.000
291	  N	  1.6	  0.6	0.326	0.000	0.000
292	  S	  0.4	  0.9	0.160	0.000	0.000
293	  T	  0.3	  1.2	0.320	0.000	0.000
294	  G	  0.1	  1.2	0.320	0.000	0.000
295	  C	  1.8	  0.7	0.320	0.000	0.000
296	  L	  3.4	  0.4	0.320	0.000	0.000
297	  R	  3.8	  0.0	0.320	0.000	0.000
298	  M	  2.3	  0.2	0.320	0.000	0.000
299	  K	  0.6	  0.3	0.000	0.000	0.000
300	  D	  0.4	  0.4	0.000	0.000	0.000
301	  Q	  0.6	  0.4	0.000	0.000	0.000
302	  C	  0.8	  0.3	0.154	0.000	0.000
303	  D	  0.8	  0.3	0.307	0.000	0.000
304	  K	  1.3	  0.2	0.307	0.000	0.000
305	  C	  1.3	  0.3	0.307	0.000	0.000
306	  R	  1.4	  0.2	0.307	0.000	0.000
307	  E	  0.7	  0.1	0.307	0.000	0.000
308	  I	  1.8	  0.1	0.153	0.000	0.000
309	  L	  3.5	  0.0	0.153	0.000	0.000
310	  S	  7.5	  0.5	0.000	0.000	0.000
311	  V	  8.6	  0.6	0.000	0.000	0.000
312	  D	  7.1	  0.8	0.232	0.000	0.000
313	  C	  3.1	  1.0	0.232	0.000	0.000
314	  S	  1.2	  1.0	0.232	0.000	0.000
315	  T	  0.9	  1.0	0.232	0.000	0.000
316	  N	  0.7	  0.7	0.232	0.000	0.000
317	  N	  0.2	  3.8	0.232	0.000	0.000
318	  P	  0.0	  3.3	0.000	0.000	0.000
319	  S	  0.1	  3.4	0.632	0.000	0.000
320	  Q	  0.3	  3.4	0.632	0.000	0.000
321	  A	  0.5	  0.2	0.632	0.000	0.000
322	  K	  1.2	  0.1	0.632	0.000	0.000
323	  L	  1.2	  0.1	0.632	0.000	0.000
324	  R	  1.0	  0.1	0.632	0.000	0.000
325	  R	  0.4	  0.1	0.329	0.000	0.000
326	  E	  0.9	  0.1	0.133	0.000	0.000
327	  L	  0.8	  0.1	0.133	0.000	0.000
328	  D	  0.8	  0.9	0.915	0.000	0.000
329	  E	  0.0	  0.9	1.033	0.000	0.000
330	  S	  0.7	  0.9	2.904	0.000	0.000
331	  L	  1.5	  0.8	3.071	0.000	0.000
332	  Q	  1.7	  0.0	3.705	0.000	0.000
333	  V	  1.7	  0.0	3.880	0.000	0.000
334	  A	  1.0	  0.1	4.039	0.000	0.000
335	  E	  0.8	  0.1	4.166	0.000	0.000
336	  R	  0.8	  0.1	4.002	0.000	0.000
337	  L	  0.9	  0.1	3.588	0.000	0.000
338	  T	  1.9	  0.1	3.589	0.000	0.000
339	  R	  1.8	  0.1	3.589	0.000	0.000
340	  K	  2.4	  0.1	3.078	0.000	0.000
341	  Y	  1.7	  0.1	0.444	0.000	0.000
342	  N	  1.2	  0.1	1.798	0.000	0.000
343	  E	  0.4	  0.1	1.798	0.000	0.000
344	  L	  0.3	  0.1	1.798	0.000	0.000
345	  L	  0.6	  0.3	1.798	0.000	0.000
346	  K	  0.9	  0.2	1.798	0.000	0.000
347	  S	  3.9	  0.2	1.710	0.000	0.000
348	  Y	  8.2	  0.2	0.759	0.000	0.000
349	  Q	  9.2	  0.0	0.432	0.000	0.000
350	  W	  7.0	  0.0	0.204	0.000	0.000
351	  K	  2.6	  0.0	0.204	0.000	0.000
352	  M	  1.6	  0.1	0.204	0.000	0.000
353	  L	  1.1	  0.1	0.204	0.000	0.000
354	  N	  1.1	  0.4	0.978	0.000	0.000
355	  T	  1.9	  0.5	0.774	0.000	0.000
356	  S	  1.7	  0.5	0.987	0.000	0.000
357	  S	  1.7	  0.5	1.936	0.000	0.000
358	  L	  0.4	  0.2	1.936	0.000	0.000
359	  L	  0.3	  0.1	1.936	0.000	0.000
360	  E	  0.1	  0.1	1.936	0.000	0.000
361	  Q	  0.9	  0.1	1.735	0.000	0.000
362	  L	  0.9	  0.1	1.156	0.000	0.000
363	  N	  0.9	  0.1	0.995	0.000	0.000
364	  E	  0.2	  0.1	0.513	0.000	0.000
365	  Q	  2.2	  0.1	0.313	0.157	0.157
366	  F	  5.1	  0.1	0.119	0.657	0.657
367	  N	  5.4	  0.0	0.745	0.657	0.657
368	  W	  4.4	  0.0	0.745	0.657	0.657
369	  V	  2.3	  0.0	0.745	0.657	0.657
370	  S	  1.9	  0.1	0.975	0.500	0.500
371	  R	  1.1	  0.1	0.975	0.000	0.000
372	  L	  0.3	  0.3	0.975	0.000	0.000
373	  A	  0.2	  0.3	0.847	0.000	0.000
374	  N	  0.5	  0.3	0.709	0.000	0.000
375	  L	  0.8	  0.3	0.376	0.000	0.000
376	  T	  0.7	  0.3	0.000	0.000	0.000
377	  Q	  0.4	  0.4	0.000	0.000	0.000
378	  G	  0.1	  0.8	0.000	0.000	0.000
379	  E	  0.1	  0.8	0.000	0.000	0.000
380	  D	  0.7	  0.5	0.122	0.000	0.000
381	  Q	  3.7	  0.4	0.122	0.000	0.000
382	  Y	  4.7	  0.0	0.122	0.000	0.000
383	  Y	  5.1	  0.0	0.122	0.000	0.000
384	  L	  4.1	  0.0	0.122	0.000	0.000
385	  R	  5.1	  0.0	0.122	0.000	0.000
386	  V	  5.8	  0.0	0.000	0.976	0.976
387	  T	  5.9	  0.0	0.000	0.976	0.976
388	  T	  7.6	  0.0	0.000	0.976	0.976
389	  V	  8.1	  0.0	0.000	0.976	0.976
390	  A	  6.4	  0.0	0.000	0.976	0.976
391	  S	  3.7	  0.1	0.000	0.000	0.000
392	  H	  2.2	  0.2	0.000	0.000	0.000
393	  T	  1.9	  0.4	0.000	0.000	0.000
394	  S	  0.8	  1.1	0.000	0.000	0.000
395	  D	  0.1	  2.5	0.000	0.000	0.000
396	  S	  0.1	  2.4	0.000	0.000	0.000
397	  D	  0.1	  2.1	0.000	0.000	0.000
398	  V	  0.1	  2.0	0.000	0.000	0.000
399	  P	  0.1	  0.8	0.000	0.000	0.000
400	  S	  0.0	  0.9	0.000	0.295	0.295
401	  G	  0.1	  0.9	0.000	2.991	2.991
402	  V	  0.8	  0.3	0.000	32.935	32.935
403	  T	  1.1	  0.0	0.496	35.479	35.479
404	  E	  1.5	  0.0	0.496	39.771	39.771
405	  V	 12.6	  0.0	0.496	40.790	40.790
406	  V	 14.7	  0.0	0.496	40.867	40.867
407	  V	 20.5	  0.0	0.496	40.867	40.867
408	  K	  9.2	  0.0	0.496	40.867	40.867
409	  L	  6.9	  0.0	0.375	39.431	39.431
410	  F	  1.4	  0.1	0.375	36.563	36.563
411	  D	  1.2	  0.1	0.000	1.096	1.096
412	  S	  0.9	  0.1	0.000	0.112	0.112
413	  D	  0.0	  0.1	0.000	0.000	0.000
414	  P	  0.0	  0.0	0.000	0.000	0.000
415	  I	 13.9	  0.0	0.000	0.000	0.000
416	  T	 22.7	  0.0	0.000	0.000	0.000
417	  V	 41.4	  0.0	0.000	0.000	0.000
418	  T	 29.0	  0.0	0.000	0.000	0.000
419	  V	 20.7	  0.0	0.000	0.000	0.000
420	  P	  0.5	  0.0	0.000	0.000	0.000
421	  V	 14.8	  0.0	0.077	0.000	0.000
422	  E	 17.2	  0.0	0.210	0.000	0.000
423	  V	 17.9	  0.0	0.210	0.000	0.000
424	  S	  4.2	  0.1	0.210	0.000	0.000
425	  R	  1.6	  0.1	0.210	0.000	0.000
426	  K	  0.8	  0.1	0.210	0.000	0.000
427	  N	  0.7	  0.3	0.210	0.000	0.000
428	  P	  0.0	  0.2	0.000	0.000	0.000
429	  K	  0.2	  0.2	0.000	0.000	0.000
430	  F	  0.9	  0.2	0.000	0.000	0.000
431	  M	  1.0	  0.1	0.000	0.000	0.000
432	  E	  0.8	  0.1	0.000	0.000	0.000
433	  T	  3.8	  0.1	8.414	0.000	0.000
434	  V	  4.4	  0.1	8.674	0.000	0.000
435	  A	  4.4	  0.1	9.784	0.000	0.000
436	  E	  0.8	  0.1	10.082	0.000	0.000
437	  K	  0.2	  0.1	10.202	0.000	0.000
438	  A	  0.4	  0.1	10.328	0.000	0.000
439	  L	  0.3	  0.1	9.802	0.000	0.000
440	  Q	  0.5	  0.1	9.638	0.000	0.000
441	  E	  1.0	  0.1	9.344	0.000	0.000
442	  Y	  2.3	  0.1	8.450	0.000	0.000
443	  R	  2.0	  0.1	6.610	0.000	0.000
444	  K	  1.4	  0.1	5.455	0.000	0.000
445	  K	  0.3	  0.1	4.337	0.000	0.000
446	  H	  0.4	  0.2	3.093	0.000	0.000
447	  R	  0.4	  0.1	0.344	0.000	0.000
448	  E	  0.2	  0.1	0.168	0.000	0.000
449	  E	  0.0	  0.1	0.000	0.000	0.000
