res	aa	Beta	Turn	Helix	Aggregation	Conc-Stab_Aggregation
01	  M	  0.1	  0.0	0.000	0.000	0.000
02	  G	  0.1	  0.0	0.000	0.000	0.000
03	  R	  0.1	  0.0	0.000	0.000	0.000
04	  P	  0.0	  0.0	0.000	0.000	0.000
05	  R	  0.0	  0.2	0.000	0.000	0.000
06	  P	  0.0	  0.2	0.000	0.000	0.000
07	  R	  0.1	  0.2	0.000	0.000	0.000
08	  A	  0.1	  0.2	0.000	0.000	0.000
09	  A	  0.2	  0.0	0.122	0.000	0.000
10	  K	  0.7	  0.0	0.122	0.000	0.000
11	  T	  3.1	  0.0	1.688	21.336	21.336
12	  W	  3.5	  0.0	2.315	57.031	57.031
13	  M	  3.9	  0.0	2.315	80.088	80.088
14	  F	  2.1	  0.0	2.809	97.537	97.537
15	  L	  2.5	  0.0	2.809	97.730	97.730
16	  L	  2.6	  0.0	2.809	97.647	97.647
17	  L	  1.9	  0.0	2.809	96.260	96.260
18	  L	  1.0	  0.5	2.809	85.539	85.539
19	  G	  0.1	  0.5	2.667	11.937	11.937
20	  G	  0.0	  0.5	1.838	5.201	5.201
21	  A	  0.1	  0.5	0.000	4.595	4.595
22	  W	  0.2	  0.5	0.000	4.082	4.082
23	  A	  0.2	  0.6	0.000	1.957	1.957
24	  G	  0.1	  0.6	0.000	0.159	0.159
25	  H	  0.1	  0.8	0.000	0.000	0.000
26	  S	  0.2	  0.3	0.259	0.000	0.000
27	  R	  0.3	  0.2	0.259	0.000	0.000
28	  A	  0.2	  0.2	0.259	0.000	0.000
29	  Q	  0.2	  0.3	0.259	0.000	0.000
30	  E	  0.1	  0.3	0.259	0.000	0.000
31	  D	  0.2	  0.3	0.447	0.000	0.000
32	  K	  1.1	  0.3	0.315	0.000	0.000
33	  V	  1.6	  0.0	0.188	0.000	0.000
34	  L	  1.6	  1.0	0.188	0.000	0.000
35	  G	  0.6	  1.1	0.188	0.000	0.000
36	  G	  0.0	  1.1	0.188	0.000	0.000
37	  H	  0.5	  1.2	0.000	0.000	0.000
38	  E	  1.6	  0.2	0.000	0.000	0.000
39	  C	  1.8	  0.1	0.000	0.000	0.000
40	  Q	  1.3	  0.2	0.000	0.000	0.000
41	  P	  0.2	  0.2	0.000	0.000	0.000
42	  H	  0.3	  0.2	0.000	0.000	0.000
43	  S	  0.3	  0.2	0.000	0.000	0.000
44	  Q	  0.3	  0.0	0.000	0.000	0.000
45	  P	  0.1	  0.0	0.000	0.000	0.000
46	  W	  1.5	  0.0	0.310	0.485	0.485
47	  Q	  1.6	  0.0	0.310	0.485	0.485
48	  A	  1.7	  0.0	0.310	0.485	0.485
49	  A	  0.4	  0.0	0.310	0.485	0.485
50	  L	  0.6	  0.0	0.310	0.485	0.485
51	  F	  0.9	  0.4	0.310	0.485	0.485
52	  Q	  0.7	  0.4	0.130	0.000	0.000
53	  G	  0.5	  0.5	0.000	0.000	0.000
54	  Q	  0.4	  0.5	0.000	0.000	0.000
55	  Q	  0.9	  0.1	0.000	0.000	0.000
56	  L	  2.2	  0.1	0.000	3.819	3.819
57	  L	  2.0	  0.0	0.000	4.273	4.273
58	  C	  1.5	  1.7	0.000	4.273	4.273
59	  G	  0.2	  1.7	0.000	4.570	4.570
60	  G	  0.1	  1.7	0.000	5.461	5.461
61	  V	  6.7	  1.7	0.000	13.417	13.417
62	  L	  6.8	  0.0	0.000	14.024	14.024
63	  V	  6.9	  0.5	0.000	13.866	13.866
64	  G	  0.3	  0.5	0.000	11.370	11.370
65	  G	  0.1	  0.5	0.000	10.910	10.910
66	  N	  0.5	  0.5	0.000	11.352	11.352
67	  W	  1.5	  0.0	0.000	22.701	22.701
68	  V	  3.2	  0.0	0.000	23.899	23.899
69	  L	  3.5	  0.0	0.000	23.262	23.262
70	  T	  2.8	  0.0	0.734	19.188	19.188
71	  A	  1.2	  0.1	0.734	16.542	16.542
72	  A	  0.6	  0.2	0.734	8.013	8.013
73	  H	  0.8	  0.1	0.734	0.118	0.118
74	  C	  1.4	  0.1	0.734	0.118	0.118
75	  K	  1.2	  0.0	0.734	0.000	0.000
76	  K	  0.7	  0.1	0.344	0.000	0.000
77	  P	  0.0	  0.1	0.000	0.000	0.000
78	  K	  2.8	  0.1	0.000	0.000	0.000
79	  Y	 12.8	  0.1	0.000	0.000	0.000
80	  T	 19.7	  0.0	0.000	0.000	0.000
81	  V	 20.2	  0.0	0.000	0.000	0.000
82	  R	 10.6	  0.0	0.000	0.000	0.000
83	  L	  3.5	  1.0	0.000	0.000	0.000
84	  G	  0.1	  1.1	0.000	0.000	0.000
85	  D	  0.0	  1.2	0.000	0.000	0.000
86	  H	  0.2	  1.3	0.000	0.000	0.000
87	  S	  0.8	  0.3	0.000	0.000	0.000
88	  L	  1.0	  0.4	0.000	0.000	0.000
89	  Q	  1.0	  0.2	0.000	0.000	0.000
90	  N	  0.4	  7.6	0.000	0.000	0.000
91	  K	  0.1	  7.6	0.000	0.000	0.000
92	  D	  0.0	  7.5	0.000	0.000	0.000
93	  G	  0.0	  7.7	0.000	0.000	0.000
94	  P	  0.0	  0.3	0.000	0.000	0.000
95	  E	  0.0	  0.4	0.000	0.000	0.000
96	  Q	  0.2	  0.3	0.000	0.000	0.000
97	  E	  0.3	  0.1	0.000	0.000	0.000
98	  I	  0.3	  0.0	0.000	0.000	0.000
99	  P	  0.2	  0.0	0.000	0.000	0.000
100	  V	  4.3	  0.0	0.000	0.000	0.000
101	  V	  5.4	  0.0	0.000	0.000	0.000
102	  Q	  5.6	  0.0	0.000	0.000	0.000
103	  S	  1.6	  0.0	0.000	0.000	0.000
104	  I	  0.3	  0.0	0.000	0.000	0.000
105	  P	  0.1	  0.0	0.000	0.000	0.000
106	  H	  0.0	  0.3	0.000	0.000	0.000
107	  P	  0.0	  0.3	0.000	0.000	0.000
108	  C	  3.3	  0.3	0.000	0.000	0.000
109	  Y	  4.6	  0.3	0.000	0.000	0.000
110	  N	  4.7	  1.4	0.000	0.000	0.000
111	  S	  1.5	  2.9	0.000	0.000	0.000
112	  S	  0.2	  2.9	0.000	0.000	0.000
113	  D	  2.5	  2.8	0.000	0.000	0.000
114	  V	  3.3	  1.6	0.000	0.000	0.000
115	  E	  3.4	  0.2	0.000	0.000	0.000
116	  D	  1.0	  0.8	0.000	0.000	0.000
117	  H	  0.3	  0.9	0.000	0.000	0.000
118	  N	  0.2	  1.0	0.331	0.000	0.000
119	  H	  0.3	  1.0	0.628	0.000	0.000
120	  D	  0.2	  0.4	4.094	0.000	0.000
121	  L	  1.2	  0.3	4.094	3.825	3.825
122	  M	  2.2	  0.1	4.335	4.238	4.238
123	  L	  2.3	  0.0	4.335	4.238	4.238
124	  L	  2.8	  0.0	4.335	4.238	4.238
125	  Q	  2.5	  0.0	4.335	4.238	4.238
126	  L	  2.5	  0.2	2.581	3.226	3.226
127	  R	  1.0	  0.2	2.187	0.000	0.000
128	  D	  0.3	  0.2	1.175	0.000	0.000
129	  Q	  0.3	  0.2	0.837	0.000	0.000
130	  A	  0.7	  0.2	0.559	0.000	0.000
131	  S	  0.8	  0.4	0.745	0.000	0.000
132	  L	  0.6	  0.6	0.558	0.000	0.000
133	  G	  0.2	  0.6	0.558	0.000	0.000
134	  S	  0.4	  0.5	0.391	0.000	0.000
135	  K	  8.7	  0.3	0.186	0.000	0.000
136	  V	  9.3	  0.1	0.186	0.000	0.000
137	  K	  9.0	  0.0	0.186	0.000	0.000
138	  P	  0.6	  0.0	0.000	0.000	0.000
139	  I	  3.5	  0.0	0.000	0.000	0.000
140	  S	  3.6	  0.0	0.000	0.000	0.000
141	  L	  3.7	  0.3	0.000	0.000	0.000
142	  A	  0.2	  0.4	0.000	0.000	0.000
143	  D	  0.1	  0.4	0.000	0.000	0.000
144	  H	  1.1	  0.4	0.000	0.000	0.000
145	  C	  8.8	  0.1	0.000	0.000	0.000
146	  T	  8.9	  0.0	0.000	0.000	0.000
147	  Q	  7.9	  1.4	0.000	0.000	0.000
148	  P	  0.2	  1.5	0.000	0.000	0.000
149	  G	  0.0	  1.5	0.000	0.000	0.000
150	  Q	  0.3	  1.5	0.000	0.000	0.000
151	  K	  2.7	  0.1	0.000	0.000	0.000
152	  C	  7.6	  0.1	0.000	0.000	0.000
153	  T	 24.2	  0.0	0.000	0.000	0.000
154	  V	 22.4	  0.2	0.000	0.000	0.000
155	  S	 17.9	  0.2	0.000	0.000	0.000
156	  G	  0.7	  0.3	0.000	0.000	0.000
157	  W	  0.1	  0.4	0.000	0.000	0.000
158	  G	  0.1	  0.2	0.000	0.000	0.000
159	  T	 11.3	  0.2	0.000	0.000	0.000
160	  V	 15.8	  0.1	0.000	0.000	0.000
161	  T	 15.9	  0.0	0.000	0.000	0.000
162	  S	  5.1	  0.2	0.425	0.000	0.000
163	  P	  0.1	  0.3	0.425	0.000	0.000
164	  R	  0.1	  0.6	0.425	0.000	0.000
165	  E	  0.2	  0.6	0.425	0.000	0.000
166	  N	  0.3	  0.3	0.425	0.000	0.000
167	  F	  0.2	  1.0	0.425	0.000	0.000
168	  P	  0.1	  0.8	0.000	0.000	0.000
169	  D	  0.0	  0.8	0.000	0.000	0.000
170	  T	  1.9	  1.0	0.000	0.000	0.000
171	  L	  4.8	  0.3	0.000	0.000	0.000
172	  N	  4.9	  0.2	0.973	0.000	0.000
173	  C	  3.4	  0.3	1.101	0.000	0.000
174	  A	  0.6	  0.1	1.101	0.000	0.000
175	  E	 14.0	  0.1	1.101	0.000	0.000
176	  V	 20.2	  0.1	1.101	0.000	0.000
177	  K	 20.6	  0.0	1.101	0.000	0.000
178	  I	  8.0	  0.0	0.528	0.000	0.000
179	  F	  0.7	  0.2	0.528	0.000	0.000
180	  P	  0.1	  0.2	0.198	0.000	0.000
181	  Q	  0.2	  0.3	0.198	0.000	0.000
182	  K	  0.3	  0.3	0.198	0.000	0.000
183	  K	  4.8	  0.1	0.346	0.000	0.000
184	  C	  5.2	  0.7	0.346	0.000	0.000
185	  E	  5.0	  0.7	0.346	0.000	0.000
186	  D	  0.8	  0.7	0.346	0.000	0.000
187	  A	  0.2	  0.7	0.346	0.000	0.000
188	  Y	  0.2	  2.1	0.346	0.000	0.000
189	  P	  0.0	  2.1	0.000	0.000	0.000
190	  G	  0.0	  2.1	0.000	0.000	0.000
191	  Q	  2.1	  2.1	0.000	0.000	0.000
192	  I	  2.6	  0.1	0.000	0.000	0.000
193	  T	  2.5	  0.4	0.000	0.000	0.000
194	  D	  0.5	  0.4	0.000	0.000	0.000
195	  G	  0.0	  0.4	0.000	0.000	0.000
196	  M	  1.7	  0.3	0.000	0.000	0.000
197	  V	  2.4	  0.0	0.000	0.000	0.000
198	  C	  2.6	  1.0	0.000	0.000	0.000
199	  A	  1.0	  1.5	0.000	0.000	0.000
200	  G	  0.2	  1.7	0.000	0.000	0.000
201	  S	  0.2	  2.0	0.000	0.000	0.000
202	  S	  0.2	  1.6	0.000	0.000	0.000
203	  K	  0.2	  1.2	0.000	0.000	0.000
204	  G	  0.1	  1.4	0.000	0.000	0.000
205	  A	  0.0	  1.2	0.000	0.000	0.000
206	  D	  0.4	  0.6	0.000	0.000	0.000
207	  T	  6.5	  0.5	0.000	0.000	0.000
208	  C	  6.6	  0.6	0.000	0.000	0.000
209	  Q	  6.2	  1.4	0.000	0.000	0.000
210	  G	  0.1	  1.7	0.000	0.000	0.000
211	  D	  0.0	  2.2	0.000	0.000	0.000
212	  S	  0.0	  1.7	0.000	0.000	0.000
213	  G	  0.0	  0.9	0.000	0.000	0.000
214	  G	  0.0	  0.7	0.000	0.000	0.000
215	  P	  0.0	  0.2	0.000	0.000	0.000
216	  L	  1.4	  0.2	0.000	0.000	0.000
217	  V	  2.1	  0.3	0.000	0.000	0.000
218	  C	  2.2	  0.6	0.209	0.000	0.000
219	  D	  0.8	  0.7	0.209	0.000	0.000
220	  G	  0.1	  0.7	0.209	0.000	0.000
221	  A	  0.2	  0.6	0.209	0.000	0.000
222	  L	  0.3	  0.2	0.209	0.000	0.000
223	  Q	  0.3	  0.2	0.209	0.000	0.000
224	  G	  0.4	  0.2	0.209	0.000	0.000
225	  I	  3.0	  0.2	0.000	0.000	0.000
226	  T	  4.3	  0.2	0.000	0.000	0.000
227	  S	  4.5	  0.5	0.000	0.000	0.000
228	  W	  2.0	  0.9	0.000	0.000	0.000
229	  G	  0.6	  0.9	0.000	0.000	0.000
230	  S	  0.1	  0.7	0.000	0.000	0.000
231	  D	  0.0	  1.5	0.000	0.000	0.000
232	  P	  0.0	  1.1	0.000	0.000	0.000
233	  C	  0.2	  1.3	0.000	0.000	0.000
234	  G	  0.2	  1.5	0.000	0.000	0.000
235	  R	  0.3	  0.9	0.000	0.000	0.000
236	  S	  0.2	  0.9	0.000	0.000	0.000
237	  D	  0.2	  0.7	0.000	0.000	0.000
238	  K	  0.0	  1.4	0.000	0.000	0.000
239	  P	  0.0	  0.9	0.000	0.000	0.000
240	  G	  0.0	  0.9	0.000	0.000	0.000
241	  V	  2.9	  0.9	0.000	0.260	0.260
242	  Y	  4.9	  0.1	0.000	0.260	0.260
243	  T	  5.2	  0.1	1.165	0.260	0.260
244	  N	  3.1	  0.1	2.325	0.260	0.260
245	  I	  2.0	  0.1	2.325	0.260	0.260
246	  C	  2.3	  0.0	3.143	0.000	0.000
247	  R	  2.2	  0.0	3.143	0.000	0.000
248	  Y	  2.2	  0.0	3.143	0.000	0.000
249	  L	  2.5	  0.0	2.958	0.000	0.000
250	  D	  2.2	  0.0	4.002	0.000	0.000
251	  W	  2.0	  0.0	4.002	0.000	0.000
252	  I	  1.4	  0.0	4.002	0.000	0.000
253	  K	  1.3	  0.0	4.002	0.000	0.000
254	  K	  2.1	  0.0	2.975	0.000	0.000
255	  I	  3.7	  0.0	2.067	0.000	0.000
256	  I	  3.6	  0.5	2.067	0.000	0.000
257	  G	  2.1	  0.8	2.067	0.000	0.000
258	  S	  0.2	  0.8	1.222	0.000	0.000
259	  K	  0.1	  0.8	0.123	0.000	0.000
260	  G	  0.1	  0.2	0.000	0.000	0.000
