res	aa	Beta	Turn	Helix	Aggregation	Conc-Stab_Aggregation
01	  M	  0.8	  0.0	0.000	0.000	0.000
02	  A	  0.9	  0.0	0.000	0.000	0.000
03	  L	  0.9	  0.2	0.000	0.000	0.000
04	  P	  0.0	  0.2	0.000	0.000	0.000
05	  T	  1.8	  0.2	0.000	0.000	0.000
06	  A	  1.8	  0.2	0.000	0.000	0.000
07	  R	  1.8	  0.1	0.000	0.000	0.000
08	  P	  0.0	  0.1	0.000	0.000	0.000
09	  L	  0.1	  0.1	0.000	0.000	0.000
10	  L	  0.1	  0.4	0.000	0.000	0.000
11	  G	  0.2	  0.4	0.000	0.000	0.000
12	  S	  1.4	  0.4	0.000	0.000	0.000
13	  C	  1.4	  0.4	0.000	0.000	0.000
14	  G	  1.3	  0.2	0.000	0.000	0.000
15	  T	  0.1	  0.0	0.211	0.000	0.000
16	  P	  0.0	  0.2	0.211	0.043	0.043
17	  A	  0.1	  0.3	0.616	3.584	3.584
18	  L	  0.1	  0.7	0.616	7.771	7.771
19	  G	  0.1	  0.7	1.576	8.538	8.538
20	  S	  0.2	  0.6	4.238	17.054	17.054
21	  L	  0.7	  0.4	4.027	85.511	85.511
22	  L	  1.4	  0.1	4.027	97.850	97.850
23	  F	  2.0	  0.0	4.027	99.665	99.665
24	  L	  2.0	  0.0	4.027	99.804	99.804
25	  L	  1.9	  0.0	4.027	99.777	99.777
26	  F	  4.2	  0.1	3.902	98.430	98.430
27	  S	  3.8	  0.3	2.718	79.446	79.446
28	  L	  3.3	  0.3	1.461	77.035	77.035
29	  G	  0.2	  0.3	1.299	63.850	63.850
30	  W	  1.8	  0.2	0.255	62.663	62.663
31	  V	  2.1	  0.0	0.000	57.757	57.757
32	  Q	  2.1	  0.3	0.000	0.021	0.021
33	  P	  0.4	  0.4	0.000	0.006	0.006
34	  S	  0.3	  0.5	0.000	0.000	0.000
35	  R	  0.6	  0.5	0.000	0.000	0.000
36	  T	  1.1	  0.2	0.000	0.000	0.000
37	  L	  0.8	  0.4	0.000	0.000	0.000
38	  A	  0.5	  0.6	0.000	0.000	0.000
39	  G	  0.1	  1.0	0.000	0.000	0.000
40	  E	  0.0	  1.1	0.000	0.000	0.000
41	  T	  0.1	  0.8	0.000	0.000	0.000
42	  G	  0.1	  0.6	0.000	0.000	0.000
43	  Q	  0.1	  0.2	0.000	0.000	0.000
44	  E	  0.2	  0.1	0.000	0.000	0.000
45	  A	  0.2	  0.1	0.000	0.000	0.000
46	  A	  0.2	  0.2	0.000	0.000	0.000
47	  P	  0.0	  0.6	0.157	0.000	0.000
48	  L	  0.1	  1.2	0.157	0.000	0.000
49	  D	  0.1	  1.2	0.934	0.000	0.000
50	  G	  0.1	  1.1	0.934	0.000	0.000
51	  V	  1.2	  0.6	0.934	0.000	0.000
52	  L	  1.3	  0.0	0.934	0.000	0.000
53	  A	  1.3	  0.0	0.934	0.000	0.000
54	  N	  0.1	  0.0	0.934	0.000	0.000
55	  P	  0.0	  0.7	0.000	0.000	0.000
56	  P	  0.0	  0.7	0.000	0.000	0.000
57	  N	  1.2	  0.9	0.000	0.000	0.000
58	  I	  1.8	  0.9	0.000	0.000	0.000
59	  S	  1.8	  0.3	0.000	0.000	0.000
60	  S	 10.2	  0.3	0.000	0.000	0.000
61	  L	  9.7	  0.1	0.000	0.000	0.000
62	  S	  9.6	  0.3	2.335	0.000	0.000
63	  P	  0.1	  0.3	2.335	0.000	0.000
64	  R	  0.7	  0.3	2.335	0.000	0.000
65	  Q	  1.3	  0.3	2.335	0.000	0.000
66	  L	  1.4	  0.3	2.335	0.000	0.000
67	  L	  0.8	  0.2	2.335	0.000	0.000
68	  G	  0.2	  0.2	2.118	0.000	0.000
69	  F	  0.1	  0.3	1.204	0.000	0.000
70	  P	  0.0	  0.1	0.000	0.000	0.000
71	  C	  0.4	  0.3	0.000	0.000	0.000
72	  A	  0.6	  0.3	0.000	0.000	0.000
73	  E	  3.7	  0.2	0.000	0.000	0.000
74	  V	  3.9	  0.2	0.000	0.000	0.000
75	  S	  3.7	  0.2	0.000	0.000	0.000
76	  G	  0.6	  0.2	0.522	0.000	0.000
77	  L	  0.2	  0.2	0.522	0.000	0.000
78	  S	  0.4	  0.2	6.327	0.000	0.000
79	  T	  0.5	  0.1	13.631	0.000	0.000
80	  E	  0.4	  0.1	15.367	0.000	0.000
81	  R	  1.6	  0.1	15.986	0.000	0.000
82	  V	  1.8	  0.1	16.114	0.214	0.214
83	  R	  1.8	  0.1	16.642	0.214	0.214
84	  E	  0.5	  0.1	17.278	0.214	0.214
85	  L	  0.4	  0.1	17.172	30.318	30.318
86	  A	  0.7	  0.0	17.096	33.991	33.991
87	  V	  3.5	  0.0	16.661	33.991	33.991
88	  A	  3.3	  0.0	16.550	33.991	33.991
89	  L	  3.0	  0.0	16.043	33.991	33.991
90	  A	  0.2	  0.0	15.580	10.986	10.986
91	  Q	  0.2	  0.1	13.297	0.414	0.414
92	  K	  0.4	  0.1	6.062	0.000	0.000
93	  N	  2.4	  0.1	1.467	0.000	0.000
94	  V	  8.4	  0.1	0.308	0.000	0.000
95	  K	  8.5	  0.0	0.308	0.000	0.000
96	  L	  6.8	  0.1	0.000	0.000	0.000
97	  S	  0.8	  0.1	5.437	0.000	0.000
98	  T	  0.4	  0.1	9.023	0.000	0.000
99	  E	  0.3	  0.1	9.249	0.000	0.000
100	  Q	  0.9	  0.1	9.385	0.000	0.000
101	  L	  3.7	  0.1	9.385	0.000	0.000
102	  R	  4.8	  0.0	9.385	0.000	0.000
103	  C	  6.1	  0.0	9.162	0.000	0.000
104	  L	  3.3	  0.0	8.246	0.000	0.000
105	  A	  2.4	  0.0	7.783	0.000	0.000
106	  H	  0.8	  0.1	6.595	0.000	0.000
107	  R	  1.1	  0.1	1.715	0.000	0.000
108	  L	  1.0	  0.1	1.061	0.000	0.000
109	  S	  0.5	  0.1	0.765	0.000	0.000
110	  E	  0.1	  0.0	0.345	0.000	0.000
111	  P	  0.0	  0.3	0.000	0.000	0.000
112	  P	  0.0	  0.7	0.000	0.000	0.000
113	  E	  0.0	  0.7	0.000	0.000	0.000
114	  D	  0.2	  2.2	0.000	0.000	0.000
115	  L	  0.4	  1.9	0.000	0.000	0.000
116	  D	  0.4	  1.6	0.115	0.000	0.000
117	  A	  0.2	  1.5	0.115	0.000	0.000
118	  L	  0.1	  0.1	0.538	0.000	0.000
119	  P	  0.1	  0.3	5.052	0.000	0.000
120	  L	  1.0	  0.3	5.052	0.000	0.000
121	  D	  1.0	  0.3	6.499	0.000	0.000
122	  L	  1.9	  0.2	6.499	68.180	68.180
123	  L	  1.4	  0.0	6.499	68.180	68.180
124	  L	  2.0	  0.0	6.499	68.180	68.180
125	  F	  2.8	  0.0	6.294	68.180	68.180
126	  L	  2.4	  0.0	5.143	68.180	68.180
127	  N	  1.7	  7.9	4.504	0.000	0.000
128	  P	  0.1	  8.0	0.000	0.000	0.000
129	  D	  0.1	  8.0	0.000	0.000	0.000
130	  A	  0.6	  8.0	0.000	0.000	0.000
131	  F	  1.9	  0.0	0.000	0.000	0.000
132	  S	  1.8	  0.1	0.000	0.000	0.000
133	  G	  1.3	  0.4	0.000	0.000	0.000
134	  P	  0.0	  0.4	0.000	0.000	0.000
135	  Q	  0.1	  0.4	0.000	0.000	0.000
136	  A	  0.3	  0.4	0.000	0.000	0.000
137	  C	  1.8	  0.1	0.000	0.000	0.000
138	  T	  2.5	  0.0	0.000	0.000	0.000
139	  R	  3.6	  0.0	0.000	0.000	0.000
140	  F	  4.2	  0.0	0.000	0.000	0.000
141	  F	  4.9	  0.1	0.000	0.000	0.000
142	  S	  4.0	  0.1	0.887	0.000	0.000
143	  R	  8.0	  0.1	0.887	0.000	0.000
144	  I	  8.7	  0.1	0.887	0.000	0.000
145	  T	  8.8	  0.0	0.887	0.000	0.000
146	  K	  2.9	  0.2	0.887	0.000	0.000
147	  A	  0.7	  0.2	0.887	0.000	0.000
148	  N	  1.5	  0.4	0.217	0.000	0.000
149	  V	  3.8	  0.4	0.000	0.000	0.000
150	  D	  3.7	  0.2	0.000	0.000	0.000
151	  L	  2.5	  0.2	0.000	0.000	0.000
152	  L	  0.1	  0.5	0.000	0.000	0.000
153	  P	  0.1	  0.7	0.000	0.000	0.000
154	  R	  0.1	  0.7	0.000	0.000	0.000
155	  G	  0.1	  0.7	0.000	0.000	0.000
156	  A	  0.1	  0.4	0.000	0.000	0.000
157	  P	  0.0	  0.3	0.149	0.000	0.000
158	  E	  0.4	  0.3	0.304	0.000	0.000
159	  R	  0.8	  0.3	0.304	0.000	0.000
160	  Q	  1.1	  0.2	0.304	0.000	0.000
161	  R	  1.7	  0.1	0.304	0.000	0.000
162	  L	  1.3	  0.1	0.304	0.000	0.000
163	  L	  1.0	  0.0	0.639	0.000	0.000
164	  P	  0.1	  0.0	1.248	0.000	0.000
165	  A	  0.1	  0.0	1.248	1.017	1.017
166	  A	  0.2	  0.0	1.248	2.223	2.223
167	  L	  0.5	  0.0	1.248	2.621	2.621
168	  A	  0.6	  0.0	1.248	2.621	2.621
169	  C	  1.1	  0.3	1.248	2.621	2.621
170	  W	  0.9	  0.3	0.610	2.621	2.621
171	  G	  0.8	  0.3	0.446	1.016	1.016
172	  V	  1.0	  0.4	0.000	1.016	1.016
173	  R	  0.9	  0.2	0.000	0.000	0.000
174	  G	  0.8	  0.3	0.000	0.000	0.000
175	  S	  0.2	  0.3	0.000	0.000	0.000
176	  L	  0.6	  0.2	0.000	0.000	0.000
177	  L	  0.7	  0.1	0.000	0.000	0.000
178	  S	  0.5	  0.1	7.799	0.000	0.000
179	  E	  0.1	  0.3	7.799	0.000	0.000
180	  A	  0.2	  0.3	7.799	0.000	0.000
181	  D	  1.9	  0.2	9.168	0.000	0.000
182	  V	  3.0	  0.2	9.168	0.000	0.000
183	  R	  3.0	  0.1	9.168	0.000	0.000
184	  A	  1.4	  0.1	8.430	0.000	0.000
185	  L	  0.2	  0.6	7.870	0.000	0.000
186	  G	  0.1	  0.6	6.342	0.000	0.000
187	  G	  0.1	  0.5	3.441	0.000	0.000
188	  L	  0.4	  0.5	0.546	0.000	0.000
189	  A	  0.4	  0.0	0.000	0.000	0.000
190	  C	  1.4	  0.0	0.000	0.000	0.000
191	  D	  1.1	  0.0	0.000	0.000	0.000
192	  L	  1.1	  1.5	0.000	0.000	0.000
193	  P	  0.0	  1.7	0.000	0.000	0.000
194	  G	  0.0	  1.7	0.000	0.000	0.000
195	  R	  0.9	  1.7	0.000	0.000	0.000
196	  F	  3.6	  0.2	0.000	0.000	0.000
197	  V	  4.3	  0.0	0.000	0.000	0.000
198	  A	  3.4	  0.1	0.000	0.000	0.000
199	  E	  0.8	  0.1	0.000	0.000	0.000
200	  S	  0.5	  0.1	0.123	0.000	0.000
201	  A	  0.6	  0.2	0.123	0.000	0.000
202	  E	  1.1	  0.0	0.123	0.000	0.000
203	  V	  8.6	  0.0	0.123	0.000	0.000
204	  L	  8.5	  0.0	0.123	0.000	0.000
205	  L	  8.0	  0.1	0.123	0.000	0.000
206	  P	  0.1	  0.2	0.000	0.000	0.000
207	  R	  0.5	  0.2	0.000	0.000	0.000
208	  L	  1.3	  0.2	0.000	0.000	0.000
209	  V	 12.8	  0.0	0.000	0.000	0.000
210	  S	 12.6	  0.0	0.000	0.000	0.000
211	  C	 11.9	  0.0	0.000	0.000	0.000
212	  P	  0.4	  0.0	0.000	0.000	0.000
213	  G	  0.0	  0.2	0.000	0.000	0.000
214	  P	  0.0	  0.2	0.000	0.000	0.000
215	  L	  0.1	  0.3	0.000	0.000	0.000
216	  D	  0.2	  2.2	1.188	0.000	0.000
217	  Q	  0.3	  2.1	1.335	0.000	0.000
218	  D	  0.3	  2.2	7.562	0.000	0.000
219	  Q	  0.5	  2.2	8.810	0.000	0.000
220	  Q	  0.4	  0.2	10.843	0.000	0.000
221	  E	  0.3	  0.2	12.385	0.000	0.000
222	  A	  0.1	  0.1	12.731	0.000	0.000
223	  A	  0.2	  0.0	12.971	0.000	0.000
224	  R	  0.2	  0.0	12.765	0.000	0.000
225	  A	  0.2	  0.0	11.905	0.000	0.000
226	  A	  0.4	  0.0	10.934	0.000	0.000
227	  L	  0.3	  0.1	9.408	0.000	0.000
228	  Q	  0.2	  0.2	7.058	0.000	0.000
229	  G	  0.0	  0.2	2.526	0.000	0.000
230	  G	  0.0	  0.2	0.810	0.000	0.000
231	  G	  0.0	  0.1	0.131	0.000	0.000
232	  P	  0.0	  0.6	0.000	0.000	0.000
233	  P	  0.0	  0.6	0.000	0.000	0.000
234	  Y	  0.0	  0.6	0.000	0.000	0.000
235	  G	  0.0	  0.6	0.000	0.000	0.000
236	  P	  0.0	  0.3	0.000	0.000	0.000
237	  P	  0.0	  0.3	0.000	0.000	0.000
238	  S	  0.4	  0.3	0.000	0.000	0.000
239	  T	 21.9	  0.3	0.000	0.000	0.000
240	  W	 24.2	  0.0	0.000	0.000	0.000
241	  S	 31.6	  0.1	0.992	0.000	0.000
242	  V	 12.1	  0.1	0.992	0.000	0.000
243	  S	  8.9	  0.1	2.916	0.000	0.000
244	  T	  2.2	  0.2	4.017	0.000	0.000
245	  M	  1.7	  0.2	4.017	0.000	0.000
246	  D	  1.6	  0.3	4.741	0.000	0.000
247	  A	  0.5	  0.3	4.741	0.000	0.000
248	  L	  0.5	  0.2	4.741	0.000	0.000
249	  R	  0.5	  0.2	4.326	0.000	0.000
250	  G	  0.3	  0.1	3.337	0.000	0.000
251	  L	  0.2	  0.1	2.194	0.000	0.000
252	  L	  0.1	  0.0	0.995	0.000	0.000
253	  P	  0.1	  0.0	0.000	0.000	0.000
254	  V	  0.6	  0.0	0.000	0.000	0.000
255	  L	  0.6	  0.0	0.000	0.000	0.000
256	  G	  0.7	  0.0	0.000	0.000	0.000
257	  Q	  0.0	  0.0	0.000	0.000	0.000
258	  P	  0.0	  0.0	0.000	0.000	0.000
259	  I	  4.4	  0.0	0.000	0.000	0.000
260	  I	  5.9	  0.0	0.000	0.000	0.000
261	  R	  7.2	  0.0	0.000	0.000	0.000
262	  S	  3.0	  0.0	0.000	0.000	0.000
263	  I	  1.5	  0.3	0.000	0.000	0.000
264	  P	  0.1	  0.5	0.000	0.000	0.000
265	  Q	  0.0	  0.5	0.000	0.000	0.000
266	  G	  0.1	  0.5	0.452	0.885	0.885
267	  I	  4.8	  0.2	0.582	8.798	8.798
268	  V	  6.0	  0.0	0.828	8.798	8.798
269	  A	  6.1	  0.0	0.828	8.798	8.798
270	  A	  1.7	  0.0	0.828	8.798	8.798
271	  W	  1.7	  0.0	0.828	8.625	8.625
272	  R	  2.0	  0.1	0.624	0.000	0.000
273	  Q	  2.0	  0.1	0.508	0.000	0.000
274	  R	  0.9	  0.3	0.000	0.000	0.000
275	  S	  0.8	  0.3	0.000	0.000	0.000
276	  S	  1.0	  0.3	0.000	0.000	0.000
277	  R	  0.8	  0.2	0.000	0.000	0.000
278	  D	  0.5	  2.5	0.000	0.000	0.000
279	  P	  0.0	  2.4	0.000	0.000	0.000
280	  S	  4.8	  2.4	0.000	0.000	0.000
281	  W	  7.4	  2.4	0.000	0.000	0.000
282	  R	  7.5	  0.0	0.000	0.000	0.000
283	  Q	  2.9	  0.1	0.000	0.000	0.000
284	  P	  0.1	  0.2	0.000	0.000	0.000
285	  E	  0.3	  0.2	0.000	0.000	0.000
286	  R	  1.0	  0.2	0.000	0.000	0.000
287	  T	  3.9	  0.1	0.000	0.000	0.000
288	  I	  8.3	  0.0	0.000	0.000	0.000
289	  L	  7.7	  0.0	0.000	0.000	0.000
290	  R	  5.0	  0.2	0.000	0.000	0.000
291	  P	  0.2	  0.2	0.000	0.000	0.000
292	  R	  1.1	  0.2	0.000	0.000	0.000
293	  F	  3.1	  0.2	0.000	0.000	0.000
294	  R	  3.2	  0.1	0.000	0.000	0.000
295	  R	  2.3	  0.1	0.130	0.000	0.000
296	  E	  2.5	  0.1	0.130	0.000	0.000
297	  V	  3.6	  0.1	0.247	0.000	0.000
298	  E	  3.7	  0.1	0.247	0.000	0.000
299	  K	  1.9	  0.1	0.247	0.000	0.000
300	  T	  1.6	  0.1	0.247	0.000	0.000
301	  A	  1.2	  0.1	0.247	0.000	0.000
302	  C	  0.9	  2.6	0.247	0.000	0.000
303	  P	  0.0	  3.1	0.000	0.000	0.000
304	  S	  0.0	  3.2	0.000	0.000	0.000
305	  G	  0.0	  3.3	0.000	0.000	0.000
306	  K	  0.1	  0.7	0.000	0.000	0.000
307	  K	  0.2	  0.3	0.000	0.000	0.000
308	  A	  0.2	  0.1	0.000	0.000	0.000
309	  R	  0.4	  0.1	0.000	0.000	0.000
310	  E	  3.3	  0.0	0.000	0.000	0.000
311	  I	  3.4	  0.1	0.000	0.000	0.000
312	  D	  3.2	  0.8	2.753	0.000	0.000
313	  E	  0.2	  0.8	2.753	0.054	0.054
314	  S	  0.4	  0.8	3.676	58.228	58.228
315	  L	  0.9	  0.8	3.676	58.228	58.228
316	  I	  1.9	  0.0	3.791	58.228	58.228
317	  F	  2.8	  0.0	3.791	58.228	58.228
318	  Y	  2.7	  0.0	3.065	58.228	58.228
319	  K	  1.7	  0.0	2.624	0.054	0.054
320	  K	  2.9	  0.0	1.869	0.000	0.000
321	  W	  3.8	  0.0	1.551	0.000	0.000
322	  E	  3.9	  0.0	1.551	0.000	0.000
323	  L	  1.7	  0.1	1.006	0.000	0.000
324	  E	  0.4	  0.1	0.853	0.000	0.000
325	  A	  0.4	  0.0	0.556	0.000	0.000
326	  C	  1.7	  0.0	0.682	0.000	0.000
327	  V	  2.2	  0.0	0.467	0.000	0.000
328	  D	  2.0	  0.0	2.520	0.000	0.000
329	  A	  0.7	  0.0	2.520	0.644	0.644
330	  A	  0.4	  0.0	2.520	0.928	0.928
331	  L	  0.6	  0.0	2.520	0.928	0.928
332	  L	  0.6	  0.0	2.520	0.928	0.928
333	  A	  0.5	  0.0	2.354	0.928	0.928
334	  T	  1.3	  0.0	1.278	0.524	0.524
335	  Q	  2.0	  0.0	1.278	0.000	0.000
336	  M	  1.8	  0.0	0.616	0.000	0.000
337	  D	  0.8	  0.0	0.263	0.000	0.000
338	  R	  6.8	  0.0	0.137	0.000	0.000
339	  V	  7.6	  0.0	0.137	0.000	0.000
340	  N	  7.8	  0.0	0.137	0.000	0.000
341	  A	  1.2	  0.0	0.137	0.000	0.000
342	  I	  0.3	  0.0	0.137	0.000	0.000
343	  P	  0.1	  0.0	0.000	0.000	0.000
344	  F	 12.3	  0.0	0.000	0.000	0.000
345	  T	 21.9	  0.0	0.284	0.000	0.000
346	  Y	 22.8	  0.1	0.284	0.000	0.000
347	  E	 11.2	  0.1	0.531	0.000	0.000
348	  Q	  1.5	  0.1	0.626	0.000	0.000
349	  L	  2.5	  0.1	0.626	0.000	0.000
350	  D	  2.6	  0.0	1.375	0.000	0.000
351	  V	  3.2	  0.0	1.649	0.000	0.000
352	  L	  1.6	  0.1	1.788	0.000	0.000
353	  K	  1.7	  0.1	1.788	0.000	0.000
354	  H	  1.2	  0.2	1.788	0.000	0.000
355	  K	  1.6	  0.3	1.696	0.000	0.000
356	  L	  1.3	  0.3	1.495	0.000	0.000
357	  D	  0.7	  0.4	1.495	0.000	0.000
358	  E	  0.3	  0.3	1.495	0.000	0.000
359	  L	  0.3	  0.1	1.495	0.000	0.000
360	  Y	  0.3	  0.7	1.495	0.000	0.000
361	  P	  0.1	  0.9	0.000	0.000	0.000
362	  Q	  0.0	  0.9	0.000	0.000	0.000
363	  G	  0.0	  0.9	0.000	0.000	0.000
364	  Y	  0.0	  0.5	0.000	0.000	0.000
365	  P	  0.0	  0.3	0.291	0.000	0.000
366	  E	  0.0	  0.3	0.291	0.000	0.000
367	  S	  1.3	  0.3	0.291	1.184	1.184
368	  V	  3.5	  0.1	0.291	10.725	10.725
369	  I	  3.7	  0.0	0.291	10.725	10.725
370	  Q	  2.8	  0.0	0.291	10.725	10.725
371	  H	  0.7	  0.2	0.291	10.940	10.940
372	  L	  0.6	  0.2	0.291	22.285	22.285
373	  G	  0.2	  0.2	0.469	24.042	24.042
374	  Y	  0.8	  0.2	0.306	24.042	24.042
375	  L	  1.5	  0.0	0.179	24.042	24.042
376	  F	  2.3	  0.0	0.179	24.042	24.042
377	  L	  3.1	  0.0	0.179	20.625	20.625
378	  K	  3.3	  0.0	0.179	0.000	0.000
379	  M	  2.6	  0.0	0.000	0.000	0.000
380	  S	  1.1	  0.4	2.647	0.000	0.000
381	  P	  0.1	  0.7	2.647	0.000	0.000
382	  E	  0.0	  0.7	2.764	0.000	0.000
383	  D	  1.9	  0.7	3.444	0.000	0.000
384	  I	  2.6	  0.3	3.444	0.000	0.000
385	  R	  3.0	  0.0	3.444	0.000	0.000
386	  K	  1.7	  0.0	3.225	0.000	0.000
387	  W	  3.4	  0.0	2.360	0.000	0.000
388	  N	  4.5	  0.0	1.720	0.000	0.000
389	  V	  6.1	  0.0	0.359	0.000	0.000
390	  T	  4.1	  0.0	1.203	0.000	0.000
391	  S	  3.2	  0.0	17.862	0.000	0.000
392	  L	  1.2	  0.1	18.330	0.000	0.000
393	  E	  0.8	  0.1	19.979	0.000	0.000
394	  T	  2.5	  0.1	22.951	0.302	0.302
395	  L	  2.7	  0.1	22.951	0.809	0.809
396	  K	  2.7	  0.0	22.951	0.809	0.809
397	  A	  0.5	  0.0	21.443	0.809	0.809
398	  L	  0.3	  0.0	20.882	0.809	0.809
399	  L	  1.6	  0.0	19.947	0.809	0.809
400	  E	  6.1	  0.0	18.544	0.809	0.809
401	  V	  6.3	  0.0	12.027	0.809	0.809
402	  N	  5.0	  0.9	10.944	0.000	0.000
403	  K	  0.3	  0.9	4.477	0.000	0.000
404	  G	  0.0	  1.0	1.517	0.000	0.000
405	  H	  0.3	  0.9	0.229	0.000	0.000
406	  E	  1.2	  0.0	0.000	0.000	0.000
407	  M	  1.3	  0.0	0.000	0.000	0.000
408	  S	  1.0	  0.4	0.000	0.000	0.000
409	  P	  0.1	  0.4	0.000	0.000	0.000
410	  Q	  0.0	  0.4	0.000	0.000	0.000
411	  A	  0.0	  0.6	0.000	0.000	0.000
412	  P	  0.0	  0.2	0.000	0.000	0.000
413	  R	  0.1	  0.2	0.000	0.000	0.000
414	  R	  0.1	  0.2	0.000	0.000	0.000
415	  P	  0.1	  0.0	0.000	0.000	0.000
416	  L	  0.0	  0.2	0.000	0.000	0.000
417	  P	  0.0	  0.2	0.000	0.000	0.000
418	  Q	  0.2	  0.2	0.000	1.445	1.445
419	  V	  1.4	  0.2	0.000	38.706	38.706
420	  A	  1.8	  0.0	0.000	38.706	38.706
421	  T	  2.2	  0.0	1.476	38.706	38.706
422	  L	  1.5	  0.0	1.476	38.706	38.706
423	  I	  1.5	  0.1	1.476	38.706	38.706
424	  D	  1.0	  0.0	1.476	0.368	0.368
425	  R	  1.3	  0.0	1.476	0.368	0.368
426	  F	  3.1	  0.0	1.476	0.368	0.368
427	  V	  3.6	  1.0	0.797	0.368	0.368
428	  K	  2.7	  1.2	0.797	0.000	0.000
429	  G	  0.6	  1.5	0.387	0.000	0.000
430	  R	  0.1	  1.5	0.229	0.000	0.000
431	  G	  0.1	  0.6	0.158	0.000	0.000
432	  Q	  0.7	  0.4	0.158	0.000	0.000
433	  L	  0.8	  0.1	0.158	0.000	0.000
434	  D	  0.8	  2.4	3.665	0.000	0.000
435	  K	  0.3	  2.4	3.665	0.000	0.000
436	  D	  0.3	  2.4	3.665	0.000	0.000
437	  T	  1.6	  2.4	3.507	0.000	0.000
438	  L	  1.5	  0.2	3.507	0.000	0.000
439	  D	  1.5	  0.2	9.371	0.000	0.000
440	  T	  2.9	  0.1	8.237	0.405	0.405
441	  L	  3.4	  0.1	8.237	0.405	0.405
442	  T	  4.1	  0.0	7.940	0.405	0.405
443	  A	  2.0	  0.0	7.835	0.405	0.405
444	  F	  1.4	  0.0	7.653	0.405	0.405
445	  Y	  0.6	  1.1	2.392	0.000	0.000
446	  P	  0.2	  1.1	0.000	0.000	0.000
447	  G	  0.0	  1.1	0.000	0.000	0.000
448	  Y	  1.8	  1.1	0.000	0.150	0.150
449	  L	  2.2	  0.0	0.000	0.150	0.150
450	  C	  3.8	  0.1	0.000	0.150	0.150
451	  S	 11.4	  0.1	0.000	0.150	0.150
452	  L	 11.1	  0.1	0.000	0.150	0.150
453	  S	  9.8	  0.3	2.456	0.000	0.000
454	  P	  0.1	  0.3	2.456	0.000	0.000
455	  E	  0.0	  0.3	2.456	0.000	0.000
456	  E	  0.4	  0.3	2.456	0.000	0.000
457	  L	  0.7	  0.2	2.456	0.000	0.000
458	  S	  1.0	  0.1	2.456	0.000	0.000
459	  S	  0.6	  0.1	1.399	0.000	0.000
460	  V	  0.3	  0.1	0.272	0.000	0.000
461	  P	  0.0	  0.5	0.000	0.000	0.000
462	  P	  0.0	  0.6	0.000	0.000	0.000
463	  S	  0.2	  0.6	0.000	0.156	0.156
464	  S	  0.4	  0.6	0.164	1.415	1.415
465	  I	  1.0	  0.1	0.164	1.415	1.415
466	  W	  1.6	  0.0	0.164	1.415	1.415
467	  A	  2.5	  0.0	0.164	1.415	1.415
468	  V	  2.4	  0.0	0.164	1.415	1.415
469	  R	  1.6	  0.3	0.164	0.000	0.000
470	  P	  0.4	  0.5	0.000	0.000	0.000
471	  Q	  0.1	  0.5	0.000	0.000	0.000
472	  D	  0.3	  1.6	0.000	0.000	0.000
473	  L	  0.5	  1.4	0.000	0.000	0.000
474	  D	  0.7	  1.2	0.000	0.000	0.000
475	  T	  4.6	  1.2	0.000	0.000	0.000
476	  C	  4.4	  0.1	0.000	0.000	0.000
477	  D	  4.0	  0.5	0.539	0.000	0.000
478	  P	  0.1	  0.5	0.539	0.000	0.000
479	  R	  0.7	  0.5	0.539	0.000	0.000
480	  Q	  1.4	  0.5	0.539	0.000	0.000
481	  L	  3.6	  0.1	0.539	0.000	0.000
482	  D	  3.0	  0.0	0.539	0.000	0.000
483	  V	  4.8	  0.0	0.539	0.000	0.000
484	  L	  2.7	  0.0	0.539	0.000	0.000
485	  Y	  2.6	  0.2	0.942	0.000	0.000
486	  P	  0.1	  0.2	0.693	0.000	0.000
487	  K	  0.2	  0.2	0.693	0.000	0.000
488	  A	  0.4	  0.2	0.693	0.000	0.000
489	  R	  0.5	  0.1	0.693	0.000	0.000
490	  L	  0.6	  0.0	0.693	0.000	0.000
491	  A	  0.8	  0.0	0.575	0.000	0.000
492	  F	  2.4	  0.4	0.575	0.000	0.000
493	  Q	  2.3	  0.4	0.000	0.000	0.000
494	  N	  2.2	  3.8	0.000	0.000	0.000
495	  M	  0.7	  4.2	0.000	0.000	0.000
496	  N	  0.5	  4.1	0.000	0.000	0.000
497	  G	  0.1	  4.2	0.000	0.000	0.000
498	  S	  0.1	  0.7	0.439	0.000	0.000
499	  E	  0.5	  0.4	0.439	1.072	1.072
500	  Y	  1.9	  0.1	0.439	1.072	1.072
501	  F	  3.9	  0.0	0.439	1.072	1.072
502	  V	 10.8	  0.0	0.439	1.072	1.072
503	  K	  9.9	  0.0	0.439	1.072	1.072
504	  I	  8.1	  0.1	0.439	1.072	1.072
505	  Q	  1.7	  0.1	0.439	0.262	0.262
506	  S	  1.6	  0.1	0.230	0.262	0.262
507	  F	  1.8	  0.1	0.122	0.262	0.262
508	  L	  0.9	  0.5	0.000	0.262	0.262
509	  G	  0.4	  0.5	0.000	0.000	0.000
510	  G	  0.0	  0.5	0.000	0.000	0.000
511	  A	  0.0	  0.7	0.000	0.000	0.000
512	  P	  0.0	  0.2	0.000	0.000	0.000
513	  T	  0.0	  0.6	2.121	0.000	0.000
514	  E	  0.0	  0.6	2.520	0.000	0.000
515	  D	  0.2	  0.4	5.377	0.000	0.000
516	  L	  0.5	  0.4	5.377	0.000	0.000
517	  K	  0.6	  0.0	5.377	0.000	0.000
518	  A	  0.7	  0.0	5.377	0.000	0.000
519	  L	  0.5	  0.1	5.095	0.000	0.000
520	  S	  0.7	  0.1	4.487	0.000	0.000
521	  Q	  0.6	  0.2	2.742	0.000	0.000
522	  Q	  0.9	  0.2	0.790	0.000	0.000
523	  N	  1.9	  0.2	0.129	0.000	0.000
524	  V	  6.5	  0.1	0.000	0.000	0.000
525	  S	  8.4	  0.8	0.000	0.000	0.000
526	  M	  8.2	  0.8	0.000	0.000	0.000
527	  D	  3.8	  0.8	7.613	0.000	0.000
528	  L	  1.2	  1.0	7.613	5.640	5.640
529	  A	  0.8	  0.2	7.613	5.640	5.640
530	  T	  4.1	  0.2	7.613	5.640	5.640
531	  F	  4.9	  0.2	7.613	5.640	5.640
532	  M	  5.7	  0.0	7.613	5.640	5.640
533	  K	  3.1	  0.0	4.894	0.000	0.000
534	  L	  2.4	  0.1	2.841	0.000	0.000
535	  R	  1.2	  0.2	2.119	0.000	0.000
536	  T	  0.6	  0.2	0.476	0.000	0.000
537	  D	  0.5	  0.2	0.476	0.000	0.000
538	  A	  1.9	  0.2	0.260	0.000	0.000
539	  V	  2.2	  0.0	0.136	0.000	0.000
540	  L	  2.2	  0.0	0.136	0.000	0.000
541	  P	  0.4	  0.0	0.158	0.000	0.000
542	  L	  3.3	  0.0	0.158	0.000	0.000
543	  T	  6.8	  0.0	7.659	0.000	0.000
544	  V	  7.4	  0.0	7.855	0.000	0.000
545	  A	  4.5	  0.0	8.441	0.000	0.000
546	  E	  3.2	  0.0	8.913	0.000	0.000
547	  V	  3.2	  0.0	8.913	0.000	0.000
548	  Q	  3.3	  0.0	8.913	0.000	0.000
549	  K	  1.2	  0.0	7.982	0.000	0.000
550	  L	  0.6	  0.0	7.476	0.000	0.000
551	  L	  0.3	  0.1	6.954	0.000	0.000
552	  G	  0.1	  0.3	5.938	0.000	0.000
553	  P	  0.0	  0.3	0.000	0.000	0.000
554	  H	  2.0	  0.3	0.000	0.000	0.000
555	  V	  2.2	  0.3	0.000	0.000	0.000
556	  E	  2.2	  0.1	0.000	0.000	0.000
557	  G	  0.2	  0.1	0.162	0.000	0.000
558	  L	  0.4	  0.2	0.162	0.000	0.000
559	  K	  0.7	  0.1	0.759	0.000	0.000
560	  A	  0.7	  0.1	0.759	0.000	0.000
561	  E	  0.4	  0.1	0.759	0.000	0.000
562	  E	  1.3	  0.1	0.759	0.000	0.000
563	  R	  2.3	  0.1	0.596	0.000	0.000
564	  H	  2.4	  0.1	0.596	0.000	0.000
565	  R	  1.2	  0.0	0.236	0.000	0.000
566	  P	  0.1	  0.0	0.259	0.000	0.000
567	  V	  0.8	  0.2	0.259	0.000	0.000
568	  R	  1.0	  0.2	0.578	0.000	0.000
569	  D	  1.3	  0.2	0.882	0.000	0.000
570	  W	  1.1	  0.2	0.882	0.000	0.000
571	  I	  3.3	  0.0	0.882	0.000	0.000
572	  L	  3.3	  0.0	0.882	0.000	0.000
573	  R	  3.1	  0.1	0.882	0.000	0.000
574	  Q	  1.3	  0.1	0.882	0.000	0.000
575	  R	  2.1	  0.6	0.000	0.000	0.000
576	  Q	  1.7	  0.7	0.000	0.000	0.000
577	  D	  1.2	  0.7	0.000	0.000	0.000
578	  D	  0.2	  1.8	1.970	0.000	0.000
579	  L	  0.4	  1.4	1.970	0.000	0.000
580	  D	  0.4	  1.3	2.102	0.000	0.000
581	  T	  0.4	  1.2	2.263	0.000	0.000
582	  L	  0.2	  0.2	2.263	0.000	0.000
583	  G	  0.2	  0.2	2.263	0.000	0.000
584	  L	  0.2	  0.1	1.558	0.000	0.000
585	  G	  0.1	  0.1	1.081	0.000	0.000
586	  L	  0.2	  0.2	0.161	0.000	0.000
587	  Q	  0.1	  0.5	0.161	0.000	0.000
588	  G	  0.1	  0.5	0.000	0.000	0.000
589	  G	  0.0	  0.5	0.000	0.000	0.000
590	  I	  0.0	  1.6	0.000	0.000	0.000
591	  P	  0.0	  2.1	0.000	0.000	0.000
592	  N	  0.0	  2.1	0.000	0.000	0.000
593	  G	  0.0	  2.1	0.000	2.383	2.383
594	  Y	  1.1	  0.9	0.000	2.383	2.383
595	  L	  3.1	  0.0	0.000	2.383	2.383
596	  V	  5.7	  0.0	0.000	2.383	2.383
597	  L	  5.5	  0.1	0.000	2.383	2.383
598	  D	  3.7	  0.3	0.000	0.000	0.000
599	  L	  2.9	  0.3	0.000	0.000	0.000
600	  S	  2.6	  0.3	6.810	0.000	0.000
601	  M	  2.5	  0.3	6.810	0.000	0.000
602	  Q	  0.8	  0.1	6.810	0.000	0.000
603	  E	  0.1	  0.1	6.810	0.000	0.000
604	  A	  0.3	  0.2	6.810	0.000	0.000
605	  L	  0.4	  0.3	6.810	0.000	0.000
606	  S	  0.5	  0.3	5.321	0.000	0.000
607	  G	  0.3	  0.3	2.404	0.000	0.000
608	  T	  0.1	  0.2	0.589	0.000	0.000
609	  P	  0.0	  0.1	0.225	0.000	0.000
610	  C	  1.3	  0.1	0.225	0.000	0.000
611	  L	  1.3	  0.1	0.225	0.000	0.000
612	  L	  1.4	  0.1	0.225	0.000	0.000
613	  G	  0.1	  0.1	0.225	0.000	0.000
614	  P	  0.0	  0.1	0.000	0.000	0.000
615	  G	  0.0	  0.1	1.025	0.000	0.000
616	  P	  0.0	  0.0	1.488	1.074	1.074
617	  V	  1.5	  0.0	2.263	88.595	88.595
618	  L	  4.7	  0.0	2.750	96.011	96.011
619	  T	  8.1	  0.0	10.564	97.365	97.365
620	  V	  7.6	  0.0	10.900	99.612	99.612
621	  L	  4.7	  0.0	10.900	99.788	99.788
622	  A	  1.5	  0.0	11.014	99.551	99.551
623	  L	  1.4	  0.0	11.014	99.324	99.324
624	  L	  1.3	  0.0	11.014	98.027	98.027
625	  L	  1.2	  0.0	10.578	90.777	90.777
626	  A	  0.4	  0.1	9.147	51.109	51.109
627	  S	  0.4	  0.1	5.878	17.558	17.558
628	  T	  0.8	  0.1	0.000	13.394	13.394
629	  L	  0.7	  0.1	0.000	12.488	12.488
630	  A	  0.6	  0.0	0.000	0.000	0.000
