res	aa	Beta	Turn	Helix	Aggregation	Conc-Stab_Aggregation
01	  M	  0.3	  0.0	0.000	0.000	0.000
02	  M	  0.5	  0.1	0.000	0.000	0.000
03	  K	  0.7	  0.1	0.000	0.000	0.000
04	  T	  6.1	  0.1	0.000	0.000	0.000
05	  L	  6.2	  0.4	0.000	0.000	0.000
06	  S	  6.1	  0.5	0.000	0.000	0.000
07	  S	  0.5	  1.6	0.000	0.000	0.000
08	  G	  0.1	  1.7	0.000	0.000	0.000
09	  N	  0.9	  1.3	0.000	0.000	0.000
10	  C	  3.1	  1.2	0.000	0.000	0.000
11	  T	  8.9	  0.0	0.000	0.000	0.000
12	  L	 10.9	  0.0	0.000	0.000	0.000
13	  S	  9.0	  0.0	0.000	0.000	0.000
14	  V	  3.5	  0.0	0.000	0.000	0.000
15	  P	  0.2	  0.0	0.000	0.000	0.000
16	  A	  0.1	  0.2	0.000	0.000	0.000
17	  K	  0.1	  0.2	0.000	0.000	0.000
18	  N	  1.1	  0.2	0.000	0.000	0.000
19	  S	  7.2	  0.2	0.000	0.000	0.000
20	  Y	  9.0	  0.0	0.000	0.000	0.000
21	  R	  8.6	  0.0	0.000	0.000	0.000
22	  M	  4.7	  0.0	0.000	2.378	2.378
23	  V	 10.0	  0.0	0.000	2.860	2.860
24	  V	  9.9	  0.0	0.000	2.860	2.860
25	  L	  7.9	  0.2	0.000	2.860	2.860
26	  G	  0.6	  0.4	0.000	2.860	2.860
27	  A	  0.2	  0.4	0.000	1.043	1.043
28	  S	  0.4	  0.4	0.000	0.000	0.000
29	  R	  0.8	  0.4	0.000	0.000	0.000
30	  V	  0.7	  0.4	0.000	0.000	0.000
31	  G	  0.5	  0.5	0.000	0.000	0.000
32	  K	  0.2	  0.6	0.000	0.000	0.000
33	  S	  0.3	  0.4	0.000	0.000	0.000
34	  S	  0.9	  0.2	0.129	0.000	0.000
35	  I	  3.9	  0.1	0.129	0.000	0.000
36	  V	  4.6	  0.1	0.129	0.000	0.000
37	  S	  4.2	  0.1	0.129	0.000	0.000
38	  R	  1.6	  0.1	0.129	0.000	0.000
39	  F	  1.8	  0.4	0.129	0.000	0.000
40	  L	  1.8	  4.7	0.000	0.000	0.000
41	  N	  1.2	  4.8	0.000	0.000	0.000
42	  G	  0.1	  4.8	0.000	0.000	0.000
43	  R	  1.3	  4.5	0.000	0.000	0.000
44	  F	  2.0	  0.4	0.000	0.000	0.000
45	  E	  2.1	  0.3	0.000	0.000	0.000
46	  D	  1.4	  0.3	0.000	0.000	0.000
47	  Q	  6.0	  0.3	0.000	0.000	0.000
48	  Y	  6.5	  0.0	0.000	0.000	0.000
49	  T	  5.9	  0.2	0.000	0.000	0.000
50	  P	  0.6	  0.2	0.000	0.000	0.000
51	  T	  4.0	  0.2	0.239	0.000	0.000
52	  I	  4.1	  0.6	0.239	0.000	0.000
53	  E	  4.2	  0.4	0.239	0.000	0.000
54	  D	  0.3	  0.4	1.862	0.000	0.000
55	  F	  1.6	  0.4	1.862	0.000	0.000
56	  H	  1.9	  0.1	1.862	0.000	0.000
57	  R	  2.3	  0.1	1.862	0.000	0.000
58	  K	  1.8	  0.1	1.862	0.000	0.000
59	  V	  5.1	  0.1	1.718	0.000	0.000
60	  Y	  9.2	  0.0	1.615	0.000	0.000
61	  N	 11.5	  0.0	0.619	0.000	0.000
62	  I	 10.1	  0.1	0.132	0.000	0.000
63	  R	  5.6	  0.8	0.132	0.000	0.000
64	  G	  2.2	  0.8	0.000	0.000	0.000
65	  D	  0.4	  0.8	0.000	0.000	0.000
66	  M	  0.6	  0.7	0.000	0.000	0.000
67	  Y	  4.1	  0.0	0.000	0.000	0.000
68	  Q	  4.5	  0.0	0.000	0.000	0.000
69	  L	  6.6	  0.0	0.000	0.000	0.000
70	  D	  3.3	  0.0	0.000	0.000	0.000
71	  I	  3.0	  0.0	0.000	0.000	0.000
72	  L	  0.7	  0.1	0.000	0.000	0.000
73	  D	  0.8	  1.4	0.000	0.000	0.000
74	  T	  0.4	  1.5	0.000	0.000	0.000
75	  S	  0.3	  4.2	0.000	0.000	0.000
76	  G	  0.1	  4.2	0.000	0.000	0.000
77	  N	  0.1	  2.9	0.000	0.000	0.000
78	  H	  0.0	  2.7	0.000	0.000	0.000
79	  P	  0.0	  0.0	0.000	0.000	0.000
80	  F	  0.0	  0.2	0.000	0.000	0.000
81	  P	  0.0	  0.2	0.168	0.000	0.000
82	  A	  0.3	  0.2	0.168	0.000	0.000
83	  M	  0.5	  0.2	0.168	0.000	0.000
84	  R	  0.9	  0.1	0.168	0.000	0.000
85	  R	  1.1	  0.1	0.168	0.533	0.533
86	  L	  2.5	  0.1	0.168	0.993	0.993
87	  S	  2.4	  0.0	0.000	0.993	0.993
88	  I	  3.8	  0.0	0.000	0.993	0.993
89	  L	  2.2	  0.1	0.000	0.993	0.993
90	  T	  1.9	  0.4	0.000	0.993	0.993
91	  G	  0.2	  0.4	0.000	0.533	0.533
92	  D	  2.3	  0.4	0.354	0.533	0.533
93	  V	  4.8	  0.3	0.354	92.056	92.056
94	  F	  5.7	  0.0	0.354	99.369	99.369
95	  I	  6.4	  0.0	0.354	99.739	99.739
96	  L	  5.1	  0.0	0.354	99.767	99.767
97	  V	  8.4	  0.0	0.354	99.767	99.767
98	  F	  8.5	  0.0	0.354	94.328	94.328
99	  S	  9.5	  0.9	0.216	21.964	21.964
100	  L	  5.4	  1.0	0.098	18.569	18.569
101	  D	  2.5	  1.0	0.098	0.000	0.000
102	  N	  0.1	  1.1	0.518	0.000	0.000
103	  R	  0.0	  0.3	0.518	0.000	0.000
104	  E	  0.2	  0.2	0.518	0.000	0.000
105	  S	  5.8	  0.4	2.753	0.000	0.000
106	  F	  6.0	  0.3	4.204	0.000	0.000
107	  D	  5.8	  0.2	13.941	0.000	0.000
108	  E	 11.5	  0.2	14.645	0.000	0.000
109	  V	 12.6	  0.1	14.645	0.000	0.000
110	  K	 12.7	  0.0	14.645	0.000	0.000
111	  R	  1.9	  0.0	14.645	0.000	0.000
112	  L	  0.6	  0.1	14.645	0.000	0.000
113	  Q	  0.7	  0.1	12.674	0.000	0.000
114	  K	  0.6	  0.0	7.698	0.000	0.000
115	  Q	  1.1	  0.0	3.980	0.000	0.000
116	  I	  1.5	  0.0	2.384	0.000	0.000
117	  L	  2.9	  0.0	2.384	0.000	0.000
118	  E	 15.1	  0.0	2.344	0.000	0.000
119	  V	 17.2	  0.1	1.856	0.000	0.000
120	  K	 16.6	  0.1	1.730	0.000	0.000
121	  S	  4.8	  0.1	0.472	0.000	0.000
122	  C	  3.9	  0.1	0.324	0.000	0.000
123	  L	  3.1	  0.2	0.224	0.000	0.000
124	  K	  2.2	  0.2	0.224	0.000	0.000
125	  N	  0.3	  0.4	0.000	0.000	0.000
126	  K	  0.9	  0.4	0.000	0.000	0.000
127	  T	  1.5	  0.3	0.377	0.000	0.000
128	  K	  1.6	  0.3	0.377	0.000	0.000
129	  E	  0.9	  0.1	0.377	0.000	0.000
130	  A	  0.2	  0.1	0.377	0.000	0.000
131	  A	  0.3	  0.0	0.377	0.000	0.000
132	  E	  0.2	  0.0	0.377	0.000	0.000
133	  L	  0.2	  0.0	0.210	0.000	0.000
134	  P	  0.1	  0.0	0.000	0.000	0.000
135	  M	  3.0	  0.0	0.000	0.000	0.000
136	  V	  5.7	  0.0	0.000	0.000	0.000
137	  I	  6.6	  0.0	0.000	0.000	0.000
138	  C	  3.7	  0.5	0.000	0.000	0.000
139	  G	  1.0	  0.5	0.000	0.000	0.000
140	  N	  0.1	  3.2	0.000	0.000	0.000
141	  K	  0.1	  3.3	0.000	0.000	0.000
142	  N	  0.1	  3.1	0.000	0.000	0.000
143	  D	  0.0	  3.7	0.000	0.000	0.000
144	  H	  0.1	  1.3	0.000	0.000	0.000
145	  G	  0.1	  1.3	0.899	0.000	0.000
146	  E	  0.2	  0.9	0.899	0.000	0.000
147	  L	  0.3	  0.3	0.899	0.000	0.000
148	  C	  2.9	  0.2	0.899	0.000	0.000
149	  R	  3.6	  0.1	0.899	0.000	0.000
150	  Q	  3.5	  0.1	0.899	0.000	0.000
151	  V	  1.1	  0.1	0.214	0.000	0.000
152	  P	  0.1	  0.0	0.000	0.000	0.000
153	  T	  0.3	  0.0	0.000	0.000	0.000
154	  T	  0.4	  0.1	0.561	0.000	0.000
155	  E	  0.4	  0.1	0.561	0.000	0.000
156	  A	  0.2	  0.1	0.561	0.000	0.000
157	  E	  0.2	  0.1	0.561	0.000	0.000
158	  L	  1.0	  0.0	0.561	0.000	0.000
159	  L	  1.7	  0.0	0.561	0.000	0.000
160	  V	  2.3	  0.1	0.270	0.000	0.000
161	  S	  1.4	  1.5	0.270	0.000	0.000
162	  G	  0.7	  1.6	0.000	0.000	0.000
163	  D	  0.0	  6.7	0.167	0.000	0.000
164	  E	  0.1	  6.6	0.167	0.000	0.000
165	  N	  0.2	  5.2	0.167	0.000	0.000
166	  C	  0.5	  5.3	0.167	0.000	0.000
167	  A	  0.7	  0.1	0.167	0.000	0.000
168	  Y	  2.8	  0.1	0.167	0.000	0.000
169	  F	 11.0	  0.1	0.122	0.000	0.000
170	  E	 13.5	  0.0	0.241	0.000	0.000
171	  V	 13.3	  0.0	0.241	0.000	0.000
172	  S	  5.2	  0.0	0.241	0.000	0.000
173	  A	  2.2	  0.1	0.241	0.000	0.000
174	  K	  0.3	  0.2	0.241	0.000	0.000
175	  K	  0.5	  0.2	0.119	0.000	0.000
176	  N	  0.6	  0.5	0.000	0.000	0.000
177	  T	  1.3	  0.4	0.000	0.000	0.000
178	  N	  2.2	  0.7	0.000	0.000	0.000
179	  V	  2.2	  0.7	0.000	0.000	0.000
180	  D	  1.5	  0.4	0.915	0.000	0.000
181	  E	  0.4	  0.4	1.058	0.008	0.008
182	  M	  0.9	  0.0	1.058	28.701	28.701
183	  F	  2.4	  0.0	1.058	95.932	95.932
184	  Y	  3.8	  0.0	1.058	97.006	97.006
185	  V	  4.6	  0.0	1.058	97.146	97.146
186	  L	  3.8	  0.0	1.058	97.151	97.151
187	  F	  5.5	  0.0	1.058	96.411	96.411
188	  S	  4.1	  0.0	1.058	65.477	65.477
189	  M	  3.5	  0.0	0.159	61.032	61.032
190	  A	  0.7	  0.0	0.159	27.972	27.972
191	  K	  0.7	  0.0	0.159	0.008	0.008
192	  L	  0.6	  0.2	0.000	0.000	0.000
193	  P	  0.1	  0.2	0.000	0.000	0.000
194	  H	  0.4	  0.2	0.000	0.000	0.000
195	  E	  1.2	  0.2	0.000	0.000	0.000
196	  M	  1.3	  0.0	0.000	0.000	0.000
197	  S	  1.0	  0.1	0.862	0.000	0.000
198	  P	  0.1	  0.1	0.862	0.000	0.000
199	  A	  0.3	  0.1	0.862	0.000	0.000
200	  L	  0.4	  0.2	0.862	0.000	0.000
201	  H	  0.8	  0.1	0.862	0.000	0.000
202	  R	  1.1	  0.1	0.862	0.000	0.000
203	  K	  1.8	  0.1	0.374	0.000	0.000
204	  I	  5.8	  0.1	0.000	0.134	0.134
205	  S	  6.5	  0.0	0.000	0.134	0.134
206	  V	  9.0	  0.0	0.000	0.134	0.134
207	  Q	  4.9	  0.0	0.000	0.134	0.134
208	  Y	  3.5	  1.9	0.000	0.134	0.134
209	  G	  0.3	  1.9	0.000	0.000	0.000
210	  D	  0.2	  1.9	0.000	0.000	0.000
211	  A	  1.0	  1.9	0.000	0.000	0.000
212	  F	  1.2	  0.0	0.000	0.000	0.000
213	  H	  1.1	  0.0	0.000	0.000	0.000
214	  P	  0.2	  0.0	0.000	0.000	0.000
215	  R	  0.0	  0.1	0.000	0.000	0.000
216	  P	  0.0	  0.1	0.000	0.000	0.000
217	  F	  2.6	  0.1	0.000	0.000	0.000
218	  C	  4.5	  0.1	0.509	0.000	0.000
219	  M	  4.7	  0.0	0.509	0.000	0.000
220	  R	  3.0	  0.0	0.509	0.000	0.000
221	  R	  2.5	  0.0	0.509	0.000	0.000
222	  V	  3.9	  0.1	0.509	0.000	0.000
223	  K	  3.2	  0.0	0.678	0.000	0.000
224	  E	  2.5	  0.0	0.551	0.000	0.000
225	  M	  1.2	  0.1	0.551	0.000	0.000
226	  D	  1.2	  0.6	0.317	0.000	0.000
227	  A	  0.5	  0.6	0.317	0.000	0.000
228	  Y	  0.4	  0.6	0.317	0.000	0.000
229	  G	  0.3	  0.6	0.000	0.000	0.000
230	  M	  1.9	  0.0	0.000	0.000	0.000
231	  V	  2.1	  0.0	0.000	0.000	0.000
232	  S	  2.1	  0.2	0.574	0.000	0.000
233	  P	  0.4	  0.2	0.574	0.000	0.000
234	  F	  0.6	  0.2	0.574	0.000	0.000
235	  A	  0.9	  0.2	0.574	0.000	0.000
236	  R	  1.0	  0.0	0.574	0.000	0.000
237	  R	  0.4	  0.3	0.574	0.000	0.000
238	  P	  0.1	  0.3	0.000	0.000	0.000
239	  S	  5.2	  0.6	0.000	0.000	0.000
240	  V	  6.7	  0.6	0.000	0.000	0.000
241	  N	  6.7	  1.4	0.465	0.000	0.000
242	  S	  1.6	  1.4	0.639	0.000	0.000
243	  D	  0.2	  1.2	2.524	0.000	0.000
244	  L	  1.0	  1.1	2.524	0.000	0.000
245	  K	  1.4	  0.0	2.524	0.000	0.000
246	  Y	  2.5	  0.0	2.524	0.000	0.000
247	  I	  3.2	  0.0	2.191	0.000	0.000
248	  K	  3.0	  0.0	2.191	0.000	0.000
249	  A	  2.1	  0.0	1.729	0.000	0.000
250	  K	  1.5	  0.0	1.531	0.000	0.000
251	  V	  3.2	  0.0	0.578	0.000	0.000
252	  L	  2.9	  0.1	0.578	0.000	0.000
253	  R	  2.0	  0.7	0.688	0.000	0.000
254	  E	  0.0	  0.7	0.576	0.000	0.000
255	  G	  0.1	  0.8	0.535	0.000	0.000
256	  Q	  0.2	  0.7	0.535	0.000	0.000
257	  A	  0.2	  0.1	0.535	0.000	0.000
258	  R	  0.2	  0.1	0.535	0.000	0.000
259	  E	  0.3	  0.2	0.535	0.000	0.000
260	  R	  0.3	  0.3	0.342	0.000	0.000
261	  D	  0.3	  0.3	0.119	0.000	0.000
262	  K	  2.8	  0.2	0.119	0.000	0.000
263	  C	  6.4	  0.1	0.119	0.000	0.000
264	  T	 13.7	  0.1	0.119	0.000	0.000
265	  I	 11.0	  0.0	0.119	0.000	0.000
266	  Q	  7.4	  0.0	0.119	0.000	0.000
