res	aa	Beta	Turn	Helix	Aggregation	Conc-Stab_Aggregation
01	  M	  0.0	  0.0	0.000	0.000	0.000
02	  A	  0.1	  0.1	0.000	0.000	0.000
03	  E	  0.3	  0.1	0.000	0.000	0.000
04	  K	  0.9	  0.1	0.000	0.000	0.000
05	  F	  6.1	  0.1	0.000	0.000	0.000
06	  D	  6.0	  0.0	0.000	0.000	0.000
07	  C	  6.7	  0.0	0.000	0.000	0.000
08	  H	  4.6	  0.0	0.000	0.000	0.000
09	  Y	  6.6	  0.0	0.000	0.000	0.000
10	  C	  6.1	  0.0	0.000	0.000	0.000
11	  R	  3.1	  0.0	0.000	0.000	0.000
12	  D	  0.8	  0.3	0.151	0.000	0.000
13	  P	  0.0	  0.3	0.151	0.000	0.000
14	  L	  0.0	  0.7	0.151	0.000	0.000
15	  Q	  0.1	  0.7	0.151	0.000	0.000
16	  G	  0.1	  0.5	0.151	0.000	0.000
17	  K	  0.1	  0.5	0.151	0.000	0.000
18	  K	  0.6	  0.1	0.000	0.000	0.000
19	  Y	  2.1	  0.1	0.000	0.000	0.000
20	  V	  2.8	  0.0	0.000	0.000	0.000
21	  Q	  2.3	  0.6	0.000	0.000	0.000
22	  K	  0.9	  1.1	0.000	0.000	0.000
23	  D	  0.1	  1.2	0.000	0.000	0.000
24	  G	  0.0	  1.2	0.000	0.000	0.000
25	  H	  0.9	  0.7	0.000	0.000	0.000
26	  H	  4.4	  0.2	0.000	0.000	0.000
27	  C	 13.1	  0.1	0.000	0.000	0.000
28	  C	 14.4	  0.0	0.000	0.000	0.000
29	  L	 12.8	  0.1	0.000	0.000	0.000
30	  K	  4.9	  0.1	0.120	0.000	0.000
31	  C	  4.9	  0.1	0.120	0.000	0.000
32	  F	  3.3	  0.1	0.120	0.000	0.000
33	  D	  2.8	  0.2	0.278	0.000	0.000
34	  K	  1.4	  0.2	0.278	0.000	0.000
35	  F	  3.7	  0.2	0.278	0.000	0.000
36	  C	  3.8	  0.5	0.278	0.000	0.000
37	  A	  3.0	  0.5	0.278	0.000	0.000
38	  N	  1.0	  0.5	0.278	0.000	0.000
39	  T	  3.1	  0.5	0.284	0.000	0.000
40	  C	  5.0	  0.0	0.434	0.000	0.000
41	  V	  7.9	  0.0	0.434	0.000	0.000
42	  E	  5.9	  0.0	0.434	0.000	0.000
43	  C	  6.8	  0.0	0.434	0.000	0.000
44	  R	  3.3	  0.0	0.434	0.000	0.000
45	  K	  3.0	  0.0	0.319	0.000	0.000
46	  P	  0.1	  0.1	0.000	0.000	0.000
47	  I	  0.1	  0.4	0.000	0.000	0.000
48	  G	  0.1	  0.9	0.000	0.000	0.000
49	  A	  0.1	  0.9	0.000	0.000	0.000
50	  D	  0.1	  0.9	0.347	0.000	0.000
51	  S	  0.5	  0.7	1.003	0.000	0.000
52	  K	  1.0	  0.3	1.003	0.000	0.000
53	  E	 12.3	  0.2	1.003	0.000	0.000
54	  V	 15.8	  0.1	1.003	0.000	0.000
55	  H	 17.1	  0.0	1.003	0.000	0.000
56	  Y	  6.6	  0.2	0.849	0.000	0.000
57	  K	  2.3	  0.2	0.683	0.000	0.000
58	  N	  0.6	  0.2	0.144	0.000	0.000
59	  R	  1.2	  0.2	0.000	0.000	0.000
60	  F	  2.0	  0.0	0.000	0.000	0.000
61	  W	  2.3	  0.0	0.000	0.000	0.000
62	  H	  1.4	  0.2	0.000	0.000	0.000
63	  D	  0.9	  0.2	0.000	0.000	0.000
64	  T	  4.7	  0.2	0.136	0.000	0.000
65	  C	  7.6	  0.2	0.136	0.000	0.000
66	  F	 15.0	  0.0	0.136	0.000	0.000
67	  R	 11.3	  0.0	0.136	0.000	0.000
68	  C	  9.1	  0.2	0.136	0.000	0.000
69	  A	  1.5	  0.2	0.136	0.000	0.000
70	  K	  1.4	  0.2	0.136	0.000	0.000
71	  C	  2.8	  0.2	0.000	0.000	0.000
72	  L	  2.7	  0.0	0.000	0.000	0.000
73	  H	  2.3	  0.3	0.000	0.000	0.000
74	  P	  0.1	  0.3	0.000	0.000	0.000
75	  L	  0.0	  0.5	0.000	0.000	0.000
76	  A	  0.0	  0.5	0.000	0.000	0.000
77	  N	  0.1	  0.3	0.000	0.000	0.000
78	  E	  0.2	  0.3	0.000	0.000	0.000
79	  T	  5.6	  0.1	0.291	0.000	0.000
80	  F	  8.2	  0.1	0.291	0.000	0.000
81	  V	  8.7	  0.0	0.291	0.000	0.000
82	  A	  3.5	  0.3	0.291	0.000	0.000
83	  K	  0.8	  0.4	0.291	0.000	0.000
84	  D	  0.1	  0.4	0.408	0.000	0.000
85	  N	  0.2	  0.5	0.366	0.000	0.000
86	  K	  0.8	  0.1	0.366	0.000	0.000
87	  I	  2.6	  0.0	0.366	0.000	0.000
88	  L	  2.7	  0.0	0.366	0.000	0.000
89	  C	  2.6	  0.0	0.366	0.000	0.000
90	  N	  0.9	  0.1	0.366	0.000	0.000
91	  K	  3.5	  0.1	0.000	0.000	0.000
92	  C	  3.4	  0.1	0.000	0.000	0.000
93	  T	  4.5	  0.1	0.000	0.000	0.000
94	  T	  1.8	  0.1	0.000	0.000	0.000
95	  R	  1.5	  0.6	0.000	0.000	0.000
96	  E	  0.3	  0.6	0.000	0.000	0.000
97	  D	  0.2	  0.6	0.000	0.000	0.000
98	  S	  0.1	  1.0	0.964	0.000	0.000
99	  P	  0.0	  0.5	0.964	0.000	0.000
100	  K	  0.8	  0.5	0.964	0.000	0.000
101	  C	  0.9	  1.9	0.964	0.000	0.000
102	  K	  0.9	  1.7	0.964	0.000	0.000
103	  G	  0.1	  1.7	0.964	0.000	0.000
104	  C	  3.7	  1.7	0.475	0.000	0.000
105	  F	  4.8	  0.3	0.000	0.000	0.000
106	  K	  5.0	  0.0	0.000	0.000	0.000
107	  A	  2.0	  0.0	0.000	1.360	1.360
108	  I	  5.4	  0.0	0.000	1.360	1.360
109	  V	  5.8	  0.2	0.000	1.360	1.360
110	  A	  5.2	  0.7	0.000	1.360	1.360
111	  G	  0.6	  0.8	0.000	1.360	1.360
112	  D	  0.1	  1.5	0.112	0.000	0.000
113	  Q	  0.6	  1.4	0.112	0.000	0.000
114	  N	  4.7	  0.8	0.112	0.000	0.000
115	  V	  8.4	  0.8	0.112	0.000	0.000
116	  E	 10.8	  0.0	0.112	0.000	0.000
117	  Y	  7.0	  0.5	0.112	0.000	0.000
118	  K	  3.5	  0.5	0.112	0.000	0.000
119	  G	  0.4	  0.5	0.000	0.000	0.000
120	  T	  4.9	  0.5	0.000	0.000	0.000
121	  V	  7.0	  0.0	0.000	0.000	0.000
122	  W	  7.7	  0.0	0.000	0.000	0.000
123	  H	  3.1	  0.7	0.000	0.000	0.000
124	  K	  1.0	  0.7	0.000	0.000	0.000
125	  D	  1.3	  0.7	0.000	0.000	0.000
126	  C	  2.0	  0.7	0.000	0.000	0.000
127	  F	 19.6	  0.0	0.000	0.000	0.000
128	  T	 27.4	  0.0	0.000	0.000	0.000
129	  C	 26.7	  0.6	0.000	0.000	0.000
130	  S	 10.9	  0.6	0.000	0.000	0.000
131	  N	  0.5	  0.6	0.000	0.000	0.000
132	  C	  0.8	  0.7	0.000	0.000	0.000
133	  K	  0.9	  0.1	0.000	0.000	0.000
134	  Q	  0.9	  0.1	0.000	0.000	0.000
135	  V	  1.6	  0.1	0.000	0.000	0.000
136	  I	  1.5	  0.5	0.000	0.000	0.000
137	  G	  1.2	  0.7	0.000	0.000	0.000
138	  T	  0.3	  1.4	0.000	0.000	0.000
139	  G	  0.2	  1.4	0.000	0.000	0.000
140	  S	  2.2	  0.9	0.000	0.000	0.000
141	  F	  2.2	  0.7	0.000	0.000	0.000
142	  F	  2.1	  0.6	0.000	0.000	0.000
143	  P	  0.2	  1.1	0.000	0.000	0.000
144	  K	  0.0	  1.2	0.000	0.000	0.000
145	  G	  0.0	  1.6	0.000	0.000	0.000
146	  E	  0.1	  1.0	0.000	0.000	0.000
147	  D	  1.0	  0.5	0.000	0.000	0.000
148	  F	  5.4	  0.5	0.000	0.435	0.435
149	  Y	  7.6	  0.0	0.000	0.435	0.435
150	  C	  7.1	  0.0	0.000	0.435	0.435
151	  V	  9.6	  0.0	0.000	0.435	0.435
152	  T	 10.4	  0.0	0.000	0.435	0.435
153	  C	 10.9	  0.0	0.000	0.000	0.000
154	  H	  4.3	  0.2	0.000	0.000	0.000
155	  E	  1.5	  0.2	0.000	0.000	0.000
156	  T	  1.9	  0.2	0.400	0.000	0.000
157	  K	  2.3	  0.2	0.400	0.000	0.000
158	  F	  2.4	  0.0	0.400	0.000	0.000
159	  A	  1.2	  0.1	0.400	0.000	0.000
160	  K	  0.9	  0.1	0.400	0.000	0.000
161	  H	  1.4	  0.1	0.400	0.000	0.000
162	  C	  5.1	  0.1	0.116	0.000	0.000
163	  V	 10.3	  0.0	0.116	0.000	0.000
164	  K	  9.9	  0.0	0.116	0.000	0.000
165	  C	  6.6	  0.0	0.000	0.000	0.000
166	  N	  1.2	  0.1	0.000	0.000	0.000
167	  K	  0.7	  0.0	0.000	0.000	0.000
168	  A	  0.7	  0.0	0.000	0.000	0.000
169	  I	  3.3	  0.1	0.000	0.000	0.000
170	  T	  3.1	  0.2	0.000	0.000	0.000
171	  S	  2.7	  0.4	0.000	0.000	0.000
172	  G	  0.1	  0.5	0.000	0.000	0.000
173	  G	  0.3	  0.5	0.000	0.000	0.000
174	  I	 14.9	  0.3	0.000	0.000	0.000
175	  T	 32.3	  0.1	0.000	0.000	0.000
176	  Y	 33.0	  0.1	0.000	0.000	0.000
177	  Q	 20.2	  0.1	0.000	0.000	0.000
178	  D	  1.6	  0.1	0.000	0.000	0.000
179	  Q	  0.3	  0.1	0.000	0.000	0.000
180	  P	  0.0	  0.0	0.000	0.000	0.000
181	  W	  1.0	  0.0	0.000	0.000	0.000
182	  H	  1.1	  1.2	0.000	0.000	0.000
183	  A	  1.1	  1.2	0.000	0.000	0.000
184	  D	  1.4	  1.2	0.000	0.000	0.000
185	  C	  3.5	  1.2	0.000	3.004	3.004
186	  F	  5.3	  0.0	0.000	11.904	11.904
187	  V	  5.9	  0.0	0.000	11.904	11.904
188	  C	  4.1	  0.0	0.000	11.904	11.904
189	  V	  9.1	  0.0	0.000	11.904	11.904
190	  T	 17.2	  0.0	0.233	10.713	10.713
191	  C	 18.4	  0.1	0.233	6.668	6.668
192	  S	 12.2	  0.2	0.695	0.298	0.298
193	  K	  2.1	  0.2	0.695	0.000	0.000
194	  K	  0.5	  0.2	0.695	0.000	0.000
195	  L	  0.4	  0.5	0.695	0.000	0.000
196	  A	  0.4	  0.5	0.695	0.000	0.000
197	  G	  0.1	  0.5	0.695	0.000	0.000
198	  Q	  0.8	  0.5	0.369	0.000	0.000
199	  R	  2.6	  0.1	0.000	0.000	0.000
200	  F	  8.1	  0.1	0.000	0.000	0.000
201	  T	  8.2	  0.0	0.000	0.000	0.000
202	  A	  6.7	  0.0	0.000	0.000	0.000
203	  V	  2.0	  0.1	0.000	0.000	0.000
204	  E	  1.1	  0.1	0.000	0.000	0.000
205	  D	  1.4	  0.1	0.000	0.000	0.000
206	  Q	  3.7	  0.1	0.000	0.000	0.000
207	  Y	  8.1	  0.0	0.000	0.000	0.000
208	  Y	  9.8	  0.0	0.000	0.000	0.000
209	  C	  8.2	  0.1	0.000	0.000	0.000
210	  V	  5.9	  0.2	0.000	0.000	0.000
211	  D	  4.8	  0.2	0.884	0.000	0.000
212	  C	  7.1	  0.2	0.884	0.000	0.000
213	  Y	  5.4	  0.3	0.884	0.000	0.000
214	  K	  4.2	  0.2	0.884	0.000	0.000
215	  N	  1.4	  0.2	1.056	0.000	0.000
216	  F	  3.3	  0.2	1.056	0.000	0.000
217	  V	  4.0	  0.0	0.903	0.000	0.000
218	  A	  3.3	  0.1	0.903	0.000	0.000
219	  K	  1.0	  0.1	0.706	0.000	0.000
220	  K	  1.0	  0.1	0.437	0.000	0.000
221	  C	  1.2	  1.4	0.000	0.000	0.000
222	  A	  1.0	  1.5	0.000	0.000	0.000
223	  G	  0.3	  1.5	0.000	0.000	0.000
224	  C	  0.4	  1.5	0.000	0.000	0.000
225	  K	  0.4	  0.2	0.000	0.000	0.000
226	  N	  0.4	  0.0	0.625	0.000	0.000
227	  P	  0.0	  0.0	0.625	0.000	0.000
228	  I	  2.8	  0.1	0.625	0.000	0.000
229	  T	  2.8	  0.2	0.625	0.000	0.000
230	  G	  2.8	  0.2	0.762	0.000	0.000
231	  K	  0.5	  0.2	0.762	0.000	0.000
232	  R	  1.1	  0.2	0.138	0.000	0.000
233	  T	 18.3	  0.1	0.138	0.000	0.000
234	  V	 18.6	  0.0	0.138	0.000	0.000
235	  S	 18.2	  0.0	0.138	0.000	0.000
236	  R	  2.2	  0.0	0.000	0.000	0.000
237	  V	  4.5	  0.0	0.000	0.000	0.000
238	  S	  4.4	  0.0	0.000	0.000	0.000
239	  H	  3.4	  0.0	0.000	0.000	0.000
240	  P	  0.1	  0.0	0.000	0.000	0.000
241	  V	  1.0	  0.0	0.000	0.000	0.000
242	  S	  1.0	  0.1	0.000	0.000	0.000
243	  K	  1.2	  0.1	0.000	0.000	0.000
244	  A	  0.5	  0.1	0.000	0.000	0.000
245	  R	  0.4	  0.0	0.000	0.000	0.000
246	  K	  0.2	  0.0	0.000	0.000	0.000
247	  P	  0.0	  0.0	0.000	0.000	0.000
248	  P	  0.0	  0.0	0.000	0.000	0.000
249	  V	  1.2	  0.0	0.000	0.000	0.000
250	  C	  1.7	  2.0	0.000	0.000	0.000
251	  H	  1.7	  2.2	0.000	0.000	0.000
252	  G	  0.6	  2.2	0.000	0.000	0.000
253	  K	  0.4	  2.2	0.000	0.000	0.000
254	  R	  0.4	  0.2	0.000	0.000	0.000
255	  L	  0.4	  0.1	0.000	0.000	0.000
256	  P	  0.1	  0.0	0.000	0.000	0.000
257	  L	  2.4	  0.0	0.000	0.000	0.000
258	  T	  4.2	  0.0	0.000	0.000	0.000
259	  L	  4.3	  0.0	0.000	0.000	0.000
260	  F	  1.9	  0.5	0.000	0.000	0.000
261	  P	  0.1	  0.5	0.160	0.000	0.000
262	  S	  0.5	  2.6	0.842	0.000	0.000
263	  A	  0.6	  2.6	0.842	0.000	0.000
264	  N	  1.2	  2.2	0.986	0.000	0.000
265	  L	  0.9	  2.4	0.986	0.000	0.000
266	  R	  0.9	  0.4	0.986	0.000	0.000
267	  G	  0.3	  0.4	0.827	0.000	0.000
268	  R	  0.2	  0.2	0.356	0.000	0.000
269	  H	  0.1	  2.4	0.144	0.000	0.000
270	  P	  0.1	  2.5	0.000	0.000	0.000
271	  G	  0.0	  2.6	0.000	0.000	0.000
272	  G	  0.0	  2.7	0.000	0.000	0.000
273	  E	  0.3	  0.4	0.000	0.000	0.000
274	  R	  0.4	  0.2	0.000	0.000	0.000
275	  T	  0.8	  0.1	0.000	0.000	0.000
276	  C	  0.5	  0.8	0.000	0.000	0.000
277	  P	  0.4	  0.7	0.000	0.153	0.153
278	  S	  0.6	  0.7	0.158	12.641	12.641
279	  W	  1.7	  0.7	0.158	91.040	91.040
280	  V	 13.7	  0.0	0.158	97.446	97.446
281	  V	 20.0	  0.0	0.158	97.446	97.446
282	  V	 20.2	  0.0	0.158	97.446	97.446
283	  L	  9.0	  0.0	0.158	96.221	96.221
284	  Y	  2.7	  0.0	0.158	71.447	71.447
285	  R	  1.8	  0.2	0.000	0.000	0.000
286	  K	  1.7	  0.2	0.000	0.000	0.000
287	  N	  0.6	  0.6	0.000	0.000	0.000
288	  R	  0.6	  0.6	0.000	0.000	0.000
289	  S	  0.7	  0.5	0.000	0.000	0.000
290	  L	  0.9	  0.4	0.000	0.000	0.000
291	  A	  0.4	  0.0	0.000	0.000	0.000
292	  A	  0.3	  0.6	0.000	0.000	0.000
293	  P	  0.0	  0.6	0.000	0.000	0.000
294	  R	  0.0	  0.6	0.000	0.000	0.000
295	  G	  0.0	  1.6	0.000	0.000	0.000
296	  P	  0.0	  1.0	0.000	0.000	0.000
297	  G	  0.0	  1.0	0.000	0.000	0.000
298	  L	  0.6	  1.0	0.000	0.000	0.000
299	  V	  5.7	  0.0	0.000	0.000	0.000
300	  K	  5.8	  0.0	0.000	0.000	0.000
301	  A	  5.2	  0.0	0.000	0.000	0.000
302	  P	  0.1	  0.0	0.000	0.000	0.000
303	  V	  2.2	  0.0	0.000	0.000	0.000
304	  W	  2.3	  0.0	0.000	0.000	0.000
305	  W	  2.3	  0.0	0.000	0.000	0.000
306	  P	  0.1	  0.0	0.000	0.000	0.000
307	  M	  0.2	  0.3	0.000	0.000	0.000
308	  K	  0.2	  0.3	0.000	0.000	0.000
309	  D	  0.2	  0.3	0.000	0.000	0.000
310	  N	  0.0	  2.3	0.000	0.000	0.000
311	  P	  0.0	  2.2	0.000	0.000	0.000
312	  G	  0.0	  2.3	0.000	0.000	0.000
313	  T	  1.8	  2.3	0.000	0.000	0.000
314	  T	  2.5	  0.3	0.000	0.000	0.000
315	  T	  5.2	  0.2	0.123	0.000	0.000
316	  A	  3.6	  0.2	0.123	0.000	0.000
317	  S	  3.1	  0.2	0.123	0.000	0.000
318	  T	  1.6	  0.2	0.123	0.000	0.000
319	  A	  1.5	  0.3	0.123	0.000	0.000
320	  K	  1.5	  0.3	0.123	0.000	0.000
321	  N	  0.2	  0.2	0.000	0.000	0.000
322	  A	  0.2	  0.2	0.000	0.000	0.000
323	  P	  0.0	  0.0	0.000	0.000	0.000
