res	aa	Beta	Turn	Helix	Aggregation	Conc-Stab_Aggregation
01	  M	  0.1	  0.0	0.000	0.000	0.000
02	  Q	  0.1	  0.0	0.000	0.000	0.000
03	  G	  0.1	  0.0	0.000	0.000	0.000
04	  P	  0.0	  0.2	0.000	0.000	0.000
05	  P	  0.0	  0.3	0.000	0.000	0.000
06	  R	  0.5	  0.4	0.000	0.000	0.000
07	  S	  2.6	  0.4	0.000	0.000	0.000
08	  L	  3.0	  0.2	0.000	0.000	0.000
09	  R	  2.5	  0.2	0.000	0.000	0.000
10	  A	  0.5	  0.3	0.000	0.000	0.000
11	  G	  0.1	  0.3	0.000	0.000	0.000
12	  L	  1.9	  0.2	0.000	0.000	0.000
13	  S	  4.3	  1.1	0.000	0.000	0.000
14	  L	  4.4	  1.4	0.000	0.000	0.000
15	  D	  2.7	  1.4	0.000	0.000	0.000
16	  D	  1.0	  1.4	0.000	0.000	0.000
17	  F	  1.0	  0.4	0.000	0.000	0.000
18	  I	  1.0	  1.0	0.000	0.000	0.000
19	  P	  0.2	  1.0	0.000	0.000	0.000
20	  G	  0.0	  1.0	0.000	0.000	0.000
21	  H	  0.6	  1.0	0.000	0.000	0.000
22	  L	  0.9	  0.2	0.000	0.000	0.000
23	  Q	  1.1	  0.1	0.000	0.000	0.000
24	  S	  1.5	  0.1	0.000	0.000	0.000
25	  H	  2.4	  0.5	0.000	0.000	0.000
26	  I	  2.2	  1.4	0.000	0.000	0.000
27	  G	  1.2	  1.5	0.000	0.000	0.000
28	  S	  1.0	  2.3	0.000	0.000	0.000
29	  S	  1.3	  2.2	0.000	0.000	0.000
30	  S	  1.3	  1.4	0.000	0.000	0.000
31	  R	  0.5	  1.3	0.000	0.000	0.000
32	  G	  0.2	  0.5	0.000	0.000	0.000
33	  T	  1.7	  0.2	0.000	0.000	0.000
34	  R	  1.8	  0.1	0.000	0.000	0.000
35	  V	  1.9	  0.0	0.000	0.000	0.000
36	  P	  0.3	  0.0	0.000	0.000	0.000
37	  V	  3.6	  0.0	0.000	0.000	0.000
38	  I	  3.8	  0.3	0.000	0.000	0.000
39	  R	  3.8	  0.8	0.000	0.000	0.000
40	  N	  0.3	  0.9	0.000	0.000	0.000
41	  G	  0.0	  1.5	0.000	0.000	0.000
42	  G	  0.0	  1.5	0.000	0.000	0.000
43	  S	  0.0	  1.0	0.000	0.000	0.000
44	  N	  0.1	  0.9	0.000	0.000	0.000
45	  T	  1.8	  0.4	0.000	0.000	0.000
46	  L	  3.5	  0.2	0.000	0.000	0.000
47	  N	  4.5	  0.1	0.000	0.000	0.000
48	  F	  8.5	  0.1	0.000	0.000	0.000
49	  Q	  8.3	  0.0	0.000	0.000	0.000
50	  F	  8.6	  0.0	0.000	0.000	0.000
51	  H	  3.1	  0.0	0.000	0.000	0.000
52	  D	  1.4	  0.0	0.000	0.000	0.000
53	  P	  0.0	  0.0	0.000	0.000	0.000
54	  A	  0.0	  0.1	0.000	0.000	0.000
55	  P	  0.0	  0.2	0.000	0.000	0.000
56	  R	  0.7	  0.2	0.000	0.000	0.000
57	  T	  3.9	  0.2	0.000	0.000	0.000
58	  V	  4.7	  0.2	0.000	0.000	0.000
59	  C	  4.1	  0.9	0.000	0.000	0.000
60	  N	  1.0	  1.1	0.000	0.000	0.000
61	  G	  0.1	  1.1	0.000	0.000	0.000
62	  G	  0.3	  1.0	0.000	0.000	0.000
63	  Y	  1.0	  0.3	0.000	0.000	0.000
64	  T	  1.0	  0.2	0.000	0.000	0.000
65	  P	  0.7	  0.3	0.000	0.000	0.000
66	  R	  0.6	  0.7	0.000	0.000	0.000
67	  R	  0.6	  0.7	0.000	0.000	0.000
68	  D	  0.7	  2.3	0.000	0.000	0.000
69	  A	  0.3	  2.3	0.000	0.000	0.000
70	  S	  0.8	  1.9	0.000	0.000	0.000
71	  Q	  0.8	  1.8	0.000	0.000	0.000
72	  H	  0.6	  0.1	0.000	0.000	0.000
73	  P	  0.1	  0.0	0.000	0.000	0.000
74	  D	  0.0	  0.1	0.518	0.000	0.000
75	  P	  0.0	  0.1	0.518	0.000	0.000
76	  A	  0.2	  0.1	0.518	0.000	0.000
77	  W	  1.5	  0.1	0.518	0.000	0.000
78	  Y	  2.1	  0.0	0.518	0.000	0.000
79	  Q	  3.3	  0.0	0.518	0.000	0.000
80	  T	  2.8	  0.0	0.224	0.000	0.000
81	  W	  2.3	  0.0	0.224	0.000	0.000
82	  P	  0.8	  0.1	0.000	0.000	0.000
83	  G	  0.0	  2.8	0.000	0.000	0.000
84	  P	  0.0	  3.0	0.000	0.000	0.000
85	  G	  0.0	  3.0	0.000	0.000	0.000
86	  S	  0.1	  2.9	0.000	0.000	0.000
87	  K	  0.1	  0.6	0.000	0.000	0.000
88	  P	  0.1	  0.4	0.000	0.000	0.000
89	  S	  3.2	  1.2	0.000	0.000	0.000
90	  A	  3.3	  1.3	0.000	0.000	0.000
91	  S	  3.6	  0.9	0.000	0.000	0.000
92	  T	  2.0	  0.9	0.000	0.000	0.000
93	  K	  2.0	  0.1	0.000	0.000	0.000
94	  I	  1.7	  0.0	0.000	0.000	0.000
95	  P	  0.2	  0.2	0.000	0.000	0.000
96	  A	  0.2	  0.2	0.000	0.000	0.000
97	  S	  0.6	  0.3	0.365	0.000	0.000
98	  Q	  1.0	  0.3	0.365	0.000	0.000
99	  H	  1.8	  0.2	0.365	0.000	0.000
100	  T	  2.1	  0.3	0.365	0.000	0.000
101	  Q	  2.2	  0.2	0.365	0.000	0.000
102	  N	  1.9	  0.5	0.365	0.000	0.000
103	  W	  3.2	  0.5	0.000	0.000	0.000
104	  S	  3.3	  0.4	0.000	0.000	0.000
105	  A	  3.3	  0.4	0.000	0.000	0.000
106	  T	 15.6	  0.1	0.000	0.000	0.000
107	  W	 17.0	  0.1	0.000	0.000	0.000
108	  T	 16.7	  0.3	0.000	0.000	0.000
109	  K	  2.9	  0.3	0.000	0.000	0.000
110	  D	  0.5	  0.5	0.000	0.000	0.000
111	  S	  0.9	  0.5	0.000	0.000	0.000
112	  K	  1.2	  0.3	0.000	0.000	0.000
113	  R	  1.7	  0.6	0.000	0.000	0.000
114	  R	  0.9	  0.5	0.000	0.000	0.000
115	  D	  0.7	  0.5	0.000	0.000	0.000
116	  K	  0.3	  0.4	0.000	0.000	0.000
117	  R	  0.8	  0.0	0.000	0.000	0.000
118	  W	  2.0	  0.0	0.000	0.000	0.000
119	  V	  5.3	  0.0	0.000	0.000	0.000
120	  K	  8.2	  0.0	0.000	0.000	0.000
121	  Y	  7.3	  0.5	0.000	0.000	0.000
122	  E	  4.1	  0.7	0.000	0.000	0.000
123	  G	  0.4	  0.7	0.000	0.000	0.000
124	  I	  0.0	  0.7	0.000	0.000	0.000
125	  G	  0.0	  0.2	0.000	0.000	0.000
126	  P	  0.0	  0.0	0.000	0.000	0.000
127	  V	  0.2	  0.1	0.000	0.000	0.000
128	  D	  0.2	  5.5	0.000	0.000	0.000
129	  E	  0.2	  5.6	0.000	0.000	0.000
130	  S	  0.0	  5.6	0.000	0.000	0.000
131	  G	  0.0	  5.6	0.000	0.000	0.000
132	  M	  0.1	  0.2	0.000	0.000	0.000
133	  P	  0.0	  0.0	0.000	0.000	0.000
134	  I	  0.4	  0.0	0.000	0.000	0.000
135	  A	  0.4	  0.2	0.000	0.000	0.000
136	  P	  0.4	  0.3	0.000	0.000	0.000
137	  R	  0.2	  0.4	0.000	0.000	0.000
138	  S	  0.4	  0.4	0.000	0.000	0.000
139	  S	  4.8	  0.6	0.000	0.000	0.000
140	  V	  5.1	  0.4	0.000	0.000	0.000
141	  D	  4.9	  0.4	0.000	0.000	0.000
142	  R	  0.5	  0.6	0.000	0.000	0.000
143	  P	  0.0	  0.4	0.114	0.000	0.000
144	  R	  0.2	  0.4	0.650	0.000	0.000
145	  D	  0.9	  0.4	1.318	0.000	0.000
146	  W	  2.1	  0.2	1.318	0.000	0.000
147	  Y	  3.8	  0.1	1.318	0.000	0.000
148	  R	  3.5	  0.1	1.318	0.000	0.000
149	  R	  3.1	  0.1	1.318	0.000	0.000
150	  M	  1.5	  0.1	1.318	0.000	0.000
151	  F	  2.8	  0.1	1.318	0.000	0.000
152	  Q	  2.3	  0.1	1.047	0.000	0.000
153	  Q	  2.8	  0.1	0.550	0.000	0.000
154	  I	  2.5	  0.1	0.272	0.000	0.000
155	  H	  2.7	  0.1	0.272	0.000	0.000
156	  R	  2.6	  0.1	0.000	0.000	0.000
157	  K	  1.2	  0.1	0.000	0.000	0.000
158	  M	  0.8	  0.9	0.000	0.000	0.000
159	  P	  0.1	  0.9	0.000	0.000	0.000
160	  D	  0.1	  0.9	0.000	0.000	0.000
161	  L	  1.6	  0.9	0.000	0.000	0.000
162	  Q	  2.2	  0.1	0.000	0.000	0.000
163	  L	  2.9	  0.0	0.000	0.000	0.000
164	  D	  2.0	  0.0	0.000	0.000	0.000
165	  W	  8.7	  0.0	0.000	0.000	0.000
166	  T	 18.1	  0.0	0.000	0.000	0.000
167	  F	 19.0	  0.0	0.000	0.000	0.000
168	  E	 12.1	  0.0	0.000	0.000	0.000
169	  E	  1.6	  0.0	0.000	0.000	0.000
170	  P	  0.0	  0.3	0.000	0.000	0.000
171	  P	  0.0	  0.3	0.000	0.000	0.000
172	  R	  0.0	  0.3	0.000	0.000	0.000
173	  D	  0.0	  0.8	0.135	0.000	0.000
174	  P	  0.0	  0.6	0.135	0.000	0.000
175	  R	  0.5	  0.7	0.135	0.000	0.000
176	  H	  0.7	  0.9	0.135	0.000	0.000
177	  L	  0.7	  0.4	0.135	0.000	0.000
178	  G	  0.2	  0.3	0.135	0.000	0.000
179	  A	  0.1	  0.4	0.000	0.000	0.000
180	  Q	  0.6	  0.1	0.000	0.000	0.000
181	  Q	  0.6	  0.0	0.000	0.000	0.000
182	  R	  0.5	  0.0	0.000	0.000	0.000
183	  P	  0.1	  0.0	0.000	0.000	0.000
184	  A	  0.4	  0.0	0.000	0.000	0.000
185	  H	  0.5	  0.0	0.000	0.000	0.000
186	  R	  0.5	  0.0	0.000	0.000	0.000
187	  P	  0.1	  0.0	0.000	0.000	0.000
188	  G	  0.0	  0.0	0.159	0.000	0.000
189	  P	  0.0	  0.0	0.159	0.000	0.000
190	  A	  0.2	  0.1	0.159	0.000	0.000
191	  T	  1.6	  0.2	0.159	0.000	0.000
192	  S	  2.5	  2.6	0.159	0.000	0.000
193	  S	  2.4	  3.0	0.159	0.000	0.000
194	  S	  1.1	  3.5	0.000	0.000	0.000
195	  G	  0.2	  3.4	0.000	0.000	0.000
196	  R	  1.5	  1.0	0.000	0.000	0.000
197	  S	  6.7	  1.1	0.000	0.000	0.000
198	  W	  7.0	  0.7	0.000	0.000	0.000
199	  D	  5.7	  0.8	0.000	0.000	0.000
200	  H	  0.4	  0.9	0.000	0.000	0.000
201	  S	  0.1	  0.5	0.000	0.000	0.000
202	  E	  0.1	  0.5	0.000	0.000	0.000
203	  E	  0.1	  0.2	0.000	0.000	0.000
204	  L	  0.1	  0.2	0.000	0.000	0.000
205	  P	  0.0	  0.2	0.000	0.000	0.000
206	  R	  0.3	  0.3	0.000	0.000	0.000
207	  S	  1.0	  0.3	0.000	0.000	0.000
208	  T	  9.9	  0.2	0.000	0.000	0.000
209	  F	 12.9	  0.1	0.000	0.000	0.000
210	  N	 16.0	  0.0	0.000	0.000	0.000
211	  Y	  7.8	  0.0	0.000	0.000	0.000
212	  R	  4.4	  1.1	0.000	0.000	0.000
213	  P	  0.3	  1.3	0.000	0.000	0.000
214	  G	  0.0	  1.3	0.000	0.000	0.000
215	  A	  0.5	  1.3	0.000	3.402	3.402
216	  F	  1.3	  0.3	0.000	6.801	6.801
217	  S	  1.8	  0.1	0.000	6.801	6.801
218	  T	  5.2	  0.1	0.000	6.801	6.801
219	  V	  9.3	  0.1	0.000	6.801	6.801
220	  L	  9.0	  0.0	0.000	6.273	6.273
221	  Q	  5.2	  0.4	0.000	0.000	0.000
222	  P	  0.1	  0.6	0.000	0.000	0.000
223	  S	  0.0	  0.6	0.000	0.000	0.000
224	  N	  0.2	  0.6	0.673	0.000	0.000
225	  Q	  0.7	  0.3	0.673	0.000	0.000
226	  V	  2.7	  0.0	0.673	0.000	0.000
227	  L	  2.7	  0.0	0.673	0.000	0.000
228	  R	  2.6	  0.1	0.673	0.000	0.000
229	  R	  0.7	  0.1	0.673	0.000	0.000
230	  R	  0.6	  0.2	0.207	0.000	0.000
231	  E	  0.2	  0.1	0.000	0.000	0.000
232	  K	  1.6	  0.2	0.000	0.000	0.000
233	  V	  2.0	  0.2	0.000	0.000	0.000
234	  D	  1.9	  0.2	0.000	0.000	0.000
235	  N	  4.1	  0.2	0.000	0.000	0.000
236	  V	  5.6	  0.1	0.000	0.000	0.000
237	  W	  6.2	  0.0	0.000	0.000	0.000
238	  T	  2.7	  0.1	0.645	0.000	0.000
239	  E	  0.7	  0.1	0.645	0.000	0.000
240	  E	  0.2	  0.1	0.645	0.000	0.000
241	  S	  6.7	  0.4	0.645	0.000	0.000
242	  W	  7.5	  0.4	0.645	0.000	0.000
243	  N	  8.5	  0.4	0.645	0.000	0.000
244	  Q	  3.1	  0.4	0.436	0.000	0.000
245	  F	  3.0	  0.0	0.174	0.000	0.000
246	  L	  1.9	  0.0	0.000	0.000	0.000
247	  Q	  0.9	  0.1	0.000	0.000	0.000
248	  E	  0.3	  0.1	0.000	0.000	0.000
249	  L	  0.3	  0.3	0.000	0.000	0.000
250	  E	  0.2	  0.4	0.000	0.000	0.000
251	  T	  0.1	  0.4	0.000	0.000	0.000
252	  G	  0.1	  0.4	0.000	0.000	0.000
253	  Q	  0.2	  0.2	0.000	0.000	0.000
254	  R	  0.1	  0.2	0.000	0.000	0.000
255	  P	  0.1	  0.2	0.000	0.000	0.000
256	  K	  0.0	  0.2	0.000	0.000	0.000
257	  K	  0.0	  0.2	0.000	0.000	0.000
258	  P	  0.0	  0.0	0.000	0.000	0.000
259	  L	  0.6	  0.0	0.000	0.000	0.000
260	  V	  1.2	  0.0	0.000	0.000	0.000
261	  D	  1.2	  0.0	0.000	0.000	0.000
262	  D	  0.7	  4.5	0.000	0.000	0.000
263	  P	  0.0	  4.5	0.000	0.000	0.000
264	  G	  0.0	  4.5	0.000	0.000	0.000
265	  E	  0.0	  4.5	0.000	0.000	0.000
266	  K	  0.1	  0.3	0.000	0.000	0.000
267	  P	  0.0	  0.3	0.000	0.000	0.000
268	  S	  0.1	  0.3	0.000	0.000	0.000
269	  Q	  0.1	  0.3	0.000	0.000	0.000
270	  P	  0.1	  0.0	0.000	0.000	0.000
271	  I	  8.1	  0.0	0.000	0.000	0.000
272	  E	  8.6	  0.0	0.000	0.000	0.000
273	  V	 12.2	  0.0	0.256	0.000	0.000
274	  L	  4.2	  0.0	0.700	0.000	0.000
275	  L	  3.7	  0.0	1.597	0.000	0.000
276	  E	  0.2	  0.1	2.363	0.000	0.000
277	  R	  0.2	  0.1	2.363	0.000	0.000
278	  E	  0.2	  0.1	2.363	0.000	0.000
279	  L	  0.2	  0.1	2.363	0.000	0.000
280	  A	  0.2	  0.1	2.363	0.000	0.000
281	  E	  0.5	  0.0	2.363	0.000	0.000
282	  L	  1.1	  0.1	1.605	0.000	0.000
283	  S	  1.4	  0.1	2.296	0.000	0.000
284	  A	  1.1	  0.1	1.376	0.000	0.000
285	  E	  1.2	  0.1	1.251	0.000	0.000
286	  L	  0.9	  0.1	1.251	0.000	0.000
287	  D	  0.8	  1.6	2.181	0.000	0.000
288	  K	  0.1	  1.6	2.181	0.000	0.000
289	  D	  0.4	  1.6	3.937	0.000	0.000
290	  L	  0.8	  1.6	3.758	0.000	0.000
291	  R	  1.1	  0.0	3.758	0.000	0.000
292	  A	  0.9	  0.0	3.611	0.000	0.000
293	  I	  1.0	  0.1	3.203	0.000	0.000
294	  E	  0.8	  0.0	3.203	0.000	0.000
295	  T	  1.5	  0.0	1.763	0.000	0.000
296	  R	  1.0	  0.0	1.763	0.000	0.000
297	  L	  1.0	  0.0	0.936	0.000	0.000
298	  P	  0.1	  0.0	0.000	0.000	0.000
299	  S	  0.0	  0.3	0.000	0.000	0.000
300	  P	  0.0	  0.4	0.000	0.000	0.000
301	  K	  0.3	  0.4	0.000	0.000	0.000
302	  S	  0.3	  0.4	0.000	0.000	0.000
303	  S	  0.3	  0.1	0.000	0.000	0.000
304	  P	  0.0	  0.0	0.000	0.000	0.000
305	  A	  0.0	  0.2	0.000	0.000	0.000
306	  P	  0.0	  0.2	0.000	0.000	0.000
307	  R	  0.4	  0.2	0.000	0.000	0.000
308	  R	  0.4	  0.2	0.000	0.000	0.000
309	  A	  0.4	  0.2	0.000	0.000	0.000
310	  P	  0.0	  0.3	0.000	0.000	0.000
311	  E	  0.1	  0.3	0.000	0.000	0.000
312	  Q	  0.1	  0.3	0.000	0.000	0.000
313	  R	  0.1	  0.1	0.000	0.000	0.000
314	  P	  0.0	  0.4	0.000	0.000	0.000
315	  P	  0.0	  0.4	0.000	0.000	0.000
316	  A	  0.0	  0.4	0.000	0.000	0.000
317	  G	  0.0	  0.4	0.000	0.000	0.000
318	  P	  0.0	  0.3	0.000	0.000	0.000
319	  A	  0.2	  0.3	0.000	0.000	0.000
320	  S	  0.4	  0.2	0.153	0.000	0.000
321	  A	  0.7	  0.2	0.153	0.000	0.000
322	  W	  1.5	  0.1	0.153	0.000	0.000
323	  S	  2.3	  1.1	0.153	0.000	0.000
324	  S	  2.4	  1.1	0.153	0.000	0.000
325	  S	  1.7	  1.1	0.153	0.000	0.000
326	  Y	  0.8	  1.2	0.153	0.000	0.000
327	  P	  0.3	  0.2	0.000	0.000	0.000
328	  H	  0.1	  0.2	0.000	0.000	0.000
329	  A	  0.1	  0.4	0.000	0.000	0.000
330	  P	  0.1	  0.2	0.000	0.000	0.000
331	  Y	  0.4	  0.3	0.000	0.000	0.000
332	  L	  0.4	  0.5	0.000	0.000	0.000
333	  G	  0.5	  0.4	0.000	0.000	0.000
334	  S	  0.8	  0.4	0.000	0.000	0.000
335	  A	  1.0	  0.4	0.000	0.000	0.000
336	  R	  1.4	  0.1	0.000	0.000	0.000
337	  S	 10.5	  0.1	0.000	0.000	0.000
338	  L	 10.5	  0.1	0.000	0.000	0.000
339	  S	 10.0	  0.4	0.000	0.000	0.000
340	  P	  0.1	  0.4	0.000	0.000	0.000
341	  H	  0.6	  0.4	0.000	0.000	0.000
342	  K	  1.0	  0.4	0.000	0.000	0.000
343	  M	  1.1	  1.0	0.000	0.000	0.000
344	  A	  0.4	  1.2	0.000	0.000	0.000
345	  D	  0.0	  1.7	0.000	0.000	0.000
346	  G	  0.0	  1.7	0.000	0.000	0.000
347	  G	  0.0	  0.6	0.000	0.000	0.000
348	  S	  0.0	  0.6	0.141	0.000	0.000
349	  P	  0.0	  0.2	0.141	0.000	0.000
350	  F	  0.4	  0.3	0.141	0.000	0.000
351	  L	  0.4	  0.5	0.141	0.000	0.000
352	  G	  0.4	  0.4	0.141	0.000	0.000
353	  R	  0.6	  0.8	0.141	0.000	0.000
354	  R	  0.9	  0.6	0.000	0.000	0.000
355	  D	  1.2	  0.5	0.000	0.000	0.000
356	  F	  3.5	  0.4	0.000	0.000	0.000
357	  V	  3.7	  0.0	0.000	0.000	0.000
358	  Y	  3.3	  0.4	0.000	0.000	0.000
359	  P	  0.4	  0.5	0.000	0.000	0.000
360	  S	  0.3	  0.6	0.000	0.000	0.000
361	  S	  1.0	  0.6	0.000	0.000	0.000
362	  T	  1.4	  0.3	0.000	0.000	0.000
363	  R	  1.1	  0.1	0.000	0.000	0.000
364	  D	  0.4	  5.3	0.000	0.000	0.000
365	  P	  0.0	  5.3	0.000	0.000	0.000
366	  S	  3.0	  6.6	0.000	0.000	0.000
367	  A	  3.0	  7.3	0.000	0.000	0.000
368	  S	  3.0	  2.2	0.000	0.000	0.000
369	  N	  0.0	  2.4	0.000	0.000	0.000
370	  G	  0.0	  1.2	0.000	0.000	0.000
371	  G	  0.0	  0.5	0.000	0.000	0.000
372	  G	  0.0	  0.3	0.000	0.000	0.000
373	  S	  0.0	  0.2	3.024	0.000	0.000
374	  P	  0.0	  0.1	3.024	0.000	0.000
375	  A	  0.1	  0.2	3.024	0.000	0.000
376	  R	  0.3	  0.2	3.551	0.000	0.000
377	  R	  0.3	  0.1	4.060	0.000	0.000
378	  E	  0.3	  0.2	5.404	0.000	0.000
379	  E	  0.6	  0.2	5.453	0.000	0.000
380	  K	  0.6	  0.2	4.895	0.000	0.000
381	  K	  0.9	  0.1	4.551	0.000	0.000
382	  R	  0.6	  0.1	4.356	0.000	0.000
383	  K	  0.6	  0.1	4.356	0.000	0.000
384	  A	  0.3	  0.1	3.318	0.000	0.000
385	  A	  0.4	  0.1	2.746	0.000	0.000
386	  R	  0.6	  0.0	1.698	0.000	0.000
387	  L	  1.4	  0.0	0.322	0.000	0.000
388	  K	  1.8	  0.1	0.000	0.000	0.000
389	  F	  3.9	  0.1	0.000	0.000	0.000
390	  D	  3.6	  0.1	0.000	0.000	0.000
391	  F	  5.5	  0.1	0.000	0.000	0.000
392	  Q	  3.3	  0.0	0.000	0.000	0.000
393	  A	  2.9	  0.0	0.000	0.000	0.000
394	  Q	  0.4	  0.0	0.000	0.000	0.000
395	  S	  0.2	  0.2	0.730	0.000	0.000
396	  P	  0.0	  0.3	0.730	0.000	0.000
397	  K	  0.1	  0.3	0.730	0.000	0.000
398	  E	  0.7	  0.3	0.730	0.000	0.000
399	  L	  3.1	  0.1	0.730	0.000	0.000
400	  T	  5.8	  0.0	0.730	0.000	0.000
401	  L	  5.4	  0.1	0.730	0.000	0.000
402	  Q	  3.1	  0.4	0.591	0.000	0.000
403	  K	  0.2	  0.8	0.181	0.000	0.000
404	  G	  0.0	  0.8	0.000	0.000	0.000
405	  D	  1.2	  0.7	0.000	0.000	0.000
406	  I	  6.3	  0.4	0.000	5.876	5.876
407	  V	  8.9	  0.0	0.000	5.876	5.876
408	  Y	  8.4	  0.0	0.000	5.876	5.876
409	  I	  3.9	  0.0	0.000	5.876	5.876
410	  H	  1.5	  0.1	0.000	5.876	5.876
411	  K	  1.4	  0.1	0.265	0.166	0.166
412	  E	  5.8	  0.1	0.265	0.166	0.166
413	  V	  5.8	  0.1	0.265	0.166	0.166
414	  D	  5.3	  1.4	0.414	0.000	0.000
415	  K	  0.4	  1.4	0.414	0.000	0.000
416	  N	  0.2	  1.4	0.414	0.000	0.000
417	  W	  0.5	  1.4	0.149	0.000	0.000
418	  L	  0.5	  0.4	0.149	0.000	0.000
419	  E	  0.4	  0.6	0.149	0.000	0.000
420	  G	  0.0	  0.7	0.000	0.000	0.000
421	  E	  1.5	  0.7	0.000	0.000	0.000
422	  H	  1.8	  1.3	0.000	0.000	0.000
423	  H	  1.8	  1.3	0.000	0.000	0.000
424	  G	  0.3	  1.4	0.000	0.000	0.000
425	  R	  0.2	  1.3	0.000	0.000	0.000
426	  L	  0.3	  0.6	0.000	0.000	0.000
427	  G	  0.4	  0.3	0.000	0.000	0.000
428	  I	  0.4	  0.2	0.000	0.000	0.000
429	  F	  0.2	  0.2	0.000	0.000	0.000
430	  P	  0.2	  0.3	0.000	0.000	0.000
431	  A	  0.1	  0.3	0.000	0.000	0.000
432	  N	  0.7	  0.3	0.158	0.000	0.000
433	  Y	  2.6	  0.3	0.158	0.000	0.000
434	  V	 21.4	  0.0	0.158	0.000	0.000
435	  E	 21.6	  0.0	0.158	0.000	0.000
436	  V	 20.3	  0.0	0.158	0.000	0.000
437	  L	  1.6	  0.0	0.158	0.000	0.000
438	  P	  0.4	  0.3	0.000	0.000	0.000
439	  A	  0.0	  0.3	0.000	0.000	0.000
440	  D	  0.1	  0.3	0.000	0.000	0.000
441	  E	  0.2	  0.3	0.000	0.000	0.000
442	  I	  0.2	  0.0	0.000	0.000	0.000
443	  P	  0.1	  0.0	0.000	0.000	0.000
444	  K	  0.0	  0.0	0.000	0.000	0.000
445	  P	  0.0	  0.0	0.000	0.000	0.000
446	  I	  0.0	  0.0	0.000	0.000	0.000
447	  K	  0.0	  0.0	0.000	0.000	0.000
448	  P	  0.0	  0.3	0.000	0.000	0.000
449	  P	  0.0	  0.3	0.000	0.000	0.000
450	  T	 20.1	  0.3	0.000	0.000	0.000
451	  Y	 22.3	  0.3	0.000	0.000	0.000
452	  Q	 22.7	  0.0	0.000	0.000	0.000
453	  V	  4.5	  0.0	0.000	0.000	0.000
454	  L	  2.2	  0.1	0.000	0.000	0.000
455	  E	  1.8	  0.1	0.088	0.000	0.000
456	  Y	  0.8	  0.3	0.088	0.000	0.000
457	  G	  0.2	  0.4	0.816	0.000	0.000
458	  E	  0.2	  0.3	0.913	0.000	0.000
459	  A	  0.4	  0.3	0.913	1.341	1.341
460	  V	  1.5	  0.0	0.913	3.058	3.058
461	  A	  1.8	  0.0	0.913	3.058	3.058
462	  Q	  4.1	  0.0	0.913	3.058	3.058
463	  Y	 14.5	  0.0	0.618	3.058	3.058
464	  T	 25.9	  0.0	0.000	3.058	3.058
465	  F	 23.6	  0.3	0.000	2.928	2.928
466	  K	 12.7	  1.2	0.000	0.000	0.000
467	  G	  0.4	  1.2	0.273	0.000	0.000
468	  D	  0.2	  1.2	1.032	0.000	0.000
469	  L	  1.9	  0.9	1.032	0.000	0.000
470	  E	  3.8	  0.0	1.032	0.000	0.000
471	  V	  7.7	  0.0	1.032	0.000	0.000
472	  E	  6.5	  0.0	1.032	0.000	0.000
473	  L	  6.6	  0.0	1.032	0.000	0.000
474	  S	  8.7	  0.0	1.032	0.000	0.000
475	  F	  9.5	  0.1	0.719	0.000	0.000
476	  R	  7.6	  0.5	0.107	0.000	0.000
477	  K	  1.4	  0.5	0.107	0.000	0.000
478	  G	  0.1	  0.6	0.000	0.000	0.000
479	  E	  0.2	  0.5	0.000	0.000	0.000
480	  H	  3.3	  0.2	0.278	1.771	1.771
481	  I	  5.0	  0.1	0.278	1.771	1.771
482	  C	  5.9	  0.0	0.482	1.771	1.771
483	  L	  3.0	  0.0	0.482	1.771	1.771
484	  I	  2.0	  0.0	0.482	1.771	1.771
485	  R	  1.6	  0.0	0.482	0.000	0.000
486	  K	  3.2	  0.0	0.326	0.000	0.000
487	  V	  2.7	  0.0	0.204	0.000	0.000
488	  N	  2.1	  1.2	0.204	0.000	0.000
489	  E	  0.3	  1.2	0.204	0.000	0.000
490	  N	  1.4	  1.2	0.204	0.000	0.000
491	  W	  2.7	  1.2	0.000	0.000	0.000
492	  Y	  3.0	  0.5	0.000	0.000	0.000
493	  E	  1.7	  0.6	0.000	0.000	0.000
494	  G	  0.4	  0.6	0.000	0.000	0.000
495	  R	  6.4	  0.6	0.000	0.000	0.000
496	  I	  9.0	  0.1	0.000	0.000	0.000
497	  T	  9.0	  0.4	0.000	0.000	0.000
498	  G	  2.7	  0.6	0.000	0.000	0.000
499	  T	  0.2	  0.7	0.000	0.000	0.000
500	  G	  0.1	  0.9	0.000	0.000	0.000
501	  R	  0.1	  0.7	0.000	0.000	0.000
502	  Q	  0.1	  0.5	0.000	0.000	0.000
503	  G	  0.1	  0.4	0.000	0.000	0.000
504	  I	  0.2	  0.2	0.000	0.000	0.000
505	  F	  0.2	  0.0	0.000	0.000	0.000
506	  P	  0.2	  0.2	0.000	0.000	0.000
507	  A	  0.6	  0.2	0.000	0.000	0.000
508	  S	  1.5	  0.2	0.000	0.000	0.000
509	  Y	  3.0	  0.2	0.000	0.400	0.400
510	  V	  6.8	  0.0	0.000	0.400	0.400
511	  Q	  6.4	  0.0	0.000	0.400	0.400
512	  V	  5.8	  0.0	0.000	0.400	0.400
513	  S	  1.8	  0.0	0.000	0.400	0.400
514	  R	  1.2	  0.0	0.000	0.000	0.000
515	  E	  0.4	  0.0	0.000	0.000	0.000
516	  P	  0.0	  0.0	0.000	0.000	0.000
517	  R	  0.6	  0.0	0.000	0.000	0.000
518	  L	  2.2	  0.1	0.000	0.000	0.000
519	  R	  2.3	  0.1	0.000	0.000	0.000
520	  L	  1.9	  0.0	0.000	0.000	0.000
521	  C	  0.4	  1.2	0.000	0.000	0.000
522	  D	  0.4	  1.2	0.000	0.000	0.000
523	  D	  0.1	  1.2	0.000	0.000	0.000
524	  G	  0.0	  1.5	0.000	0.000	0.000
525	  P	  0.0	  0.3	0.000	0.000	0.000
526	  Q	  0.1	  0.3	0.000	0.000	0.000
527	  L	  0.1	  0.5	0.000	0.000	0.000
528	  P	  0.1	  0.2	0.000	0.000	0.000
529	  T	  0.1	  0.2	0.000	0.000	0.000
530	  S	  0.1	  0.5	0.474	0.000	0.000
531	  P	  0.1	  0.3	0.474	0.000	0.000
532	  R	  0.7	  0.3	0.474	0.000	0.000
533	  L	  1.5	  0.3	0.474	0.000	0.000
534	  T	  1.8	  0.0	4.591	0.000	0.000
535	  A	  1.1	  0.0	4.591	0.000	0.000
536	  A	  0.4	  0.0	4.591	0.000	0.000
537	  A	  0.3	  0.1	4.426	0.000	0.000
538	  R	  0.5	  0.1	4.426	0.000	0.000
539	  S	  1.1	  0.1	4.244	0.000	0.000
540	  A	  1.4	  0.1	2.214	0.000	0.000
541	  R	  1.2	  0.0	1.434	0.000	0.000
542	  H	  0.5	  0.9	0.585	0.000	0.000
543	  P	  0.1	  0.9	0.000	0.000	0.000
544	  S	  0.0	  0.9	0.000	0.000	0.000
545	  S	  0.1	  3.9	0.161	0.000	0.000
546	  P	  0.1	  3.1	0.161	0.000	0.000
547	  S	  0.2	  3.1	0.161	0.000	0.000
548	  A	  0.4	  3.1	0.161	0.000	0.000
549	  L	  1.5	  0.0	0.161	0.000	0.000
550	  R	  1.4	  0.0	0.161	0.000	0.000
551	  S	  1.1	  0.2	0.000	0.000	0.000
552	  P	  0.1	  0.2	0.000	0.000	0.000
553	  A	  0.0	  0.2	0.000	0.000	0.000
554	  D	  0.0	  0.2	0.526	0.000	0.000
555	  P	  0.0	  0.0	0.526	0.000	0.000
556	  I	  3.0	  0.0	0.526	0.000	0.000
557	  D	  3.0	  0.3	0.526	0.000	0.000
558	  L	  3.0	  1.8	0.526	0.000	0.000
559	  G	  0.0	  1.9	0.526	0.000	0.000
560	  G	  0.0	  1.9	0.215	0.000	0.000
561	  Q	  0.2	  1.7	0.000	0.000	0.000
562	  T	  0.3	  0.2	0.000	0.000	0.000
563	  S	  0.3	  0.4	0.000	0.000	0.000
564	  P	  0.1	  0.3	0.000	0.000	0.000
565	  R	  0.3	  0.5	0.000	0.000	0.000
566	  R	  0.3	  0.6	0.000	0.000	0.000
567	  T	  0.4	  0.3	0.000	0.000	0.000
568	  G	  0.2	  0.3	0.000	0.000	0.000
569	  F	 10.5	  0.1	0.000	0.000	0.000
570	  S	 10.7	  0.0	0.000	0.000	0.000
571	  F	 10.6	  0.2	0.000	0.000	0.000
572	  P	  0.3	  0.2	0.000	0.000	0.000
573	  T	  1.1	  0.2	0.000	0.000	0.000
574	  Q	  1.1	  0.2	0.000	0.000	0.000
575	  E	  1.1	  0.0	0.000	0.000	0.000
576	  P	  0.0	  0.0	0.000	0.000	0.000
577	  R	  0.0	  0.2	0.000	0.000	0.000
578	  P	  0.0	  0.2	0.000	0.000	0.000
579	  Q	  0.3	  0.2	0.000	0.000	0.000
580	  T	  1.0	  0.4	0.000	0.000	0.000
581	  Q	  1.2	  0.3	0.000	0.000	0.000
582	  N	  0.9	  0.4	0.000	0.000	0.000
583	  L	  0.2	  0.4	0.000	0.000	0.000
584	  G	  0.0	  0.2	0.000	0.000	0.000
585	  T	  0.0	  0.2	0.000	0.000	0.000
586	  P	  0.0	  0.0	0.000	0.000	0.000
587	  G	  0.0	  0.0	0.152	0.000	0.000
588	  P	  0.0	  0.0	0.152	0.000	0.000
589	  A	  0.3	  0.0	0.152	0.000	0.000
590	  L	  1.0	  0.1	0.152	0.000	0.000
591	  S	  2.5	  0.2	0.152	0.000	0.000
592	  H	  2.3	  0.6	0.152	0.000	0.000
593	  S	  1.6	  0.6	0.000	0.000	0.000
594	  R	  0.2	  0.6	0.000	0.000	0.000
595	  G	  0.1	  1.0	0.000	0.000	0.000
596	  P	  0.0	  0.6	0.000	0.000	0.000
597	  S	  0.1	  0.6	0.000	0.000	0.000
598	  H	  0.1	  1.0	0.000	0.000	0.000
599	  P	  0.1	  0.5	0.000	0.000	0.000
600	  L	  1.1	  0.6	0.000	0.000	0.000
601	  D	  1.0	  0.8	0.000	0.000	0.000
602	  L	  1.1	  0.6	0.000	0.000	0.000
603	  G	  0.0	  0.5	0.000	0.000	0.000
604	  T	  2.5	  0.4	0.000	0.000	0.000
605	  S	  2.5	  0.2	0.000	0.000	0.000
606	  S	  2.5	  4.0	0.204	0.000	0.000
607	  P	  0.0	  3.9	0.204	0.000	0.000
608	  N	  0.3	  4.2	0.204	0.000	0.000
609	  T	  1.3	  4.2	0.204	0.000	0.000
610	  S	  1.6	  0.3	0.204	0.000	0.000
611	  Q	  2.2	  0.3	0.204	0.000	0.000
612	  I	  3.8	  0.1	0.000	0.000	0.000
613	  H	  7.2	  0.0	0.000	0.000	0.000
614	  W	  6.8	  0.0	0.000	0.000	0.000
615	  T	  4.1	  0.2	1.714	0.000	0.000
616	  P	  0.4	  0.2	1.714	0.000	0.000
617	  Y	  1.7	  0.2	1.714	0.000	0.000
618	  R	  1.9	  0.2	1.714	0.000	0.000
619	  A	  2.1	  0.0	1.714	0.000	0.000
620	  M	  0.7	  0.0	1.714	0.000	0.000
621	  Y	  6.3	  0.0	1.467	0.000	0.000
622	  Q	 10.1	  0.0	1.191	0.000	0.000
623	  Y	 10.2	  0.0	0.527	0.000	0.000
624	  R	  4.7	  0.2	0.134	0.000	0.000
625	  P	  0.4	  0.4	0.000	0.000	0.000
626	  Q	  0.1	  0.4	0.000	0.000	0.000
627	  N	  0.1	  2.9	0.000	0.000	0.000
628	  E	  0.1	  2.7	0.000	0.000	0.000
629	  D	  0.0	  2.6	0.727	0.000	0.000
630	  E	  0.2	  2.6	0.848	0.000	0.000
631	  L	  0.8	  0.2	0.848	0.000	0.000
632	  E	  1.1	  0.2	0.848	0.000	0.000
633	  L	  1.0	  0.1	0.848	0.000	0.000
634	  R	  0.3	  0.5	0.848	0.000	0.000
635	  E	  0.0	  1.8	0.556	0.000	0.000
636	  G	  0.0	  1.8	0.120	0.000	0.000
637	  D	  0.0	  1.7	0.000	0.000	0.000
638	  R	  5.5	  1.4	0.000	0.000	0.000
639	  V	 13.6	  0.0	0.000	0.000	0.000
640	  D	 13.6	  0.0	0.000	0.000	0.000
641	  V	 11.2	  0.0	0.000	0.000	0.000
642	  M	  2.8	  0.1	0.000	0.000	0.000
643	  Q	  2.9	  0.1	0.000	0.000	0.000
644	  Q	  0.8	  0.1	0.000	0.000	0.000
645	  C	  0.7	  1.2	0.000	0.000	0.000
646	  D	  0.5	  1.5	0.000	0.000	0.000
647	  D	  0.1	  1.5	0.000	0.000	0.000
648	  G	  0.0	  1.5	0.000	3.109	3.109
649	  W	  0.9	  0.4	0.000	54.406	54.406
650	  F	  1.7	  0.2	0.000	54.478	54.478
651	  V	  2.1	  0.3	0.000	54.478	54.478
652	  G	  1.2	  0.3	0.000	54.478	54.478
653	  V	  1.4	  0.3	0.000	54.478	54.478
654	  S	  1.5	  0.1	0.656	3.793	3.793
655	  R	  1.7	  0.1	0.656	0.000	0.000
656	  R	  1.1	  0.1	0.656	0.000	0.000
657	  T	  2.6	  0.2	0.656	0.000	0.000
658	  Q	  2.9	  0.1	0.656	0.000	0.000
659	  K	  2.9	  0.1	0.656	0.000	0.000
660	  F	  1.0	  0.6	0.146	0.000	0.000
661	  G	  0.4	  0.5	0.000	0.000	0.000
662	  T	  1.1	  0.5	0.000	0.000	0.000
663	  F	  1.0	  1.3	0.000	0.000	0.000
664	  P	  0.9	  1.8	0.000	0.000	0.000
665	  G	  0.0	  1.8	0.000	0.000	0.000
666	  N	  0.7	  1.8	0.000	0.000	0.000
667	  Y	  6.8	  1.1	0.000	0.000	0.000
668	  V	  7.3	  0.0	0.000	0.000	0.000
669	  A	  6.6	  0.0	0.000	0.000	0.000
670	  P	  0.5	  0.0	0.000	0.000	0.000
671	  V	  0.0	  0.0	0.000	0.000	0.000
