res	aa	Beta	Turn	Helix	Aggregation	Conc-Stab_Aggregation
01	  M	  0.0	  0.2	0.000	0.000	0.000
02	  G	  0.1	  0.2	0.000	0.000	0.000
03	  T	  1.2	  0.2	0.000	0.000	0.000
04	  S	  1.2	  0.2	0.000	0.000	0.000
05	  H	  1.2	  0.3	0.000	0.000	0.000
06	  P	  0.1	  0.2	0.000	0.557	0.557
07	  A	  0.3	  0.2	0.000	45.664	45.664
08	  F	  1.5	  0.2	0.000	92.624	92.624
09	  L	  3.6	  0.0	0.000	96.434	96.434
10	  V	  3.8	  0.0	0.000	97.127	97.127
11	  L	  2.9	  0.3	0.000	97.172	97.172
12	  G	  0.7	  0.3	0.000	92.830	92.830
13	  C	  1.4	  0.3	0.000	92.137	92.137
14	  L	  1.4	  0.3	0.000	92.514	92.514
15	  L	  1.6	  0.0	0.000	91.737	91.737
16	  T	  0.4	  0.1	0.000	86.991	86.991
17	  G	  0.2	  0.1	0.532	84.199	84.199
18	  L	  1.8	  0.1	0.532	84.274	84.274
19	  S	  2.2	  0.1	1.156	82.888	82.888
20	  L	  3.4	  0.0	1.156	82.740	82.740
21	  I	  3.4	  0.0	1.156	81.798	81.798
22	  L	  3.2	  0.0	1.156	71.195	71.195
23	  C	  3.3	  0.1	1.156	13.030	13.030
24	  Q	  2.3	  0.1	1.017	1.884	1.884
25	  L	  5.7	  0.1	0.443	1.451	1.451
26	  S	  4.5	  0.1	0.443	0.015	0.015
27	  L	  3.7	  0.3	0.000	0.000	0.000
28	  P	  0.1	  0.3	0.000	0.000	0.000
29	  S	  0.6	  0.3	0.000	0.000	0.000
30	  I	  1.0	  0.3	0.000	0.000	0.000
31	  L	  1.0	  0.6	0.000	0.000	0.000
32	  P	  0.4	  0.6	0.000	0.000	0.000
33	  N	  0.0	  2.7	0.000	0.000	0.000
34	  E	  0.0	  2.7	0.000	0.000	0.000
35	  N	  0.0	  2.1	0.000	0.000	0.000
36	  E	  0.1	  2.1	0.000	0.000	0.000
37	  K	  2.0	  0.1	0.000	0.000	0.000
38	  V	  5.9	  0.0	0.000	0.193	0.193
39	  V	 10.3	  0.0	0.000	0.193	0.193
40	  Q	  9.1	  0.0	0.000	0.193	0.193
41	  L	  5.6	  0.0	0.000	0.193	0.193
42	  N	  1.1	  0.5	0.000	0.193	0.193
43	  S	  0.6	  0.4	0.000	0.000	0.000
44	  S	 20.2	  0.5	0.120	0.000	0.000
45	  F	 22.7	  0.6	0.120	0.000	0.000
46	  S	 24.0	  0.1	0.120	0.000	0.000
47	  L	  7.4	  0.2	0.120	0.000	0.000
48	  R	  6.2	  0.1	0.120	0.000	0.000
49	  C	  5.4	  0.3	0.120	0.000	0.000
50	  F	  2.9	  0.7	0.120	0.000	0.000
51	  G	  0.9	  0.8	0.000	0.000	0.000
52	  E	  0.1	  0.9	0.000	0.000	0.000
53	  S	  0.1	  0.6	0.110	0.000	0.000
54	  E	  2.9	  0.2	0.110	0.000	0.000
55	  V	  6.3	  0.0	0.110	0.000	0.000
56	  S	  8.5	  0.0	0.110	0.000	0.000
57	  W	 10.9	  0.0	0.110	0.000	0.000
58	  Q	  7.6	  0.0	0.110	0.000	0.000
59	  Y	  5.5	  0.0	0.000	0.000	0.000
60	  P	  0.2	  0.0	0.000	0.000	0.000
61	  M	  0.0	  0.0	0.000	0.000	0.000
62	  S	  0.1	  0.1	0.000	0.000	0.000
63	  E	  0.1	  0.2	0.000	0.000	0.000
64	  E	  0.1	  0.3	0.000	0.000	0.000
65	  E	  0.1	  0.3	0.000	0.000	0.000
66	  S	  0.2	  1.7	0.000	0.000	0.000
67	  S	  0.1	  1.6	0.150	0.000	0.000
68	  D	  2.4	  1.5	0.150	0.000	0.000
69	  V	 10.0	  1.5	0.150	0.000	0.000
70	  E	 10.9	  0.0	0.150	0.000	0.000
71	  I	  8.9	  0.1	0.150	0.000	0.000
72	  R	  1.4	  0.1	0.150	0.000	0.000
73	  N	  0.3	  0.2	0.000	0.000	0.000
74	  E	  0.1	  0.4	0.000	0.000	0.000
75	  E	  0.1	  0.4	0.000	0.000	0.000
76	  N	  0.1	  1.4	0.000	0.000	0.000
77	  N	  0.1	  1.3	0.000	0.000	0.000
78	  S	  0.0	  1.2	0.000	0.885	0.885
79	  G	  0.0	  1.1	0.000	7.625	7.625
80	  L	  0.6	  0.2	0.000	79.935	79.935
81	  F	  1.3	  0.1	0.000	91.129	91.129
82	  V	 19.3	  0.0	0.000	91.129	91.129
83	  T	 21.8	  0.0	0.246	91.080	91.080
84	  V	 22.2	  0.0	0.246	90.817	90.817
85	  L	  6.1	  0.0	0.246	78.491	78.491
86	  E	  4.8	  0.0	0.246	0.000	0.000
87	  V	  4.9	  0.1	0.246	0.000	0.000
88	  S	  3.6	  0.1	0.595	0.000	0.000
89	  S	  4.4	  1.2	0.533	0.000	0.000
90	  A	  3.3	  1.2	0.533	0.000	0.000
91	  S	  3.3	  1.2	0.533	0.000	0.000
92	  A	  0.4	  1.1	0.533	0.000	0.000
93	  A	  0.4	  0.1	0.533	0.000	0.000
94	  H	  0.4	  0.1	0.388	0.000	0.000
95	  T	  0.3	  0.2	0.000	0.000	0.000
96	  G	  0.2	  0.2	0.418	0.000	0.000
97	  L	  0.3	  0.2	0.418	2.008	2.008
98	  Y	 18.0	  0.1	0.418	2.293	2.293
99	  T	 21.7	  0.0	0.418	2.293	2.293
100	  C	 22.3	  0.0	0.418	2.293	2.293
101	  Y	  7.0	  0.1	0.418	2.293	2.293
102	  Y	  3.1	  0.1	0.418	1.842	1.842
103	  N	  2.4	  0.1	0.274	0.000	0.000
104	  H	  1.7	  0.1	0.000	0.000	0.000
105	  T	  1.9	  0.1	0.137	0.000	0.000
106	  Q	  1.9	  0.1	0.137	0.000	0.000
107	  T	  1.0	  0.2	0.137	0.000	0.000
108	  E	  0.2	  0.3	0.137	0.000	0.000
109	  E	  0.1	  0.3	0.137	0.000	0.000
110	  N	  0.0	  0.3	0.798	0.000	0.000
111	  E	  0.2	  0.2	0.661	0.000	0.000
112	  L	  0.2	  0.5	0.661	0.000	0.000
113	  E	  0.2	  0.9	0.661	0.000	0.000
114	  G	  0.0	  0.9	0.661	0.000	0.000
115	  R	  2.4	  0.9	0.661	0.000	0.000
116	  H	  5.6	  0.4	0.146	2.591	2.591
117	  I	  6.6	  0.1	0.000	24.068	24.068
118	  Y	  4.9	  0.0	0.000	24.225	24.225
119	  I	  4.0	  0.0	0.000	24.225	24.225
120	  Y	  3.2	  0.0	0.000	24.225	24.225
121	  V	  2.5	  0.0	0.000	22.936	22.936
122	  P	  0.2	  0.0	0.000	9.780	9.780
123	  D	  0.0	  4.5	0.160	0.000	0.000
124	  P	  0.0	  4.5	0.160	0.000	0.000
125	  D	  0.2	  4.5	0.160	0.000	0.000
126	  V	  2.1	  4.5	0.160	0.159	0.159
127	  A	  2.6	  0.0	0.160	0.159	0.159
128	  F	  2.6	  0.0	0.160	0.159	0.159
129	  V	  0.8	  0.2	0.000	0.159	0.159
130	  P	  0.2	  0.3	0.000	0.159	0.159
131	  L	  0.1	  0.4	0.000	0.000	0.000
132	  G	  0.2	  0.4	0.000	0.000	0.000
133	  M	  0.5	  0.3	0.000	0.000	0.000
134	  T	  0.8	  0.2	0.000	0.000	0.000
135	  D	  0.7	  0.2	0.000	0.000	0.000
136	  Y	  1.3	  0.2	0.000	46.029	46.029
137	  L	  3.1	  0.0	0.000	46.029	46.029
138	  V	 17.2	  0.0	0.000	46.029	46.029
139	  I	 18.8	  0.0	0.000	46.029	46.029
140	  V	 17.4	  0.2	0.000	46.029	46.029
141	  E	  3.5	  0.3	0.000	0.000	0.000
142	  D	  0.8	  2.1	0.000	0.000	0.000
143	  D	  0.0	  3.2	0.000	0.000	0.000
144	  D	  0.0	  3.0	0.000	0.000	0.000
145	  S	  0.3	  2.9	0.000	0.000	0.000
146	  A	  1.6	  1.1	0.000	0.000	0.000
147	  I	  2.1	  0.0	0.000	0.000	0.000
148	  I	  1.8	  0.0	0.000	0.000	0.000
149	  P	  0.5	  0.0	0.000	0.000	0.000
150	  C	  0.2	  0.1	0.000	0.000	0.000
151	  R	  0.5	  0.1	0.000	0.000	0.000
152	  T	  1.4	  0.1	0.000	0.000	0.000
153	  T	  1.2	  0.1	0.000	0.000	0.000
154	  D	  0.9	  0.5	0.000	0.000	0.000
155	  P	  0.0	  0.4	0.000	0.000	0.000
156	  E	  0.0	  0.4	0.000	0.000	0.000
157	  T	  0.0	  0.4	0.000	0.000	0.000
158	  P	  0.0	  0.0	0.000	0.000	0.000
159	  V	  7.6	  0.0	0.000	0.000	0.000
160	  T	  8.8	  0.0	0.000	0.000	0.000
161	  L	  9.0	  0.0	0.000	0.000	0.000
162	  H	  1.8	  0.1	0.000	0.000	0.000
163	  N	  0.5	  0.5	0.000	0.000	0.000
164	  S	  0.3	  1.0	0.000	0.000	0.000
165	  E	  0.1	  1.0	0.000	0.000	0.000
166	  G	  0.0	  0.9	0.000	0.000	0.000
167	  V	  0.6	  0.5	0.000	0.000	0.000
168	  V	  0.6	  0.0	0.000	0.000	0.000
169	  P	  0.6	  0.2	0.000	0.000	0.000
170	  A	  0.6	  0.2	0.000	0.000	0.000
171	  S	  8.4	  0.6	0.000	0.000	0.000
172	  Y	  9.3	  0.7	0.000	0.000	0.000
173	  D	  8.8	  0.6	0.000	0.000	0.000
174	  S	  1.3	  0.8	0.000	0.000	0.000
175	  R	  0.4	  0.6	0.000	0.000	0.000
176	  Q	  0.3	  0.6	0.000	0.000	0.000
177	  G	  0.2	  0.6	0.000	0.000	0.000
178	  F	  0.5	  2.2	0.000	0.133	0.133
179	  N	  0.5	  2.0	0.000	0.133	0.133
180	  G	  0.5	  2.0	0.000	0.414	0.414
181	  T	 19.2	  1.9	0.000	0.414	0.414
182	  F	 27.9	  0.1	0.000	0.414	0.414
183	  T	 28.3	  0.0	0.000	0.414	0.414
184	  V	 10.8	  0.2	0.000	0.414	0.414
185	  G	  0.4	  0.4	0.000	0.000	0.000
186	  P	  0.0	  0.4	0.000	0.000	0.000
187	  Y	  1.5	  0.4	0.000	0.000	0.000
188	  I	  2.0	  0.1	0.000	0.000	0.000
189	  C	  5.4	  0.0	1.070	0.000	0.000
190	  E	  4.1	  0.0	1.070	0.000	0.000
191	  A	  4.2	  0.0	1.070	0.000	0.000
192	  T	 16.2	  0.0	1.070	0.000	0.000
193	  V	 16.4	  1.2	1.070	0.000	0.000
194	  K	 15.8	  1.3	1.070	0.000	0.000
195	  G	  0.6	  1.3	0.625	0.000	0.000
196	  K	  0.1	  1.3	0.486	0.000	0.000
197	  K	  1.0	  0.1	0.000	0.000	0.000
198	  F	  1.5	  0.2	0.000	0.000	0.000
199	  Q	  1.7	  0.1	0.000	0.000	0.000
200	  T	  1.3	  0.1	0.000	0.000	0.000
201	  I	  0.8	  0.1	0.000	0.000	0.000
202	  P	  0.6	  0.0	0.000	0.000	0.000
203	  F	  5.5	  0.0	0.000	2.344	2.344
204	  N	  9.6	  0.0	0.971	2.506	2.506
205	  V	 11.5	  0.0	0.971	2.506	2.506
206	  Y	  7.0	  0.0	0.971	2.506	2.506
207	  A	  2.8	  0.0	0.971	2.506	2.506
208	  L	  1.2	  0.0	0.971	2.143	2.143
209	  K	  1.0	  0.0	0.971	0.000	0.000
210	  A	  1.0	  0.0	0.321	0.000	0.000
211	  T	  0.9	  0.1	0.000	0.000	0.000
212	  S	  0.4	  0.2	0.468	0.000	0.000
213	  E	  0.9	  0.2	0.468	0.000	0.000
214	  L	  1.7	  0.2	0.597	0.000	0.000
215	  D	  1.9	  0.2	3.388	0.000	0.000
216	  L	  1.9	  0.1	4.212	0.000	0.000
217	  E	  1.1	  0.0	6.205	0.000	0.000
218	  M	  1.1	  0.0	6.416	0.000	0.000
219	  E	  0.4	  0.0	6.542	0.000	0.000
220	  A	  0.4	  0.0	6.542	0.000	0.000
221	  L	  0.3	  0.1	6.542	0.000	0.000
222	  K	  1.1	  0.0	5.808	0.000	0.000
223	  T	  6.5	  0.0	2.991	0.017	0.017
224	  V	  7.5	  0.0	2.991	0.046	0.046
225	  Y	  7.6	  0.3	2.991	0.046	0.046
226	  K	  2.2	  0.5	0.586	0.046	0.046
227	  S	  1.0	  0.9	0.000	0.046	0.046
228	  G	  0.1	  1.0	0.000	0.046	0.046
229	  E	  0.1	  0.7	0.000	0.046	0.046
230	  T	  4.6	  0.5	0.000	29.792	29.792
231	  I	 12.7	  0.1	0.000	78.120	78.120
232	  V	 15.2	  0.0	0.000	90.117	90.117
233	  V	 17.0	  0.0	0.000	91.131	91.131
234	  T	 10.2	  0.0	0.000	91.209	91.209
235	  C	  8.6	  0.0	0.000	90.203	90.203
236	  A	  3.0	  0.0	0.000	89.635	89.635
237	  V	  5.2	  0.0	0.000	89.079	89.079
238	  F	  4.7	  0.1	0.000	82.460	82.460
239	  N	  4.2	  0.1	0.000	1.195	1.195
240	  N	  0.6	  0.1	0.000	0.038	0.038
241	  E	  0.6	  0.1	0.000	0.000	0.000
242	  V	  4.5	  0.0	0.000	0.000	0.000
243	  V	  6.5	  0.0	0.000	0.000	0.000
244	  D	  6.0	  0.0	0.155	0.000	0.000
245	  L	  3.4	  0.0	0.155	0.000	0.000
246	  Q	  3.4	  0.0	0.155	0.000	0.000
247	  W	 14.9	  0.0	0.155	0.000	0.000
248	  T	 14.5	  0.0	0.155	0.000	0.000
249	  Y	 12.5	  1.1	0.155	0.000	0.000
250	  P	  0.7	  1.1	0.000	0.000	0.000
251	  G	  0.0	  1.1	0.131	0.000	0.000
252	  E	 14.0	  1.1	0.131	0.000	0.000
253	  V	 14.5	  1.2	0.131	0.000	0.000
254	  K	 14.5	  1.3	0.131	0.000	0.000
255	  G	  0.6	  1.6	0.131	0.000	0.000
256	  K	  0.0	  1.6	0.131	0.000	0.000
257	  G	  0.3	  0.4	0.000	0.224	0.224
258	  I	 11.6	  0.3	0.000	0.224	0.224
259	  T	 12.4	  0.1	0.534	0.224	0.224
260	  M	 12.1	  0.0	0.534	0.224	0.224
261	  L	  1.0	  0.0	0.534	0.224	0.224
262	  E	  0.1	  0.0	0.534	0.000	0.000
263	  E	  6.6	  0.0	0.534	0.000	0.000
264	  I	 18.0	  0.0	0.534	0.000	0.000
265	  K	 18.2	  0.0	0.534	0.000	0.000
266	  V	 12.3	  0.1	0.139	0.000	0.000
267	  P	  0.2	  0.1	0.000	0.000	0.000
268	  S	  0.7	  0.1	0.164	0.000	0.000
269	  I	  5.9	  0.1	0.164	0.000	0.000
270	  K	  6.4	  0.0	0.164	0.000	0.000
271	  L	  6.8	  0.0	0.164	26.071	26.071
272	  V	  4.2	  0.0	0.164	28.696	28.696
273	  Y	  7.9	  0.0	0.164	28.696	28.696
274	  T	  9.6	  0.0	0.000	28.696	28.696
275	  L	 12.4	  0.0	0.000	28.696	28.696
276	  T	  8.9	  0.0	0.000	16.938	16.938
277	  V	  6.2	  0.0	0.000	8.663	8.663
278	  P	  0.6	  0.0	0.000	3.660	3.660
279	  E	  0.2	  0.0	0.000	0.000	0.000
280	  A	  0.8	  0.0	0.000	0.000	0.000
281	  T	 16.6	  0.0	0.000	0.000	0.000
282	  V	 17.6	  0.1	0.000	0.000	0.000
283	  K	 17.0	  0.3	0.000	0.000	0.000
284	  D	  1.5	  0.8	0.000	0.000	0.000
285	  S	  0.1	  3.3	0.000	0.000	0.000
286	  G	  0.0	  3.2	0.735	0.000	0.000
287	  D	  1.4	  3.1	2.014	0.000	0.000
288	  Y	  8.4	  2.6	2.747	0.000	0.000
289	  E	  8.6	  0.0	3.364	0.000	0.000
290	  C	  8.8	  0.0	3.602	0.000	0.000
291	  A	  1.8	  0.0	3.602	0.000	0.000
292	  A	  1.7	  0.0	3.602	0.000	0.000
293	  R	  0.4	  0.1	3.602	0.000	0.000
294	  Q	  0.5	  0.1	2.830	0.000	0.000
295	  A	  0.5	  0.1	0.927	0.000	0.000
296	  T	  0.5	  0.1	1.114	0.000	0.000
297	  R	  0.5	  0.0	1.114	0.000	0.000
298	  E	 14.4	  0.0	1.208	0.000	0.000
299	  V	 15.6	  0.1	1.208	0.000	0.000
300	  K	 15.5	  0.0	1.208	0.000	0.000
301	  E	  2.8	  0.0	1.208	0.000	0.000
302	  M	  1.3	  0.0	1.208	0.000	0.000
303	  K	  1.3	  0.0	0.661	0.000	0.000
304	  K	  4.7	  0.0	0.178	0.000	0.000
305	  V	 13.2	  0.0	0.000	6.485	6.485
306	  T	 24.7	  0.0	0.000	6.485	6.485
307	  I	 24.0	  0.0	0.000	6.485	6.485
308	  S	 17.4	  0.0	0.281	6.485	6.485
309	  V	  6.7	  0.0	0.281	6.485	6.485
310	  H	  2.7	  0.3	0.281	0.000	0.000
311	  E	  1.3	  0.5	0.281	0.000	0.000
312	  K	  0.2	  0.5	0.281	0.000	0.000
313	  G	  0.0	  0.5	0.507	0.000	0.000
314	  F	  1.0	  0.2	0.346	0.000	0.000
315	  I	  5.9	  0.0	0.226	0.000	0.000
316	  E	 14.8	  0.0	0.226	0.000	0.000
317	  I	 14.2	  0.0	0.226	0.000	0.000
318	  K	 10.3	  0.1	0.226	0.000	0.000
319	  P	  0.3	  0.1	0.000	0.000	0.000
320	  T	 27.5	  0.1	0.000	0.000	0.000
321	  F	 29.1	  0.3	0.000	0.000	0.000
322	  S	 29.2	  0.1	0.492	0.000	0.000
323	  Q	  3.5	  0.1	0.492	0.000	0.000
324	  L	  1.3	  0.1	0.492	0.000	0.000
325	  E	  1.2	  0.0	0.492	0.000	0.000
326	  A	  0.5	  0.0	0.492	0.000	0.000
327	  V	  3.4	  0.0	0.492	0.000	0.000
328	  N	  3.5	  0.0	0.920	0.000	0.000
329	  L	  3.2	  0.0	0.598	0.000	0.000
330	  H	  1.3	  0.0	0.515	0.000	0.000
331	  E	 14.4	  0.0	0.428	0.000	0.000
332	  V	 16.0	  0.1	0.428	0.662	0.662
333	  K	 15.1	  0.1	0.428	0.662	0.662
334	  H	  3.6	  0.1	0.000	0.662	0.662
335	  F	  3.3	  0.1	0.000	1.272	1.272
336	  V	  6.8	  0.0	0.099	1.272	1.272
337	  V	 23.2	  0.0	0.232	1.272	1.272
338	  E	 22.9	  0.0	0.232	1.272	1.272
339	  V	 20.7	  0.0	0.232	1.272	1.272
340	  R	  3.4	  0.0	0.232	0.610	0.610
341	  A	  1.4	  0.0	0.232	0.279	0.279
342	  Y	  0.4	  0.0	0.232	0.000	0.000
343	  P	  0.0	  0.0	0.000	0.000	0.000
344	  P	  0.0	  0.2	0.000	0.000	0.000
345	  P	  0.0	  0.2	0.000	0.000	0.000
346	  R	  2.4	  0.2	0.000	0.000	0.000
347	  I	  6.0	  0.2	0.000	0.000	0.000
348	  S	  6.4	  0.0	0.204	0.000	0.000
349	  W	  4.5	  0.0	0.204	0.000	0.000
350	  L	  1.0	  0.2	0.204	0.000	0.000
351	  K	  0.7	  0.3	0.204	0.000	0.000
352	  N	  0.2	  0.3	0.204	0.000	0.000
353	  N	  0.4	  0.3	0.204	1.285	1.285
354	  L	  2.8	  0.1	0.000	1.285	1.285
355	  T	  3.3	  0.0	0.000	1.285	1.285
356	  L	  3.1	  0.0	0.000	1.285	1.285
357	  I	  0.9	  0.1	0.000	1.285	1.285
358	  E	  0.3	  0.1	0.000	0.000	0.000
359	  N	  0.5	  0.1	0.000	0.000	0.000
360	  L	  0.4	  0.1	0.000	0.000	0.000
361	  T	  0.5	  0.0	0.000	0.000	0.000
362	  E	  3.6	  0.0	0.000	0.000	0.000
363	  I	  6.9	  0.0	0.000	0.000	0.000
364	  T	  7.2	  0.1	0.000	0.000	0.000
365	  T	  4.2	  0.1	2.104	0.000	0.000
366	  D	  3.0	  0.1	5.403	0.000	0.000
367	  V	  3.6	  0.1	5.403	0.000	0.000
368	  E	  3.2	  0.0	6.025	0.000	0.000
369	  K	  1.6	  0.0	6.445	0.000	0.000
370	  I	  0.6	  0.0	6.445	0.000	0.000
371	  Q	  0.7	  0.0	6.445	0.000	0.000
372	  E	  1.1	  0.0	6.037	0.000	0.000
373	  I	  4.2	  0.0	5.746	0.000	0.000
374	  R	  5.2	  0.0	5.746	0.000	0.000
375	  Y	  6.1	  0.1	4.844	0.000	0.000
376	  R	  3.1	  0.1	3.474	0.000	0.000
377	  S	  2.2	  0.2	2.294	0.000	0.000
378	  K	  1.4	  0.2	0.951	0.000	0.000
379	  L	  2.5	  0.1	0.435	0.000	0.000
380	  K	  2.9	  0.1	0.435	0.000	0.000
381	  L	  2.1	  0.0	0.125	0.000	0.000
382	  I	  2.1	  0.0	0.125	0.000	0.000
383	  R	  1.7	  0.0	0.125	0.000	0.000
384	  A	  1.5	  0.1	0.000	0.000	0.000
385	  K	  0.3	  0.1	0.000	0.000	0.000
386	  E	  0.2	  0.3	0.000	0.000	0.000
387	  E	  0.2	  0.4	0.000	0.000	0.000
388	  D	  0.1	  1.2	0.000	0.000	0.000
389	  S	  0.1	  1.4	0.000	0.000	0.000
390	  G	  0.1	  1.2	0.000	0.000	0.000
391	  H	  3.0	  1.0	0.000	0.524	0.524
392	  Y	 11.3	  0.2	0.000	11.270	11.270
393	  T	 15.8	  0.0	0.000	11.270	11.270
394	  I	 16.9	  0.0	0.000	11.270	11.270
395	  V	 10.1	  0.0	0.000	11.270	11.270
396	  A	  5.4	  0.1	0.000	10.982	10.982
397	  Q	  1.4	  0.1	0.000	0.211	0.211
398	  N	  0.1	  2.9	0.513	0.000	0.000
399	  E	  0.1	  2.9	0.513	0.000	0.000
400	  D	  0.1	  2.8	1.344	0.000	0.000
401	  A	  0.6	  2.8	1.344	0.000	0.000
402	  V	  2.9	  0.1	1.344	0.000	0.000
403	  K	  3.1	  0.1	1.344	0.000	0.000
404	  S	  9.0	  0.1	1.144	0.000	0.000
405	  Y	 17.8	  0.1	1.021	0.000	0.000
406	  T	 26.3	  0.0	0.112	0.000	0.000
407	  F	 22.0	  0.1	0.112	0.000	0.000
408	  E	 11.2	  0.1	0.112	0.000	0.000
409	  L	  2.1	  0.1	0.112	0.000	0.000
410	  L	  0.5	  0.1	0.112	0.000	0.000
411	  T	  1.8	  0.0	0.112	0.000	0.000
412	  Q	  1.7	  0.0	0.112	0.000	0.000
413	  V	  1.4	  0.2	0.000	0.000	0.000
414	  P	  0.1	  0.3	0.000	0.000	0.000
415	  S	  0.2	  0.3	0.000	0.000	0.000
416	  S	  0.5	  0.3	0.000	0.000	0.000
417	  I	  1.0	  0.2	0.000	0.000	0.000
418	  L	  1.9	  0.1	0.000	0.000	0.000
419	  D	  1.7	  0.1	0.000	0.000	0.000
420	  L	  1.8	  0.1	0.000	0.000	0.000
421	  V	  1.1	  0.1	0.000	0.000	0.000
422	  D	  0.9	  0.2	0.000	0.000	0.000
423	  D	  0.4	  0.4	0.000	0.000	0.000
424	  H	  0.3	  0.9	0.000	0.000	0.000
425	  H	  0.3	  2.3	0.000	0.000	0.000
426	  G	  0.3	  2.5	0.000	0.000	0.000
427	  S	  0.2	  2.4	0.000	0.000	0.000
428	  T	  0.1	  2.4	0.000	0.000	0.000
429	  G	  0.1	  1.0	0.000	0.000	0.000
430	  G	  0.0	  0.7	0.000	0.000	0.000
431	  Q	  0.4	  0.6	0.000	0.000	0.000
432	  T	  7.7	  0.1	0.000	0.000	0.000
433	  V	 11.1	  0.1	0.000	0.000	0.000
434	  R	 12.3	  0.0	0.000	0.000	0.000
435	  C	 10.7	  0.0	0.000	0.000	0.000
436	  T	  7.3	  0.2	0.000	0.000	0.000
437	  A	  5.9	  0.5	0.000	0.000	0.000
438	  E	  0.4	  0.5	0.000	0.000	0.000
439	  G	  0.0	  0.5	0.000	0.000	0.000
440	  T	  0.0	  0.2	0.000	0.000	0.000
441	  P	  0.0	  0.0	0.000	0.000	0.000
442	  L	  0.0	  0.6	0.000	0.000	0.000
443	  P	  0.0	  0.6	0.000	0.000	0.000
444	  D	  1.7	  0.6	0.160	0.000	0.000
445	  I	  4.1	  0.6	0.160	0.000	0.000
446	  E	  4.2	  0.0	0.160	0.000	0.000
447	  W	  3.1	  0.0	0.160	0.000	0.000
448	  M	  1.8	  0.0	0.160	0.000	0.000
449	  I	  1.9	  0.0	0.160	0.000	0.000
450	  C	  1.6	  0.4	0.160	0.000	0.000
451	  K	  0.6	  0.4	0.160	0.000	0.000
452	  D	  1.5	  0.4	0.000	0.000	0.000
453	  I	  1.8	  0.5	0.000	0.000	0.000
454	  K	  1.7	  0.1	0.000	0.000	0.000
455	  K	  1.3	  0.1	0.000	0.000	0.000
456	  C	  1.1	  0.2	0.000	0.000	0.000
457	  N	  1.0	  0.2	0.000	0.000	0.000
458	  N	  0.3	  0.3	0.000	0.000	0.000
459	  E	  0.1	  0.3	0.000	0.000	0.000
460	  T	  1.4	  0.2	0.000	0.420	0.420
461	  S	  6.8	  0.2	0.129	1.126	1.126
462	  W	 11.8	  0.0	0.129	8.658	8.658
463	  T	 13.2	  0.0	0.129	8.658	8.658
464	  I	  8.7	  0.0	0.129	8.658	8.658
465	  L	  3.4	  0.3	0.129	8.658	8.658
466	  A	  0.8	  0.3	0.129	8.047	8.047
467	  N	  0.1	  0.3	0.129	0.404	0.404
468	  N	  1.5	  0.6	0.000	0.127	0.127
469	  V	  1.8	  0.4	0.000	0.282	0.282
470	  S	  1.7	  0.3	0.000	0.155	0.155
471	  N	  3.0	  0.3	0.131	0.155	0.155
472	  I	  7.0	  0.1	0.131	0.155	0.155
473	  I	  7.6	  0.0	0.131	0.155	0.155
474	  T	  5.2	  0.0	0.131	0.000	0.000
475	  E	  5.2	  0.0	0.131	0.000	0.000
476	  I	  4.8	  0.0	0.131	0.000	0.000
477	  H	  4.8	  0.2	0.131	0.000	0.000
478	  S	  0.7	  1.4	0.000	0.000	0.000
479	  R	  0.4	  1.4	0.000	0.000	0.000
480	  D	  0.3	  2.2	0.712	0.000	0.000
481	  R	  0.4	  2.1	0.712	0.000	0.000
482	  S	  0.8	  0.9	0.884	0.000	0.000
483	  T	  7.6	  0.9	0.884	0.000	0.000
484	  V	  7.4	  0.3	0.884	0.000	0.000
485	  E	  6.9	  0.3	0.884	0.000	0.000
486	  G	  0.2	  0.3	0.892	0.000	0.000
487	  R	  2.1	  0.3	0.759	0.000	0.000
488	  V	 10.3	  0.1	0.233	0.340	0.340
489	  T	 13.4	  0.0	0.233	0.340	0.340
490	  F	 11.9	  0.1	0.233	0.340	0.340
491	  A	  4.0	  0.1	0.233	0.340	0.340
492	  K	  6.9	  0.1	0.109	0.340	0.340
493	  V	  6.8	  0.1	0.000	0.340	0.340
494	  E	  6.6	  0.1	0.250	0.340	0.340
495	  E	  0.5	  0.1	0.422	0.000	0.000
496	  T	  2.5	  0.1	5.651	0.000	0.000
497	  I	  5.8	  0.0	5.651	0.000	0.000
498	  A	  6.2	  0.0	5.835	0.000	0.000
499	  V	  7.2	  0.0	5.835	0.000	0.000
500	  R	  5.0	  0.0	5.835	0.000	0.000
501	  C	  6.5	  0.0	5.728	0.000	0.000
502	  L	  3.2	  0.0	5.320	0.000	0.000
503	  A	  2.2	  0.2	4.614	0.000	0.000
504	  K	  0.2	  0.2	3.954	0.000	0.000
505	  N	  0.1	  0.2	0.402	0.000	0.000
506	  L	  0.2	  0.2	0.104	0.000	0.000
507	  L	  0.1	  0.1	0.104	0.000	0.000
508	  G	  0.1	  0.2	0.688	0.000	0.000
509	  A	  0.0	  0.5	0.688	0.000	0.000
510	  E	  0.0	  0.5	0.688	0.000	0.000
511	  N	  0.0	  0.4	2.614	0.000	0.000
512	  R	  0.1	  0.4	2.614	0.000	0.000
513	  E	  1.4	  0.1	2.614	0.000	0.000
514	  L	  2.7	  0.1	2.367	0.000	0.000
515	  K	  3.3	  0.1	2.174	0.000	0.000
516	  L	  4.1	  0.0	1.926	0.000	0.000
517	  V	  3.2	  0.0	1.008	0.000	0.000
518	  A	  2.6	  0.2	0.888	0.000	0.000
519	  P	  0.5	  0.2	0.000	0.000	0.000
520	  T	  1.6	  0.2	0.068	0.000	0.000
521	  L	  2.0	  0.2	0.107	0.000	0.000
522	  R	  2.0	  0.1	0.195	0.000	0.000
523	  S	  0.4	  0.1	9.992	0.000	0.000
524	  E	  0.3	  0.1	10.902	0.000	0.000
525	  L	  1.4	  0.0	11.844	0.003	0.003
526	  T	  2.7	  0.0	34.254	0.006	0.006
527	  V	  2.8	  0.0	36.635	0.131	0.131
528	  A	  1.6	  0.0	41.697	0.194	0.194
529	  A	  0.4	  0.0	44.962	1.001	1.001
530	  A	  0.3	  0.0	48.894	12.141	12.141
531	  V	  2.2	  0.0	51.773	73.430	73.430
532	  L	  2.8	  0.0	52.621	95.532	95.532
533	  V	  3.6	  0.0	53.462	99.580	99.580
534	  L	  1.9	  0.0	53.883	99.924	99.924
535	  L	  1.9	  0.0	53.853	99.987	99.987
536	  V	  5.4	  0.0	53.934	99.999	99.999
537	  I	  7.3	  0.0	54.008	100.000	100.000
538	  V	  8.6	  0.0	54.390	100.000	100.000
539	  I	  4.8	  0.0	54.678	100.000	100.000
540	  I	  3.4	  0.0	54.778	100.000	100.000
541	  S	  1.5	  0.0	58.262	99.996	99.996
542	  L	  1.4	  0.0	53.706	99.995	99.995
543	  I	  2.9	  0.0	52.733	99.993	99.993
544	  V	  4.7	  0.0	52.892	99.977	99.977
545	  L	  4.9	  0.0	52.704	99.811	99.811
546	  V	  4.8	  0.0	51.513	99.527	99.527
547	  V	  3.3	  0.0	51.391	96.801	96.801
548	  I	  2.8	  0.0	50.894	73.336	73.336
549	  W	  0.7	  0.0	50.851	20.309	20.309
550	  K	  0.4	  0.0	46.221	0.000	0.000
551	  Q	  0.3	  0.0	20.729	0.000	0.000
552	  K	  0.2	  0.1	6.354	0.000	0.000
553	  P	  0.0	  0.1	0.000	0.000	0.000
554	  R	  1.1	  0.1	0.000	0.000	0.000
555	  Y	  6.4	  0.1	0.000	0.000	0.000
556	  E	  7.3	  0.0	0.000	0.000	0.000
557	  I	  8.8	  0.0	0.000	0.000	0.000
558	  R	  4.3	  0.0	0.000	0.000	0.000
559	  W	  5.5	  0.0	0.000	0.000	0.000
560	  R	  5.6	  0.0	0.000	0.000	0.000
561	  V	  7.8	  0.0	0.000	0.000	0.000
562	  I	  6.0	  0.0	0.000	0.000	0.000
563	  E	  3.4	  0.0	0.000	0.000	0.000
564	  S	  8.8	  0.0	0.000	0.000	0.000
565	  I	  8.6	  0.0	0.000	0.000	0.000
566	  S	  8.6	 15.6	0.000	0.000	0.000
567	  P	  0.2	 15.9	0.000	0.000	0.000
568	  D	  0.0	 15.9	0.000	0.000	0.000
569	  G	  0.0	 15.9	0.000	0.000	0.000
570	  H	  0.5	  0.4	0.000	0.000	0.000
571	  E	  0.5	  0.1	0.000	0.000	0.000
572	  Y	  1.2	  0.0	0.000	0.000	0.000
573	  I	  2.4	  0.0	0.000	0.000	0.000
574	  Y	  4.9	  0.0	0.000	0.000	0.000
575	  V	  4.5	  0.0	0.000	0.000	0.000
576	  D	  2.9	  0.2	0.000	0.000	0.000
577	  P	  0.2	  0.2	0.000	0.000	0.000
578	  M	  3.9	  0.2	0.000	0.000	0.000
579	  Q	  4.0	  0.2	0.000	0.000	0.000
580	  L	  4.0	  0.2	0.000	0.000	0.000
581	  P	  0.1	  0.2	0.000	0.000	0.000
582	  Y	  0.9	  0.2	0.000	0.000	0.000
583	  D	  1.0	  0.2	0.219	0.000	0.000
584	  S	  1.2	  0.1	0.219	0.000	0.000
585	  R	  1.3	  0.1	0.219	0.000	0.000
586	  W	  5.1	  0.0	0.219	0.000	0.000
587	  E	  5.0	  0.0	0.219	0.000	0.000
588	  F	  4.1	  0.2	0.219	0.000	0.000
589	  P	  0.1	  1.0	0.000	0.000	0.000
590	  R	  0.0	  1.2	0.000	0.000	0.000
591	  D	  0.0	  1.2	0.000	0.000	0.000
592	  G	  0.0	  0.9	0.174	0.177	0.177
593	  L	  2.1	  0.2	0.174	0.177	0.177
594	  V	  2.7	  0.0	0.174	0.177	0.177
595	  L	  2.7	  0.0	0.174	0.177	0.177
596	  G	  0.6	  0.0	0.174	0.177	0.177
597	  R	  1.7	  0.0	0.174	0.000	0.000
598	  V	  2.3	  0.0	0.000	0.000	0.000
599	  L	  2.3	  0.7	0.000	0.000	0.000
600	  G	  0.6	  1.1	0.000	0.000	0.000
601	  S	  0.0	  1.5	0.000	0.000	0.000
602	  G	  0.0	  1.6	0.000	0.000	0.000
603	  A	  0.1	  1.1	0.000	0.000	0.000
604	  F	  0.3	  1.0	0.000	0.000	0.000
605	  G	  0.3	  0.6	0.000	0.000	0.000
606	  K	  2.2	  0.4	0.000	0.000	0.000
607	  V	  6.2	  0.2	0.000	0.000	0.000
608	  V	  6.3	  0.1	0.000	0.000	0.000
609	  E	  4.4	  0.3	0.000	0.000	0.000
610	  G	  0.3	  0.3	0.000	0.000	0.000
611	  T	  1.0	  0.5	0.000	0.144	0.144
612	  A	  1.1	  0.4	0.000	0.144	0.144
613	  Y	  1.1	  0.4	0.000	0.144	0.144
614	  G	  0.3	  0.3	0.000	0.144	0.144
615	  L	  0.3	  0.2	0.000	0.144	0.144
616	  S	  1.8	  0.7	0.000	0.000	0.000
617	  R	  2.5	  0.6	0.000	0.000	0.000
618	  S	  2.5	  0.6	0.000	0.000	0.000
619	  Q	  0.9	  0.5	0.000	0.000	0.000
620	  P	  0.1	  0.0	0.000	0.000	0.000
621	  V	  1.3	  0.0	0.000	0.000	0.000
622	  M	  3.2	  0.0	0.000	0.000	0.000
623	  K	  5.2	  0.0	0.000	0.000	0.000
624	  V	 10.5	  0.0	0.000	0.000	0.000
625	  A	  9.2	  0.0	0.000	0.000	0.000
626	  V	 14.3	  0.0	0.000	0.000	0.000
627	  K	  8.1	  0.0	0.000	0.000	0.000
628	  M	  7.8	  0.0	0.000	0.000	0.000
629	  L	  0.9	  0.0	0.000	0.000	0.000
630	  K	  0.6	  0.2	0.000	0.000	0.000
631	  P	  0.1	  0.2	0.000	0.000	0.000
632	  T	  0.9	  0.2	0.000	0.000	0.000
633	  A	  1.0	  0.3	0.000	0.000	0.000
634	  R	  1.2	  0.2	0.000	0.000	0.000
635	  S	  0.5	  0.3	0.000	0.000	0.000
636	  S	  0.3	  0.4	0.000	0.000	0.000
637	  E	  0.3	  0.3	0.132	0.000	0.000
638	  K	  0.4	  0.2	0.132	0.000	0.000
639	  Q	  0.5	  0.1	0.132	0.000	0.000
640	  A	  0.6	  0.1	0.132	0.000	0.000
641	  L	  1.0	  0.0	0.132	0.000	0.000
642	  M	  0.9	  0.1	0.132	0.000	0.000
643	  S	  0.6	  0.1	0.457	0.000	0.000
644	  E	  1.4	  0.1	0.457	0.000	0.000
645	  L	  3.0	  0.1	0.457	0.000	0.000
646	  K	  3.7	  0.1	0.457	0.000	0.000
647	  I	  4.4	  0.0	0.324	0.000	0.000
648	  M	  4.1	  0.0	0.324	0.000	0.000
649	  T	  4.4	  0.0	0.000	0.000	0.000
650	  H	  2.5	  0.0	0.000	0.000	0.000
651	  L	  1.1	  0.1	0.000	0.000	0.000
652	  G	  0.2	  0.4	0.000	0.000	0.000
653	  P	  0.0	  0.4	0.000	0.000	0.000
654	  H	  0.8	  0.5	0.000	0.000	0.000
655	  L	  4.4	  0.5	0.000	2.108	2.108
656	  N	  6.5	  0.2	1.656	2.388	2.388
657	  I	  6.8	  0.2	1.656	11.700	11.700
658	  V	  6.5	  0.0	1.656	11.700	11.700
659	  N	  4.4	  0.0	1.773	11.700	11.700
660	  L	  3.4	  0.0	1.773	11.700	11.700
661	  L	  0.1	  0.1	1.773	11.420	11.420
662	  G	  0.1	  0.1	2.490	1.537	1.537
663	  A	  0.2	  0.1	1.426	0.703	0.703
664	  C	  3.9	  0.1	1.184	0.000	0.000
665	  T	  7.2	  0.4	0.951	0.000	0.000
666	  K	  7.2	  0.4	0.951	0.000	0.000
667	  S	  3.6	  0.5	0.951	0.000	0.000
668	  G	  0.1	  0.4	0.265	0.000	0.000
669	  P	  0.0	  0.1	0.000	1.226	1.226
670	  I	  1.0	  0.1	0.000	38.468	38.468
671	  Y	  2.4	  0.0	0.000	38.468	38.468
672	  I	  6.8	  0.0	0.000	38.468	38.468
673	  I	  6.5	  0.0	0.000	38.468	38.468
674	  T	  5.4	  0.0	0.000	37.696	37.696
675	  E	  1.6	  0.0	0.000	0.000	0.000
676	  Y	  4.0	  0.0	0.000	0.000	0.000
677	  C	  4.8	  0.0	0.000	0.000	0.000
678	  F	  5.0	  0.0	0.000	0.000	0.000
679	  Y	  2.0	  5.8	0.000	0.000	0.000
680	  G	  1.0	  5.8	0.000	0.000	0.000
681	  D	  0.2	  5.8	0.352	0.000	0.000
682	  L	  0.8	  5.9	0.352	7.043	7.043
683	  V	  3.6	  0.1	0.352	7.043	7.043
684	  N	  3.5	  0.1	1.205	7.043	7.043
685	  Y	  3.5	  0.1	1.205	7.043	7.043
686	  L	  0.9	  0.0	1.205	7.043	7.043
687	  H	  1.1	  0.5	1.205	0.136	0.136
688	  K	  0.5	  0.5	0.975	0.000	0.000
689	  N	  0.3	  2.3	0.853	0.000	0.000
690	  R	  0.1	  2.3	0.125	0.000	0.000
691	  D	  0.6	  1.9	0.000	0.000	0.000
692	  S	  1.2	  1.8	0.000	0.000	0.000
693	  F	  2.1	  0.1	0.000	0.000	0.000
694	  L	  2.3	  0.1	0.000	0.000	0.000
695	  S	  2.7	  0.1	0.000	0.000	0.000
696	  H	  1.8	  0.1	0.000	0.000	0.000
697	  H	  1.0	  0.5	0.000	0.000	0.000
698	  P	  0.1	  0.5	0.000	0.000	0.000
699	  E	  0.0	  0.5	0.000	0.000	0.000
700	  K	  0.0	  0.6	0.000	0.000	0.000
701	  P	  0.0	  0.2	0.000	0.000	0.000
702	  K	  0.2	  0.3	0.000	0.000	0.000
703	  K	  0.3	  0.3	0.000	0.000	0.000
704	  E	  1.1	  0.1	0.000	0.000	0.000
705	  L	  3.4	  0.1	0.000	0.000	0.000
706	  D	  4.6	  0.1	0.171	0.000	0.000
707	  I	  4.9	  0.0	0.171	0.000	0.000
708	  F	  2.5	  0.2	0.171	0.000	0.000
709	  G	  1.4	  0.2	0.171	0.000	0.000
710	  L	  0.4	  0.2	0.171	0.000	0.000
711	  N	  0.2	  0.4	0.293	0.000	0.000
712	  P	  0.1	  0.6	0.122	0.000	0.000
713	  A	  0.0	  0.7	0.122	0.000	0.000
714	  D	  0.0	  1.9	1.476	0.000	0.000
715	  E	  0.2	  1.7	1.476	0.000	0.000
716	  S	  0.8	  1.4	1.476	0.000	0.000
717	  T	  2.9	  1.4	1.355	0.000	0.000
718	  R	  4.3	  0.2	1.355	0.000	0.000
719	  S	  4.4	  0.1	1.355	10.144	10.144
720	  Y	  4.4	  0.1	0.559	85.887	85.887
721	  V	  9.3	  0.0	0.000	88.610	88.610
722	  I	  9.8	  0.1	0.000	88.610	88.610
723	  L	  9.9	  0.1	0.000	88.610	88.610
724	  S	  9.6	  0.1	0.000	87.846	87.846
725	  F	  9.1	  0.4	0.000	81.424	81.424
726	  E	  7.2	  0.4	0.000	0.000	0.000
727	  N	  0.9	  0.7	0.000	0.000	0.000
728	  N	  0.0	  1.5	0.000	0.000	0.000
729	  G	  0.0	  1.1	0.000	0.000	0.000
730	  D	  0.0	  1.0	0.198	0.000	0.000
731	  Y	  1.2	  1.0	0.198	0.000	0.000
732	  M	  2.5	  0.3	0.198	0.000	0.000
733	  D	  2.7	  0.3	0.546	0.000	0.000
734	  M	  1.7	  0.4	0.546	0.000	0.000
735	  K	  0.5	  0.1	0.546	0.000	0.000
736	  Q	  0.3	  0.3	0.347	0.000	0.000
737	  A	  0.2	  0.3	0.347	0.000	0.000
738	  D	  0.3	  0.3	0.347	0.000	0.000
739	  T	  2.7	  0.3	0.000	0.000	0.000
740	  T	  5.1	  0.1	0.000	0.000	0.000
741	  Q	  7.4	  0.1	0.000	0.000	0.000
742	  Y	  5.2	  0.0	0.000	0.000	0.000
743	  V	  2.7	  0.0	0.000	0.000	0.000
744	  P	  0.2	  0.0	0.226	0.000	0.000
745	  M	  0.1	  0.0	0.226	0.000	0.000
746	  L	  0.2	  0.1	0.226	0.000	0.000
747	  E	  1.0	  0.1	0.226	0.000	0.000
748	  R	  1.1	  0.1	0.226	0.000	0.000
749	  K	  1.5	  0.1	0.226	0.000	0.000
750	  E	  3.7	  0.1	0.000	0.000	0.000
751	  V	  4.5	  0.1	0.000	0.000	0.000
752	  S	  4.2	  0.1	0.000	0.000	0.000
753	  K	  1.9	  0.1	0.000	0.000	0.000
754	  Y	  1.2	  0.5	0.000	0.000	0.000
755	  S	  1.0	  0.5	0.402	0.000	0.000
756	  D	  0.6	  0.5	1.037	0.000	0.000
757	  I	  0.9	  0.5	1.037	0.000	0.000
758	  Q	  1.1	  0.1	1.037	0.000	0.000
759	  R	  1.3	  0.1	1.037	0.000	0.000
760	  S	  1.1	  0.1	1.037	0.000	0.000
761	  L	  1.2	  0.1	0.776	0.000	0.000
762	  Y	  1.4	  0.0	0.776	0.000	0.000
763	  D	  1.1	  0.0	0.336	0.000	0.000
764	  R	  0.7	  0.0	0.124	0.000	0.000
765	  P	  0.0	  0.2	0.000	0.000	0.000
766	  A	  0.6	  0.2	0.000	0.000	0.000
767	  S	  2.3	  0.2	0.246	0.000	0.000
768	  Y	  2.7	  0.3	0.246	0.000	0.000
769	  K	  2.2	  0.1	0.246	0.000	0.000
770	  K	  0.6	  0.2	0.246	0.000	0.000
771	  K	  0.4	  0.2	0.246	0.000	0.000
772	  S	  0.5	  0.1	0.246	0.000	0.000
773	  M	  0.9	  0.1	0.000	0.000	0.000
774	  L	  0.9	  0.1	0.000	0.000	0.000
775	  D	  0.7	  0.1	0.314	0.000	0.000
776	  S	  0.4	  0.1	1.379	0.000	0.000
777	  E	 14.2	  0.1	1.379	0.000	0.000
778	  V	 15.8	  0.2	1.379	0.000	0.000
779	  K	 15.8	  0.1	1.379	0.000	0.000
780	  N	  1.9	  0.1	1.379	0.000	0.000
781	  L	  0.5	  0.1	1.379	0.000	0.000
782	  L	  0.5	  0.3	0.921	0.000	0.000
783	  S	  0.4	  1.8	0.676	0.000	0.000
784	  D	  0.1	  3.7	0.000	0.000	0.000
785	  D	  0.0	  4.0	0.000	0.000	0.000
786	  N	  0.1	  4.1	0.000	0.000	0.000
787	  S	  0.1	  2.9	0.225	0.000	0.000
788	  E	  0.1	  1.1	0.225	0.000	0.000
789	  G	  0.1	  0.8	0.625	0.000	0.000
790	  L	  2.2	  0.4	0.625	0.000	0.000
791	  T	  2.9	  0.1	7.348	0.000	0.000
792	  L	  3.2	  0.0	7.348	0.000	0.000
793	  L	  1.9	  0.0	7.348	0.000	0.000
794	  D	  1.2	  0.0	7.348	0.000	0.000
795	  L	  1.1	  0.0	7.348	12.303	12.303
796	  L	  1.8	  0.0	7.348	14.471	14.471
797	  S	  7.3	  0.0	6.333	14.471	14.471
798	  F	 17.0	  0.0	2.878	14.841	14.841
799	  T	 31.1	  0.0	0.345	14.841	14.841
800	  Y	 27.6	  0.0	0.345	14.373	14.373
801	  Q	 18.4	  0.0	0.214	12.463	12.463
802	  V	  3.2	  0.0	0.077	12.463	12.463
803	  A	  1.0	  0.1	0.077	5.698	5.698
804	  R	  0.9	  0.1	0.077	0.000	0.000
805	  G	  0.1	  0.1	0.537	0.000	0.000
806	  M	  1.0	  0.1	0.459	0.000	0.000
807	  E	  1.1	  0.0	0.459	0.000	0.000
808	  F	  1.7	  0.0	0.459	0.000	0.000
809	  L	  0.9	  0.1	0.459	0.000	0.000
810	  A	  1.0	  0.2	0.459	0.000	0.000
811	  S	  1.0	  2.7	0.459	0.000	0.000
812	  K	  1.1	  2.7	0.206	0.000	0.000
813	  N	  1.5	  2.5	0.000	0.000	0.000
814	  C	  2.7	  2.5	0.000	0.000	0.000
815	  V	  4.0	  0.0	0.000	0.000	0.000
816	  H	  3.6	  0.4	0.580	0.000	0.000
817	  R	  1.9	  0.5	0.704	0.000	0.000
818	  D	  0.3	  0.5	0.968	0.000	0.000
819	  L	  0.2	  0.5	0.968	0.000	0.000
820	  A	  0.2	  0.0	0.968	0.000	0.000
821	  A	  0.2	  0.1	0.968	0.000	0.000
822	  R	  0.5	  0.1	0.836	0.000	0.000
823	  N	  0.6	  0.1	1.151	0.261	0.261
824	  V	  4.5	  0.1	0.672	0.261	0.261
825	  L	  4.4	  0.0	0.672	0.261	0.261
826	  L	  4.2	  0.2	0.672	0.261	0.261
827	  A	  0.3	  0.5	0.672	0.261	0.261
828	  Q	  0.1	  0.6	0.672	0.000	0.000
829	  G	  0.0	  0.6	0.206	0.000	0.000
830	  K	  1.5	  0.4	0.000	0.000	0.000
831	  I	  4.3	  0.0	0.000	0.142	0.142
832	  V	 11.7	  0.0	0.000	0.142	0.142
833	  K	 10.8	  0.0	0.000	0.142	0.142
834	  I	  8.2	  0.1	0.000	0.142	0.142
835	  C	  1.3	  0.1	0.000	0.142	0.142
836	  D	  0.6	  0.1	0.000	0.142	0.142
837	  F	  0.6	  0.2	0.000	0.142	0.142
838	  G	  0.3	  0.1	0.147	0.142	0.142
839	  L	  0.3	  0.1	0.147	0.142	0.142
840	  A	  0.1	  0.2	0.147	0.142	0.142
841	  R	  0.4	  0.2	0.147	0.000	0.000
842	  D	  0.4	  0.2	0.147	0.000	0.000
843	  I	  1.1	  0.2	0.147	0.000	0.000
844	  M	  1.1	  0.1	0.147	0.000	0.000
845	  H	  1.1	  0.3	0.000	0.000	0.000
846	  D	  0.4	  1.9	0.000	0.000	0.000
847	  S	  0.2	  1.9	0.000	0.000	0.000
848	  N	  0.7	  1.8	0.000	0.000	0.000
849	  Y	  2.4	  1.6	0.000	0.000	0.000
850	  V	  3.3	  0.1	0.000	0.000	0.000
851	  S	  2.7	  0.9	0.000	0.000	0.000
852	  K	  1.0	  1.5	0.000	0.000	0.000
853	  G	  0.1	  1.6	0.000	0.000	0.000
854	  S	  0.7	  1.5	0.000	0.000	0.000
855	  T	  7.5	  0.7	0.000	0.000	0.000
856	  F	  7.6	  0.1	0.000	0.000	0.000
857	  L	  7.0	  0.0	0.000	0.000	0.000
858	  P	  0.2	  0.0	0.000	0.000	0.000
859	  V	  2.6	  0.0	0.000	0.000	0.000
860	  K	  2.8	  0.0	0.000	0.000	0.000
861	  W	  3.8	  0.0	0.000	0.000	0.000
862	  M	  1.3	  0.0	0.000	0.000	0.000
863	  A	  1.1	  0.2	0.000	0.000	0.000
864	  P	  0.0	  0.3	0.000	0.000	0.000
865	  E	  0.0	  0.3	0.000	0.000	0.000
866	  S	  0.3	  0.3	0.000	0.000	0.000
867	  I	  0.6	  0.2	0.000	0.000	0.000
868	  F	  1.0	  0.4	0.000	0.000	0.000
869	  D	  0.7	  0.4	0.000	0.000	0.000
870	  N	  0.9	  0.4	0.153	0.000	0.000
871	  L	  0.8	  0.4	0.153	0.303	0.303
872	  Y	  2.5	  0.1	0.153	0.303	0.303
873	  T	  2.8	  0.1	0.153	0.303	0.303
874	  T	  7.8	  0.1	0.153	0.303	0.303
875	  L	  6.2	  0.2	0.153	0.303	0.303
876	  S	  5.4	  0.2	0.153	0.000	0.000
877	  D	  1.9	  0.2	0.000	0.000	0.000
878	  V	  4.9	  0.2	0.000	31.566	31.566
879	  W	  8.5	  0.2	0.000	34.208	34.208
880	  S	  7.4	  0.2	0.683	35.708	35.708
881	  Y	  4.8	  0.5	0.683	47.224	47.224
882	  G	  1.1	  0.4	1.223	48.624	48.624
883	  I	  3.2	  0.3	1.223	48.624	48.624
884	  L	  3.3	  0.3	1.223	48.118	48.118
885	  L	  3.4	  0.0	1.223	45.048	45.048
886	  W	  3.6	  0.0	1.223	37.747	37.747
887	  E	  3.6	  0.0	1.079	0.000	0.000
888	  I	  4.6	  0.0	0.920	0.107	0.107
889	  F	  4.7	  0.1	0.920	0.107	0.107
890	  S	  4.4	  0.1	0.490	0.107	0.107
891	  L	  3.3	  0.7	0.115	0.107	0.107
892	  G	  0.2	  0.7	0.000	0.107	0.107
893	  G	  0.0	  0.5	0.000	0.000	0.000
894	  T	  0.0	  0.5	0.000	0.000	0.000
895	  P	  0.0	  0.0	0.000	0.000	0.000
896	  Y	  0.0	  3.5	0.000	0.000	0.000
897	  P	  0.0	  3.5	0.000	0.000	0.000
898	  G	  0.0	  3.5	0.000	0.000	0.000
899	  M	  1.2	  3.5	0.000	0.000	0.000
900	  M	  1.9	  0.0	0.000	0.000	0.000
901	  V	  2.8	  0.0	0.000	0.000	0.000
902	  D	  1.7	  0.1	0.000	0.000	0.000
903	  S	  1.7	  0.1	0.000	0.000	0.000
904	  T	  7.4	  0.1	0.703	0.000	0.000
905	  F	  9.1	  0.2	0.703	0.000	0.000
906	  Y	  9.1	  0.1	0.703	0.000	0.000
907	  N	  2.8	  0.1	0.703	0.000	0.000
908	  K	  3.3	  0.1	0.703	0.000	0.000
909	  I	  4.0	  0.2	0.703	0.000	0.000
910	  K	  3.9	  0.3	0.703	0.000	0.000
911	  S	  1.5	  0.3	0.305	0.000	0.000
912	  G	  0.2	  0.3	0.124	0.000	0.000
913	  Y	  2.2	  0.2	0.000	0.000	0.000
914	  R	  2.4	  0.0	0.000	0.000	0.000
915	  M	  2.5	  0.0	0.000	0.000	0.000
916	  A	  0.3	  0.0	0.000	0.000	0.000
917	  K	  0.2	  1.5	0.000	0.000	0.000
918	  P	  0.0	  1.6	0.000	0.000	0.000
919	  D	  0.0	  1.6	0.000	0.000	0.000
920	  H	  0.3	  1.8	0.000	0.000	0.000
921	  A	  0.5	  0.3	0.000	0.000	0.000
922	  T	  0.6	  0.3	0.120	0.000	0.000
923	  S	  0.4	  0.3	0.902	0.000	0.000
924	  E	  1.9	  0.1	1.008	0.000	0.000
925	  V	  5.0	  0.1	1.008	1.534	1.534
926	  Y	  9.8	  0.0	1.008	1.534	1.534
927	  E	  8.3	  0.0	1.008	1.534	1.534
928	  I	  8.4	  0.0	1.008	1.534	1.534
929	  M	  4.2	  0.0	1.008	1.534	1.534
930	  V	  8.9	  0.0	1.008	1.534	1.534
931	  K	  6.2	  0.0	1.008	1.534	1.534
932	  C	  7.6	  0.1	0.410	1.224	1.224
933	  W	  3.5	  0.1	0.251	1.224	1.224
934	  N	  3.1	  0.1	0.108	0.000	0.000
935	  S	  1.0	  0.1	0.000	0.000	0.000
936	  E	  0.2	  0.2	0.000	0.000	0.000
937	  P	  0.0	  0.2	0.000	0.000	0.000
938	  E	  0.3	  0.2	0.000	0.000	0.000
939	  K	  0.3	  0.2	0.000	0.000	0.000
940	  R	  0.4	  0.5	0.000	0.000	0.000
941	  P	  0.1	  0.4	0.000	0.000	0.000
942	  S	  1.2	  0.4	0.000	0.000	0.000
943	  F	  2.4	  0.4	0.000	0.000	0.000
944	  Y	  4.0	  0.0	0.000	0.000	0.000
945	  H	  3.5	  0.0	0.539	0.000	0.000
946	  L	  2.3	  0.0	0.539	0.000	0.000
947	  S	  0.8	  0.0	1.014	0.000	0.000
948	  E	  0.4	  0.0	1.014	0.000	0.000
949	  I	  3.4	  0.0	1.014	0.000	0.000
950	  V	  4.4	  0.1	1.014	0.000	0.000
951	  E	  4.1	  0.1	1.014	0.000	0.000
952	  N	  1.1	  0.1	1.014	0.000	0.000
953	  L	  0.1	  0.1	0.681	0.000	0.000
954	  L	  0.1	  1.8	0.556	0.000	0.000
955	  P	  0.1	  1.9	0.000	0.000	0.000
956	  G	  0.0	  1.9	0.000	0.000	0.000
957	  Q	  2.1	  1.9	0.000	0.000	0.000
958	  Y	  2.5	  0.1	0.000	0.000	0.000
959	  K	  2.5	  0.1	0.000	0.000	0.000
960	  K	  0.9	  0.1	0.000	0.000	0.000
961	  S	  7.2	  0.1	0.120	0.000	0.000
962	  Y	  9.0	  0.2	0.120	0.000	0.000
963	  E	  8.7	  0.1	0.120	0.000	0.000
964	  K	  3.0	  0.1	0.120	0.000	0.000
965	  I	  3.5	  0.1	0.120	0.000	0.000
966	  H	  4.1	  0.3	0.120	0.000	0.000
967	  L	  4.4	  0.3	0.120	0.000	0.000
968	  D	  2.0	  0.3	0.120	0.000	0.000
969	  F	  2.1	  0.3	0.120	0.000	0.000
970	  L	  1.2	  0.1	0.000	0.000	0.000
971	  K	  1.2	  0.6	0.000	0.000	0.000
972	  S	  0.4	  0.6	0.000	0.000	0.000
973	  D	  0.1	  0.6	0.000	0.000	0.000
974	  H	  0.0	  0.6	0.386	0.000	0.000
975	  P	  0.0	  0.2	0.568	0.000	0.000
976	  A	  0.4	  0.2	0.568	0.000	0.000
977	  V	  1.4	  0.2	0.568	0.000	0.000
978	  A	  1.6	  0.0	0.568	0.000	0.000
979	  R	  1.9	  0.0	0.568	0.000	0.000
980	  M	  3.4	  0.0	0.437	0.000	0.000
981	  R	  8.4	  0.0	0.000	0.000	0.000
982	  V	  8.7	  0.0	0.000	0.000	0.000
983	  D	  6.3	  3.9	0.127	0.000	0.000
984	  S	  1.1	  4.9	0.127	0.000	0.000
985	  D	  0.0	  4.9	0.127	0.000	0.000
986	  N	  0.2	  4.9	0.127	0.463	0.463
987	  A	  0.5	  1.1	0.127	12.955	12.955
988	  Y	  0.8	  0.2	0.127	14.850	14.850
989	  I	  0.8	  0.2	0.000	15.300	15.300
990	  G	  0.6	  0.2	0.000	15.300	15.300
991	  V	  8.6	  0.2	0.000	15.300	15.300
992	  T	 21.2	  0.0	0.000	14.689	14.689
993	  Y	 21.6	  0.2	0.000	11.430	11.430
994	  K	 13.9	  0.2	0.000	0.000	0.000
995	  N	  0.7	  0.3	1.632	0.000	0.000
996	  E	  0.1	  0.5	1.632	0.000	0.000
997	  E	  0.1	  0.3	1.797	0.000	0.000
998	  D	  0.1	  0.5	2.618	0.000	0.000
999	  K	  1.1	  0.3	2.618	0.000	0.000
1000	  L	  1.2	  0.7	2.618	0.000	0.000
1001	  K	  1.3	  0.6	2.452	0.000	0.000
1002	  D	  1.2	  0.7	2.025	0.000	0.000
1003	  W	  1.2	  1.0	1.618	0.000	0.000
1004	  E	  1.1	  0.9	1.000	0.000	0.000
1005	  G	  0.1	  0.9	0.384	0.000	0.000
1006	  G	  0.1	  0.9	0.000	0.000	0.000
1007	  L	  0.1	  0.7	0.000	0.000	0.000
1008	  D	  0.1	  0.4	2.135	0.000	0.000
1009	  E	  0.1	  0.4	2.135	0.000	0.000
1010	  Q	  0.3	  0.3	2.135	0.000	0.000
1011	  R	  0.8	  0.3	2.135	0.000	0.000
1012	  L	  1.3	  0.1	2.135	0.000	0.000
1013	  S	  1.5	  2.3	2.135	0.000	0.000
1014	  A	  1.1	  2.5	1.356	0.000	0.000
1015	  D	  0.4	  2.8	0.845	0.000	0.000
1016	  S	  0.1	  2.8	0.248	0.000	0.000
1017	  G	  0.1	  0.5	0.000	0.000	0.000
1018	  Y	  2.5	  0.3	0.000	0.000	0.000
1019	  I	  3.0	  0.0	0.000	0.000	0.000
1020	  I	  3.0	  0.0	0.000	0.000	0.000
1021	  P	  0.6	  0.0	0.000	0.000	0.000
1022	  L	  0.1	  0.6	0.000	0.000	0.000
1023	  P	  0.0	  0.6	0.000	0.000	0.000
1024	  D	  1.6	  0.6	0.000	0.000	0.000
1025	  I	  1.8	  0.6	0.000	0.000	0.000
1026	  D	  1.8	  0.0	0.000	0.000	0.000
1027	  P	  0.3	  0.0	0.000	0.000	0.000
1028	  V	  0.0	  0.0	0.000	0.000	0.000
1029	  P	  0.0	  0.1	0.000	0.000	0.000
1030	  E	  0.0	  0.1	0.000	0.000	0.000
1031	  E	  0.0	  0.3	0.134	0.000	0.000
1032	  E	  0.0	  0.4	0.322	0.000	0.000
1033	  D	  0.0	  0.8	3.533	0.000	0.000
1034	  L	  0.0	  0.8	3.533	0.000	0.000
1035	  G	  0.0	  0.7	3.681	0.000	0.000
1036	  K	  0.2	  0.8	3.681	0.000	0.000
1037	  R	  0.2	  0.3	3.547	0.000	0.000
1038	  N	  0.2	  0.3	3.359	0.000	0.000
1039	  R	  0.2	  0.3	3.170	0.000	0.000
1040	  H	  0.3	  0.4	1.143	0.000	0.000
1041	  S	  0.4	  0.4	0.161	0.000	0.000
1042	  S	  0.6	  0.4	0.000	0.000	0.000
1043	  Q	  0.6	  0.4	0.000	0.000	0.000
1044	  T	  0.6	  0.2	0.000	0.000	0.000
1045	  S	  0.3	  0.3	0.000	0.000	0.000
1046	  E	  0.2	  0.3	0.000	0.000	0.000
1047	  E	  0.1	  0.3	0.000	0.000	0.000
1048	  S	  0.4	  0.2	0.000	0.000	0.000
1049	  A	  0.5	  0.1	0.000	0.000	0.000
1050	  I	  1.0	  0.1	0.000	0.000	0.000
1051	  E	  0.7	  0.2	0.000	0.000	0.000
1052	  T	  0.7	  0.9	0.000	0.000	0.000
1053	  G	  0.2	  1.0	0.000	0.000	0.000
1054	  S	  1.1	  1.7	0.000	0.000	0.000
1055	  S	  1.8	  2.2	0.000	0.000	0.000
1056	  S	  2.1	  1.7	0.000	0.000	0.000
1057	  S	  1.9	  1.5	0.000	0.000	0.000
1058	  T	  3.4	  0.7	0.000	0.000	0.000
1059	  F	  4.3	  0.1	0.000	0.000	0.000
1060	  I	  5.8	  0.0	0.000	0.000	0.000
1061	  K	  3.7	  0.1	0.000	0.000	0.000
1062	  R	  2.5	  0.5	0.000	0.000	0.000
1063	  E	  0.4	  0.5	0.000	0.000	0.000
1064	  D	  0.1	  0.6	0.000	0.000	0.000
1065	  E	  0.0	  0.6	0.000	0.000	0.000
1066	  T	  4.3	  0.1	0.000	0.000	0.000
1067	  I	  4.4	  0.2	0.000	0.000	0.000
1068	  E	  4.4	  0.1	0.000	0.000	0.000
1069	  D	  0.9	  0.4	0.000	0.000	0.000
1070	  I	  3.8	  0.4	0.000	0.000	0.000
1071	  D	  3.8	  0.3	0.000	0.000	0.000
1072	  M	  3.6	  0.5	0.000	0.000	0.000
1073	  M	  0.6	  0.3	0.000	0.000	0.000
1074	  D	  0.7	  0.3	0.000	0.000	0.000
1075	  D	  0.2	  0.3	0.000	0.000	0.000
1076	  I	  0.4	  0.3	0.000	0.000	0.000
1077	  G	  0.6	  0.1	0.000	0.000	0.000
1078	  I	  1.4	  0.2	0.000	0.000	0.000
1079	  D	  1.1	  2.1	0.000	0.000	0.000
1080	  S	  0.9	  3.8	0.000	0.000	0.000
1081	  S	  0.1	  3.9	0.000	0.000	0.000
1082	  D	  0.2	  3.8	0.000	0.000	0.000
1083	  L	  0.4	  1.9	0.000	0.000	0.000
1084	  V	  1.3	  0.2	0.000	0.000	0.000
1085	  E	  1.1	  0.2	0.000	0.000	0.000
1086	  D	  1.5	  0.2	0.000	0.000	0.000
1087	  S	  1.4	  0.2	0.000	0.000	0.000
1088	  F	  1.4	  0.1	0.000	0.000	0.000
1089	  L	  0.8	  0.0	0.000	0.000	0.000
