res	aa	Beta	Turn	Helix	Aggregation	Conc-Stab_Aggregation
01	  M	  0.8	  0.0	0.000	0.001	0.001
02	  I	  1.9	  0.0	0.000	3.599	3.599
03	  A	  2.1	  0.0	0.000	3.730	3.730
04	  S	  1.7	  0.0	0.147	4.047	4.047
05	  Q	  1.3	  0.0	0.147	6.604	6.604
06	  F	  1.8	  0.0	0.258	71.916	71.916
07	  L	  1.9	  0.0	0.365	77.243	77.243
08	  S	  1.2	  0.0	28.575	78.219	78.219
09	  A	  0.6	  0.0	29.240	86.083	86.083
10	  L	  1.7	  0.0	29.374	95.375	95.375
11	  T	  2.4	  0.0	32.194	97.064	97.064
12	  L	  3.7	  0.0	32.194	99.872	99.872
13	  V	  4.8	  0.0	32.194	99.865	99.865
14	  L	  4.5	  0.0	32.074	99.770	99.770
15	  L	  3.4	  0.0	31.727	99.196	99.196
16	  I	  1.4	  0.0	30.795	98.031	98.031
17	  K	  0.8	  0.2	30.434	0.107	0.107
18	  E	  0.5	  0.3	10.828	0.107	0.107
19	  S	  0.1	  0.3	5.993	0.016	0.016
20	  G	  0.0	  0.3	1.834	0.005	0.005
21	  A	  0.3	  0.1	0.349	0.005	0.005
22	  W	  4.1	  0.0	0.096	0.004	0.004
23	  S	 13.0	  0.3	0.000	0.001	0.001
24	  Y	 13.5	  0.3	0.000	0.001	0.001
25	  N	 10.3	  0.5	0.000	0.000	0.000
26	  T	  1.9	  0.6	0.000	0.000	0.000
27	  S	  1.2	  0.3	0.000	0.000	0.000
28	  T	  1.0	  0.3	0.000	0.000	0.000
29	  E	  0.3	  0.1	0.000	0.000	0.000
30	  A	  0.3	  0.1	0.000	0.000	0.000
31	  M	  4.9	  0.0	0.000	0.000	0.000
32	  T	 12.3	  0.0	0.490	0.000	0.000
33	  Y	 12.3	  0.0	0.490	0.000	0.000
34	  D	  7.7	  0.1	2.051	0.000	0.000
35	  E	  0.4	  0.1	2.051	0.000	0.000
36	  A	  0.3	  0.1	2.051	0.000	0.000
37	  S	  0.5	  0.3	2.460	0.000	0.000
38	  A	  0.6	  0.2	2.216	0.000	0.000
39	  Y	  2.6	  0.2	2.216	0.000	0.000
40	  C	  3.7	  0.2	1.051	0.000	0.000
41	  Q	  3.6	  0.1	0.901	0.000	0.000
42	  Q	  2.4	  0.1	0.724	0.000	0.000
43	  R	  2.7	  0.1	0.353	0.000	0.000
44	  Y	  6.4	  0.1	0.111	0.528	0.528
45	  T	  6.5	  0.0	0.000	0.528	0.528
46	  H	  5.5	  0.0	0.152	0.791	0.791
47	  L	  2.6	  0.0	0.152	1.384	1.384
48	  V	  4.9	  0.0	0.152	1.384	1.384
49	  A	  4.4	  0.0	0.152	1.384	1.384
50	  I	  3.6	  0.1	0.152	1.384	1.384
51	  Q	  0.4	  0.1	0.152	0.593	0.593
52	  N	  0.3	  0.2	0.158	0.134	0.134
53	  K	  0.4	  0.2	0.158	0.000	0.000
54	  E	  0.3	  0.2	0.158	0.000	0.000
55	  E	  1.0	  0.2	0.158	0.000	0.000
56	  I	  3.8	  0.0	0.158	0.000	0.000
57	  E	  3.9	  0.0	0.158	0.000	0.000
58	  Y	  4.2	  0.1	0.158	0.000	0.000
59	  L	  1.7	  0.1	0.000	0.000	0.000
60	  N	  1.8	  0.1	0.108	0.000	0.000
61	  S	  0.8	  0.1	0.108	0.186	0.186
62	  I	  1.4	  0.1	0.108	0.186	0.186
63	  L	  3.2	  0.0	0.108	0.186	0.186
64	  S	 34.2	  0.0	0.108	0.186	0.186
65	  Y	 33.6	  0.0	0.108	0.186	0.186
66	  S	 32.0	  2.1	0.000	0.000	0.000
67	  P	  0.4	  2.1	0.000	0.145	0.145
68	  S	  0.8	  2.1	0.000	14.129	14.129
69	  Y	  2.0	  2.1	0.000	30.005	30.005
70	  Y	  2.7	  0.0	0.000	31.801	31.801
71	  W	  2.0	  0.2	0.000	31.801	31.801
72	  I	  1.1	  0.2	0.000	31.801	31.801
73	  G	  0.5	  0.2	0.000	19.641	19.641
74	  I	  1.2	  0.3	0.000	16.065	16.065
75	  R	  1.5	  0.1	0.000	0.000	0.000
76	  K	  3.1	  0.0	0.000	0.000	0.000
77	  V	  3.0	  0.0	0.000	0.228	0.228
78	  N	  2.4	  0.0	0.000	0.273	0.273
79	  N	  4.1	  0.0	0.000	4.062	4.062
80	  V	  7.6	  0.0	0.000	94.466	94.466
81	  W	  8.3	  0.0	0.000	95.223	95.223
82	  V	  8.9	  0.0	0.000	95.256	95.256
83	  W	  4.9	  0.0	0.000	95.256	95.256
84	  V	  4.1	  0.1	0.000	94.970	94.970
85	  G	  0.2	  0.1	0.000	10.137	10.137
86	  T	  4.0	  0.1	0.000	1.884	1.884
87	  Q	  4.0	  0.1	0.000	0.062	0.062
88	  K	  4.0	  0.0	0.000	0.000	0.000
89	  P	  0.0	  0.0	0.000	0.000	0.000
90	  L	  0.0	  0.0	0.000	0.000	0.000
91	  T	  0.1	  0.1	9.473	0.000	0.000
92	  E	  0.1	  0.1	9.594	0.000	0.000
93	  E	  0.5	  0.1	9.594	0.000	0.000
94	  A	  0.5	  0.3	9.594	0.000	0.000
95	  K	  0.6	  0.2	9.594	0.000	0.000
96	  N	  0.3	  0.2	9.594	0.000	0.000
97	  W	  0.4	  0.2	4.534	0.000	0.000
98	  A	  0.3	  1.4	1.033	0.000	0.000
99	  P	  0.1	  1.4	0.000	0.000	0.000
100	  G	  0.0	  1.4	0.000	0.000	0.000
101	  E	  0.0	  2.0	0.000	0.000	0.000
102	  P	  0.0	  0.7	0.000	0.000	0.000
103	  N	  0.0	  0.7	0.000	0.000	0.000
104	  N	  0.1	  0.8	0.153	0.000	0.000
105	  R	  0.3	  0.3	0.153	0.000	0.000
106	  Q	  0.4	  0.3	0.153	0.000	0.000
107	  K	  0.4	  0.3	0.153	0.000	0.000
108	  D	  0.2	  5.7	0.266	0.000	0.000
109	  E	  0.1	  5.7	0.266	0.000	0.000
110	  D	  0.4	  5.5	2.814	0.000	0.000
111	  C	  2.2	  5.5	3.131	0.000	0.000
112	  V	  8.9	  0.0	3.131	0.617	0.617
113	  E	  9.0	  0.0	3.131	0.761	0.761
114	  I	  8.1	  0.0	3.131	0.761	0.761
115	  Y	  2.6	  0.0	3.131	0.761	0.761
116	  I	  4.0	  0.0	3.131	0.761	0.761
117	  K	  3.4	  0.1	3.131	0.761	0.761
118	  R	  2.3	  0.1	2.364	0.000	0.000
119	  E	  0.6	  0.3	1.087	0.000	0.000
120	  K	  0.5	  0.2	0.362	0.000	0.000
121	  D	  0.5	  0.4	0.209	0.000	0.000
122	  V	  0.6	  0.3	0.209	0.000	0.000
123	  G	  0.4	  0.2	0.209	0.000	0.000
124	  M	  0.7	  0.2	0.000	0.000	0.000
125	  W	  0.7	  0.1	0.000	0.000	0.000
126	  N	  0.7	  0.1	0.461	0.000	0.000
127	  D	  0.3	  0.4	1.862	0.000	0.000
128	  E	  0.3	  0.4	1.991	0.000	0.000
129	  R	  1.2	  0.4	1.991	0.000	0.000
130	  C	  3.1	  0.4	1.991	0.000	0.000
131	  S	  2.9	  0.2	2.442	0.000	0.000
132	  K	  2.1	  0.2	2.321	0.000	0.000
133	  K	  0.3	  0.3	1.531	0.000	0.000
134	  K	  0.5	  0.2	0.633	0.000	0.000
135	  L	  0.7	  0.1	0.451	0.136	0.136
136	  A	  0.8	  0.0	0.451	0.136	0.136
137	  L	  1.5	  0.0	0.451	0.136	0.136
138	  C	  2.2	  0.0	0.271	0.136	0.136
139	  Y	  7.6	  0.0	0.128	0.136	0.136
140	  T	  6.9	  0.0	0.000	0.000	0.000
141	  A	  5.9	  0.0	0.000	0.000	0.000
142	  A	  0.5	  0.0	0.000	0.000	0.000
143	  C	  0.9	  0.1	0.000	0.000	0.000
144	  T	  1.4	  0.1	0.000	0.000	0.000
145	  N	  1.5	  0.5	0.000	0.000	0.000
146	  T	  2.7	  0.5	0.000	0.000	0.000
147	  S	 22.1	  1.0	0.000	0.000	0.000
148	  C	 22.2	  1.5	0.000	0.000	0.000
149	  S	 20.5	  1.4	0.000	0.000	0.000
150	  G	  0.5	  1.5	0.000	0.000	0.000
151	  H	  0.1	  1.1	0.000	0.000	0.000
152	  G	  0.1	  0.6	0.000	0.000	0.000
153	  E	  0.1	  0.3	0.000	0.000	0.000
154	  C	  2.1	  0.1	0.099	0.000	0.000
155	  V	  2.8	  0.1	0.099	0.000	0.000
156	  E	  2.7	  0.0	0.099	0.000	0.000
157	  T	  5.2	  0.1	0.099	0.000	0.000
158	  I	  4.7	  0.1	0.099	0.000	0.000
159	  N	  4.8	  0.1	0.261	0.000	0.000
160	  N	  1.5	  0.1	0.261	0.000	0.000
161	  Y	 18.4	  0.1	0.261	0.000	0.000
162	  T	 21.5	  0.0	0.162	0.000	0.000
163	  C	 20.8	  0.1	0.162	0.000	0.000
164	  K	  5.3	  0.1	0.162	0.000	0.000
165	  C	  1.6	  0.1	0.000	0.000	0.000
166	  D	  1.0	  2.1	0.000	0.000	0.000
167	  P	  0.1	  2.1	0.000	0.000	0.000
168	  G	  0.1	  2.1	0.000	0.000	0.000
169	  F	  1.4	  2.3	0.000	0.000	0.000
170	  S	  1.4	  0.3	0.000	0.000	0.000
171	  G	  1.4	  0.3	0.000	0.000	0.000
172	  L	  2.3	  0.3	0.000	0.000	0.000
173	  K	  6.5	  0.1	0.000	0.000	0.000
174	  C	  7.8	  0.1	0.111	0.000	0.000
175	  E	  5.8	  0.1	0.111	0.000	0.000
176	  Q	  2.8	  0.1	0.111	0.000	0.000
177	  I	  2.4	  0.1	0.111	0.000	0.000
178	  V	  6.0	  0.0	0.111	0.000	0.000
179	  N	  5.5	  0.0	0.111	0.000	0.000
180	  C	 10.4	  0.0	0.000	0.000	0.000
181	  T	  7.2	  0.0	0.000	0.000	0.000
182	  A	  6.4	  0.0	0.000	0.000	0.000
183	  L	  0.8	  0.0	0.000	0.000	0.000
184	  E	  0.3	  0.0	0.000	0.000	0.000
185	  S	  0.3	  0.3	0.000	0.000	0.000
186	  P	  0.0	  0.6	0.000	0.000	0.000
187	  E	  0.0	  0.8	0.000	0.000	0.000
188	  H	  0.1	  1.5	0.000	0.000	0.000
189	  G	  0.1	  1.2	0.000	0.000	0.000
190	  S	  0.4	  0.9	0.000	0.000	0.000
191	  L	  1.7	  0.7	0.000	0.000	0.000
192	  V	  2.8	  0.0	0.000	0.000	0.000
193	  C	  4.5	  0.0	0.000	0.000	0.000
194	  S	  3.2	  0.0	0.000	0.000	0.000
195	  H	  2.1	  0.8	0.000	0.000	0.000
196	  P	  0.1	  0.8	0.000	0.000	0.000
197	  L	  0.0	  2.9	0.000	0.000	0.000
198	  G	  0.0	  2.9	0.000	0.000	0.000
199	  N	  1.0	  2.1	0.000	0.000	0.000
200	  F	  7.2	  2.1	0.000	0.000	0.000
201	  S	 14.0	  0.3	0.000	0.000	0.000
202	  Y	 14.1	  0.3	0.000	0.000	0.000
203	  N	  8.4	  1.4	0.000	0.000	0.000
204	  S	  1.6	  1.5	0.000	0.000	0.000
205	  S	 17.0	  1.3	0.000	0.000	0.000
206	  C	 17.9	  1.3	0.000	0.000	0.000
207	  S	 21.9	  0.3	0.000	0.000	0.000
208	  I	 10.3	  0.3	0.000	0.000	0.000
209	  S	 14.1	  0.6	0.000	0.000	0.000
210	  C	  9.9	  0.7	0.000	0.000	0.000
211	  D	  5.5	  0.7	0.000	0.000	0.000
212	  R	  0.2	  0.7	0.000	0.000	0.000
213	  G	  0.1	  0.4	0.000	0.000	0.000
214	  Y	  0.3	  0.2	0.000	0.000	0.000
215	  L	  0.2	  0.3	0.000	0.000	0.000
216	  P	  0.2	  0.5	0.000	0.000	0.000
217	  S	  0.1	  0.5	0.000	0.000	0.000
218	  S	  1.3	  0.5	0.952	0.000	0.000
219	  M	  1.4	  0.2	0.952	0.000	0.000
220	  E	  1.3	  0.1	0.952	0.000	0.000
221	  T	  3.4	  0.1	0.952	0.000	0.000
222	  M	  5.3	  0.1	0.952	0.000	0.000
223	  Q	  5.8	  0.0	0.952	0.000	0.000
224	  C	  4.4	  0.1	0.409	0.000	0.000
225	  M	  2.7	  0.5	0.409	0.000	0.000
226	  S	  2.2	  0.8	0.158	0.000	0.000
227	  S	  0.5	  0.8	0.000	0.000	0.000
228	  G	  0.1	  0.7	0.000	0.000	0.000
229	  E	  1.1	  0.4	0.000	0.000	0.000
230	  W	  6.5	  0.0	0.000	0.000	0.000
231	  S	  6.6	  0.0	0.000	0.000	0.000
232	  A	  5.6	  0.0	0.000	0.000	0.000
233	  P	  0.1	  0.0	0.000	0.000	0.000
234	  I	  0.0	  0.0	0.000	0.000	0.000
235	  P	  0.0	  0.0	0.000	0.000	0.000
236	  A	  0.1	  0.0	0.000	0.000	0.000
237	  C	  2.3	  0.0	0.000	0.000	0.000
238	  N	  4.2	  0.0	0.000	0.000	0.000
239	  V	  8.2	  0.0	0.000	0.000	0.000
240	  V	  9.6	  0.0	0.000	0.000	0.000
241	  E	  8.3	  0.0	0.000	0.000	0.000
242	  C	  5.1	  0.0	0.000	0.000	0.000
243	  D	  1.6	  0.0	0.000	0.000	0.000
244	  A	  1.2	  0.0	0.000	0.000	0.000
245	  V	  3.5	  0.0	0.000	0.000	0.000
246	  T	  3.5	  0.0	0.000	0.000	0.000
247	  N	  3.1	  0.2	0.144	0.000	0.000
248	  P	  0.0	  1.3	0.144	0.000	0.000
249	  A	  0.0	  1.7	0.144	0.000	0.000
250	  N	  0.0	  1.7	0.144	0.000	0.000
251	  G	  0.0	  1.4	0.144	0.000	0.000
252	  F	  2.0	  0.3	0.144	0.000	0.000
253	  V	  5.4	  0.0	0.000	0.000	0.000
254	  E	  5.8	  0.0	0.000	0.000	0.000
255	  C	 10.1	  0.0	0.000	0.000	0.000
256	  F	  9.1	  0.0	0.000	0.000	0.000
257	  Q	  8.6	  0.0	0.000	0.000	0.000
258	  N	  2.6	  3.9	0.000	0.000	0.000
259	  P	  0.0	  4.3	0.000	0.000	0.000
260	  G	  0.1	  4.3	0.000	0.000	0.000
261	  S	  0.3	  4.3	0.000	0.000	0.000
262	  F	  0.4	  0.5	0.000	0.000	0.000
263	  P	  0.3	  0.2	0.000	0.000	0.000
264	  W	  0.5	  0.2	0.000	0.000	0.000
265	  N	  0.8	  0.3	0.000	0.000	0.000
266	  T	  2.7	  0.1	0.000	0.000	0.000
267	  T	  8.0	  0.1	0.000	0.000	0.000
268	  C	 10.2	  0.1	0.000	0.000	0.000
269	  T	 15.4	  0.0	0.000	0.000	0.000
270	  F	 14.5	  0.0	0.000	0.000	0.000
271	  D	 12.8	  0.0	0.000	0.000	0.000
272	  C	  6.6	  0.4	0.000	0.000	0.000
273	  E	  1.7	  0.6	0.000	0.000	0.000
274	  E	  0.4	  0.6	0.000	0.000	0.000
275	  G	  0.1	  0.6	0.000	0.000	0.000
276	  F	  2.5	  0.3	0.000	0.000	0.000
277	  E	  2.5	  0.1	0.000	0.000	0.000
278	  L	  2.6	  0.1	0.000	0.000	0.000
279	  M	  0.3	  0.2	0.000	0.000	0.000
280	  G	  0.3	  0.1	0.191	0.000	0.000
281	  A	  0.2	  0.2	0.191	0.000	0.000
282	  Q	  0.3	  0.2	0.191	0.000	0.000
283	  S	  1.0	  0.1	0.191	0.000	0.000
284	  L	  2.6	  0.1	0.191	0.000	0.000
285	  Q	  3.1	  0.0	0.191	0.000	0.000
286	  C	  4.0	  0.1	0.000	0.000	0.000
287	  T	  3.6	  0.5	0.000	0.000	0.000
288	  S	  2.9	  0.7	0.000	0.000	0.000
289	  S	  1.5	  0.8	0.000	0.000	0.000
290	  G	  0.1	  0.8	0.000	0.000	0.000
291	  N	  0.6	  1.2	0.000	0.000	0.000
292	  W	  0.8	  1.2	0.000	0.000	0.000
293	  D	  0.8	  1.1	0.000	0.000	0.000
294	  N	  0.3	  1.1	0.000	0.000	0.000
295	  E	  0.1	  0.2	0.000	0.000	0.000
296	  K	  0.1	  0.4	0.000	0.000	0.000
297	  P	  0.0	  0.3	0.000	0.000	0.000
298	  T	  3.8	  0.3	0.000	0.000	0.000
299	  C	  4.7	  0.4	0.000	0.000	0.000
300	  K	  4.9	  0.0	0.000	0.000	0.000
301	  A	  1.7	  0.0	0.000	0.000	0.000
302	  V	  7.6	  0.0	0.000	0.000	0.000
303	  T	 11.4	  0.0	0.319	0.000	0.000
304	  C	 13.2	  0.0	0.424	0.000	0.000
305	  R	  6.7	  0.0	0.424	0.000	0.000
306	  A	  3.1	  0.0	0.424	0.000	0.000
307	  V	  5.6	  0.0	0.424	0.000	0.000
308	  R	  5.4	  0.0	0.424	0.000	0.000
309	  Q	  4.9	  0.2	0.266	0.000	0.000
310	  P	  0.1	  0.8	0.000	0.000	0.000
311	  Q	  0.0	  1.2	0.000	0.000	0.000
312	  N	  0.0	  1.2	0.000	0.000	0.000
313	  G	  0.0	  1.1	0.000	0.000	0.000
314	  S	  3.6	  0.4	0.000	0.000	0.000
315	  V	  7.2	  0.1	0.000	0.000	0.000
316	  R	  8.1	  0.0	0.000	0.000	0.000
317	  C	  5.8	  0.1	0.000	0.000	0.000
318	  S	  4.5	  0.1	0.000	0.000	0.000
319	  H	  3.7	  0.1	0.000	0.000	0.000
320	  S	  2.5	  0.5	0.000	0.000	0.000
321	  P	  0.0	  0.7	0.000	0.000	0.000
322	  A	  0.0	  0.8	0.000	0.000	0.000
323	  G	  0.0	  0.8	0.129	0.000	0.000
324	  E	  2.1	  0.4	0.129	0.000	0.000
325	  F	 13.8	  0.1	0.129	0.000	0.000
326	  T	 25.3	  0.0	0.129	0.000	0.000
327	  F	 24.0	  0.1	0.129	0.000	0.000
328	  K	 13.0	  0.2	0.129	0.000	0.000
329	  S	  1.5	  0.2	0.000	0.000	0.000
330	  S	  6.5	  0.6	0.000	0.000	0.000
331	  C	  6.9	  0.5	0.000	0.000	0.000
332	  N	  7.7	  0.4	0.000	0.000	0.000
333	  F	 18.3	  0.3	0.000	0.000	0.000
334	  T	 21.3	  0.0	0.000	0.000	0.000
335	  C	 20.5	  0.3	0.000	0.000	0.000
336	  E	  4.7	  0.5	0.000	0.000	0.000
337	  E	  0.4	  0.5	0.000	0.000	0.000
338	  G	  0.0	  0.5	0.189	0.000	0.000
339	  F	  0.9	  0.2	0.189	0.000	0.000
340	  M	  1.1	  0.0	0.189	0.000	0.000
341	  L	  1.2	  0.0	0.189	0.000	0.000
342	  Q	  0.3	  0.0	0.189	0.000	0.000
343	  G	  0.0	  0.0	0.189	0.000	0.000
344	  P	  0.0	  0.0	0.000	0.000	0.000
345	  A	  0.1	  0.0	0.000	0.000	0.000
346	  Q	  1.9	  0.0	0.000	0.000	0.000
347	  V	  5.7	  0.0	0.000	0.000	0.000
348	  E	  6.6	  0.0	0.000	0.000	0.000
349	  C	  5.2	  0.0	0.000	0.000	0.000
350	  T	  3.9	  0.1	0.000	0.000	0.000
351	  T	  2.8	  0.5	0.000	0.000	0.000
352	  Q	  2.4	  0.5	0.000	0.000	0.000
353	  G	  0.1	  0.5	0.176	0.000	0.000
354	  Q	  2.4	  0.4	0.176	0.000	0.000
355	  W	  4.8	  0.0	0.176	0.000	0.000
356	  T	  6.5	  0.1	0.176	0.000	0.000
357	  Q	  4.5	  0.1	0.176	0.000	0.000
358	  Q	  2.2	  0.1	0.176	0.000	0.000
359	  I	  0.5	  0.0	0.000	0.000	0.000
360	  P	  0.2	  0.0	0.104	0.000	0.000
361	  V	  1.0	  0.0	0.104	0.000	0.000
362	  C	  4.8	  0.1	0.104	0.000	0.000
363	  E	  4.9	  0.1	0.104	0.000	0.000
364	  A	  4.4	  0.1	0.104	0.000	0.000
365	  F	  7.2	  0.1	0.104	0.000	0.000
366	  Q	  7.8	  0.0	0.000	0.000	0.000
367	  C	 13.1	  0.0	0.113	0.000	0.000
368	  T	  7.1	  0.0	0.113	0.000	0.000
369	  A	  6.5	  0.0	0.113	0.000	0.000
370	  L	  0.8	  0.0	0.113	0.000	0.000
371	  S	  0.3	  0.0	0.113	0.000	0.000
372	  N	  0.1	  0.4	0.356	0.000	0.000
373	  P	  0.0	  0.7	0.244	0.000	0.000
374	  E	  0.0	  0.8	0.244	0.000	0.000
375	  R	  0.1	  0.8	0.244	0.000	0.000
376	  G	  0.1	  0.3	0.244	0.000	0.000
377	  Y	  1.5	  0.3	0.244	0.000	0.000
378	  M	  5.6	  0.2	0.000	0.000	0.000
379	  N	  5.8	  0.2	0.000	0.000	0.000
380	  C	  4.7	  0.2	0.000	0.000	0.000
381	  L	  0.4	  0.4	0.000	0.000	0.000
382	  P	  0.2	  0.4	0.000	0.000	0.000
383	  S	  2.9	  3.4	0.000	0.000	0.000
384	  A	  3.0	  3.6	0.000	0.000	0.000
385	  S	  3.2	  4.3	0.000	0.000	0.000
386	  G	  0.4	  4.3	0.000	0.000	0.000
387	  S	  6.5	  1.3	0.000	0.000	0.000
388	  F	  8.8	  1.0	0.000	0.000	0.000
389	  R	  9.1	  0.1	0.000	0.000	0.000
390	  Y	  3.1	  1.4	0.000	0.000	0.000
391	  G	  0.4	  1.6	0.000	0.000	0.000
392	  S	  0.7	  1.6	0.000	0.000	0.000
393	  S	  7.5	  1.5	0.000	0.000	0.000
394	  C	  8.5	  0.2	0.000	0.000	0.000
395	  E	  9.0	  0.0	0.000	0.000	0.000
396	  F	 19.7	  0.0	0.000	0.000	0.000
397	  S	 25.5	  0.0	0.000	0.000	0.000
398	  C	 25.6	  0.3	0.000	0.000	0.000
399	  E	  9.7	  0.5	0.000	0.000	0.000
400	  Q	  1.2	  0.4	0.000	0.425	0.425
401	  G	  0.0	  0.4	0.255	0.425	0.425
402	  F	  1.7	  0.1	0.255	0.425	0.425
403	  V	  2.9	  0.0	0.255	0.425	0.425
404	  L	  3.0	  0.5	0.255	0.425	0.425
405	  K	  1.3	  0.7	0.255	0.000	0.000
406	  G	  0.1	  0.7	0.255	0.000	0.000
407	  S	  0.8	  0.8	0.109	0.000	0.000
408	  K	  1.0	  0.4	0.000	0.000	0.000
409	  R	  1.4	  0.2	0.000	0.000	0.000
410	  L	  2.3	  0.2	0.000	0.000	0.000
411	  Q	  2.3	  0.1	0.000	0.000	0.000
412	  C	  1.8	  0.2	0.000	0.000	0.000
413	  G	  0.1	  1.3	0.000	0.000	0.000
414	  P	  0.0	  1.4	0.000	0.000	0.000
415	  T	  0.0	  1.4	0.000	0.000	0.000
416	  G	  0.0	  1.2	0.000	0.000	0.000
417	  E	  1.5	  0.2	0.000	0.000	0.000
418	  W	  1.7	  0.2	0.000	0.000	0.000
419	  D	  1.7	  0.2	0.000	0.000	0.000
420	  N	  0.3	  0.2	0.000	0.000	0.000
421	  E	  0.1	  0.2	0.000	0.000	0.000
422	  K	  0.1	  0.4	0.000	0.000	0.000
423	  P	  0.0	  0.3	0.000	0.000	0.000
424	  T	  4.5	  0.3	0.000	0.000	0.000
425	  C	  8.2	  0.4	0.000	0.000	0.000
426	  E	  8.2	  0.1	0.000	0.000	0.000
427	  A	  4.4	  0.0	0.000	0.000	0.000
428	  V	  4.2	  0.1	0.000	0.000	0.000
429	  R	  6.8	  0.1	0.000	0.000	0.000
430	  C	  7.1	  0.2	0.000	0.000	0.000
431	  D	  3.7	  0.2	0.000	0.000	0.000
432	  A	  1.7	  0.2	0.000	0.000	0.000
433	  V	  5.6	  0.0	0.000	0.000	0.000
434	  H	  5.6	  0.0	0.000	0.000	0.000
435	  Q	  4.7	  0.0	0.000	0.000	0.000
436	  P	  0.0	  0.6	0.000	0.000	0.000
437	  P	  0.0	  0.9	0.000	0.000	0.000
438	  K	  0.0	  0.9	0.000	0.000	0.000
439	  G	  0.0	  0.9	0.000	0.000	0.000
440	  L	  0.2	  0.2	0.000	0.000	0.000
441	  V	  4.2	  0.0	0.000	0.000	0.000
442	  R	  4.6	  0.0	0.000	0.000	0.000
443	  C	  5.1	  0.2	0.000	0.000	0.000
444	  A	  1.3	  0.2	0.000	0.000	0.000
445	  H	  0.8	  0.2	0.000	0.000	0.000
446	  S	  0.2	  0.2	0.000	0.000	0.000
447	  P	  0.0	  0.1	0.000	0.000	0.000
448	  I	  0.0	  0.6	0.000	0.000	0.000
449	  G	  0.0	  0.6	0.409	0.000	0.000
450	  E	  2.1	  0.6	0.409	0.000	0.000
451	  F	 13.9	  0.5	0.409	0.000	0.000
452	  T	 26.0	  0.0	0.409	0.000	0.000
453	  Y	 24.8	  0.1	0.409	0.000	0.000
454	  K	 13.8	  0.2	0.409	0.000	0.000
455	  S	  1.6	  0.2	0.101	0.000	0.000
456	  S	  1.2	  0.2	0.000	0.000	0.000
457	  C	  1.4	  0.1	0.000	0.000	0.000
458	  A	  1.4	  0.0	0.000	0.000	0.000
459	  F	 19.8	  0.0	0.000	0.000	0.000
460	  S	 27.0	  0.0	0.000	0.000	0.000
461	  C	 27.0	  0.3	0.000	0.000	0.000
462	  E	  9.7	  0.5	0.000	0.000	0.000
463	  E	  0.4	  0.5	0.000	0.000	0.000
464	  G	  0.1	  0.5	0.000	0.000	0.000
465	  F	  2.5	  0.2	0.000	0.000	0.000
466	  E	  3.8	  0.0	0.000	0.000	0.000
467	  L	  3.9	  0.2	0.000	0.000	0.000
468	  H	  1.6	  1.7	0.000	0.000	0.000
469	  G	  0.3	  1.7	0.000	0.000	0.000
470	  S	  0.5	  1.7	0.000	0.000	0.000
471	  T	  1.4	  1.6	0.000	0.000	0.000
472	  Q	  2.8	  0.1	0.000	0.000	0.000
473	  L	  3.5	  0.1	0.000	0.000	0.000
474	  E	  3.6	  0.1	0.000	0.000	0.000
475	  C	  3.7	  0.1	0.000	0.000	0.000
476	  T	  3.7	  0.3	0.000	0.000	0.000
477	  S	  2.7	  0.9	0.000	0.000	0.000
478	  Q	  1.2	  0.9	0.000	0.000	0.000
479	  G	  0.1	  0.8	0.000	0.000	0.000
480	  Q	  2.4	  0.6	0.000	0.000	0.000
481	  W	  3.1	  0.0	0.000	0.000	0.000
482	  T	  3.1	  0.1	0.000	0.000	0.000
483	  E	  0.8	  0.1	0.000	0.000	0.000
484	  E	  0.3	  0.1	0.000	0.000	0.000
485	  V	  0.3	  0.4	0.000	0.000	0.000
486	  P	  0.2	  0.4	0.000	0.000	0.000
487	  S	  2.8	  0.4	0.000	0.000	0.000
488	  C	  3.8	  0.4	0.000	0.000	0.000
489	  Q	  4.5	  0.0	0.000	0.000	0.000
490	  V	  4.5	  0.0	0.000	0.000	0.000
491	  V	  8.7	  0.0	0.000	0.000	0.000
492	  K	  8.7	  0.0	0.000	0.000	0.000
493	  C	  6.6	  0.2	0.000	0.000	0.000
494	  S	  1.4	  0.3	0.000	0.000	0.000
495	  S	  0.9	  0.3	0.000	0.000	0.000
496	  L	  0.8	  0.3	0.000	0.000	0.000
497	  A	  0.8	  0.1	0.000	0.000	0.000
498	  V	  0.7	  1.0	0.000	0.000	0.000
499	  P	  0.1	  1.1	0.000	0.000	0.000
500	  G	  0.0	  1.1	0.000	0.000	0.000
501	  K	  1.2	  1.1	0.000	0.000	0.000
502	  I	  4.6	  0.0	0.000	0.000	0.000
503	  N	  4.9	  0.7	0.000	0.000	0.000
504	  M	 10.3	  0.7	0.000	0.000	0.000
505	  S	 25.3	  1.3	0.000	0.000	0.000
506	  C	 25.3	  1.6	0.000	0.000	0.000
507	  S	 19.7	  0.9	0.000	0.000	0.000
508	  G	  0.5	  0.9	0.000	0.000	0.000
509	  E	  0.1	  0.3	0.000	0.000	0.000
510	  P	  0.0	  0.0	0.000	0.147	0.147
511	  V	  1.0	  0.0	0.000	14.727	14.727
512	  F	  1.1	  0.3	0.000	14.727	14.727
513	  G	  1.1	  0.3	0.000	14.727	14.727
514	  T	  3.2	  0.3	0.000	14.727	14.727
515	  V	  3.4	  0.3	0.000	14.727	14.727
516	  C	  3.6	  0.0	0.000	2.537	2.537
517	  K	  1.1	  0.0	0.000	0.000	0.000
518	  F	  3.0	  0.0	0.000	0.000	0.000
519	  A	  2.8	  0.0	0.000	0.000	0.000
520	  C	  2.2	  1.2	0.000	0.000	0.000
521	  P	  0.0	  1.7	0.000	0.000	0.000
522	  E	  0.0	  1.7	0.000	0.000	0.000
523	  G	  0.1	  1.7	0.000	0.000	0.000
524	  W	  3.0	  0.5	0.000	0.000	0.000
525	  T	  4.7	  0.3	0.000	0.000	0.000
526	  L	  4.7	  1.3	0.000	0.000	0.000
527	  N	  1.9	  1.6	0.190	0.000	0.000
528	  G	  0.2	  1.6	0.190	0.000	0.000
529	  S	  0.2	  1.3	0.190	0.000	0.000
530	  A	  0.3	  0.3	0.190	0.000	0.000
531	  A	  0.2	  0.1	0.190	0.000	0.000
532	  R	  0.2	  0.1	0.190	0.000	0.000
533	  T	  0.6	  0.1	0.000	0.000	0.000
534	  C	  1.0	  0.4	0.000	0.000	0.000
535	  G	  0.9	  0.7	0.000	0.000	0.000
536	  A	  0.5	  0.8	0.000	0.000	0.000
537	  T	  0.1	  0.8	0.000	0.000	0.000
538	  G	  0.1	  0.6	0.000	0.000	0.000
539	  H	  2.7	  0.4	0.000	0.000	0.000
540	  W	  2.9	  0.5	0.000	0.000	0.000
541	  S	  2.9	  0.6	0.000	0.000	0.000
542	  G	  0.3	  0.6	0.000	0.000	0.000
543	  L	  0.1	  0.3	0.000	0.000	0.000
544	  L	  0.1	  0.4	0.000	0.000	0.000
545	  P	  0.1	  0.3	0.000	0.000	0.000
546	  T	  4.6	  0.3	0.000	0.000	0.000
547	  C	 13.5	  0.3	0.000	0.000	0.000
548	  E	 13.5	  0.0	0.000	0.000	0.000
549	  A	  9.3	  0.2	0.000	0.000	0.000
550	  P	  0.0	  0.2	0.000	0.000	0.000
551	  T	  0.2	  0.4	0.000	0.000	0.000
552	  E	  0.3	  0.5	0.000	0.000	0.000
553	  S	  0.3	  0.3	0.000	0.000	0.000
554	  N	  0.3	  0.3	0.000	0.000	0.000
555	  I	  0.3	  0.1	0.000	0.000	0.000
556	  P	  0.2	  0.0	0.000	0.000	0.000
557	  L	  1.0	  0.0	0.000	3.171	3.171
558	  V	  1.6	  0.0	0.000	3.306	3.306
559	  A	  1.7	  0.0	0.000	3.306	3.306
560	  G	  0.7	  0.0	0.000	3.306	3.306
561	  L	  0.7	  0.1	0.000	3.456	3.456
562	  S	  0.8	  0.2	0.183	1.883	1.883
563	  A	  0.8	  0.4	0.183	1.911	1.911
564	  A	  0.2	  0.4	0.183	2.014	2.014
565	  G	  0.1	  0.4	0.183	2.197	2.197
566	  L	  1.8	  0.3	0.183	6.370	6.370
567	  S	  2.0	  0.1	2.128	7.016	7.016
568	  L	  2.2	  0.0	1.944	7.016	7.016
569	  L	  2.7	  0.0	1.944	7.016	7.016
570	  T	  3.5	  0.0	2.099	6.782	6.782
571	  L	  3.3	  0.0	2.099	5.992	5.992
572	  A	  1.1	  0.0	4.150	0.000	0.000
573	  P	  0.0	  0.0	2.349	0.684	0.684
574	  F	  0.8	  0.0	2.505	39.269	39.269
575	  L	  1.2	  0.0	3.082	39.269	39.269
576	  L	  1.7	  0.0	3.530	39.269	39.269
577	  W	  1.6	  0.0	3.975	39.269	39.269
578	  L	  1.4	  0.1	3.975	39.040	39.040
579	  R	  0.9	  0.1	3.975	0.000	0.000
580	  K	  0.8	  0.1	3.693	0.000	0.000
581	  C	  2.2	  0.1	3.297	0.000	0.000
582	  L	  2.4	  0.1	3.297	0.000	0.000
583	  R	  2.0	  0.1	3.110	0.000	0.000
584	  K	  0.6	  0.1	2.111	0.000	0.000
585	  A	  0.4	  0.1	0.171	0.000	0.000
586	  K	  0.4	  0.1	0.171	0.000	0.000
587	  K	  1.0	  0.1	0.000	0.000	0.000
588	  F	  1.1	  0.1	0.000	0.000	0.000
589	  V	  1.1	  0.0	0.000	0.000	0.000
590	  P	  0.2	  0.2	0.000	0.000	0.000
591	  A	  0.2	  0.4	0.000	0.000	0.000
592	  S	  0.9	  0.4	0.000	0.000	0.000
593	  S	  3.9	  0.4	0.000	0.000	0.000
594	  C	  4.4	  0.4	0.000	0.000	0.000
595	  Q	  3.8	  0.3	0.000	0.000	0.000
596	  S	  1.9	  0.2	0.000	0.000	0.000
597	  L	  1.4	  0.3	0.000	0.000	0.000
598	  E	  1.2	  0.6	0.000	0.000	0.000
599	  S	  0.2	  1.1	0.000	0.000	0.000
600	  D	  0.0	  1.4	0.000	0.000	0.000
601	  G	  0.1	  1.3	0.000	0.000	0.000
602	  S	  3.3	  0.8	0.000	0.000	0.000
603	  Y	  7.2	  0.3	0.000	0.000	0.000
604	  Q	  7.2	  0.0	0.000	0.000	0.000
605	  K	  4.0	  0.4	0.000	0.000	0.000
606	  P	  0.1	  0.4	0.000	0.000	0.000
607	  S	  0.9	  0.4	0.000	0.000	0.000
608	  Y	  2.0	  0.4	0.000	0.000	0.000
609	  I	  2.0	  0.0	0.000	0.000	0.000
610	  L	  1.1	  0.0	0.000	0.000	0.000
