res	aa	Beta	Turn	Helix	Aggregation	Conc-Stab_Aggregation
01	  M	  2.0	  0.0	0.000	0.000	0.000
02	  R	  2.4	  0.0	0.000	0.000	0.000
03	  L	  2.9	  0.0	0.122	41.925	41.925
04	  L	  1.0	  0.0	0.122	57.679	57.679
05	  W	  0.7	  0.0	0.122	65.433	65.433
06	  G	  0.2	  0.0	0.261	67.165	67.165
07	  L	  0.6	  0.0	0.261	85.253	85.253
08	  I	  1.0	  0.0	0.261	88.468	88.468
09	  W	  1.5	  0.1	0.261	87.769	87.769
10	  A	  1.2	  0.3	0.261	83.142	83.142
11	  S	  0.9	  0.3	0.261	79.148	79.148
12	  S	  1.5	  0.3	0.000	79.028	79.028
13	  F	  2.4	  0.1	0.000	80.198	80.198
14	  F	  6.9	  0.0	0.000	79.231	79.231
15	  T	 11.3	  0.0	0.179	66.516	66.516
16	  L	 11.9	  0.0	0.179	58.953	58.953
17	  S	  8.1	  0.0	0.179	17.187	17.187
18	  L	  2.8	  0.0	0.179	11.613	11.613
19	  Q	  1.0	  0.0	0.179	0.422	0.422
20	  K	  0.4	  0.1	0.179	0.000	0.000
21	  P	  0.0	  0.2	0.132	0.000	0.000
22	  R	  0.4	  0.2	0.132	0.000	0.000
23	  L	  1.4	  0.2	0.132	0.000	0.000
24	  L	  1.9	  0.0	0.132	0.000	0.000
25	  L	  2.6	  0.0	0.132	0.000	0.000
26	  F	  2.1	  0.0	0.132	0.000	0.000
27	  S	  1.5	  2.1	0.000	0.000	0.000
28	  P	  0.4	  2.1	0.000	0.000	0.000
29	  S	  0.9	  2.1	0.000	0.000	0.000
30	  V	  5.9	  2.1	0.000	0.000	0.000
31	  V	 10.3	  0.0	0.000	0.000	0.000
32	  H	  9.5	  0.2	0.000	0.000	0.000
33	  L	  4.8	  0.2	0.000	0.000	0.000
34	  G	  0.3	  0.2	0.000	0.000	0.000
35	  V	  0.1	  0.2	0.000	0.000	0.000
36	  P	  0.0	  0.0	0.000	0.000	0.000
37	  L	  2.0	  0.0	0.000	0.532	0.532
38	  S	  2.3	  0.2	0.000	0.532	0.532
39	  V	  2.7	  0.2	0.000	0.532	0.532
40	  G	  0.8	  0.2	0.000	0.532	0.532
41	  V	  5.1	  0.2	0.000	0.532	0.532
42	  Q	  5.7	  0.0	0.000	0.000	0.000
43	  L	  5.9	  0.2	0.000	0.000	0.000
44	  Q	  2.0	  0.2	0.000	0.000	0.000
45	  D	  0.9	  0.1	0.000	0.000	0.000
46	  V	  0.7	  0.4	0.000	0.000	0.000
47	  P	  0.1	  0.6	0.000	0.000	0.000
48	  R	  0.1	  0.6	0.000	0.000	0.000
49	  G	  0.1	  0.6	0.000	0.000	0.000
50	  Q	  0.8	  0.3	0.000	0.000	0.000
51	  V	  3.7	  0.0	0.000	0.000	0.000
52	  V	  4.2	  0.3	0.000	0.000	0.000
53	  K	  3.5	  0.3	0.000	0.000	0.000
54	  G	  0.6	  0.3	0.000	0.000	0.000
55	  S	  0.9	  0.3	0.201	0.000	0.000
56	  V	  4.5	  0.1	0.201	0.000	0.000
57	  F	  5.5	  0.0	0.201	0.000	0.000
58	  L	  5.0	  0.0	0.201	0.000	0.000
59	  R	  1.5	  0.0	0.201	0.000	0.000
60	  N	  0.4	  3.6	0.201	0.000	0.000
61	  P	  0.0	  3.7	0.000	0.000	0.000
62	  S	  0.3	  5.1	0.000	0.000	0.000
63	  R	  0.5	  5.2	0.000	0.000	0.000
64	  N	  0.6	  1.6	0.000	0.000	0.000
65	  N	  0.5	  1.5	0.000	0.000	0.000
66	  V	  0.4	  0.0	0.000	0.000	0.000
67	  P	  0.2	  0.0	0.000	0.000	0.000
68	  C	  0.2	  0.0	0.000	0.000	0.000
69	  S	  0.2	  0.2	0.000	0.000	0.000
70	  P	  0.2	  0.2	0.000	0.000	0.000
71	  K	  1.4	  0.3	0.000	0.000	0.000
72	  V	  3.3	  0.3	0.000	0.000	0.000
73	  D	  4.1	  0.1	0.000	0.000	0.000
74	  F	  7.5	  0.1	0.000	0.000	0.000
75	  T	 10.9	  0.0	0.000	0.000	0.000
76	  L	 10.4	  0.1	0.000	0.000	0.000
77	  S	  6.0	  0.2	0.000	0.000	0.000
78	  S	  0.5	  0.3	0.562	0.000	0.000
79	  E	  0.4	  0.4	0.562	0.000	0.000
80	  R	  0.5	  0.3	0.562	0.000	0.000
81	  D	  0.5	  0.2	0.890	0.000	0.000
82	  F	  1.0	  0.3	0.890	30.363	30.363
83	  A	  1.1	  0.1	1.032	30.634	30.634
84	  L	  1.5	  0.1	1.032	30.634	30.634
85	  L	  2.6	  0.2	0.876	30.634	30.634
86	  S	  2.9	  0.0	0.763	30.634	30.634
87	  L	  3.8	  0.0	0.406	26.084	26.084
88	  Q	  2.1	  0.0	0.406	0.973	0.973
89	  V	  1.4	  0.0	0.000	0.000	0.000
90	  P	  0.1	  0.0	0.000	0.000	0.000
91	  L	  0.2	  0.2	0.000	0.000	0.000
92	  K	  0.2	  0.3	0.000	0.000	0.000
93	  D	  0.2	  0.5	0.000	0.000	0.000
94	  A	  0.2	  0.7	0.000	0.000	0.000
95	  K	  1.3	  0.5	0.000	0.000	0.000
96	  S	  2.5	  0.5	0.000	0.000	0.000
97	  C	  2.5	  0.3	0.000	0.000	0.000
98	  G	  1.4	  0.1	0.906	0.000	0.000
99	  L	  0.4	  0.1	0.906	0.000	0.000
100	  H	  0.9	  0.1	1.233	0.000	0.000
101	  Q	  1.4	  0.1	1.233	0.000	0.000
102	  L	  1.4	  0.1	1.233	0.000	0.000
103	  L	  1.0	  0.1	1.233	0.000	0.000
104	  R	  0.4	  0.0	1.103	0.000	0.000
105	  G	  0.2	  0.2	0.719	0.000	0.000
106	  P	  0.0	  0.2	0.000	0.000	0.000
107	  E	  2.7	  0.2	0.000	0.000	0.000
108	  V	  7.3	  0.2	0.000	0.577	0.577
109	  Q	  8.0	  0.0	0.000	0.577	0.577
110	  L	  6.3	  0.0	0.000	0.577	0.577
111	  V	  3.6	  0.0	0.000	0.577	0.577
112	  A	  2.9	  0.0	0.000	0.577	0.577
113	  H	  2.0	  0.0	0.000	0.000	0.000
114	  S	  0.2	  0.2	0.000	0.000	0.000
115	  P	  0.0	  0.2	0.000	0.000	0.000
116	  W	  0.5	  0.2	0.000	0.000	0.000
117	  L	  0.6	  0.4	0.000	0.000	0.000
118	  K	  0.7	  0.3	0.000	0.000	0.000
119	  D	  0.2	  0.4	0.000	0.000	0.000
120	  S	  5.7	  0.7	0.000	0.000	0.000
121	  L	  5.8	  0.5	0.000	0.000	0.000
122	  S	  6.1	  0.5	0.000	0.000	0.000
123	  R	  0.7	  0.5	0.000	0.000	0.000
124	  T	  1.1	  0.2	0.000	0.000	0.000
125	  T	  1.2	  0.1	0.000	0.000	0.000
126	  N	  1.5	  0.1	0.000	0.000	0.000
127	  I	  1.1	  0.1	0.000	0.339	0.339
128	  Q	  0.7	  0.1	0.000	0.339	0.339
129	  G	  0.4	  0.1	0.153	1.132	1.132
130	  I	  4.6	  0.1	0.153	10.349	10.349
131	  N	  4.6	  0.1	0.153	10.349	10.349
132	  L	  4.8	  0.0	0.153	10.349	10.349
133	  L	  1.2	  0.0	0.153	10.349	10.349
134	  F	  2.7	  0.1	0.153	10.349	10.349
135	  S	  2.5	  0.2	0.000	0.399	0.399
136	  S	  2.4	  0.4	0.000	0.000	0.000
137	  R	  1.0	  0.6	0.000	0.000	0.000
138	  R	  0.7	  0.5	0.000	0.000	0.000
139	  G	  0.2	  0.4	0.000	0.000	0.000
140	  H	  0.6	  0.2	0.000	0.000	0.000
141	  L	  1.3	  0.0	0.000	0.246	0.246
142	  F	  2.2	  0.0	0.000	0.246	0.246
143	  L	  1.7	  0.1	0.000	0.246	0.246
144	  Q	  1.0	  0.1	0.000	0.246	0.246
145	  T	  1.0	  0.1	0.000	0.246	0.246
146	  D	  0.9	  0.1	0.000	0.000	0.000
147	  Q	  0.9	  0.1	0.000	0.000	0.000
148	  P	  0.0	  0.0	0.000	0.000	0.000
149	  I	  0.5	  0.0	0.000	0.000	0.000
150	  Y	  0.8	  0.0	0.000	0.000	0.000
151	  N	  0.8	  4.6	0.000	0.000	0.000
152	  P	  0.2	  4.6	0.000	0.000	0.000
153	  G	  0.0	  4.6	0.144	0.000	0.000
154	  Q	  0.5	  4.6	0.144	0.000	0.000
155	  R	  2.1	  0.1	0.144	0.000	0.000
156	  V	  4.1	  0.0	0.144	0.000	0.000
157	  R	  4.7	  0.0	0.144	0.000	0.000
158	  Y	  7.2	  0.0	0.144	0.000	0.000
159	  R	  7.7	  0.0	0.000	0.000	0.000
160	  V	  8.5	  0.0	0.000	0.000	0.000
161	  F	  5.3	  0.0	0.000	0.000	0.000
162	  A	  2.8	  0.0	0.000	0.000	0.000
163	  L	  1.0	  0.0	0.000	0.000	0.000
164	  D	  0.4	  0.1	0.000	0.000	0.000
165	  Q	  0.6	  0.1	0.000	0.000	0.000
166	  K	  2.2	  0.1	0.000	0.000	0.000
167	  M	  2.3	  0.1	0.000	0.000	0.000
168	  R	  1.9	  0.3	0.000	0.000	0.000
169	  P	  0.2	  0.3	0.000	0.000	0.000
170	  S	  0.4	  0.6	0.000	0.000	0.000
171	  T	  0.7	  0.6	0.000	0.000	0.000
172	  D	  1.2	  0.4	0.283	0.000	0.000
173	  T	 11.0	  0.3	0.283	4.856	4.856
174	  I	 25.7	  0.0	0.283	12.398	12.398
175	  T	 28.3	  0.0	0.283	12.398	12.398
176	  V	 24.5	  0.0	0.283	12.398	12.398
177	  M	  9.1	  0.0	0.283	12.398	12.398
178	  V	  6.5	  0.1	0.098	12.016	12.016
179	  E	  1.1	  0.1	0.098	0.000	0.000
180	  N	  0.9	  0.5	0.000	0.000	0.000
181	  S	  0.3	  0.7	0.000	0.000	0.000
182	  H	  0.3	  0.6	0.000	0.000	0.000
183	  G	  0.3	  0.6	0.123	0.000	0.000
184	  L	  2.4	  0.2	0.123	0.000	0.000
185	  R	  4.0	  0.1	0.123	0.000	0.000
186	  V	  4.7	  0.0	0.123	0.000	0.000
187	  R	  2.5	  0.1	0.123	0.000	0.000
188	  K	  1.0	  0.1	0.123	0.000	0.000
189	  K	  0.8	  0.1	0.000	0.000	0.000
190	  E	  2.6	  0.1	0.000	0.000	0.000
191	  V	  9.8	  0.0	0.000	0.000	0.000
192	  Y	  9.5	  0.0	0.000	0.000	0.000
193	  M	  7.7	  0.3	0.000	0.000	0.000
194	  P	  0.2	  0.4	0.000	0.000	0.000
195	  S	  0.2	  0.4	0.000	0.000	0.000
196	  S	  0.5	  0.4	0.000	0.000	0.000
197	  I	  1.8	  0.1	0.000	0.000	0.000
198	  F	  3.1	  0.3	0.000	0.000	0.000
199	  Q	  2.8	  0.4	0.000	0.000	0.000
200	  D	  1.5	  0.4	0.000	0.000	0.000
201	  D	  0.5	  0.4	0.000	0.000	0.000
202	  F	  4.4	  0.2	0.000	0.000	0.000
203	  V	  5.0	  0.0	0.000	0.000	0.000
204	  I	  4.6	  0.4	0.000	0.000	0.000
205	  P	  0.7	  0.4	0.000	0.000	0.000
206	  D	  0.7	  0.6	0.000	0.000	0.000
207	  I	  1.2	  0.6	0.000	0.000	0.000
208	  S	  1.2	  0.3	0.000	0.000	0.000
209	  E	  0.5	  0.8	0.000	0.000	0.000
210	  P	  0.0	  0.5	0.000	0.000	0.000
211	  G	  0.1	  0.5	0.000	0.000	0.000
212	  T	 10.4	  0.5	0.000	0.000	0.000
213	  W	 11.4	  0.0	0.000	0.000	0.000
214	  K	 12.1	  0.0	0.000	0.000	0.000
215	  I	  3.6	  0.0	0.000	0.000	0.000
216	  S	  2.8	  0.1	0.000	0.000	0.000
217	  A	  2.3	  0.1	0.000	0.000	0.000
218	  R	  2.0	  0.1	0.000	0.000	0.000
219	  F	  1.6	  1.0	0.000	0.000	0.000
220	  S	  1.3	  1.1	0.000	0.000	0.000
221	  D	  0.3	  1.1	0.000	0.000	0.000
222	  G	  0.0	  1.1	0.000	0.000	0.000
223	  L	  0.2	  0.4	0.000	0.000	0.000
224	  E	  0.2	  0.3	0.000	0.000	0.000
225	  S	  0.3	  0.5	0.000	0.000	0.000
226	  N	  0.2	  1.2	0.096	0.000	0.000
227	  S	  0.5	  1.1	0.096	0.000	0.000
228	  S	  0.7	  1.0	0.096	0.000	0.000
229	  T	  2.5	  0.8	0.291	0.000	0.000
230	  Q	  8.1	  0.1	0.291	0.000	0.000
231	  F	 16.3	  0.0	0.291	0.000	0.000
232	  E	 26.1	  0.0	0.196	0.000	0.000
233	  V	 21.1	  0.0	0.196	0.000	0.000
234	  K	 13.9	  0.0	0.196	0.000	0.000
235	  K	  1.0	  0.0	0.100	0.000	0.000
236	  Y	  3.4	  0.0	0.100	0.000	0.000
237	  V	  3.7	  0.0	0.000	0.000	0.000
238	  L	  3.3	  1.2	0.000	0.000	0.000
239	  P	  0.4	  1.2	0.000	0.000	0.000
240	  N	  1.9	  1.2	0.000	0.000	0.000
241	  F	  9.7	  1.2	0.000	0.241	0.241
242	  E	 21.2	  0.0	0.000	0.241	0.241
243	  V	 25.7	  0.0	0.000	0.241	0.241
244	  K	 25.8	  0.0	0.000	0.241	0.241
245	  I	 14.2	  0.0	0.000	0.241	0.241
246	  T	  8.2	  1.8	0.000	0.000	0.000
247	  P	  0.6	  1.8	0.000	0.000	0.000
248	  G	  0.0	  1.8	0.000	0.000	0.000
249	  K	  0.0	  1.8	0.000	0.000	0.000
250	  P	  0.0	  0.0	0.000	0.000	0.000
251	  Y	  1.0	  0.0	0.000	0.379	0.379
252	  I	  2.8	  0.0	0.000	0.509	0.509
253	  L	  8.6	  0.0	0.000	0.509	0.509
254	  T	  8.3	  0.0	0.000	0.509	0.509
255	  V	  6.6	  0.9	0.000	0.509	0.509
256	  P	  0.7	  0.9	0.000	0.290	0.290
257	  G	  0.0	  0.9	0.000	0.000	0.000
258	  H	  0.7	  1.1	0.000	0.000	0.000
259	  L	  0.7	  0.3	0.000	0.000	0.000
260	  D	  0.7	  0.3	3.644	0.000	0.000
261	  E	  0.4	  0.2	3.800	0.000	0.000
262	  M	  2.2	  0.1	3.911	0.000	0.000
263	  Q	  2.9	  0.0	3.911	0.000	0.000
264	  L	  4.9	  0.0	4.029	0.000	0.000
265	  D	  3.4	  0.0	5.771	0.000	0.000
266	  I	  3.1	  0.0	5.417	0.000	0.000
267	  Q	  0.8	  0.0	5.417	0.000	0.000
268	  A	  0.7	  0.0	5.066	0.000	0.000
269	  R	  1.2	  0.0	4.866	0.000	0.000
270	  Y	  1.7	  0.0	4.075	0.000	0.000
271	  I	  2.5	  0.2	1.289	0.000	0.000
272	  Y	  2.0	  0.2	1.289	0.000	0.000
273	  G	  1.3	  0.2	0.875	0.000	0.000
274	  K	  0.3	  0.2	0.413	0.000	0.000
275	  P	  0.0	  0.0	0.000	0.000	0.000
276	  V	  0.2	  0.1	0.000	0.138	0.138
277	  Q	  0.2	  0.1	0.000	0.138	0.138
278	  G	  0.4	  0.1	0.000	0.964	0.964
279	  V	  2.1	  0.1	0.000	0.964	0.964
280	  A	  2.4	  0.0	0.000	0.964	0.964
281	  Y	  3.9	  0.0	0.000	0.964	0.964
282	  V	  4.3	  0.0	0.000	0.964	0.964
283	  R	  4.3	  0.0	0.000	0.000	0.000
284	  F	  2.8	  0.2	0.000	0.000	0.000
285	  G	  0.5	  0.2	0.000	0.000	0.000
286	  L	  0.5	  0.2	0.000	0.000	0.000
287	  L	  0.3	  0.2	0.000	0.000	0.000
288	  D	  0.3	 11.0	0.972	0.000	0.000
289	  E	  0.0	 11.8	1.099	0.000	0.000
290	  D	  0.0	 11.9	1.580	0.000	0.000
291	  G	  0.0	 11.9	1.891	0.000	0.000
292	  K	  0.2	  1.0	1.891	0.000	0.000
293	  K	  0.7	  0.2	1.891	0.000	0.000
294	  T	  7.4	  0.1	1.510	0.000	0.000
295	  F	  9.1	  0.1	1.510	0.000	0.000
296	  F	  9.8	  0.2	0.719	0.000	0.000
297	  R	  3.4	  0.2	0.000	0.000	0.000
298	  G	  1.3	  0.2	0.000	0.000	0.000
299	  L	  0.2	  0.3	0.000	0.000	0.000
300	  E	  0.3	  0.1	0.000	0.000	0.000
301	  S	  0.6	  0.2	0.246	0.000	0.000
302	  Q	  0.7	  0.2	0.246	0.000	0.000
303	  T	  1.4	  0.2	0.246	0.000	0.000
304	  K	  1.7	  0.1	0.246	0.000	0.000
305	  L	  2.1	  0.2	0.246	0.000	0.000
306	  V	  1.5	  5.9	0.246	0.000	0.000
307	  N	  1.0	  5.9	0.246	0.000	0.000
308	  G	  0.3	  6.0	0.000	0.000	0.000
309	  Q	  0.2	  5.9	0.000	0.000	0.000
310	  S	  1.0	  0.2	0.000	0.000	0.000
311	  H	  5.4	  0.1	0.000	0.000	0.000
312	  I	  9.0	  0.1	0.000	0.000	0.000
313	  S	 13.3	  0.3	0.249	0.000	0.000
314	  L	  9.4	  0.4	0.249	0.000	0.000
315	  S	  6.0	  0.4	1.332	0.000	0.000
316	  K	  0.7	  0.4	1.332	0.000	0.000
317	  A	  0.5	  0.1	1.332	0.000	0.000
318	  E	  1.8	  0.0	1.332	0.000	0.000
319	  F	  2.9	  0.2	1.190	0.000	0.000
320	  Q	  2.8	  0.2	1.082	0.000	0.000
321	  D	  1.4	  0.4	1.953	0.000	0.000
322	  A	  0.1	  0.4	1.953	0.000	0.000
323	  L	  0.2	  0.2	1.953	0.000	0.000
324	  E	  0.3	  0.2	1.953	0.000	0.000
325	  K	  1.0	  0.1	1.953	0.000	0.000
326	  L	  2.5	  0.1	1.748	0.000	0.000
327	  N	  2.5	  0.0	1.336	0.000	0.000
328	  M	  2.1	  0.1	0.947	0.000	0.000
329	  G	  0.8	  0.1	0.476	0.000	0.000
330	  I	  1.3	  0.1	0.000	0.004	0.004
331	  T	  1.0	  0.2	0.000	0.004	0.004
332	  D	  0.8	  0.3	0.588	0.004	0.004
333	  L	  0.3	  0.4	0.712	0.004	0.004
334	  Q	  0.2	  0.4	0.712	0.004	0.004
335	  G	  0.1	  0.4	0.835	0.014	0.014
336	  L	  1.6	  0.2	0.835	0.136	0.136
337	  R	  2.2	  0.1	0.835	0.158	0.158
338	  L	  2.9	  0.1	0.705	81.680	81.680
339	  Y	  4.0	  0.1	0.705	96.594	96.594
340	  V	  4.5	  0.0	0.273	97.173	97.173
341	  A	  3.9	  0.0	0.273	97.218	97.218
342	  A	  1.4	  0.0	0.273	97.218	97.218
343	  A	  0.9	  0.0	0.273	97.119	97.119
344	  I	  2.6	  0.0	0.000	97.020	97.020
345	  I	  3.4	  0.0	0.000	88.899	88.899
346	  E	  2.7	  0.0	0.000	0.154	0.154
347	  S	  1.0	  1.7	0.000	0.000	0.000
348	  P	  0.0	  1.9	0.000	0.000	0.000
349	  G	  0.0	  2.0	0.000	0.000	0.000
350	  G	  0.0	  2.0	0.000	0.000	0.000
351	  E	  0.2	  0.4	0.000	0.000	0.000
352	  M	  0.2	  0.2	0.000	0.000	0.000
353	  E	  0.2	  0.1	0.000	0.000	0.000
354	  E	  0.1	  0.1	0.000	0.000	0.000
355	  A	  0.1	  0.1	0.000	0.000	0.000
356	  E	  0.8	  0.0	0.000	0.000	0.000
357	  L	  1.3	  0.0	0.000	21.437	21.437
358	  T	  2.5	  0.0	0.000	25.342	25.342
359	  S	  2.7	  0.0	0.000	42.026	42.026
360	  W	  3.0	  0.0	0.000	56.868	56.868
361	  Y	  3.1	  0.0	0.000	56.868	56.868
362	  F	  3.9	  0.0	0.000	56.746	56.746
363	  V	  5.5	  0.0	0.000	54.972	54.972
364	  S	  4.1	  0.0	0.000	19.271	19.271
365	  S	  2.4	  0.2	0.000	0.000	0.000
366	  P	  0.0	  0.1	0.000	0.000	0.000
367	  F	  3.2	  0.2	0.000	0.000	0.000
368	  S	  5.6	  0.9	0.160	0.000	0.000
369	  L	  6.6	  0.8	0.160	0.000	0.000
370	  D	  3.7	  1.5	0.438	0.000	0.000
371	  L	  1.5	  1.4	0.438	0.000	0.000
372	  S	  1.0	  0.8	0.575	0.000	0.000
373	  K	  1.6	  0.8	0.575	0.000	0.000
374	  T	  2.7	  0.2	0.415	0.000	0.000
375	  K	  2.4	  0.2	0.415	0.000	0.000
376	  R	  2.2	  0.1	0.261	0.000	0.000
377	  H	  2.1	  0.1	0.137	0.000	0.000
378	  L	  1.9	  0.0	0.000	0.000	0.000
379	  V	  1.4	  0.7	0.000	0.000	0.000
380	  P	  0.1	  0.7	0.000	0.000	0.000
381	  G	  0.0	  0.7	0.000	0.000	0.000
382	  A	  0.0	  0.7	0.000	0.000	0.000
383	  P	  0.0	  0.0	0.000	0.652	0.652
384	  F	  0.8	  0.0	0.472	54.710	54.710
385	  L	  1.0	  0.0	1.201	59.058	59.058
386	  L	  1.3	  0.0	1.201	59.854	59.854
387	  Q	  0.7	  0.0	1.201	59.854	59.854
388	  A	  0.8	  0.0	1.201	59.854	59.854
389	  L	  0.7	  0.0	1.201	59.551	59.551
390	  V	  1.0	  0.0	1.201	58.946	58.946
391	  R	  0.8	  0.0	1.201	0.000	0.000
392	  E	  1.0	  0.1	0.557	0.000	0.000
393	  M	  0.7	  0.4	0.557	0.000	0.000
394	  S	  1.2	  0.4	0.126	0.000	0.000
395	  G	  0.7	  0.4	0.000	0.000	0.000
396	  S	  0.5	  0.4	0.000	0.000	0.000
397	  P	  0.0	  0.8	0.000	0.000	0.000
398	  A	  0.1	  0.9	0.000	0.000	0.000
399	  S	  0.1	  0.9	0.000	0.000	0.000
400	  G	  0.2	  0.8	0.000	0.000	0.000
401	  I	  0.1	  0.1	0.000	0.000	0.000
402	  P	  0.1	  0.0	0.000	0.000	0.000
403	  V	 15.4	  0.0	0.000	0.000	0.000
404	  K	 16.3	  0.0	0.000	0.000	0.000
405	  V	 17.8	  0.0	0.000	0.194	0.194
406	  S	  3.3	  0.1	0.000	0.194	0.194
407	  A	  2.6	  0.1	0.000	0.194	0.194
408	  T	 18.4	  0.1	0.000	0.194	0.194
409	  V	 19.8	  0.1	0.000	0.194	0.194
410	  S	 19.3	  0.0	0.000	0.000	0.000
411	  S	  2.6	  2.6	0.000	0.000	0.000
412	  P	  0.0	  2.7	0.000	0.000	0.000
413	  G	  0.0	  2.7	0.000	0.000	0.000
414	  S	  0.2	  2.7	0.000	0.000	0.000
415	  V	  0.2	  0.1	0.000	0.000	0.000
416	  P	  0.2	  0.0	0.000	0.000	0.000
417	  E	  2.9	  0.0	0.000	0.000	0.000
418	  V	  4.0	  0.1	0.000	0.000	0.000
419	  Q	  4.1	  0.1	0.000	0.000	0.000
420	  D	  1.6	  0.1	0.000	0.000	0.000
421	  I	  0.8	  0.1	0.000	0.000	0.000
422	  Q	  0.8	  0.1	0.000	0.000	0.000
423	  Q	  0.8	  0.1	0.000	0.000	0.000
424	  N	  0.6	  2.3	0.000	0.000	0.000
425	  T	  0.4	  2.7	0.000	0.000	0.000
426	  D	  0.2	  3.3	0.000	0.000	0.000
427	  G	  0.0	  3.8	0.000	0.000	0.000
428	  S	  0.0	  1.6	0.000	0.000	0.000
429	  G	  0.0	  1.3	0.000	0.000	0.000
430	  Q	  0.5	  0.5	0.000	0.000	0.000
431	  V	  6.2	  0.0	0.000	0.000	0.000
432	  S	  6.3	  0.0	0.000	0.000	0.000
433	  I	  5.9	  0.0	0.000	0.000	0.000
434	  P	  0.1	  0.0	0.000	0.000	0.000
435	  I	  9.0	  0.0	0.000	0.000	0.000
436	  I	  9.3	  0.0	0.000	0.000	0.000
437	  I	  9.3	  0.0	0.000	0.000	0.000
438	  P	  0.4	  0.0	0.000	0.000	0.000
439	  Q	  0.1	  0.0	0.000	0.000	0.000
440	  T	 13.5	  0.0	0.111	0.000	0.000
441	  I	 13.7	  0.1	0.111	0.000	0.000
442	  S	 13.6	  0.1	0.382	0.000	0.000
443	  E	  0.5	  0.1	0.382	0.000	0.000
444	  L	  1.5	  0.1	0.382	0.000	0.000
445	  Q	  2.2	  0.1	0.382	0.000	0.000
446	  L	  3.8	  0.0	0.271	0.000	0.000
447	  S	 13.0	  0.2	0.271	0.000	0.000
448	  V	 14.2	  0.2	0.000	0.000	0.000
449	  S	 12.6	  0.9	0.000	0.000	0.000
450	  A	  2.2	  0.9	0.000	0.000	0.000
451	  G	  0.1	  0.7	0.000	0.000	0.000
452	  S	  0.0	  0.7	0.000	0.000	0.000
453	  P	  0.0	  0.0	0.000	0.000	0.000
454	  H	  0.0	  0.2	0.117	0.000	0.000
455	  P	  0.0	  0.2	0.117	0.000	0.000
456	  A	  0.3	  0.2	0.117	0.000	0.000
457	  I	  1.5	  0.2	0.117	0.000	0.000
458	  A	  1.7	  0.0	0.117	0.000	0.000
459	  R	  2.1	  0.0	0.117	0.000	0.000
460	  L	  4.5	  0.0	0.000	0.000	0.000
461	  T	  8.2	  0.0	0.000	0.000	0.000
462	  V	 10.3	  0.0	0.000	0.000	0.000
463	  A	  6.8	  0.0	0.000	0.000	0.000
464	  A	  2.9	  0.0	0.000	0.000	0.000
465	  P	  0.0	  1.5	0.000	0.000	0.000
466	  P	  0.0	  1.7	0.000	0.000	0.000
467	  S	  0.0	  1.7	0.000	0.000	0.000
468	  G	  0.0	  1.8	0.000	0.000	0.000
469	  G	  0.0	  2.4	0.000	0.000	0.000
470	  P	  0.0	  2.2	0.000	0.000	0.000
471	  G	  0.0	  2.2	0.000	1.343	1.343
472	  F	  1.0	  2.1	0.000	1.343	1.343
473	  L	  2.6	  0.0	0.000	1.343	1.343
474	  S	  4.4	  0.0	0.000	1.343	1.343
475	  I	  6.4	  0.0	0.000	1.343	1.343
476	  E	  4.9	  0.0	0.000	0.000	0.000
477	  R	  3.1	  1.6	0.000	0.000	0.000
478	  P	  0.1	  1.7	0.000	0.000	0.000
479	  D	  0.3	  1.7	0.000	0.000	0.000
480	  S	  0.2	  1.7	0.000	0.000	0.000
481	  R	  0.2	  0.1	0.000	0.000	0.000
482	  P	  0.0	  0.2	0.000	0.000	0.000
483	  P	  0.0	  0.2	0.000	0.000	0.000
484	  R	  0.4	  0.2	0.000	0.000	0.000
485	  V	  0.4	  3.1	0.000	0.000	0.000
486	  G	  0.4	  3.0	0.000	0.000	0.000
487	  D	  0.1	  3.0	0.161	0.000	0.000
488	  T	  1.8	  3.0	0.463	0.000	0.000
489	  L	  3.3	  0.1	0.463	0.000	0.000
490	  N	  3.6	  0.5	0.923	0.000	0.000
491	  L	  3.4	  0.4	0.923	0.000	0.000
492	  N	  2.5	  0.4	1.464	0.000	0.000
493	  L	  2.6	  0.4	1.304	0.000	0.000
494	  R	  1.4	  0.0	1.171	0.000	0.000
495	  A	  0.8	  0.2	1.001	0.000	0.000
496	  V	  0.6	  0.9	0.675	0.000	0.000
497	  G	  0.3	  1.1	0.675	0.000	0.000
498	  S	  0.2	  1.6	0.180	0.000	0.000
499	  G	  0.0	  1.6	0.000	0.206	0.206
500	  A	  0.7	  0.8	0.000	2.816	2.816
501	  T	 30.4	  0.6	0.000	5.909	5.909
502	  F	 31.9	  0.2	0.000	11.132	11.132
503	  S	 31.7	  0.1	0.000	11.506	11.506
504	  H	  4.4	  0.1	0.000	14.875	14.875
505	  Y	  3.0	  0.1	0.000	51.624	51.624
506	  Y	  3.6	  0.0	0.000	59.219	59.219
507	  Y	  3.0	  0.0	0.000	59.499	59.499
508	  M	  3.6	  0.0	0.000	59.242	59.242
509	  I	  4.0	  0.0	0.000	58.856	58.856
510	  L	  3.1	  0.1	0.000	43.116	43.116
511	  S	  1.6	  0.5	0.000	4.965	4.965
512	  R	  0.2	  0.5	0.000	0.000	0.000
513	  G	  0.1	  0.5	0.000	0.000	0.000
514	  Q	  1.6	  0.4	0.000	0.680	0.680
515	  I	  6.7	  0.0	0.000	11.398	11.398
516	  V	 10.4	  0.0	0.000	11.398	11.398
517	  F	 10.1	  0.1	0.000	11.398	11.398
518	  M	  5.2	  0.1	0.000	11.398	11.398
519	  N	  1.4	  0.1	0.000	10.871	10.871
520	  R	  0.1	  0.1	0.000	0.000	0.000
521	  E	  0.1	  0.0	0.000	0.000	0.000
522	  P	  0.1	  0.0	0.000	0.000	0.000
523	  K	  0.6	  0.1	0.000	0.000	0.000
524	  R	  0.8	  0.1	0.000	0.000	0.000
525	  T	  3.2	  0.1	0.000	10.246	10.246
526	  L	  3.2	  0.1	0.000	57.396	57.396
527	  T	  3.7	  0.0	0.000	58.550	58.550
528	  S	 11.1	  0.1	0.000	60.492	60.492
529	  V	 18.1	  0.1	0.000	74.921	74.921
530	  S	 18.1	  0.1	0.000	74.921	74.921
531	  V	 14.1	  0.1	0.000	74.921	74.921
532	  F	  7.0	  0.0	0.000	74.881	74.881
533	  V	  6.9	  0.1	0.000	70.146	70.146
534	  D	  1.9	  0.1	0.000	0.000	0.000
535	  H	  1.4	  0.1	0.000	0.000	0.000
536	  H	  1.4	  0.1	0.000	0.000	0.000
537	  L	  1.4	  0.0	0.000	0.000	0.000
538	  A	  0.7	  0.5	0.000	0.000	0.000
539	  P	  0.0	  0.5	0.000	0.124	0.124
540	  S	  1.2	  0.5	0.120	10.248	10.248
541	  F	  2.6	  0.5	0.120	91.391	91.391
542	  Y	  4.0	  0.0	0.120	97.977	97.977
543	  F	  5.4	  0.0	0.120	99.759	99.759
544	  V	  5.8	  0.0	0.120	99.872	99.872
545	  A	  4.6	  0.0	0.120	99.813	99.813
546	  F	  3.5	  0.0	0.120	99.365	99.365
547	  Y	  2.9	  0.0	0.120	93.533	93.533
548	  Y	  3.5	  0.3	0.000	73.033	73.033
549	  H	  2.2	  2.4	0.000	2.234	2.234
550	  G	  1.0	  2.4	0.000	0.184	0.184
551	  D	  0.0	  2.4	0.000	0.000	0.000
552	  H	  0.0	  2.1	0.000	0.000	0.000
553	  P	  0.0	  0.0	0.000	0.000	0.000
554	  V	  0.8	  0.1	0.000	0.000	0.000
555	  A	  0.8	  0.2	0.000	0.000	0.000
556	  N	  0.9	  0.2	0.000	0.000	0.000
557	  S	  1.8	  0.2	0.000	0.000	0.000
558	  L	  3.8	  0.1	0.000	0.000	0.000
559	  R	  9.2	  0.1	0.000	0.000	0.000
560	  V	 15.6	  0.0	0.000	0.000	0.000
561	  D	 14.3	  0.0	0.000	0.000	0.000
562	  V	 10.3	  0.0	0.000	0.000	0.000
563	  Q	  1.9	  0.3	0.000	0.000	0.000
564	  A	  1.1	  0.3	0.000	0.000	0.000
565	  G	  0.0	  0.3	0.141	0.000	0.000
566	  A	  0.1	  0.3	0.141	0.000	0.000
567	  C	  0.3	  1.4	0.141	0.000	0.000
568	  E	  0.3	  1.5	0.141	0.000	0.000
569	  G	  0.2	  1.5	0.141	0.000	0.000
570	  K	  1.5	  1.5	0.141	0.000	0.000
571	  L	  2.2	  0.3	0.000	0.000	0.000
572	  E	  2.5	  0.1	0.000	0.000	0.000
573	  L	  3.0	  0.0	0.000	0.000	0.000
574	  S	  6.5	  1.1	0.462	0.000	0.000
575	  V	  6.3	  1.4	0.613	0.000	0.000
576	  D	  4.5	  1.5	0.922	0.000	0.000
577	  G	  0.2	  1.5	0.922	0.000	0.000
578	  A	  0.1	  0.5	0.922	0.000	0.000
579	  K	  0.3	  0.2	0.922	0.000	0.000
580	  Q	  2.4	  0.1	0.763	0.000	0.000
581	  Y	  3.2	  0.6	0.763	0.000	0.000
582	  R	  3.0	  2.3	0.000	0.000	0.000
583	  N	  0.9	  2.4	0.000	0.000	0.000
584	  G	  0.0	  2.5	0.000	0.000	0.000
585	  E	  0.1	  2.0	0.000	0.000	0.000
586	  S	  1.7	  0.3	0.130	0.000	0.000
587	  V	  8.8	  0.2	0.130	0.000	0.000
588	  K	  9.3	  0.0	0.130	0.000	0.000
589	  L	  8.8	  0.0	0.130	0.000	0.000
590	  H	  2.2	  0.0	0.130	0.000	0.000
591	  L	  1.6	  0.1	0.130	0.000	0.000
592	  E	  0.6	  0.1	0.296	0.000	0.000
593	  T	  0.7	  0.2	0.837	0.000	0.000
594	  D	  0.7	  0.3	2.359	0.000	0.000
595	  S	  0.7	  0.2	5.189	3.496	3.496
596	  L	  0.4	  0.2	5.350	28.436	28.436
597	  A	  0.7	  0.1	5.481	39.356	39.356
598	  L	  1.5	  0.0	5.481	42.086	42.086
599	  V	  4.5	  0.0	5.363	42.367	42.367
600	  A	  4.3	  0.0	5.363	41.905	41.905
601	  L	  3.4	  0.1	4.868	38.365	38.365
602	  G	  0.1	  0.1	4.386	10.435	10.435
603	  A	  0.2	  0.2	0.260	7.006	7.006
604	  L	  0.3	  0.2	0.000	6.010	6.010
605	  D	  0.4	  0.1	0.839	0.000	0.000
606	  T	  0.7	  0.1	1.424	0.296	0.296
607	  A	  0.7	  0.1	1.424	0.717	0.717
608	  L	  1.0	  0.0	1.424	0.717	0.717
609	  Y	  1.3	  0.0	1.424	0.717	0.717
610	  A	  1.1	  0.5	1.424	0.717	0.717
611	  A	  0.8	  0.8	1.244	0.556	0.556
612	  G	  0.1	  0.8	0.824	0.169	0.169
613	  S	  2.4	  1.7	0.361	0.000	0.000
614	  K	  2.8	  1.2	0.000	0.000	0.000
615	  S	  3.5	  1.0	0.000	0.000	0.000
616	  H	  1.2	  0.9	0.000	0.000	0.000
617	  K	  0.8	  0.2	0.000	0.000	0.000
618	  P	  0.1	  0.1	0.000	0.000	0.000
619	  L	  1.7	  0.1	0.000	0.000	0.000
620	  N	  1.7	  0.5	0.800	0.000	0.000
621	  M	  1.7	  0.4	0.800	0.000	0.000
622	  G	  0.1	  0.4	0.925	0.000	0.000
623	  K	  1.0	  0.4	0.925	0.000	0.000
624	  V	  4.4	  0.0	0.925	0.000	0.000
625	  F	  6.6	  0.1	0.925	0.000	0.000
626	  E	  5.7	  0.1	0.925	0.000	0.000
627	  A	  2.5	  0.1	0.925	0.000	0.000
628	  M	  0.7	  0.1	0.925	0.000	0.000
629	  N	  1.6	  0.2	1.271	0.000	0.000
630	  S	  9.0	  0.6	0.762	0.000	0.000
631	  Y	  9.7	  0.7	0.647	0.000	0.000
632	  D	  8.7	  1.1	0.472	0.000	0.000
633	  L	  1.3	  1.5	0.472	0.000	0.000
634	  G	  0.1	  1.1	0.472	0.000	0.000
635	  C	  0.1	  1.1	0.320	0.000	0.000
636	  G	  0.0	  2.0	0.146	0.000	0.000
637	  P	  0.0	  1.7	0.000	0.000	0.000
638	  G	  0.0	  1.8	0.000	0.000	0.000
639	  G	  0.0	  2.8	0.000	0.000	0.000
640	  G	  0.0	  1.5	0.000	0.000	0.000
641	  D	  0.0	  1.4	0.152	0.000	0.000
642	  S	  0.2	  1.4	0.152	0.000	0.000
643	  A	  0.3	  0.2	0.152	0.589	0.589
644	  L	  1.1	  0.0	0.152	0.589	0.589
645	  Q	  2.1	  0.0	0.152	0.589	0.589
646	  V	  6.3	  0.0	0.152	1.303	1.303
647	  F	  8.0	  0.0	0.152	1.303	1.303
648	  Q	  6.9	  0.0	0.000	0.714	0.714
649	  A	  2.6	  0.2	0.000	0.714	0.714
650	  A	  0.1	  0.2	0.000	0.714	0.714
651	  G	  0.1	  0.2	0.000	0.461	0.461
652	  L	  0.4	  0.2	0.000	0.461	0.461
653	  A	  0.9	  0.0	0.000	0.461	0.461
654	  F	  1.0	  0.9	0.000	0.461	0.461
655	  S	  0.8	  1.3	0.000	0.000	0.000
656	  D	  0.3	  1.9	0.000	0.000	0.000
657	  G	  0.0	  1.9	0.000	0.000	0.000
658	  D	  0.5	  1.0	1.747	0.000	0.000
659	  Q	  2.6	  0.6	1.747	0.000	0.000
660	  W	  5.4	  0.0	1.747	0.000	0.000
661	  T	 10.1	  0.0	2.491	0.000	0.000
662	  L	  8.1	  0.0	2.491	0.000	0.000
663	  S	  5.6	  0.1	3.751	0.000	0.000
664	  R	  0.4	  0.1	3.216	0.000	0.000
665	  K	  0.4	  0.1	2.725	0.000	0.000
666	  R	  0.8	  0.1	2.298	0.000	0.000
667	  L	  9.5	  0.1	1.951	0.000	0.000
668	  S	  9.7	  0.0	1.827	0.000	0.000
669	  C	  9.3	  0.3	1.576	0.000	0.000
670	  P	  0.4	  0.3	0.148	0.000	0.000
671	  K	  0.3	  0.4	0.148	0.000	0.000
672	  E	  0.6	  0.4	0.148	0.000	0.000
673	  K	  1.6	  0.1	0.148	0.000	0.000
674	  T	  2.5	  0.1	0.148	0.000	0.000
675	  T	  3.3	  0.1	0.274	0.000	0.000
676	  R	  2.4	  0.1	0.274	0.000	0.000
677	  K	  1.3	  0.2	0.274	0.000	0.000
678	  K	  0.3	  0.3	0.126	0.000	0.000
679	  R	  0.5	  0.2	0.126	0.000	0.000
680	  N	  2.0	  0.4	0.126	0.000	0.000
681	  V	  4.8	  0.3	0.000	0.000	0.000
682	  N	  5.5	  0.2	2.136	0.000	0.000
683	  F	  5.8	  0.3	2.136	0.000	0.000
684	  Q	  3.0	  0.1	2.136	0.000	0.000
685	  K	  2.2	  0.1	2.136	0.000	0.000
686	  A	  0.6	  0.1	2.136	0.000	0.000
687	  I	  0.7	  0.0	2.136	0.000	0.000
688	  N	  0.5	  0.1	2.470	0.000	0.000
689	  E	  0.3	  0.1	1.978	0.000	0.000
690	  K	  0.2	  0.3	1.510	0.000	0.000
691	  L	  0.2	  0.4	0.645	0.000	0.000
692	  G	  0.2	  0.4	0.511	0.000	0.000
693	  Q	  0.5	  0.3	0.511	0.000	0.000
694	  Y	  2.1	  0.2	0.000	0.000	0.000
695	  A	  2.1	  0.0	0.000	0.000	0.000
696	  S	  1.6	  0.4	0.365	0.000	0.000
697	  P	  0.1	  0.5	0.365	0.000	0.000
698	  T	  1.2	  0.5	0.365	0.000	0.000
699	  A	  1.2	  0.5	0.365	0.000	0.000
700	  K	  1.7	  0.1	0.365	0.000	0.000
701	  R	  1.0	  0.1	0.365	0.000	0.000
702	  C	 15.2	  0.1	0.123	0.000	0.000
703	  C	 15.2	  1.1	0.000	0.000	0.000
704	  Q	 14.8	  1.3	0.000	0.000	0.000
705	  D	  0.7	  1.3	0.133	0.000	0.000
706	  G	  0.1	  1.3	0.133	0.000	0.000
707	  V	  1.9	  0.3	0.133	0.000	0.000
708	  T	  2.8	  0.0	0.133	0.000	0.000
709	  R	  2.8	  0.0	0.133	0.000	0.000
710	  L	  1.0	  0.0	0.133	0.000	0.000
711	  P	  0.1	  0.0	0.000	0.000	0.000
712	  M	  0.2	  0.0	0.000	0.000	0.000
713	  M	  0.8	  0.1	0.000	0.000	0.000
714	  R	  1.0	  0.2	0.000	0.000	0.000
715	  S	 10.1	  0.2	0.000	0.000	0.000
716	  C	 10.9	  0.3	0.524	0.000	0.000
717	  E	 10.8	  0.2	0.873	0.000	0.000
718	  Q	  1.7	  0.2	0.983	0.000	0.000
719	  R	  0.2	  0.2	0.983	0.000	0.000
720	  A	  0.2	  0.0	0.983	0.000	0.000
721	  A	  0.4	  0.0	0.983	0.000	0.000
722	  R	  1.9	  0.0	0.846	0.000	0.000
723	  V	  4.8	  0.0	0.366	0.000	0.000
724	  Q	  4.6	  0.0	0.366	0.000	0.000
725	  Q	  3.1	  1.1	0.000	0.000	0.000
726	  P	  0.0	  1.1	0.000	0.000	0.000
727	  D	  0.8	  1.1	0.000	0.000	0.000
728	  C	  1.7	  1.1	0.000	0.000	0.000
729	  R	  1.7	  0.0	0.000	0.000	0.000
730	  E	  0.9	  0.0	0.000	0.000	0.000
731	  P	  0.0	  0.0	0.000	0.000	0.000
732	  F	  0.8	  0.0	0.000	0.000	0.000
733	  L	  5.9	  0.0	0.000	0.000	0.000
734	  S	 15.8	  0.0	0.099	0.000	0.000
735	  C	 27.4	  0.0	0.220	0.000	0.000
736	  C	 23.4	  0.0	0.557	0.000	0.000
737	  Q	 14.0	  0.0	0.557	0.000	0.000
738	  F	  1.8	  0.0	0.880	0.000	0.000
739	  A	  0.6	  0.1	1.579	0.000	0.000
740	  E	  0.3	  0.1	1.788	0.000	0.000
741	  S	  2.0	  0.1	3.990	0.000	0.000
742	  L	  2.2	  0.2	3.990	0.000	0.000
743	  R	  2.3	  0.1	3.990	0.000	0.000
744	  K	  0.4	  0.2	3.990	0.000	0.000
745	  K	  0.3	  0.2	3.020	0.000	0.000
746	  S	  0.5	  1.6	2.202	0.000	0.000
747	  R	  0.5	  1.7	0.556	0.000	0.000
748	  D	  0.3	  3.4	0.281	0.000	0.000
749	  K	  0.0	  3.3	0.139	0.000	0.000
750	  G	  0.1	  2.0	0.000	0.000	0.000
751	  Q	  0.1	  2.0	0.000	0.000	0.000
752	  A	  0.1	  0.3	0.000	0.000	0.000
753	  G	  0.1	  0.2	0.924	0.000	0.000
754	  L	  0.2	  0.2	0.924	0.000	0.000
755	  Q	  0.2	  0.1	0.924	0.000	0.000
756	  R	  0.3	  0.1	0.924	0.000	0.000
757	  A	  0.3	  0.1	0.924	0.000	0.000
758	  L	  1.7	  0.0	0.924	0.000	0.000
759	  E	  1.7	  0.0	0.924	0.000	0.000
760	  I	  3.2	  0.0	0.674	0.000	0.000
761	  L	  1.8	  0.0	0.674	0.000	0.000
762	  Q	  1.7	  0.1	0.477	0.000	0.000
763	  E	  0.1	  0.3	0.159	0.000	0.000
764	  E	  0.1	  0.3	0.000	0.000	0.000
765	  D	  0.2	  0.3	0.000	0.000	0.000
766	  L	  0.7	  0.2	0.000	0.000	0.000
767	  I	  0.8	  0.0	0.000	0.000	0.000
768	  D	  0.6	  5.0	0.000	0.000	0.000
769	  E	  0.2	  5.1	0.000	0.000	0.000
770	  D	  0.1	  5.1	0.000	0.000	0.000
771	  D	  0.2	  5.0	0.000	0.000	0.000
772	  I	  0.2	  0.1	0.000	0.000	0.000
773	  P	  0.1	  0.0	0.000	0.000	0.000
774	  V	  2.3	  0.1	0.000	0.000	0.000
775	  R	  4.0	  0.1	0.000	0.000	0.000
776	  S	  5.9	  0.1	0.000	0.000	0.000
777	  F	  3.9	  0.1	0.000	0.000	0.000
778	  F	  2.1	  0.3	0.000	0.000	0.000
779	  P	  0.2	  0.6	0.000	0.000	0.000
780	  E	  0.1	  0.6	0.000	0.000	0.000
781	  N	  0.1	  0.6	0.223	0.000	0.000
782	  W	  0.5	  0.3	0.223	0.382	0.382
783	  L	  0.5	  0.0	0.223	0.634	0.634
784	  W	  2.8	  0.0	0.223	0.634	0.634
785	  R	  4.5	  0.0	0.223	0.634	0.634
786	  V	  5.0	  0.0	0.223	0.634	0.634
787	  E	  2.7	  0.0	0.223	0.634	0.634
788	  T	  5.1	  0.0	0.244	0.634	0.634
789	  V	  4.7	  0.1	0.244	0.634	0.634
790	  D	  4.7	  0.0	0.743	0.000	0.000
791	  R	  1.5	  0.0	0.743	0.000	0.000
792	  F	  5.1	  0.0	0.743	36.114	36.114
793	  Q	  5.9	  0.0	0.743	36.658	36.658
794	  I	  6.4	  0.0	0.499	58.189	58.189
795	  L	  4.8	  0.0	0.499	58.189	58.189
796	  T	  4.8	  0.0	0.499	58.189	58.189
797	  L	  4.2	  0.0	0.499	56.967	56.967
798	  W	  2.1	  0.0	0.351	50.243	50.243
799	  L	  1.2	  0.7	0.112	1.528	1.528
800	  P	  0.1	  0.8	0.000	0.780	0.780
801	  D	  0.0	  0.9	0.000	0.000	0.000
802	  S	  1.5	  0.9	0.119	0.000	0.000
803	  L	  1.8	  0.2	0.119	0.000	0.000
804	  T	  4.5	  0.1	0.233	0.000	0.000
805	  T	 10.4	  0.0	0.233	0.000	0.000
806	  W	 13.1	  0.0	0.233	0.000	0.000
807	  E	 14.5	  0.0	0.233	0.000	0.000
808	  I	  8.5	  0.4	0.113	0.000	0.000
809	  H	  5.6	  0.4	0.113	0.000	0.000
810	  G	  1.3	  0.4	0.113	0.000	0.000
811	  L	  1.9	  0.4	0.000	0.000	0.000
812	  S	  7.3	  0.4	0.000	0.000	0.000
813	  L	  7.6	  0.4	0.000	0.000	0.000
814	  S	  6.6	  0.5	0.000	0.000	0.000
815	  K	  1.6	  0.5	0.000	0.000	0.000
816	  T	  1.4	  0.4	0.000	0.000	0.000
817	  K	  0.8	  0.4	0.000	0.000	0.000
818	  G	  0.1	  0.2	0.000	0.000	0.000
819	  L	  0.9	  0.2	0.000	0.000	0.000
820	  C	  7.0	  0.0	0.000	0.000	0.000
821	  V	  8.7	  0.0	0.000	0.000	0.000
822	  A	  7.9	  0.0	0.000	0.000	0.000
823	  T	  1.9	  0.0	0.117	0.000	0.000
824	  P	  0.1	  0.0	0.117	0.000	0.000
825	  V	  4.4	  0.0	0.117	0.000	0.000
826	  Q	  5.2	  0.0	0.117	0.000	0.000
827	  L	  7.3	  0.0	0.117	0.000	0.000
828	  R	  5.5	  0.0	0.117	0.000	0.000
829	  V	  6.9	  0.0	0.117	0.000	0.000
830	  F	  5.3	  0.0	0.117	0.000	0.000
831	  R	  2.9	  0.0	0.000	0.000	0.000
832	  E	  4.2	  0.0	0.000	0.000	0.000
833	  F	  5.0	  0.1	0.000	0.000	0.000
834	  H	  5.5	  0.0	0.193	0.000	0.000
835	  L	  3.1	  0.0	0.193	0.000	0.000
836	  H	  2.5	  0.0	0.193	0.000	0.000
837	  L	  5.0	  0.0	0.193	0.000	0.000
838	  R	  4.0	  0.0	0.193	0.000	0.000
839	  L	  3.3	  0.0	0.193	0.000	0.000
840	  P	  0.1	  0.0	0.000	0.000	0.000
841	  M	  2.3	  0.0	0.000	0.000	0.000
842	  S	  5.9	  0.0	0.264	0.000	0.000
843	  V	  7.1	  0.0	0.264	0.000	0.000
844	  R	  5.8	  0.0	0.264	0.000	0.000
845	  R	  3.5	  0.0	0.264	0.000	0.000
846	  F	  3.2	  0.2	0.264	0.000	0.000
847	  E	  2.4	  0.2	0.264	0.000	0.000
848	  Q	  2.5	  0.2	0.123	0.000	0.000
849	  L	  2.2	  0.2	0.000	0.000	0.000
850	  E	  2.6	  0.1	0.000	0.000	0.000
851	  L	  1.4	  0.0	0.000	0.000	0.000
852	  R	  0.7	  0.0	0.000	0.000	0.000
853	  P	  0.2	  0.0	0.000	0.000	0.000
854	  V	  1.6	  0.0	0.000	12.499	12.499
855	  L	  2.0	  0.1	0.000	14.434	14.434
856	  Y	  5.4	  0.1	0.000	14.434	14.434
857	  N	  3.9	  0.1	1.644	14.434	14.434
858	  Y	  4.4	  0.2	1.644	14.434	14.434
859	  L	  1.0	  0.1	1.644	10.262	10.262
860	  D	  1.0	  1.1	1.644	0.000	0.000
861	  K	  0.1	  1.1	1.644	0.000	0.000
862	  N	  0.3	  1.0	1.644	0.358	0.358
863	  L	  3.1	  1.0	0.290	1.588	1.588
864	  T	 18.9	  0.0	0.000	1.588	1.588
865	  V	 25.2	  0.0	0.000	1.588	1.588
866	  S	 23.9	  0.0	0.000	1.588	1.588
867	  V	 16.7	  0.0	0.000	1.588	1.588
868	  H	 10.6	  0.0	0.000	0.000	0.000
869	  V	  9.5	  0.0	0.000	0.000	0.000
870	  S	  2.7	  0.0	0.000	0.000	0.000
871	  P	  0.3	  0.0	0.000	0.000	0.000
872	  V	  0.2	  0.1	0.000	0.000	0.000
873	  E	  0.2	  0.1	0.000	0.000	0.000
874	  G	  0.2	  0.1	0.213	0.000	0.000
875	  L	  1.3	  0.1	0.213	0.000	0.000
876	  C	  3.7	  0.0	0.213	0.000	0.000
877	  L	  3.7	  0.2	0.213	0.000	0.000
878	  A	  2.4	  0.4	0.213	0.000	0.000
879	  G	  0.1	  0.5	0.213	0.000	0.000
880	  G	  0.0	  0.7	0.000	0.000	0.000
881	  G	  0.0	  0.5	0.000	0.000	0.000
882	  G	  0.1	  0.3	0.000	0.000	0.000
883	  L	  0.1	  0.2	0.000	0.000	0.000
884	  A	  0.2	  0.1	0.000	0.000	0.000
885	  Q	  0.4	  0.0	0.000	0.000	0.000
886	  Q	  0.8	  0.0	0.000	0.000	0.000
887	  V	 11.0	  0.0	0.000	0.000	0.000
888	  L	 10.9	  0.0	0.000	0.000	0.000
889	  V	 10.4	  0.1	0.000	0.000	0.000
890	  P	  0.1	  0.7	0.000	0.000	0.000
891	  A	  0.0	  0.9	0.000	0.000	0.000
892	  G	  0.1	  1.0	0.000	0.000	0.000
893	  S	  1.7	  0.8	0.000	0.000	0.000
894	  A	  1.7	  0.3	0.000	0.000	0.000
895	  R	  1.6	  0.0	0.000	0.000	0.000
896	  P	  0.0	  0.0	0.000	0.000	0.000
897	  V	  1.8	  0.0	0.000	4.498	4.498
898	  A	  2.3	  0.0	0.000	4.498	4.498
899	  F	  7.5	  0.0	0.000	4.498	4.498
900	  S	  7.2	  0.0	0.000	4.498	4.498
901	  V	  7.2	  0.0	0.000	4.498	4.498
902	  V	  2.1	  0.1	0.000	0.547	0.547
903	  P	  0.6	  0.1	0.000	0.231	0.231
904	  T	  0.3	  0.1	0.665	0.222	0.222
905	  A	  0.4	  0.1	0.665	0.596	0.596
906	  A	  0.4	  0.0	0.665	0.596	0.596
907	  A	  0.2	  0.0	0.665	0.726	0.726
908	  A	  0.7	  0.0	0.665	0.726	0.726
909	  V	  5.2	  0.0	0.665	0.726	0.726
910	  S	  5.5	  0.0	0.973	0.130	0.130
911	  L	  6.6	  0.0	0.662	0.130	0.130
912	  K	  4.0	  0.0	0.552	0.000	0.000
913	  V	  7.7	  0.0	0.309	0.000	0.000
914	  V	  7.0	  0.0	0.309	0.000	0.000
915	  A	  5.2	  0.2	0.309	0.000	0.000
916	  R	  1.1	  0.3	0.309	0.000	0.000
917	  G	  0.1	  0.3	0.101	0.000	0.000
918	  S	  7.1	  0.3	0.000	0.000	0.000
919	  F	 13.4	  0.1	0.000	0.000	0.000
920	  E	 13.4	  0.0	0.000	0.000	0.000
921	  F	  6.8	  0.0	0.000	0.000	0.000
922	  P	  0.1	  0.1	0.000	0.000	0.000
923	  V	  0.1	  1.0	0.000	0.000	0.000
924	  G	  0.1	  1.1	0.000	0.000	0.000
925	  D	  0.1	  1.1	0.119	0.000	0.000
926	  A	  0.6	  0.9	0.119	0.000	0.000
927	  V	  1.5	  0.0	0.119	0.000	0.000
928	  S	  1.8	  0.0	0.119	0.000	0.000
929	  K	  2.2	  0.0	0.119	0.000	0.000
930	  V	  3.8	  0.0	0.119	0.000	0.000
931	  L	  5.0	  0.0	0.119	0.000	0.000
932	  Q	  6.8	  0.0	0.119	0.000	0.000
933	  I	  5.0	  0.0	0.000	0.000	0.000
934	  E	  3.5	  0.1	0.000	0.000	0.000
935	  K	  0.7	  0.5	0.000	0.000	0.000
936	  E	  0.1	  0.5	0.000	0.000	0.000
937	  G	  0.0	  0.5	0.172	0.000	0.000
938	  A	  0.5	  0.4	0.172	0.000	0.000
939	  I	  2.1	  0.1	0.172	0.000	0.000
940	  H	  2.2	  0.1	0.306	0.000	0.000
941	  R	  1.7	  0.1	0.306	0.000	0.000
942	  E	  0.2	  0.2	0.306	0.000	0.000
943	  E	  0.1	  0.2	0.134	0.000	0.000
944	  L	  1.4	  0.1	0.134	0.000	0.000
945	  V	  4.8	  0.0	0.134	0.000	0.000
946	  Y	  7.2	  0.1	0.134	0.000	0.000
947	  E	  7.3	  0.1	0.000	0.000	0.000
948	  L	  4.0	  0.1	0.000	0.000	0.000
949	  N	  1.7	  0.4	0.182	0.000	0.000
950	  P	  0.1	  0.5	0.182	0.000	0.000
951	  L	  0.3	  0.5	0.182	0.000	0.000
952	  D	  0.4	  0.7	0.182	0.000	0.000
953	  H	  0.6	  0.8	0.182	0.000	0.000
954	  R	  0.4	  0.7	0.182	0.000	0.000
955	  G	  0.3	  0.8	0.000	0.000	0.000
956	  R	  0.4	  0.7	0.000	0.000	0.000
957	  T	  1.5	  0.2	0.000	0.000	0.000
958	  L	  3.9	  0.1	0.000	0.000	0.000
959	  E	  3.7	  0.0	0.000	0.000	0.000
960	  I	  2.6	  0.3	0.000	0.000	0.000
961	  P	  0.1	  1.3	0.000	0.000	0.000
962	  G	  0.0	  1.3	0.000	0.000	0.000
963	  N	  0.0	  1.3	0.000	0.000	0.000
964	  S	  0.0	  1.0	0.000	0.000	0.000
965	  D	  0.0	  4.4	0.000	0.000	0.000
966	  P	  0.0	  4.3	0.000	0.000	0.000
967	  N	  0.7	  4.3	0.000	0.000	0.000
968	  M	  0.8	  4.3	0.000	0.000	0.000
969	  I	  0.8	  1.4	0.000	0.000	0.000
970	  P	  0.1	  1.7	0.000	0.000	0.000
971	  D	  0.0	  2.3	0.000	0.000	0.000
972	  G	  0.0	  2.3	0.000	0.000	0.000
973	  D	  0.5	  1.3	0.000	0.000	0.000
974	  F	  1.8	  1.1	0.000	0.401	0.401
975	  N	  2.7	  0.5	0.000	0.401	0.401
976	  S	  3.1	  0.5	0.000	0.401	0.401
977	  Y	  3.3	  0.0	0.000	0.401	0.401
978	  V	 11.0	  0.0	0.000	0.401	0.401
979	  R	 12.2	  0.0	0.000	0.000	0.000
980	  V	 13.7	  0.0	0.000	0.000	0.000
981	  T	  7.8	  0.2	0.000	0.000	0.000
982	  A	  5.4	  0.2	0.000	0.000	0.000
983	  S	  2.7	  0.2	0.000	0.000	0.000
984	  D	  0.0	  0.7	0.000	0.000	0.000
985	  P	  0.0	  0.6	0.000	0.000	0.000
986	  L	  0.2	  0.7	0.000	0.000	0.000
987	  D	  0.2	  0.8	0.000	0.000	0.000
988	  T	  0.4	  0.4	0.000	0.000	0.000
989	  L	  0.2	  0.6	0.000	0.000	0.000
990	  G	  0.2	  0.8	0.000	0.000	0.000
991	  S	  0.0	  1.4	0.000	0.000	0.000
992	  E	  0.0	  1.5	0.000	0.000	0.000
993	  G	  0.0	  1.2	0.000	0.000	0.000
994	  A	  0.5	  0.9	0.000	0.000	0.000
995	  L	  0.6	  0.2	0.000	0.000	0.000
996	  S	  0.6	  1.7	0.000	0.000	0.000
997	  P	  0.1	  2.0	0.000	0.000	0.000
998	  G	  0.0	  2.0	0.000	0.000	0.000
999	  G	  0.2	  2.0	0.481	0.000	0.000
1000	  V	  2.6	  0.4	0.481	0.823	0.823
1001	  A	  3.0	  0.0	0.481	0.823	0.823
1002	  S	  3.0	  0.0	0.481	0.823	0.823
1003	  L	  0.8	  0.0	0.481	0.823	0.823
1004	  L	  3.5	  0.0	0.481	0.823	0.823
1005	  R	  3.4	  0.0	0.481	0.000	0.000
1006	  L	  3.3	  0.5	0.222	0.000	0.000
1007	  P	  0.1	  0.8	0.000	0.000	0.000
1008	  R	  0.0	  1.0	0.000	0.000	0.000
1009	  G	  0.0	  1.0	0.000	0.000	0.000
1010	  C	  0.1	  0.6	0.000	0.000	0.000
1011	  G	  0.1	  0.3	0.873	0.000	0.000
1012	  E	  0.2	  0.2	0.873	0.000	0.000
1013	  Q	  0.2	  0.2	0.873	0.000	0.000
1014	  T	  0.9	  0.1	1.017	3.071	3.071
1015	  M	  1.5	  0.0	1.017	3.071	3.071
1016	  I	  2.8	  0.0	1.017	3.071	3.071
1017	  Y	  3.6	  0.0	1.017	3.071	3.071
1018	  L	  3.0	  0.0	0.836	3.071	3.071
1019	  A	  1.6	  0.2	0.737	0.000	0.000
1020	  P	  0.0	  0.3	0.129	0.000	0.000
1021	  T	  0.5	  0.3	0.498	0.000	0.000
1022	  L	  0.6	  0.3	0.498	0.000	0.000
1023	  A	  0.7	  0.2	0.498	0.000	0.000
1024	  A	  0.4	  0.2	0.498	0.000	0.000
1025	  S	  0.4	  0.2	0.498	0.000	0.000
1026	  R	  1.0	  0.2	0.369	0.000	0.000
1027	  Y	  1.8	  0.2	0.131	0.000	0.000
1028	  L	  1.7	  0.1	0.000	0.000	0.000
1029	  D	  1.1	  0.3	0.000	0.000	0.000
1030	  K	  0.5	  0.3	0.000	0.000	0.000
1031	  T	  0.5	  0.2	0.000	0.000	0.000
1032	  E	  0.6	  0.2	0.000	0.000	0.000
1033	  Q	  2.0	  0.0	0.000	0.000	0.000
1034	  W	  2.4	  0.2	0.000	0.000	0.000
1035	  S	  2.7	  0.2	0.000	0.000	0.000
1036	  T	  0.9	  0.2	0.000	0.000	0.000
1037	  L	  0.3	  0.2	0.000	0.000	0.000
1038	  P	  0.0	  0.2	0.000	0.000	0.000
1039	  P	  0.0	  0.3	0.000	0.000	0.000
1040	  E	  0.5	  0.3	0.000	0.000	0.000
1041	  T	  1.0	  0.6	0.000	0.000	0.000
1042	  K	  1.0	  0.5	0.000	0.000	0.000
1043	  D	  0.5	  0.4	0.000	0.000	0.000
1044	  H	  0.6	  0.4	0.000	0.000	0.000
1045	  A	  0.9	  0.0	0.000	0.000	0.000
1046	  V	  3.3	  0.0	0.000	0.000	0.000
1047	  D	  3.0	  0.0	0.490	0.000	0.000
1048	  L	  2.8	  0.0	0.490	0.000	0.000
1049	  I	  0.6	  0.1	0.490	0.000	0.000
1050	  Q	  0.3	  0.3	0.490	0.000	0.000
1051	  K	  0.2	  0.3	0.490	0.000	0.000
1052	  G	  0.0	  0.3	0.670	0.000	0.000
1053	  Y	  1.3	  0.3	0.429	0.000	0.000
1054	  M	  6.3	  0.0	0.180	0.000	0.000
1055	  R	  7.7	  0.0	0.180	0.000	0.000
1056	  I	  6.8	  0.1	0.180	0.000	0.000
1057	  Q	  2.9	  0.1	0.180	0.000	0.000
1058	  Q	  3.5	  0.1	0.180	0.000	0.000
1059	  F	  4.5	  0.1	0.180	0.000	0.000
1060	  R	  3.5	  0.1	0.000	0.000	0.000
1061	  K	  1.6	  1.8	0.000	0.000	0.000
1062	  A	  0.2	  2.1	0.000	0.000	0.000
1063	  D	  0.1	  2.3	0.000	0.000	0.000
1064	  G	  0.1	  2.3	0.537	0.200	0.200
1065	  S	  0.7	  0.6	2.091	2.418	2.418
1066	  Y	  1.4	  0.3	2.091	6.973	6.973
1067	  A	  1.4	  0.0	2.091	7.271	7.271
1068	  A	  1.1	  0.0	2.091	7.271	7.271
1069	  W	  0.9	  0.0	2.091	7.271	7.271
1070	  L	  0.9	  0.1	2.091	7.271	7.271
1071	  S	  0.9	  1.3	1.488	2.461	2.461
1072	  R	  0.4	  1.4	0.670	0.000	0.000
1073	  D	  0.4	  2.5	0.440	0.160	0.160
1074	  S	  0.4	  2.5	0.440	1.023	1.023
1075	  S	  0.9	  1.3	0.990	19.453	19.453
1076	  T	  3.2	  1.2	1.981	40.330	40.330
1077	  W	  3.1	  0.1	1.981	75.393	75.393
1078	  L	  3.3	  0.0	1.981	83.585	83.585
1079	  T	  1.8	  0.0	3.068	84.839	84.839
1080	  A	  1.8	  0.0	3.068	84.860	84.860
1081	  F	  2.7	  0.0	3.068	84.826	84.826
1082	  V	  3.0	  0.0	2.923	82.830	82.830
1083	  L	  4.3	  0.0	2.923	70.253	70.253
1084	  K	  3.6	  0.0	2.658	0.954	0.954
1085	  V	  5.5	  0.0	1.985	2.012	2.012
1086	  L	  5.5	  0.0	1.985	2.012	2.012
1087	  S	  4.7	  0.0	1.872	1.985	1.985
1088	  L	  1.9	  0.0	1.158	1.985	1.985
1089	  A	  0.2	  0.1	0.323	1.967	1.967
1090	  Q	  0.1	  0.1	0.323	0.835	0.835
1091	  E	  0.1	  0.1	0.000	0.795	0.795
1092	  Q	  0.1	  0.1	0.000	0.236	0.236
1093	  V	  0.1	  0.5	0.000	0.236	0.236
1094	  G	  0.1	  0.5	0.000	0.000	0.000
1095	  G	  0.1	  0.5	0.000	0.000	0.000
1096	  S	  0.0	  0.8	0.150	0.000	0.000
1097	  P	  0.0	  0.4	0.150	0.000	0.000
1098	  E	  0.1	  0.5	0.150	0.000	0.000
1099	  K	  0.6	  0.5	0.150	0.000	0.000
1100	  L	  0.7	  0.1	0.150	0.000	0.000
1101	  Q	  0.7	  0.1	0.150	0.000	0.000
1102	  E	  0.2	  0.1	0.000	0.000	0.000
1103	  T	  0.2	  0.4	0.000	0.000	0.000
1104	  S	  0.2	  0.4	0.000	0.000	0.000
1105	  N	  0.1	  0.3	0.184	0.000	0.000
1106	  W	  0.5	  0.3	0.184	0.000	0.000
1107	  L	  1.0	  0.0	0.184	0.000	0.000
1108	  L	  1.1	  0.0	0.184	0.000	0.000
1109	  S	  1.0	  0.1	0.895	0.000	0.000
1110	  Q	  0.8	  0.2	0.895	0.000	0.000
1111	  Q	  0.7	  0.2	0.711	0.000	0.000
1112	  Q	  0.4	  0.9	0.711	0.000	0.000
1113	  A	  0.1	  1.2	0.711	0.000	0.000
1114	  D	  0.1	  1.4	0.711	0.000	0.000
1115	  G	  0.1	  1.4	0.320	0.000	0.000
1116	  S	  3.3	  0.6	0.169	0.000	0.000
1117	  F	  6.0	  0.3	0.000	0.000	0.000
1118	  Q	  5.9	  0.0	0.000	0.000	0.000
1119	  D	  2.7	  0.0	0.000	0.000	0.000
1120	  P	  0.0	  0.0	0.000	0.000	0.000
1121	  C	  0.0	  0.0	0.000	0.000	0.000
1122	  P	  0.0	  0.0	0.000	0.000	0.000
1123	  V	  2.9	  0.1	0.000	0.000	0.000
1124	  L	  2.9	  0.1	0.000	0.000	0.000
1125	  D	  2.9	  0.6	0.000	0.000	0.000
1126	  R	  0.6	  0.6	0.000	0.000	0.000
1127	  S	  1.3	  0.7	0.000	0.000	0.000
1128	  M	  1.4	  0.8	0.000	0.000	0.000
1129	  Q	  0.8	  0.6	0.000	0.000	0.000
1130	  G	  0.1	  0.6	0.000	0.000	0.000
1131	  G	  0.0	  0.4	0.000	0.000	0.000
1132	  L	  0.2	  0.2	0.000	0.000	0.000
1133	  V	  0.3	  1.5	0.000	0.000	0.000
1134	  G	  0.3	  1.5	0.000	0.000	0.000
1135	  N	  0.1	  1.6	0.451	0.000	0.000
1136	  D	  0.0	  1.7	0.813	0.000	0.000
1137	  E	  0.1	  0.2	0.813	0.000	0.000
1138	  T	  4.1	  0.2	1.185	11.052	11.052
1139	  V	  7.4	  0.1	1.185	61.904	61.904
1140	  A	  7.6	  0.0	1.185	73.713	73.713
1141	  L	  4.3	  0.0	1.185	87.656	87.656
1142	  T	  1.6	  0.0	1.185	90.151	90.151
1143	  A	  1.7	  0.0	1.185	94.285	94.285
1144	  F	  1.8	  0.0	1.185	98.415	98.415
1145	  V	 10.5	  0.0	0.000	98.558	98.558
1146	  T	 12.9	  0.0	0.000	96.562	96.562
1147	  I	 14.6	  0.0	0.000	95.340	95.340
1148	  A	  5.6	  0.0	0.000	81.356	81.356
1149	  L	  3.3	  0.0	0.000	68.897	68.897
1150	  H	  1.1	  0.3	0.000	0.596	0.596
1151	  H	  0.8	  0.3	0.000	0.090	0.090
1152	  G	  0.4	  0.3	0.000	1.531	1.531
1153	  L	  0.5	  0.3	0.000	1.780	1.780
1154	  A	  1.0	  0.0	0.000	1.780	1.780
1155	  V	  5.3	  0.0	0.000	1.780	1.780
1156	  F	  6.3	  0.2	0.000	1.764	1.764
1157	  Q	  5.8	  0.3	0.000	0.249	0.249
1158	  D	  1.5	  1.5	0.000	0.000	0.000
1159	  E	  0.1	  1.7	0.000	0.000	0.000
1160	  G	  0.0	  1.5	0.000	0.000	0.000
1161	  A	  0.0	  1.4	0.000	0.000	0.000
1162	  E	  0.0	  0.2	0.000	0.000	0.000
1163	  P	  0.0	  0.0	0.156	0.000	0.000
1164	  L	  0.1	  0.1	0.156	0.000	0.000
1165	  K	  0.3	  0.1	0.156	0.000	0.000
1166	  Q	  0.9	  0.1	0.156	0.000	0.000
1167	  R	  2.8	  0.1	0.156	0.000	0.000
1168	  V	  4.2	  0.0	0.156	0.000	0.000
1169	  E	  3.8	  0.0	0.156	0.000	0.000
1170	  A	  2.2	  0.0	0.156	0.000	0.000
1171	  S	  6.4	  0.2	0.156	0.000	0.000
1172	  I	  6.9	  0.2	0.000	0.000	0.000
1173	  S	  6.6	  0.2	0.139	0.000	0.000
1174	  K	  0.8	  0.5	0.139	0.000	0.000
1175	  A	  0.2	  0.3	0.139	0.000	0.000
1176	  N	  1.2	  0.3	0.139	0.000	0.000
1177	  S	  1.7	  0.3	0.139	0.000	0.000
1178	  F	  2.0	  0.0	0.139	0.000	0.000
1179	  L	  1.0	  0.1	0.000	0.000	0.000
1180	  G	  0.4	  0.2	0.000	0.000	0.000
1181	  E	  0.1	  0.2	0.000	0.000	0.000
1182	  K	  0.3	  0.3	0.000	0.000	0.000
1183	  A	  0.4	  0.3	0.000	0.000	0.000
1184	  S	  0.4	  0.5	0.162	0.000	0.000
1185	  A	  0.3	  0.6	0.162	0.000	0.000
1186	  G	  0.2	  0.4	0.162	0.000	0.000
1187	  L	  0.1	  0.3	0.162	0.191	0.191
1188	  L	  0.1	  0.2	0.162	0.191	0.191
1189	  G	  0.1	  0.3	0.624	0.191	0.191
1190	  A	  0.1	  0.3	0.624	0.191	0.191
1191	  H	  0.3	  0.3	0.663	0.191	0.191
1192	  A	  0.3	  0.1	0.663	7.154	7.154
1193	  A	  0.4	  0.0	0.663	15.241	15.241
1194	  A	  0.7	  0.0	0.663	25.783	25.783
1195	  I	  5.1	  0.0	0.441	37.567	37.567
1196	  T	  5.7	  0.0	0.870	38.592	38.592
1197	  A	  5.4	  0.0	0.870	39.690	39.690
1198	  Y	  1.7	  0.0	0.870	40.553	40.553
1199	  A	  1.0	  0.0	0.429	39.272	39.272
1200	  L	  3.2	  0.0	0.429	37.496	37.496
1201	  T	  5.4	  0.0	0.429	27.421	27.421
1202	  L	  5.7	  0.0	0.429	21.186	21.186
1203	  T	  4.6	  0.0	0.241	7.941	7.941
1204	  K	  1.7	  0.0	0.241	0.000	0.000
1205	  A	  1.2	  0.0	0.000	0.000	0.000
1206	  P	  0.0	  0.0	0.000	0.000	0.000
1207	  V	  2.5	  0.0	0.000	0.000	0.000
1208	  D	  2.5	  0.2	0.000	0.000	0.000
1209	  L	  2.6	  0.2	0.000	0.616	0.616
1210	  L	  0.2	  0.2	0.000	0.616	0.616
1211	  G	  0.4	  0.2	0.000	0.616	0.616
1212	  V	  2.3	  0.0	0.000	0.616	0.616
1213	  A	  2.3	  0.1	0.000	0.616	0.616
1214	  H	  2.1	  0.2	0.000	0.000	0.000
1215	  N	  0.2	  0.2	0.000	0.000	0.000
1216	  N	  0.1	  0.2	0.720	0.000	0.000
1217	  L	  0.3	  0.1	0.720	0.000	0.000
1218	  M	  0.7	  0.0	0.720	0.000	0.000
1219	  A	  0.8	  0.0	0.720	0.000	0.000
1220	  M	  0.6	  0.0	0.720	0.000	0.000
1221	  A	  0.2	  0.0	0.720	0.000	0.000
1222	  Q	  0.1	  0.2	0.503	0.000	0.000
1223	  E	  0.1	  0.3	0.234	0.000	0.000
1224	  T	  0.1	  2.4	0.000	0.000	0.000
1225	  G	  0.0	  2.6	0.000	0.000	0.000
1226	  D	  0.0	  2.4	0.000	0.000	0.000
1227	  N	  0.6	  2.4	0.000	0.000	0.000
1228	  L	  1.1	  0.2	0.000	0.768	0.768
1229	  Y	  1.7	  0.2	0.000	1.152	1.152
1230	  W	  1.3	  0.4	0.000	1.152	1.152
1231	  G	  0.8	  0.4	0.000	1.152	1.152
1232	  S	  3.9	  0.4	0.000	1.152	1.152
1233	  V	  4.5	  0.3	0.000	1.152	1.152
1234	  T	  4.7	  0.4	0.000	0.428	0.428
1235	  G	  0.9	  0.5	0.000	0.000	0.000
1236	  S	  1.8	  1.2	0.000	0.000	0.000
1237	  Q	  1.6	  1.3	0.000	0.000	0.000
1238	  S	  1.6	  1.0	0.000	0.000	0.000
1239	  N	  0.1	  0.9	0.000	0.000	0.000
1240	  A	  1.1	  0.2	0.000	0.000	0.000
1241	  V	  1.5	  0.0	0.000	0.000	0.000
1242	  S	  1.4	  0.0	0.000	0.000	0.000
1243	  P	  0.4	  0.0	0.000	0.000	0.000
1244	  T	  0.0	  0.0	0.000	0.000	0.000
1245	  P	  0.0	  0.0	0.000	0.000	0.000
1246	  A	  0.0	  0.2	0.000	0.000	0.000
1247	  P	  0.0	  0.2	0.000	0.000	0.000
1248	  R	  0.0	  0.2	0.000	0.000	0.000
1249	  N	  0.0	  5.1	0.000	0.000	0.000
1250	  P	  0.0	  4.9	0.000	0.000	0.000
1251	  S	  0.0	  4.9	0.000	0.000	0.000
1252	  D	  0.0	  4.9	0.000	0.000	0.000
1253	  P	  0.0	  0.0	0.000	0.000	0.000
1254	  M	  0.0	  0.2	0.000	0.000	0.000
1255	  P	  0.0	  0.2	0.000	0.000	0.000
1256	  Q	  0.0	  0.2	0.000	0.000	0.000
1257	  A	  0.0	  0.2	0.000	0.000	0.000
1258	  P	  0.0	  0.0	0.000	0.000	0.000
1259	  A	  0.2	  0.0	0.000	0.000	0.000
1260	  L	  0.6	  0.0	0.000	0.000	0.000
1261	  W	  1.2	  0.0	0.000	0.000	0.000
1262	  I	  1.6	  0.0	0.000	0.000	0.000
1263	  E	  1.3	  0.0	0.169	0.000	0.000
1264	  T	  1.3	  0.1	2.238	1.272	1.272
1265	  T	  1.6	  0.1	5.731	3.544	3.544
1266	  A	  1.6	  0.0	5.871	13.023	13.023
1267	  Y	  1.7	  0.0	5.871	20.251	20.251
1268	  A	  1.1	  0.0	6.040	20.986	20.986
1269	  L	  1.4	  0.0	6.040	21.856	21.856
1270	  L	  1.8	  0.0	5.917	21.831	21.831
1271	  H	  2.1	  0.0	5.646	17.294	17.294
1272	  L	  2.5	  0.0	4.673	17.294	17.294
1273	  L	  1.9	  0.0	4.207	16.491	16.491
1274	  L	  1.4	  0.0	4.058	11.243	11.243
1275	  H	  0.6	  1.4	3.312	0.000	0.000
1276	  E	  0.1	  1.5	1.094	0.000	0.000
1277	  G	  0.1	  1.5	0.703	0.000	0.000
1278	  K	  0.4	  1.5	0.144	0.000	0.000
1279	  A	  0.5	  0.2	0.000	0.000	0.000
1280	  E	  0.5	  0.0	0.000	0.000	0.000
1281	  M	  0.2	  0.3	0.000	0.000	0.000
1282	  A	  0.2	  0.3	0.000	0.000	0.000
1283	  D	  0.1	  0.4	0.450	0.000	0.000
1284	  Q	  0.2	  0.5	0.450	0.000	0.000
1285	  A	  0.4	  0.2	0.450	0.542	0.542
1286	  S	  0.6	  0.2	0.632	0.542	0.542
1287	  A	  0.6	  0.1	0.632	0.542	0.542
1288	  W	  0.7	  0.0	0.632	0.542	0.542
1289	  L	  0.7	  0.0	0.461	0.542	0.542
1290	  T	  2.0	  0.2	0.306	0.202	0.202
1291	  R	  1.8	  0.5	0.306	0.000	0.000
1292	  Q	  1.6	  0.8	0.306	0.000	0.000
1293	  G	  0.1	  0.8	0.000	0.000	0.000
1294	  S	  3.3	  0.7	0.000	0.000	0.000
1295	  F	  3.8	  0.5	0.000	0.000	0.000
1296	  Q	  3.7	  0.3	0.000	0.000	0.000
1297	  G	  0.5	  0.3	0.000	0.000	0.000
1298	  G	  0.1	  0.3	0.000	0.000	0.000
1299	  F	  2.1	  0.2	0.000	0.000	0.000
1300	  R	  2.5	  0.1	0.000	0.000	0.000
1301	  S	  2.8	  0.2	0.000	0.000	0.000
1302	  T	  1.3	  0.3	0.000	0.000	0.000
1303	  Q	  1.1	  0.3	0.000	0.000	0.000
1304	  D	  1.2	  0.2	0.000	0.000	0.000
1305	  T	  4.1	  0.2	0.000	2.620	2.620
1306	  V	  8.1	  0.0	0.000	2.620	2.620
1307	  I	 10.1	  0.0	0.000	2.620	2.620
1308	  A	  6.8	  0.0	0.000	2.620	2.620
1309	  L	  3.0	  0.0	0.000	2.620	2.620
1310	  D	  0.3	  0.2	3.153	0.000	0.000
1311	  A	  0.4	  0.2	3.153	5.169	5.169
1312	  L	  0.9	  0.2	3.153	11.411	11.411
1313	  S	  1.1	  0.2	3.276	14.397	14.397
1314	  A	  1.1	  0.1	3.276	26.125	26.125
1315	  Y	  1.3	  0.1	3.276	27.654	27.654
1316	  W	  1.9	  0.0	1.265	27.654	27.654
1317	  I	  2.8	  0.0	0.885	27.142	27.142
1318	  A	  2.4	  0.0	0.885	20.021	20.021
1319	  S	  2.7	  0.1	0.741	3.568	3.568
1320	  H	  2.3	  0.1	0.468	0.000	0.000
1321	  T	  2.2	  0.1	0.129	0.000	0.000
1322	  T	  1.1	  0.1	0.322	0.000	0.000
1323	  E	  0.4	  0.2	0.322	0.000	0.000
1324	  E	  0.1	  0.2	0.322	0.000	0.000
1325	  R	  0.1	  0.2	0.322	0.000	0.000
1326	  G	  0.2	  0.2	0.322	0.000	0.000
1327	  L	  3.0	  0.1	0.322	0.186	0.186
1328	  N	  4.9	  0.0	0.322	0.186	0.186
1329	  V	 12.1	  0.0	0.000	0.186	0.186
1330	  T	 14.3	  0.0	0.000	0.186	0.186
1331	  L	 12.7	  0.1	0.000	0.186	0.186
1332	  S	  6.3	  0.4	0.000	0.000	0.000
1333	  S	  0.7	  0.6	0.000	0.000	0.000
1334	  T	  0.4	  1.0	0.000	0.000	0.000
1335	  G	  0.1	  1.7	0.000	0.000	0.000
1336	  R	  0.1	  1.8	0.000	0.000	0.000
1337	  N	  0.1	  1.6	0.000	0.000	0.000
1338	  G	  0.1	  1.2	0.000	0.000	0.000
1339	  F	  1.1	  0.6	0.000	0.000	0.000
1340	  K	  1.4	  0.2	0.000	0.000	0.000
1341	  S	  1.5	  0.2	0.000	0.000	0.000
1342	  H	  0.8	  0.2	0.000	0.000	0.000
1343	  A	  0.7	  0.1	0.000	0.000	0.000
1344	  L	  2.2	  0.0	0.000	0.000	0.000
1345	  Q	  2.7	  0.0	0.000	0.000	0.000
1346	  L	  2.7	  0.1	0.000	0.000	0.000
1347	  N	  1.1	  0.1	0.000	0.000	0.000
1348	  N	  0.2	  0.1	0.000	0.000	0.000
1349	  R	  1.2	  0.1	0.000	0.000	0.000
1350	  Q	  2.4	  0.1	0.000	0.000	0.000
1351	  I	  4.7	  0.1	0.000	0.000	0.000
1352	  R	  3.6	  0.1	0.000	0.000	0.000
1353	  G	  2.4	  0.1	1.834	0.000	0.000
1354	  L	  0.1	  0.1	1.834	0.000	0.000
1355	  E	  0.0	  0.1	1.834	0.000	0.000
1356	  E	  0.0	  0.1	1.834	0.000	0.000
1357	  E	  0.3	  0.1	1.834	0.000	0.000
1358	  L	  1.9	  0.1	1.834	0.000	0.000
1359	  Q	  4.3	  0.0	1.709	0.000	0.000
1360	  F	  7.1	  0.1	1.039	0.000	0.000
1361	  S	  5.7	  0.3	0.534	0.000	0.000
1362	  L	  3.3	  0.5	0.413	0.000	0.000
1363	  G	  0.2	  0.6	0.413	0.000	0.000
1364	  S	  0.3	  0.5	0.413	0.000	0.000
1365	  K	  1.6	  0.3	0.413	0.000	0.000
1366	  I	 10.2	  0.0	0.413	0.000	0.000
1367	  N	 12.0	  0.0	0.413	0.000	0.000
1368	  V	 24.5	  0.0	0.161	0.000	0.000
1369	  K	 16.5	  0.0	0.161	0.000	0.000
1370	  V	 14.2	  0.4	0.000	0.000	0.000
1371	  G	  0.5	  1.3	0.000	0.000	0.000
1372	  G	  0.0	  1.4	0.000	0.000	0.000
1373	  N	  0.2	  1.7	0.000	0.000	0.000
1374	  S	  0.2	  1.7	0.000	0.000	0.000
1375	  K	  0.3	  0.9	0.000	0.000	0.000
1376	  G	  0.1	  0.9	0.000	0.000	0.000
1377	  T	  3.3	  0.5	0.000	0.000	0.000
1378	  L	  5.0	  0.1	0.000	0.000	0.000
1379	  K	  5.8	  0.0	0.000	0.000	0.000
1380	  V	  4.3	  0.0	0.000	0.000	0.000
1381	  L	  2.6	  0.1	0.000	0.000	0.000
1382	  R	  3.0	  0.1	0.000	0.000	0.000
1383	  T	 10.0	  0.1	0.000	0.860	0.860
1384	  Y	 14.6	  0.1	0.000	0.860	0.860
1385	  N	 13.6	  0.0	1.239	0.860	0.860
1386	  V	  7.8	  0.0	1.239	0.860	0.860
1387	  L	  3.6	  0.0	1.239	0.860	0.860
1388	  D	  3.6	  0.0	1.239	0.000	0.000
1389	  M	  1.4	  0.2	1.239	0.000	0.000
1390	  K	  0.7	  0.2	1.239	0.000	0.000
1391	  N	  0.9	  0.2	0.180	0.000	0.000
1392	  T	  2.9	  0.2	0.000	0.000	0.000
1393	  T	  8.5	  0.1	0.000	0.000	0.000
1394	  C	  8.6	  0.4	0.000	0.000	0.000
1395	  Q	  6.6	  0.4	0.000	0.000	0.000
1396	  D	  0.8	  0.4	0.263	0.000	0.000
1397	  L	  1.3	  0.4	0.263	0.000	0.000
1398	  Q	  3.1	  0.0	0.263	0.000	0.000
1399	  I	  9.0	  0.0	0.263	0.142	0.142
1400	  E	 11.7	  0.0	0.263	0.142	0.142
1401	  V	 26.0	  0.0	0.263	0.142	0.142
1402	  T	 32.0	  0.0	0.263	0.142	0.142
1403	  V	 28.4	  0.4	0.263	0.142	0.142
1404	  K	 13.8	  0.4	0.263	0.142	0.142
1405	  G	  0.4	  0.4	0.000	0.000	0.000
1406	  H	  1.6	  0.4	0.000	0.000	0.000
1407	  V	  5.3	  0.0	0.000	0.000	0.000
1408	  E	  7.6	  0.0	0.000	0.000	0.000
1409	  Y	 10.9	  0.0	0.000	0.000	0.000
1410	  T	  8.6	  0.0	0.000	0.000	0.000
1411	  M	  6.2	  0.0	0.000	0.000	0.000
1412	  E	  1.5	  0.2	0.000	0.000	0.000
1413	  A	  0.3	  0.2	0.000	0.000	0.000
1414	  N	  0.1	  1.7	0.000	0.000	0.000
1415	  E	  0.1	  1.7	0.000	0.000	0.000
1416	  D	  1.5	  1.5	0.000	0.000	0.000
1417	  Y	  2.2	  1.8	0.000	0.000	0.000
1418	  E	  2.2	  0.3	0.000	0.000	0.000
1419	  D	  2.2	  0.3	0.000	0.000	0.000
1420	  Y	  5.9	  0.3	0.000	0.000	0.000
1421	  E	  7.8	  0.0	0.000	0.000	0.000
1422	  Y	  6.6	  0.1	0.000	0.000	0.000
1423	  D	  2.4	  0.1	0.000	0.000	0.000
1424	  E	  0.3	  0.1	0.000	0.000	0.000
1425	  L	  0.0	  0.1	0.000	0.000	0.000
1426	  P	  0.0	  0.0	0.000	0.000	0.000
1427	  A	  0.0	  0.3	0.000	0.000	0.000
1428	  K	  0.1	  0.3	0.000	0.000	0.000
1429	  D	  0.1	  0.3	0.000	0.000	0.000
1430	  D	  0.0	 12.1	0.000	0.000	0.000
1431	  P	  0.0	 11.8	0.000	0.000	0.000
1432	  D	  0.0	 11.8	0.000	0.000	0.000
1433	  A	  0.0	 11.8	0.000	0.000	0.000
1434	  P	  0.0	  0.0	0.000	0.000	0.000
1435	  L	  0.1	  0.0	0.000	0.000	0.000
1436	  Q	  0.1	  0.0	0.000	0.000	0.000
1437	  P	  0.1	  0.0	0.000	0.000	0.000
1438	  V	  0.6	  0.0	0.000	0.000	0.000
1439	  T	  0.6	  0.1	0.216	0.000	0.000
1440	  P	  0.6	  0.1	0.216	0.000	0.000
1441	  L	  1.6	  0.2	0.216	0.000	0.000
1442	  Q	  2.7	  0.2	0.216	0.000	0.000
1443	  L	  2.9	  0.1	0.216	0.000	0.000
1444	  F	  1.7	  0.6	1.443	0.000	0.000
1445	  E	  0.5	  0.8	1.227	0.000	0.000
1446	  G	  0.4	  0.9	1.612	0.000	0.000
1447	  R	  0.8	  1.1	1.612	0.000	0.000
1448	  R	  0.8	  0.5	1.612	0.000	0.000
1449	  N	  0.8	  0.3	1.612	0.000	0.000
1450	  R	  0.5	  0.3	1.612	0.000	0.000
1451	  R	  0.9	  0.2	0.734	0.000	0.000
1452	  R	  1.0	  0.2	0.000	0.000	0.000
1453	  R	  0.6	  0.1	0.000	0.000	0.000
1454	  E	  0.2	  0.1	0.000	0.000	0.000
1455	  A	  0.1	  0.2	0.000	0.000	0.000
1456	  P	  0.0	  0.1	0.000	0.000	0.000
1457	  K	  2.0	  0.1	0.000	0.000	0.000
1458	  V	  6.2	  0.1	0.000	0.000	0.000
1459	  V	  6.8	  0.0	0.000	0.000	0.000
1460	  E	  4.8	  0.1	0.000	0.000	0.000
1461	  E	  0.6	  0.1	0.000	0.000	0.000
1462	  Q	  0.1	  0.2	0.000	0.000	0.000
1463	  E	  0.1	  0.2	0.000	0.000	0.000
1464	  S	  0.3	  0.1	0.000	0.000	0.000
1465	  R	  1.8	  0.1	0.000	0.000	0.000
1466	  V	  5.6	  0.0	0.000	17.501	17.501
1467	  H	  8.3	  0.0	0.000	18.887	18.887
1468	  Y	 16.6	  0.0	0.000	31.566	31.566
1469	  T	 15.4	  0.0	0.205	35.163	35.163
1470	  V	 14.1	  0.0	0.205	35.163	35.163
1471	  C	  4.9	  0.0	0.205	35.067	35.067
1472	  I	  3.1	  0.0	0.205	34.840	34.840
1473	  W	  1.9	  0.5	0.205	33.326	33.326
1474	  R	  1.4	  6.0	0.205	0.000	0.000
1475	  N	  0.5	  6.1	0.098	0.000	0.000
1476	  G	  0.0	  6.1	0.000	0.000	0.000
1477	  K	  0.4	  5.6	0.000	0.000	0.000
1478	  V	  0.7	  0.1	0.000	0.000	0.000
1479	  G	  0.7	  0.3	0.000	0.000	0.000
1480	  L	  0.5	  0.5	0.000	0.000	0.000
1481	  S	  0.2	  0.5	0.000	0.000	0.000
1482	  G	  0.3	  0.4	0.000	0.000	0.000
1483	  M	  0.6	  0.2	0.000	0.000	0.000
1484	  A	  0.8	  0.0	0.000	0.000	0.000
1485	  I	  0.8	  0.1	0.000	0.000	0.000
1486	  A	  0.4	  0.1	0.000	0.000	0.000
1487	  D	  1.3	  0.1	0.134	0.000	0.000
1488	  V	  8.6	  0.1	0.134	1.394	1.394
1489	  T	  9.3	  0.0	0.247	1.394	1.394
1490	  L	  8.6	  0.1	0.247	1.646	1.646
1491	  L	  1.4	  0.6	0.247	1.646	1.646
1492	  S	  0.6	  0.6	0.247	1.646	1.646
1493	  G	  0.2	  0.6	0.114	1.059	1.059
1494	  F	  1.8	  0.4	0.114	1.059	1.059
1495	  H	  2.1	  0.0	0.231	0.163	0.163
1496	  A	  2.4	  0.0	0.418	0.163	0.163
1497	  L	  1.0	  0.0	0.608	0.163	0.163
1498	  R	  0.9	  0.6	0.608	0.000	0.000
1499	  A	  0.7	  0.7	0.608	0.000	0.000
1500	  D	  0.5	  0.7	0.967	0.000	0.000
1501	  L	  0.4	  0.7	0.967	0.000	0.000
1502	  E	  0.4	  0.1	0.967	0.000	0.000
1503	  K	  2.1	  0.1	0.967	0.000	0.000
1504	  L	  2.5	  0.1	0.359	0.000	0.000
1505	  T	  2.9	  0.1	0.359	0.000	0.000
1506	  S	  6.6	  0.5	0.597	0.000	0.000
1507	  L	  6.1	  0.7	0.390	0.000	0.000
1508	  S	  5.6	  0.7	0.239	0.000	0.000
1509	  D	  0.1	  0.7	0.239	0.000	0.000
1510	  R	  0.9	  0.3	0.239	0.000	0.000
1511	  Y	  2.5	  0.1	0.239	0.000	0.000
1512	  V	  4.7	  0.1	0.000	0.000	0.000
1513	  S	  4.6	  0.1	0.000	0.000	0.000
1514	  H	  6.7	  0.1	0.000	0.000	0.000
1515	  F	  4.8	  0.2	0.000	0.000	0.000
1516	  E	  4.2	  0.1	0.000	0.000	0.000
1517	  T	  0.5	  0.1	0.000	0.000	0.000
1518	  E	  0.0	  0.2	0.000	0.000	0.000
1519	  G	  0.0	  0.4	0.000	0.000	0.000
1520	  P	  0.0	  0.4	0.000	0.000	0.000
1521	  H	  1.7	  0.4	0.000	1.381	1.381
1522	  V	  5.6	  0.3	0.000	81.237	81.237
1523	  L	  6.1	  0.0	0.000	81.237	81.237
1524	  L	  5.0	  0.0	0.000	81.237	81.237
1525	  Y	  2.8	  0.0	0.000	81.237	81.237
1526	  F	  3.1	  0.2	0.000	81.133	81.133
1527	  D	  2.8	  0.2	0.000	0.000	0.000
1528	  S	  1.4	  0.2	0.000	0.000	0.000
1529	  V	  0.5	  0.2	0.000	0.000	0.000
1530	  P	  0.2	  0.0	0.000	0.000	0.000
1531	  T	  0.6	  0.1	0.000	0.000	0.000
1532	  S	  0.7	  0.2	0.000	0.000	0.000
1533	  R	  0.7	  0.2	0.000	0.000	0.000
1534	  E	  0.2	  0.2	0.000	0.000	0.000
1535	  C	  0.5	  0.4	0.000	0.000	0.000
1536	  V	  0.6	  0.3	0.000	0.000	0.000
1537	  G	  0.6	  0.3	0.000	0.000	0.000
1538	  F	  2.6	  0.3	0.000	0.000	0.000
1539	  E	  2.5	  0.1	0.000	0.000	0.000
1540	  A	  2.9	  0.1	0.000	0.000	0.000
1541	  V	  1.2	  0.1	0.000	0.000	0.000
1542	  Q	  1.7	  0.0	0.000	0.000	0.000
1543	  E	  1.4	  0.0	0.000	0.000	0.000
1544	  V	  0.9	  0.0	0.000	0.000	0.000
1545	  P	  0.3	  0.0	0.000	0.000	0.000
1546	  V	  0.4	  0.0	0.000	0.000	0.000
1547	  G	  0.3	  0.0	0.000	0.000	0.000
1548	  L	  1.0	  0.0	0.000	0.000	0.000
1549	  V	  1.0	  0.0	0.000	0.000	0.000
1550	  Q	  1.0	  0.0	0.000	0.000	0.000
1551	  P	  0.4	  0.2	0.000	0.000	0.000
1552	  A	  0.2	  0.2	0.000	0.000	0.000
1553	  S	  1.0	  0.4	0.000	0.000	0.000
1554	  A	  1.4	  0.4	0.000	0.000	0.000
1555	  T	  2.4	  0.2	0.529	0.000	0.000
1556	  L	  1.9	  0.3	0.529	0.000	0.000
1557	  Y	  3.8	  0.2	0.529	0.000	0.000
1558	  D	  3.7	  0.1	0.529	0.000	0.000
1559	  Y	  6.5	  0.1	0.529	0.000	0.000
1560	  Y	  4.4	  0.0	0.529	0.000	0.000
1561	  N	  3.4	  0.4	1.025	0.000	0.000
1562	  P	  0.2	  0.5	0.496	0.000	0.000
1563	  E	  0.2	  0.5	0.496	0.000	0.000
1564	  R	  0.2	  0.5	0.496	0.000	0.000
1565	  R	  1.1	  0.1	0.496	0.000	0.000
1566	  C	  3.3	  0.1	0.496	0.000	0.000
1567	  S	  4.1	  0.0	0.171	0.146	0.146
1568	  V	  5.4	  0.0	0.000	0.146	0.146
1569	  F	  4.0	  0.0	0.000	0.146	0.146
1570	  Y	  3.5	  0.0	0.000	0.146	0.146
1571	  G	  1.4	  0.0	0.000	0.146	0.146
1572	  A	  0.4	  0.4	0.000	0.000	0.000
1573	  P	  0.0	  0.5	0.000	0.000	0.000
1574	  S	  2.5	  1.3	0.116	0.000	0.000
1575	  K	  2.7	  1.4	0.116	0.000	0.000
1576	  S	  2.7	  1.0	0.116	0.000	0.000
1577	  R	  0.7	  0.9	0.116	0.000	0.000
1578	  L	  0.7	  0.1	0.116	3.083	3.083
1579	  L	  0.7	  0.0	0.116	3.083	3.083
1580	  A	  0.7	  0.0	0.116	3.083	3.083
1581	  T	  1.8	  0.0	0.116	3.083	3.083
1582	  L	  2.2	  0.0	0.116	3.083	3.083
1583	  C	  5.9	  0.1	0.116	0.968	0.968
1584	  S	  5.0	  0.0	0.000	0.611	0.611
1585	  A	  4.8	  0.0	0.000	0.280	0.280
1586	  E	  1.6	  0.0	0.000	0.000	0.000
1587	  V	  2.0	  0.0	0.000	0.000	0.000
1588	  C	  3.1	  0.1	0.121	0.000	0.000
1589	  Q	  2.3	  0.1	0.121	0.000	0.000
1590	  C	  1.8	  0.5	0.297	0.000	0.000
1591	  A	  0.5	  1.2	0.297	0.000	0.000
1592	  E	  0.4	  1.2	0.297	0.000	0.000
1593	  G	  0.1	  1.2	0.297	0.000	0.000
1594	  K	  0.2	  0.8	0.297	0.000	0.000
1595	  C	  0.2	  0.4	1.174	0.000	0.000
1596	  P	  0.1	  0.4	0.999	0.000	0.000
1597	  R	  0.5	  0.4	0.999	0.000	0.000
1598	  Q	  0.8	  0.4	1.132	0.000	0.000
1599	  R	  0.9	  0.1	1.132	0.000	0.000
1600	  R	  0.6	  0.1	1.132	0.000	0.000
1601	  A	  0.4	  0.1	0.955	0.000	0.000
1602	  L	  0.3	  0.2	0.955	0.000	0.000
1603	  E	  0.2	  0.2	0.955	0.000	0.000
1604	  R	  0.1	  0.2	0.777	0.000	0.000
1605	  G	  0.1	  0.2	0.311	0.000	0.000
1606	  L	  0.3	  0.2	0.000	0.000	0.000
1607	  Q	  0.2	  0.2	0.000	0.000	0.000
1608	  D	  0.2	 10.1	1.711	0.000	0.000
1609	  E	  0.1	 10.5	2.536	0.000	0.000
1610	  D	  0.0	 10.4	5.463	0.000	0.000
1611	  G	  0.1	 10.3	9.977	0.000	0.000
1612	  Y	  1.8	  0.4	10.132	0.000	0.000
1613	  R	  2.1	  0.0	10.278	0.000	0.000
1614	  M	  2.9	  0.0	10.391	0.000	0.000
1615	  K	  1.7	  0.0	10.578	0.000	0.000
1616	  F	  2.7	  0.0	10.079	0.000	0.000
1617	  A	  2.0	  0.0	9.290	0.000	0.000
1618	  C	  3.0	  0.0	7.879	0.000	0.000
1619	  Y	  1.9	  0.0	7.629	0.000	0.000
1620	  Y	  1.7	  0.3	7.282	0.000	0.000
1621	  P	  0.2	  0.3	0.000	0.000	0.000
1622	  R	  1.9	  0.3	0.000	0.000	0.000
1623	  V	  5.5	  0.3	0.000	0.206	0.206
1624	  E	  5.6	  0.0	0.000	0.206	0.206
1625	  Y	  3.9	  0.0	0.000	0.505	0.505
1626	  G	  0.3	  0.0	0.107	0.505	0.505
1627	  F	  2.5	  0.0	0.107	0.505	0.505
1628	  Q	  3.2	  0.0	0.107	0.505	0.505
1629	  V	 18.2	  0.0	0.107	0.505	0.505
1630	  K	 16.8	  0.0	0.107	0.206	0.206
1631	  V	 17.5	  0.0	0.107	0.206	0.206
1632	  L	  2.7	  0.0	0.107	0.206	0.206
1633	  R	  1.7	  0.5	0.230	0.000	0.000
1634	  E	  0.1	  0.5	0.362	0.000	0.000
1635	  D	  0.2	  0.7	1.720	0.000	0.000
1636	  S	  0.2	  0.7	2.318	0.000	0.000
1637	  R	  0.2	  0.2	2.318	0.000	0.000
1638	  A	  0.2	  0.2	2.318	0.000	0.000
1639	  A	  0.6	  0.0	2.318	0.000	0.000
1640	  F	  2.6	  0.0	2.318	0.000	0.000
1641	  R	  3.1	  0.0	0.770	0.000	0.000
1642	  L	  2.8	  0.0	0.244	0.000	0.000
1643	  F	  1.2	  0.1	0.244	0.000	0.000
1644	  E	  1.0	  0.1	0.124	0.000	0.000
1645	  T	  1.7	  0.1	0.108	0.000	0.000
1646	  K	  6.6	  0.1	0.108	0.000	0.000
1647	  I	 10.2	  0.0	0.108	0.376	0.376
1648	  T	 10.1	  0.0	0.108	0.376	0.376
1649	  Q	  5.3	  0.0	0.108	0.376	0.376
1650	  V	  3.4	  0.0	0.108	0.957	0.957
1651	  L	  4.0	  0.0	0.108	0.957	0.957
1652	  H	  6.6	  0.0	0.108	0.581	0.581
1653	  F	  8.4	  0.0	0.108	0.581	0.581
1654	  T	  7.4	  0.2	0.541	0.581	0.581
1655	  K	  4.5	  0.2	0.541	0.000	0.000
1656	  D	  1.9	  0.2	2.062	0.000	0.000
1657	  V	  3.6	  0.2	2.317	0.000	0.000
1658	  K	  3.5	  0.0	2.472	0.000	0.000
1659	  A	  2.3	  0.0	2.472	0.000	0.000
1660	  A	  0.2	  0.3	2.472	0.000	0.000
1661	  A	  0.1	  0.3	2.472	0.000	0.000
1662	  N	  0.1	  0.3	2.557	0.000	0.000
1663	  Q	  1.0	  0.3	1.684	0.000	0.000
1664	  M	  1.2	  0.4	0.684	0.000	0.000
1665	  R	  1.5	  0.4	0.299	0.000	0.000
1666	  N	  0.7	  0.4	0.299	0.000	0.000
1667	  F	  1.5	  0.4	0.299	0.000	0.000
1668	  L	  1.4	  0.0	0.000	0.000	0.000
1669	  V	  2.5	  0.0	0.000	0.000	0.000
1670	  R	  1.5	  0.2	0.000	0.000	0.000
1671	  A	  1.8	  0.3	0.000	0.000	0.000
1672	  S	  8.1	  0.3	0.300	0.000	0.000
1673	  C	  9.0	  0.3	0.443	0.000	0.000
1674	  R	  9.1	  0.1	0.443	0.000	0.000
1675	  L	  3.2	  0.1	0.443	0.000	0.000
1676	  R	  2.9	  0.1	0.443	0.000	0.000
1677	  L	  2.4	  0.0	0.443	0.000	0.000
1678	  E	  1.0	  1.3	0.280	0.000	0.000
1679	  P	  0.1	  1.4	0.000	0.000	0.000
1680	  G	  0.0	  1.4	0.288	0.000	0.000
1681	  K	  0.2	  1.4	0.288	0.000	0.000
1682	  E	  0.3	  0.1	0.288	0.000	0.000
1683	  Y	  1.1	  0.1	0.288	7.662	7.662
1684	  L	  2.4	  0.0	0.288	7.917	7.917
1685	  I	  4.8	  0.0	0.288	7.917	7.917
1686	  M	  4.2	  0.0	0.288	7.917	7.917
1687	  G	  2.9	  0.5	0.163	7.917	7.917
1688	  L	  0.4	  0.7	0.000	6.729	6.729
1689	  D	  0.1	  1.0	0.152	0.000	0.000
1690	  G	  0.1	  1.1	0.152	0.000	0.000
1691	  A	  0.9	  0.6	0.152	0.000	0.000
1692	  T	  8.6	  0.4	0.152	0.000	0.000
1693	  Y	  9.7	  0.2	0.152	0.000	0.000
1694	  D	  9.1	  0.2	0.152	0.000	0.000
1695	  L	  1.5	  0.7	0.000	0.000	0.000
1696	  E	  0.3	  0.7	0.000	0.000	0.000
1697	  G	  0.0	  0.7	0.000	0.000	0.000
1698	  H	  0.0	  1.0	0.000	0.000	0.000
1699	  P	  0.0	  0.5	0.000	0.000	0.000
1700	  Q	  1.1	  0.5	0.000	0.000	0.000
1701	  Y	  1.9	  0.5	0.000	0.000	0.000
1702	  L	  2.3	  0.0	0.000	0.000	0.000
1703	  L	  1.4	  0.1	0.000	0.000	0.000
1704	  D	  0.7	  2.9	0.000	0.000	0.000
1705	  S	  0.4	  3.1	0.000	0.000	0.000
1706	  N	  1.0	  3.1	0.129	0.000	0.000
1707	  S	  1.6	  3.0	0.450	0.000	0.000
1708	  W	  2.1	  0.2	0.450	0.000	0.000
1709	  I	  1.5	  0.0	0.450	0.000	0.000
1710	  E	  0.9	  0.0	0.450	0.000	0.000
1711	  E	  0.3	  0.0	0.450	0.000	0.000
1712	  M	  0.1	  0.4	0.450	0.000	0.000
1713	  P	  0.0	  0.4	0.833	0.000	0.000
1714	  S	  0.1	  0.5	1.662	0.000	0.000
1715	  E	  0.2	  0.5	1.662	0.000	0.000
1716	  R	  0.2	  0.2	1.662	0.000	0.000
1717	  L	  0.2	  0.1	1.662	0.000	0.000
1718	  C	  1.3	  0.2	1.792	0.000	0.000
1719	  R	  1.7	  0.2	1.589	0.000	0.000
1720	  S	  2.2	  0.2	1.136	0.000	0.000
1721	  T	  2.7	  0.3	0.441	0.000	0.000
1722	  R	  2.8	  0.2	0.441	0.000	0.000
1723	  Q	  2.1	  0.1	0.441	0.000	0.000
1724	  R	  0.6	  0.1	0.311	0.000	0.000
1725	  A	  0.2	  0.1	0.311	0.000	0.000
1726	  A	  0.2	  0.0	0.311	0.000	0.000
1727	  C	  1.2	  0.2	0.311	0.000	0.000
1728	  A	  1.4	  0.2	0.165	0.000	0.000
1729	  Q	  2.2	  0.2	0.165	0.000	0.000
1730	  L	  1.3	  0.4	0.000	0.000	0.000
1731	  N	  1.1	  0.2	0.000	0.000	0.000
1732	  D	  0.3	  0.2	0.000	0.000	0.000
1733	  F	  1.0	  0.2	0.000	0.000	0.000
1734	  L	  0.9	  0.1	0.000	0.000	0.000
1735	  Q	  1.3	  0.2	0.000	0.000	0.000
1736	  E	  0.5	  0.2	0.000	0.000	0.000
1737	  Y	  0.5	  0.5	0.000	0.000	0.000
1738	  G	  0.1	  0.5	0.000	0.000	0.000
1739	  T	  0.1	  0.9	0.000	0.000	0.000
1740	  Q	  0.1	  1.0	0.000	0.000	0.000
1741	  G	  0.1	  0.7	0.000	0.000	0.000
1742	  C	  1.6	  0.7	0.000	0.000	0.000
1743	  Q	  1.6	  0.1	0.000	0.000	0.000
1744	  V	  1.6	  0.0	0.000	0.000	0.000
