res	aa	Beta	Turn	Helix	Aggregation	Conc-Stab_Aggregation
01	  M	  0.1	  0.2	0.000	0.000	0.000
02	  S	  0.1	  0.2	0.104	0.000	0.000
03	  D	  1.1	  0.2	0.104	0.145	0.145
04	  V	 10.6	  0.2	0.104	1.873	1.873
05	  T	 15.2	  0.0	0.104	2.020	2.020
06	  I	 16.7	  0.0	0.104	2.020	2.020
07	  V	  8.9	  0.1	0.104	2.020	2.020
08	  K	  4.0	  0.4	0.104	2.020	2.020
09	  E	  1.4	  0.4	0.000	1.875	1.875
10	  G	  0.0	  0.4	0.184	1.875	1.875
11	  W	  0.9	  0.3	0.184	1.875	1.875
12	  V	  1.6	  0.0	0.184	1.875	1.875
13	  Q	  1.8	  0.1	0.184	0.000	0.000
14	  K	  1.1	  0.3	0.184	0.000	0.000
15	  R	  0.4	  0.3	0.184	0.000	0.000
16	  G	  0.2	  0.3	0.912	0.000	0.000
17	  E	  0.1	  0.2	1.047	0.000	0.000
18	  Y	  1.4	  0.1	1.047	0.000	0.000
19	  I	  1.6	  0.3	1.047	0.000	0.000
20	  K	  1.7	  0.3	1.047	0.000	0.000
21	  N	  3.3	  0.3	1.047	0.000	0.000
22	  W	  3.3	  0.3	0.879	0.000	0.000
23	  R	  3.2	  0.2	0.684	0.000	0.000
24	  P	  0.2	  0.2	0.000	0.000	0.000
25	  R	  1.3	  0.2	0.000	0.000	0.000
26	  Y	  2.4	  0.2	0.000	0.000	0.000
27	  F	  3.2	  0.0	0.000	0.000	0.000
28	  L	  2.1	  0.0	0.000	0.000	0.000
29	  L	  1.2	  0.1	0.000	0.000	0.000
30	  K	  0.5	  0.5	0.000	0.000	0.000
31	  T	  0.3	  0.8	0.000	0.000	0.000
32	  D	  0.2	  1.1	0.000	0.000	0.000
33	  G	  0.1	  1.0	0.000	0.000	0.000
34	  S	  1.0	  0.6	0.000	0.332	0.332
35	  F	  1.4	  0.3	0.000	0.332	0.332
36	  I	  1.6	  0.0	0.000	0.332	0.332
37	  G	  0.7	  0.0	0.000	0.332	0.332
38	  Y	  1.0	  0.1	0.000	0.332	0.332
39	  K	  1.4	  0.1	0.000	0.000	0.000
40	  E	  1.4	  0.1	0.000	0.000	0.000
41	  K	  0.7	  0.3	0.000	0.000	0.000
42	  P	  0.0	  0.4	0.000	0.000	0.000
43	  Q	  0.4	  0.4	0.000	0.000	0.000
44	  D	  1.1	  0.7	0.000	0.000	0.000
45	  V	  6.1	  0.5	0.000	0.000	0.000
46	  D	  5.7	  0.3	0.000	0.000	0.000
47	  L	  5.0	  0.3	0.000	0.000	0.000
48	  P	  0.1	  0.0	0.000	0.000	0.000
49	  Y	  0.0	  0.1	0.000	0.000	0.000
50	  P	  0.0	  0.3	0.000	0.000	0.000
51	  L	  0.2	  0.4	0.000	0.000	0.000
52	  N	  0.3	  0.4	0.000	0.000	0.000
53	  N	  1.4	  0.3	0.000	0.000	0.000
54	  F	  6.4	  0.1	0.000	0.000	0.000
55	  S	  6.8	  0.0	0.516	0.000	0.000
56	  V	  6.5	  0.0	0.516	0.000	0.000
57	  A	  1.5	  0.0	0.516	0.000	0.000
58	  K	  1.6	  0.0	0.516	0.000	0.000
59	  C	  2.3	  0.1	0.516	0.000	0.000
60	  Q	  2.8	  0.1	0.516	0.000	0.000
61	  L	  2.3	  0.1	0.327	0.000	0.000
62	  M	  1.1	  0.1	0.327	0.000	0.000
63	  K	  0.8	  0.1	0.116	0.000	0.000
64	  T	  0.9	  0.1	0.000	0.000	0.000
65	  E	  0.8	  0.1	0.000	0.000	0.000
66	  R	  0.4	  0.0	0.000	0.000	0.000
67	  P	  0.0	  0.0	0.000	0.000	0.000
68	  K	  0.0	  0.5	0.000	0.000	0.000
69	  P	  0.0	  0.5	0.000	0.000	0.000
70	  N	  2.9	  0.5	0.294	0.325	0.325
71	  T	  5.2	  0.5	0.902	0.744	0.744
72	  F	  6.4	  0.0	0.902	1.447	1.447
73	  I	  7.4	  0.0	0.902	1.447	1.447
74	  I	  8.9	  0.0	0.902	1.447	1.447
75	  R	  8.6	  0.0	0.902	1.122	1.122
76	  C	  7.1	  0.0	0.902	3.146	3.146
77	  L	  4.5	  0.0	0.902	5.694	5.694
78	  Q	  5.5	  0.0	0.902	6.549	6.549
79	  W	  4.2	  0.0	0.409	29.993	29.993
80	  T	  5.0	  0.0	0.000	29.993	29.993
81	  T	  6.2	  0.0	0.000	29.993	29.993
82	  V	  8.3	  0.0	0.000	29.993	29.993
83	  I	  7.6	  0.0	0.000	29.160	29.160
84	  E	  4.5	  0.0	0.000	1.122	1.122
85	  R	  2.8	  0.0	0.000	0.000	0.000
86	  T	  8.5	  0.0	0.000	0.000	0.000
87	  F	 10.6	  0.0	0.000	0.000	0.000
88	  H	 10.7	  0.1	0.000	0.000	0.000
89	  V	  5.2	  0.1	0.000	0.000	0.000
90	  D	  2.7	  0.1	0.000	0.000	0.000
91	  T	  1.4	  0.3	1.386	0.000	0.000
92	  P	  0.0	  0.3	1.386	0.000	0.000
93	  E	  0.0	  0.3	1.386	0.000	0.000
94	  E	  0.1	  0.3	1.386	0.000	0.000
95	  R	  0.1	  0.1	1.386	0.000	0.000
96	  E	  0.1	  0.1	1.386	0.000	0.000
97	  E	  1.7	  0.0	0.602	0.000	0.000
98	  W	  2.3	  0.0	1.650	0.000	0.000
99	  T	  2.4	  0.0	5.564	0.000	0.000
100	  E	  0.7	  0.0	6.774	0.000	0.000
101	  A	  0.2	  0.0	7.524	0.182	0.182
102	  I	  0.5	  0.0	7.944	0.398	0.398
103	  Q	  0.8	  0.0	7.944	0.398	0.398
104	  A	  1.0	  0.0	7.999	0.398	0.398
105	  V	  1.3	  0.2	7.868	0.398	0.398
106	  A	  1.0	  0.2	7.868	0.398	0.398
107	  D	  0.6	  0.3	7.868	0.000	0.000
108	  R	  0.4	  0.3	7.224	0.000	0.000
109	  L	  0.5	  0.1	6.688	0.000	0.000
110	  Q	  1.0	  0.1	6.464	0.000	0.000
111	  R	  0.8	  0.1	4.515	0.000	0.000
112	  Q	  0.8	  0.1	3.727	0.000	0.000
113	  E	  0.3	  0.1	2.121	0.000	0.000
114	  E	  0.1	  0.1	2.121	0.000	0.000
115	  E	  0.1	  0.1	2.121	0.000	0.000
116	  R	  3.0	  0.2	2.121	0.000	0.000
117	  M	  7.2	  0.2	1.973	0.000	0.000
118	  N	  8.2	  0.2	1.650	0.000	0.000
119	  C	  5.6	  0.2	0.249	0.000	0.000
120	  S	  1.4	  0.4	0.125	0.000	0.000
121	  P	  0.2	  0.4	0.000	0.000	0.000
122	  T	  1.2	  0.5	0.000	0.000	0.000
123	  S	  1.5	  0.5	0.000	0.000	0.000
124	  Q	  2.6	  0.1	0.000	0.000	0.000
125	  I	  1.5	  0.1	0.000	0.000	0.000
126	  D	  1.3	  0.1	0.000	0.000	0.000
127	  N	  0.2	  0.3	0.000	0.000	0.000
128	  I	  0.2	  0.5	0.000	0.000	0.000
129	  G	  0.1	  0.5	0.000	0.000	0.000
130	  E	  0.0	  0.5	0.000	0.000	0.000
131	  E	  0.0	  0.3	0.000	0.000	0.000
132	  E	  0.9	  0.1	0.000	0.000	0.000
133	  M	  1.1	  0.1	0.000	0.000	0.000
134	  D	  1.2	  1.5	0.291	0.000	0.000
135	  A	  0.4	  1.6	0.291	0.000	0.000
136	  S	  0.9	  1.6	0.291	0.000	0.000
137	  T	  2.2	  1.6	0.291	0.000	0.000
138	  T	  3.7	  0.1	0.291	0.000	0.000
139	  H	  3.5	  0.1	0.291	0.000	0.000
140	  H	  2.6	  0.2	0.120	0.000	0.000
141	  K	  1.4	  0.2	0.000	0.000	0.000
142	  R	  1.1	  0.2	0.000	0.000	0.000
143	  K	  0.9	  0.2	0.000	0.000	0.000
144	  T	  2.5	  0.2	0.277	0.000	0.000
145	  M	  2.3	  0.4	0.277	0.000	0.000
146	  N	  2.2	  0.3	1.755	0.000	0.000
147	  D	  0.6	  0.6	2.892	0.000	0.000
148	  F	  2.5	  0.4	3.897	1.827	1.827
149	  D	  2.4	  0.3	12.057	1.964	1.964
150	  Y	  2.8	  0.3	12.316	1.964	1.964
151	  L	  2.0	  0.0	12.316	1.964	1.964
152	  K	  2.2	  0.0	12.316	1.964	1.964
153	  L	  1.6	  0.1	12.316	1.964	1.964
154	  L	  0.3	  0.3	12.316	1.964	1.964
155	  G	  0.1	  0.6	11.608	0.151	0.151
156	  K	  0.0	  0.7	4.721	0.000	0.000
157	  G	  0.1	  0.6	0.169	0.000	0.000
158	  T	  1.0	  0.7	0.000	0.000	0.000
159	  F	  1.1	  0.5	0.000	0.000	0.000
160	  G	  1.1	  0.4	0.223	0.000	0.000
161	  K	  2.4	  0.4	0.223	0.000	0.000
162	  V	  9.8	  0.2	0.223	0.000	0.000
163	  I	 12.9	  0.0	0.223	0.000	0.000
164	  L	 10.9	  0.0	0.223	0.000	0.000
165	  V	  4.0	  0.0	0.466	0.000	0.000
166	  R	  0.7	  0.1	0.466	0.000	0.000
167	  E	  0.6	  0.1	0.243	0.000	0.000
168	  K	  0.3	  0.5	0.243	0.000	0.000
169	  A	  0.3	  0.8	0.243	0.000	0.000
170	  S	  0.2	  1.2	0.243	0.000	0.000
171	  G	  0.1	  1.2	0.649	0.000	0.000
172	  K	  0.4	  0.7	0.523	0.000	0.000
173	  Y	  2.0	  0.4	0.523	0.000	0.000
174	  Y	  2.8	  0.0	0.523	0.000	0.000
175	  A	  2.7	  0.0	0.523	0.000	0.000
176	  M	  3.2	  0.0	0.523	0.000	0.000
177	  K	  3.0	  0.0	0.523	0.000	0.000
178	  I	  3.6	  0.0	0.523	0.000	0.000
179	  L	  1.5	  0.0	0.523	0.000	0.000
180	  K	  1.1	  0.1	0.358	0.000	0.000
181	  K	  0.8	  0.1	0.156	0.192	0.192
182	  E	  1.1	  0.1	0.000	1.626	1.626
183	  V	  8.3	  0.0	0.000	1.626	1.626
184	  I	 10.8	  0.0	0.000	1.626	1.626
185	  I	 10.9	  0.0	0.000	1.626	1.626
186	  A	  3.8	  0.2	0.000	1.626	1.626
187	  K	  0.6	  0.2	0.000	1.435	1.435
188	  D	  0.1	  0.2	0.000	0.000	0.000
189	  E	  1.8	  0.2	0.000	0.000	0.000
190	  V	  3.6	  0.0	0.000	0.000	0.000
191	  A	  3.7	  0.0	0.000	0.000	0.000
192	  H	  3.2	  0.0	0.000	0.000	0.000
193	  T	  4.1	  0.0	0.000	0.000	0.000
194	  L	  4.0	  0.0	0.000	0.000	0.000
195	  T	  3.1	  0.2	0.342	0.000	0.000
196	  E	  0.3	  0.2	0.342	0.000	0.000
197	  S	  0.5	  0.2	1.791	0.000	0.000
198	  R	  1.9	  0.2	1.791	0.000	0.000
199	  V	  3.1	  0.0	1.791	0.000	0.000
200	  L	  3.1	  0.1	1.791	0.000	0.000
201	  K	  1.8	  0.2	1.791	0.000	0.000
202	  N	  1.2	  0.2	1.665	0.000	0.000
203	  T	  2.2	  0.2	0.000	0.000	0.000
204	  R	  1.8	  0.0	0.000	0.000	0.000
205	  H	  1.2	  0.2	0.000	0.000	0.000
206	  P	  0.1	  0.2	0.000	0.000	0.000
207	  F	  0.5	  0.2	0.000	0.589	0.589
208	  L	  1.0	  0.2	0.000	0.589	0.589
209	  T	  1.5	  0.1	0.000	0.589	0.589
210	  S	  1.6	  0.1	0.000	0.589	0.589
211	  L	  1.8	  0.1	0.000	0.589	0.589
212	  K	  2.0	  0.0	0.000	0.000	0.000
213	  Y	  8.0	  0.0	0.000	0.000	0.000
214	  S	 10.3	  0.0	0.204	0.000	0.000
215	  F	 10.1	  0.1	0.204	0.000	0.000
216	  Q	  4.0	  0.1	0.204	0.000	0.000
217	  T	  1.1	  0.3	0.204	0.000	0.000
218	  K	  0.7	  0.4	0.204	0.000	0.000
219	  D	  0.4	  0.4	0.204	0.000	0.000
220	  R	  0.1	  0.4	0.000	0.901	0.901
221	  L	  1.1	  0.2	0.000	11.050	11.050
222	  C	  3.5	  0.1	0.000	11.050	11.050
223	  F	  5.2	  0.0	0.000	11.050	11.050
224	  V	  5.8	  0.0	0.000	11.050	11.050
225	  M	  4.3	  0.0	0.000	11.050	11.050
226	  E	  2.6	  0.0	0.000	0.901	0.901
227	  Y	  2.7	  0.1	0.000	0.901	0.901
228	  V	  2.2	  1.0	0.000	0.901	0.901
229	  N	  2.0	  1.3	0.124	0.000	0.000
230	  G	  0.3	  1.4	0.124	0.000	0.000
231	  G	  0.0	  1.4	0.124	0.000	0.000
232	  E	  0.2	  0.5	0.124	0.000	0.000
233	  L	  0.8	  0.2	0.124	5.773	5.773
234	  F	  2.1	  0.1	0.124	5.773	5.773
235	  F	  3.4	  0.0	0.124	5.773	5.773
236	  H	  3.6	  0.0	0.000	5.773	5.773
237	  L	  2.4	  0.0	0.000	5.773	5.773
238	  S	  1.0	  0.1	0.263	0.251	0.251
239	  R	  0.3	  0.1	0.263	0.000	0.000
240	  E	  0.3	  0.1	0.263	0.000	0.000
241	  R	  2.8	  0.1	0.263	0.000	0.000
242	  V	  7.3	  0.0	0.263	0.000	0.000
243	  F	  7.8	  0.1	0.263	0.000	0.000
244	  S	  5.2	  2.0	0.891	0.000	0.000
245	  E	  0.7	  2.0	1.119	0.000	0.000
246	  D	  0.1	  2.2	1.594	0.000	0.000
247	  R	  0.2	  2.1	1.594	0.000	0.000
248	  T	  1.1	  0.2	1.594	0.000	0.000
249	  R	  2.4	  0.2	1.594	0.000	0.000
250	  F	  3.2	  0.0	1.594	0.000	0.000
251	  Y	  2.5	  0.3	0.651	0.000	0.000
252	  G	  1.2	  0.3	0.123	0.000	0.000
253	  A	  0.4	  0.3	0.000	0.000	0.000
254	  E	  0.5	  0.3	0.000	0.000	0.000
255	  I	  3.7	  0.0	0.000	0.635	0.635
256	  V	  5.6	  0.0	0.000	0.635	0.635
257	  S	  5.4	  0.0	0.522	0.635	0.635
258	  A	  2.4	  0.1	0.522	0.635	0.635
259	  L	  1.5	  0.1	0.522	0.635	0.635
260	  D	  1.4	  0.1	0.522	0.000	0.000
261	  Y	  1.9	  0.1	0.522	0.000	0.000
262	  L	  0.9	  0.1	0.522	0.000	0.000
263	  H	  0.9	  0.8	0.306	0.000	0.000
264	  S	  0.2	  0.9	0.118	0.000	0.000
265	  G	  0.1	  0.9	0.000	0.000	0.000
266	  K	  1.6	  0.8	0.000	0.000	0.000
267	  I	  6.7	  0.1	0.000	0.000	0.000
268	  V	  8.9	  0.0	0.000	0.000	0.000
269	  Y	  8.1	  0.4	0.000	0.000	0.000
270	  R	  3.1	  0.4	0.000	0.000	0.000
271	  D	  0.9	  0.4	0.965	0.000	0.000
272	  L	  1.6	  0.5	0.965	0.000	0.000
273	  K	  3.1	  0.1	1.226	0.000	0.000
274	  L	  3.1	  0.2	1.226	0.000	0.000
275	  E	  1.7	  0.3	1.226	0.000	0.000
276	  N	  0.1	  0.2	1.226	0.000	0.000
277	  L	  1.0	  0.2	0.852	0.000	0.000
278	  M	  1.4	  0.0	0.644	0.000	0.000
279	  L	  1.5	  0.0	0.292	0.000	0.000
280	  D	  0.5	  8.8	0.000	0.000	0.000
281	  K	  0.1	  9.3	0.000	0.000	0.000
282	  D	  0.0	  9.3	0.000	0.000	0.000
283	  G	  0.1	  9.3	0.000	0.000	0.000
284	  H	  5.4	  0.5	0.000	0.000	0.000
285	  I	 10.3	  0.0	0.000	0.000	0.000
286	  K	 15.2	  0.0	0.000	0.000	0.000
287	  I	 10.6	  0.1	0.000	0.000	0.000
288	  T	  6.3	  0.1	0.000	0.000	0.000
289	  D	  0.8	  0.1	0.000	0.000	0.000
290	  F	  0.5	  0.2	0.000	0.000	0.000
291	  G	  0.2	  0.1	0.000	0.000	0.000
292	  L	  0.3	  0.1	0.000	0.000	0.000
293	  C	  0.5	  0.4	0.000	0.000	0.000
294	  K	  0.4	  0.6	0.000	0.000	0.000
295	  E	  0.3	  0.8	0.000	0.000	0.000
296	  G	  0.4	  0.8	0.000	0.000	0.000
297	  I	  0.8	  0.4	0.000	0.000	0.000
298	  T	  0.9	  0.3	0.255	0.000	0.000
299	  D	  0.6	  0.1	2.285	0.000	0.000
300	  A	  0.1	  0.1	2.285	0.000	0.000
301	  A	  0.5	  0.0	2.285	0.000	0.000
302	  T	  3.7	  0.0	2.285	0.000	0.000
303	  M	  3.8	  0.2	2.285	0.000	0.000
304	  K	  4.0	  0.2	2.164	0.000	0.000
305	  T	  9.8	  0.2	0.601	0.000	0.000
306	  F	 11.0	  0.2	0.601	0.000	0.000
307	  C	 10.5	  0.0	0.121	0.000	0.000
308	  G	  1.7	  0.0	0.000	0.000	0.000
309	  T	  0.1	  0.2	0.000	0.000	0.000
310	  P	  0.0	  0.2	0.000	0.000	0.000
311	  E	  0.1	  0.2	0.000	0.000	0.000
312	  Y	  1.7	  0.2	0.000	0.000	0.000
313	  L	  1.7	  0.0	0.000	0.000	0.000
314	  A	  1.6	  0.2	0.000	0.000	0.000
315	  P	  0.0	  0.2	0.000	0.000	0.000
316	  E	  0.5	  0.2	0.000	0.000	0.000
317	  V	  2.0	  0.2	0.000	0.000	0.000
318	  L	  2.1	  0.3	0.000	0.000	0.000
319	  E	  1.6	  0.4	0.000	0.000	0.000
320	  D	  0.1	  0.9	0.000	0.000	0.000
321	  N	  0.1	  1.2	0.400	0.000	0.000
322	  D	  0.1	  1.2	0.542	0.000	0.000
323	  Y	  0.3	  1.5	0.542	0.000	0.000
324	  G	  0.2	  1.0	0.542	0.000	0.000
325	  R	  0.5	  0.8	0.542	0.000	0.000
326	  A	  0.6	  0.4	0.542	0.000	0.000
327	  V	  2.3	  0.0	0.365	0.000	0.000
328	  D	  2.6	  0.0	0.365	0.000	0.000
329	  W	  2.5	  0.2	0.000	8.977	8.977
330	  W	  0.8	  0.2	0.000	11.109	11.109
331	  G	  0.2	  0.2	0.549	12.006	12.006
332	  L	  0.2	  0.2	0.549	18.487	18.487
333	  G	  0.1	  0.1	0.952	19.407	19.407
334	  V	  8.3	  0.0	0.952	19.407	19.407
335	  V	  9.9	  0.0	1.959	19.239	19.239
336	  M	 10.1	  0.0	2.224	16.496	16.496
337	  Y	  4.2	  0.0	2.224	13.894	13.894
338	  E	  2.4	  0.0	2.224	0.000	0.000
339	  M	  3.9	  0.0	2.224	0.000	0.000
340	  M	  1.9	  0.0	2.224	0.000	0.000
341	  C	  2.0	  0.1	2.224	0.000	0.000
342	  G	  0.4	  0.1	2.224	0.000	0.000
343	  R	  0.2	  0.1	1.202	0.000	0.000
344	  L	  0.1	  0.3	0.133	0.000	0.000
345	  P	  0.1	  0.2	0.000	0.000	0.000
346	  F	  2.0	  0.2	0.000	0.000	0.000
347	  Y	  3.5	  0.3	0.000	0.000	0.000
348	  N	  3.6	  1.9	0.000	0.000	0.000
349	  Q	  1.7	  2.0	0.000	0.000	0.000
350	  D	  0.3	  1.9	0.706	0.000	0.000
351	  H	  0.4	  2.0	0.997	0.000	0.000
352	  E	  0.4	  0.2	1.574	0.000	0.000
353	  K	  0.6	  0.2	2.210	1.091	1.091
354	  L	  0.4	  0.1	2.210	1.091	1.091
355	  F	  2.6	  0.1	2.210	1.091	1.091
356	  E	  2.4	  0.1	2.210	1.091	1.091
357	  L	  3.6	  0.1	2.210	1.091	1.091
358	  I	  4.5	  0.1	2.210	1.091	1.091
359	  L	  4.5	  0.0	2.381	0.807	0.807
360	  M	  3.3	  0.2	2.121	0.237	0.237
361	  E	  0.2	  0.2	1.338	0.000	0.000
362	  D	  1.2	  0.2	0.318	0.000	0.000
363	  I	  6.0	  0.2	0.318	0.000	0.000
364	  K	  6.1	  0.0	0.318	0.000	0.000
365	  F	  5.1	  0.1	0.318	0.000	0.000
366	  P	  0.1	  0.2	0.000	0.000	0.000
367	  R	  0.3	  0.2	0.000	0.000	0.000
368	  T	  5.9	  0.2	0.000	0.000	0.000
369	  L	  6.2	  0.2	0.000	0.000	0.000
370	  S	  6.0	  2.1	0.398	0.000	0.000
371	  S	  0.4	  2.1	0.398	0.000	0.000
372	  D	  0.1	  2.3	0.877	0.000	0.000
373	  A	  0.2	  2.3	0.877	0.000	0.000
374	  K	  0.4	  0.4	0.877	0.000	0.000
375	  S	  0.5	  0.3	0.877	0.696	0.696
376	  L	  0.9	  0.3	0.596	6.400	6.400
377	  L	  0.8	  0.3	0.596	9.259	9.259
378	  S	  0.7	  0.3	0.456	9.785	9.785
379	  G	  0.2	  0.3	0.121	9.785	9.785
380	  L	  0.8	  0.2	0.000	9.785	9.785
381	  L	  1.2	  0.1	0.000	9.785	9.785
382	  I	  1.6	  0.0	0.000	9.785	9.785
383	  K	  0.8	  0.0	0.000	0.000	0.000
384	  D	  0.4	 10.0	0.000	0.000	0.000
385	  P	  0.0	 10.0	0.000	0.000	0.000
386	  N	  0.1	 10.0	0.142	0.000	0.000
387	  K	  0.2	 10.1	0.142	0.000	0.000
388	  R	  0.3	  0.1	0.142	0.000	0.000
389	  L	  0.3	  0.3	0.142	0.000	0.000
390	  G	  0.1	  0.3	0.142	0.000	0.000
391	  G	  0.0	  0.3	0.142	0.000	0.000
392	  G	  0.0	  1.9	0.000	0.000	0.000
393	  P	  0.0	  2.0	0.000	0.000	0.000
394	  D	  0.0	  2.0	1.152	0.000	0.000
395	  D	  0.0	  2.1	2.008	0.000	0.000
396	  A	  0.1	  0.5	2.008	0.000	0.000
397	  K	  0.5	  0.3	2.008	0.000	0.000
398	  E	  0.7	  0.2	2.008	0.000	0.000
399	  I	  3.4	  0.0	2.008	0.000	0.000
400	  M	  3.9	  0.0	2.008	0.000	0.000
401	  R	  3.8	  0.1	1.212	0.000	0.000
402	  H	  1.5	  0.1	0.829	0.000	0.000
403	  S	  1.6	  0.1	0.319	0.000	0.000
404	  F	  3.8	  0.1	0.000	1.091	1.091
405	  F	  4.8	  0.5	0.000	1.091	1.091
406	  S	  3.7	  0.5	0.000	1.091	1.091
407	  G	  1.5	  0.5	0.000	1.091	1.091
408	  V	  2.5	  0.4	0.000	1.091	1.091
409	  N	  3.1	  0.0	3.218	0.000	0.000
410	  W	  3.8	  0.3	3.218	0.000	0.000
411	  Q	  1.8	  0.3	3.218	0.000	0.000
412	  D	  3.4	  0.3	3.361	0.000	0.000
413	  V	  5.7	  0.3	3.361	0.000	0.000
414	  Y	  5.8	  0.0	3.361	0.000	0.000
415	  D	  3.6	  0.1	3.199	0.000	0.000
416	  K	  0.5	  0.1	2.465	0.000	0.000
417	  K	  1.0	  0.1	1.800	0.000	0.000
418	  L	  1.0	  0.1	0.642	0.000	0.000
419	  V	  0.9	  0.0	0.249	0.000	0.000
420	  P	  0.0	  0.0	0.000	0.000	0.000
421	  P	  0.0	  0.0	0.000	0.000	0.000
422	  F	  0.2	  0.0	0.000	0.000	0.000
423	  K	  0.2	  0.2	0.000	0.000	0.000
424	  P	  0.2	  0.2	0.000	0.000	0.000
425	  Q	  0.7	  0.2	0.000	0.000	0.000
426	  V	  3.6	  0.2	0.000	0.000	0.000
427	  T	  3.8	  0.1	0.000	0.000	0.000
428	  S	  3.1	  0.2	0.160	0.000	0.000
429	  E	  0.3	  0.3	0.160	0.000	0.000
430	  T	  0.5	  0.3	0.160	0.000	0.000
431	  D	  0.8	  0.3	0.160	0.000	0.000
432	  T	  1.7	  0.1	0.160	0.000	0.000
433	  R	  2.6	  0.1	0.160	0.000	0.000
434	  Y	  3.9	  0.1	0.160	0.000	0.000
435	  F	  3.2	  0.1	0.000	0.000	0.000
436	  D	  1.8	  0.2	0.127	0.000	0.000
437	  E	  0.3	  0.2	0.127	0.000	0.000
438	  E	  2.5	  0.1	0.127	0.000	0.000
439	  F	  7.4	  0.1	0.127	0.000	0.000
440	  T	  8.2	  0.0	0.127	0.000	0.000
441	  A	  5.8	  0.0	0.127	0.000	0.000
442	  Q	  1.1	  0.0	0.127	0.000	0.000
443	  T	  9.4	  0.0	0.000	0.000	0.000
444	  I	 21.3	  0.0	0.000	0.000	0.000
445	  T	 36.2	  0.0	0.000	0.000	0.000
446	  I	 27.6	  0.0	0.000	0.000	0.000
447	  T	 16.9	  0.0	0.000	0.000	0.000
448	  P	  0.0	  0.2	0.000	0.000	0.000
449	  P	  0.0	  0.2	0.000	0.000	0.000
450	  E	  0.2	  0.2	0.000	0.000	0.000
451	  K	  0.8	  0.2	0.000	0.000	0.000
452	  Y	  1.0	  0.1	0.000	0.000	0.000
453	  D	  0.9	 11.0	0.000	0.000	0.000
454	  E	  0.2	 11.2	0.000	0.000	0.000
455	  D	  0.0	 11.2	0.000	0.000	0.000
456	  G	  0.1	 11.4	0.000	0.000	0.000
457	  M	  2.7	  0.5	0.000	0.000	0.000
458	  D	  2.7	  0.3	0.000	0.000	0.000
459	  C	  4.3	  0.7	0.154	0.000	0.000
460	  M	  1.9	  0.5	0.276	0.000	0.000
461	  D	  1.8	  0.5	0.276	0.000	0.000
462	  N	  0.2	  0.7	0.276	0.000	0.000
463	  E	  0.4	  0.3	0.276	0.000	0.000
464	  R	  0.5	  0.2	0.276	0.000	0.000
465	  R	  0.4	  0.4	0.276	0.000	0.000
466	  P	  0.1	  0.2	0.000	0.000	0.000
467	  H	  0.3	  0.2	0.000	0.000	0.000
468	  F	  0.3	  0.4	0.000	0.000	0.000
469	  P	  0.3	  0.2	0.000	0.000	0.000
470	  Q	  1.8	  0.2	0.000	0.000	0.000
471	  F	  7.9	  0.2	0.000	0.000	0.000
472	  S	 26.7	  0.2	0.000	0.000	0.000
473	  Y	 28.1	  0.2	0.000	0.000	0.000
474	  S	 25.5	  2.5	0.000	0.000	0.000
475	  A	  6.3	  2.7	0.000	0.000	0.000
476	  S	  2.7	  2.8	0.000	0.000	0.000
477	  G	  0.1	  2.8	0.000	0.000	0.000
478	  R	  0.1	  0.4	0.000	0.000	0.000
479	  E	  0.0	  0.2	0.000	0.000	0.000
