res	aa	Beta	Turn	Helix	Aggregation	Conc-Stab_Aggregation
01	  M	  0.0	  0.2	0.000	0.000	0.000
02	  P	  0.0	  0.2	0.784	0.000	0.000
03	  E	  0.0	  0.3	0.784	0.000	0.000
04	  Q	  0.1	  0.3	0.784	0.000	0.000
05	  E	  0.4	  0.2	0.784	0.000	0.000
06	  R	  1.6	  0.1	0.784	0.000	0.000
07	  Q	  3.4	  0.1	0.784	0.000	0.000
08	  I	  7.4	  0.0	0.290	0.000	0.000
09	  T	  7.1	  0.0	0.841	0.000	0.000
10	  A	  5.1	  0.1	0.841	0.000	0.000
11	  R	  0.9	  0.5	0.841	0.000	0.000
12	  E	  0.0	  0.8	0.551	0.000	0.000
13	  G	  0.0	  1.0	1.671	0.000	0.000
14	  A	  0.2	  0.9	1.671	0.000	0.000
15	  S	  0.3	  0.6	2.003	0.000	0.000
16	  R	  0.9	  0.3	1.829	0.000	0.000
17	  K	  1.4	  0.1	1.829	0.000	0.000
18	  I	  2.6	  0.1	1.633	0.000	0.000
19	  L	  2.3	  0.0	1.633	0.000	0.000
20	  S	  1.8	  0.1	1.366	0.000	0.000
21	  K	  0.9	  0.1	0.853	0.000	0.000
22	  L	  4.3	  0.1	0.000	0.000	0.000
23	  S	  4.3	  0.1	0.000	0.000	0.000
24	  L	  3.8	  0.2	0.000	0.000	0.000
25	  P	  0.1	  0.2	0.000	0.000	0.000
26	  T	  0.3	  0.2	0.000	0.000	0.000
27	  R	  0.6	  0.2	0.000	0.000	0.000
28	  A	  1.0	  0.0	0.000	0.000	0.000
29	  W	  1.1	  0.0	0.000	0.000	0.000
30	  E	  0.8	  0.0	0.460	0.000	0.000
31	  P	  0.4	  0.0	0.611	0.000	0.000
32	  A	  0.2	  0.0	0.611	0.000	0.000
33	  M	  0.4	  0.0	0.611	0.000	0.000
34	  K	  0.4	  0.2	0.611	0.000	0.000
35	  K	  0.6	  0.2	0.611	0.000	0.000
36	  S	  1.1	  0.2	0.369	0.000	0.000
37	  F	  2.0	  0.1	0.000	0.000	0.000
38	  A	  1.8	  0.1	0.000	0.000	0.000
39	  F	  1.5	  0.4	0.000	0.000	0.000
40	  D	  0.7	  0.4	0.000	0.000	0.000
41	  N	  0.5	  0.4	0.000	0.000	0.000
42	  V	  0.3	  0.3	0.000	0.000	0.000
43	  G	  0.3	  0.0	0.000	0.000	0.000
44	  Y	  0.6	  0.3	0.000	0.000	0.000
45	  E	  0.4	  0.8	0.000	0.000	0.000
46	  G	  0.4	  0.8	0.000	0.000	0.000
47	  G	  0.1	  1.3	0.000	0.000	0.000
48	  L	  0.1	  1.3	0.000	0.000	0.000
49	  D	  0.1	  0.8	0.000	0.000	0.000
50	  G	  0.1	  0.8	0.000	0.000	0.000
51	  L	  0.0	  0.4	0.000	0.000	0.000
52	  G	  0.0	  0.7	0.000	0.000	0.000
53	  P	  0.0	  0.8	0.000	0.000	0.000
54	  S	  0.2	  0.9	0.000	0.000	0.000
55	  S	  0.4	  0.8	0.000	0.000	0.000
56	  Q	  0.6	  0.2	0.000	0.000	0.000
57	  V	  1.4	  0.1	0.000	0.000	0.000
58	  A	  1.4	  0.0	0.000	0.000	0.000
59	  T	  1.9	  0.1	0.094	0.000	0.000
60	  S	  1.3	  0.1	0.344	0.000	0.000
61	  T	  8.6	  0.1	0.492	0.000	0.000
62	  V	 15.5	  0.1	0.492	0.000	0.000
63	  R	 17.6	  0.0	0.492	0.000	0.000
64	  I	 11.6	  0.0	0.492	0.000	0.000
65	  L	  3.7	  0.0	0.492	0.000	0.000
66	  G	  1.1	  0.0	0.492	0.000	0.000
67	  M	  5.7	  0.0	0.377	0.000	0.000
68	  T	 11.1	  0.0	0.000	0.000	0.000
69	  C	 11.6	  0.3	0.000	0.000	0.000
70	  Q	  6.8	  0.3	0.000	0.000	0.000
71	  S	  2.5	  0.3	0.000	0.000	0.000
72	  C	  5.4	  0.3	0.000	0.000	0.000
73	  V	  7.8	  0.1	0.000	0.000	0.000
74	  K	  6.9	  0.0	0.000	0.000	0.000
75	  S	  5.0	  0.0	0.555	0.000	0.000
76	  I	  2.2	  0.2	0.555	0.000	0.000
77	  E	  1.8	  0.2	0.555	0.000	0.000
78	  D	  0.2	  0.2	1.441	0.000	0.000
79	  R	  2.4	  0.2	1.441	0.000	0.000
80	  I	  2.5	  0.1	1.441	0.000	0.000
81	  S	  2.4	  0.1	1.441	0.000	0.000
82	  N	  0.3	  0.3	1.590	0.000	0.000
83	  L	  0.4	  0.6	1.478	0.000	0.000
84	  K	  0.4	  0.5	1.259	0.000	0.000
85	  G	  0.2	  0.5	0.829	0.000	0.000
86	  I	  2.2	  0.3	0.321	0.000	0.000
87	  I	  5.9	  0.0	0.321	0.000	0.000
88	  S	  6.3	  0.0	0.321	0.000	0.000
89	  M	  6.3	  0.0	0.321	0.000	0.000
90	  K	  3.7	  0.0	0.152	0.000	0.000
91	  V	  7.7	  0.0	0.000	0.000	0.000
92	  S	  6.7	  0.0	0.000	0.000	0.000
93	  L	  5.7	  0.2	0.000	0.000	0.000
94	  E	  1.2	  0.4	0.000	0.000	0.000
95	  Q	  0.1	  0.5	0.000	0.000	0.000
96	  G	  0.1	  0.5	0.336	0.000	0.000
97	  S	  0.8	  0.5	0.336	0.000	0.000
98	  A	  1.4	  0.3	0.336	0.000	0.000
99	  T	 17.2	  0.1	0.336	0.000	0.000
100	  V	 19.4	  0.1	0.336	0.000	0.000
101	  K	 19.5	  0.0	0.336	0.000	0.000
102	  Y	  4.1	  0.0	0.000	0.000	0.000
103	  V	  0.9	  0.1	0.000	0.000	0.000
104	  P	  0.2	  0.1	0.000	0.000	0.000
105	  S	  0.9	  0.1	0.000	1.125	1.125
106	  V	  3.5	  0.1	0.000	1.631	1.631
107	  V	  5.3	  0.0	0.000	1.631	1.631
108	  C	  6.8	  0.0	0.123	1.631	1.631
109	  L	  4.4	  0.0	0.123	1.631	1.631
110	  Q	  2.8	  0.0	0.123	0.507	0.507
111	  Q	  0.7	  0.0	0.123	0.152	0.152
112	  V	  1.6	  0.0	0.123	0.152	0.152
113	  C	  3.7	  0.0	0.123	0.000	0.000
114	  H	  4.7	  0.0	0.123	0.000	0.000
115	  Q	  3.7	  0.0	0.123	0.000	0.000
116	  I	  1.4	  2.6	0.000	0.000	0.000
117	  G	  0.1	  2.5	0.000	0.000	0.000
118	  D	  0.0	  2.7	0.000	0.000	0.000
119	  M	  0.2	  2.7	0.000	0.000	0.000
120	  G	  0.3	  0.2	0.000	0.000	0.000
121	  F	  2.6	  0.2	0.000	0.000	0.000
122	  E	  2.6	  0.0	0.000	0.000	0.000
123	  A	  3.0	  0.0	0.000	0.000	0.000
124	  S	  1.0	  0.0	0.797	0.000	0.000
125	  I	  1.2	  0.0	0.797	0.000	0.000
126	  A	  0.7	  0.6	0.945	0.000	0.000
127	  E	  0.4	  0.8	0.945	0.000	0.000
128	  G	  0.1	  0.8	1.421	0.000	0.000
129	  K	  0.2	  0.8	1.421	0.000	0.000
130	  A	  0.3	  0.3	0.769	0.000	0.000
131	  A	  1.2	  0.2	0.769	0.000	0.000
132	  S	  1.3	  0.2	0.769	0.000	0.000
133	  W	  1.2	  0.6	0.769	0.000	0.000
134	  P	  0.2	  0.5	0.000	0.000	0.000
135	  S	  1.7	  1.1	0.000	0.000	0.000
136	  R	  2.8	  1.1	0.000	0.000	0.000
137	  S	  2.9	  0.7	0.000	0.000	0.000
138	  L	  1.3	  0.6	0.000	0.000	0.000
139	  P	  0.1	  0.0	0.170	0.000	0.000
140	  A	  0.0	  0.0	0.170	0.000	0.000
141	  Q	  0.0	  0.1	0.170	0.000	0.000
142	  E	  0.1	  0.1	0.170	0.000	0.000
143	  A	  0.8	  0.1	0.170	0.000	0.000
144	  V	  3.5	  0.0	0.170	0.000	0.000
145	  V	 10.5	  0.0	0.170	0.000	0.000
146	  K	 10.4	  0.0	0.170	0.000	0.000
147	  L	  9.8	  0.0	0.000	0.000	0.000
148	  R	  4.7	  0.0	0.000	0.000	0.000
149	  V	  4.0	  0.2	0.000	0.000	0.000
150	  E	  2.0	  0.2	0.000	0.000	0.000
151	  G	  0.3	  0.2	0.000	0.000	0.000
152	  M	  5.8	  0.2	0.000	0.000	0.000
153	  T	 11.5	  0.0	0.000	0.000	0.000
154	  C	 12.0	  0.3	0.000	0.000	0.000
155	  Q	  7.1	  0.3	0.000	0.000	0.000
156	  S	  2.5	  0.3	0.000	0.000	0.000
157	  C	  3.5	  0.3	0.000	0.000	0.000
158	  V	  4.2	  0.1	0.000	0.000	0.000
159	  S	  3.0	  0.0	0.352	0.000	0.000
160	  S	  3.2	  0.0	0.897	0.000	0.000
161	  I	  2.2	  0.3	0.897	0.000	0.000
162	  E	  2.0	  0.4	0.897	0.000	0.000
163	  G	  0.4	  0.4	2.309	0.000	0.000
164	  K	  1.8	  0.4	2.309	0.000	0.000
165	  V	  2.5	  0.1	1.957	0.000	0.000
166	  R	  2.8	  0.0	1.957	0.000	0.000
167	  K	  1.6	  0.0	1.957	0.000	0.000
168	  L	  0.9	  0.2	1.686	0.000	0.000
169	  Q	  0.6	  0.2	1.128	0.000	0.000
170	  G	  0.1	  0.1	0.349	0.000	0.000
171	  V	  2.4	  0.1	0.000	0.000	0.000
172	  V	  9.9	  0.0	0.000	0.000	0.000
173	  R	 11.1	  0.0	0.000	0.000	0.000
174	  V	 21.8	  0.0	0.000	0.000	0.000
175	  K	 15.2	  0.0	0.000	0.000	0.000
176	  V	 17.9	  0.0	0.000	0.000	0.000
177	  S	  9.8	  0.4	0.000	0.000	0.000
178	  L	  8.7	  0.5	0.000	0.000	0.000
179	  S	  5.1	  0.5	0.184	0.000	0.000
180	  N	  0.2	  0.6	0.184	0.000	0.000
181	  Q	  0.2	  0.2	0.184	0.000	0.000
182	  E	  0.2	  0.1	0.184	0.000	0.000
183	  A	  0.7	  0.1	0.184	4.774	4.774
184	  V	  3.4	  0.0	0.184	4.774	4.774
185	  I	 16.7	  0.0	0.184	4.774	4.774
186	  T	 45.2	  0.0	0.184	4.774	4.774
187	  Y	 42.9	  0.0	0.184	4.774	4.774
188	  Q	 32.2	  0.0	0.079	0.000	0.000
189	  P	  0.4	  0.0	0.000	0.000	0.000
190	  Y	  0.6	  0.0	0.000	0.000	0.000
191	  L	  0.8	  0.0	0.000	0.000	0.000
192	  I	  0.9	  0.0	0.000	0.000	0.000
193	  Q	  0.4	  0.2	0.000	0.000	0.000
194	  P	  0.1	  0.6	0.000	0.000	0.000
195	  E	  0.0	  0.6	0.000	0.000	0.000
196	  D	  0.4	  0.6	0.000	0.000	0.000
197	  L	  0.6	  0.6	0.000	0.000	0.000
198	  R	  0.6	  0.2	0.000	0.000	0.000
199	  D	  0.3	  0.2	0.000	0.000	0.000
200	  H	  1.9	  0.3	0.000	0.000	0.000
201	  V	  2.3	  0.2	0.000	0.000	0.000
202	  N	  2.2	  0.3	0.000	0.000	0.000
203	  D	  0.5	  0.4	1.785	0.000	0.000
204	  M	  0.2	  0.3	1.785	0.000	0.000
205	  G	  0.2	  0.3	6.690	0.000	0.000
206	  F	  2.4	  0.2	7.190	0.000	0.000
207	  E	  2.3	  0.0	7.703	0.000	0.000
208	  A	  2.4	  0.0	7.703	0.000	0.000
209	  A	  0.6	  0.0	7.703	0.000	0.000
210	  I	  1.8	  0.1	7.703	0.000	0.000
211	  K	  2.1	  0.1	7.703	0.000	0.000
212	  S	  2.1	  0.1	5.375	0.000	0.000
213	  K	  5.4	  0.1	3.203	0.000	0.000
214	  V	  5.4	  0.0	0.207	0.000	0.000
215	  A	  5.0	  0.1	0.207	0.000	0.000
216	  P	  0.4	  0.1	0.000	0.000	0.000
217	  L	  1.8	  0.2	0.000	0.000	0.000
218	  S	  1.9	  0.2	0.000	0.000	0.000
219	  L	  1.9	  0.1	0.000	0.000	0.000
220	  G	  0.2	  0.1	0.114	0.000	0.000
221	  P	  0.0	  0.0	0.114	0.000	0.000
222	  I	  5.5	  0.0	0.251	0.000	0.000
223	  D	  7.1	  0.0	3.594	0.000	0.000
224	  I	  8.5	  0.0	3.594	0.000	0.000
225	  E	  3.3	  0.0	3.594	0.000	0.000
226	  R	  1.9	  0.0	3.594	0.000	0.000
227	  L	  0.7	  0.1	3.594	0.000	0.000
228	  Q	  0.8	  0.1	3.594	0.000	0.000
229	  S	  1.4	  0.1	1.662	0.000	0.000
230	  T	  1.2	  0.1	0.375	0.000	0.000
231	  N	  1.1	  0.5	0.375	0.000	0.000
232	  P	  0.0	  0.4	0.000	0.000	0.000
233	  K	  0.1	  0.4	0.000	0.000	0.000
234	  R	  0.1	  0.4	0.000	0.000	0.000
235	  P	  0.1	  0.0	0.000	0.000	0.000
236	  L	  0.3	  0.1	0.000	0.000	0.000
237	  S	  0.4	  0.2	0.000	0.000	0.000
238	  S	  0.9	  2.0	0.000	0.000	0.000
239	  A	  0.6	  2.0	0.000	0.000	0.000
240	  N	  0.7	  2.7	0.000	0.000	0.000
241	  Q	  0.9	  2.7	0.000	0.000	0.000
242	  N	  1.8	  1.3	0.000	0.000	0.000
243	  F	  2.2	  1.4	0.000	0.000	0.000
244	  N	  1.5	  0.8	0.000	0.000	0.000
245	  N	  0.7	  0.9	0.344	0.000	0.000
246	  S	  0.2	  0.6	0.344	0.000	0.000
247	  E	  0.2	  0.5	0.344	0.000	0.000
248	  T	  0.2	  0.4	0.344	0.000	0.000
249	  L	  0.2	  0.4	0.344	0.000	0.000
250	  G	  0.2	  0.3	0.344	0.000	0.000
251	  H	  0.1	  1.0	0.152	0.000	0.000
252	  Q	  0.1	  1.2	0.000	0.000	0.000
253	  G	  0.1	  1.2	0.000	0.000	0.000
254	  S	  0.3	  1.2	0.000	0.000	0.000
255	  H	  2.4	  0.4	0.000	0.194	0.194
256	  V	  5.0	  0.1	0.000	2.349	2.349
257	  V	 11.3	  0.0	0.000	2.505	2.505
258	  T	 11.5	  0.0	2.151	2.505	2.505
259	  L	 10.1	  0.0	2.151	2.505	2.505
260	  Q	  4.3	  0.0	2.151	2.311	2.311
261	  L	  5.6	  0.0	2.151	1.977	1.977
262	  R	 15.6	  0.3	2.151	0.000	0.000
263	  I	 15.6	  0.4	2.151	0.000	0.000
264	  D	 12.2	  0.4	2.151	0.000	0.000
265	  G	  0.7	  0.4	1.116	0.000	0.000
266	  M	  2.0	  0.2	0.447	0.000	0.000
267	  H	  2.5	  0.0	0.000	0.000	0.000
268	  C	  2.8	  0.4	0.000	0.000	0.000
269	  K	  1.9	  0.4	0.000	0.000	0.000
270	  S	  2.8	  0.4	0.000	0.000	0.000
271	  C	  4.0	  0.4	0.000	0.331	0.331
272	  V	  6.4	  0.0	0.000	0.331	0.331
273	  L	  8.5	  0.0	0.000	0.331	0.331
274	  N	  9.8	  0.0	0.000	0.331	0.331
275	  I	  6.8	  0.0	0.000	0.331	0.331
276	  E	  3.2	  0.2	0.000	0.000	0.000
277	  E	  0.3	  0.2	0.000	0.000	0.000
278	  N	  0.1	  0.5	0.452	0.000	0.000
279	  I	  0.1	  0.6	0.452	0.000	0.000
280	  G	  0.1	  0.5	0.452	0.000	0.000
281	  Q	  0.7	  0.5	0.452	0.000	0.000
282	  L	  0.7	  0.1	0.452	0.000	0.000
283	  L	  0.8	  0.0	0.452	0.000	0.000
284	  G	  0.2	  0.0	0.452	0.000	0.000
285	  V	  1.3	  0.0	0.000	0.000	0.000
286	  Q	  1.4	  0.0	0.000	0.000	0.000
287	  S	  1.7	  0.0	0.000	0.000	0.000
288	  I	  1.4	  0.0	0.000	0.000	0.000
289	  Q	  1.8	  0.0	0.000	0.000	0.000
290	  V	  6.2	  0.0	0.000	0.000	0.000
291	  S	  6.4	  0.0	0.238	0.000	0.000
292	  L	  5.9	  0.2	0.238	0.000	0.000
293	  E	  1.3	  0.2	0.389	0.000	0.000
294	  N	  0.2	  0.4	0.686	0.000	0.000
295	  K	  0.5	  0.4	0.686	0.000	0.000
296	  T	  1.6	  0.2	0.686	0.000	0.000
297	  A	  1.6	  0.2	0.686	0.000	0.000
298	  Q	  2.2	  0.0	0.686	0.000	0.000
299	  V	  4.2	  0.0	0.297	0.000	0.000
300	  K	  5.2	  0.0	0.297	0.000	0.000
301	  Y	  4.4	  0.0	0.115	0.000	0.000
302	  D	  1.4	  7.0	0.115	0.000	0.000
303	  P	  0.2	  7.1	0.000	0.000	0.000
304	  S	  7.4	  7.1	0.000	0.000	0.000
305	  C	  9.7	  7.1	0.000	0.000	0.000
306	  T	  9.7	  0.0	0.000	0.000	0.000
307	  S	  2.6	  0.0	1.015	0.000	0.000
308	  P	  0.1	  0.0	1.015	0.000	0.000
309	  V	  3.5	  0.0	1.204	0.000	0.000
310	  A	  3.7	  0.0	1.439	0.000	0.000
311	  L	  3.8	  0.0	1.439	0.000	0.000
312	  Q	  0.4	  0.0	1.439	0.000	0.000
313	  R	  0.5	  0.0	1.055	0.000	0.000
314	  A	  0.6	  0.0	0.837	0.000	0.000
315	  I	  1.5	  0.0	0.837	0.000	0.000
316	  E	  1.2	  0.0	0.837	0.000	0.000
317	  A	  1.0	  0.0	0.837	0.000	0.000
318	  L	  0.1	  0.0	0.715	0.000	0.000
319	  P	  0.0	  0.9	0.000	0.000	0.000
320	  P	  0.0	  1.7	0.000	0.000	0.000
321	  G	  0.0	  1.7	0.000	0.000	0.000
322	  N	  0.7	  1.7	0.000	0.000	0.000
323	  F	  3.1	  0.8	0.000	0.000	0.000
324	  K	  4.3	  0.0	0.000	0.000	0.000
325	  V	 12.5	  0.0	0.000	0.000	0.000
326	  S	 10.2	  0.0	0.000	0.000	0.000
327	  L	  9.1	  2.1	0.000	0.000	0.000
328	  P	  0.1	  2.4	0.000	0.000	0.000
329	  D	  0.0	  2.5	0.000	0.000	0.000
330	  G	  0.0	  2.8	0.000	0.000	0.000
331	  A	  0.0	  1.2	0.000	0.000	0.000
332	  E	  0.0	  2.3	0.000	0.000	0.000
333	  G	  0.0	  2.4	0.000	0.000	0.000
334	  S	  0.1	  2.5	0.000	0.000	0.000
335	  G	  0.1	  2.0	0.000	0.000	0.000
336	  T	  0.2	  0.7	0.000	0.000	0.000
337	  D	  0.3	  0.6	0.000	0.000	0.000
338	  H	  0.8	  0.4	0.000	0.000	0.000
339	  R	  0.9	  0.4	0.000	0.000	0.000
340	  S	  1.7	  1.1	0.000	0.000	0.000
341	  S	  2.0	  1.9	0.000	0.000	0.000
342	  S	  2.0	  1.8	0.000	0.000	0.000
343	  S	  3.6	  1.7	0.000	0.000	0.000
344	  H	  2.7	  0.9	0.000	0.000	0.000
345	  S	  2.5	  3.2	0.000	0.000	0.000
346	  P	  0.0	  3.1	0.000	0.000	0.000
347	  G	  0.0	  3.1	0.000	0.000	0.000
348	  S	  0.0	  3.1	0.000	0.000	0.000
349	  P	  0.0	  0.3	0.000	0.000	0.000
350	  P	  0.0	  0.5	0.000	0.000	0.000
351	  R	  0.1	  0.5	0.000	0.000	0.000
352	  N	  0.3	  0.5	0.000	0.000	0.000
353	  Q	  1.0	  0.2	0.000	0.000	0.000
354	  V	  1.1	  0.1	0.000	0.000	0.000
355	  Q	  0.9	  0.1	0.000	0.000	0.000
356	  G	  0.2	  0.1	0.000	0.000	0.000
357	  T	 10.8	  0.1	0.000	0.154	0.154
358	  C	 10.9	  0.2	0.000	0.413	0.413
359	  S	 11.6	  0.1	0.429	1.713	1.713
360	  T	  1.7	  0.1	0.684	13.209	13.209
361	  T	  1.9	  0.1	1.570	33.312	33.312
362	  L	  1.9	  0.0	1.570	50.761	50.761
363	  I	  3.6	  0.0	1.570	51.373	51.373
364	  A	  3.3	  0.0	1.570	51.301	51.301
365	  I	  3.9	  0.2	1.570	50.809	50.809
366	  A	  1.5	  0.2	1.570	34.828	34.828
367	  G	  1.3	  0.2	1.393	7.501	7.501
368	  M	  5.8	  0.2	0.565	4.882	4.882
369	  T	  7.3	  0.0	0.000	2.115	2.115
370	  C	  8.0	  0.5	0.000	0.469	0.469
371	  A	  2.9	  0.5	0.000	0.206	0.206
372	  S	  2.7	  0.5	0.000	0.000	0.000
373	  C	  3.7	  0.5	0.000	0.000	0.000
374	  V	  4.3	  0.0	0.000	0.000	0.000
375	  H	  3.1	  0.0	0.000	0.000	0.000
376	  S	  3.1	  0.0	0.000	0.000	0.000
377	  I	  2.4	  0.2	0.000	0.000	0.000
378	  E	  2.1	  0.2	0.000	0.000	0.000
379	  G	  0.4	  0.2	0.000	0.000	0.000
380	  M	  0.6	  0.2	0.000	0.000	0.000
381	  I	  1.8	  0.0	0.000	0.000	0.000
382	  S	  2.0	  0.1	0.000	0.000	0.000
383	  Q	  2.8	  0.1	0.000	0.000	0.000
384	  L	  1.7	  0.3	0.000	0.000	0.000
385	  E	  1.5	  0.3	0.000	0.000	0.000
386	  G	  0.1	  0.3	0.000	0.000	0.000
387	  V	  1.3	  0.3	0.000	0.000	0.000
388	  Q	  1.5	  0.0	0.000	0.000	0.000
389	  Q	  2.2	  0.0	0.000	0.000	0.000
390	  I	  5.6	  0.0	0.000	0.447	0.447
391	  S	 15.6	  0.1	0.119	0.447	0.447
392	  V	 19.0	  0.2	0.119	0.447	0.447
393	  S	 15.1	  0.2	0.119	0.447	0.447
394	  L	  4.7	  0.3	0.119	0.447	0.447
395	  A	  0.1	  0.4	0.119	0.204	0.204
396	  E	  0.0	  0.5	0.119	0.000	0.000
397	  G	  0.1	  0.5	0.799	0.120	0.120
398	  T	  1.3	  0.4	0.966	1.840	1.840
399	  A	  2.0	  0.2	0.966	7.977	7.977
400	  T	  5.7	  0.0	0.966	7.977	7.977
401	  V	  6.1	  0.0	0.966	7.977	7.977
402	  L	  6.1	  0.0	0.966	7.977	7.977
403	  Y	  2.5	  0.0	0.759	7.590	7.590
404	  N	  0.9	  1.1	0.605	0.000	0.000
405	  P	  0.2	  1.1	0.000	0.000	0.000
406	  S	  1.0	  1.1	0.000	0.000	0.000
407	  V	  7.5	  1.1	0.000	0.000	0.000
408	  I	  7.7	  0.0	0.000	0.000	0.000
409	  S	  6.7	  0.2	16.049	0.000	0.000
410	  P	  0.2	  0.3	16.049	0.000	0.000
411	  E	  0.0	  0.3	16.377	0.000	0.000
412	  E	  0.2	  0.3	17.181	0.000	0.000
413	  L	  0.6	  0.1	17.181	0.000	0.000
414	  R	  0.6	  0.0	17.181	0.000	0.000
415	  A	  0.6	  0.0	15.492	0.000	0.000
416	  A	  0.3	  0.0	13.018	0.000	0.000
417	  I	  0.4	  0.1	10.346	0.000	0.000
418	  E	  0.3	  0.1	10.205	0.000	0.000
419	  D	  0.1	  0.3	6.862	0.000	0.000
420	  M	  0.2	  0.3	4.050	0.000	0.000
421	  G	  0.2	  0.2	1.900	0.000	0.000
422	  F	  2.5	  0.2	0.525	0.000	0.000
423	  E	  2.4	  0.0	0.000	0.000	0.000
424	  A	  2.8	  0.0	0.000	0.000	0.000
425	  S	  1.6	  0.0	0.000	0.000	0.000
426	  V	  5.0	  0.0	0.000	0.000	0.000
427	  V	  4.9	  0.0	0.000	0.000	0.000
428	  S	  4.1	  1.2	0.000	0.000	0.000
429	  E	  0.7	  1.2	0.000	0.000	0.000
430	  S	 19.9	  1.4	0.000	0.000	0.000
431	  C	 20.0	  1.5	0.000	0.000	0.000
432	  S	 20.6	  0.3	0.000	0.000	0.000
433	  T	  1.1	  0.3	0.000	0.000	0.000
434	  N	  0.9	  0.9	0.000	0.000	0.000
435	  P	  0.0	  0.7	0.000	0.000	0.000
436	  L	  0.0	  1.9	0.000	0.000	0.000
437	  G	  0.0	  1.9	0.000	0.000	0.000
438	  N	  0.1	  1.4	0.000	0.000	0.000
439	  H	  0.2	  1.6	0.000	0.000	0.000
440	  S	  0.3	  0.8	0.000	0.000	0.000
441	  A	  0.3	  2.0	0.000	0.000	0.000
442	  G	  0.1	  1.7	0.000	0.000	0.000
443	  N	  0.0	  1.6	0.000	0.000	0.000
444	  S	  0.5	  1.3	0.000	0.000	0.000
445	  M	  0.8	  0.0	0.000	0.000	0.000
446	  V	  1.3	  0.0	0.000	0.000	0.000
447	  Q	  1.0	  0.0	0.000	0.000	0.000
448	  T	  1.1	  0.3	0.000	0.000	0.000
449	  T	  0.6	  0.5	0.000	0.000	0.000
450	  D	  0.5	  0.5	0.000	0.000	0.000
451	  G	  0.0	  0.4	0.000	0.000	0.000
452	  T	  0.0	  0.5	0.000	0.000	0.000
453	  P	  0.0	  0.3	0.000	0.000	0.000
454	  T	  0.9	  0.3	0.000	0.000	0.000
455	  S	  2.3	  0.3	0.000	0.000	0.000
456	  V	  2.9	  0.1	0.000	0.000	0.000
457	  Q	  2.3	  0.0	0.000	0.000	0.000
458	  E	  4.9	  0.0	0.000	0.000	0.000
459	  V	  4.8	  0.0	0.000	0.000	0.000
460	  A	  4.4	  0.2	0.000	0.000	0.000
461	  P	  0.5	  0.2	0.000	0.000	0.000
462	  H	  0.2	  0.5	0.000	0.000	0.000
463	  T	  0.2	  0.8	0.000	0.000	0.000
464	  G	  0.2	  0.6	0.000	0.000	0.000
465	  R	  0.2	  0.5	0.000	0.000	0.000
466	  L	  0.1	  0.2	0.000	0.000	0.000
467	  P	  0.1	  0.4	0.000	0.000	0.000
468	  A	  0.0	  0.4	0.000	0.000	0.000
469	  N	  0.1	  0.4	0.000	0.000	0.000
470	  H	  0.2	  0.4	0.000	0.000	0.000
471	  A	  0.1	  0.8	0.000	0.000	0.000
472	  P	  0.1	  0.7	0.136	0.000	0.000
473	  D	  0.1	  0.7	0.414	0.000	0.000
474	  I	  1.0	  0.7	0.414	0.000	0.000
475	  L	  1.0	  0.0	0.414	0.000	0.000
476	  A	  1.2	  0.0	0.414	0.000	0.000
477	  K	  0.3	  0.0	0.414	0.000	0.000
478	  S	  0.3	  0.3	0.278	0.000	0.000
479	  P	  0.1	  0.4	0.000	0.000	0.000
480	  Q	  0.2	  0.5	0.000	0.000	0.000
481	  S	  0.9	  0.5	0.000	0.000	0.000
482	  T	  1.2	  0.2	0.000	0.000	0.000
483	  R	  1.3	  0.1	0.000	0.000	0.000
484	  A	  1.5	  0.0	0.000	0.000	0.000
485	  V	  1.7	  0.0	0.000	0.000	0.000
486	  A	  1.4	  0.2	0.000	0.000	0.000
487	  P	  0.5	  0.3	0.000	0.000	0.000
488	  Q	  0.4	  0.3	0.000	0.000	0.000
489	  K	  1.1	  0.3	0.000	0.000	0.000
490	  C	  2.8	  0.1	0.000	0.000	0.000
491	  F	  3.2	  0.0	0.000	0.000	0.000
492	  L	  4.2	  0.0	0.000	0.000	0.000
493	  Q	  4.2	  0.0	0.000	0.000	0.000
494	  I	  4.3	  0.2	0.000	0.000	0.000
495	  K	  2.7	  0.2	0.000	0.000	0.000
496	  G	  1.1	  0.2	0.000	0.000	0.000
497	  M	  5.8	  0.2	0.000	0.000	0.000
498	  T	  7.4	  0.0	0.000	0.000	0.000
499	  C	  8.1	  0.5	0.000	0.000	0.000
500	  A	  2.9	  0.5	0.000	0.000	0.000
501	  S	  2.6	  0.5	0.000	0.000	0.000
502	  C	  3.4	  0.5	0.000	0.000	0.000
503	  V	  3.2	  0.1	0.000	0.000	0.000
504	  S	  1.9	  0.1	1.477	0.000	0.000
505	  N	  3.3	  0.1	2.004	0.000	0.000
506	  I	  4.5	  0.1	2.004	0.000	0.000
507	  E	  4.7	  0.1	2.004	0.000	0.000
508	  R	  1.9	  0.1	2.004	0.000	0.000
509	  N	  0.6	  0.1	2.122	0.000	0.000
510	  L	  0.5	  0.1	1.511	0.000	0.000
511	  Q	  0.9	  0.1	1.338	0.000	0.000
512	  K	  0.8	  0.1	0.656	0.009	0.009
513	  E	  0.6	  0.3	0.513	0.009	0.009
514	  A	  0.2	  0.3	0.513	13.347	13.347
515	  G	  0.0	  0.2	4.220	20.822	20.822
516	  V	  2.6	  0.1	4.738	84.943	84.943
517	  L	  4.2	  0.0	4.900	90.357	90.357
518	  S	  4.6	  0.0	9.943	91.275	91.275
519	  V	  7.7	  0.0	10.299	98.178	98.178
520	  L	  6.8	  0.0	10.412	98.515	98.515
521	  V	  9.3	  0.0	10.624	98.032	98.032
522	  A	  4.1	  0.0	10.624	91.776	91.776
523	  L	  3.4	  0.0	10.482	86.425	86.425
524	  M	  0.6	  0.4	10.243	54.475	54.475
525	  A	  0.3	  0.5	8.428	17.764	17.764
526	  G	  0.1	  0.5	6.973	1.495	1.495
527	  K	  0.3	  0.5	4.660	0.033	0.033
528	  A	  0.5	  0.1	0.215	0.033	0.033
529	  E	  6.8	  0.0	0.118	0.033	0.033
530	  I	  9.5	  0.0	0.118	0.033	0.033
531	  K	 10.6	  0.0	0.118	0.000	0.000
532	  Y	  4.6	  0.0	0.000	0.000	0.000
533	  D	  1.5	  0.2	0.153	0.000	0.000
534	  P	  0.2	  0.2	0.153	0.000	0.000
535	  E	  0.5	  0.2	0.153	0.000	0.000
536	  V	  5.0	  0.2	0.153	0.000	0.000
537	  I	  5.1	  0.0	0.153	0.000	0.000
538	  Q	  4.7	  0.0	0.153	0.000	0.000
539	  P	  0.1	  0.0	0.000	0.000	0.000
540	  L	  1.4	  0.0	0.000	0.000	0.000
541	  E	  2.2	  0.0	0.338	0.000	0.000
542	  I	  3.1	  0.0	0.338	0.401	0.401
543	  A	  2.1	  0.0	0.338	0.401	0.401
544	  Q	  1.8	  0.0	0.338	0.401	0.401
545	  F	  1.4	  0.0	0.338	0.401	0.401
546	  I	  1.1	  0.1	0.338	0.401	0.401
547	  Q	  0.7	  0.2	0.338	0.000	0.000
548	  D	  0.2	  0.3	0.338	0.000	0.000
549	  L	  0.2	  0.3	0.338	0.000	0.000
550	  G	  0.1	  0.2	0.527	0.000	0.000
551	  F	  2.5	  0.2	0.336	0.000	0.000
552	  E	  2.5	  0.0	0.189	0.000	0.000
553	  A	  2.6	  0.0	0.189	0.000	0.000
554	  A	  1.1	  0.0	0.189	0.000	0.000
555	  V	  2.7	  0.0	0.189	0.000	0.000
556	  M	  2.6	  0.7	0.189	0.000	0.000
557	  E	  1.8	  0.7	0.000	0.000	0.000
558	  D	  0.2	  0.7	0.000	0.000	0.000
559	  Y	  0.6	  1.2	0.000	0.000	0.000
560	  A	  0.5	  0.9	0.000	0.000	0.000
561	  G	  0.5	  2.1	0.000	0.000	0.000
562	  S	  0.0	  2.3	0.000	0.000	0.000
563	  D	  0.0	  2.0	0.000	0.000	0.000
564	  G	  0.0	  1.5	0.000	0.000	0.000
565	  N	  2.6	  0.3	0.000	0.000	0.000
566	  I	  5.1	  0.2	0.000	0.000	0.000
567	  E	  5.6	  0.0	0.000	0.000	0.000
568	  L	  6.5	  0.0	0.000	0.000	0.000
569	  T	 14.7	  0.0	0.000	0.000	0.000
570	  I	 16.3	  0.0	0.000	0.000	0.000
571	  T	 13.0	  0.0	0.000	0.000	0.000
572	  G	  2.4	  0.0	0.000	0.000	0.000
573	  M	  5.2	  0.1	0.000	0.000	0.000
574	  T	  6.7	  0.0	0.000	0.000	0.000
575	  C	  7.4	  0.5	0.000	0.000	0.000
576	  A	  2.8	  0.5	0.000	0.000	0.000
577	  S	  2.6	  0.5	0.000	0.000	0.000
578	  C	  3.6	  0.5	0.000	0.000	0.000
579	  V	  4.8	  0.0	0.000	0.000	0.000
580	  H	  4.5	  0.0	0.000	0.000	0.000
581	  N	  5.6	  0.0	0.000	0.000	0.000
582	  I	  4.6	  0.1	0.000	0.000	0.000
583	  E	  3.9	  0.1	0.000	0.000	0.000
584	  S	  1.2	  0.1	0.216	0.000	0.000
585	  K	  2.5	  0.1	0.216	0.000	0.000
586	  L	  2.3	  0.1	0.216	0.000	0.000
587	  T	  2.8	  0.1	0.216	0.000	0.000
588	  R	  1.3	  0.2	0.216	0.000	0.000
589	  T	  1.2	  0.9	0.216	0.000	0.000
590	  N	  0.5	  1.0	0.216	0.000	0.000
591	  G	  0.3	  0.9	0.098	1.134	1.134
592	  I	 15.9	  0.8	0.000	16.228	16.228
593	  T	 19.0	  0.1	0.000	17.589	17.589
594	  Y	 19.4	  0.2	0.000	19.678	19.678
595	  A	  4.5	  0.2	0.000	20.186	20.186
596	  S	  1.6	  0.2	0.000	20.462	20.462
597	  V	  4.3	  0.2	0.000	20.837	20.837
598	  A	  3.9	  0.0	0.000	19.268	19.268
599	  L	  3.5	  0.0	0.000	17.870	17.870
600	  A	  0.3	  0.0	0.000	9.425	9.425
601	  T	  1.6	  0.1	0.167	2.025	2.025
602	  S	  1.6	  0.1	0.379	0.139	0.139
603	  K	  1.5	  0.1	0.379	0.000	0.000
604	  A	  0.5	  0.1	0.379	0.000	0.000
605	  L	  0.9	  0.0	0.379	0.000	0.000
606	  V	  4.2	  0.0	0.379	0.000	0.000
607	  K	  5.3	  0.0	0.379	0.000	0.000
608	  F	  4.9	  0.0	0.000	0.000	0.000
609	  D	  1.7	  0.2	0.373	0.000	0.000
610	  P	  0.2	  0.2	0.373	0.000	0.000
611	  E	  0.2	  0.2	0.373	0.000	0.000
612	  I	  2.4	  0.2	0.373	0.000	0.000
613	  I	  2.4	  0.1	0.373	0.000	0.000
614	  G	  2.2	  0.4	0.616	0.000	0.000
615	  P	  0.0	  0.6	0.242	0.000	0.000
616	  R	  0.3	  0.6	0.242	0.000	0.000
617	  D	  1.7	  0.5	1.310	1.706	1.706
618	  I	  3.5	  0.2	1.310	3.814	3.814
619	  I	  8.5	  0.0	1.310	3.814	3.814
620	  K	  8.5	  0.0	1.310	3.814	3.814
621	  I	  8.3	  0.0	1.187	3.814	3.814
622	  I	  3.4	  0.0	1.187	3.474	3.474
623	  E	  1.8	  0.0	1.187	2.108	2.108
624	  E	  0.3	  0.0	1.187	0.000	0.000
625	  I	  0.2	  0.0	0.813	0.000	0.000
626	  G	  0.3	  0.0	0.813	0.000	0.000
627	  F	  2.0	  0.0	0.306	0.000	0.000
628	  H	  2.2	  0.4	0.338	0.000	0.000
629	  A	  2.6	  0.4	0.338	0.000	0.000
630	  S	  1.0	  0.4	0.631	0.000	0.000
631	  L	  0.6	  0.4	0.631	0.000	0.000
632	  A	  0.3	  0.1	0.631	0.000	0.000
633	  Q	  0.3	  0.0	0.631	0.000	0.000
634	  R	  0.3	  0.0	0.408	0.000	0.000
635	  N	  0.2	  7.6	0.293	0.000	0.000
636	  P	  0.0	  7.6	0.000	0.000	0.000
637	  N	  0.0	  7.7	0.000	0.000	0.000
638	  A	  0.3	  7.8	0.000	0.000	0.000
639	  H	  1.0	  0.2	0.000	0.000	0.000
640	  H	  1.6	  0.5	0.000	0.000	0.000
641	  L	  1.6	  0.3	0.000	0.000	0.000
642	  D	  1.0	  0.3	0.000	0.000	0.000
643	  H	  1.0	  0.3	0.000	0.000	0.000
644	  K	  2.4	  0.1	0.000	0.000	0.000
645	  M	  4.1	  0.0	0.000	0.000	0.000
646	  E	 10.0	  0.0	0.217	0.000	0.000
647	  I	  9.4	  0.0	0.217	0.000	0.000
648	  K	  8.0	  0.0	0.217	0.000	0.000
649	  Q	  2.8	  0.0	0.217	0.000	0.000
650	  W	  1.8	  0.0	0.217	0.000	0.000
651	  K	  1.7	  0.2	0.217	0.000	0.000
652	  K	  0.7	  0.2	0.000	0.000	0.000
653	  S	  1.0	  0.2	0.000	0.905	0.905
654	  F	  3.0	  0.1	0.000	24.253	24.253
655	  L	  3.0	  0.0	0.000	29.428	29.428
656	  C	  3.9	  0.1	0.000	30.245	30.245
657	  S	  2.3	  0.1	0.000	30.550	30.550
658	  L	  3.1	  0.1	0.000	30.582	30.582
659	  V	  2.7	  0.1	0.000	30.443	30.443
660	  F	  3.0	  0.0	0.000	28.449	28.449
661	  G	  1.7	  0.0	0.000	2.278	2.278
662	  I	  0.7	  0.0	0.000	0.051	0.051
663	  P	  0.1	  0.0	1.767	0.944	0.944
664	  V	  1.4	  0.0	1.767	76.455	76.455
665	  M	  1.7	  0.0	1.767	82.857	82.857
666	  A	  2.0	  0.0	1.767	88.300	88.300
667	  L	  1.7	  0.0	1.767	94.039	94.039
668	  M	  1.9	  0.0	1.767	94.944	94.944
669	  I	  3.1	  0.0	1.368	94.829	94.829
670	  Y	  3.0	  0.0	1.368	92.308	92.308
671	  M	  4.2	  0.0	1.039	83.024	83.024
672	  L	  2.8	  0.0	0.583	71.638	71.638
673	  I	  1.9	  0.3	0.220	8.688	8.688
674	  P	  0.1	  0.5	0.000	3.906	3.906
675	  S	  0.0	  0.5	0.000	0.000	0.000
676	  N	  0.0	  0.5	0.000	0.000	0.000
677	  E	  0.1	  0.3	0.000	0.000	0.000
678	  P	  0.0	  0.0	0.000	0.000	0.000
679	  H	  0.3	  0.2	0.000	0.000	0.000
680	  Q	  0.5	  0.2	0.000	0.000	0.000
681	  S	  0.9	  0.2	0.000	0.000	0.000
682	  M	  3.2	  0.2	0.000	0.000	0.000
683	  V	  5.6	  0.1	0.000	0.000	0.000
684	  L	  5.5	  0.1	0.000	0.000	0.000
685	  D	  3.0	  0.3	0.000	0.000	0.000
686	  H	  1.4	  0.3	0.000	0.000	0.000
687	  N	  5.8	  0.3	0.000	0.000	0.000
688	  I	  6.2	  0.2	0.000	0.000	0.000
689	  I	  5.2	  0.3	0.000	0.000	0.000
690	  P	  0.5	  0.4	0.000	0.006	0.006
691	  G	  0.0	  0.4	0.250	0.572	0.572
692	  L	  1.6	  0.4	0.250	12.016	12.016
693	  S	  1.9	  0.0	3.564	14.197	14.197
694	  I	  2.5	  0.0	3.564	31.844	31.844
695	  L	  2.3	  0.1	3.564	33.563	33.563
696	  N	  2.4	  0.1	4.009	33.944	33.944
697	  L	  2.3	  0.1	4.009	64.281	64.281
698	  I	  1.9	  0.0	4.009	82.828	82.828
699	  F	  2.5	  0.0	4.009	98.518	98.518
700	  F	  3.0	  0.0	3.043	99.841	99.841
701	  I	  3.5	  0.0	2.491	99.938	99.938
702	  L	  2.7	  0.0	2.491	99.789	99.789
703	  C	  4.5	  0.0	2.174	98.896	98.896
704	  T	  7.7	  0.0	1.694	98.716	98.716
705	  F	  8.8	  0.0	1.589	98.619	98.619
706	  V	 10.4	  0.0	0.126	97.240	97.240
707	  Q	  6.1	  0.0	0.126	81.006	81.006
708	  L	  4.8	  0.0	0.126	80.373	80.373
709	  L	  0.7	  0.9	0.126	76.904	76.904
710	  G	  0.1	  0.9	0.126	58.425	58.425
711	  G	  0.0	  0.9	0.449	57.228	57.228
712	  W	  0.9	  0.9	0.323	57.147	57.147
713	  Y	  2.3	  0.0	0.323	56.433	56.433
714	  F	  3.7	  0.0	0.457	54.351	54.351
715	  Y	  4.3	  0.0	0.457	29.630	29.630
716	  V	  4.1	  0.0	0.457	15.337	15.337
717	  Q	  3.1	  0.0	0.457	0.054	0.054
718	  A	  1.9	  0.0	0.457	0.004	0.004
719	  Y	  1.7	  0.3	0.457	0.002	0.002
720	  K	  1.4	  0.3	0.311	0.000	0.000
721	  S	  3.2	  0.3	0.000	0.000	0.000
722	  L	  3.0	  0.3	0.000	0.000	0.000
723	  R	  3.3	  0.1	0.000	0.000	0.000
724	  H	  1.8	  0.3	0.000	0.000	0.000
725	  R	  1.2	  0.3	0.000	0.000	0.000
726	  S	  1.2	  2.1	0.000	0.000	0.000
727	  A	  0.8	  2.1	0.000	0.000	0.000
728	  N	  0.8	  2.3	0.438	0.000	0.000
729	  M	  2.7	  2.3	0.438	0.000	0.000
730	  D	  2.7	  0.5	0.938	0.000	0.000
731	  V	  5.1	  0.5	0.938	7.605	7.605
732	  L	  4.2	  0.0	0.938	14.565	14.565
733	  I	 12.3	  0.0	0.938	55.266	55.266
734	  V	 10.7	  0.0	0.938	61.870	61.870
735	  L	  9.3	  0.0	0.938	63.485	63.485
736	  A	  1.4	  0.0	0.685	64.998	64.998
737	  T	  0.6	  0.0	0.121	66.788	66.788
738	  S	  0.8	  0.0	0.247	69.799	69.799
739	  I	  2.4	  0.0	0.125	94.111	94.111
740	  A	  2.4	  0.0	0.125	96.336	96.336
741	  Y	  3.7	  0.0	0.125	98.968	98.968
742	  V	  6.0	  0.0	0.125	99.731	99.731
743	  Y	  8.4	  0.1	0.125	99.792	99.792
744	  S	  7.1	  0.1	1.583	99.796	99.796
745	  L	  5.0	  0.1	1.583	99.947	99.947
746	  V	  8.5	  0.1	1.583	99.965	99.965
747	  I	 11.0	  0.0	1.583	99.847	99.847
748	  L	 10.6	  0.0	1.583	98.537	98.537
749	  V	  8.4	  0.0	1.583	91.382	91.382
750	  V	 11.6	  0.0	1.583	81.484	81.484
751	  A	 10.4	  0.0	1.583	39.297	39.297
752	  V	  7.3	  0.0	1.375	35.093	35.093
753	  A	  1.1	  0.1	1.375	29.393	29.393
754	  E	  0.8	  0.1	0.937	0.061	0.061
755	  K	  0.5	  0.1	0.686	0.061	0.061
756	  A	  0.5	  0.1	0.236	0.052	0.052
757	  E	  0.9	  0.1	0.236	0.000	0.000
758	  R	  0.6	  0.1	0.108	0.000	0.000
759	  S	  0.5	  0.1	0.281	0.000	0.000
760	  P	  0.1	  0.0	0.173	1.934	1.934
761	  V	  8.7	  0.0	0.173	1.934	1.934
762	  T	 15.1	  0.0	0.173	1.934	1.934
763	  F	 16.6	  0.0	0.173	1.934	1.934
764	  F	  9.0	  0.0	0.173	1.934	1.934
765	  D	  2.5	  0.0	0.000	0.000	0.000
766	  T	  0.9	  0.0	0.000	0.000	0.000
767	  P	  0.0	  0.0	0.000	0.000	0.000
768	  P	  0.0	  0.0	0.000	0.617	0.617
769	  M	  0.7	  0.0	0.000	50.819	50.819
770	  L	  1.3	  0.0	0.000	93.763	93.763
771	  F	  3.1	  0.0	0.000	99.497	99.497
772	  V	  5.1	  0.0	0.000	99.818	99.818
773	  F	  5.9	  0.0	0.000	99.819	99.819
774	  I	  6.8	  0.0	0.136	98.589	98.589
775	  A	  4.3	  0.1	0.833	73.520	73.520
776	  L	  2.7	  0.1	0.833	50.525	50.525
777	  G	  0.1	  0.1	1.716	4.367	4.367
778	  R	  0.4	  0.1	1.960	0.212	0.212
779	  W	  0.8	  0.0	2.582	0.212	0.212
780	  L	  1.2	  0.1	2.723	0.212	0.212
781	  E	  0.8	  0.1	2.864	0.212	0.212
782	  H	  0.7	  0.1	2.864	0.007	0.007
783	  L	  0.4	  0.1	2.864	0.005	0.005
784	  A	  0.5	  0.1	2.864	0.002	0.002
785	  K	  0.6	  0.1	2.864	0.000	0.000
786	  S	  1.2	  0.2	2.145	0.000	0.000
787	  K	  1.2	  0.3	1.266	0.000	0.000
788	  T	  0.9	  0.2	4.893	0.000	0.000
789	  S	  0.3	  0.2	10.919	0.000	0.000
790	  E	  0.2	  0.1	11.829	0.000	0.000
791	  A	  0.1	  0.1	12.327	0.000	0.000
792	  L	  0.1	  0.0	12.327	0.000	0.000
793	  A	  0.3	  0.0	12.327	0.000	0.000
794	  K	  0.5	  0.0	12.210	0.000	0.000
795	  L	  1.0	  0.0	9.691	0.000	0.000
796	  M	  2.7	  0.1	8.351	0.000	0.000
797	  S	  3.0	  0.0	6.064	0.000	0.000
798	  L	  2.9	  0.0	4.129	0.000	0.000
799	  Q	  1.1	  0.0	3.522	0.000	0.000
800	  A	  0.5	  0.0	0.466	0.000	0.000
801	  T	  0.3	  0.0	0.000	0.000	0.000
802	  E	  0.3	  0.0	0.000	0.000	0.000
803	  A	  0.9	  0.0	0.000	2.673	2.673
804	  T	  6.3	  0.0	0.000	4.780	4.780
805	  V	  8.9	  0.0	0.000	5.098	5.098
806	  V	 15.1	  0.0	0.000	5.098	5.098
807	  T	  9.9	  0.0	0.000	5.098	5.098
808	  L	  7.1	  0.1	0.000	4.206	4.206
809	  G	  0.1	  0.6	0.000	0.319	0.319
810	  E	  0.0	  0.7	0.000	0.000	0.000
811	  D	  0.0	  0.7	0.000	0.000	0.000
812	  N	  0.4	  0.6	0.779	0.000	0.000
813	  L	  1.9	  0.1	0.779	0.000	0.000
814	  I	  6.2	  0.0	0.779	0.000	0.000
815	  I	  6.2	  0.0	0.779	0.000	0.000
816	  R	  4.7	  0.1	0.779	0.000	0.000
817	  E	  0.4	  0.1	0.779	0.000	0.000
818	  E	  0.1	  0.1	0.280	0.000	0.000
819	  Q	  0.1	  0.1	0.000	0.000	0.000
820	  V	  0.1	  0.0	0.000	0.000	0.000
821	  P	  0.1	  0.0	0.180	0.000	0.000
822	  M	  0.9	  0.0	0.180	0.000	0.000
823	  E	  0.9	  0.0	0.180	0.000	0.000
824	  L	  1.2	  0.0	0.180	0.000	0.000
825	  V	  1.4	  0.1	0.180	0.000	0.000
826	  Q	  1.4	  0.2	0.180	0.000	0.000
827	  R	  1.1	  0.3	0.000	0.000	0.000
828	  G	  0.1	  0.3	0.000	0.000	0.000
829	  D	  1.1	  0.3	0.000	0.000	0.000
830	  I	  3.6	  0.2	0.000	0.000	0.000
831	  V	 19.0	  0.0	0.000	0.000	0.000
832	  K	 20.6	  0.0	0.000	0.000	0.000
833	  V	 18.6	  0.0	0.000	0.000	0.000
834	  V	  4.0	  0.4	0.000	0.000	0.000
835	  P	  0.5	  0.9	0.000	0.000	0.000
836	  G	  0.0	  1.1	0.000	0.000	0.000
837	  G	  0.0	  1.1	0.000	0.000	0.000
838	  K	  0.1	  0.7	0.000	0.000	0.000
839	  F	  0.1	  0.1	0.000	0.000	0.000
840	  P	  0.1	  0.2	0.000	0.000	0.000
841	  V	  0.2	  1.7	0.000	0.000	0.000
842	  D	  0.2	  1.7	0.144	0.000	0.000
843	  G	  0.2	  1.7	0.144	0.000	0.000
844	  K	  0.9	  1.5	0.144	0.000	0.000
845	  V	  2.4	  0.0	0.144	0.000	0.000
846	  L	  2.4	  0.2	0.144	0.000	0.000
847	  E	  1.4	  3.5	0.144	0.000	0.000
848	  G	  0.0	  3.5	0.144	0.000	0.000
849	  N	  0.1	  3.5	0.000	0.000	0.000
850	  T	  0.6	  3.4	0.000	0.000	0.000
851	  M	  0.6	  0.3	0.000	0.000	0.000
852	  A	  0.6	  0.3	0.000	0.000	0.000
853	  D	  0.0	  1.1	0.000	0.000	0.000
854	  E	  0.0	  1.2	0.000	0.000	0.000
855	  S	  0.4	  0.9	0.465	0.000	0.000
856	  L	  0.8	  0.8	0.465	0.000	0.000
857	  I	  3.5	  0.1	0.465	0.000	0.000
858	  T	  3.2	  0.2	0.465	0.000	0.000
859	  G	  2.8	  0.2	0.465	0.000	0.000
860	  E	  0.1	  0.2	0.465	0.000	0.000
861	  A	  0.1	  0.1	0.000	0.000	0.000
862	  M	  0.1	  0.0	0.000	0.000	0.000
863	  P	  0.1	  0.0	0.000	0.000	0.000
864	  V	  1.9	  0.0	0.000	0.000	0.000
865	  T	  4.1	  0.0	0.000	0.000	0.000
866	  K	  4.1	  0.0	0.000	0.000	0.000
867	  K	  2.2	  1.5	0.000	0.000	0.000
868	  P	  0.0	  2.1	0.000	0.000	0.000
869	  G	  0.0	  2.2	0.000	0.000	0.000
870	  S	  0.5	  2.2	0.000	0.475	0.475
871	  T	  4.0	  0.7	0.000	1.283	1.283
872	  V	  7.9	  0.1	0.000	2.062	2.062
873	  I	  8.7	  0.2	0.000	2.062	2.062
874	  A	  5.2	  0.4	0.000	2.062	2.062
875	  G	  1.2	  0.4	0.000	1.587	1.587
876	  S	  3.7	  0.7	0.000	1.242	1.242
877	  I	  4.7	  0.5	0.000	1.242	1.242
878	  N	  4.7	  0.9	0.000	0.000	0.000
879	  A	  1.1	  1.1	0.000	0.000	0.000
880	  H	  0.2	  1.0	0.000	0.000	0.000
881	  G	  0.1	  1.0	0.000	0.157	0.157
882	  S	  0.6	  0.4	0.137	0.157	0.157
883	  V	  3.6	  0.2	0.137	0.157	0.157
884	  L	  3.9	  0.0	0.137	0.157	0.157
885	  I	  4.9	  0.0	0.137	0.157	0.157
886	  K	  2.4	  0.0	0.137	0.000	0.000
887	  A	  2.5	  0.0	0.137	0.000	0.000
888	  T	  2.8	  0.0	0.000	0.000	0.000
889	  H	  2.6	  0.1	0.000	0.000	0.000
890	  V	  2.2	  1.6	0.000	0.000	0.000
891	  G	  0.4	  1.6	0.000	0.000	0.000
892	  N	  0.1	  1.7	1.397	0.000	0.000
893	  D	  0.2	  1.6	1.751	0.000	0.000
894	  T	  1.1	  0.2	2.151	1.270	1.270
895	  T	  1.5	  0.1	2.948	3.588	3.588
896	  L	  1.3	  0.0	2.948	4.076	4.076
897	  A	  0.8	  0.0	2.948	4.076	4.076
898	  Q	  1.8	  0.0	2.948	4.076	4.076
899	  I	  4.5	  0.0	2.460	4.512	4.512
900	  V	 11.1	  0.0	2.460	4.330	4.330
901	  K	 10.2	  0.0	2.460	0.436	0.436
902	  L	  7.8	  0.0	1.101	0.436	0.436
903	  V	  1.4	  0.0	0.685	0.436	0.436
904	  E	  0.7	  0.0	0.952	0.436	0.436
905	  E	  0.6	  0.0	0.666	0.000	0.000
906	  A	  0.4	  0.0	0.556	0.000	0.000
907	  Q	  1.3	  0.0	0.556	0.000	0.000
908	  M	  1.6	  0.1	0.267	0.000	0.000
909	  S	  1.5	  0.1	0.267	0.000	0.000
910	  K	  0.6	  0.1	0.122	0.000	0.000
911	  A	  0.3	  0.1	0.000	0.000	0.000
912	  P	  0.1	  0.0	0.412	0.000	0.000
913	  I	  0.4	  0.0	0.539	0.000	0.000
914	  Q	  0.7	  0.0	0.539	0.000	0.000
915	  Q	  0.9	  0.0	0.539	0.000	0.000
916	  L	  0.5	  0.3	0.539	0.000	0.000
917	  A	  0.2	  0.4	0.539	0.000	0.000
918	  D	  0.1	  0.3	0.539	0.000	0.000
919	  R	  1.1	  0.3	0.190	0.000	0.000
920	  F	  2.6	  0.2	0.190	0.000	0.000
921	  S	  2.5	  0.2	0.000	0.000	0.000
922	  G	  1.5	  0.2	0.000	0.000	0.000
923	  Y	  2.4	  0.2	0.000	0.000	0.000
924	  F	  2.6	  0.0	0.000	0.000	0.000
925	  V	  2.6	  0.0	0.000	0.000	0.000
926	  P	  0.2	  0.0	0.108	0.677	0.677
927	  F	  1.3	  0.0	0.108	74.557	74.557
928	  I	  6.6	  0.0	0.108	97.252	97.252
929	  I	 12.3	  0.0	0.108	99.329	99.329
930	  I	 12.4	  0.0	0.108	99.519	99.519
931	  M	  7.6	  0.1	0.108	99.537	99.537
932	  S	  1.8	  0.1	2.294	99.552	99.552
933	  T	  2.9	  0.1	2.662	99.675	99.675
934	  L	  4.7	  0.1	2.662	99.881	99.881
935	  T	  5.7	  0.0	3.635	99.920	99.920
936	  L	  4.9	  0.0	3.635	99.986	99.986
937	  V	  5.3	  0.0	3.635	99.999	99.999
938	  V	  5.8	  0.0	3.635	99.999	99.999
939	  W	  5.1	  0.0	3.635	99.990	99.990
940	  I	  9.8	  0.0	3.310	99.954	99.954
941	  V	  9.1	  0.1	3.310	99.556	99.556
942	  I	  8.3	  0.1	3.310	94.873	94.873
943	  G	  1.1	  0.1	3.310	43.705	43.705
944	  F	  1.2	  0.2	0.876	39.100	39.100
945	  I	  4.0	  0.1	0.000	18.688	18.688
946	  D	  4.0	  0.2	0.299	0.004	0.004
947	  F	  3.2	  0.2	0.299	0.004	0.004
948	  G	  0.2	  0.2	0.555	0.004	0.004
949	  V	  4.2	  0.2	0.555	0.004	0.004
950	  V	  5.0	  0.1	0.555	0.004	0.004
951	  Q	  5.8	  0.0	0.555	0.004	0.004
952	  R	  3.8	  0.0	0.555	0.004	0.004
953	  Y	  2.9	  0.0	0.430	0.004	0.004
954	  F	  2.1	  0.0	0.000	0.000	0.000
955	  P	  0.2	  0.0	0.000	0.000	0.000
956	  N	  0.0	  7.0	0.000	0.000	0.000
957	  P	  0.0	  7.0	0.000	0.000	0.000
958	  N	  0.0	  7.1	0.000	0.000	0.000
959	  K	  0.6	  7.1	0.000	0.000	0.000
960	  H	  5.0	  0.1	0.000	0.000	0.000
961	  I	  6.0	  0.1	0.000	0.000	0.000
962	  S	  5.8	  0.1	3.001	0.000	0.000
963	  Q	  1.5	  0.1	3.001	0.151	0.151
964	  T	  0.7	  0.1	3.484	8.677	8.677
965	  E	  0.8	  0.1	3.484	28.078	28.078
966	  V	  7.5	  0.0	3.484	28.078	28.078
967	  I	 11.1	  0.0	3.484	28.078	28.078
968	  I	 13.7	  0.0	3.484	28.078	28.078
969	  R	  7.4	  0.0	3.484	28.078	28.078
970	  F	  4.2	  0.0	2.956	33.889	33.889
971	  A	  1.5	  0.0	0.640	33.726	33.726
972	  F	  1.6	  0.0	0.431	34.455	34.455
973	  Q	  0.9	  0.1	0.000	28.390	28.390
974	  T	  0.8	  0.1	0.090	30.797	30.797
975	  S	  2.9	  0.1	0.467	35.188	35.188
976	  I	 18.5	  0.0	0.467	64.144	64.144
977	  T	 21.0	  0.0	1.270	66.540	66.540
978	  V	 20.4	  0.0	1.354	68.434	68.434
979	  L	  6.3	  0.0	1.354	67.312	67.312
980	  C	 11.0	  0.0	1.354	60.167	60.167
981	  I	 10.8	  0.0	1.354	57.255	57.255
982	  A	  9.6	  0.0	1.354	25.661	25.661
983	  C	  1.8	  0.2	1.254	0.000	0.000
984	  P	  0.0	  0.2	0.000	0.000	0.000
985	  C	  1.5	  0.5	0.000	0.000	0.000
986	  S	  1.6	  0.5	0.000	0.000	0.000
987	  L	  1.7	  0.3	0.000	0.000	0.000
988	  G	  0.3	  0.3	0.000	0.000	0.000
989	  L	  0.3	  0.0	0.000	0.000	0.000
990	  A	  0.2	  0.0	0.000	0.000	0.000
991	  T	  0.2	  0.3	0.000	0.000	0.000
992	  P	  0.1	  0.3	0.000	0.000	0.000
993	  T	  0.9	  0.3	0.000	5.708	5.708
994	  A	  1.7	  0.3	0.000	7.848	7.848
995	  V	  9.2	  0.0	0.000	9.586	9.586
996	  M	  8.6	  0.0	0.000	9.586	9.586
997	  V	  7.8	  0.4	0.000	9.586	9.586
998	  G	  0.3	  0.5	0.165	5.151	5.151
999	  T	  0.1	  0.5	0.284	4.081	4.081
1000	  G	  0.3	  0.5	0.284	2.972	2.972
1001	  V	  1.6	  0.1	0.284	2.972	2.972
1002	  A	  1.6	  0.0	0.284	1.804	1.804
1003	  A	  1.4	  0.5	0.284	0.826	0.826
1004	  Q	  0.1	  1.6	0.284	0.000	0.000
1005	  N	  0.1	  1.6	0.000	0.000	0.000
1006	  G	  0.0	  1.6	0.163	0.000	0.000
1007	  I	  2.3	  1.1	0.163	0.000	0.000
1008	  L	  2.6	  0.0	0.163	0.000	0.000
1009	  I	  3.6	  0.1	0.163	0.000	0.000
1010	  K	  1.5	  3.1	0.163	0.000	0.000
1011	  G	  1.1	  3.1	0.163	0.000	0.000
1012	  G	  0.0	  3.1	0.163	0.000	0.000
1013	  K	  0.0	  3.0	0.000	0.000	0.000
1014	  P	  0.0	  0.0	0.000	0.000	0.000
1015	  L	  0.7	  0.0	0.000	0.000	0.000
1016	  E	  0.8	  0.0	0.177	0.000	0.000
1017	  M	  1.0	  0.0	0.177	0.000	0.000
1018	  A	  0.4	  0.0	0.177	0.000	0.000
1019	  H	  1.7	  0.0	0.177	0.000	0.000
1020	  K	  4.1	  0.0	0.177	0.000	0.000
1021	  I	  5.4	  0.0	0.177	0.000	0.000
1022	  K	  4.9	  0.0	0.177	0.000	0.000
1023	  T	  6.3	  0.0	0.000	0.000	0.000
1024	  V	  6.5	  0.0	0.000	0.000	0.000
1025	  M	  6.1	  0.0	0.000	0.000	0.000
1026	  F	  2.7	  0.0	0.000	0.000	0.000
1027	  D	  0.9	  0.6	0.000	0.000	0.000
1028	  K	  0.5	  0.7	0.000	0.000	0.000
1029	  T	  0.2	  0.7	0.000	0.000	0.000
1030	  G	  0.2	  0.7	0.000	0.000	0.000
1031	  T	 12.2	  0.1	0.000	0.000	0.000
1032	  I	 14.3	  0.1	0.000	0.000	0.000
1033	  T	 14.5	  0.3	0.000	0.000	0.000
1034	  H	  2.6	  0.3	0.000	0.000	0.000
1035	  G	  0.3	  0.3	0.000	0.000	0.000
1036	  V	  0.1	  0.3	0.000	0.000	0.000
1037	  P	  0.0	  0.0	0.158	0.000	0.000
1038	  R	  1.7	  0.0	0.158	0.000	0.000
1039	  V	  3.9	  0.0	0.158	0.583	0.583
1040	  M	  6.5	  0.0	0.158	0.583	0.583
1041	  R	  6.4	  0.0	0.158	0.583	0.583
1042	  V	  8.0	  0.0	0.158	23.111	23.111
1043	  L	  6.3	  0.0	0.158	23.111	23.111
1044	  L	  4.8	  0.0	0.158	23.111	23.111
1045	  L	  1.1	  0.2	0.158	23.111	23.111
1046	  G	  0.1	  0.3	0.000	23.111	23.111
1047	  D	  0.2	  0.3	0.000	0.583	0.583
1048	  V	  1.4	  0.3	0.000	0.583	0.583
1049	  A	  2.4	  0.0	0.000	0.335	0.335
1050	  T	  2.4	  0.0	0.000	0.125	0.125
1051	  L	  1.3	  0.0	0.000	0.000	0.000
1052	  P	  0.3	  0.0	0.000	0.000	0.000
1053	  L	  0.3	  0.0	0.000	0.000	0.000
1054	  R	  0.9	  0.0	0.000	0.000	0.000
1055	  K	  1.8	  0.0	0.000	0.000	0.000
1056	  V	  2.8	  0.0	0.000	50.450	50.450
1057	  L	  2.5	  0.0	0.000	55.765	55.765
1058	  A	  2.4	  0.0	0.000	55.828	55.828
1059	  V	  2.3	  0.0	0.000	55.891	55.891
1060	  V	  2.0	  0.1	0.000	55.891	55.891
1061	  G	  1.3	  0.2	0.142	28.290	28.290
1062	  T	  0.6	  0.2	0.142	25.228	25.228
1063	  A	  0.5	  0.2	0.142	11.560	11.560
1064	  E	  0.6	  0.0	0.142	0.000	0.000
1065	  A	  0.3	  0.1	0.142	0.000	0.000
1066	  S	  0.4	  0.2	0.142	0.000	0.000
1067	  S	  0.3	  0.2	0.000	0.000	0.000
1068	  E	  0.2	  0.2	0.000	0.000	0.000
1069	  H	  0.1	  1.0	0.000	0.000	0.000
1070	  P	  0.0	  0.9	0.000	0.000	0.000
1071	  L	  0.1	  0.9	0.000	1.830	1.830
1072	  G	  0.3	  0.9	0.000	1.972	1.972
1073	  V	  7.4	  0.0	0.000	1.972	1.972
1074	  A	  7.7	  0.0	0.000	1.972	1.972
1075	  V	  9.3	  0.0	0.000	1.972	1.972
1076	  T	  3.6	  0.0	0.000	0.833	0.833
1077	  K	  3.9	  0.0	0.000	0.000	0.000
1078	  Y	  3.3	  0.0	0.000	0.000	0.000
1079	  C	  2.3	  0.1	0.000	0.000	0.000
1080	  K	  1.7	  0.2	0.000	0.000	0.000
1081	  E	  0.5	  0.2	0.000	0.000	0.000
1082	  E	  0.2	  0.2	0.000	0.000	0.000
1083	  L	  0.0	  0.2	0.000	0.000	0.000
1084	  G	  0.0	  0.2	1.168	0.000	0.000
1085	  T	  0.1	  0.2	1.168	0.000	0.000
1086	  E	  0.1	  0.2	1.168	0.000	0.000
1087	  T	  0.3	  0.1	1.168	0.000	0.000
1088	  L	  0.2	  0.1	1.168	0.000	0.000
1089	  G	  0.3	  0.0	1.168	0.000	0.000
1090	  Y	  1.4	  0.0	0.688	0.000	0.000
1091	  C	  2.1	  0.2	0.000	0.000	0.000
1092	  T	  2.5	  0.2	0.000	0.000	0.000
1093	  D	  1.8	  0.2	0.000	0.000	0.000
1094	  F	  3.5	  0.2	0.000	0.000	0.000
1095	  Q	  3.6	  0.0	0.000	0.000	0.000
1096	  A	  3.1	  0.0	0.000	0.000	0.000
1097	  V	  0.6	  1.3	0.000	0.000	0.000
1098	  P	  0.1	  1.7	0.000	0.000	0.000
1099	  G	  0.0	  1.7	0.000	0.000	0.000
1100	  C	  0.3	  1.8	0.000	0.000	0.000
1101	  G	  0.3	  0.8	0.000	0.000	0.000
1102	  I	  0.5	  0.8	0.000	0.000	0.000
1103	  G	  0.2	  0.8	0.000	0.000	0.000
1104	  C	  1.2	  0.7	0.000	0.000	0.000
1105	  K	  2.3	  0.4	0.000	0.000	0.000
1106	  V	  2.5	  0.1	0.000	0.000	0.000
1107	  S	  1.5	  0.1	0.000	0.000	0.000
1108	  N	  4.7	  0.1	0.247	0.000	0.000
1109	  V	  4.6	  0.2	0.247	0.000	0.000
1110	  E	  4.6	  0.2	0.247	0.000	0.000
1111	  G	  0.2	  0.2	0.247	0.000	0.000
1112	  I	  0.9	  0.2	0.247	0.000	0.000
1113	  L	  1.0	  0.1	0.247	0.000	0.000
1114	  A	  1.1	  0.0	0.247	0.000	0.000
1115	  H	  0.3	  0.2	0.247	0.000	0.000
1116	  S	  0.3	  0.2	0.000	0.000	0.000
1117	  E	  0.3	  0.2	0.000	0.000	0.000
1118	  R	  0.3	  0.1	0.000	0.000	0.000
1119	  P	  0.0	  0.0	0.000	0.000	0.000
1120	  L	  1.6	  0.0	0.000	0.000	0.000
1121	  S	  1.7	  0.0	0.000	0.000	0.000
1122	  A	  1.7	  0.0	0.000	0.000	0.000
1123	  P	  0.1	  0.2	0.000	0.000	0.000
1124	  A	  0.4	  0.3	0.000	0.000	0.000
1125	  S	  0.6	  0.3	0.000	0.000	0.000
1126	  H	  1.5	  0.5	0.000	0.000	0.000
1127	  L	  1.1	  0.3	0.000	0.000	0.000
1128	  N	  0.9	  0.4	0.000	0.000	0.000
1129	  E	  0.0	  0.7	0.000	0.000	0.000
1130	  A	  0.0	  0.9	0.000	0.000	0.000
1131	  G	  0.0	  0.9	0.000	0.000	0.000
1132	  S	  0.2	  0.7	0.000	0.000	0.000
1133	  L	  0.1	  0.4	0.000	0.000	0.000
1134	  P	  0.1	  0.0	0.000	0.000	0.000
1135	  A	  0.1	  0.1	0.000	0.000	0.000
1136	  E	  0.3	  0.3	0.000	0.000	0.000
1137	  K	  0.3	  0.3	0.000	0.000	0.000
1138	  D	  0.4	  0.3	0.000	0.000	0.000
1139	  A	  0.2	  0.2	0.000	0.000	0.000
1140	  V	  0.2	  0.0	0.000	0.000	0.000
1141	  P	  0.1	  0.1	0.000	0.000	0.000
1142	  Q	  0.7	  0.1	0.000	0.757	0.757
1143	  T	 31.3	  0.1	0.000	20.826	20.826
1144	  F	 34.8	  0.1	0.000	51.796	51.796
1145	  S	 34.5	  0.0	0.000	51.875	51.875
1146	  V	  8.0	  0.0	0.000	52.061	52.061
1147	  L	  2.4	  0.0	0.000	52.061	52.061
1148	  I	  2.0	  1.4	0.000	50.350	50.350
1149	  G	  0.1	  1.4	1.605	2.268	2.268
1150	  N	  0.0	  1.4	4.778	0.637	0.637
1151	  R	  0.2	  1.4	5.565	0.000	0.000
1152	  E	  0.2	  0.0	5.779	0.000	0.000
1153	  W	  0.8	  0.0	5.779	0.000	0.000
1154	  L	  0.8	  0.0	5.779	0.000	0.000
1155	  R	  1.4	  0.4	5.652	0.000	0.000
1156	  R	  0.8	  1.4	5.284	0.000	0.000
1157	  N	  0.7	  1.5	4.369	0.000	0.000
1158	  G	  0.1	  1.5	1.495	0.000	0.000
1159	  L	  3.5	  1.0	0.185	0.000	0.000
1160	  T	 16.1	  0.1	0.000	0.000	0.000
1161	  I	 16.6	  0.1	0.000	0.000	0.000
1162	  S	 13.4	  1.4	0.000	0.000	0.000
1163	  S	  0.7	  1.4	0.000	0.000	0.000
1164	  D	  0.8	  1.7	0.000	0.000	0.000
1165	  V	  1.0	  1.8	0.000	0.000	0.000
1166	  S	  1.0	  0.5	0.000	0.000	0.000
1167	  D	  0.2	  0.5	0.180	0.000	0.000
1168	  A	  0.2	  0.2	0.180	0.000	0.000
1169	  M	  0.5	  0.1	0.180	0.000	0.000
1170	  T	  0.6	  0.1	1.194	0.000	0.000
1171	  D	  0.5	  0.1	1.325	0.000	0.000
1172	  H	  0.6	  0.1	1.467	0.000	0.000
1173	  E	  1.9	  0.1	1.288	0.000	0.000
1174	  M	  1.9	  0.6	1.288	0.000	0.000
1175	  K	  1.6	  0.6	1.288	0.000	0.000
1176	  G	  0.1	  0.7	0.846	0.413	0.413
1177	  Q	  0.1	  0.7	0.711	5.069	5.069
1178	  T	  0.5	  0.2	0.000	25.059	25.059
1179	  A	  1.0	  0.1	0.000	51.501	51.501
1180	  I	  4.3	  0.0	0.000	80.231	80.231
1181	  L	  4.8	  0.0	0.000	80.231	80.231
1182	  V	  7.5	  0.0	0.000	80.231	80.231
1183	  A	  4.5	  0.2	0.000	75.905	75.905
1184	  I	  4.2	  1.0	0.000	71.950	71.950
1185	  D	  0.9	  1.0	0.000	0.000	0.000
1186	  G	  0.7	  1.0	0.000	0.000	0.000
1187	  V	  2.5	  0.8	0.000	2.425	2.425
1188	  L	  2.6	  0.0	0.000	2.859	2.859
1189	  C	  2.8	  0.0	0.000	2.859	2.859
1190	  G	  0.4	  0.0	0.000	3.240	3.240
1191	  M	  0.9	  0.0	0.000	5.180	5.180
1192	  I	  3.4	  0.0	0.000	5.180	5.180
1193	  A	  3.6	  0.0	0.000	4.878	4.878
1194	  I	  3.0	  0.2	0.000	4.623	4.623
1195	  A	  0.4	  0.2	0.000	3.169	3.169
1196	  D	  0.2	  0.2	0.666	0.000	0.000
1197	  A	  0.8	  0.2	0.666	0.000	0.000
1198	  V	  3.0	  0.0	0.666	0.000	0.000
1199	  K	  3.3	  0.1	0.666	0.000	0.000
1200	  Q	  2.5	  0.1	0.666	0.000	0.000
1201	  E	  0.4	  0.1	0.666	0.000	0.000
1202	  A	  0.2	  0.1	0.412	0.873	0.873
1203	  A	  0.3	  0.0	0.412	0.873	0.873
1204	  L	  0.6	  0.0	0.412	0.873	0.873
1205	  A	  1.4	  0.0	0.241	0.873	0.873
1206	  V	  3.0	  0.0	0.122	0.873	0.873
1207	  H	  3.7	  0.0	0.122	0.000	0.000
1208	  T	  5.7	  0.0	0.000	0.000	0.000
1209	  L	  4.2	  0.1	0.000	0.000	0.000
1210	  Q	  3.3	  0.1	0.000	0.000	0.000
1211	  S	  0.8	  0.2	0.000	0.000	0.000
1212	  M	  0.7	  0.2	0.000	0.000	0.000
1213	  G	  0.5	  0.1	0.000	0.000	0.000
1214	  V	  8.4	  0.1	0.000	0.000	0.000
1215	  D	  9.2	  0.0	0.000	0.000	0.000
1216	  V	 16.2	  0.0	0.000	30.244	30.244
1217	  V	 10.9	  0.0	0.000	30.455	30.455
1218	  L	 10.0	  0.0	0.000	30.455	30.455
1219	  I	  5.5	  0.0	0.000	30.455	30.455
1220	  T	  2.8	  1.9	0.000	30.455	30.455
1221	  G	  2.4	  2.1	0.000	2.697	2.697
1222	  D	  0.0	  2.2	0.142	0.000	0.000
1223	  N	  0.0	  2.2	0.745	0.000	0.000
1224	  R	  0.3	  0.4	0.745	0.000	0.000
1225	  K	  0.7	  0.2	0.745	0.000	0.000
1226	  T	  1.5	  0.1	0.880	0.000	0.000
1227	  A	  1.3	  0.1	0.880	0.000	0.000
1228	  R	  1.2	  0.0	0.880	0.000	0.000
1229	  A	  0.6	  0.0	0.135	0.000	0.000
1230	  I	  1.8	  0.0	0.135	0.000	0.000
1231	  A	  1.7	  0.0	0.135	0.000	0.000
1232	  T	  2.3	  0.0	0.135	0.000	0.000
1233	  Q	  1.2	  0.0	0.135	0.000	0.000
1234	  V	  1.3	  0.1	0.000	0.000	0.000
1235	  G	  0.8	  0.1	0.000	0.000	0.000
1236	  I	  1.1	  0.1	0.000	0.000	0.000
1237	  N	  0.8	  0.1	0.304	0.000	0.000
1238	  K	  1.5	  0.0	0.304	0.223	0.223
1239	  V	  3.2	  0.0	0.304	0.223	0.223
1240	  F	  3.4	  0.2	0.304	0.223	0.223
1241	  A	  2.7	  0.2	0.304	0.223	0.223
1242	  E	  1.6	  0.2	0.304	0.223	0.223
1243	  V	  1.7	  0.2	0.166	0.223	0.223
1244	  L	  1.5	  0.4	0.166	0.000	0.000
1245	  P	  0.5	  0.4	0.000	0.000	0.000
1246	  S	  0.4	  0.5	0.000	0.000	0.000
1247	  H	  1.5	  0.5	0.000	0.000	0.000
1248	  K	  3.7	  0.1	0.000	0.000	0.000
1249	  V	  4.0	  0.0	0.000	0.000	0.000
1250	  A	  3.2	  0.0	0.388	0.000	0.000
1251	  K	  2.6	  0.0	1.976	0.000	0.000
1252	  V	  2.4	  0.0	2.287	0.000	0.000
1253	  Q	  2.2	  0.0	2.287	0.000	0.000
1254	  E	  1.0	  0.0	2.287	0.000	0.000
1255	  L	  0.7	  0.2	2.287	0.000	0.000
1256	  Q	  0.7	  0.2	2.287	0.000	0.000
1257	  N	  0.3	  1.5	2.287	0.000	0.000
1258	  K	  0.1	  1.5	1.835	0.000	0.000
1259	  G	  0.0	  1.4	1.114	0.000	0.000
1260	  K	  0.2	  1.4	0.253	0.000	0.000
1261	  K	  2.3	  0.1	0.000	0.000	0.000
1262	  V	  5.9	  0.1	0.000	0.710	0.710
1263	  A	  6.1	  0.0	0.000	0.710	0.710
1264	  M	  4.2	  0.0	0.000	0.710	0.710
1265	  V	  0.6	  2.5	0.000	0.710	0.710
1266	  G	  0.3	  2.8	0.000	0.710	0.710
1267	  D	  0.1	  2.8	0.000	0.000	0.000
1268	  G	  0.1	  2.8	0.000	0.000	0.000
1269	  V	  0.6	  0.3	0.000	0.000	0.000
1270	  N	  0.7	  0.1	0.000	0.000	0.000
1271	  D	  0.6	  0.0	0.000	0.000	0.000
1272	  S	  0.0	  0.2	1.461	0.000	0.000
1273	  P	  0.0	  0.1	1.461	0.000	0.000
1274	  A	  0.1	  0.1	1.461	0.000	0.000
1275	  L	  0.1	  0.1	1.461	0.000	0.000
1276	  A	  0.2	  0.0	1.461	0.000	0.000
1277	  Q	  0.2	  0.3	1.461	0.000	0.000
1278	  A	  0.2	  0.3	0.367	0.000	0.000
1279	  D	  0.1	  0.4	0.277	0.000	0.000
1280	  M	  0.3	  0.4	0.140	0.249	0.249
1281	  G	  0.4	  0.1	0.140	0.249	0.249
1282	  V	  3.9	  0.1	0.140	0.605	0.605
1283	  A	  3.8	  0.0	0.140	0.605	0.605
1284	  I	  3.6	  0.5	0.140	0.605	0.605
1285	  G	  0.2	  0.6	0.140	0.356	0.356
1286	  T	  0.2	  0.8	0.000	0.356	0.356
1287	  G	  0.1	  0.9	0.000	0.000	0.000
1288	  T	  0.6	  0.4	0.000	0.000	0.000
1289	  D	  0.7	  0.3	0.000	0.000	0.000
1290	  V	  4.1	  0.1	0.000	0.000	0.000
1291	  A	  3.8	  0.0	0.000	0.000	0.000
1292	  I	  4.6	  0.0	0.000	0.000	0.000
1293	  E	  1.2	  0.0	0.000	0.000	0.000
1294	  A	  1.0	  0.3	0.000	0.000	0.000
1295	  A	  0.1	  0.3	0.000	0.000	0.000
1296	  D	  1.2	  0.3	0.272	0.000	0.000
1297	  V	  9.1	  0.3	0.272	0.000	0.000
1298	  V	 11.9	  0.0	0.272	0.000	0.000
1299	  L	 11.0	  0.0	0.272	0.000	0.000
1300	  I	  3.4	  0.1	0.272	0.000	0.000
1301	  R	  0.5	  0.2	0.272	0.000	0.000
1302	  N	  0.3	  0.2	0.000	0.000	0.000
1303	  D	  0.1	  0.2	0.116	0.000	0.000
1304	  L	  0.4	  0.1	0.116	0.000	0.000
1305	  L	  2.5	  0.0	0.116	0.000	0.000
1306	  D	  3.6	  0.0	0.116	0.000	0.000
1307	  V	  7.5	  0.0	0.116	4.487	4.487
1308	  V	  7.7	  0.0	0.116	4.487	4.487
1309	  A	  7.0	  0.0	0.116	4.487	4.487
1310	  S	  3.4	  0.0	0.245	4.487	4.487
1311	  I	  3.7	  0.0	0.129	4.487	4.487
1312	  H	  4.0	  0.0	0.129	1.036	1.036
1313	  L	  3.5	  0.0	0.129	1.036	1.036
1314	  S	  1.7	  0.1	0.461	0.000	0.000
1315	  K	  1.4	  0.1	0.461	0.000	0.000
1316	  R	  1.8	  0.1	0.332	0.000	0.000
1317	  T	  7.8	  0.1	0.332	0.000	0.000
1318	  V	  8.4	  0.0	0.332	0.000	0.000
1319	  R	  9.0	  0.0	0.332	0.000	0.000
1320	  R	  5.1	  0.0	0.000	0.000	0.000
1321	  I	 11.3	  0.0	0.000	0.000	0.000
1322	  R	 22.0	  0.0	0.393	0.000	0.000
1323	  I	 22.5	  0.0	0.393	11.333	11.333
1324	  N	 16.2	  0.0	6.145	12.369	12.369
1325	  L	  5.2	  0.0	6.354	84.914	84.914
1326	  V	  2.6	  0.0	6.852	98.120	98.120
1327	  L	  2.6	  0.0	6.852	99.167	99.167
1328	  A	  1.4	  0.0	6.852	99.296	99.296
1329	  L	  1.0	  0.0	6.852	99.450	99.450
1330	  I	  1.1	  0.0	6.571	98.955	98.955
1331	  Y	  2.5	  0.0	6.571	92.352	92.352
1332	  N	  2.3	  0.0	4.333	69.408	69.408
1333	  L	  2.1	  0.0	3.024	68.512	68.512
1334	  V	  1.1	  0.0	2.506	63.610	63.610
1335	  G	  0.9	  0.0	2.420	5.901	5.901
1336	  I	  0.7	  0.0	0.000	0.708	0.708
1337	  P	  0.0	  0.0	0.000	0.318	0.318
1338	  I	  0.9	  0.0	0.000	2.560	2.560
1339	  A	  0.9	  0.3	0.000	2.882	2.882
1340	  A	  1.0	  0.3	0.000	2.882	2.882
1341	  G	  0.1	  0.3	0.000	2.882	2.882
1342	  V	  7.7	  0.3	0.000	2.882	2.882
1343	  F	  7.8	  0.0	0.000	2.689	2.689
1344	  M	  7.8	  0.0	0.000	0.000	0.000
1345	  P	  0.2	  0.0	0.000	0.351	0.351
1346	  I	  0.3	  0.0	0.000	30.378	30.378
1347	  G	  0.3	  0.0	0.000	30.378	30.378
1348	  I	  9.2	  0.0	0.000	30.378	30.378
1349	  V	 13.8	  0.0	0.000	30.378	30.378
1350	  L	 13.8	  0.0	0.000	30.378	30.378
1351	  Q	  5.3	  0.0	0.000	0.000	0.000
1352	  P	  0.1	  0.0	0.000	0.000	0.000
1353	  W	  0.1	  0.2	0.000	0.000	0.000
1354	  M	  0.2	  0.4	0.000	0.000	0.000
1355	  G	  0.3	  0.5	0.910	0.000	0.000
1356	  S	  0.3	  0.5	1.866	0.000	0.000
1357	  A	  0.4	  0.3	1.866	0.286	0.286
1358	  A	  0.3	  0.0	1.866	0.687	0.687
1359	  M	  0.3	  0.0	1.866	1.161	1.161
1360	  A	  0.3	  0.1	1.866	1.578	1.578
1361	  A	  0.3	  0.2	1.720	2.070	2.070
1362	  S	  0.4	  0.2	1.393	2.714	2.714
1363	  S	 10.0	  0.3	0.295	8.302	8.302
1364	  V	 17.3	  0.2	0.000	47.755	47.755
1365	  S	 17.9	  0.1	0.000	48.325	48.325
1366	  V	 15.4	  0.1	0.000	50.695	50.695
1367	  V	  9.6	  0.0	0.000	50.853	50.853
1368	  L	  9.0	  0.1	0.000	49.750	49.750
1369	  S	  2.8	  0.1	1.099	11.448	11.448
1370	  S	  0.9	  0.1	2.652	6.580	6.580
1371	  L	  2.1	  0.2	2.652	5.685	5.685
1372	  Q	  2.9	  0.1	2.652	0.412	0.412
1373	  L	  4.4	  0.1	2.652	0.412	0.412
1374	  K	  3.6	  0.1	2.652	0.000	0.000
1375	  C	  6.4	  0.1	2.257	0.000	0.000
1376	  Y	  5.1	  0.1	1.843	0.000	0.000
1377	  K	  4.5	  0.0	0.944	0.000	0.000
1378	  K	  0.9	  1.4	0.290	0.000	0.000
1379	  P	  0.0	  1.4	0.000	0.000	0.000
1380	  D	  0.2	  1.4	0.414	0.000	0.000
1381	  L	  0.3	  1.5	0.414	0.000	0.000
1382	  E	  0.5	  0.2	0.614	0.000	0.000
1383	  R	  1.7	  0.1	0.614	0.000	0.000
1384	  Y	  4.1	  0.2	0.614	0.000	0.000
1385	  E	  3.9	  0.0	0.614	0.000	0.000
1386	  A	  2.6	  0.0	0.446	0.000	0.000
1387	  Q	  0.4	  0.2	0.446	0.000	0.000
1388	  A	  0.3	  0.6	0.000	0.000	0.000
1389	  H	  0.3	  0.8	0.000	0.000	0.000
1390	  G	  0.1	  0.8	0.000	0.000	0.000
1391	  H	  1.6	  0.6	0.000	0.000	0.000
1392	  M	  1.6	  0.2	0.000	0.000	0.000
1393	  K	  1.6	  0.0	0.000	0.000	0.000
1394	  P	  0.1	  0.0	0.000	0.000	0.000
1395	  L	  0.8	  0.0	0.000	0.000	0.000
1396	  T	  3.5	  0.1	0.000	0.000	0.000
1397	  A	  3.7	  0.2	0.000	0.000	0.000
1398	  S	  3.0	  0.2	0.000	0.000	0.000
1399	  Q	  0.8	  0.2	0.000	0.000	0.000
1400	  V	  8.5	  0.0	0.000	0.000	0.000
1401	  S	  9.9	  0.0	0.000	0.000	0.000
1402	  V	 19.8	  0.0	0.000	0.000	0.000
1403	  H	 13.0	  0.2	0.000	0.000	0.000
1404	  I	 11.5	  0.2	0.000	0.000	0.000
1405	  G	  1.3	  0.5	0.000	0.000	0.000
1406	  M	  0.4	  0.6	0.000	0.000	0.000
1407	  D	  0.2	  0.4	0.689	0.000	0.000
1408	  D	  0.2	  0.4	0.952	0.000	0.000
1409	  R	  0.9	  0.1	0.952	0.000	0.000
1410	  W	  1.3	  0.2	0.952	0.000	0.000
1411	  R	  1.4	  0.2	0.952	0.000	0.000
1412	  D	  0.5	  0.2	0.952	0.000	0.000
1413	  S	  0.1	  0.5	0.536	0.000	0.000
1414	  P	  0.0	  0.3	0.000	0.000	0.000
1415	  R	  0.4	  0.3	0.000	0.000	0.000
1416	  A	  0.4	  0.3	0.000	0.000	0.000
1417	  T	  0.4	  0.2	0.000	0.000	0.000
1418	  P	  0.1	  0.2	0.000	0.000	0.000
1419	  W	  0.6	  0.3	0.000	0.000	0.000
1420	  D	  0.7	  0.3	0.000	0.000	0.000
1421	  Q	  1.2	  0.1	0.000	0.000	0.000
1422	  V	  4.8	  0.1	0.000	0.165	0.165
1423	  S	  5.6	  0.0	0.000	0.165	0.165
1424	  Y	  6.7	  0.0	0.000	0.307	0.307
1425	  V	  4.2	  0.0	0.000	0.307	0.307
1426	  S	  3.4	  0.0	0.000	0.307	0.307
1427	  Q	  2.3	  0.0	0.000	0.142	0.142
1428	  V	  5.6	  0.0	0.000	0.142	0.142
1429	  S	 10.7	  0.3	0.000	0.000	0.000
1430	  L	 10.5	  0.4	0.000	0.000	0.000
1431	  S	  6.3	  0.5	0.000	0.000	0.000
1432	  S	  2.0	  0.4	0.000	0.000	0.000
1433	  L	  2.2	  0.2	0.000	0.000	0.000
1434	  T	  2.2	  0.4	0.000	0.000	0.000
1435	  S	  0.6	  0.4	0.000	0.000	0.000
1436	  D	  0.1	  0.4	0.000	0.000	0.000
1437	  K	  0.0	  0.7	0.000	0.000	0.000
1438	  P	  0.0	  0.4	0.000	0.000	0.000
1439	  S	  0.3	  0.5	0.000	0.000	0.000
1440	  R	  0.4	  0.5	0.000	0.000	0.000
1441	  H	  0.6	  0.2	0.000	0.000	0.000
1442	  S	  0.4	  0.2	0.133	0.000	0.000
1443	  A	  0.3	  0.1	0.133	0.000	0.000
1444	  A	  0.1	  0.5	0.133	0.000	0.000
1445	  A	  0.1	  0.6	0.133	0.000	0.000
1446	  D	  0.0	  7.4	0.133	0.000	0.000
1447	  D	  0.0	  8.1	1.079	0.000	0.000
1448	  D	  0.0	  8.4	1.245	0.000	0.000
1449	  G	  0.0	  8.2	1.372	0.000	0.000
1450	  D	  0.1	  1.4	1.600	0.000	0.000
1451	  K	  0.5	  0.7	1.600	0.000	0.000
1452	  W	  2.3	  0.1	1.600	11.762	11.762
1453	  S	  2.4	  0.1	1.725	11.762	11.762
1454	  L	  2.9	  0.1	1.241	11.762	11.762
1455	  L	  1.5	  0.3	1.114	11.762	11.762
1456	  L	  1.4	  4.6	0.997	11.762	11.762
1457	  N	  0.5	  4.8	0.864	0.274	0.274
1458	  G	  0.1	  5.1	0.125	0.110	0.110
1459	  R	  0.0	  4.9	0.000	0.000	0.000
1460	  D	  0.0	  0.7	0.000	0.000	0.000
1461	  E	  0.0	  0.5	0.000	0.000	0.000
1462	  E	  0.2	  0.2	0.000	0.000	0.000
1463	  Q	  1.3	  0.2	0.000	0.000	0.000
1464	  Y	  1.3	  0.0	0.000	0.000	0.000
1465	  I	  1.1	  0.0	0.000	0.000	0.000
