res	aa	Beta	Turn	Helix	Aggregation	Conc-Stab_Aggregation
01	  M	  0.2	  0.0	0.228	0.000	0.000
02	  L	  0.2	  0.0	0.228	0.000	0.000
03	  T	  0.3	  0.0	24.944	0.000	0.000
04	  E	  0.2	  0.0	25.987	0.000	0.000
05	  L	  0.3	  0.1	26.318	0.000	0.000
06	  E	  0.3	  0.1	26.318	0.000	0.000
07	  K	  0.2	  0.1	26.318	0.000	0.000
08	  A	  0.3	  0.1	26.318	0.128	0.128
09	  L	  0.5	  0.0	24.927	0.540	0.540
10	  N	  0.7	  0.0	23.518	0.540	0.540
11	  S	  1.0	  0.0	12.101	0.540	0.540
12	  I	  1.3	  0.0	1.099	0.732	0.732
13	  I	  7.0	  0.0	0.969	0.732	0.732
14	  D	  8.8	  0.0	1.093	0.192	0.192
15	  V	 10.9	  0.0	0.659	0.192	0.192
16	  Y	  6.5	  0.0	0.659	0.192	0.192
17	  H	  4.5	  0.0	0.124	0.192	0.192
18	  K	  2.4	  0.0	0.124	0.192	0.192
19	  Y	  4.3	  0.1	0.124	0.192	0.192
20	  S	  4.1	  0.1	0.000	0.192	0.192
21	  L	  3.8	  0.1	0.000	0.192	0.192
22	  I	  1.8	  0.3	0.000	0.192	0.192
23	  K	  1.4	  1.0	0.000	0.000	0.000
24	  G	  1.1	  1.0	0.000	0.000	0.000
25	  N	  0.4	  1.0	0.000	0.000	0.000
26	  F	  2.1	  0.8	0.000	1.441	1.441
27	  H	  2.6	  0.0	0.000	1.441	1.441
28	  A	  2.8	  0.0	0.000	1.441	1.441
29	  V	  3.3	  0.0	0.000	1.441	1.441
30	  Y	  3.4	  0.2	0.371	1.441	1.441
31	  R	  2.8	  0.5	0.998	0.000	0.000
32	  D	  0.7	  0.6	2.143	0.000	0.000
33	  D	  0.2	  0.6	12.694	0.000	0.000
34	  L	  0.2	  0.4	12.694	0.000	0.000
35	  K	  0.3	  0.1	12.694	0.000	0.000
36	  K	  0.4	  0.1	12.694	0.000	0.000
37	  L	  0.4	  0.1	12.539	0.000	0.000
38	  L	  0.4	  0.1	12.539	0.000	0.000
39	  E	  0.1	  0.1	11.745	0.000	0.000
40	  T	  0.3	  0.1	7.139	0.000	0.000
41	  E	  0.3	  0.1	6.871	0.000	0.000
42	  C	  0.3	  0.5	6.285	0.000	0.000
43	  P	  0.0	  0.5	0.716	0.000	0.000
44	  Q	  0.5	  0.5	0.716	0.000	0.000
45	  Y	  1.9	  0.5	0.716	0.000	0.000
46	  I	  2.6	  0.0	0.716	0.000	0.000
47	  R	  2.2	  0.2	0.716	0.000	0.000
48	  K	  0.9	  0.5	0.541	0.000	0.000
49	  K	  0.1	  0.6	0.297	0.000	0.000
50	  G	  0.0	  1.0	0.123	0.000	0.000
51	  A	  0.1	  0.8	0.000	0.146	0.146
52	  D	  2.1	  0.5	0.000	0.146	0.146
53	  V	  3.6	  0.4	0.000	0.146	0.146
54	  W	  4.2	  0.0	0.000	0.146	0.146
55	  F	  2.9	  0.1	0.000	0.146	0.146
56	  K	  1.5	  0.2	0.175	0.146	0.146
57	  E	  1.5	  0.2	0.175	0.000	0.000
58	  L	  3.3	  0.2	0.175	0.000	0.000
59	  D	  4.1	  0.5	0.175	0.000	0.000
60	  I	  5.5	  0.4	0.175	0.000	0.000
61	  N	  3.2	  2.4	0.175	0.000	0.000
62	  T	  2.2	  2.7	0.000	0.000	0.000
63	  D	  0.2	  2.3	0.000	0.000	0.000
64	  G	  0.0	  2.3	0.000	0.002	0.002
65	  A	  0.3	  0.3	0.000	0.061	0.061
66	  V	  3.2	  0.0	0.000	0.144	0.144
67	  N	  4.1	  0.0	4.712	0.151	0.151
68	  F	  4.8	  0.0	4.840	0.332	0.332
69	  Q	  2.4	  0.0	5.660	0.347	0.347
70	  E	  1.4	  0.0	5.785	0.722	0.722
71	  F	  1.1	  0.0	6.307	93.016	93.016
72	  L	  1.9	  0.0	6.422	99.902	99.902
73	  I	  4.8	  0.0	6.577	99.902	99.902
74	  L	  6.2	  0.0	6.577	99.902	99.902
75	  V	  7.4	  0.0	6.441	99.902	99.902
76	  I	  9.6	  0.0	6.441	92.176	92.176
77	  K	  7.6	  0.0	6.441	0.722	0.722
78	  M	  5.5	  0.0	4.843	0.579	0.579
79	  G	  0.7	  0.0	3.469	0.415	0.415
80	  V	  1.6	  0.0	0.450	0.400	0.400
81	  A	  1.5	  0.0	0.450	0.226	0.226
82	  A	  1.5	  0.0	0.316	0.078	0.078
83	  H	  0.5	  0.1	0.316	0.000	0.000
84	  K	  0.4	  0.2	0.178	0.000	0.000
85	  K	  0.6	  0.3	0.000	0.000	0.000
86	  S	  1.2	  0.3	0.000	0.000	0.000
87	  H	  1.2	  0.3	0.000	0.000	0.000
88	  E	  0.9	  0.3	0.000	0.000	0.000
89	  E	  0.7	  0.3	0.000	0.000	0.000
90	  S	  0.9	  0.3	0.000	0.000	0.000
91	  H	  1.3	  0.1	0.000	0.000	0.000
92	  K	  0.7	  0.1	0.000	0.000	0.000
93	  E	  0.3	  0.0	0.000	0.000	0.000
