res	aa	Beta	Turn	Helix	Aggregation	Conc-Stab_Aggregation
01	  M	  0.1	  0.3	0.000	0.000	0.000
02	  E	  0.1	  0.3	0.125	0.000	0.000
03	  D	  0.2	  1.9	1.338	0.000	0.000
04	  L	  0.4	  1.9	1.338	0.000	0.000
05	  D	  0.4	  1.6	1.482	0.000	0.000
06	  A	  0.5	  1.6	1.482	0.000	0.000
07	  L	  0.8	  0.0	1.482	0.000	0.000
08	  L	  0.8	  0.2	1.482	0.000	0.000
09	  S	  0.5	  0.3	1.245	0.000	0.000
10	  D	  0.3	  0.3	0.425	0.000	0.000
11	  L	  0.3	  0.3	0.000	0.000	0.000
12	  E	  0.5	  0.1	0.000	0.000	0.000
13	  T	  2.0	  0.1	0.000	0.000	0.000
14	  T	  5.0	  0.1	0.000	0.000	0.000
15	  T	  5.5	  0.1	0.000	0.000	0.000
16	  S	  4.1	  0.1	0.000	0.000	0.000
17	  H	  1.2	  0.1	0.000	0.000	0.000
18	  M	  0.5	  0.2	0.000	0.000	0.000
19	  P	  0.1	  0.5	0.000	0.000	0.000
20	  R	  0.1	  0.7	0.000	0.000	0.000
21	  S	  0.2	  0.7	0.000	0.000	0.000
22	  G	  0.2	  0.6	0.000	0.000	0.000
23	  A	  0.0	  0.4	0.000	0.000	0.000
24	  P	  0.0	  0.2	0.000	0.000	0.000
25	  K	  0.4	  0.2	0.000	0.000	0.000
26	  E	  0.4	  0.2	0.000	0.000	0.000
27	  R	  0.4	  0.1	0.000	0.000	0.000
28	  P	  0.0	  0.0	0.000	0.000	0.000
29	  A	  0.0	  0.0	0.000	0.000	0.000
30	  E	  0.0	  0.0	0.000	0.000	0.000
31	  P	  0.0	  0.0	0.000	0.000	0.000
32	  L	  0.0	  0.0	0.000	0.000	0.000
33	  T	  0.0	  0.0	0.000	0.000	0.000
34	  P	  0.0	  0.0	0.000	0.000	0.000
35	  P	  0.0	  0.6	0.000	0.000	0.000
36	  P	  0.0	  0.8	0.000	0.000	0.000
37	  S	  0.8	  1.0	0.000	0.000	0.000
38	  Y	  0.9	  1.2	0.000	0.000	0.000
39	  G	  1.0	  0.6	0.000	0.000	0.000
40	  H	  0.3	  0.4	0.000	0.000	0.000
41	  Q	  0.1	  0.2	0.000	0.000	0.000
42	  P	  0.1	  0.2	0.000	0.000	0.000
43	  Q	  0.0	  0.3	0.000	0.000	0.000
44	  T	  0.2	  1.4	0.000	0.000	0.000
45	  G	  0.2	  1.7	0.000	0.000	0.000
46	  S	  0.2	  1.8	0.000	0.000	0.000
47	  G	  0.1	  1.9	0.000	0.000	0.000
48	  E	  0.1	  1.1	0.000	0.000	0.000
49	  S	  0.1	  1.1	0.000	0.000	0.000
50	  S	  0.1	  1.2	0.000	0.000	0.000
51	  G	  0.1	  1.7	0.000	0.000	0.000
52	  A	  0.1	  1.7	0.000	0.000	0.000
53	  S	  0.1	  2.8	0.000	0.000	0.000
54	  G	  0.1	  2.5	0.000	0.000	0.000
55	  D	  0.1	  5.2	0.000	0.000	0.000
56	  K	  0.1	  5.0	0.000	0.000	0.000
57	  D	  0.1	  3.5	0.000	0.000	0.000
58	  H	  0.6	  3.4	0.000	0.000	0.000
59	  L	  1.1	  0.0	0.000	3.148	3.148
60	  Y	  2.0	  0.1	0.000	3.148	3.148
61	  S	  1.9	  0.1	0.000	3.148	3.148
62	  T	  4.5	  0.1	0.000	3.148	3.148
63	  V	  4.1	  0.1	0.000	3.148	3.148
64	  C	  3.8	  0.0	0.000	0.455	0.455
65	  K	  0.6	  0.1	0.000	0.000	0.000
66	  P	  0.1	  0.1	0.000	0.000	0.000
67	  R	  0.1	  0.1	0.000	0.000	0.000
68	  S	  0.1	  0.1	0.000	0.000	0.000
69	  P	  0.1	  0.0	0.000	0.000	0.000
70	  K	  0.0	  0.0	0.000	0.000	0.000
71	  P	  0.0	  0.0	0.000	0.000	0.000
72	  A	  0.0	  0.0	0.000	0.000	0.000
73	  A	  0.0	  0.0	0.000	0.000	0.000
74	  P	  0.0	  0.0	0.000	0.000	0.000
75	  A	  0.0	  0.0	0.000	0.000	0.000
76	  A	  0.0	  0.0	0.000	0.000	0.000
77	  P	  0.0	  0.0	0.000	0.000	0.000
78	  P	  0.0	  0.0	0.000	0.000	0.000
79	  F	  1.6	  0.1	0.000	0.000	0.000
80	  S	  2.6	  0.9	0.000	0.000	0.000
81	  S	  3.5	  3.5	0.000	0.000	0.000
82	  S	  2.0	  3.8	0.000	0.000	0.000
83	  S	  1.0	  3.6	0.000	0.000	0.000
84	  G	  0.1	  2.9	0.000	0.000	0.000
85	  V	  0.6	  0.3	0.000	0.000	0.000
86	  L	  0.6	  0.2	0.000	0.000	0.000
87	  G	  0.6	  0.3	0.520	0.000	0.000
88	  T	  0.0	  0.3	0.618	0.000	0.000
89	  G	  0.0	  0.3	4.284	0.000	0.000
90	  L	  0.2	  0.1	5.199	0.000	0.000
91	  C	  1.5	  0.1	20.352	0.000	0.000
92	  E	  2.0	  0.1	24.115	0.000	0.000
93	  L	  1.9	  0.2	24.362	0.000	0.000
94	  D	  0.6	  0.2	26.256	0.000	0.000
95	  R	  0.3	  0.1	26.256	0.000	0.000
96	  L	  0.4	  0.1	26.256	0.000	0.000
97	  L	  0.5	  0.1	25.753	0.000	0.000
98	  Q	  0.2	  0.1	25.169	0.000	0.000
99	  E	  0.8	  0.1	22.313	0.000	0.000
100	  L	  1.0	  0.1	18.259	0.000	0.000
101	  N	  1.0	  0.2	15.758	0.000	0.000
102	  A	  0.5	  0.2	7.863	0.000	0.000
103	  T	  2.2	  0.2	2.927	0.000	0.000
104	  Q	  3.9	  0.1	2.769	0.000	0.000
105	  F	  8.5	  0.0	1.003	0.000	0.000
106	  N	  9.0	  0.0	0.111	0.000	0.000
107	  I	  7.7	  0.0	0.000	0.000	0.000
108	  T	  3.1	  0.1	0.000	0.000	0.000
109	  D	  0.5	  0.1	0.299	0.000	0.000
110	  E	  0.3	  0.1	0.299	0.000	0.000
111	  I	  1.9	  0.0	0.299	0.000	0.000
112	  M	  2.2	  0.2	0.299	0.000	0.000
113	  S	  2.7	  0.2	0.299	0.000	0.000
114	  Q	  1.2	  0.2	0.299	0.000	0.000
115	  F	  1.0	  0.6	0.121	0.000	0.000
116	  P	  0.2	  0.6	0.000	0.000	0.000
117	  S	  0.2	  0.6	0.000	0.000	0.000
118	  S	  0.5	  0.6	0.000	0.000	0.000
119	  K	  2.7	  0.2	0.000	0.000	0.000
120	  V	  5.0	  0.3	0.000	0.000	0.000
121	  A	  4.6	  0.5	0.000	0.000	0.000
122	  S	  2.5	  0.6	0.000	0.000	0.000
123	  G	  0.1	  0.7	0.000	0.000	0.000
124	  E	  0.4	  0.5	0.000	0.000	0.000
125	  Q	  0.8	  0.3	0.000	0.000	0.000
126	  K	  0.8	  0.6	0.000	0.000	0.000
127	  E	  0.6	  0.5	0.000	0.000	0.000
128	  D	  0.2	  1.5	0.000	0.000	0.000
129	  Q	  0.2	  1.5	0.000	0.000	0.000
130	  S	  0.2	  3.3	0.748	0.000	0.000
131	  E	  0.2	  3.3	0.748	0.000	0.000
132	  D	  0.1	  2.5	0.748	0.000	0.000
133	  K	  0.3	  2.4	0.748	0.000	0.000
134	  K	  0.3	  0.2	0.748	0.000	0.000
135	  R	  0.2	  0.5	0.748	0.000	0.000
136	  P	  0.1	  0.4	0.000	0.000	0.000
137	  S	  0.1	  0.4	0.000	0.000	0.000
138	  L	  0.1	  0.7	0.000	0.000	0.000
139	  P	  0.1	  0.3	0.000	0.000	0.000
140	  S	  0.0	  0.3	0.000	0.000	0.000
141	  S	  0.1	  0.3	0.000	0.000	0.000
142	  P	  0.1	  0.0	0.000	0.000	0.000
143	  S	  0.1	  1.2	0.000	0.000	0.000
144	  P	  0.0	  1.2	0.000	0.000	0.000
145	  G	  0.0	  1.2	0.000	0.000	0.000
146	  L	  0.0	  1.4	0.000	0.000	0.000
147	  P	  0.0	  0.2	0.000	0.000	0.000
148	  K	  0.2	  0.3	0.000	0.000	0.000
149	  A	  0.3	  0.4	0.000	0.000	0.000
150	  S	  1.1	  0.3	0.000	0.000	0.000
151	  A	  1.2	  0.4	0.000	0.000	0.000
152	  T	  1.4	  0.2	0.000	0.000	0.000
153	  S	  1.4	  0.4	0.256	0.000	0.000
154	  A	  1.6	  0.2	0.256	0.000	0.000
155	  T	  2.3	  0.2	1.653	0.000	0.000
156	  L	  2.1	  0.2	2.271	0.000	0.000
157	  E	  2.4	  0.1	3.819	0.000	0.000
158	  L	  1.4	  0.1	3.819	0.000	0.000
159	  D	  0.8	  0.2	5.118	0.000	0.000
160	  R	  0.4	  0.1	5.118	0.000	0.000
161	  L	  0.7	  0.1	5.118	0.209	0.209
162	  M	  0.8	  0.2	4.961	0.209	0.209
163	  A	  0.8	  0.2	3.999	0.209	0.209
164	  S	  5.7	  0.6	3.454	0.209	0.209
165	  L	  5.6	  1.1	1.623	0.209	0.209
166	  S	  5.2	  0.9	1.037	0.000	0.000
167	  D	  1.1	  0.9	0.247	0.000	0.000
168	  F	  5.0	  0.5	0.000	0.000	0.000
169	  R	  6.4	  0.0	0.000	0.000	0.000
170	  V	  6.7	  0.1	0.000	0.000	0.000
171	  Q	  2.9	  0.1	0.000	0.000	0.000
172	  N	  1.4	  0.1	0.000	0.000	0.000
173	  H	  0.2	  0.1	0.000	0.000	0.000
174	  L	  0.1	  0.0	0.000	0.000	0.000
175	  P	  0.1	  0.6	0.000	0.000	0.000
176	  A	  0.1	  0.6	0.000	0.000	0.000
177	  S	  0.1	  1.0	0.000	0.000	0.000
178	  G	  0.1	  1.3	0.000	0.000	0.000
179	  P	  0.0	  0.7	0.000	0.000	0.000
180	  T	  0.0	  0.7	0.000	0.000	0.000
181	  Q	  0.0	  0.3	0.000	0.000	0.000
182	  P	  0.0	  0.0	0.000	0.000	0.000
183	  P	  0.0	  0.0	0.000	0.000	0.000
184	  V	  4.7	  0.0	0.000	0.000	0.000
185	  V	  6.1	  0.0	0.000	0.000	0.000
186	  S	  6.4	  0.2	0.000	0.000	0.000
187	  S	  2.3	  0.6	0.000	0.000	0.000
188	  T	  1.0	  0.6	0.000	0.000	0.000
189	  N	  0.7	  1.8	0.000	0.000	0.000
190	  E	  0.1	  1.7	0.000	0.000	0.000
191	  G	  0.0	  1.3	0.000	0.000	0.000
192	  S	  0.1	  1.3	0.000	0.000	0.000
193	  P	  0.1	  0.0	0.000	0.000	0.000
194	  S	  0.1	  0.0	0.000	0.000	0.000
195	  P	  0.0	  0.0	0.000	0.000	0.000
196	  P	  0.0	  0.0	0.000	0.000	0.000
197	  E	  0.0	  0.5	0.000	0.000	0.000
198	  P	  0.0	  0.7	0.000	0.000	0.000
199	  T	  0.1	  1.0	0.000	0.000	0.000
200	  G	  0.1	  1.7	0.000	0.000	0.000
201	  K	  0.1	  1.5	0.000	0.000	0.000
202	  G	  0.0	  1.4	0.000	0.000	0.000
203	  S	  2.4	  1.7	1.731	0.000	0.000
204	  L	  2.6	  0.9	1.731	0.000	0.000
205	  D	  2.6	  0.7	1.867	0.000	0.000
206	  T	  1.2	  0.6	2.049	0.218	0.218
207	  M	  1.1	  0.0	2.049	0.585	0.585
208	  L	  1.1	  0.0	2.049	0.585	0.585
209	  G	  0.2	  0.0	1.890	0.585	0.585
210	  L	  0.3	  0.0	1.398	0.585	0.585
211	  L	  0.4	  0.1	0.715	0.585	0.585
212	  Q	  0.4	  0.3	0.496	0.000	0.000
213	  S	  0.3	  0.3	1.637	0.000	0.000
214	  D	  0.2	  1.0	1.474	0.000	0.000
215	  L	  0.3	  0.9	1.474	0.000	0.000
216	  S	  0.8	  0.9	1.474	0.000	0.000
217	  R	  0.8	  1.0	1.474	0.000	0.000
218	  R	  0.8	  0.4	1.474	0.000	0.000
219	  G	  0.3	  0.3	0.966	0.000	0.000
220	  V	  0.1	  0.1	0.000	0.000	0.000
221	  P	  0.0	  0.0	0.000	0.000	0.000
222	  T	  0.5	  0.0	0.000	0.000	0.000
223	  Q	  0.7	  0.2	0.000	0.000	0.000
224	  A	  0.7	  0.4	0.000	0.000	0.000
225	  K	  0.2	  0.4	0.000	0.000	0.000
226	  G	  0.1	  0.4	0.000	0.000	0.000
227	  L	  0.2	  0.2	0.000	0.000	0.000
228	  C	  0.3	  0.2	0.000	0.000	0.000
229	  G	  0.4	  0.3	0.000	0.000	0.000
230	  S	  8.9	  0.7	0.000	0.000	0.000
231	  C	  9.8	  0.7	0.000	0.000	0.000
232	  N	  9.7	  0.5	0.000	0.000	0.000
233	  K	  1.2	  0.5	0.000	0.000	0.000
234	  P	  0.0	  0.0	0.000	0.000	0.000
235	  I	  1.3	  0.3	0.000	0.000	0.000
236	  A	  1.3	  0.3	0.000	0.000	0.000
237	  G	  1.3	  0.3	0.000	0.000	0.000
238	  Q	  0.7	  0.3	0.000	0.464	0.464
239	  V	  3.7	  0.0	0.000	9.065	9.065
240	  V	  6.8	  0.0	0.000	9.065	9.065
241	  T	  6.5	  0.2	0.349	9.065	9.065
242	  A	  3.6	  0.3	0.349	9.065	9.065
243	  L	  0.5	  0.4	0.349	8.909	8.909
244	  G	  0.1	  0.4	0.349	0.710	0.710
245	  R	  0.4	  0.2	0.349	0.000	0.000
246	  A	  1.0	  0.1	0.349	0.000	0.000
247	  W	  1.0	  0.0	0.193	0.000	0.000
248	  H	  0.7	  0.4	0.193	0.000	0.000
249	  P	  0.1	  0.5	0.000	0.000	0.000
250	  E	  0.5	  0.5	0.000	0.000	0.000
251	  H	  2.8	  0.5	0.000	0.000	0.000
252	  F	  5.1	  0.1	0.000	0.000	0.000
253	  V	  5.0	  0.0	0.000	0.000	0.000
254	  C	  2.7	  0.3	0.000	0.000	0.000
255	  G	  0.4	  0.7	0.000	0.000	0.000
256	  G	  0.1	  0.6	0.000	0.000	0.000
257	  C	  0.3	  0.8	0.000	0.000	0.000
258	  S	  0.4	  0.5	0.000	0.000	0.000
259	  T	  0.8	  0.4	0.000	0.000	0.000
260	  A	  0.7	  0.4	0.000	0.000	0.000
261	  L	  0.5	  0.5	0.000	0.000	0.000
262	  G	  0.1	  1.0	0.000	0.000	0.000
263	  G	  0.0	  1.0	0.000	0.000	0.000
264	  S	  0.3	  1.0	0.000	0.000	0.000
265	  S	  1.5	  0.7	0.000	0.000	0.000
266	  F	  3.9	  0.2	0.000	0.000	0.000
267	  F	  5.7	  0.1	0.000	0.000	0.000
268	  E	  4.8	  0.6	0.000	0.000	0.000
269	  K	  2.3	  0.9	0.000	0.000	0.000
270	  D	  0.3	  0.9	0.000	0.000	0.000
271	  G	  0.0	  0.8	0.000	0.000	0.000
272	  A	  0.0	  0.5	0.000	0.000	0.000
273	  P	  0.0	  0.2	0.000	0.000	0.000
274	  F	  0.3	  0.2	0.000	0.000	0.000
275	  C	  0.3	  0.8	0.000	0.000	0.000
276	  P	  0.3	  0.7	0.000	0.000	0.000
277	  E	  0.5	  0.7	0.000	0.000	0.000
278	  C	  1.5	  0.7	0.441	0.000	0.000
279	  Y	  3.9	  0.1	0.441	0.000	0.000
280	  F	  5.7	  0.1	0.441	0.000	0.000
281	  E	  4.9	  0.1	0.441	0.000	0.000
282	  R	  4.4	  0.1	0.441	0.000	0.000
283	  F	  2.5	  0.1	0.441	0.000	0.000
284	  S	  2.3	  0.5	0.290	0.000	0.000
285	  P	  0.4	  0.6	0.000	0.000	0.000
286	  R	  0.4	  0.6	0.000	0.000	0.000
287	  C	  0.5	  0.6	0.000	0.000	0.000
288	  G	  0.6	  0.1	0.000	0.000	0.000
289	  F	  2.1	  0.1	0.000	0.000	0.000
290	  C	  4.6	  0.1	0.000	0.000	0.000
291	  N	  4.6	  0.1	0.000	0.000	0.000
292	  Q	  2.6	  0.1	0.000	0.000	0.000
293	  P	  0.0	  0.0	0.000	0.000	0.000
294	  I	  0.9	  0.0	0.000	0.000	0.000
295	  R	  1.3	  0.0	0.000	0.000	0.000
296	  H	  1.9	  0.0	0.000	0.000	0.000
297	  K	  1.7	  0.0	0.000	0.000	0.000
298	  M	  1.9	  0.0	0.000	0.752	0.752
299	  V	  4.4	  0.0	0.000	0.752	0.752
300	  T	  4.1	  0.2	0.000	0.752	0.752
301	  A	  3.7	  0.2	0.000	0.752	0.752
302	  L	  0.5	  0.3	0.000	0.752	0.752
303	  G	  0.1	  0.3	0.000	0.000	0.000
304	  T	  2.7	  0.2	0.000	0.000	0.000
305	  H	  5.6	  0.2	0.000	0.000	0.000
306	  W	  5.7	  0.0	0.000	0.000	0.000
307	  H	  3.1	  0.3	0.000	0.000	0.000
308	  P	  0.1	  0.4	0.000	0.000	0.000
309	  E	  0.3	  0.4	0.000	0.000	0.000
310	  H	  3.0	  0.4	0.000	0.000	0.000
311	  F	 18.9	  0.1	0.000	0.000	0.000
312	  C	 26.0	  0.0	0.000	0.000	0.000
313	  C	 25.0	  0.0	0.000	0.000	0.000
314	  V	 15.1	  0.0	0.000	0.000	0.000
315	  S	  8.0	  0.0	0.000	0.000	0.000
316	  C	  6.9	  0.0	0.000	0.000	0.000
317	  G	  1.2	  0.0	0.000	0.000	0.000
318	  E	  0.2	  0.2	0.000	0.000	0.000
319	  P	  0.0	  0.4	0.000	0.000	0.000
320	  F	  0.1	  2.3	0.000	0.000	0.000
321	  G	  0.1	  2.5	0.000	0.000	0.000
322	  D	  0.1	  2.9	0.000	0.000	0.000
323	  E	  0.0	  2.7	0.000	0.000	0.000
324	  G	  0.0	  0.8	0.000	0.000	0.000
325	  F	  1.2	  0.7	0.000	0.000	0.000
326	  H	  1.5	  0.1	0.000	0.000	0.000
327	  E	  1.5	  0.2	0.000	0.000	0.000
328	  R	  0.4	  0.7	0.000	0.000	0.000
329	  E	  0.1	  0.7	0.000	0.000	0.000
330	  G	  0.0	  0.6	0.000	0.000	0.000
331	  R	  0.0	  0.7	0.000	0.000	0.000
332	  P	  0.0	  0.2	0.000	0.000	0.000
333	  Y	  2.5	  0.2	0.000	0.000	0.000
334	  C	  3.6	  0.3	0.000	0.000	0.000
335	  R	  4.2	  0.5	0.000	0.000	0.000
336	  R	  2.0	  0.5	0.000	0.000	0.000
337	  D	  0.9	  0.5	0.000	0.000	0.000
338	  F	  1.1	  0.4	0.000	23.072	23.072
339	  L	  2.5	  0.1	0.000	23.072	23.072
340	  Q	  3.6	  0.1	0.000	23.072	23.072
341	  L	  3.6	  0.1	0.000	23.072	23.072
342	  F	  2.2	  0.1	0.000	23.072	23.072
343	  A	  1.0	  0.3	0.000	0.000	0.000
344	  P	  0.2	  0.3	0.000	0.000	0.000
345	  R	  1.0	  0.3	0.000	0.000	0.000
346	  C	  1.1	  1.3	0.000	0.000	0.000
347	  Q	  1.1	  1.1	0.000	0.000	0.000
348	  G	  0.1	  1.1	0.000	0.000	0.000
349	  C	  0.1	  1.1	0.000	0.000	0.000
350	  Q	  0.1	  0.2	0.000	0.000	0.000
351	  G	  0.1	  0.0	0.000	0.000	0.000
352	  P	  0.0	  0.0	0.000	0.000	0.000
353	  I	  0.5	  0.1	0.000	0.000	0.000
354	  L	  0.6	  0.4	0.000	0.000	0.000
355	  D	  0.7	  0.4	0.000	0.000	0.000
356	  N	  1.1	  0.4	0.160	0.000	0.000
357	  Y	  2.0	  0.3	0.160	2.961	2.961
358	  I	  3.5	  0.0	0.160	3.994	3.994
359	  S	  2.7	  0.0	1.214	3.994	3.994
360	  A	  2.0	  0.0	1.214	4.766	4.766
361	  L	  1.0	  0.0	1.214	5.502	5.502
362	  S	  1.0	  0.0	1.214	5.044	5.044
363	  A	  0.9	  0.0	1.055	5.044	5.044
364	  L	  0.9	  0.0	1.055	5.044	5.044
365	  W	  0.9	  0.0	0.735	4.439	4.439
366	  H	  0.7	  3.1	0.507	0.000	0.000
367	  P	  0.1	  3.2	0.000	0.000	0.000
368	  D	  1.3	  3.2	0.000	0.000	0.000
369	  C	  3.7	  3.2	0.000	0.000	0.000
370	  F	  5.8	  0.0	0.000	0.000	0.000
371	  V	  5.1	  0.0	0.000	0.000	0.000
372	  C	  3.0	  0.1	0.000	0.000	0.000
373	  R	  0.8	  0.2	0.000	0.000	0.000
374	  E	  0.7	  0.2	0.000	0.000	0.000
375	  C	 14.2	  0.2	0.000	0.000	0.000
376	  F	 14.3	  0.0	0.000	0.000	0.000
377	  A	 13.9	  0.0	0.000	0.000	0.000
378	  P	  0.2	  0.0	0.000	0.000	0.000
379	  F	  1.3	  0.2	0.000	0.000	0.000
380	  S	  1.3	  0.4	0.000	0.000	0.000
381	  G	  1.3	  0.9	0.000	0.000	0.000
382	  G	  0.1	  0.9	0.000	0.000	0.000
383	  S	  1.2	  0.7	0.000	0.000	0.000
384	  F	  3.7	  0.5	0.000	0.000	0.000
385	  F	  5.6	  0.1	0.000	0.000	0.000
386	  E	  4.6	  0.1	0.000	0.000	0.000
387	  H	  2.2	  1.3	0.000	0.000	0.000
388	  E	  0.2	  1.3	0.000	0.000	0.000
389	  G	  0.0	  1.2	0.000	0.000	0.000
390	  R	  0.0	  1.4	0.000	0.000	0.000
391	  P	  0.0	  0.2	0.000	0.000	0.000
392	  L	  0.2	  0.2	0.000	0.000	0.000
393	  C	  0.8	  0.8	0.000	0.000	0.000
394	  E	  1.0	  0.6	0.000	0.000	0.000
395	  N	  1.4	  0.6	0.000	0.000	0.000
396	  H	  3.3	  0.6	0.000	0.000	0.000
397	  F	  4.8	  0.0	0.000	0.000	0.000
398	  H	  4.5	  0.2	0.000	0.000	0.000
399	  A	  2.2	  0.3	0.000	0.000	0.000
400	  R	  0.6	  0.5	0.000	0.000	0.000
401	  R	  0.3	  0.6	0.000	0.000	0.000
402	  G	  0.2	  0.5	0.000	0.000	0.000
403	  S	  0.7	  0.4	0.000	0.000	0.000
404	  L	  1.1	  0.2	0.000	0.000	0.000
405	  C	  1.3	  0.4	0.000	0.000	0.000
406	  A	  0.9	  0.4	0.000	0.000	0.000
407	  T	  1.0	  0.4	0.000	0.000	0.000
408	  C	  1.2	  0.4	0.000	0.000	0.000
409	  G	  0.9	  0.0	0.000	0.000	0.000
410	  L	  0.4	  0.0	0.000	0.000	0.000
411	  P	  0.0	  0.0	0.000	0.000	0.000
412	  V	  0.7	  0.1	0.000	0.000	0.000
413	  T	  0.8	  0.2	0.000	0.000	0.000
414	  G	  0.8	  0.2	0.000	0.000	0.000
415	  R	  1.3	  0.2	0.000	0.000	0.000
416	  C	  2.9	  0.2	0.170	0.000	0.000
417	  V	  5.0	  0.0	0.170	0.000	0.000
418	  S	  3.9	  0.3	0.559	0.000	0.000
419	  A	  2.3	  0.4	0.559	0.000	0.000
420	  L	  0.2	  0.5	0.559	0.000	0.000
421	  G	  0.1	  0.6	0.559	0.000	0.000
422	  R	  0.9	  0.3	0.559	0.000	0.000
423	  R	  2.5	  0.2	0.389	0.000	0.000
424	  F	  2.7	  0.1	0.000	0.000	0.000
425	  H	  1.8	  1.6	0.000	0.000	0.000
426	  P	  0.2	  1.6	0.000	0.000	0.000
427	  D	  0.2	  1.6	0.000	0.000	0.000
428	  H	  2.8	  1.6	0.000	1.176	1.176
429	  F	 18.4	  0.1	0.000	3.357	3.357
430	  T	 22.9	  0.0	0.000	3.357	3.357
431	  C	 22.7	  0.0	0.000	3.357	3.357
432	  T	 15.0	  0.0	0.000	3.357	3.357
433	  F	 11.1	  0.0	0.000	3.357	3.357
434	  C	 11.7	  0.0	0.000	3.093	3.093
435	  L	  4.9	  0.0	0.000	2.614	2.614
436	  R	  3.0	  0.0	0.000	0.000	0.000
437	  P	  0.1	  0.0	0.000	0.000	0.000
438	  L	  0.5	  0.0	0.000	0.000	0.000
439	  T	  0.5	  0.6	0.000	0.000	0.000
440	  K	  0.5	  1.0	0.000	0.000	0.000
441	  G	  0.1	  1.0	0.000	0.000	0.000
442	  S	  3.3	  1.0	0.639	0.000	0.000
443	  F	  4.4	  0.4	0.639	0.000	0.000
444	  Q	  4.5	  0.1	0.639	0.000	0.000
445	  E	  1.3	  0.1	0.639	0.000	0.000
446	  R	  0.2	  0.6	0.639	0.000	0.000
447	  A	  0.2	  0.6	0.639	0.000	0.000
448	  G	  0.1	  0.5	0.512	0.000	0.000
449	  K	  0.0	  0.7	0.270	0.000	0.000
450	  P	  0.0	  0.2	0.000	0.000	0.000
451	  Y	  4.4	  0.2	0.000	0.000	0.000
452	  C	  4.6	  0.2	0.000	0.000	0.000
453	  Q	  4.6	  0.0	0.000	0.000	0.000
454	  P	  0.2	  0.0	0.000	0.000	0.000
455	  C	  1.7	  0.0	0.000	0.000	0.000
456	  F	  2.6	  0.0	0.000	0.000	0.000
457	  L	  4.0	  0.1	0.000	0.000	0.000
458	  K	  2.6	  0.1	0.000	0.000	0.000
459	  L	  1.9	  0.1	0.000	0.000	0.000
460	  F	  0.4	  0.1	0.000	0.000	0.000
461	  G	  0.1	  0.0	0.000	0.000	0.000
