res	aa	Beta	Turn	Helix	Aggregation	Conc-Stab_Aggregation
01	  M	  0.1	  0.0	0.119	0.006	0.006
02	  A	  0.2	  0.0	0.270	23.751	23.751
03	  A	  0.3	  0.0	0.270	34.872	34.872
04	  A	  0.4	  0.0	0.435	61.915	61.915
05	  L	  1.0	  0.0	0.435	93.751	93.751
06	  F	  2.6	  0.0	0.435	99.436	99.436
07	  V	  6.3	  0.0	0.435	99.896	99.896
08	  L	  5.7	  0.2	0.435	99.906	99.906
09	  L	  4.1	  0.2	0.435	99.631	99.631
10	  G	  0.3	  0.2	0.595	97.299	97.299
11	  F	  1.0	  0.3	0.160	97.078	97.078
12	  A	  1.2	  0.1	0.160	94.330	94.330
13	  L	  1.1	  0.1	0.160	92.005	92.005
14	  L	  0.4	  0.3	0.160	79.310	79.310
15	  G	  0.1	  0.3	0.160	9.986	9.986
16	  T	  0.3	  0.5	0.000	3.745	3.745
17	  H	  0.3	  0.8	0.000	0.032	0.032
18	  G	  0.3	  1.3	0.000	0.005	0.005
19	  A	  0.1	  1.4	0.000	0.002	0.002
20	  S	  0.1	  1.5	0.129	0.000	0.000
21	  G	  0.1	  1.3	0.129	0.000	0.000
22	  A	  0.1	  1.0	0.129	0.568	0.568
23	  A	  0.1	  0.7	0.129	0.568	0.568
24	  G	  0.1	  0.5	0.129	0.568	0.568
25	  F	  1.5	  0.4	0.129	0.568	0.568
26	  V	  4.4	  0.0	0.000	0.568	0.568
27	  Q	  4.4	  0.0	0.000	0.000	0.000
28	  A	  2.9	  0.1	0.000	0.000	0.000
29	  P	  0.0	  0.1	0.000	0.000	0.000
30	  L	  0.2	  0.2	0.000	0.000	0.000
31	  S	  0.5	  0.3	0.000	0.000	0.000
32	  Q	  0.7	  0.1	0.000	0.000	0.000
33	  Q	  1.2	  0.1	0.000	0.000	0.000
34	  R	  1.6	  0.1	0.000	0.000	0.000
35	  W	  1.5	  0.0	0.000	0.000	0.000
36	  V	  0.8	  0.4	0.000	0.000	0.000
37	  G	  0.2	  0.5	0.000	0.000	0.000
38	  G	  0.1	  0.5	0.000	0.000	0.000
39	  S	  3.8	  0.5	0.000	0.000	0.000
40	  V	  8.4	  0.1	0.000	0.000	0.000
41	  E	  9.5	  0.0	0.000	0.000	0.000
42	  L	  7.5	  0.0	0.000	0.000	0.000
43	  H	  4.7	  0.0	0.000	0.000	0.000
44	  C	  7.0	  0.1	0.000	0.000	0.000
45	  E	  5.3	  0.1	0.000	0.000	0.000
46	  A	  4.0	  0.2	0.000	0.000	0.000
47	  V	  0.4	  0.2	0.000	0.000	0.000
48	  G	  0.4	  0.2	0.000	0.000	0.000
49	  S	  0.3	  0.2	0.000	0.000	0.000
50	  P	  0.0	  0.0	0.000	0.000	0.000
51	  V	  0.0	  0.0	0.000	0.000	0.000
52	  P	  0.0	  0.0	0.000	0.000	0.000
53	  E	  0.7	  0.0	0.000	0.000	0.000
54	  I	  1.9	  0.0	0.000	0.745	0.745
55	  Q	  3.8	  0.0	0.000	0.745	0.745
56	  W	  3.6	  0.0	0.000	0.745	0.745
57	  W	  3.9	  0.0	0.000	0.745	0.745
58	  F	  2.4	  0.7	0.000	0.745	0.745
59	  E	  1.8	  0.8	0.000	0.000	0.000
60	  G	  0.4	  0.8	0.000	0.000	0.000
61	  Q	  0.0	  0.9	0.000	0.000	0.000
62	  G	  0.0	  1.5	0.000	0.000	0.000
63	  P	  0.0	  1.4	0.000	0.000	0.000
64	  N	  0.0	  1.5	0.000	0.000	0.000
65	  D	  0.4	  1.5	0.000	0.000	0.000
66	  T	 11.4	  0.2	0.000	0.000	0.000
67	  C	 13.1	  0.3	0.000	0.000	0.000
68	  S	 12.9	  0.1	0.000	0.000	0.000
69	  Q	  3.1	  0.1	0.000	0.000	0.000
70	  L	  1.3	  0.3	0.000	0.000	0.000
71	  W	  1.2	  0.4	0.222	0.000	0.000
72	  D	  0.3	  0.5	0.447	0.000	0.000
73	  G	  0.1	  0.5	0.447	0.000	0.000
74	  A	  0.2	  0.4	0.447	0.000	0.000
75	  R	  2.1	  0.3	0.447	0.000	0.000
76	  L	  2.1	  0.2	0.447	0.000	0.000
77	  D	  1.9	  0.2	0.447	0.000	0.000
78	  R	  1.7	  0.2	0.000	0.000	0.000
79	  V	 12.3	  0.0	0.000	0.000	0.000
80	  H	 16.0	  0.0	0.000	0.000	0.000
81	  I	 15.3	  0.0	0.000	0.000	0.000
82	  H	  5.1	  0.2	0.000	0.000	0.000
83	  A	  1.8	  0.2	0.000	0.000	0.000
84	  T	  8.1	  0.2	0.000	0.000	0.000
85	  Y	  9.1	  0.2	0.000	0.000	0.000
86	  H	  8.8	  0.1	0.000	0.000	0.000
87	  Q	  1.9	  0.1	0.000	0.000	0.000
88	  H	  0.7	  0.1	0.000	0.000	0.000
89	  A	  0.4	  0.1	0.000	0.000	0.000
90	  A	  0.4	  0.1	0.000	0.000	0.000
91	  S	  0.6	  0.1	0.000	0.000	0.000
92	  T	 13.7	  0.1	0.000	0.000	0.000
93	  I	 16.1	  0.1	0.000	0.000	0.000
94	  S	 18.3	  0.2	0.115	0.000	0.000
95	  I	  6.8	  0.2	0.115	0.000	0.000
96	  D	  4.0	  0.3	0.115	0.000	0.000
97	  T	  2.5	  0.3	0.115	0.000	0.000
98	  L	  1.4	  0.0	0.115	0.000	0.000
99	  V	  2.0	  0.1	0.115	0.000	0.000
100	  E	  0.8	  0.2	0.115	0.000	0.000
101	  E	  0.7	  0.2	0.000	0.000	0.000
102	  D	  0.1	  0.4	0.246	0.000	0.000
103	  T	  0.1	  0.6	0.246	0.000	0.000
104	  G	  0.1	  0.5	0.246	0.000	0.000
105	  T	 11.0	  0.4	0.363	0.000	0.000
106	  Y	 17.7	  0.3	0.363	0.000	0.000
107	  E	 17.9	  0.0	0.363	0.000	0.000
108	  C	  9.9	  0.1	0.363	0.000	0.000
109	  R	  2.6	  0.2	0.363	0.000	0.000
110	  A	  2.2	  0.4	0.363	0.000	0.000
111	  S	  0.2	  0.4	0.252	0.000	0.000
112	  N	  0.0	  0.4	0.000	0.000	0.000
113	  D	  0.0	 10.8	0.265	0.000	0.000
114	  P	  0.0	 10.6	0.265	0.000	0.000
115	  D	  0.0	 12.7	0.265	0.000	0.000
116	  R	  0.1	 12.7	0.265	0.000	0.000
117	  N	  0.1	  2.1	0.265	0.000	0.000
118	  H	  0.6	  2.1	0.265	0.000	0.000
119	  L	  0.8	  0.0	0.000	0.000	0.000
120	  T	  1.4	  0.0	0.000	0.000	0.000
121	  R	  0.8	  0.0	0.000	0.000	0.000
122	  A	  0.7	  0.2	0.000	0.000	0.000
123	  P	  0.0	  0.1	0.000	0.000	0.000
124	  R	  1.5	  0.1	0.000	0.000	0.000
125	  V	  4.3	  0.1	0.000	0.000	0.000
126	  K	  4.7	  0.0	0.000	0.000	0.000
127	  W	  4.1	  0.0	0.000	0.000	0.000
128	  V	  2.6	  0.0	0.000	0.000	0.000
129	  R	  2.3	  0.0	0.000	0.000	0.000
130	  A	  1.4	  0.0	0.000	9.399	9.399
131	  Q	  0.4	  0.0	0.000	20.515	20.515
132	  A	  1.0	  0.0	0.000	58.560	58.560
133	  V	  8.5	  0.0	0.000	96.590	96.590
134	  V	 14.4	  0.0	0.000	96.590	96.590
135	  L	 15.6	  0.0	0.000	96.590	96.590
136	  V	 11.5	  0.0	0.000	96.553	96.553
137	  L	  5.3	  0.0	0.000	87.495	87.495
138	  E	  3.2	  0.5	0.000	0.000	0.000
139	  P	  0.1	  0.5	0.000	0.000	0.000
140	  G	  0.0	  0.5	0.000	0.000	0.000
141	  T	  5.5	  0.5	0.000	3.341	3.341
142	  V	  8.1	  0.0	0.000	7.881	7.881
143	  F	  9.6	  0.0	0.000	7.881	7.881
144	  T	  6.2	  0.0	0.000	7.881	7.881
145	  T	  9.8	  0.0	0.116	7.881	7.881
146	  V	  9.1	  0.2	0.116	7.242	7.242
147	  E	  7.1	  0.2	0.116	0.000	0.000
148	  D	  0.8	  0.6	1.191	0.000	0.000
149	  L	  0.0	  0.8	1.191	0.000	0.000
150	  G	  0.0	  0.7	1.191	0.000	0.000
151	  S	  0.4	  0.7	1.191	0.000	0.000
152	  K	  0.9	  0.3	1.075	0.000	0.000
153	  I	  3.5	  0.1	1.075	4.960	4.960
154	  L	  3.3	  0.0	1.075	5.329	5.329
155	  L	  7.2	  0.0	0.609	5.329	5.329
156	  T	 14.5	  0.0	0.259	5.329	5.329
157	  C	 15.6	  0.1	0.259	5.329	5.329
158	  S	 14.0	  0.8	0.121	4.531	4.531
159	  L	  4.2	  0.8	0.000	4.531	4.531
160	  N	  2.7	  1.5	0.000	0.156	0.156
161	  D	  0.1	  1.5	0.000	0.000	0.000
162	  S	  0.8	  0.9	0.000	0.000	0.000
163	  A	  0.8	  0.9	0.000	0.000	0.000
164	  T	  1.1	  0.2	0.000	0.000	0.000
165	  E	  5.8	  0.1	0.000	0.000	0.000
166	  V	  6.4	  0.1	0.000	0.000	0.000
167	  T	  6.1	  0.2	0.000	0.000	0.000
168	  G	  0.8	  0.2	0.000	0.000	0.000
169	  H	  0.7	  0.2	0.000	0.000	0.000
170	  R	  1.1	  0.1	0.000	0.000	0.000
171	  W	  1.6	  0.0	0.000	0.000	0.000
172	  L	  1.0	  0.2	0.000	0.000	0.000
173	  K	  0.6	  1.8	0.000	0.000	0.000
174	  G	  0.1	  1.8	0.000	0.373	0.373
175	  G	  0.0	  1.8	0.000	0.373	0.373
176	  V	  8.0	  1.6	0.000	0.373	0.373
177	  V	  9.1	  0.0	0.000	0.373	0.373
178	  L	  9.1	  0.1	0.000	0.373	0.373
179	  K	  1.3	  0.6	0.000	0.000	0.000
180	  E	  0.1	  0.6	0.000	0.000	0.000
181	  D	  0.1	  0.6	0.000	0.000	0.000
182	  A	  0.1	  0.5	0.000	0.000	0.000
183	  L	  0.0	  1.9	0.000	0.000	0.000
184	  P	  0.0	  1.9	0.000	0.000	0.000
185	  G	  0.0	  1.9	0.369	0.000	0.000
186	  Q	  0.3	  2.0	0.369	0.000	0.000
187	  K	  0.6	  0.1	0.369	0.000	0.000
188	  T	  0.8	  0.1	0.369	0.000	0.000
189	  E	  3.6	  0.1	0.369	0.000	0.000
190	  F	  5.8	  0.0	0.369	0.000	0.000
191	  K	  6.9	  0.1	0.000	0.000	0.000
192	  V	  5.0	  0.1	0.000	0.000	0.000
193	  D	  2.4	  4.1	0.000	0.000	0.000
194	  S	  1.0	  5.2	0.000	0.000	0.000
195	  D	  0.0	  5.1	0.000	0.000	0.000
196	  D	  0.5	  5.3	0.000	0.000	0.000
197	  Q	  0.7	  1.3	0.000	0.000	0.000
198	  W	  0.7	  0.4	0.000	0.000	0.000
199	  G	  0.2	  0.4	0.000	0.000	0.000
200	  E	  1.3	  0.2	0.000	0.000	0.000
201	  Y	 19.3	  0.2	0.000	0.274	0.274
202	  S	 20.5	  0.0	0.000	0.274	0.274
203	  C	 20.0	  0.0	0.000	0.274	0.274
204	  V	  8.0	  0.0	0.000	0.274	0.274
205	  F	  6.7	  0.0	0.000	0.274	0.274
206	  L	  6.0	  0.0	0.000	0.000	0.000
207	  P	  0.1	  0.0	0.000	0.000	0.000
208	  E	  0.0	  0.2	0.000	0.000	0.000
209	  P	  0.0	  0.2	0.000	0.000	0.000
210	  M	  0.0	  0.3	0.000	0.000	0.000
211	  G	  0.2	  0.3	0.000	0.000	0.000
212	  T	  0.4	  0.4	0.000	0.000	0.000
213	  A	  0.6	  0.4	0.000	0.000	0.000
214	  N	  1.1	  0.3	0.000	0.000	0.000
215	  I	  2.4	  0.3	0.000	0.000	0.000
216	  Q	  2.8	  0.0	0.000	0.000	0.000
217	  L	  2.3	  0.0	0.000	0.000	0.000
218	  H	  0.8	  0.0	0.000	0.000	0.000
219	  G	  0.2	  0.0	0.000	0.000	0.000
220	  P	  0.0	  0.2	0.000	0.000	0.000
221	  P	  0.0	  0.2	0.000	0.000	0.000
222	  R	  1.5	  0.2	0.000	0.000	0.000
223	  V	  3.7	  0.2	0.000	0.000	0.000
224	  K	  4.0	  0.0	0.000	0.000	0.000
225	  A	  3.2	  0.0	0.000	0.000	0.000
226	  V	  4.0	  0.1	0.000	0.000	0.000
227	  K	  3.9	  0.1	0.000	0.000	0.000
228	  S	  3.3	  0.2	0.000	0.000	0.000
229	  S	  0.3	  0.3	0.000	0.000	0.000
230	  E	  0.3	  0.3	0.000	0.000	0.000
231	  H	  6.9	  0.2	0.000	0.000	0.000
232	  I	  7.0	  0.1	0.000	0.000	0.000
233	  N	  6.9	  0.9	0.414	0.000	0.000
234	  E	  0.2	  1.3	0.414	0.000	0.000
235	  G	  0.0	  1.4	0.862	0.000	0.000
236	  E	  0.1	  1.4	0.862	0.000	0.000
237	  T	  0.6	  0.5	1.180	6.338	6.338
238	  A	  0.9	  0.1	1.180	8.180	8.180
239	  M	  1.9	  0.0	1.180	8.180	8.180
240	  L	  2.8	  0.0	0.960	8.180	8.180
241	  V	  2.7	  0.0	0.960	8.180	8.180
242	  C	  2.0	  0.2	0.960	2.939	2.939
243	  K	  0.9	  0.3	0.121	0.000	0.000
244	  S	  0.8	  1.1	0.000	0.000	0.000
245	  E	  0.5	  1.1	0.000	0.000	0.000
246	  S	  0.3	  0.9	0.000	0.000	0.000
247	  V	  0.1	  0.8	0.000	0.000	0.000
248	  P	  0.0	  0.0	0.000	0.000	0.000
249	  P	  0.0	  0.0	0.000	0.000	0.000
250	  V	  1.6	  0.0	0.000	0.465	0.465
251	  T	  2.0	  0.0	0.366	0.465	0.465
252	  D	  2.0	  0.0	0.710	0.465	0.465
253	  W	  0.8	  0.0	0.710	0.465	0.465
254	  A	  0.7	  0.0	0.710	0.465	0.465
255	  W	  1.3	  0.0	0.710	0.465	0.465
256	  Y	  3.0	  0.0	0.710	0.465	0.465
257	  K	  8.0	  0.0	0.548	0.465	0.465
258	  I	  7.7	  0.0	0.000	0.465	0.465
259	  T	  6.3	  0.1	0.000	0.167	0.167
260	  D	  1.0	  0.3	0.246	0.000	0.000
261	  S	  0.6	  2.4	3.282	0.000	0.000
262	  E	  0.2	  2.3	3.607	0.000	0.000
263	  D	  0.1	  2.3	4.311	0.000	0.000
264	  K	  0.2	  2.1	4.311	0.000	0.000
265	  A	  0.4	  0.1	4.311	0.000	0.000
266	  L	  0.9	  0.3	4.311	0.000	0.000
267	  M	  0.9	  0.7	3.692	0.000	0.000
268	  N	  0.6	  1.0	2.378	0.000	0.000
269	  G	  0.1	  1.1	0.568	0.000	0.000
270	  S	  0.2	  1.6	0.208	0.000	0.000
271	  E	  0.2	  1.3	0.000	0.000	0.000
272	  S	  0.4	  1.0	0.000	0.000	0.000
273	  R	  1.5	  0.9	0.000	0.000	0.000
274	  F	  2.9	  0.0	0.000	0.604	0.604
275	  F	  4.4	  0.0	0.000	0.604	0.604
276	  V	  4.5	  0.1	0.000	0.604	0.604
277	  S	  3.9	  0.8	0.000	0.604	0.604
278	  S	  2.5	  1.1	0.000	0.604	0.604
279	  S	  1.2	  1.6	0.000	0.000	0.000
280	  Q	  0.2	  1.7	0.000	0.000	0.000
281	  G	  0.1	  1.1	0.000	0.000	0.000
282	  R	  0.1	  0.8	0.000	0.000	0.000
283	  S	  0.1	  0.4	0.000	0.000	0.000
284	  E	  1.4	  0.2	0.000	0.000	0.000
285	  L	  4.7	  0.1	0.000	0.000	0.000
286	  H	  9.7	  0.1	0.000	0.000	0.000
287	  I	  8.6	  0.1	0.000	0.000	0.000
288	  E	  5.2	  0.1	0.000	0.000	0.000
289	  N	  0.5	  0.5	0.000	0.000	0.000
290	  L	  1.9	  0.5	0.000	0.000	0.000
291	  N	  2.4	  0.4	0.000	0.000	0.000
292	  M	  2.4	  0.4	0.000	0.000	0.000
293	  E	  0.9	  0.0	0.000	0.000	0.000
294	  A	  0.4	  0.0	0.000	0.000	0.000
295	  D	  0.2	  5.6	0.000	0.000	0.000
296	  P	  0.0	  5.6	0.000	0.000	0.000
297	  G	  0.0	  5.6	0.000	0.000	0.000
298	  Q	  1.9	  5.6	0.000	0.000	0.000
299	  Y	  9.8	  0.1	0.000	0.000	0.000
300	  R	 12.8	  0.2	0.000	0.000	0.000
301	  C	 11.1	  2.0	0.000	0.000	0.000
302	  N	  3.7	  2.2	0.000	0.000	0.000
303	  G	  0.1	  2.2	0.000	0.000	0.000
304	  T	  1.3	  2.2	0.000	0.000	0.000
305	  S	  1.5	  0.6	0.000	0.000	0.000
306	  S	  1.5	  1.3	0.000	0.000	0.000
307	  K	  0.2	  1.6	0.000	0.000	0.000
308	  G	  0.1	  1.8	0.000	0.000	0.000
309	  S	  0.0	  1.6	0.422	0.000	0.000
310	  D	  0.0	  0.7	1.044	0.000	0.000
311	  Q	  0.1	  0.4	1.044	1.606	1.606
312	  A	  0.7	  0.1	1.044	36.472	36.472
313	  I	  4.8	  0.0	1.044	36.472	36.472
314	  I	 14.5	  0.0	1.044	36.472	36.472
315	  T	 15.9	  0.0	1.490	36.472	36.472
316	  L	 13.9	  0.0	1.490	36.223	36.223
317	  R	  5.7	  0.0	1.490	0.000	0.000
318	  V	  5.2	  0.0	0.796	0.000	0.000
319	  R	  3.7	  0.1	0.796	0.000	0.000
320	  S	  2.5	  0.1	0.647	0.000	0.000
321	  H	  0.9	  0.1	0.917	0.000	0.000
322	  L	  0.6	  0.1	0.807	0.000	0.000
323	  A	  0.5	  0.0	0.807	0.000	0.000
324	  A	  0.5	  0.0	0.807	0.000	0.000
325	  L	  0.5	  0.0	0.807	0.000	0.000
326	  W	  0.4	  0.2	0.807	0.000	0.000
327	  P	  0.1	  0.2	0.000	0.002	0.002
328	  F	  0.4	  0.4	0.000	0.155	0.155
329	  L	  0.5	  0.4	0.000	0.155	0.155
330	  G	  0.6	  0.2	0.000	0.155	0.155
331	  I	  4.7	  0.2	0.000	0.159	0.159
332	  V	  5.2	  0.0	0.000	0.159	0.159
333	  A	  5.4	  0.0	0.000	0.010	0.010
334	  E	  1.3	  0.0	0.000	0.010	0.010
335	  V	  6.3	  0.0	0.000	88.357	88.357
336	  L	  7.8	  0.0	0.000	95.863	95.863
337	  V	 12.8	  0.0	0.000	99.610	99.610
338	  L	  7.8	  0.0	0.000	99.929	99.929
339	  V	 14.4	  0.0	0.000	99.987	99.987
340	  T	 11.1	  0.0	0.129	99.991	99.991
341	  I	 12.6	  0.0	0.129	99.998	99.998
342	  I	  5.0	  0.0	0.129	99.991	99.991
343	  F	  3.4	  0.0	0.129	99.915	99.915
344	  I	  2.3	  0.0	0.250	98.990	98.990
345	  Y	  3.5	  0.1	0.423	95.292	95.292
346	  E	  3.0	  0.1	0.294	0.231	0.231
347	  K	  2.5	  0.1	0.294	0.231	0.231
348	  R	  0.9	  0.1	0.294	0.003	0.003
349	  R	  0.8	  0.1	0.294	0.000	0.000
350	  K	  0.5	  0.2	0.294	0.000	0.000
351	  P	  0.1	  0.5	0.000	0.000	0.000
352	  E	  0.0	  0.5	0.000	0.000	0.000
353	  D	  0.1	  0.5	0.000	0.000	0.000
354	  V	  2.9	  0.4	0.000	0.000	0.000
355	  L	  2.9	  0.3	0.000	0.000	0.000
356	  D	  2.8	  3.0	0.297	0.000	0.000
357	  D	  0.1	  5.4	0.489	0.000	0.000
358	  D	  0.0	  5.5	0.489	0.000	0.000
359	  D	  0.0	  6.7	0.489	0.000	0.000
360	  A	  0.0	  4.2	0.489	0.000	0.000
361	  G	  0.3	  1.8	0.489	0.000	0.000
362	  S	  0.4	  1.7	0.347	0.000	0.000
363	  A	  0.4	  0.4	0.000	0.000	0.000
364	  P	  0.1	  0.1	0.000	0.000	0.000
365	  L	  0.4	  0.2	0.000	0.000	0.000
366	  K	  0.5	  0.6	0.000	0.000	0.000
367	  S	  0.6	  1.0	0.000	0.000	0.000
368	  S	  0.2	  1.1	0.000	0.000	0.000
369	  G	  0.1	  1.1	0.000	0.000	0.000
370	  Q	  0.6	  0.8	0.000	0.000	0.000
371	  H	  0.9	  0.7	0.000	0.000	0.000
372	  Q	  0.9	  0.6	0.000	0.000	0.000
373	  N	  0.4	  0.8	0.000	0.000	0.000
374	  D	  0.1	  2.6	0.124	0.000	0.000
375	  K	  0.0	  2.2	0.124	0.000	0.000
376	  G	  0.0	  2.4	0.124	0.000	0.000
377	  K	  0.4	  2.2	0.124	0.000	0.000
378	  N	  3.6	  0.4	0.124	0.000	0.000
379	  V	  6.0	  0.3	0.124	0.000	0.000
380	  R	  6.2	  0.1	0.124	0.000	0.000
381	  Q	  3.1	  0.2	0.000	0.000	0.000
382	  R	  0.7	  0.2	0.000	0.000	0.000
383	  N	  0.3	  0.2	0.000	0.000	0.000
384	  S	  0.2	  0.2	0.000	0.000	0.000
385	  S	  0.1	  0.0	0.000	0.000	0.000
