res	aa	Beta	Turn	Helix	Aggregation	Conc-Stab_Aggregation
01	  M	  0.1	  0.3	0.000	0.000	0.000
02	  D	  0.1	  1.2	0.000	0.000	0.000
03	  G	  0.1	  1.5	0.000	0.000	0.000
04	  S	  0.1	  1.7	0.000	0.000	0.000
05	  G	  0.1	  1.4	0.000	0.000	0.000
06	  E	  0.1	  0.5	0.000	0.000	0.000
07	  Q	  0.0	  0.6	0.000	0.000	0.000
08	  P	  0.0	  0.6	0.000	0.000	0.000
09	  R	  0.0	  0.8	0.000	0.000	0.000
10	  G	  0.0	  0.8	0.000	0.000	0.000
11	  G	  0.0	  0.5	0.000	0.000	0.000
12	  G	  0.0	  0.7	0.000	0.000	0.000
13	  P	  0.0	  0.5	0.000	0.000	0.000
14	  T	  1.4	  0.6	0.000	0.000	0.000
15	  S	  1.5	  0.6	0.000	0.000	0.000
16	  S	  1.5	  0.3	0.467	0.000	0.000
17	  E	  0.1	  0.3	0.467	0.000	0.000
18	  Q	  1.1	  0.2	0.467	0.000	0.000
19	  I	  2.0	  0.1	0.467	0.000	0.000
20	  M	  2.2	  0.2	0.467	0.000	0.000
21	  K	  1.2	  0.3	0.467	0.000	0.000
22	  T	  0.3	  0.5	0.263	0.703	0.703
23	  G	  0.1	  0.5	0.746	1.883	1.883
24	  A	  0.3	  0.3	0.483	4.318	4.318
25	  L	  1.3	  0.2	0.483	6.826	6.826
26	  L	  1.4	  0.0	0.483	7.125	7.125
27	  L	  1.2	  0.5	0.483	7.125	7.125
28	  Q	  0.2	  0.5	0.483	6.708	6.708
29	  G	  0.1	  0.5	0.188	6.395	6.395
30	  F	  0.6	  0.5	0.000	6.395	6.395
31	  I	  0.6	  0.1	0.000	5.641	5.641
32	  Q	  0.6	  0.1	0.000	0.871	0.871
33	  D	  0.1	  0.3	0.181	0.000	0.000
34	  R	  0.1	  0.8	0.181	0.000	0.000
35	  A	  0.1	  0.9	0.181	0.000	0.000
36	  G	  0.1	  0.9	0.181	0.000	0.000
37	  R	  0.3	  0.7	0.181	0.000	0.000
38	  M	  0.3	  0.6	0.181	0.000	0.000
39	  G	  0.3	  0.4	0.000	0.000	0.000
40	  G	  0.1	  0.4	0.000	0.000	0.000
41	  E	  0.1	  0.4	0.000	0.000	0.000
42	  A	  0.1	  0.3	0.000	0.000	0.000
43	  P	  0.0	  0.3	0.000	0.000	0.000
44	  E	  0.1	  0.3	0.000	0.000	0.000
45	  L	  0.4	  0.3	0.000	0.000	0.000
46	  A	  0.7	  0.1	0.000	0.000	0.000
47	  L	  0.7	  0.0	0.000	0.000	0.000
48	  D	  0.4	  0.0	0.000	0.000	0.000
49	  P	  0.1	  0.0	0.000	0.000	0.000
50	  V	  0.0	  0.1	0.000	0.000	0.000
51	  P	  0.0	  0.4	0.000	0.000	0.000
52	  Q	  0.0	  0.4	0.000	0.000	0.000
53	  D	  0.1	  1.9	2.148	0.000	0.000
54	  A	  0.2	  1.8	2.148	0.000	0.000
55	  S	  0.5	  1.6	2.474	0.000	0.000
56	  T	  1.4	  1.6	2.723	0.000	0.000
57	  K	  1.4	  0.2	2.723	0.000	0.000
58	  K	  1.5	  0.1	2.723	0.000	0.000
59	  L	  0.5	  0.2	1.770	0.000	0.000
60	  S	  0.5	  0.2	4.340	0.000	0.000
61	  E	  0.2	  0.1	4.155	0.000	0.000
62	  C	  2.4	  0.1	3.979	0.000	0.000
63	  L	  2.5	  0.1	3.831	0.000	0.000
64	  K	  3.3	  0.0	3.831	0.000	0.000
65	  R	  1.7	  0.0	3.268	0.000	0.000
66	  I	  1.6	  1.2	0.707	0.000	0.000
67	  G	  0.7	  1.2	0.707	0.000	0.000
68	  D	  0.0	  1.4	0.573	0.000	0.000
69	  E	  0.7	  1.4	0.387	0.000	0.000
70	  L	  1.0	  0.4	0.244	0.000	0.000
71	  D	  1.0	  1.5	0.528	0.000	0.000
72	  S	  0.3	  1.4	1.272	0.000	0.000
73	  N	  0.5	  1.3	4.491	0.000	0.000
74	  M	  1.3	  1.3	4.758	0.000	0.000
75	  E	  1.6	  0.0	5.660	0.000	0.000
76	  L	  1.2	  0.1	5.660	0.000	0.000
77	  Q	  0.7	  0.1	5.660	0.000	0.000
78	  R	  1.1	  0.0	5.283	0.000	0.000
79	  M	  1.7	  0.0	4.836	14.448	14.448
80	  I	  2.3	  0.0	3.676	14.448	14.448
81	  A	  1.8	  0.0	3.676	14.448	14.448
82	  A	  1.3	  0.0	3.098	14.448	14.448
83	  V	  1.3	  0.1	0.605	14.448	14.448
84	  D	  1.2	  1.0	0.422	0.000	0.000
85	  T	  2.0	  1.0	0.000	0.000	0.000
86	  D	  1.1	  0.9	0.000	0.000	0.000
87	  S	  1.1	  1.1	0.218	0.000	0.000
88	  P	  0.0	  0.3	0.218	0.000	0.000
89	  R	  0.2	  0.3	0.218	0.000	0.000
90	  E	  2.0	  0.3	0.218	4.184	4.184
91	  V	  4.1	  0.0	0.218	13.167	13.167
92	  F	  5.8	  0.0	0.218	13.167	13.167
93	  F	  8.0	  0.0	0.000	13.167	13.167
94	  R	  6.9	  0.0	0.000	13.167	13.167
95	  V	  6.2	  0.0	0.000	13.167	13.167
96	  A	  2.2	  0.3	0.000	12.837	12.837
97	  A	  1.3	  0.3	0.000	10.749	10.749
98	  D	  0.4	  0.3	0.000	8.983	8.983
99	  M	  1.2	  0.3	0.000	7.841	7.841
100	  F	  1.4	  0.9	0.000	6.540	6.540
101	  S	  1.0	  1.1	0.000	0.722	0.722
102	  D	  0.3	  1.7	0.000	0.000	0.000
103	  G	  0.0	  1.7	0.000	0.000	0.000
104	  N	  1.0	  0.9	0.000	0.000	0.000
105	  F	  3.8	  0.7	0.000	0.000	0.000
106	  N	  3.8	  0.6	0.651	0.000	0.000
107	  W	  3.0	  0.7	0.651	0.000	0.000
108	  G	  0.1	  0.5	0.868	0.000	0.000
109	  R	  2.3	  0.5	0.868	0.000	0.000
110	  V	  6.5	  0.1	0.868	89.536	89.536
111	  V	  9.8	  0.0	0.868	97.013	97.013
112	  A	  7.8	  0.0	0.868	98.660	98.660
113	  L	  4.1	  0.0	0.868	99.160	99.160
114	  F	  2.1	  0.0	0.719	99.170	99.170
115	  Y	  3.5	  0.0	0.000	97.668	97.668
116	  F	  3.8	  0.2	0.000	92.213	92.213
117	  A	  2.7	  0.2	0.000	24.080	24.080
118	  S	  1.2	  0.3	0.479	2.667	2.667
119	  K	  1.0	  0.3	0.479	0.000	0.000
120	  L	  2.8	  0.1	0.479	0.000	0.000
121	  V	  3.9	  0.1	0.629	0.000	0.000
122	  L	  3.6	  0.0	0.629	0.000	0.000
123	  K	  1.6	  0.0	0.629	0.000	0.000
124	  A	  0.5	  0.0	0.440	0.000	0.000
125	  L	  0.4	  0.0	0.440	0.000	0.000
126	  C	  4.2	  0.0	0.440	0.000	0.000
127	  T	  7.0	  0.0	0.129	0.000	0.000
128	  K	  7.0	  0.0	0.129	0.000	0.000
129	  V	  3.3	  0.0	0.103	0.000	0.000
130	  P	  0.2	  0.0	0.432	0.000	0.000
131	  E	  0.0	  0.0	0.745	0.000	0.000
132	  L	  0.2	  0.0	0.745	1.471	1.471
133	  I	  1.3	  0.1	0.745	1.651	1.651
134	  R	  2.1	  0.0	0.745	1.651	1.651
135	  T	  4.8	  0.0	0.950	3.194	3.194
136	  I	  5.9	  0.2	0.950	5.788	5.788
137	  M	  5.2	  0.1	0.950	5.788	5.788
138	  G	  2.5	  0.1	1.375	5.788	5.788
139	  W	  2.7	  0.2	1.060	5.788	5.788
140	  T	  3.9	  0.1	3.905	5.788	5.788
141	  L	  4.9	  0.1	4.065	5.137	5.137
142	  D	  2.5	  0.1	7.171	1.651	1.651
143	  F	  2.1	  0.1	9.161	1.651	1.651
144	  L	  1.0	  0.0	10.021	1.161	1.161
145	  R	  1.1	  0.1	10.021	0.000	0.000
146	  E	  0.1	  0.1	9.898	0.000	0.000
147	  R	  0.5	  0.1	9.671	0.000	0.000
148	  L	  0.5	  0.3	9.292	6.581	6.581
149	  L	  0.5	  0.2	8.845	6.705	6.705
150	  G	  0.2	  0.2	7.543	6.705	6.705
151	  W	  0.3	  0.2	1.628	6.705	6.705
152	  I	  0.4	  0.1	0.000	6.705	6.705
153	  Q	  0.5	  0.2	0.000	0.372	0.372
154	  D	  0.2	  0.8	0.000	0.000	0.000
155	  Q	  0.2	  1.0	0.000	0.000	0.000
156	  G	  0.0	  0.9	0.000	0.000	0.000
157	  G	  0.1	  1.1	0.000	0.000	0.000
158	  W	  0.1	  0.8	0.000	0.000	0.000
159	  D	  0.1	  0.6	0.000	0.000	0.000
160	  G	  0.1	  0.6	0.123	0.307	0.307
161	  L	  0.5	  0.4	0.123	4.011	4.011
162	  L	  2.8	  0.1	0.123	4.155	4.155
163	  S	  4.0	  0.1	0.123	4.155	4.155
164	  Y	  4.5	  0.1	0.123	4.155	4.155
165	  F	  2.3	  0.0	0.123	4.155	4.155
166	  G	  1.1	  0.0	0.000	0.431	0.431
167	  T	  0.1	  0.2	0.000	0.000	0.000
168	  P	  0.0	  0.2	0.000	0.021	0.021
169	  T	 12.5	  0.2	0.000	1.838	1.838
170	  W	 12.6	  0.3	0.000	5.638	5.638
171	  Q	 12.9	  0.1	0.000	6.829	6.829
172	  T	  9.8	  0.1	0.000	37.221	37.221
173	  V	 17.1	  0.1	0.000	88.116	88.116
174	  T	 19.1	  0.0	0.000	92.272	92.272
175	  I	 11.8	  0.0	0.000	99.019	99.019
176	  F	  5.7	  0.0	0.000	99.632	99.632
177	  V	  4.0	  0.1	0.000	99.552	99.552
178	  A	  2.7	  0.1	0.000	96.080	96.080
179	  G	  0.6	  0.1	0.300	93.004	93.004
180	  V	  1.7	  0.1	0.300	92.737	92.737
181	  L	  2.4	  0.0	0.300	89.202	89.202
182	  T	  5.1	  0.2	0.300	69.869	69.869
183	  A	  3.9	  0.2	0.300	58.362	58.362
184	  S	  4.8	  0.2	0.300	48.628	48.628
185	  L	  5.8	  0.2	0.000	47.420	47.420
186	  T	  7.5	  0.0	0.223	40.817	40.817
187	  I	  6.3	  0.0	0.223	36.888	36.888
188	  W	  2.7	  0.1	0.223	21.707	21.707
189	  K	  0.6	  0.1	0.223	0.000	0.000
190	  K	  0.5	  0.1	0.223	0.000	0.000
191	  M	  0.3	  0.1	0.223	0.000	0.000
192	  G	  0.2	  0.0	0.000	0.000	0.000
