res	aa	Beta	Turn	Helix	Aggregation	Conc-Stab_Aggregation
01	  M	  0.2	  0.0	0.000	0.000	0.000
02	  A	  0.3	  0.0	0.000	0.000	0.000
03	  H	  0.4	  1.1	0.000	0.000	0.000
04	  A	  0.2	  1.5	0.000	0.000	0.000
05	  G	  0.1	  1.7	0.000	0.000	0.000
06	  R	  0.1	  1.8	0.000	0.000	0.000
07	  T	  0.1	  0.7	0.000	0.000	0.000
08	  G	  0.2	  0.4	0.000	0.000	0.000
09	  Y	  0.6	  0.3	0.000	0.000	0.000
10	  D	  0.5	  0.3	1.675	0.000	0.000
11	  N	  0.4	  0.3	2.636	0.000	0.000
12	  R	  0.2	  0.2	2.636	0.000	0.000
13	  E	  0.5	  0.1	2.636	0.309	0.309
14	  I	  9.5	  0.0	2.636	0.309	0.309
15	  V	 10.5	  0.0	2.636	0.309	0.309
16	  M	 11.1	  0.0	2.636	0.309	0.309
17	  K	  2.6	  0.0	2.048	0.309	0.309
18	  Y	  2.0	  0.0	1.442	0.309	0.309
19	  I	  4.2	  0.0	0.386	0.309	0.309
20	  H	  5.8	  0.0	0.386	0.000	0.000
21	  Y	  6.5	  0.0	0.386	0.000	0.000
22	  K	  3.8	  0.0	0.386	0.000	0.000
23	  L	  2.0	  0.1	0.108	0.000	0.000
24	  S	  1.4	  0.3	0.108	0.000	0.000
25	  Q	  0.9	  0.3	0.108	0.000	0.000
26	  R	  0.9	  0.3	0.000	0.000	0.000
27	  G	  0.2	  0.3	0.000	0.000	0.000
28	  Y	  3.9	  0.1	0.000	0.000	0.000
29	  E	  5.2	  0.0	0.000	0.000	0.000
30	  W	  5.6	  0.1	0.000	0.000	0.000
31	  D	  2.1	  1.1	0.118	0.000	0.000
32	  A	  0.5	  1.4	0.118	0.000	0.000
33	  G	  0.0	  1.4	0.118	0.000	0.000
34	  D	  0.0	  1.7	0.118	0.000	0.000
35	  V	  0.1	  0.8	0.118	0.000	0.000
36	  G	  0.2	  0.5	0.118	0.000	0.000
37	  A	  0.2	  0.5	0.118	0.000	0.000
38	  A	  0.1	  0.1	0.118	0.000	0.000
39	  P	  0.0	  1.8	0.000	0.000	0.000
40	  P	  0.0	  1.9	0.000	0.000	0.000
41	  G	  0.1	  1.9	0.000	0.000	0.000
42	  A	  0.1	  1.9	0.000	0.000	0.000
43	  A	  0.1	  0.1	0.000	0.000	0.000
44	  P	  0.0	  0.0	0.000	0.000	0.000
45	  A	  0.0	  0.9	0.000	0.000	0.000
46	  P	  0.0	  0.9	0.000	0.000	0.000
47	  G	  0.1	  0.9	0.000	0.000	0.000
48	  I	  1.2	  0.9	0.000	0.000	0.000
49	  F	  2.8	  0.2	0.000	0.000	0.000
50	  S	  3.1	  0.1	0.000	0.000	0.000
51	  S	  2.1	  0.1	0.000	0.000	0.000
52	  Q	  0.5	  1.6	0.000	0.000	0.000
53	  P	  0.1	  1.6	0.000	0.000	0.000
54	  G	  0.1	  1.6	0.000	0.000	0.000
55	  H	  0.3	  1.6	0.000	0.000	0.000
56	  T	  0.3	  0.1	0.000	0.000	0.000
57	  P	  0.2	  0.0	0.000	0.000	0.000
58	  H	  0.0	  0.2	0.000	0.000	0.000
59	  P	  0.0	  0.2	0.000	0.000	0.000
60	  A	  0.1	  0.4	0.000	0.000	0.000
61	  A	  0.3	  0.5	0.000	0.000	0.000
62	  S	  0.8	  0.2	0.000	0.000	0.000
63	  R	  0.7	  0.2	0.000	0.000	0.000
64	  D	  0.6	  0.1	0.000	0.000	0.000
65	  P	  0.0	  0.0	0.000	0.000	0.000
66	  V	  1.1	  0.0	0.000	0.000	0.000
67	  A	  1.2	  0.1	0.000	0.000	0.000
68	  R	  1.5	  0.1	0.000	0.000	0.000
69	  T	  0.5	  0.1	0.000	0.000	0.000
70	  S	  0.4	  0.3	0.000	0.000	0.000
71	  P	  0.1	  0.2	0.000	0.000	0.000
72	  L	  0.2	  0.2	0.000	0.000	0.000
73	  Q	  0.2	  0.2	0.000	0.000	0.000
74	  T	  0.2	  0.0	0.000	0.000	0.000
75	  P	  0.0	  0.0	0.000	0.000	0.000
76	  A	  0.0	  0.0	0.000	0.000	0.000
77	  A	  0.0	  1.5	0.000	0.000	0.000
78	  P	  0.0	  1.6	0.000	0.000	0.000
79	  G	  0.0	  1.6	0.000	0.000	0.000
80	  A	  0.1	  1.6	0.000	0.000	0.000
81	  A	  0.1	  0.1	0.000	0.000	0.000
82	  A	  0.1	  0.0	0.000	0.000	0.000
83	  G	  0.0	  0.0	0.000	0.000	0.000
84	  P	  0.0	  0.0	0.000	0.000	0.000
85	  A	  0.5	  0.0	0.000	0.000	0.000
86	  L	  0.6	  0.0	0.000	0.000	0.000
87	  S	  0.6	  0.0	0.000	0.000	0.000
88	  P	  0.1	  0.0	0.000	0.000	0.000
89	  V	  0.0	  0.0	0.000	0.000	0.000
90	  P	  0.0	  0.0	0.000	0.000	0.000
91	  P	  0.0	  0.0	0.000	0.000	0.000
92	  V	  5.0	  0.0	0.000	0.412	0.412
93	  V	  9.3	  0.0	0.000	0.412	0.412
94	  H	  9.9	  0.0	0.000	0.412	0.412
95	  L	  7.2	  0.0	0.000	0.412	0.412
96	  T	  5.0	  0.0	0.116	0.412	0.412
97	  L	  4.6	  0.0	0.116	0.412	0.412
98	  R	  2.7	  0.1	0.116	0.000	0.000
99	  Q	  0.5	  0.3	0.116	0.000	0.000
100	  A	  0.2	  1.4	0.116	0.000	0.000
101	  G	  0.0	  1.6	0.801	0.000	0.000
102	  D	  0.1	  1.5	2.894	0.000	0.000
103	  D	  0.6	  1.5	6.541	0.000	0.000
104	  F	  2.2	  0.5	6.541	0.000	0.000
105	  S	  2.6	  0.3	6.705	0.000	0.000
106	  R	  2.9	  0.3	6.705	0.000	0.000
107	  R	  2.4	  0.1	6.705	0.000	0.000
108	  Y	  3.7	  0.1	6.481	0.000	0.000
109	  R	  3.5	  0.4	3.658	0.000	0.000
110	  R	  2.6	  0.4	0.667	0.000	0.000
111	  D	  0.9	  0.4	0.469	0.000	0.000
112	  F	  0.7	  0.5	0.340	0.000	0.000
113	  A	  0.5	  0.2	0.340	0.000	0.000
114	  E	  0.9	  0.2	0.340	0.000	0.000
115	  M	  1.0	  0.3	0.340	0.000	0.000
116	  S	  1.0	  0.2	0.340	0.000	0.000
117	  S	  0.8	  0.2	0.143	0.000	0.000
118	  Q	  1.0	  0.2	0.143	0.000	0.000
119	  L	  2.0	  0.2	0.000	0.000	0.000
120	  H	  2.8	  0.1	0.000	0.000	0.000
121	  L	  2.3	  0.0	0.000	0.000	0.000
122	  T	  1.2	  0.0	0.277	0.000	0.000
123	  P	  0.2	  0.0	0.277	0.000	0.000
124	  F	  5.7	  0.0	0.277	0.000	0.000
125	  T	  6.5	  0.2	0.562	0.000	0.000
126	  A	  6.5	  0.4	0.562	0.000	0.000
127	  R	  1.0	  0.5	0.562	0.000	0.000
128	  G	  0.1	  0.5	0.285	0.000	0.000
129	  R	  0.4	  0.3	0.285	0.000	0.000
130	  F	  0.7	  0.2	0.285	34.523	34.523
131	  A	  1.3	  0.2	0.000	34.523	34.523
132	  T	  6.7	  0.2	0.196	34.523	34.523
133	  V	 10.4	  0.2	0.196	34.523	34.523
134	  V	 10.3	  0.0	0.196	34.523	34.523
135	  E	  4.6	  0.1	0.196	0.000	0.000
136	  E	  0.7	  0.1	0.196	0.000	0.000
137	  L	  0.3	  0.1	0.196	0.000	0.000
138	  F	  1.0	  0.7	0.196	0.000	0.000
139	  R	  0.9	  1.2	0.000	0.000	0.000
140	  D	  0.8	  1.2	0.000	0.000	0.000
141	  G	  0.1	  1.2	0.000	0.014	0.014
142	  V	  2.5	  0.5	0.000	0.045	0.045
143	  N	  2.5	  0.4	0.716	0.050	0.050
144	  W	  2.5	  0.5	0.716	0.282	0.282
145	  G	  0.2	  0.5	0.831	0.313	0.313
146	  R	  5.0	  0.5	0.831	0.812	0.812
147	  I	  9.2	  0.1	0.831	96.352	96.352
148	  V	 10.8	  0.0	0.831	96.352	96.352
149	  A	  6.3	  0.0	0.831	96.352	96.352
150	  F	  4.1	  0.0	0.725	96.352	96.352
151	  F	  6.2	  0.0	0.319	96.352	96.352
152	  E	  6.0	  0.0	0.000	0.812	0.812
153	  F	  4.0	  4.2	0.000	0.774	0.774
154	  G	  0.2	  4.2	0.000	0.231	0.231
155	  G	  0.1	  4.2	0.000	0.189	0.189
156	  V	  2.7	  4.2	0.000	0.189	0.189
157	  M	  3.6	  0.0	0.000	0.147	0.147
158	  C	  5.5	  0.0	0.000	0.099	0.099
159	  V	  4.3	  0.1	0.000	0.095	0.095
160	  E	  3.4	  0.1	0.000	0.000	0.000
161	  S	  6.6	  0.3	0.000	0.000	0.000
162	  V	  5.5	  0.3	0.000	0.000	0.000
163	  N	  5.5	  0.3	0.000	0.000	0.000
164	  R	  0.4	  0.3	0.000	0.000	0.000
165	  E	  0.9	  0.0	0.000	0.000	0.000
166	  M	  1.0	  0.0	0.000	0.000	0.000
167	  S	  0.9	  0.2	0.119	0.000	0.000
168	  P	  0.1	  0.2	0.119	0.000	0.000
169	  L	  0.5	  0.2	0.119	0.000	0.000
170	  V	  0.9	  0.3	0.241	0.000	0.000
171	  D	  1.0	  0.1	4.297	0.000	0.000
172	  N	  0.8	  0.1	6.576	0.161	0.161
173	  I	  2.9	  0.1	6.576	2.897	2.897
174	  A	  3.0	  0.0	6.576	3.151	3.151
175	  L	  3.2	  0.0	6.777	3.151	3.151
176	  W	  0.9	  0.0	8.227	3.151	3.151
177	  M	  0.8	  0.0	8.097	2.990	2.990
178	  T	  0.5	  0.0	8.334	1.268	1.268
179	  E	  0.4	  0.0	8.460	0.000	0.000
180	  Y	  1.4	  0.1	8.460	0.000	0.000
181	  L	  1.2	  0.1	8.318	0.000	0.000
182	  N	  1.1	  0.1	8.182	0.000	0.000
183	  R	  0.5	  0.2	7.313	0.000	0.000
184	  H	  1.0	  0.1	5.986	0.000	0.000
185	  L	  1.2	  0.1	1.183	0.150	0.150
186	  H	  3.3	  0.0	0.309	0.150	0.150
187	  T	  4.4	  0.0	0.000	0.150	0.150
188	  W	  4.5	  0.0	0.000	0.150	0.150
189	  I	  2.0	  0.1	0.000	0.150	0.150
190	  Q	  0.4	  0.5	0.000	0.000	0.000
191	  D	  0.1	  1.4	0.000	0.000	0.000
192	  N	  0.0	  1.4	0.000	0.000	0.000
193	  G	  0.0	  1.3	0.000	0.000	0.000
194	  G	  0.1	  1.0	0.000	0.000	0.000
195	  W	  0.6	  0.1	0.000	0.000	0.000
196	  D	  0.7	  0.0	0.307	0.000	0.000
197	  A	  0.9	  0.0	0.307	0.000	0.000
198	  F	  2.5	  0.0	0.307	0.000	0.000
199	  V	  7.0	  0.1	0.307	0.000	0.000
200	  E	  6.9	  0.1	0.307	0.000	0.000
201	  L	  4.9	  0.1	0.307	0.000	0.000
202	  Y	  0.4	  0.3	0.307	0.000	0.000
203	  G	  0.1	  0.7	0.307	0.000	0.000
204	  P	  0.0	  0.7	0.000	0.000	0.000
205	  S	  4.6	  0.7	0.000	0.000	0.000
206	  M	  4.8	  0.5	0.000	0.000	0.000
207	  R	  4.8	  0.1	0.000	0.000	0.000
208	  P	  0.2	  0.1	0.000	0.000	0.000
209	  L	  0.4	  0.2	0.000	9.685	9.685
210	  F	  2.7	  0.2	0.000	14.886	14.886
211	  D	  3.2	  0.2	0.000	15.259	15.259
212	  F	  7.0	  0.2	0.000	17.142	17.142
213	  S	  5.0	  0.1	0.372	17.268	17.268
214	  W	  4.8	  0.1	0.372	17.268	17.268
215	  L	  2.0	  0.0	0.372	17.268	17.268
216	  S	  2.1	  0.0	23.976	17.268	17.268
217	  L	  1.8	  0.1	23.976	16.923	16.923
218	  K	  0.7	  0.1	23.976	15.259	15.259
219	  T	  0.9	  0.1	24.339	25.463	25.463
220	  L	  1.1	  0.1	24.339	43.694	43.694
221	  L	  2.3	  0.0	24.454	53.025	53.025
222	  S	  1.8	  0.0	23.788	54.288	54.288
223	  L	  1.7	  0.0	21.384	63.584	63.584
224	  A	  0.5	  0.0	19.709	64.927	64.927
225	  L	  0.6	  0.0	17.661	66.479	66.479
226	  V	  0.4	  0.1	14.129	64.615	64.615
227	  G	  0.2	  0.1	13.595	39.312	39.312
228	  A	  0.4	  0.1	1.736	37.606	37.606
229	  C	  1.3	  0.1	0.690	36.492	36.492
230	  I	 11.6	  0.0	0.000	37.812	37.812
231	  T	 11.5	  0.0	0.479	34.988	34.988
232	  L	 10.5	  0.5	0.479	33.429	33.429
233	  G	  0.2	  0.5	0.479	23.753	23.753
234	  A	  0.3	  0.4	0.479	22.918	22.918
235	  Y	  0.7	  0.6	0.479	22.156	22.156
236	  L	  0.8	  0.2	0.479	19.495	19.495
237	  G	  0.5	  0.2	0.479	4.230	4.230
238	  H	  0.1	  0.2	0.221	1.192	1.192
239	  K	  0.0	  0.1	0.000	0.000	0.000
