res	aa	Beta	Turn	Helix	Aggregation	Conc-Stab_Aggregation
01	  M	  0.9	  0.0	0.000	0.000	0.000
02	  N	  1.0	  0.0	0.000	0.000	0.000
03	  A	  1.0	  0.4	0.000	0.000	0.000
04	  P	  0.0	  0.4	0.000	0.000	0.000
05	  L	  0.0	  1.2	0.000	2.991	2.991
06	  G	  0.0	  1.2	0.000	3.430	3.430
07	  G	  0.1	  0.8	0.141	8.464	8.464
08	  I	  1.1	  0.8	0.141	10.138	10.138
09	  W	  1.4	  0.0	0.141	10.213	10.213
10	  L	  2.5	  0.0	0.141	10.213	10.213
11	  W	  1.6	  0.0	0.141	9.622	9.622
12	  L	  1.2	  0.0	0.141	1.900	1.900
13	  P	  0.1	  0.0	0.000	1.623	1.623
14	  L	  0.9	  0.0	0.000	55.834	55.834
15	  L	  1.1	  0.0	0.000	64.436	64.436
16	  L	  4.6	  0.0	0.000	64.436	64.436
17	  T	  6.1	  0.0	0.000	64.436	64.436
18	  W	  6.3	  0.0	0.000	64.436	64.436
19	  L	  3.0	  0.0	0.000	55.813	55.813
20	  T	  0.6	  0.2	0.000	0.124	0.124
21	  P	  0.1	  0.2	0.000	0.054	0.054
22	  E	  6.2	  0.2	0.000	0.000	0.000
23	  V	  7.7	  0.2	0.000	0.319	0.319
24	  N	  7.8	  0.6	0.000	0.319	0.319
25	  S	  2.0	  0.6	0.000	0.319	0.319
26	  S	  1.0	  0.5	0.000	0.722	0.722
27	  W	  1.5	  0.5	0.000	0.722	0.722
28	  W	  1.9	  0.0	0.000	0.722	0.722
29	  Y	  2.5	  0.0	0.000	0.722	0.722
30	  M	  2.4	  0.0	0.000	0.573	0.573
31	  R	  2.0	  0.3	0.000	0.000	0.000
32	  A	  0.8	  0.4	0.000	0.000	0.000
33	  T	  0.3	  0.5	0.000	0.000	0.000
34	  G	  0.1	  1.0	0.000	0.000	0.000
35	  G	  0.0	  0.9	0.000	0.000	0.000
36	  S	  0.3	  0.9	0.000	0.000	0.000
37	  S	  0.5	  0.7	0.000	0.000	0.000
38	  R	  2.3	  0.2	0.000	0.000	0.000
39	  V	  4.8	  0.1	0.000	0.000	0.000
40	  M	  4.9	  0.1	0.000	0.000	0.000
41	  C	  3.3	  0.4	0.000	0.000	0.000
42	  D	  0.6	  0.4	0.000	0.000	0.000
43	  N	  0.4	  0.4	0.000	0.000	0.000
44	  V	  0.3	  0.6	0.000	0.000	0.000
45	  P	  0.2	  0.4	0.000	0.000	0.000
46	  G	  0.0	  0.4	0.000	0.000	0.000
47	  L	  0.8	  0.4	0.000	0.000	0.000
48	  V	  2.2	  0.1	0.000	0.000	0.000
49	  S	  2.4	  0.2	0.000	0.000	0.000
50	  S	  2.3	  0.2	0.000	0.000	0.000
51	  Q	  1.5	  0.2	0.000	0.000	0.000
52	  R	  2.0	  0.2	0.000	0.000	0.000
53	  Q	  1.9	  0.1	0.000	0.000	0.000
54	  L	  2.0	  0.1	0.000	0.000	0.000
55	  C	  2.7	  0.1	0.000	0.000	0.000
56	  H	  3.0	  0.0	0.000	0.000	0.000
57	  R	  2.5	  0.0	0.000	0.000	0.000
58	  H	  1.1	  1.7	0.000	0.000	0.000
59	  P	  0.1	  1.7	0.000	0.000	0.000
60	  D	  0.1	  1.7	0.537	0.000	0.000
61	  V	  2.4	  1.7	0.537	0.000	0.000
62	  M	  2.9	  0.0	0.537	0.000	0.000
63	  R	  3.1	  0.0	0.537	0.000	0.000
64	  A	  1.2	  0.0	0.537	0.000	0.000
65	  I	  1.9	  0.1	0.537	0.000	0.000
66	  S	  1.6	  0.4	0.721	0.000	0.000
67	  Q	  1.2	  0.4	0.425	0.000	0.000
68	  G	  0.3	  0.4	0.185	0.000	0.000
69	  V	  1.0	  0.3	0.185	0.000	0.000
70	  A	  1.0	  0.0	0.185	0.000	0.000
71	  E	  2.6	  0.0	0.185	0.000	0.000
72	  W	  5.1	  0.0	0.185	0.000	0.000
73	  T	  5.3	  0.1	0.134	0.000	0.000
74	  A	  3.7	  0.2	0.134	0.000	0.000
75	  E	  0.9	  0.2	0.134	0.000	0.000
76	  C	  1.5	  0.2	0.134	0.000	0.000
77	  Q	  1.9	  0.1	0.134	0.000	0.000
78	  H	  2.6	  0.1	0.134	0.000	0.000
79	  Q	  3.7	  0.1	0.134	0.000	0.000
80	  F	  5.4	  0.1	0.000	0.000	0.000
81	  R	  4.7	  0.1	0.000	0.000	0.000
82	  Q	  2.9	  0.1	0.000	0.000	0.000
83	  H	  1.4	  0.1	0.000	0.000	0.000
84	  R	  4.1	  0.0	0.000	0.000	0.000
85	  W	  8.4	  0.0	0.000	0.000	0.000
86	  N	  8.2	  0.4	0.129	0.000	0.000
87	  C	  5.4	  0.5	0.129	0.000	0.000
88	  N	  0.8	  0.5	0.129	0.000	0.000
89	  T	  1.7	  0.6	0.129	0.000	0.000
90	  L	  1.5	  0.2	0.129	0.000	0.000
91	  D	  1.5	  2.8	0.129	0.000	0.000
92	  R	  0.1	  2.8	0.000	0.000	0.000
93	  D	  0.1	  2.8	0.000	0.000	0.000
94	  H	  0.2	  2.9	0.000	0.000	0.000
95	  S	  0.5	  0.3	0.549	0.000	0.000
96	  L	  0.6	  0.4	0.549	0.000	0.000
97	  F	  0.6	  0.6	0.549	0.000	0.000
98	  G	  0.3	  0.5	1.137	0.000	0.000
99	  R	  1.9	  0.5	1.137	0.000	0.000
100	  V	  5.6	  0.3	1.137	0.000	0.000
101	  L	  5.7	  0.0	1.137	0.000	0.000
102	  L	  4.6	  0.1	1.137	0.000	0.000
103	  R	  0.9	  0.2	1.020	0.000	0.000
104	  S	  1.1	  0.3	0.554	0.000	0.000
105	  S	  0.6	  0.3	0.357	0.000	0.000
106	  R	  0.5	  0.4	0.357	0.001	0.001
107	  E	  0.2	  0.3	0.357	0.001	0.001
108	  S	  0.4	  0.2	0.357	4.871	4.871
109	  A	  0.6	  0.2	0.357	78.706	78.706
110	  F	  2.4	  0.0	0.357	95.533	95.533
111	  V	  4.2	  0.0	0.000	96.816	96.816
112	  Y	  4.9	  0.0	0.000	96.924	96.924
113	  A	  3.5	  0.0	0.000	96.921	96.921
114	  I	  2.0	  0.1	0.000	96.899	96.899
115	  S	  1.1	  0.2	0.000	95.153	95.153
116	  S	  0.8	  0.6	0.000	94.952	94.952
117	  A	  0.2	  0.6	0.000	95.148	95.148
118	  G	  0.2	  0.6	0.000	95.352	95.352
119	  V	  3.6	  0.4	0.000	97.542	97.542
120	  V	  5.6	  0.0	0.000	97.587	97.587
121	  F	  6.5	  0.0	0.000	97.295	97.295
122	  A	  3.4	  0.0	0.000	93.675	93.675
123	  I	  5.3	  0.0	0.000	90.583	90.583
124	  T	  4.6	  0.0	0.000	33.835	33.835
125	  R	  4.2	  0.0	0.000	0.000	0.000
126	  A	  0.5	  0.0	0.000	0.000	0.000
127	  C	  1.8	  0.4	0.000	0.000	0.000
128	  S	  1.8	  0.7	0.000	0.000	0.000
129	  Q	  1.7	  0.7	0.000	0.000	0.000
130	  G	  0.1	  0.7	0.000	0.000	0.000
131	  E	 10.9	  0.4	0.000	0.000	0.000
132	  V	 12.9	  0.1	0.000	0.000	0.000
133	  K	 13.6	  0.1	0.000	0.000	0.000
134	  S	 20.0	  0.3	0.000	0.000	0.000
135	  C	 20.6	  0.4	0.000	0.000	0.000
136	  S	 29.4	  0.3	0.000	0.000	0.000
137	  C	 14.0	  0.3	0.000	0.000	0.000
138	  D	  9.9	  0.4	0.831	0.000	0.000
139	  P	  0.1	  0.4	0.831	0.000	0.000
140	  K	  0.1	  0.4	0.831	0.000	0.000
141	  K	  0.3	  0.6	0.831	0.000	0.000
142	  M	  0.4	  0.5	0.831	0.000	0.000
143	  G	  0.5	  0.4	0.831	0.000	0.000
144	  S	  0.4	  0.6	0.813	0.000	0.000
145	  A	  0.4	  0.7	0.474	0.000	0.000
146	  K	  0.3	  0.5	0.379	0.000	0.000
147	  D	  0.2	  1.0	0.379	0.000	0.000
148	  S	  0.2	  1.2	0.379	0.000	0.000
149	  K	  0.2	  1.0	0.379	0.000	0.000
150	  G	  0.1	  0.9	0.162	0.000	0.000
151	  I	  0.4	  0.4	0.000	0.000	0.000
152	  F	  2.4	  0.0	0.000	0.000	0.000
153	  D	  2.3	  0.3	0.000	0.000	0.000
154	  W	  2.0	  0.5	0.000	0.000	0.000
155	  G	  0.0	  0.8	0.000	0.000	0.000
156	  G	  0.1	  0.8	0.000	0.000	0.000
157	  C	  0.2	  1.1	0.000	0.000	0.000
158	  S	  0.2	  1.8	0.000	0.000	0.000
159	  D	  0.2	  1.5	0.000	0.000	0.000
160	  N	  1.5	  1.7	0.000	0.000	0.000
161	  I	  4.5	  1.1	0.000	0.000	0.000
162	  D	  4.4	  0.2	1.468	0.000	0.000
163	  Y	  3.4	  0.4	1.468	0.000	0.000
164	  G	  0.4	  0.1	1.585	0.000	0.000
165	  I	  3.5	  0.1	1.585	0.000	0.000
166	  K	  3.7	  0.1	1.585	0.000	0.000
167	  F	  4.2	  0.0	1.585	0.000	0.000
168	  A	  1.3	  0.0	1.585	0.000	0.000
169	  R	  1.0	  0.0	0.750	0.000	0.000
170	  A	  0.7	  0.0	0.327	0.000	0.000
171	  F	  2.0	  0.1	0.204	0.000	0.000
172	  V	  2.2	  0.1	0.208	0.000	0.000
173	  D	  2.0	  0.2	5.558	0.000	0.000
174	  A	  0.6	  0.3	5.558	0.000	0.000
175	  K	  0.2	  0.3	5.558	0.000	0.000
176	  E	  1.0	  0.3	5.558	0.000	0.000
177	  R	  1.0	  1.0	5.558	0.000	0.000
178	  K	  0.9	  1.0	5.558	0.000	0.000
179	  G	  0.1	  1.4	1.680	0.000	0.000
180	  K	  0.1	  1.3	0.770	0.000	0.000
181	  D	  0.1	  0.7	2.373	0.000	0.000
182	  A	  0.2	  0.6	2.185	0.000	0.000
183	  R	  0.3	  0.2	2.185	0.000	0.000
184	  A	  0.5	  0.2	2.185	0.000	0.000
185	  L	  1.0	  0.0	2.185	0.000	0.000
186	  M	  2.7	  0.0	2.185	0.000	0.000
187	  N	  2.5	  0.0	1.447	0.000	0.000
188	  L	  2.2	  0.1	0.880	0.000	0.000
189	  H	  0.4	  0.2	0.673	0.000	0.000
190	  N	  0.3	  0.2	0.353	0.000	0.000
191	  N	  0.1	  0.4	0.317	0.000	0.000
192	  R	  0.1	  0.7	0.317	0.000	0.000
193	  A	  0.1	  0.7	0.317	0.000	0.000
194	  G	  0.1	  0.8	0.455	0.000	0.000
195	  R	  0.1	  0.6	0.455	0.000	0.000
196	  K	  0.4	  0.2	0.273	0.000	0.000
197	  A	  1.1	  0.1	0.138	0.000	0.000
198	  V	  2.9	  0.1	0.138	0.000	0.000
199	  K	  2.9	  0.1	0.138	0.000	0.000
200	  R	  2.8	  0.1	0.000	0.000	0.000
201	  F	  1.7	  0.1	0.000	0.000	0.000
202	  L	  1.6	  0.0	0.000	0.000	0.000
203	  K	  1.2	  0.1	0.000	0.000	0.000
204	  Q	  0.5	  0.1	0.000	0.000	0.000
205	  E	  1.6	  0.1	0.000	0.000	0.000
206	  C	  2.0	  0.2	0.000	0.000	0.000
207	  K	  2.9	  0.1	0.000	0.000	0.000
208	  C	  2.2	  1.2	0.000	0.000	0.000
209	  H	  1.6	  1.2	0.000	0.000	0.000
210	  G	  0.6	  1.1	0.000	0.000	0.000
211	  V	  0.7	  1.3	0.000	0.000	0.000
212	  S	  0.9	  0.7	0.000	0.000	0.000
213	  G	  0.9	  0.7	0.161	0.000	0.000
214	  S	  8.2	  0.7	0.161	0.000	0.000
215	  C	 10.0	  0.6	0.161	0.000	0.000
216	  T	 12.1	  0.1	0.161	0.000	0.000
217	  L	  4.6	  0.1	0.161	0.000	0.000
218	  R	  2.4	  0.1	0.161	0.000	0.000
219	  T	  4.0	  0.1	0.117	3.480	3.480
220	  C	  5.0	  0.1	0.117	8.978	8.978
221	  W	  5.3	  0.0	0.117	9.332	9.332
222	  L	  1.9	  0.0	0.117	9.332	9.332
223	  A	  0.8	  0.0	0.117	9.332	9.332
224	  M	  0.5	  0.8	0.117	9.124	9.124
225	  A	  0.2	  0.8	0.117	4.371	4.371
226	  D	  1.3	  0.8	0.117	0.000	0.000
227	  F	  2.6	  0.9	0.117	0.000	0.000
228	  R	  2.8	  0.2	0.000	0.000	0.000
229	  K	  1.8	  0.3	0.000	0.000	0.000
230	  T	  0.4	  2.2	0.000	0.000	0.000
231	  G	  0.1	  2.2	0.442	0.000	0.000
232	  D	  0.1	  2.0	1.638	0.000	0.000
233	  Y	  0.6	  1.9	1.913	0.000	0.000
234	  L	  0.7	  0.0	2.034	0.000	0.000
235	  W	  1.5	  0.0	2.034	0.000	0.000
236	  R	  1.4	  0.0	2.034	0.000	0.000
237	  K	  2.1	  0.2	2.034	0.000	0.000
238	  Y	  1.9	  3.3	1.513	0.000	0.000
239	  N	  1.4	  3.3	1.341	0.000	0.000
240	  G	  0.5	  3.3	0.196	0.491	0.491
241	  A	  0.2	  3.2	0.000	6.007	6.007
242	  I	  1.0	  0.0	0.000	9.518	9.518
243	  Q	  1.6	  0.0	0.000	9.518	9.518
244	  V	  9.5	  0.0	0.000	9.518	9.518
245	  V	 12.1	  0.0	0.000	9.518	9.518
246	  M	 11.7	  0.0	0.000	6.711	6.711
247	  N	  4.0	  5.1	0.000	0.000	0.000
248	  Q	  0.3	  5.2	0.000	0.000	0.000
249	  D	  0.1	  5.4	0.000	0.000	0.000
250	  G	  0.0	  5.5	0.000	0.000	0.000
251	  T	  0.1	  0.5	0.000	0.000	0.000
252	  G	  0.2	  0.4	0.000	0.139	0.139
253	  F	 11.0	  0.1	0.000	0.614	0.614
254	  T	 14.6	  0.0	0.281	0.614	0.614
255	  V	 15.2	  0.1	0.417	0.614	0.614
256	  A	  4.7	  0.1	0.417	0.614	0.614
257	  N	  0.8	  0.2	0.871	0.476	0.476
258	  E	  0.3	  0.2	0.871	0.000	0.000
259	  R	  0.8	  0.1	0.871	0.000	0.000
260	  F	  1.7	  0.1	0.758	0.000	0.000
261	  K	  1.5	  0.0	0.454	0.000	0.000
262	  K	  1.0	  0.2	0.454	0.000	0.000
263	  P	  0.0	  0.2	0.000	0.000	0.000
264	  T	  0.6	  0.6	0.000	0.000	0.000
265	  K	  0.6	  0.7	0.000	0.000	0.000
266	  N	  0.6	  0.5	0.000	0.000	0.000
267	  D	  0.2	  0.5	0.000	0.000	0.000
268	  L	  1.5	  0.1	0.000	0.000	0.000
269	  V	  3.6	  0.0	0.000	0.000	0.000
270	  Y	  5.7	  0.0	0.000	0.000	0.000
271	  F	  5.3	  0.3	0.000	0.000	0.000
272	  E	  3.3	  0.3	0.000	0.000	0.000
273	  N	  1.0	  0.3	0.000	0.000	0.000
274	  S	  0.1	  6.5	0.000	0.000	0.000
275	  P	  0.0	  6.3	0.000	0.000	0.000
276	  D	  0.5	  6.3	0.000	0.000	0.000
277	  Y	  4.0	  6.3	0.000	0.000	0.000
278	  C	  7.5	  0.0	0.746	0.000	0.000
279	  I	  7.2	  0.1	0.746	0.000	0.000
280	  R	  3.7	  0.1	0.746	0.000	0.000
281	  D	  0.2	  0.2	0.887	0.000	0.000
282	  R	  0.1	  0.3	0.887	0.000	0.000
283	  E	  0.0	  0.5	0.887	0.000	0.000
284	  A	  0.0	  0.9	0.658	0.000	0.000
285	  G	  0.0	  1.0	0.495	0.000	0.000
286	  S	  0.2	  0.9	0.591	0.000	0.000
287	  L	  0.2	  0.7	0.282	0.000	0.000
288	  G	  0.3	  0.3	0.282	0.000	0.000
289	  T	  0.2	  0.7	0.282	0.000	0.000
290	  A	  0.2	  0.7	0.282	0.000	0.000
291	  G	  0.1	  0.6	0.282	0.000	0.000
292	  R	  0.2	  0.6	0.282	0.000	0.000
293	  V	  1.0	  0.1	0.000	0.000	0.000
294	  C	  1.7	  0.0	0.000	0.000	0.000
295	  N	  1.9	  0.0	0.000	0.000	0.000
296	  L	  1.7	  0.1	0.000	0.000	0.000
297	  T	  1.5	  0.2	0.000	0.000	0.000
298	  S	  1.2	  0.5	0.000	0.000	0.000
299	  R	  0.7	  0.5	0.000	0.000	0.000
300	  G	  0.2	  0.6	0.000	0.000	0.000
301	  M	  0.5	  0.6	0.000	0.000	0.000
302	  D	  0.7	  0.3	0.116	0.000	0.000
303	  S	  9.2	  0.3	0.116	0.000	0.000
304	  C	 14.3	  0.2	0.116	0.000	0.000
305	  E	 14.5	  0.1	0.116	0.000	0.000
306	  V	  9.0	  0.0	0.116	0.000	0.000
307	  M	  8.3	  0.0	0.116	0.000	0.000
308	  C	 10.8	  0.2	0.000	0.000	0.000
309	  C	  8.7	  0.5	0.000	0.000	0.000
310	  G	  3.2	  0.6	0.000	0.000	0.000
311	  R	  0.3	  0.6	0.000	0.000	0.000
312	  G	  0.2	  0.5	0.000	0.000	0.000
313	  Y	  0.8	  0.3	0.000	0.000	0.000
314	  D	  0.9	  0.5	0.000	0.000	0.000
315	  T	  1.4	  0.6	0.000	0.000	0.000
316	  S	  1.2	  0.5	0.357	0.000	0.000
317	  H	  2.6	  0.5	0.357	0.000	0.000
318	  V	  3.7	  0.1	0.357	0.000	0.000
319	  T	  3.8	  0.0	0.546	0.000	0.000
320	  R	  3.0	  0.0	0.546	0.000	0.000
321	  M	  1.8	  0.0	0.546	0.000	0.000
322	  T	  3.1	  0.1	0.189	0.000	0.000
323	  K	  2.6	  0.1	0.189	0.000	0.000
324	  C	  2.3	  0.3	0.189	0.000	0.000
325	  G	  0.6	  0.3	0.000	0.000	0.000
326	  C	  0.4	  0.2	0.000	0.000	0.000
327	  K	  0.7	  0.2	0.000	0.000	0.000
328	  F	  2.7	  0.0	0.000	0.537	0.537
329	  H	  4.2	  0.0	0.000	0.537	0.537
330	  W	 13.1	  0.0	0.000	0.705	0.705
331	  C	 30.0	  0.0	0.000	0.705	0.705
332	  C	 29.3	  0.0	0.000	0.705	0.705
333	  A	 20.8	  0.0	0.000	0.705	0.705
334	  V	  4.8	  0.0	0.000	0.705	0.705
335	  R	  3.9	  0.0	0.000	0.000	0.000
336	  C	  4.1	  0.6	0.000	0.000	0.000
337	  Q	  1.6	  0.7	0.000	0.000	0.000
338	  D	  0.8	  0.7	0.000	0.000	0.000
339	  C	  1.3	  0.7	0.118	0.000	0.000
340	  L	  1.3	  0.0	0.118	0.000	0.000
341	  E	  1.3	  0.0	0.118	0.000	0.000
342	  A	  0.4	  0.0	0.118	0.000	0.000
343	  L	  2.2	  0.0	0.118	0.000	0.000
344	  D	  2.6	  0.0	0.983	0.000	0.000
345	  V	  4.1	  0.0	0.865	0.000	0.000
346	  H	  3.8	  0.0	0.865	0.000	0.000
347	  T	  7.4	  0.0	0.865	0.000	0.000
348	  C	  8.2	  0.0	0.865	0.000	0.000
349	  K	  6.4	  0.0	0.865	0.000	0.000
350	  A	  2.7	  0.2	0.200	0.000	0.000
351	  P	  0.0	  0.5	0.000	0.000	0.000
352	  K	  0.1	  0.5	0.000	0.000	0.000
353	  N	  0.1	  2.1	0.000	0.000	0.000
354	  A	  0.1	  1.9	0.000	0.000	0.000
355	  D	  0.7	  1.6	0.000	0.000	0.000
356	  W	  1.6	  1.6	0.000	0.000	0.000
357	  T	  2.3	  0.0	0.000	0.000	0.000
358	  T	  2.9	  0.0	0.000	0.000	0.000
359	  A	  1.9	  0.0	0.000	0.000	0.000
360	  T	  1.3	  0.0	0.000	0.000	0.000
