res	aa	Beta	Turn	Helix	Aggregation	Conc-Stab_Aggregation
01	  M	  0.0	  0.0	0.000	0.000	0.000
02	  P	  0.0	  0.0	0.000	0.000	0.000
03	  V	  2.5	  0.0	0.000	0.000	0.000
04	  D	  2.6	  0.7	0.152	0.000	0.000
05	  L	  2.9	  0.7	0.152	0.000	0.000
06	  S	  0.7	  0.7	0.152	0.000	0.000
07	  K	  1.0	  0.7	0.152	0.000	0.000
08	  W	  1.0	  0.0	0.152	0.000	0.000
09	  S	  0.7	  0.1	0.152	0.000	0.000
10	  G	  0.2	  0.3	0.000	0.000	0.000
11	  P	  0.0	  0.3	0.000	0.000	0.000
12	  L	  1.8	  0.4	0.000	0.000	0.000
13	  S	  2.4	  0.2	0.167	0.000	0.000
14	  L	  2.4	  0.1	0.167	0.000	0.000
15	  Q	  1.0	  0.1	0.167	0.000	0.000
16	  E	  5.5	  0.0	0.167	0.000	0.000
17	  V	  5.6	  0.0	0.167	0.000	0.000
18	  D	  5.3	  0.0	0.167	0.000	0.000
19	  E	  0.2	  0.0	0.167	0.000	0.000
20	  Q	  0.0	  0.2	0.167	0.000	0.000
21	  P	  0.0	  0.2	0.000	0.000	0.000
22	  Q	  0.1	  0.2	0.000	0.000	0.000
23	  H	  0.1	  0.4	0.000	0.000	0.000
24	  P	  0.1	  0.3	0.000	0.000	0.000
25	  L	  1.2	  0.3	0.000	0.151	0.151
26	  H	  2.6	  0.3	0.000	0.151	0.151
27	  V	 11.5	  0.0	0.000	0.315	0.315
28	  T	 13.7	  0.0	0.000	0.315	0.315
29	  Y	 12.7	  0.3	0.000	0.315	0.315
30	  A	  3.9	  0.4	0.000	0.164	0.164
31	  G	  0.5	  0.4	0.000	0.164	0.164
32	  A	  0.2	  0.4	0.000	0.164	0.164
33	  A	  0.5	  0.1	0.000	0.164	0.164
34	  V	  0.6	  0.0	0.000	0.164	0.164
35	  D	  0.5	  0.4	0.133	0.000	0.000
36	  E	  0.2	  0.4	0.133	0.000	0.000
37	  L	  0.0	  0.5	0.133	0.000	0.000
38	  G	  0.0	  0.5	0.133	0.000	0.000
39	  K	  1.0	  0.0	0.133	0.000	0.000
40	  V	  3.8	  0.0	0.133	0.000	0.000
41	  L	  4.0	  0.0	0.133	0.000	0.000
42	  T	  3.1	  0.2	0.133	0.000	0.000
43	  P	  0.2	  0.3	0.000	0.000	0.000
44	  T	  0.9	  0.3	0.000	0.000	0.000
45	  Q	  1.9	  0.3	0.000	0.000	0.000
46	  V	  3.7	  0.1	0.000	0.000	0.000
47	  K	  3.0	  0.1	0.000	0.000	0.000
48	  N	  1.9	  0.1	0.000	0.000	0.000
49	  R	  0.1	  0.3	0.000	0.000	0.000
50	  P	  0.0	  0.2	0.000	0.000	0.000
51	  T	  0.4	  0.2	0.000	0.000	0.000
52	  S	  6.0	  0.4	0.000	0.000	0.000
53	  I	  9.5	  0.2	0.000	0.000	0.000
54	  S	 14.1	  1.6	0.000	0.000	0.000
55	  W	  8.7	  1.8	0.000	0.000	0.000
56	  D	  5.2	  1.7	0.000	0.000	0.000
57	  G	  0.1	  1.9	0.000	0.000	0.000
58	  L	  0.4	  0.6	0.000	0.000	0.000
59	  D	  0.4	  1.4	0.175	0.000	0.000
60	  S	  0.3	  1.6	0.175	0.000	0.000
61	  G	  0.0	  1.5	0.175	0.000	0.000
62	  K	  0.3	  1.3	0.175	0.000	0.000
63	  L	  0.6	  0.3	0.175	77.800	77.800
64	  Y	  5.3	  0.1	0.175	91.825	91.825
65	  T	  6.2	  0.0	0.175	92.029	92.029
66	  L	  7.7	  0.0	0.175	92.029	92.029
67	  V	  4.5	  0.0	0.175	92.029	92.029
68	  L	  3.7	  0.0	0.175	90.840	90.840
69	  T	  1.9	  0.0	0.000	34.024	34.024
70	  D	  0.5	 11.3	0.000	0.000	0.000
71	  P	  0.0	 11.3	0.000	0.000	0.000
72	  D	  0.0	 11.3	0.000	0.000	0.000
73	  A	  0.0	 11.7	0.000	0.000	0.000
74	  P	  0.0	  0.4	0.000	0.000	0.000
75	  S	  0.1	  0.5	0.000	0.000	0.000
76	  R	  1.0	  0.5	0.000	0.000	0.000
77	  K	  1.0	  0.1	0.000	0.000	0.000
78	  D	  0.9	  0.4	0.622	0.000	0.000
79	  P	  0.0	  0.3	0.622	0.000	0.000
80	  K	  0.9	  0.3	0.622	0.000	0.000
81	  Y	  1.5	  0.3	0.622	0.000	0.000
82	  R	  1.6	  0.0	0.622	0.000	0.000
83	  E	  3.2	  0.0	0.622	0.000	0.000
84	  W	  3.4	  0.0	0.622	0.309	0.309
85	  H	  4.6	  0.0	0.622	0.309	0.309
86	  H	  3.6	  0.0	0.167	3.631	3.631
87	  F	  3.9	  0.0	0.000	15.724	15.724
88	  L	  4.2	  0.0	0.000	16.315	16.315
89	  V	  7.3	  0.0	0.000	16.315	16.315
90	  V	 10.0	  0.0	0.000	16.315	16.315
91	  N	  8.5	  0.2	0.000	12.684	12.684
92	  M	  4.1	  0.4	0.000	7.035	7.035
93	  K	  0.5	  1.0	0.000	0.000	0.000
94	  G	  0.1	  1.1	0.000	0.000	0.000
95	  N	  0.1	  0.9	0.000	0.000	0.000
96	  D	  0.8	  1.0	0.000	0.000	0.000
97	  I	  1.4	  0.5	0.000	0.000	0.000
98	  S	  1.4	  0.7	0.000	0.000	0.000
99	  S	  0.8	  0.8	0.000	0.000	0.000
100	  G	  0.2	  0.5	0.000	0.000	0.000
101	  T	  4.0	  0.3	0.000	0.000	0.000
102	  V	  6.9	  0.1	0.000	0.000	0.000
103	  L	  6.9	  0.6	0.000	0.000	0.000
104	  S	  3.1	  0.6	0.000	0.000	0.000
105	  D	  0.4	  0.6	0.000	0.000	0.000
106	  Y	  1.1	  0.7	0.000	0.000	0.000
107	  V	  1.3	  1.3	0.000	0.000	0.000
108	  G	  0.9	  1.3	0.000	0.000	0.000
109	  S	  0.2	  1.3	0.000	0.000	0.000
110	  G	  0.0	  1.1	0.000	0.000	0.000
111	  P	  0.0	  0.7	0.000	0.000	0.000
112	  P	  0.0	  1.0	0.000	0.000	0.000
113	  K	  0.0	  1.2	0.000	0.000	0.000
114	  G	  0.0	  1.3	0.000	0.000	0.000
115	  T	  0.1	  0.7	0.000	0.000	0.000
116	  G	  0.1	  0.3	0.000	0.000	0.000
117	  L	  0.2	  0.2	0.000	0.001	0.001
118	  H	  0.9	  0.1	0.000	0.001	0.001
119	  R	  1.8	  0.0	0.000	0.015	0.015
120	  Y	  3.1	  0.0	0.000	87.863	87.863
121	  V	  4.7	  0.0	0.000	99.706	99.706
122	  W	  4.5	  0.0	0.000	99.706	99.706
123	  L	  4.3	  0.0	0.000	99.706	99.706
124	  V	  5.3	  0.0	0.000	99.706	99.706
125	  Y	  5.7	  0.1	0.000	88.825	88.825
126	  E	  4.5	  0.2	0.000	0.015	0.015
127	  Q	  1.2	  0.2	0.000	0.002	0.002
128	  D	  0.2	  0.2	0.000	0.000	0.000
129	  R	  0.1	  0.2	0.000	0.000	0.000
130	  P	  0.0	  0.1	0.000	0.000	0.000
131	  L	  2.3	  0.2	0.000	0.000	0.000
132	  K	  2.9	  0.2	0.000	0.000	0.000
133	  C	  3.1	  0.0	0.000	0.000	0.000
134	  D	  0.8	  0.0	0.000	0.000	0.000
135	  E	  0.2	  0.0	0.141	0.000	0.000
136	  P	  0.0	  0.0	0.141	0.000	0.000
137	  I	  1.5	  0.0	0.141	0.000	0.000
138	  L	  1.5	  0.2	0.141	0.000	0.000
139	  S	  1.5	  0.2	0.141	0.000	0.000
140	  N	  0.1	  2.8	0.141	0.000	0.000
141	  R	  0.2	  3.0	0.000	0.000	0.000
142	  S	  0.2	  5.6	0.000	0.000	0.000
143	  G	  0.2	  5.6	0.000	0.000	0.000
144	  D	  0.2	  3.2	0.000	0.000	0.000
145	  H	  0.3	  3.5	0.000	0.000	0.000
146	  R	  0.3	  0.7	0.000	0.000	0.000
147	  G	  0.2	  0.7	0.000	0.000	0.000
148	  K	  1.1	  0.6	0.000	0.000	0.000
149	  F	  3.5	  0.0	0.000	0.000	0.000
150	  K	  5.4	  0.0	0.000	0.000	0.000
151	  V	  6.5	  0.2	0.000	0.000	0.000
152	  A	  4.7	  0.2	0.000	0.000	0.000
153	  S	  8.9	  0.2	1.217	0.000	0.000
154	  F	  8.0	  0.2	1.217	0.000	0.000
155	  R	  7.4	  0.1	1.217	0.000	0.000
156	  K	  1.4	  0.1	1.217	0.000	0.000
157	  K	  3.5	  0.1	1.217	0.000	0.000
158	  Y	  5.7	  0.1	1.217	0.000	0.000
159	  E	  5.8	  0.0	1.048	0.000	0.000
160	  L	  3.5	  0.0	0.624	0.000	0.000
161	  R	  1.3	  0.0	0.394	0.000	0.000
162	  A	  1.0	  0.0	0.132	0.000	0.000
163	  P	  0.0	  0.0	0.000	0.000	0.000
164	  V	  0.6	  0.0	0.000	0.000	0.000
165	  A	  0.6	  0.1	0.000	0.000	0.000
166	  G	  0.6	  0.1	0.000	0.000	0.000
167	  T	  4.6	  0.1	0.000	0.000	0.000
168	  C	 11.0	  0.1	0.126	0.000	0.000
169	  Y	 13.3	  0.0	0.126	0.000	0.000
170	  Q	  9.2	  0.0	0.126	0.000	0.000
171	  A	  2.8	  0.0	0.126	0.000	0.000
172	  E	  1.6	  0.1	0.126	0.000	0.000
173	  W	  1.6	  0.3	0.126	0.000	0.000
174	  D	  1.6	  0.3	0.126	0.000	0.000
175	  D	  0.9	  0.3	0.000	0.000	0.000
176	  Y	  0.9	  0.2	0.000	0.000	0.000
177	  V	  0.9	  0.0	0.000	0.000	0.000
178	  P	  0.2	  0.1	0.000	0.000	0.000
179	  K	  0.3	  0.1	0.000	0.000	0.000
180	  L	  0.4	  0.1	0.000	0.000	0.000
181	  Y	  1.5	  0.2	0.000	0.000	0.000
182	  E	  1.3	  0.2	0.000	0.000	0.000
183	  Q	  1.9	  0.2	0.000	0.000	0.000
184	  L	  1.0	  0.5	0.000	0.000	0.000
185	  S	  1.0	  0.3	0.000	0.000	0.000
186	  G	  0.2	  0.3	0.000	0.000	0.000
187	  K	  0.0	  0.3	0.000	0.000	0.000
