res	aa	Beta	Turn	Helix	Aggregation	Conc-Stab_Aggregation
01	  M	  2.3	  0.0	0.000	0.000	0.000
02	  S	  4.3	  0.0	0.000	0.000	0.000
03	  L	  4.8	  0.3	0.000	0.000	0.000
04	  R	  2.8	  0.4	0.000	0.000	0.000
05	  S	  0.7	  1.1	0.000	0.000	0.000
06	  G	  0.1	  1.3	0.000	0.000	0.000
07	  G	  0.0	  1.1	0.000	0.000	0.000
08	  R	  0.4	  1.0	0.000	0.000	0.000
09	  R	  0.6	  0.3	0.000	0.000	0.000
10	  R	  1.0	  0.1	0.000	0.000	0.000
11	  A	  0.6	  0.1	0.000	0.000	0.000
12	  D	  0.4	  4.3	0.000	0.000	0.000
13	  P	  0.0	  4.4	0.000	0.000	0.000
14	  G	  0.0	  5.9	0.000	0.000	0.000
15	  A	  0.0	  6.1	0.000	0.000	0.000
16	  D	  0.0	  1.9	0.000	0.000	0.000
17	  G	  0.1	  1.9	0.613	0.000	0.000
18	  E	  0.2	  0.4	0.613	0.000	0.000
19	  A	  0.4	  0.2	0.613	0.000	0.000
20	  S	  0.6	  1.9	0.613	0.000	0.000
21	  R	  0.5	  2.8	0.613	0.000	0.000
22	  D	  0.3	  3.5	0.613	0.000	0.000
23	  D	  0.1	  3.8	0.301	0.000	0.000
24	  G	  0.0	  2.1	0.136	0.000	0.000
25	  A	  0.2	  1.1	0.136	0.000	0.000
26	  T	  1.4	  0.5	0.136	0.000	0.000
27	  S	  1.5	  0.2	0.278	0.000	0.000
28	  S	 11.8	  0.3	0.839	0.000	0.000
29	  V	 12.5	  0.3	0.703	0.000	0.000
30	  S	 12.4	  0.2	2.756	0.000	0.000
31	  A	  2.4	  0.2	2.756	0.000	0.000
32	  L	  0.4	  0.0	2.756	0.000	0.000
33	  K	  0.4	  0.1	2.756	0.000	0.000
34	  R	  0.6	  0.1	2.320	0.000	0.000
35	  L	  0.6	  0.1	2.167	0.000	0.000
36	  E	  0.7	  0.1	1.577	0.000	0.000
37	  R	  0.7	  0.1	0.696	0.000	0.000
38	  S	  1.0	  0.1	1.129	0.000	0.000
39	  Q	  3.1	  0.0	0.918	0.000	0.000
40	  W	  3.7	  0.1	0.918	0.000	0.000
41	  T	  3.5	  0.1	0.918	0.000	0.000
42	  D	  1.2	  0.1	1.062	0.000	0.000
43	  K	  0.9	  0.3	1.062	0.000	0.000
44	  M	  2.0	  0.3	0.857	0.000	0.000
45	  D	  2.4	  0.2	0.857	0.000	0.000
46	  L	  3.0	  0.2	0.692	0.000	0.000
47	  R	  2.0	  0.2	0.692	0.000	0.000
48	  F	  1.8	  0.2	0.229	0.000	0.000
49	  G	  0.6	  0.2	0.180	0.000	0.000
50	  F	  2.6	  0.3	0.180	0.000	0.000
51	  E	  2.4	  0.2	0.180	0.000	0.000
52	  R	  2.7	  0.2	0.180	0.000	0.000
53	  L	  0.5	  0.2	0.180	0.000	0.000
54	  K	  0.5	  0.0	0.180	0.000	0.000
55	  E	  0.2	  0.9	0.180	0.000	0.000
56	  P	  0.1	  1.0	0.000	0.000	0.000
57	  G	  0.0	  1.0	0.236	0.000	0.000
58	  E	  0.4	  1.2	0.236	0.000	0.000
59	  K	  0.4	  0.3	0.236	0.000	0.000
60	  T	  0.5	  0.2	0.236	2.232	2.232
61	  G	  0.1	  0.1	0.236	2.232	2.232
62	  W	  0.5	  0.0	0.236	2.913	2.913
63	  L	  1.1	  0.0	0.000	2.913	2.913
64	  I	  5.8	  0.0	0.000	2.913	2.913
65	  N	  5.5	  0.0	0.000	0.681	0.681
66	  M	  5.0	  0.0	0.000	0.681	0.681
67	  H	  0.3	  0.5	0.000	0.000	0.000
68	  P	  0.1	  0.5	0.000	0.000	0.000
69	  T	  0.1	  0.5	0.000	0.000	0.000
70	  E	  0.3	  0.5	0.000	0.000	0.000
71	  I	  0.8	  0.1	0.000	0.000	0.000
72	  L	  0.7	  0.1	0.717	0.000	0.000
73	  D	  0.5	  4.0	4.121	0.000	0.000
74	  E	  0.1	  4.1	4.264	0.000	0.000
75	  D	  0.1	  4.1	4.717	0.000	0.000
76	  K	  0.3	  4.1	4.717	0.000	0.000
77	  R	  0.3	  0.3	4.717	0.000	0.000
78	  L	  0.3	  0.5	4.717	0.000	0.000
79	  G	  0.2	  0.5	3.479	0.000	0.000
80	  S	  0.4	  0.4	2.488	0.000	0.000
81	  A	  0.6	  0.3	0.245	0.000	0.000
82	  V	  2.6	  0.1	0.118	0.000	0.000
83	  D	  3.3	  0.1	0.118	0.000	0.000
84	  Y	  4.5	  0.1	0.118	0.188	0.188
85	  Y	  3.6	  0.0	0.118	0.188	0.188
86	  F	  3.0	  0.0	0.000	0.188	0.188
87	  I	  1.7	  0.1	0.000	0.188	0.188
88	  Q	  0.6	  0.6	0.000	0.188	0.188
89	  D	  0.1	  1.5	0.139	0.000	0.000
90	  D	  0.0	  1.9	0.139	0.000	0.000
91	  G	  0.0	  1.9	0.139	0.000	0.000
92	  S	  0.2	  1.4	0.139	0.000	0.000
93	  R	  0.7	  0.5	0.139	0.000	0.000
94	  F	  3.2	  0.1	0.139	0.000	0.000
95	  K	  5.1	  0.0	0.139	0.000	0.000
96	  V	 11.5	  0.0	0.000	0.000	0.000
97	  A	  9.0	  0.0	0.000	0.000	0.000
98	  L	  7.0	  0.1	0.000	0.000	0.000
99	  P	  0.1	  0.1	0.000	0.000	0.000
100	  Y	  0.2	  0.1	0.000	0.000	0.000
101	  K	  0.2	  0.3	0.000	0.000	0.000
102	  P	  0.2	  0.1	0.000	0.516	0.516
103	  Y	  1.5	  0.1	0.000	12.306	12.306
104	  F	  2.6	  0.1	0.000	14.028	14.028
105	  Y	  4.2	  0.0	0.125	14.028	14.028
106	  I	  3.9	  0.0	0.125	14.028	14.028
107	  A	  3.0	  0.0	0.125	13.633	13.633
108	  T	  2.5	  0.1	0.125	3.826	3.826
109	  R	  1.3	  0.8	0.125	0.000	0.000
110	  K	  1.1	  0.9	0.125	0.000	0.000
111	  G	  0.1	  0.9	0.000	0.000	0.000
112	  C	  1.7	  0.9	0.000	0.000	0.000
113	  E	  1.8	  0.3	0.000	0.000	0.000
114	  R	  1.9	  0.1	0.000	0.000	0.000
115	  E	  3.3	  0.1	0.000	0.000	0.000
116	  V	  4.6	  0.2	0.000	0.769	0.769
117	  S	  4.6	  0.1	0.155	0.769	0.769
118	  S	  2.2	  0.1	0.545	0.769	0.769
119	  F	  1.9	  0.1	0.545	0.769	0.769
120	  L	  1.8	  0.0	0.545	0.769	0.769
121	  S	  1.4	  0.1	0.545	0.000	0.000
122	  K	  0.5	  0.1	0.545	0.000	0.000
123	  K	  1.2	  0.1	0.390	0.000	0.000
124	  F	  1.5	  0.5	0.119	0.000	0.000
125	  Q	  1.4	  0.5	0.000	0.000	0.000
126	  G	  0.5	  0.5	0.000	0.000	0.000
127	  K	  1.4	  0.5	0.000	0.000	0.000
128	  I	  1.9	  0.0	0.000	0.000	0.000
129	  A	  2.2	  0.0	0.000	0.000	0.000
130	  K	  8.2	  0.0	0.000	0.000	0.000
131	  V	  8.3	  0.0	0.000	0.000	0.000
132	  E	  8.1	  0.0	0.000	0.000	0.000
133	  T	  1.4	  0.0	0.000	0.000	0.000
134	  V	  0.8	  0.0	0.000	0.000	0.000
135	  P	  0.7	  0.1	0.000	0.000	0.000
136	  K	  0.1	  0.6	0.000	0.000	0.000
137	  E	  0.1	  0.6	0.000	0.000	0.000
138	  D	  0.2	  1.3	0.000	0.000	0.000
139	  L	  2.3	  1.2	0.000	0.000	0.000
140	  D	  2.4	  0.7	0.000	0.000	0.000
141	  L	  2.2	  1.4	0.000	0.000	0.000
142	  P	  0.0	  0.7	0.000	0.000	0.000
143	  N	  0.0	  0.7	0.000	0.000	0.000
144	  H	  0.9	  0.7	0.000	0.000	0.000
145	  L	  1.0	  0.0	0.000	0.000	0.000
146	  V	  1.3	  0.0	0.000	0.000	0.000
147	  G	  0.5	  0.0	0.137	0.000	0.000
148	  L	  0.4	  0.1	0.137	0.000	0.000
149	  K	  0.3	  0.2	0.137	0.000	0.000
150	  R	  0.6	  0.2	0.137	0.000	0.000
151	  N	  1.3	  0.2	0.137	0.000	0.000
152	  Y	  2.4	  0.2	0.137	0.000	0.000
153	  I	  6.3	  0.0	0.000	0.000	0.000
154	  R	  5.9	  0.0	0.000	0.000	0.000
155	  L	  6.6	  0.0	0.000	0.000	0.000
156	  S	  4.5	  0.0	0.000	0.000	0.000
157	  F	  4.7	  0.0	0.000	0.000	0.000
158	  H	  5.1	  0.0	0.000	0.000	0.000
159	  T	  9.4	  0.0	1.300	0.000	0.000
160	  V	  9.4	  0.1	1.300	0.000	0.000
161	  E	  7.1	  0.1	1.400	0.000	0.000
162	  D	  0.8	  0.1	3.632	0.000	0.000
163	  L	  0.6	  0.1	3.632	0.000	0.000
164	  V	 15.6	  0.0	3.632	0.000	0.000
165	  K	 16.9	  0.0	3.632	0.000	0.000
166	  V	 17.0	  0.0	3.216	0.000	0.000
167	  R	  2.6	  0.0	3.216	0.000	0.000
168	  K	  1.1	  0.0	1.532	0.000	0.000
169	  E	  2.8	  0.0	0.840	0.000	0.000
170	  I	  2.9	  0.0	0.165	0.000	0.000
171	  S	  2.6	  0.0	2.214	0.000	0.000
172	  P	  0.3	  0.0	2.049	0.000	0.000
173	  A	  0.7	  0.0	2.049	0.000	0.000
174	  V	  1.4	  0.0	2.049	0.000	0.000
175	  K	  1.5	  0.2	2.049	0.000	0.000
176	  K	  0.8	  0.2	2.049	0.000	0.000
177	  N	  0.1	  0.3	0.985	0.000	0.000
178	  R	  0.1	  0.4	0.128	0.000	0.000
179	  E	  0.2	  0.3	0.000	0.000	0.000
180	  Q	  0.2	  0.3	0.000	0.000	0.000
181	  D	  0.2	  0.3	0.000	0.000	0.000
182	  H	  0.5	  0.6	0.000	0.000	0.000
183	  A	  0.4	  0.7	0.000	0.000	0.000
184	  S	  0.4	  0.7	0.000	0.000	0.000
185	  D	  0.1	  0.9	3.730	0.000	0.000
186	  A	  0.5	  0.4	3.730	7.139	7.139
187	  Y	  5.9	  0.2	3.730	15.530	15.530
188	  T	  6.2	  0.1	3.894	15.942	15.942
189	  A	  6.1	  0.0	3.894	16.636	16.636
190	  L	  1.2	  0.0	3.894	17.449	17.449
191	  L	  1.0	  0.1	3.369	17.303	17.303
192	  S	  0.9	  0.1	3.254	15.563	15.563
193	  S	  1.0	  0.1	2.024	15.446	15.446
194	  V	  3.2	  0.1	1.137	15.446	15.446
195	  L	  3.1	  0.1	1.137	14.494	14.494
196	  Q	  2.6	  0.2	0.968	0.498	0.498
197	  R	  0.2	  1.3	0.620	0.000	0.000
198	  G	  0.1	  1.3	0.000	0.000	0.000
199	  G	  0.1	  1.2	0.000	0.000	0.000
200	  V	  4.5	  1.1	0.000	0.000	0.000
201	  I	  4.9	  0.0	0.000	0.000	0.000
202	  T	  4.9	  0.1	0.000	0.000	0.000
203	  D	  0.5	  0.2	0.723	0.000	0.000
204	  E	  0.0	  0.3	0.846	0.000	0.000
205	  E	  0.0	  0.3	1.206	0.000	0.000
206	  E	  0.1	  0.3	1.206	0.000	0.000
207	  T	  1.5	  0.2	1.809	0.000	0.000
208	  S	  1.5	  0.2	2.101	0.000	0.000
209	  K	  1.6	  0.2	2.101	0.000	0.000
210	  K	  1.7	  0.1	1.815	0.000	0.000
211	  I	  1.7	  0.2	1.210	0.000	0.000
212	  A	  1.5	  0.2	1.210	0.000	0.000
213	  D	  0.2	  0.3	1.210	0.000	0.000
214	  Q	  0.7	  0.3	1.055	0.000	0.000
215	  L	  0.8	  0.3	0.122	0.000	0.000
216	  D	  0.9	  0.2	0.122	0.000	0.000
217	  N	  2.3	  0.1	0.000	0.000	0.000
218	  I	  3.2	  0.1	0.000	0.000	0.000
219	  V	  5.7	  0.0	0.000	0.000	0.000
220	  D	  3.9	  0.0	0.143	0.000	0.000
221	  M	  3.0	  0.1	0.143	0.000	0.000
222	  R	  0.7	  0.1	0.143	0.000	0.000
223	  E	  2.2	  0.1	0.143	0.000	0.000
224	  Y	  7.7	  0.1	0.143	0.000	0.000
225	  D	  7.6	  0.0	0.143	0.000	0.000
226	  V	  5.7	  0.0	0.000	0.000	0.000
227	  P	  0.1	  0.0	0.000	0.000	0.000
228	  Y	  4.8	  0.0	0.000	0.000	0.000
229	  H	 10.6	  0.0	0.000	0.000	0.000
230	  I	 14.3	  0.0	0.000	0.000	0.000
231	  R	 10.1	  0.0	0.000	0.000	0.000
232	  L	  5.8	  0.0	0.000	0.000	0.000
233	  S	  4.6	  0.3	0.313	0.000	0.000
234	  I	  6.8	  0.3	0.313	0.000	0.000
235	  D	  5.6	  0.3	0.437	0.000	0.000
236	  L	  4.4	  0.3	0.437	0.000	0.000
237	  K	  2.7	  0.0	0.437	0.000	0.000
238	  I	  5.9	  0.0	0.437	0.000	0.000
239	  H	  5.9	  0.0	0.437	0.000	0.000
240	  V	  6.7	  0.0	0.242	0.161	0.161
241	  A	  3.6	  0.0	0.242	0.161	0.161
242	  H	  3.4	  0.0	0.000	0.161	0.161
243	  W	  2.8	  0.0	0.000	0.161	0.161
244	  Y	  7.6	  0.0	0.000	0.161	0.161
245	  N	  9.3	  0.0	0.269	0.000	0.000
246	  V	 10.4	  0.0	0.269	0.000	0.000
247	  R	  6.5	  0.0	0.269	0.000	0.000
248	  Y	  4.5	  0.1	0.269	0.000	0.000
249	  R	  2.4	  0.3	0.269	0.000	0.000
250	  G	  1.3	  0.3	0.269	0.000	0.000
251	  N	  0.4	  0.3	0.126	0.000	0.000
252	  A	  0.3	  0.2	0.000	0.000	0.000
253	  F	  0.3	  0.0	0.000	0.000	0.000
254	  P	  0.1	  0.0	0.000	0.000	0.000
255	  V	  7.8	  0.0	0.000	0.000	0.000
256	  E	 11.3	  0.0	0.000	0.000	0.000
257	  I	 15.0	  0.0	0.000	0.000	0.000
258	  T	  8.8	  0.1	0.000	0.000	0.000
259	  R	  5.1	  0.4	0.000	0.000	0.000
260	  R	  1.5	  0.7	0.000	0.000	0.000
261	  D	  0.6	  0.8	0.000	0.000	0.000
262	  D	  0.2	  0.7	0.000	0.000	0.000
263	  L	  0.4	  0.3	0.000	0.000	0.000
264	  V	  3.7	  0.0	0.000	0.000	0.000
265	  E	  3.6	  0.0	0.000	0.000	0.000
266	  R	  3.4	  0.0	0.000	0.000	0.000
267	  P	  0.1	  0.0	0.000	0.000	0.000
268	  D	  0.0	  0.0	0.244	0.000	0.000
269	  P	  0.0	  0.0	0.244	0.490	0.490
270	  V	  7.9	  0.0	0.244	40.468	40.468
271	  V	  8.9	  0.0	0.244	40.468	40.468
272	  L	  9.1	  0.0	0.244	40.468	40.468
273	  A	  1.6	  0.0	0.244	40.468	40.468
274	  F	  3.6	  0.0	0.244	40.468	40.468
275	  D	  4.9	  0.0	0.583	0.000	0.000
276	  I	  5.2	  0.0	0.583	0.000	0.000
277	  E	  2.4	  0.0	0.583	0.000	0.000
278	  T	  3.4	  0.1	0.583	0.000	0.000
279	  T	  4.7	  0.1	0.583	0.000	0.000
280	  K	  4.6	  0.0	0.583	0.000	0.000
281	  L	  2.0	  0.0	0.270	0.000	0.000
282	  P	  0.1	  0.0	0.000	0.000	0.000
283	  L	  1.4	  0.0	0.000	0.000	0.000
284	  K	  1.5	  0.0	0.000	0.000	0.000
285	  F	  1.5	  1.1	0.000	0.000	0.000
286	  P	  0.1	  1.1	0.000	0.000	0.000
287	  D	  0.0	  1.3	1.180	0.000	0.000
288	  A	  0.1	  1.4	1.180	0.000	0.000
289	  E	  0.1	  0.3	1.180	0.000	0.000
290	  T	  0.5	  0.3	1.180	0.000	0.000
291	  D	  0.7	  0.2	1.296	0.000	0.000
292	  Q	  1.6	  0.1	1.296	0.355	0.355
293	  I	  4.8	  0.0	0.978	8.567	8.567
294	  M	  5.7	  0.0	0.978	10.528	10.528
295	  M	  5.3	  0.1	0.731	11.963	11.963
296	  I	  5.8	  0.1	0.540	13.116	13.116
297	  S	  5.1	  0.1	0.540	12.994	12.994
298	  Y	  5.5	  0.1	0.272	12.610	12.610
299	  M	  2.0	  0.1	0.126	10.967	10.967
300	  I	  2.2	  1.1	0.000	10.162	10.162
301	  D	  1.2	  1.2	0.000	0.000	0.000
302	  G	  0.7	  1.5	0.000	0.000	0.000
303	  Q	  0.0	  1.3	0.000	0.000	0.000
304	  G	  0.0	  0.4	0.000	0.251	0.251
305	  Y	  0.9	  0.3	0.000	1.064	1.064
306	  L	  1.3	  0.0	0.000	1.064	1.064
307	  I	  1.9	  0.0	0.000	1.064	1.064
308	  T	  1.2	  0.0	0.000	1.064	1.064
309	  N	  0.8	  0.1	0.000	0.813	0.813
310	  R	  0.3	  0.1	0.000	0.000	0.000
311	  E	  0.6	  0.1	0.000	0.000	0.000
312	  I	  3.7	  0.0	0.000	0.000	0.000
313	  V	  3.9	  0.0	0.000	0.000	0.000
314	  S	  3.6	  1.6	0.000	0.000	0.000
315	  E	  0.5	  1.6	0.000	0.000	0.000
316	  D	  1.6	  1.6	0.000	0.000	0.000
317	  I	  1.7	  2.0	0.000	0.000	0.000
318	  E	  1.7	  0.4	0.000	0.000	0.000
319	  D	  1.5	  0.4	0.000	0.000	0.000
320	  F	  6.0	  0.4	0.000	0.000	0.000
321	  E	 10.0	  0.0	0.000	0.000	0.000
322	  F	  9.2	  0.0	0.000	0.000	0.000
323	  T	  5.2	  0.0	0.000	0.000	0.000
324	  P	  0.7	  0.0	0.000	0.000	0.000
325	  K	  0.1	  0.2	0.000	0.000	0.000
326	  P	  0.0	  0.2	0.000	0.000	0.000
327	  E	  0.9	  0.2	0.000	0.000	0.000
328	  Y	  1.3	  0.2	0.000	0.000	0.000
329	  E	  1.3	  0.1	0.000	0.000	0.000
330	  G	  0.4	  0.3	0.000	0.000	0.000
331	  P	  0.0	  0.3	0.000	0.000	0.000
332	  F	  2.5	  0.3	0.000	0.315	0.315
333	  C	  3.3	  0.2	0.000	0.315	0.315
334	  V	  7.3	  0.0	0.000	0.315	0.315
335	  F	  5.5	  0.0	0.000	0.315	0.315
336	  N	  4.7	  0.0	0.000	0.315	0.315
337	  E	  0.8	  0.5	0.000	0.000	0.000
338	  P	  0.0	  0.5	0.000	0.000	0.000
339	  D	  0.0	  0.6	1.242	0.000	0.000
340	  E	  0.5	  0.6	1.242	0.000	0.000
341	  A	  0.8	  0.1	1.242	0.000	0.000
342	  H	  1.8	  0.1	1.242	0.000	0.000
343	  L	  1.4	  0.0	1.242	0.000	0.000
344	  I	  1.6	  0.0	1.242	0.000	0.000
345	  Q	  1.3	  0.0	1.242	0.000	0.000
346	  R	  2.1	  0.0	0.626	0.000	0.000
347	  W	  3.0	  0.0	0.327	0.000	0.000
348	  F	  4.2	  0.2	0.184	0.000	0.000
349	  E	  3.4	  0.2	0.000	0.000	0.000
350	  H	  3.5	  0.2	0.000	0.000	0.000
351	  V	  2.1	  0.2	0.000	0.000	0.000
352	  Q	  2.1	  0.1	0.000	0.000	0.000
353	  E	  1.7	  0.1	0.000	0.000	0.000
354	  T	  1.2	  0.1	0.000	0.000	0.000
355	  K	  1.2	  0.2	0.000	0.000	0.000
356	  P	  0.2	  0.1	0.000	0.000	0.000
357	  T	  2.5	  0.1	0.000	5.175	5.175
358	  I	  5.7	  0.1	0.000	20.361	20.361
359	  M	  6.1	  0.0	0.000	20.361	20.361
360	  V	 11.8	  0.0	0.000	20.361	20.361
361	  T	 16.5	  0.2	0.000	20.361	20.361
362	  Y	 16.5	  1.2	0.000	19.388	19.388
363	  N	  8.7	  1.8	0.000	1.160	1.160
364	  G	  0.5	  1.8	0.000	0.000	0.000
365	  D	  0.9	  1.6	0.000	0.000	0.000
366	  F	  2.6	  0.5	0.000	0.000	0.000
367	  F	  6.0	  0.0	0.000	0.000	0.000
368	  D	  5.1	  0.0	0.000	0.000	0.000
369	  W	  3.5	  0.2	0.000	0.000	0.000
370	  P	  0.1	  0.2	0.000	0.000	0.000
371	  F	  2.1	  0.2	0.000	0.000	0.000
372	  V	  3.8	  0.2	0.125	0.000	0.000
373	  E	  3.9	  0.0	0.311	0.000	0.000
374	  A	  1.9	  0.0	0.311	0.000	0.000
375	  R	  0.2	  0.0	0.311	0.000	0.000
376	  A	  0.3	  0.0	0.311	0.000	0.000
377	  A	  1.2	  0.0	0.311	0.000	0.000
378	  V	  2.1	  0.4	0.187	0.000	0.000
379	  H	  2.0	  0.5	0.187	0.000	0.000
380	  G	  1.1	  0.5	0.000	0.000	0.000
381	  L	  2.1	  0.5	0.000	0.000	0.000
382	  S	  2.7	  0.1	0.000	0.000	0.000
383	  M	  2.9	  0.0	0.000	0.000	0.000
384	  Q	  1.3	  0.1	0.000	0.000	0.000
385	  Q	  0.6	  0.1	0.000	0.000	0.000
386	  E	  0.5	  0.1	0.000	0.000	0.000
387	  I	  0.3	  0.0	0.000	0.000	0.000
388	  G	  0.3	  0.0	0.000	0.000	0.000
389	  F	  2.2	  0.1	0.000	0.000	0.000
390	  Q	  2.2	  0.3	0.000	0.000	0.000
391	  K	  2.2	  0.3	0.000	0.000	0.000
392	  D	  0.2	  0.9	0.000	0.000	0.000
393	  S	  0.1	  1.2	0.000	0.000	0.000
394	  Q	  0.1	  1.2	0.000	0.000	0.000
395	  G	  0.1	  1.1	0.000	0.000	0.000
396	  E	  3.3	  0.5	0.000	0.000	0.000
397	  Y	  6.0	  0.1	0.000	0.000	0.000
398	  K	  6.0	  0.0	0.000	0.000	0.000
399	  A	  2.9	  0.3	0.000	0.000	0.000
400	  P	  0.0	  0.3	0.000	0.000	0.000
401	  Q	  0.4	  0.3	0.000	0.000	0.000
402	  C	  2.9	  0.3	0.000	0.000	0.000
403	  I	  5.7	  0.0	0.000	0.000	0.000
404	  H	  6.1	  0.5	0.242	0.000	0.000
405	  M	  6.3	  0.5	0.242	0.000	0.000
406	  D	  3.5	  0.5	0.462	0.000	0.000
407	  C	  4.3	  0.5	0.642	0.000	0.000
408	  L	  2.7	  0.0	0.642	0.000	0.000
409	  R	  3.2	  0.0	0.642	0.000	0.000
410	  W	  2.9	  0.0	0.642	0.000	0.000
411	  V	  3.7	  0.0	0.400	0.000	0.000
412	  K	  3.2	  0.3	0.400	0.000	0.000
413	  R	  2.0	  0.4	0.000	0.000	0.000
414	  D	  0.7	  0.4	0.000	0.000	0.000
415	  S	  1.8	  0.4	0.000	0.000	0.000
416	  Y	  1.9	  0.1	0.000	0.000	0.000
417	  L	  1.3	  0.0	0.000	0.000	0.000
418	  P	  0.2	  0.2	0.000	0.000	0.000
419	  V	  0.2	  0.9	0.000	0.000	0.000
420	  G	  0.2	  1.1	0.000	0.000	0.000
421	  S	  1.2	  1.4	0.154	0.000	0.000
422	  H	  1.3	  1.2	0.154	0.000	0.000
423	  N	  1.5	  0.5	3.211	0.000	0.000
424	  L	  0.9	  0.4	3.417	0.000	0.000
425	  K	  0.8	  0.0	4.447	0.000	0.000
426	  A	  0.5	  0.0	4.568	0.000	0.000
427	  A	  0.2	  0.0	4.689	0.000	0.000
428	  A	  0.2	  0.0	4.689	0.000	0.000
429	  K	  0.4	  0.0	4.276	0.000	0.000
430	  A	  0.6	  0.1	2.738	0.000	0.000
431	  K	  0.7	  0.1	2.299	0.000	0.000
432	  L	  0.5	  0.1	1.217	0.000	0.000
433	  G	  0.4	  0.1	0.908	0.000	0.000
434	  Y	  0.5	  0.0	0.133	0.000	0.000
435	  D	  0.4	  0.0	0.190	0.000	0.000
436	  P	  0.2	  0.0	0.190	0.000	0.000
437	  V	  4.7	  0.0	0.190	0.000	0.000
438	  E	  6.0	  0.0	0.190	0.000	0.000
439	  L	  6.1	  0.0	0.190	0.000	0.000
440	  D	  1.8	  0.7	6.786	0.000	0.000
441	  P	  0.1	  1.0	6.737	0.000	0.000
442	  E	  0.0	  1.0	6.902	0.000	0.000
443	  D	  0.1	  1.0	8.151	0.000	0.000
444	  M	  0.3	  0.3	8.151	0.000	0.000
445	  C	  1.5	  0.0	8.306	0.000	0.000
446	  R	  1.5	  0.0	7.944	0.000	0.000
447	  M	  1.4	  0.0	7.582	0.000	0.000
448	  A	  0.2	  0.0	3.390	0.000	0.000
449	  T	  0.4	  0.0	1.780	0.000	0.000
450	  E	  0.3	  0.0	1.780	0.000	0.000
451	  Q	  0.3	  0.0	1.213	0.000	0.000
452	  P	  0.0	  0.0	0.000	0.000	0.000
453	  Q	  0.1	  0.1	0.000	0.000	0.000
454	  T	  0.4	  0.1	0.000	0.464	0.464
455	  L	  0.5	  0.2	0.000	0.745	0.745
456	  A	  0.9	  0.1	0.000	0.758	0.758
457	  T	 29.4	  0.1	0.000	0.953	0.953
458	  Y	 33.1	  0.1	0.000	1.280	1.280
459	  S	 39.8	  0.1	0.000	1.059	1.059
460	  V	 13.4	  0.2	0.000	1.842	1.842
461	  S	  8.1	  0.2	0.175	1.487	1.487
462	  D	  0.2	  0.2	0.706	2.017	2.017
463	  A	  0.4	  0.1	0.706	41.551	41.551
464	  V	  1.4	  0.1	0.706	88.269	88.269
465	  A	  2.2	  0.1	0.864	88.992	88.992
466	  T	  8.4	  0.1	2.316	89.617	89.617
467	  Y	  8.4	  0.1	2.316	90.183	90.183
468	  Y	  8.2	  0.0	2.048	90.145	90.145
469	  L	  2.4	  0.0	1.844	89.863	89.863
470	  Y	  2.3	  0.0	1.844	88.131	88.131
471	  M	  2.6	  0.0	1.844	47.965	47.965
472	  K	  2.4	  0.0	1.693	2.017	2.017
473	  Y	  3.9	  0.0	1.118	1.979	1.979
474	  V	  3.2	  0.0	0.860	1.821	1.821
475	  H	  2.7	  0.2	0.860	0.000	0.000
476	  P	  0.4	  0.2	0.000	1.128	1.128
477	  F	  0.7	  0.2	0.000	87.920	87.920
478	  I	  1.5	  0.2	0.000	92.624	92.624
479	  F	  2.1	  0.0	0.000	92.998	92.998
480	  A	  1.6	  0.0	0.000	93.025	93.025
481	  L	  1.0	  0.0	0.000	92.947	92.947
482	  C	  4.0	  0.0	0.000	57.566	57.566
483	  T	  8.2	  0.0	0.000	51.057	51.057
484	  I	  8.5	  0.0	0.000	47.156	47.156
485	  I	  4.9	  0.0	0.000	4.502	4.502
486	  P	  0.5	  0.0	0.000	1.299	1.299
487	  M	  0.1	  0.0	0.000	0.000	0.000
488	  E	  0.1	  0.4	0.283	0.000	0.000
489	  P	  0.1	  0.5	2.111	0.000	0.000
490	  D	  0.0	  0.5	7.412	0.000	0.000
491	  E	  0.5	  0.5	7.618	0.000	0.000
492	  V	  2.4	  0.0	7.618	0.000	0.000
493	  L	  2.6	  0.1	7.618	0.000	0.000
494	  R	  2.1	  0.6	7.618	0.000	0.000
495	  K	  0.3	  1.0	7.618	0.000	0.000
496	  G	  0.1	  1.2	2.811	0.000	0.000
497	  S	  0.1	  1.4	0.866	0.000	0.000
498	  G	  0.1	  1.0	0.000	0.000	0.000
499	  T	  1.3	  0.5	1.289	0.000	0.000
500	  L	  1.3	  0.3	1.289	0.000	0.000
501	  C	  5.2	  0.1	3.672	0.000	0.000
502	  E	  4.0	  0.1	3.782	0.000	0.000
503	  A	  4.1	  0.1	3.782	8.948	8.948
504	  L	  1.3	  0.1	3.782	12.625	12.625
505	  L	  2.2	  0.0	3.744	14.315	14.315
506	  M	  2.3	  0.0	3.492	14.601	14.601
507	  V	  2.5	  0.0	2.294	14.601	14.601
508	  Q	  1.9	  0.0	2.294	8.539	8.539
509	  A	  2.1	  0.0	1.671	7.999	7.999
510	  F	  2.5	  0.0	1.479	7.417	7.417
511	  H	  2.2	  0.5	0.221	0.000	0.000
512	  A	  1.9	  0.5	0.000	0.000	0.000
513	  N	  3.1	  0.5	0.000	0.000	0.000
514	  I	  6.4	  0.5	0.000	0.000	0.000
515	  I	  6.4	  0.0	0.000	0.000	0.000
516	  F	  3.7	  0.9	0.000	0.000	0.000
517	  P	  0.1	  0.9	0.000	0.000	0.000
518	  N	  0.0	  1.0	0.902	0.000	0.000
519	  K	  0.3	  1.0	0.902	0.000	0.000
520	  Q	  0.4	  0.2	0.902	0.000	0.000
521	  E	  0.4	  0.2	0.902	0.000	0.000
522	  Q	  0.4	  0.1	0.902	0.000	0.000
523	  E	  2.8	  0.1	0.902	0.000	0.000
524	  F	  3.4	  0.1	0.902	0.000	0.000
525	  N	  3.1	  0.1	0.973	0.000	0.000
526	  K	  2.6	  0.1	0.659	0.000	0.000
527	  L	  2.2	  0.2	0.283	0.000	0.000
528	  T	  2.2	  0.7	0.283	0.000	0.000
529	  D	  0.3	  1.6	0.283	0.000	0.000
530	  D	  0.1	  1.6	0.283	0.000	0.000
531	  G	  0.0	  1.6	0.000	0.000	0.000
532	  H	  1.7	  1.0	0.000	0.000	0.000
533	  V	  4.6	  0.1	0.000	0.000	0.000
534	  L	  4.8	  0.1	0.000	0.000	0.000
535	  D	  3.2	  0.2	0.117	0.000	0.000
536	  S	  0.4	  0.4	0.117	0.000	0.000
537	  E	  0.3	  0.3	0.117	0.000	0.000
538	  T	  5.6	  0.3	0.117	0.000	0.000
539	  Y	  6.3	  0.1	0.117	0.000	0.000
540	  V	  6.1	  1.4	0.117	0.000	0.000
541	  G	  0.8	  1.4	0.117	0.000	0.000
542	  G	  0.1	  1.4	0.000	0.000	0.000
543	  H	  2.1	  1.4	0.000	0.000	0.000
544	  V	  3.8	  0.0	0.000	0.000	0.000
545	  E	  3.8	  0.0	0.000	0.000	0.000
546	  A	  1.8	  0.0	0.000	0.000	0.000
547	  L	  0.2	  0.4	0.000	0.000	0.000
548	  E	  0.2	  0.5	0.000	0.000	0.000
549	  S	  0.2	  0.5	0.000	0.000	0.000
550	  G	  0.1	  0.5	0.000	0.000	0.000
551	  V	  2.6	  0.1	0.000	0.000	0.000
552	  F	  4.5	  0.2	0.000	0.000	0.000
553	  R	  4.7	  0.5	0.000	0.000	0.000
554	  S	  2.2	  0.5	0.000	0.000	0.000
555	  D	  0.3	  0.5	0.000	0.000	0.000
556	  I	  0.2	  0.4	0.000	0.000	0.000
557	  P	  0.1	  0.0	0.000	0.000	0.000
558	  C	  0.8	  0.0	0.000	0.000	0.000
559	  R	  1.9	  0.0	0.000	0.000	0.000
560	  F	  4.2	  0.0	0.000	0.000	0.000
561	  R	  8.1	  0.0	0.000	0.000	0.000
562	  M	  7.1	  0.0	0.000	0.000	0.000
563	  N	  5.0	  0.2	0.000	0.000	0.000
564	  P	  0.1	  0.2	0.000	0.000	0.000
565	  A	  0.1	  0.2	0.000	0.134	0.134
566	  A	  0.3	  0.3	0.000	0.293	0.293
567	  F	  2.7	  0.1	0.000	0.481	0.481
568	  D	  2.7	  0.1	0.292	0.481	0.481
569	  F	  3.2	  0.1	0.433	0.481	0.481
570	  L	  1.0	  0.0	0.433	0.481	0.481
571	  L	  1.0	  0.0	0.433	0.481	0.481
572	  Q	  0.9	  0.0	0.433	0.481	0.481
573	  R	  2.8	  0.0	0.433	0.481	0.481
574	  V	  3.8	  0.0	0.279	0.481	0.481
575	  E	  3.6	  0.1	0.279	0.000	0.000
576	  K	  1.7	  0.1	0.000	0.000	0.000
577	  T	  3.0	  0.1	0.000	0.000	0.000
578	  L	  3.4	  0.1	0.000	0.000	0.000
579	  R	  3.4	  0.1	0.000	0.000	0.000
580	  H	  1.4	  0.1	0.000	0.000	0.000
581	  A	  0.6	  0.1	0.000	0.000	0.000
582	  L	  0.4	  0.1	0.000	0.000	0.000
583	  E	  0.1	  0.1	0.000	0.000	0.000
584	  E	  0.0	  0.1	0.000	0.000	0.000
585	  E	  0.2	  0.2	0.000	0.000	0.000
586	  E	  0.3	  0.1	0.000	0.000	0.000
587	  K	  0.5	  0.1	0.000	0.000	0.000
588	  V	  0.5	  0.0	0.000	0.000	0.000
589	  P	  0.3	  0.0	0.000	0.000	0.000
590	  V	  1.3	  0.0	0.000	0.000	0.000
591	  E	  1.3	  0.0	0.000	0.000	0.000
592	  Q	  2.0	  0.0	0.000	0.000	0.000
593	  V	  2.6	  0.1	0.000	0.000	0.000
594	  T	  3.2	  0.1	0.000	0.000	0.000
595	  N	  5.2	  0.1	0.000	0.000	0.000
596	  F	  4.0	  0.2	0.000	0.000	0.000
597	  E	  3.4	  0.1	0.000	0.000	0.000
598	  E	  1.6	  0.1	0.000	0.000	0.000
599	  V	  1.5	  0.1	0.000	0.000	0.000
600	  C	  1.5	  0.1	1.398	0.000	0.000
601	  D	  0.7	  0.1	4.910	0.000	0.000
602	  E	  6.5	  0.1	5.213	0.000	0.000
603	  I	  7.7	  0.1	5.213	0.000	0.000
604	  K	  8.1	  0.1	5.213	0.000	0.000
605	  S	  2.0	  0.2	5.213	0.000	0.000
606	  K	  0.9	  0.2	5.017	0.000	0.000
607	  L	  0.6	  0.2	3.977	0.000	0.000
608	  A	  0.9	  0.2	3.612	0.000	0.000
609	  S	  1.1	  0.2	3.003	0.000	0.000
610	  L	  1.1	  0.4	1.171	0.000	0.000
611	  K	  1.0	  0.2	0.710	0.000	0.000
612	  D	  0.6	  0.2	0.126	0.000	0.000
613	  V	  0.5	  0.4	0.000	0.000	0.000
614	  P	  0.1	  0.2	0.000	0.000	0.000
615	  S	  0.4	  0.2	0.000	0.000	0.000
616	  R	  3.7	  0.2	0.000	0.000	0.000
617	  I	  7.0	  0.1	0.000	0.000	0.000
618	  E	  6.6	  0.0	0.000	0.000	0.000
619	  C	  3.4	  0.2	0.000	0.000	0.000
620	  P	  0.0	  0.2	0.000	0.000	0.000
621	  L	  0.5	  0.2	0.000	0.481	0.481
622	  I	  0.9	  0.2	0.000	0.481	0.481
623	  Y	  2.4	  0.0	0.000	0.481	0.481
624	  H	  2.6	  0.2	0.000	0.481	0.481
625	  L	  4.4	  0.2	0.000	0.481	0.481
626	  D	  2.9	  0.6	0.000	0.000	0.000
627	  V	  2.3	  0.9	0.000	0.000	0.000
628	  G	  0.1	  0.7	0.000	0.000	0.000
629	  A	  0.4	  0.7	0.000	0.000	0.000
630	  M	  0.4	  0.3	0.000	0.000	0.000
631	  Y	  0.4	  1.3	0.000	0.000	0.000
632	  P	  0.1	  1.3	0.000	0.000	0.000
633	  N	  2.8	  1.3	0.000	0.356	0.356
634	  I	  8.7	  1.3	0.000	0.705	0.705
635	  I	 10.3	  0.0	0.000	0.705	0.705
636	  L	  8.0	  0.0	0.000	0.705	0.705
637	  T	  2.2	  0.1	0.000	0.705	0.705
638	  N	  0.4	  0.1	0.000	0.349	0.349
639	  R	  1.1	  0.1	0.000	0.000	0.000
640	  L	  1.1	  0.1	0.000	0.000	0.000
641	  Q	  1.1	  0.4	0.000	0.000	0.000
642	  P	  0.1	  0.4	0.000	0.000	0.000
643	  S	  0.1	  0.4	0.000	0.000	0.000
644	  A	  0.5	  0.4	0.000	0.000	0.000
645	  M	  1.1	  0.0	0.000	0.000	0.000
646	  V	  1.2	  0.0	0.000	0.000	0.000
647	  D	  0.9	  0.1	3.128	0.000	0.000
648	  E	  0.4	  0.1	3.128	0.000	0.000
649	  A	  0.5	  0.1	3.128	0.000	0.000
650	  T	  2.3	  0.1	3.128	0.000	0.000
651	  C	  3.6	  0.0	3.128	0.000	0.000
652	  A	  3.4	  0.0	3.128	0.000	0.000
653	  A	  1.7	  0.1	2.326	0.000	0.000
654	  C	  0.5	  0.1	1.651	0.000	0.000
655	  D	  1.0	  0.6	0.390	0.000	0.000
656	  F	  2.3	  0.6	0.211	0.000	0.000
657	  N	  1.9	  0.5	0.000	0.000	0.000
658	  K	  1.4	  1.7	0.000	0.000	0.000
659	  P	  0.0	  1.4	0.000	0.000	0.000
660	  G	  0.0	  2.0	0.000	0.000	0.000
661	  A	  0.1	  2.1	0.000	0.000	0.000
662	  N	  0.6	  0.9	0.390	0.000	0.000
663	  C	  1.5	  0.8	0.573	0.000	0.000
664	  Q	  1.8	  0.1	0.573	0.000	0.000
665	  R	  1.6	  0.1	0.573	0.000	0.000
666	  K	  1.0	  0.1	0.573	0.000	0.000
667	  M	  1.0	  0.0	0.573	0.000	0.000
668	  A	  1.0	  0.0	0.382	0.000	0.000
669	  W	  3.5	  0.0	0.382	0.000	0.000
670	  Q	  4.7	  0.0	0.382	0.000	0.000
671	  W	  4.6	  0.2	0.000	0.000	0.000
672	  R	  1.8	  0.2	0.000	0.000	0.000
673	  G	  0.3	  0.2	0.000	0.000	0.000
674	  E	  0.3	  0.2	0.000	0.000	0.000
675	  F	  0.4	  0.0	0.000	0.000	0.000
676	  M	  0.4	  0.0	0.000	0.000	0.000
677	  P	  0.2	  0.2	0.000	0.000	0.000
678	  A	  0.2	  0.2	0.000	0.000	0.000
679	  S	  1.7	  0.8	0.000	0.000	0.000
680	  R	  1.8	  0.8	0.000	0.000	0.000
681	  S	  1.7	  0.6	0.262	0.000	0.000
682	  E	  3.7	  0.6	0.262	0.000	0.000
683	  Y	  5.0	  0.1	0.262	0.000	0.000
684	  H	  7.6	  0.0	0.262	0.000	0.000
685	  R	  5.5	  0.0	0.262	0.000	0.000
686	  I	  4.3	  0.0	0.262	0.000	0.000
687	  Q	  2.1	  0.0	0.262	0.000	0.000
688	  H	  1.4	  0.1	0.113	0.000	0.000
689	  Q	  2.6	  0.1	0.000	0.000	0.000
690	  L	  2.3	  0.2	0.000	0.000	0.000
691	  E	  1.6	  0.2	0.000	0.000	0.000
692	  S	  0.2	  0.3	0.000	0.000	0.000
693	  E	  0.4	  0.3	0.000	0.000	0.000
694	  K	  0.4	  0.1	0.000	0.000	0.000
695	  F	  0.3	  0.1	0.000	0.000	0.000
696	  P	  0.0	  0.2	0.000	0.000	0.000
697	  P	  0.0	  0.2	0.000	0.000	0.000
698	  L	  0.1	  0.2	0.000	0.000	0.000
699	  F	  0.1	  0.9	0.000	0.000	0.000
700	  P	  0.1	  0.7	0.000	0.000	0.000
701	  E	  0.0	  0.8	0.000	0.000	0.000
702	  G	  0.0	  0.8	1.210	0.000	0.000
703	  P	  0.0	  0.1	1.210	0.000	0.000
704	  A	  0.1	  0.1	1.210	0.000	0.000
705	  R	  0.4	  0.0	1.210	0.000	0.000
706	  A	  0.9	  0.0	1.210	0.000	0.000
707	  F	  1.9	  0.1	1.210	0.000	0.000
708	  H	  1.8	  0.1	0.147	0.000	0.000
709	  E	  1.6	  0.1	0.000	0.000	0.000
710	  L	  0.7	  0.1	0.000	0.000	0.000
711	  S	  0.6	  0.2	8.679	0.000	0.000
712	  R	  0.2	  0.1	9.933	0.000	0.000
713	  E	  0.2	  0.2	10.198	0.000	0.000
714	  E	  0.1	  0.2	10.561	0.000	0.000
715	  Q	  0.2	  0.1	10.561	0.000	0.000
716	  A	  0.4	  0.1	10.561	0.000	0.000
717	  K	  3.5	  0.0	10.291	0.000	0.000
718	  Y	  5.1	  0.0	9.361	0.000	0.000
719	  E	  5.1	  0.1	9.263	0.000	0.000
720	  K	  2.2	  0.1	8.411	0.000	0.000
721	  R	  0.7	  0.1	7.327	0.000	0.000
722	  R	  0.7	  0.1	6.947	0.000	0.000
723	  L	  0.5	  0.7	6.710	0.000	0.000
724	  A	  0.2	  0.7	6.836	0.000	0.000
725	  D	  0.6	  0.7	9.874	0.000	0.000
726	  Y	  2.7	  0.7	9.601	0.000	0.000
727	  C	  4.0	  0.1	8.848	0.000	0.000
728	  R	  3.6	  0.1	8.400	0.000	0.000
729	  K	  1.6	  0.1	7.931	0.000	0.000
730	  A	  0.4	  0.1	6.482	0.000	0.000
731	  Y	  0.7	  0.1	5.548	0.000	0.000
732	  K	  0.8	  0.1	3.063	0.000	0.000
733	  K	  1.4	  0.1	0.871	0.000	0.000
734	  I	  6.6	  0.1	0.159	0.000	0.000
735	  H	 12.4	  0.0	0.159	0.000	0.000
736	  I	 13.6	  0.0	0.000	0.000	0.000
737	  T	  9.9	  0.0	0.134	0.000	0.000
738	  K	 10.2	  0.0	0.134	0.000	0.000
739	  V	  8.5	  0.0	0.134	0.000	0.000
740	  E	  7.0	  0.1	0.134	0.000	0.000
741	  E	  0.6	  0.1	0.134	0.000	0.000
742	  R	  0.7	  0.1	0.134	0.000	0.000
743	  L	  1.0	  0.1	0.000	0.264	0.264
744	  T	  2.1	  0.0	0.000	0.264	0.264
745	  T	  4.0	  0.0	0.000	0.264	0.264
746	  I	  4.4	  0.0	0.000	0.264	0.264
747	  C	  4.1	  0.1	0.000	0.264	0.264
748	  Q	  1.8	  0.1	0.000	0.000	0.000
749	  R	  1.2	  0.3	0.000	0.000	0.000
750	  E	  0.4	  0.4	0.000	0.000	0.000
751	  N	  1.2	  0.3	0.000	0.144	0.144
752	  S	  2.2	  0.2	0.000	0.284	0.284
753	  F	  3.5	  0.0	0.000	3.358	3.358
754	  Y	  3.8	  0.0	0.000	3.609	3.609
755	  V	  3.4	  0.1	0.133	3.609	3.609
756	  D	  2.6	  0.1	1.533	3.465	3.465
757	  T	  8.7	  0.1	2.045	3.465	3.465
758	  V	  9.1	  0.0	2.045	3.465	3.465
759	  R	  8.9	  0.0	2.045	3.465	3.465
760	  A	  1.9	  0.0	2.045	3.465	3.465
761	  F	  1.4	  0.2	2.045	3.465	3.465
762	  R	  1.1	  0.2	1.154	0.000	0.000
763	  D	  0.7	  0.3	1.534	0.000	0.000
764	  R	  0.9	  0.3	1.277	0.000	0.000
765	  R	  2.2	  0.1	1.162	0.000	0.000
766	  Y	  6.6	  0.1	0.933	0.000	0.000
767	  E	  8.8	  0.0	0.700	0.000	0.000
768	  F	  7.8	  0.7	0.700	0.000	0.000
769	  K	  3.8	  0.7	0.206	0.000	0.000
770	  G	  0.4	  0.7	0.000	0.000	0.000
771	  L	  0.3	  0.7	0.000	0.000	0.000
772	  H	  1.5	  0.0	0.000	0.000	0.000
773	  K	  2.3	  0.0	0.000	0.000	0.000
774	  V	  3.0	  0.0	0.000	0.000	0.000
775	  W	  2.0	  0.1	0.000	0.000	0.000
776	  K	  1.2	  0.1	0.000	0.000	0.000
777	  K	  0.4	  0.1	0.000	0.000	0.000
778	  K	  0.6	  0.1	0.000	0.000	0.000
779	  L	  1.1	  0.1	0.000	0.363	0.363
780	  S	  1.1	  0.1	0.000	0.363	0.363
781	  A	  0.8	  0.0	0.000	0.363	0.363
782	  A	  0.5	  0.0	0.000	0.363	0.363
783	  V	 19.1	  0.0	0.000	0.363	0.363
784	  E	 19.1	  0.0	0.000	0.000	0.000
785	  V	 18.9	  0.7	0.000	0.000	0.000
786	  G	  0.2	  0.7	0.499	0.000	0.000
787	  D	  0.0	  0.7	1.892	0.000	0.000
788	  A	  0.0	  0.7	2.089	0.000	0.000
789	  A	  0.2	  0.0	2.200	0.000	0.000
790	  E	 14.0	  0.0	2.200	0.000	0.000
791	  V	 15.6	  0.0	2.200	0.000	0.000
792	  K	 15.9	  0.1	2.200	0.000	0.000
793	  R	  2.6	  0.1	1.512	0.000	0.000
794	  C	  1.0	  0.4	1.193	0.000	0.000
795	  K	  0.6	  0.4	0.272	0.000	0.000
796	  N	  0.8	  0.4	0.266	0.000	0.000
797	  M	  2.7	  0.4	0.165	0.000	0.000
798	  E	  3.1	  0.0	0.165	0.000	0.000
799	  V	  4.2	  0.0	0.165	0.000	0.000
800	  L	  2.4	  0.0	0.165	0.000	0.000
801	  Y	  2.8	  0.2	0.165	0.000	0.000
802	  D	  1.3	  0.3	0.747	0.000	0.000
803	  S	  1.6	  0.3	1.509	0.000	0.000
804	  L	  2.2	  0.3	1.509	0.000	0.000
805	  Q	  2.3	  0.1	1.509	0.000	0.000
806	  L	  1.8	  0.0	1.509	0.000	0.000
807	  A	  0.4	  0.0	1.509	0.000	0.000
808	  H	  1.1	  0.1	1.359	0.000	0.000
809	  K	  2.4	  0.1	0.556	0.000	0.000
810	  C	  5.0	  0.1	0.000	0.000	0.000
811	  I	  4.8	  0.1	0.000	0.883	0.883
812	  L	  3.9	  0.1	0.000	0.883	0.883
813	  N	  2.0	  0.1	0.000	0.883	0.883
814	  S	  2.6	  0.1	0.000	1.466	1.466
815	  F	  3.1	  0.1	0.000	6.168	6.168
816	  Y	  2.3	  0.0	0.000	6.168	6.168
817	  G	  1.2	  0.0	0.490	5.855	5.855
818	  Y	  2.0	  0.0	0.490	5.855	5.855
819	  V	  4.1	  0.0	0.490	5.855	5.855
820	  M	  4.4	  0.1	0.490	1.722	1.722
821	  R	  2.6	  0.5	0.490	0.000	0.000
822	  K	  0.4	  0.6	0.490	0.000	0.000
823	  G	  0.1	  0.6	0.333	0.000	0.000
824	  A	  0.2	  0.4	0.000	0.000	0.000
825	  R	  1.1	  0.1	0.000	0.000	0.000
826	  W	  2.4	  0.0	0.000	0.000	0.000
827	  Y	  5.7	  0.0	0.000	0.000	0.000
828	  S	  6.1	  0.0	0.145	0.000	0.000
829	  M	  5.6	  0.0	0.145	0.000	0.000
830	  E	  2.3	  0.0	0.145	0.000	0.000
831	  M	  1.0	  0.2	0.145	1.078	1.078
832	  A	  0.2	  0.2	0.145	1.765	1.765
833	  G	  0.2	  0.2	0.145	4.450	4.450
834	  I	  2.8	  0.2	0.000	20.779	20.779
835	  V	  3.9	  0.0	0.000	21.249	21.249
836	  C	  4.9	  0.0	0.000	21.057	21.057
837	  F	  3.6	  0.1	0.000	21.176	21.176
838	  T	  2.5	  0.4	0.000	18.859	18.859
839	  G	  1.5	  0.7	0.000	8.277	8.277
840	  A	  0.2	  0.7	0.000	7.571	7.571
841	  N	  2.8	  0.6	0.395	6.876	6.876
842	  I	  7.2	  0.3	0.395	7.246	7.246
843	  I	 11.2	  0.0	0.395	6.951	6.951
844	  T	  9.0	  0.0	0.861	2.925	2.925
845	  Q	  4.8	  0.0	0.861	0.543	0.543
846	  A	  0.6	  0.1	0.861	0.543	0.543
847	  R	  0.2	  0.1	0.615	0.000	0.000
848	  E	  0.1	  0.1	0.466	0.000	0.000
849	  L	  0.2	  0.1	0.466	0.000	0.000
850	  I	  0.8	  0.1	0.466	0.000	0.000
851	  E	  0.8	  0.0	0.466	0.000	0.000
852	  Q	  0.7	  0.0	0.466	0.000	0.000
853	  I	  0.3	  0.0	0.327	0.000	0.000
854	  G	  0.3	  0.0	0.327	0.000	0.000
855	  R	  0.2	  0.0	0.197	0.000	0.000
856	  P	  0.0	  0.0	0.000	0.000	0.000
857	  L	  0.7	  0.0	0.000	0.000	0.000
858	  E	  1.5	  0.1	0.000	0.000	0.000
859	  L	  1.7	  0.2	0.000	0.000	0.000
860	  D	  1.1	  3.1	0.000	0.000	0.000
861	  T	  0.3	  3.2	0.000	0.000	0.000
862	  D	  0.1	  3.1	0.000	0.000	0.000
863	  G	  0.1	  3.1	0.000	0.946	0.946
864	  I	  1.1	  0.2	0.000	1.752	1.752
865	  W	  2.5	  0.0	0.000	1.752	1.752
866	  C	  5.9	  0.0	0.000	1.752	1.752
867	  V	  5.4	  0.0	0.000	1.752	1.752
868	  L	  3.9	  0.6	0.000	0.806	0.806
869	  P	  0.5	  0.7	0.000	0.411	0.411
870	  N	  1.7	  0.7	0.000	0.000	0.000
871	  S	  1.9	  0.7	0.000	0.000	0.000
872	  F	  1.9	  0.3	0.000	0.000	0.000
873	  P	  0.3	  0.6	0.000	0.000	0.000
874	  E	  0.1	  0.6	0.000	0.000	0.000
875	  N	  0.8	  0.6	0.000	0.000	0.000
876	  F	  2.6	  0.4	0.000	0.000	0.000
877	  V	  3.7	  0.0	0.000	0.000	0.000
878	  F	  3.4	  0.1	0.000	0.000	0.000
879	  K	  2.6	  0.1	0.000	0.000	0.000
880	  T	  1.8	  0.1	0.000	0.000	0.000
881	  T	  2.1	  0.1	0.000	0.000	0.000
882	  N	  3.8	  0.1	0.000	0.000	0.000
883	  V	  4.5	  0.1	0.000	0.000	0.000
884	  K	  3.9	  0.0	0.000	0.000	0.000
885	  K	  1.3	  0.0	0.000	0.000	0.000
886	  P	  0.0	  0.0	0.000	0.000	0.000
887	  K	  4.5	  0.0	0.000	0.000	0.000
888	  V	 13.2	  0.0	0.000	0.000	0.000
889	  T	 25.3	  0.0	0.000	0.000	0.000
890	  I	 26.2	  0.0	0.000	0.000	0.000
891	  S	 18.3	  0.0	0.000	0.000	0.000
892	  Y	  6.6	  1.0	0.000	0.000	0.000
893	  P	  0.2	  1.1	0.000	0.000	0.000
894	  G	  0.0	  1.1	0.000	0.393	0.393
895	  A	  0.3	  1.1	0.000	4.929	4.929
896	  M	  0.9	  0.1	0.000	10.152	10.152
897	  L	  4.4	  0.0	0.000	14.730	14.730
898	  N	  4.2	  0.0	0.539	14.730	14.730
899	  I	  7.4	  0.0	0.539	14.730	14.730
900	  M	  4.6	  0.0	0.539	14.610	14.610
901	  V	  5.9	  0.1	0.539	14.610	14.610
902	  K	  2.3	  0.4	0.539	0.000	0.000
903	  E	  1.5	  0.4	0.539	0.000	0.000
904	  G	  0.2	  0.4	0.404	0.000	0.000
905	  F	  2.2	  0.4	0.114	0.000	0.000
906	  T	  2.3	  0.2	0.000	0.000	0.000
907	  N	  2.1	  0.2	0.000	0.000	0.000
908	  D	  0.7	  0.2	0.000	0.000	0.000
909	  Q	  4.6	  0.1	0.000	0.000	0.000
910	  Y	  5.7	  0.1	0.000	0.000	0.000
911	  Q	  5.2	  0.1	0.000	0.000	0.000
912	  E	  1.3	  0.1	0.000	0.000	0.000
913	  L	  0.2	  0.1	0.000	0.000	0.000
914	  A	  0.1	  0.0	0.000	0.000	0.000
915	  E	  0.1	  0.2	0.000	0.000	0.000
916	  P	  0.0	  0.4	0.000	0.000	0.000
917	  S	  0.1	  0.4	0.000	0.542	0.542
918	  S	  1.7	  0.4	0.000	1.127	1.127
919	  L	  5.6	  0.2	0.000	2.867	2.867
920	  T	 10.4	  0.0	0.000	2.867	2.867
921	  Y	  9.6	  0.0	0.000	2.867	2.867
922	  V	  7.5	  0.0	0.000	2.867	2.867
923	  T	  4.6	  0.1	0.000	2.156	2.156
924	  R	  3.8	  0.1	0.000	0.000	0.000
925	  S	  2.3	  1.8	0.000	0.000	0.000
926	  E	  0.2	  1.8	0.000	0.000	0.000
927	  N	  0.4	  1.7	0.000	0.000	0.000
928	  S	  0.6	  1.7	0.000	0.000	0.000
929	  I	  1.5	  0.0	0.000	0.000	0.000
930	  F	  3.4	  0.0	0.000	0.000	0.000
931	  F	 11.9	  0.0	0.000	0.000	0.000
932	  E	 15.5	  0.1	0.000	0.000	0.000
933	  V	 13.6	  0.1	0.000	0.000	0.000
934	  D	  5.4	  0.1	0.000	0.000	0.000
935	  G	  0.2	  0.3	0.609	0.000	0.000
936	  P	  0.0	  0.2	0.609	0.000	0.000
937	  Y	  0.6	  0.3	0.609	11.860	11.860
938	  L	  1.0	  0.2	0.609	12.104	12.104
939	  A	  1.3	  0.0	0.609	12.104	12.104
940	  M	  4.1	  0.0	0.609	12.104	12.104
941	  I	  4.0	  0.0	0.388	12.104	12.104
942	  L	  3.7	  0.0	0.388	1.083	1.083
943	  P	  0.4	  0.2	0.000	0.550	0.550
944	  A	  0.2	  0.2	0.000	0.000	0.000
945	  S	  0.7	  0.3	1.127	0.000	0.000
946	  K	  0.9	  0.5	1.509	0.000	0.000
947	  E	  0.7	  0.7	2.130	0.000	0.000
948	  E	  0.2	  0.8	2.130	0.000	0.000
949	  G	  0.0	  0.7	2.926	0.000	0.000
950	  K	  0.1	  0.6	2.926	0.000	0.000
951	  K	  1.1	  0.2	2.519	0.000	0.000
952	  L	  1.2	  0.1	2.318	0.000	0.000
953	  K	  1.3	  0.1	2.318	0.000	0.000
954	  K	  0.4	  0.1	1.361	0.000	0.000
955	  R	  0.7	  0.1	0.128	0.000	0.000
956	  Y	  1.7	  0.0	0.000	6.530	6.530
957	  A	  2.0	  0.0	0.000	6.530	6.530
958	  V	  5.3	  0.0	0.000	6.530	6.530
959	  F	  4.5	  0.0	0.000	6.530	6.530
960	  N	  4.0	  7.8	0.000	6.530	6.530
961	  E	  0.3	  7.9	0.000	0.000	0.000
962	  D	  0.0	  8.1	0.470	0.000	0.000
963	  G	  0.0	  8.1	0.997	0.000	0.000
964	  S	  0.1	  0.4	4.100	0.000	0.000
965	  L	  0.1	  0.2	4.100	0.000	0.000
966	  A	  0.2	  0.1	4.100	0.000	0.000
967	  E	  1.3	  0.0	4.100	0.000	0.000
968	  L	  1.3	  0.7	4.100	0.000	0.000
969	  K	  1.2	  0.7	3.959	0.000	0.000
970	  G	  0.1	  0.6	1.983	0.000	0.000
971	  F	  8.8	  0.6	0.570	0.000	0.000
972	  E	 21.5	  0.0	0.107	0.000	0.000
973	  V	 22.9	  0.0	0.107	0.000	0.000
974	  K	 16.1	  0.1	0.107	0.000	0.000
975	  R	  2.0	  0.2	0.107	0.000	0.000
976	  R	  0.4	  0.2	0.107	0.000	0.000
977	  G	  0.1	  0.3	1.292	0.000	0.000
978	  E	  0.4	  0.2	1.949	0.000	0.000
979	  L	  1.8	  0.1	1.961	3.765	3.765
980	  Q	  2.1	  0.1	2.075	4.348	4.348
981	  L	  2.1	  0.0	2.075	6.713	6.713
982	  I	  5.8	  0.0	2.075	7.079	7.079
983	  K	  5.9	  0.0	2.075	7.079	7.079
984	  I	  6.8	  0.0	1.637	9.004	9.004
985	  F	  3.1	  0.1	1.637	9.167	9.167
986	  Q	  2.8	  0.2	0.768	9.167	9.167
987	  S	  1.7	  0.2	0.303	9.167	9.167
988	  S	  1.2	  0.2	0.539	9.310	9.310
989	  V	  4.4	  0.1	0.539	10.467	10.467
990	  F	  6.6	  0.0	0.678	10.322	10.322
991	  E	  5.8	  0.0	0.678	8.380	8.380
992	  A	  2.8	  0.0	0.678	8.380	8.380
993	  F	  1.3	  0.0	0.678	8.380	8.380
994	  L	  1.2	  0.5	0.473	7.430	7.430
995	  K	  0.9	  1.1	0.473	1.300	1.300
996	  G	  0.1	  1.2	0.145	0.000	0.000
997	  S	  0.2	  1.2	0.000	0.000	0.000
998	  T	  1.3	  0.7	0.381	0.000	0.000
999	  L	  1.2	  0.2	0.381	0.000	0.000
1000	  E	  1.1	  0.1	0.381	0.000	0.000
1001	  E	  1.9	  0.0	0.381	0.000	0.000
1002	  V	  2.9	  0.0	0.381	0.610	0.610
1003	  Y	  3.1	  0.8	0.381	0.610	0.610
1004	  G	  1.2	  0.8	0.150	0.610	0.610
1005	  S	  0.8	  0.8	0.266	0.610	0.610
1006	  V	  1.4	  0.8	0.116	1.491	1.491
1007	  A	  1.7	  0.0	0.116	1.159	1.159
1008	  K	  3.2	  0.0	0.116	0.880	0.880
1009	  V	  3.2	  0.4	0.116	0.880	0.880
1010	  A	  2.9	  0.4	0.116	0.880	0.880
1011	  D	  1.6	  0.4	0.504	0.880	0.880
1012	  Y	  1.6	  0.4	0.504	1.777	1.777
1013	  W	  2.1	  0.2	0.529	1.777	1.777
1014	  L	  3.4	  0.2	0.529	1.777	1.777
1015	  D	  2.7	  0.2	0.675	1.177	1.177
1016	  V	  3.8	  0.2	0.675	1.177	1.177
1017	  L	  2.3	  0.0	0.675	1.177	1.177
1018	  Y	  4.4	  0.1	0.675	1.177	1.177
1019	  S	  3.0	  0.1	0.820	1.177	1.177
1020	  K	  2.5	  0.1	0.467	1.177	1.177
1021	  A	  0.3	  0.4	0.320	0.674	0.674
1022	  A	  0.3	  0.3	0.320	0.249	0.249
1023	  N	  0.2	  0.3	0.320	0.000	0.000
1024	  M	  0.2	  1.1	0.320	0.000	0.000
1025	  P	  0.1	  0.9	0.000	0.000	0.000
1026	  D	  0.1	  1.0	0.000	0.000	0.000
1027	  S	  0.1	  1.1	0.203	0.000	0.000
1028	  E	  0.2	  0.3	0.203	0.000	0.000
1029	  L	  0.3	  0.2	0.203	0.000	0.000
1030	  F	  2.7	  0.2	0.203	0.000	0.000
1031	  E	  2.5	  0.1	0.203	0.000	0.000
1032	  L	  2.9	  0.1	0.203	0.000	0.000
1033	  I	  0.7	  0.1	0.203	0.000	0.000
1034	  S	  0.7	  1.7	0.336	0.000	0.000
1035	  E	  0.3	  1.7	0.134	0.000	0.000
1036	  N	  0.1	  2.1	0.134	0.000	0.000
1037	  R	  0.6	  2.0	0.134	0.000	0.000
1038	  S	  6.8	  0.8	0.134	0.000	0.000
1039	  M	  6.9	  0.8	0.134	0.000	0.000
1040	  S	  6.5	  0.5	0.300	0.000	0.000
1041	  R	  0.6	  0.5	0.300	0.000	0.000
1042	  K	  2.0	  0.1	0.300	0.000	0.000
1043	  L	  1.9	  0.8	0.300	0.000	0.000
1044	  E	  1.6	  0.7	0.300	0.000	0.000
1045	  D	  0.1	  1.0	0.300	0.000	0.000
1046	  Y	  0.2	  1.2	0.141	0.000	0.000
1047	  G	  0.1	  0.6	0.000	0.000	0.000
1048	  E	  0.4	  0.7	0.000	0.000	0.000
1049	  Q	  0.5	  0.4	0.000	0.000	0.000
1050	  K	  1.2	  0.2	0.000	0.000	0.000
1051	  S	  2.8	  0.3	0.000	0.000	0.000
1052	  T	  3.0	  0.3	0.000	0.000	0.000
1053	  S	  7.9	  0.3	1.005	0.000	0.000
1054	  I	  6.8	  0.3	1.005	0.000	0.000
1055	  S	  6.6	  0.2	2.991	0.000	0.000
1056	  T	  2.3	  0.2	4.010	0.000	0.000
1057	  A	  1.4	  0.1	4.010	0.000	0.000
1058	  K	  1.5	  0.1	4.010	0.000	0.000
1059	  R	  0.4	  0.1	3.341	0.000	0.000
1060	  L	  0.3	  0.2	3.177	0.000	0.000
1061	  A	  0.3	  0.2	2.985	0.000	0.000
1062	  E	  0.2	  0.2	2.872	0.000	0.000
1063	  F	  0.6	  0.2	2.133	0.000	0.000
1064	  L	  0.5	  0.6	0.753	0.000	0.000
1065	  G	  0.4	  0.6	0.795	0.000	0.000
1066	  D	  0.0	  0.6	0.945	0.000	0.000
1067	  Q	  0.9	  0.6	0.825	0.000	0.000
1068	  M	  1.7	  0.1	0.825	0.000	0.000
1069	  V	  3.2	  0.1	0.825	0.000	0.000
1070	  K	  2.3	  0.2	0.825	0.000	0.000
1071	  D	  1.6	  0.4	0.825	0.000	0.000
1072	  A	  0.1	  0.4	0.423	0.000	0.000
1073	  G	  0.1	  0.3	0.423	0.000	0.000
1074	  L	  6.0	  0.3	0.000	0.000	0.000
1075	  S	 13.0	  0.1	0.000	0.000	0.000
1076	  C	 13.6	  0.0	0.000	0.000	0.000
1077	  R	  8.7	  0.0	0.000	0.000	0.000
1078	  Y	  2.7	  0.0	0.000	0.000	0.000
1079	  I	  4.0	  0.0	0.000	0.000	0.000
1080	  I	  4.3	  0.0	0.000	0.000	0.000
1081	  S	  3.3	  0.0	0.000	0.000	0.000
1082	  R	  1.4	  0.0	0.000	0.000	0.000
1083	  K	  0.3	  0.5	0.000	0.000	0.000
1084	  P	  0.1	  1.2	0.000	0.000	0.000
1085	  E	  0.0	  1.2	0.000	0.000	0.000
1086	  G	  0.0	  1.2	0.000	0.000	0.000
1087	  S	  0.0	  0.7	0.701	0.000	0.000
1088	  P	  0.0	  0.0	0.701	0.000	0.000
1089	  V	  0.8	  0.0	0.701	0.000	0.000
1090	  T	  1.0	  0.1	0.701	0.000	0.000
1091	  E	  1.1	  0.1	0.701	0.000	0.000
1092	  R	  0.8	  0.1	0.701	0.000	0.000
1093	  A	  0.7	  0.1	0.138	0.000	0.000
1094	  I	  0.7	  0.0	0.000	0.000	0.000
1095	  P	  0.1	  0.0	0.000	0.482	0.482
1096	  L	  0.4	  0.0	0.000	1.522	1.522
1097	  A	  0.6	  0.0	0.000	1.522	1.522
1098	  I	  2.0	  0.0	0.000	1.522	1.522
1099	  F	  4.3	  0.0	0.000	1.522	1.522
1100	  Q	  4.6	  0.0	0.000	1.040	1.040
1101	  A	  3.2	  0.0	0.000	0.477	0.477
1102	  E	  0.7	  0.1	0.000	0.000	0.000
1103	  P	  0.0	  0.1	0.000	0.000	0.000
1104	  T	  7.9	  0.1	0.000	0.000	0.000
1105	  V	  8.5	  0.1	0.000	0.000	0.000
1106	  R	  8.7	  0.1	0.000	0.000	0.000
1107	  K	  1.1	  0.1	0.000	0.000	0.000
1108	  H	  1.9	  0.1	0.130	0.000	0.000
1109	  F	  2.8	  0.1	0.130	0.000	0.000
1110	  L	  2.9	  0.0	0.130	0.000	0.000
1111	  R	  1.8	  0.0	0.130	0.000	0.000
1112	  K	  0.9	  0.0	0.130	0.000	0.000
1113	  W	  1.1	  0.0	0.130	0.000	0.000
1114	  L	  1.0	  0.1	0.130	0.000	0.000
1115	  K	  1.0	  0.2	0.130	0.000	0.000
1116	  S	  1.4	  1.0	0.000	0.000	0.000
1117	  S	  1.2	  1.1	0.000	0.000	0.000
1118	  S	  1.7	  1.0	0.000	0.000	0.000
1119	  L	  0.9	  1.3	0.000	0.000	0.000
1120	  Q	  1.3	  0.5	0.000	0.000	0.000
1121	  D	  1.0	  0.6	0.000	0.000	0.000
1122	  F	  4.1	  0.6	0.000	0.000	0.000
1123	  D	  5.5	  0.2	5.004	0.000	0.000
1124	  I	  6.3	  0.2	5.004	0.000	0.000
1125	  R	  3.5	  0.0	5.004	0.000	0.000
1126	  A	  2.1	  0.0	5.004	0.000	0.000
1127	  I	  1.3	  0.1	5.004	0.000	0.000
1128	  L	  1.9	  0.1	5.004	0.000	0.000
1129	  D	  1.7	  0.6	4.451	0.000	0.000
1130	  W	  2.5	  0.6	3.355	0.000	0.000
1131	  D	  2.5	  0.5	2.539	0.000	0.000
1132	  Y	  3.3	  0.5	1.754	0.000	0.000
1133	  Y	  3.1	  0.0	1.472	0.000	0.000
1134	  I	  3.6	  0.0	1.316	0.000	0.000
1135	  E	  2.6	  0.1	1.316	0.000	0.000
1136	  R	  1.7	  0.2	1.316	0.000	0.000
1137	  L	  0.2	  0.5	1.316	0.000	0.000
1138	  G	  0.3	  0.5	0.958	0.000	0.000
1139	  S	  0.4	  0.4	0.469	0.000	0.000
1140	  A	  0.6	  0.3	0.000	0.000	0.000
1141	  I	  0.6	  0.0	0.000	0.000	0.000
1142	  Q	  0.5	  0.0	0.000	0.000	0.000
1143	  K	  1.6	  0.0	0.000	0.000	0.000
1144	  I	  5.4	  0.0	0.000	0.000	0.000
1145	  I	 25.8	  0.0	0.000	0.000	0.000
1146	  T	 25.0	  0.0	0.000	0.000	0.000
1147	  I	 21.4	  0.0	0.195	0.000	0.000
1148	  P	  0.5	  0.0	0.294	0.000	0.000
1149	  A	  0.1	  0.0	0.294	0.000	0.000
1150	  A	  0.3	  0.0	0.464	0.000	0.000
1151	  L	  0.5	  0.0	0.464	0.000	0.000
1152	  Q	  0.6	  0.0	0.464	0.000	0.000
1153	  Q	  1.5	  0.0	0.464	0.000	0.000
1154	  V	  4.3	  0.0	0.269	0.000	0.000
1155	  K	  4.0	  0.0	0.269	0.000	0.000
1156	  N	  3.0	  0.0	0.269	0.000	0.000
1157	  P	  0.0	  0.0	0.000	0.000	0.000
1158	  V	  0.0	  0.0	0.000	0.000	0.000
1159	  P	  0.0	  0.0	0.000	0.000	0.000
1160	  R	  1.6	  0.0	0.000	0.000	0.000
1161	  V	  4.9	  0.0	0.000	0.000	0.000
1162	  K	  4.9	  0.0	0.000	0.000	0.000
1163	  H	  3.4	  2.0	0.000	0.000	0.000
1164	  P	  0.0	  2.0	0.000	0.000	0.000
1165	  D	  0.0	  2.0	0.666	0.000	0.000
1166	  W	  0.4	  2.0	1.059	0.000	0.000
1167	  L	  0.6	  0.0	1.059	0.000	0.000
1168	  H	  0.8	  0.1	1.536	0.000	0.000
1169	  K	  0.5	  0.2	1.536	0.000	0.000
1170	  K	  0.5	  0.2	1.536	0.000	0.000
1171	  L	  0.4	  0.1	1.321	0.000	0.000
1172	  L	  0.5	  0.1	1.321	0.000	0.000
1173	  E	  0.5	  0.2	1.321	0.000	0.000
1174	  K	  0.4	  0.3	0.788	0.000	0.000
1175	  N	  0.4	  0.3	0.398	0.000	0.000
1176	  D	  2.5	  0.3	0.819	0.000	0.000
1177	  V	  3.7	  0.1	0.963	0.000	0.000
1178	  Y	  4.3	  0.1	0.963	0.000	0.000
1179	  K	  2.2	  0.1	0.963	0.000	0.000
1180	  Q	  1.1	  0.1	0.963	0.000	0.000
1181	  K	  0.6	  0.1	0.736	0.000	0.000
1182	  K	  1.1	  0.1	0.308	0.128	0.128
1183	  I	  1.2	  0.1	0.000	0.128	0.128
1184	  S	  1.0	  0.1	0.000	0.128	0.128
1185	  E	  0.4	  0.1	0.000	0.128	0.128
1186	  L	  0.5	  0.1	0.000	0.128	0.128
1187	  F	  5.4	  0.1	0.000	0.128	0.128
1188	  T	  6.3	  0.0	0.189	0.128	0.128
1189	  L	  6.0	  0.4	0.189	0.128	0.128
1190	  E	  1.1	  0.7	0.189	0.000	0.000
1191	  G	  0.0	  0.7	0.189	0.000	0.000
1192	  R	  0.5	  0.8	0.189	0.000	0.000
1193	  R	  1.0	  0.3	0.189	0.000	0.000
1194	  Q	  1.7	  0.1	0.000	0.000	0.000
1195	  V	  9.1	  0.0	0.000	0.000	0.000
1196	  T	  9.0	  0.0	0.571	0.000	0.000
1197	  M	  8.4	  0.0	0.571	0.000	0.000
1198	  A	  0.6	  0.0	0.571	0.000	0.000
1199	  E	  0.2	  0.0	0.571	0.000	0.000
1200	  A	  0.2	  0.1	0.571	0.000	0.000
1201	  S	  0.2	  2.2	0.571	0.000	0.000
1202	  E	  0.1	  2.2	0.127	0.000	0.000
1203	  D	  0.1	  2.2	0.000	0.000	0.000
1204	  S	  0.1	  2.1	0.000	0.000	0.000
1205	  P	  0.0	  0.0	0.000	0.000	0.000
1206	  R	  0.0	  0.4	0.000	0.000	0.000
1207	  P	  0.0	  0.4	0.000	0.000	0.000
1208	  S	  0.1	  0.4	0.000	0.000	0.000
1209	  A	  0.1	  1.3	0.000	0.000	0.000
1210	  P	  0.1	  0.9	0.000	0.000	0.000
1211	  D	  0.3	  0.9	0.000	0.000	0.000
1212	  M	  0.4	  1.6	0.000	0.000	0.000
1213	  E	  0.4	  0.8	0.000	0.000	0.000
1214	  D	  0.2	  0.8	0.000	0.000	0.000
1215	  F	  0.2	  0.8	0.000	0.000	0.000
1216	  G	  0.2	  0.1	0.000	0.000	0.000
1217	  L	  0.7	  0.1	0.000	0.000	0.000
1218	  V	 14.8	  0.1	0.000	0.000	0.000
1219	  K	 14.9	  0.0	0.000	0.000	0.000
1220	  L	 14.4	  0.0	0.000	0.000	0.000
1221	  P	  0.1	  0.0	0.000	0.000	0.000
1222	  H	  0.0	  0.2	0.000	0.000	0.000
1223	  P	  0.0	  0.2	0.000	0.000	0.000
1224	  A	  0.0	  0.2	0.000	0.000	0.000
1225	  A	  0.0	  0.2	0.000	0.000	0.000
1226	  P	  0.0	  0.0	0.000	0.000	0.000
1227	  V	 18.2	  0.0	0.000	0.000	0.000
1228	  T	 31.5	  0.0	0.170	0.000	0.000
1229	  V	 32.8	  0.0	0.170	0.000	0.000
1230	  K	 17.1	  0.0	0.170	0.000	0.000
1231	  R	  2.0	  0.1	0.170	0.000	0.000
1232	  K	  0.9	  0.1	0.170	0.000	0.000
1233	  R	  2.3	  0.0	0.170	0.000	0.000
1234	  V	  3.5	  0.0	0.000	0.000	0.000
1235	  L	  3.1	  0.0	0.000	0.000	0.000
1236	  W	  2.2	  0.1	0.000	0.000	0.000
1237	  E	  1.0	  0.1	0.000	0.000	0.000
1238	  S	  1.2	  0.2	0.000	0.000	0.000
1239	  Q	  0.5	  0.3	0.000	0.000	0.000
1240	  E	  0.4	  0.2	0.000	0.000	0.000
1241	  E	  0.2	  0.2	0.000	0.000	0.000
1242	  S	  0.8	  1.6	0.000	0.000	0.000
1243	  Q	  0.9	  1.5	0.000	0.000	0.000
1244	  D	  1.1	  1.5	0.000	0.000	0.000
1245	  L	  0.6	  1.4	0.000	0.000	0.000
1246	  T	  0.5	  0.3	0.000	0.000	0.000
1247	  P	  0.2	  0.2	0.000	0.000	0.000
1248	  T	  0.8	  0.2	0.000	0.000	0.000
1249	  V	  0.8	  0.2	0.000	0.000	0.000
1250	  P	  0.8	  0.0	0.296	0.000	0.000
1251	  W	  0.7	  0.1	0.296	0.000	0.000
1252	  Q	  0.8	  0.1	0.296	0.000	0.000
1253	  E	  1.0	  0.1	0.296	0.000	0.000
1254	  I	  1.6	  0.1	0.296	0.000	0.000
1255	  L	  1.5	  0.0	0.296	0.000	0.000
1256	  G	  1.3	  0.0	0.296	0.000	0.000
1257	  Q	  0.0	  0.0	0.296	0.000	0.000
1258	  P	  0.0	  0.0	0.000	0.000	0.000
1259	  P	  0.0	  0.2	0.000	0.000	0.000
1260	  A	  0.1	  0.2	0.000	0.000	0.000
1261	  L	  0.1	  0.4	0.000	0.000	0.000
1262	  G	  0.1	  0.4	0.000	0.000	0.000
1263	  T	  1.2	  0.3	0.306	0.000	0.000
1264	  S	  1.5	  0.3	2.664	0.000	0.000
1265	  Q	  1.6	  0.2	2.915	0.000	0.000
1266	  E	  0.4	  0.1	3.418	0.000	0.000
1267	  E	  0.2	  0.1	4.011	2.057	2.057
1268	  W	  0.7	  0.0	4.566	79.012	79.012
1269	  L	  1.7	  0.0	4.695	79.012	79.012
1270	  V	  4.0	  0.0	4.848	79.012	79.012
1271	  W	  4.0	  0.0	4.848	79.012	79.012
1272	  L	  4.3	  0.0	4.706	79.012	79.012
1273	  R	  2.8	  0.0	4.706	2.057	2.057
1274	  F	  3.4	  0.0	3.213	2.057	2.057
1275	  H	  2.3	  0.1	1.303	0.000	0.000
1276	  K	  1.5	  0.1	0.379	0.000	0.000
1277	  K	  0.3	  0.1	0.136	0.000	0.000
1278	  K	  0.8	  0.1	0.000	0.000	0.000
1279	  W	  2.8	  0.0	0.000	0.000	0.000
1280	  Q	  3.8	  0.0	0.351	0.000	0.000
1281	  L	  3.5	  0.0	0.507	0.000	0.000
1282	  Q	  1.6	  0.0	1.174	0.000	0.000
1283	  A	  0.6	  0.1	1.325	0.000	0.000
1284	  R	  0.8	  0.1	1.325	0.000	0.000
1285	  Q	  0.9	  0.1	1.325	0.000	0.000
1286	  R	  0.9	  0.1	1.157	0.000	0.000
1287	  L	  0.4	  0.1	1.157	0.000	0.000
1288	  A	  0.3	  0.1	1.157	0.000	0.000
1289	  R	  0.4	  0.1	1.157	0.000	0.000
1290	  R	  0.6	  0.1	0.244	0.000	0.000
1291	  K	  0.8	  0.2	0.000	0.000	0.000
1292	  R	  1.1	  0.2	0.000	0.000	0.000
1293	  Q	  1.1	  0.1	0.000	0.000	0.000
1294	  R	  1.2	  0.1	0.000	0.000	0.000
1295	  L	  0.8	  0.2	0.000	0.000	0.000
1296	  E	  0.6	  0.2	0.000	0.000	0.000
1297	  S	  0.6	  0.5	0.000	0.000	0.000
1298	  A	  0.5	  0.8	0.000	0.000	0.000
1299	  E	  0.4	  0.7	0.000	0.000	0.000
1300	  G	  0.0	  0.7	0.000	0.000	0.000
1301	  V	  4.0	  0.3	0.000	0.000	0.000
1302	  L	  4.2	  0.0	0.000	0.000	0.000
1303	  R	  4.2	  1.3	0.000	0.000	0.000
1304	  P	  0.2	  1.4	0.000	0.000	0.000
1305	  G	  0.0	  1.4	0.000	0.000	0.000
1306	  A	  0.5	  1.4	0.000	0.000	0.000
1307	  I	  0.7	  0.4	0.000	0.000	0.000
1308	  R	  0.7	  0.3	0.000	0.000	0.000
1309	  D	  0.2	  0.4	0.000	0.000	0.000
1310	  G	  0.0	  0.4	0.286	0.000	0.000
1311	  P	  0.0	  0.4	0.286	0.000	0.000
1312	  A	  0.0	  0.5	0.286	0.000	0.000
1313	  T	  0.1	  0.5	0.286	0.000	0.000
1314	  G	  0.1	  0.7	0.286	0.000	0.000
1315	  L	  0.1	  1.5	0.286	0.000	0.000
1316	  G	  0.1	  1.4	0.177	0.000	0.000
1317	  S	  0.6	  1.3	0.177	0.000	0.000
1318	  F	  1.7	  1.1	0.177	0.000	0.000
1319	  L	  1.8	  0.0	0.177	0.000	0.000
1320	  R	  1.6	  0.1	0.177	0.000	0.000
1321	  R	  0.6	  0.1	0.177	0.000	0.000
1322	  T	  1.3	  0.1	0.000	0.000	0.000
1323	  A	  1.1	  0.1	0.000	0.000	0.000
1324	  R	  1.8	  0.1	0.000	0.000	0.000
1325	  S	  1.2	  0.1	0.000	0.000	0.000
1326	  I	  1.6	  0.1	0.000	0.000	0.000
1327	  L	  2.9	  0.1	0.000	0.000	0.000
1328	  D	  2.7	  0.1	0.000	0.000	0.000
1329	  L	  2.2	  0.1	0.000	0.000	0.000
1330	  P	  0.0	  0.0	0.000	0.000	0.000
1331	  W	  2.3	  0.0	0.000	0.209	0.209
1332	  Q	  3.8	  0.0	0.000	0.209	0.209
1333	  I	  7.3	  0.0	0.000	0.369	0.369
1334	  V	  8.8	  0.0	0.000	0.369	0.369
1335	  Q	  8.1	  0.0	0.000	0.369	0.369
1336	  I	  4.9	  0.0	0.000	0.369	0.369
1337	  S	  1.1	  0.1	0.000	0.159	0.159
1338	  E	  0.3	  0.2	0.000	0.000	0.000
1339	  T	  1.3	  0.2	0.740	0.000	0.000
1340	  S	  1.3	  0.3	1.350	0.000	0.000
1341	  Q	  1.3	  0.3	1.350	0.000	0.000
1342	  A	  0.1	  0.3	1.350	0.000	0.000
1343	  G	  0.1	  0.3	3.329	0.000	0.000
1344	  L	  0.2	  0.2	3.329	0.097	0.097
1345	  F	  2.2	  0.0	3.203	0.097	0.097
1346	  R	  2.7	  0.0	3.212	0.097	0.097
1347	  L	  2.8	  0.0	3.212	31.864	31.864
1348	  W	  1.2	  0.0	3.212	34.372	34.372
1349	  A	  0.9	  0.0	3.212	34.372	34.372
1350	  L	  0.9	  0.1	2.932	34.372	34.372
1351	  V	  0.6	  0.8	2.227	34.372	34.372
1352	  G	  0.3	  1.1	2.227	16.278	16.278
1353	  S	  0.2	  1.2	0.446	1.883	1.883
1354	  D	  0.1	  1.1	0.000	0.097	0.097
1355	  L	  1.8	  0.5	0.000	0.097	0.097
1356	  H	  4.3	  0.2	0.000	0.000	0.000
1357	  C	  7.8	  0.1	0.000	0.000	0.000
1358	  I	 10.1	  0.0	0.000	0.000	0.000
1359	  R	  8.1	  0.0	0.000	0.000	0.000
1360	  L	  7.2	  0.0	0.000	0.000	0.000
1361	  S	  3.2	  0.0	0.000	0.000	0.000
1362	  I	  2.7	  0.0	0.000	0.000	0.000
1363	  P	  0.1	  0.0	0.000	0.000	0.000
1364	  R	  2.7	  0.0	0.000	0.000	0.000
1365	  V	  4.7	  0.0	0.000	1.908	1.908
1366	  F	  6.2	  0.0	0.000	1.908	1.908
1367	  Y	  5.2	  0.0	0.000	1.908	1.908
1368	  V	  4.8	  0.0	0.000	1.908	1.908
1369	  N	  3.7	  0.1	0.196	1.908	1.908
1370	  Q	  2.6	  0.1	0.196	0.000	0.000
1371	  R	  1.9	  0.0	0.196	0.000	0.000
1372	  V	  2.3	  0.0	0.196	0.000	0.000
1373	  A	  1.8	  0.0	0.196	0.000	0.000
1374	  K	  1.1	  0.0	0.196	0.000	0.000
1375	  A	  0.4	  0.2	0.000	0.000	0.000
1376	  E	  0.3	  0.4	0.000	0.000	0.000
1377	  E	  0.0	  0.7	0.000	0.000	0.000
1378	  G	  0.0	  0.9	1.089	0.000	0.000
1379	  A	  0.6	  0.8	1.089	0.000	0.000
1380	  S	  7.1	  0.5	1.440	0.000	0.000
1381	  Y	  8.5	  0.3	1.440	0.000	0.000
1382	  R	  8.5	  0.1	1.440	0.000	0.000
1383	  K	  3.6	  0.1	1.440	0.000	0.000
1384	  V	  2.5	  0.1	0.950	0.000	0.000
1385	  N	  2.0	  0.0	0.950	0.000	0.000
1386	  R	  3.8	  0.0	0.127	0.000	0.000
1387	  V	  4.0	  0.0	0.000	0.000	0.000
1388	  L	  3.9	  0.1	0.000	0.000	0.000
1389	  P	  0.5	  0.3	0.000	0.000	0.000
1390	  R	  0.2	  0.5	0.000	0.000	0.000
1391	  S	  0.2	  0.5	0.000	0.000	0.000
1392	  N	  0.5	  0.3	0.000	0.221	0.221
1393	  M	  1.9	  0.2	0.000	1.204	1.204
1394	  V	  5.7	  0.0	0.000	1.871	1.871
1395	  Y	  7.1	  0.0	0.000	1.871	1.871
1396	  N	  6.0	  0.0	0.156	1.871	1.871
1397	  L	  2.3	  0.0	0.156	1.871	1.871
1398	  Y	  4.5	  0.0	0.156	1.648	1.648
1399	  E	  5.4	  0.0	0.156	0.000	0.000
1400	  Y	 12.9	  0.0	0.156	0.000	0.000
1401	  S	  9.4	  0.0	0.156	0.000	0.000
1402	  V	  7.9	  0.0	0.000	0.000	0.000
1403	  P	  0.2	  0.3	0.000	0.000	0.000
1404	  E	  0.0	  0.3	0.000	0.000	0.000
1405	  D	  0.4	  0.3	0.000	0.000	0.000
1406	  M	  0.7	  0.3	0.000	0.000	0.000
1407	  Y	  1.7	  0.0	0.000	0.000	0.000
1408	  Q	  1.5	  0.1	0.000	0.000	0.000
1409	  E	  1.3	  0.1	0.000	0.000	0.000
1410	  H	  6.7	  0.1	0.000	0.000	0.000
1411	  I	  6.8	  0.0	0.000	0.000	0.000
1412	  N	  6.7	  0.0	0.289	0.000	0.000
1413	  E	  3.9	  0.0	0.289	0.000	0.000
1414	  I	  4.6	  0.0	0.289	0.000	0.000
1415	  N	  4.6	  0.0	0.448	0.000	0.000
1416	  A	  1.1	  0.0	0.448	0.000	0.000
1417	  E	  0.6	  0.0	0.448	0.000	0.000
1418	  L	  2.0	  0.0	0.159	0.000	0.000
1419	  S	  2.0	  0.0	0.159	0.000	0.000
1420	  A	  1.6	  0.7	0.159	0.000	0.000
1421	  P	  0.1	  0.7	0.000	0.000	0.000
1422	  D	  1.7	  0.7	0.000	0.000	0.000
1423	  I	  2.0	  0.9	0.000	0.000	0.000
1424	  E	  2.0	  0.2	0.000	0.000	0.000
1425	  G	  0.4	  0.2	0.000	0.000	0.000
1426	  V	  3.5	  0.2	0.000	0.000	0.000
1427	  Y	  3.9	  0.1	0.000	0.000	0.000
1428	  E	  4.0	  0.1	0.000	0.000	0.000
1429	  T	  1.9	  0.1	0.000	0.000	0.000
1430	  Q	  1.5	  0.1	0.000	0.000	0.000
1431	  V	  1.4	  0.0	0.000	0.000	0.000
1432	  P	  0.1	  0.0	0.000	0.000	0.000
1433	  L	  0.6	  0.0	0.000	0.000	0.000
1434	  L	  0.7	  0.0	0.000	0.000	0.000
1435	  F	  2.5	  0.0	0.000	0.000	0.000
1436	  R	  2.1	  0.0	0.000	0.000	0.000
1437	  A	  2.2	  0.0	0.000	7.930	7.930
1438	  L	  1.5	  0.0	0.000	17.311	17.311
1439	  V	  5.9	  0.0	0.000	21.910	21.910
1440	  H	  5.7	  0.4	0.000	22.208	22.208
1441	  L	  4.8	  0.5	0.000	22.808	22.808
1442	  G	  0.3	  0.5	0.000	22.808	22.808
1443	  C	  1.0	  0.4	0.000	23.917	23.917
1444	  V	  3.1	  0.1	0.000	24.173	24.173
1445	  C	  5.3	  0.0	0.127	23.420	23.420
1446	  V	  9.2	  0.0	0.127	23.164	23.164
1447	  V	  7.3	  0.0	0.127	19.230	19.230
1448	  N	  5.1	  0.1	0.316	0.896	0.896
1449	  K	  0.5	  0.1	0.316	0.000	0.000
1450	  Q	  0.9	  0.1	0.316	0.000	0.000
1451	  L	  1.1	  0.1	0.189	0.000	0.000
1452	  V	  3.4	  0.0	0.189	0.000	0.000
1453	  R	  3.2	  0.0	0.189	0.000	0.000
1454	  H	  3.7	  0.4	0.000	0.000	0.000
1455	  L	  1.4	  0.8	0.000	0.000	0.000
1456	  S	  0.9	  0.8	0.368	0.000	0.000
1457	  G	  0.2	  0.8	0.368	0.000	0.000
1458	  W	  1.4	  0.5	0.368	0.000	0.000
1459	  E	  1.4	  0.0	0.368	0.000	0.000
1460	  A	  1.4	  0.1	0.368	0.000	0.000
1461	  E	  0.3	  0.1	0.368	0.000	0.000
1462	  T	  4.0	  0.1	0.168	0.000	0.000
1463	  F	  4.7	  0.1	0.168	0.000	0.000
1464	  A	  4.6	  0.0	0.000	0.000	0.000
1465	  L	  1.2	  0.1	0.000	0.000	0.000
1466	  E	  0.5	  0.1	0.000	0.000	0.000
1467	  H	  0.9	  0.1	0.174	0.000	0.000
1468	  L	  1.3	  0.1	0.174	0.000	0.000
1469	  E	  1.5	  0.0	1.110	0.000	0.000
1470	  M	  1.7	  0.1	1.110	0.000	0.000
1471	  R	  1.5	  0.1	1.110	0.000	0.000
1472	  S	  1.3	  0.1	1.110	0.000	0.000
1473	  L	  0.7	  0.3	1.110	1.030	1.030
1474	  A	  0.5	  0.2	1.110	1.030	1.030
1475	  Q	  2.7	  0.2	0.998	1.030	1.030
1476	  F	  9.0	  0.2	0.304	1.030	1.030
1477	  S	  9.3	  0.0	0.000	1.030	1.030
1478	  Y	  8.5	  0.0	0.000	1.030	1.030
1479	  L	  2.2	  0.0	0.000	0.870	0.870
1480	  E	  1.7	  1.1	0.000	0.000	0.000
1481	  P	  0.1	  1.2	0.000	0.000	0.000
1482	  G	  0.0	  1.2	0.000	0.000	0.000
1483	  S	  2.4	  1.2	0.000	0.000	0.000
1484	  I	  3.3	  0.1	0.000	0.000	0.000
1485	  R	  5.7	  0.0	0.000	0.000	0.000
1486	  H	  6.5	  0.0	0.000	0.872	0.872
1487	  I	  6.9	  0.0	0.000	1.653	1.653
1488	  Y	  5.3	  0.0	0.000	1.653	1.653
1489	  L	  2.6	  0.0	0.000	1.653	1.653
1490	  Y	  2.5	  0.0	0.000	1.653	1.653
1491	  H	  2.2	  0.0	0.000	0.780	0.780
1492	  H	  2.0	  0.2	0.000	0.000	0.000
1493	  A	  0.8	  0.2	0.000	0.000	0.000
1494	  Q	  0.5	  0.2	0.000	0.000	0.000
1495	  A	  0.4	  0.2	0.000	0.000	0.000
1496	  H	  0.7	  0.1	0.000	0.000	0.000
1497	  K	  0.6	  0.1	0.000	0.000	0.000
1498	  A	  0.6	  0.1	0.000	12.445	12.445
1499	  L	  0.4	  0.1	0.000	27.817	27.817
1500	  F	  0.7	  0.2	0.000	28.740	28.740
1501	  G	  0.6	  0.2	0.000	28.740	28.740
1502	  I	  2.2	  0.2	0.000	28.740	28.740
1503	  F	  2.0	  0.2	0.000	27.906	27.906
1504	  I	  1.9	  0.2	0.000	4.158	4.158
1505	  P	  0.2	  0.3	0.000	1.869	1.869
1506	  S	  0.7	  0.3	0.198	0.000	0.000
1507	  Q	  1.0	  0.4	0.198	0.000	0.000
1508	  R	  1.1	  0.2	0.198	0.000	0.000
1509	  R	  0.6	  0.2	0.198	0.000	0.000
1510	  A	  0.7	  0.2	0.198	19.510	19.510
1511	  S	  1.5	  0.1	0.198	72.899	72.899
1512	  V	  7.3	  0.1	0.000	73.545	73.545
1513	  F	  8.4	  0.0	0.000	73.594	73.594
1514	  V	  9.9	  0.0	0.000	73.594	73.594
1515	  L	  4.2	  0.1	0.000	70.573	70.573
1516	  D	  3.1	  0.1	0.000	0.695	0.695
1517	  T	  8.3	  0.1	0.000	0.695	0.695
1518	  V	 10.1	  0.1	0.000	0.695	0.695
1519	  R	  9.8	  0.2	0.000	0.695	0.695
1520	  S	  2.4	  0.3	0.000	0.071	0.071
1521	  N	  0.3	  0.3	0.000	0.000	0.000
1522	  Q	  0.2	  0.2	0.000	0.000	0.000
1523	  M	  0.2	  0.4	0.000	0.000	0.000
1524	  P	  0.1	  0.5	0.000	0.000	0.000
1525	  S	  0.2	  0.7	0.292	0.000	0.000
1526	  L	  0.2	  0.8	0.292	0.491	0.491
1527	  G	  0.2	  0.5	0.292	0.491	0.491
1528	  A	  0.2	  0.3	0.292	0.491	0.491
1529	  L	  0.8	  0.1	0.292	0.491	0.491
1530	  Y	  4.9	  0.0	0.292	0.491	0.491
1531	  S	  5.1	  0.1	0.292	0.000	0.000
1532	  A	  4.5	  0.4	0.000	0.000	0.000
1533	  E	  0.5	  0.7	0.000	0.000	0.000
1534	  H	  0.2	  0.7	0.000	0.000	0.000
1535	  G	  0.1	  0.6	0.700	0.000	0.000
1536	  L	  1.0	  0.3	0.700	0.273	0.273
1537	  L	  1.0	  0.1	0.700	0.273	0.273
1538	  L	  1.2	  0.0	0.700	0.273	0.273
1539	  E	  0.3	  0.0	0.700	0.273	0.273
1540	  K	  0.7	  0.0	0.700	0.273	0.273
1541	  V	  0.5	  0.1	0.201	0.273	0.273
1542	  G	  0.4	  0.3	0.201	0.000	0.000
1543	  P	  0.0	  0.4	0.000	0.000	0.000
1544	  E	  0.1	  0.4	0.000	0.000	0.000
1545	  L	  0.1	  0.3	0.000	0.000	0.000
1546	  L	  0.1	  0.1	0.000	0.000	0.000
1547	  P	  0.0	  0.0	0.000	0.000	0.000
1548	  P	  0.0	  0.2	0.000	0.000	0.000
1549	  P	  0.0	  0.2	0.000	0.000	0.000
1550	  K	  0.5	  0.2	0.000	0.000	0.000
1551	  H	  3.2	  0.2	0.000	0.000	0.000
1552	  T	 13.8	  0.1	0.000	0.000	0.000
1553	  F	 21.0	  0.0	0.000	0.000	0.000
1554	  E	 19.8	  0.0	0.000	0.000	0.000
1555	  V	 10.9	  0.0	0.000	0.000	0.000
1556	  R	  2.7	  0.0	0.000	0.000	0.000
1557	  A	  1.1	  0.1	0.000	0.000	0.000
1558	  E	  0.2	  0.1	0.000	0.000	0.000
1559	  T	  0.2	  0.2	0.378	0.000	0.000
1560	  D	  0.4	  0.2	5.790	0.000	0.000
1561	  L	  0.4	  0.1	5.790	0.000	0.000
1562	  K	  1.1	  0.1	5.790	0.000	0.000
1563	  T	  3.3	  0.0	5.790	0.000	0.000
1564	  I	  4.0	  0.0	5.790	0.000	0.000
1565	  C	  5.5	  0.0	6.634	0.000	0.000
1566	  R	  3.5	  0.0	5.439	0.000	0.000
1567	  A	  2.7	  0.0	5.020	0.000	0.000
1568	  I	  1.0	  0.1	4.385	0.000	0.000
1569	  Q	  1.4	  0.0	4.616	0.000	0.000
1570	  R	  1.9	  0.0	4.079	0.000	0.000
1571	  F	  2.1	  0.0	3.627	39.194	39.194
1572	  L	  1.6	  0.0	3.025	39.194	39.194
1573	  L	  1.2	  0.0	3.025	39.194	39.194
1574	  A	  0.7	  0.0	3.025	39.194	39.194
1575	  Y	  1.3	  0.0	2.843	39.194	39.194
1576	  K	  1.2	  0.1	1.773	0.098	0.098
1577	  E	  0.9	  0.1	0.168	0.098	0.098
1578	  E	  0.4	  0.2	0.168	0.000	0.000
1579	  R	  0.3	  0.2	0.168	0.000	0.000
1580	  R	  0.3	  0.1	0.168	0.000	0.000
1581	  G	  0.2	  0.5	0.168	0.000	0.000
1582	  P	  0.0	  0.4	0.000	0.000	0.000
1583	  T	  0.6	  0.4	0.334	18.504	18.504
1584	  L	  1.2	  0.4	0.334	19.789	19.789
1585	  I	  4.8	  0.0	0.334	19.789	19.789
1586	  A	  4.7	  0.0	0.334	19.789	19.789
1587	  V	  5.2	  0.0	0.334	19.789	19.789
1588	  Q	  1.6	  0.0	0.334	1.964	1.964
1589	  S	  1.4	  0.0	1.323	0.141	0.141
1590	  S	  4.9	  0.0	4.314	0.000	0.000
1591	  W	  6.2	  0.0	5.108	0.000	0.000
1592	  E	  7.1	  0.0	6.233	0.000	0.000
1593	  L	  2.7	  0.1	6.233	0.000	0.000
1594	  K	  1.5	  0.1	6.233	0.000	0.000
1595	  R	  0.4	  0.1	5.975	0.000	0.000
1596	  L	  0.4	  0.1	5.424	0.000	0.000
1597	  A	  0.3	  0.1	4.450	0.000	0.000
1598	  S	  0.3	  0.0	3.503	0.000	0.000
1599	  E	  0.2	  0.0	1.340	0.000	0.000
1600	  I	  0.3	  0.0	0.392	0.000	0.000
1601	  P	  0.2	  0.0	0.000	0.000	0.000
1602	  V	  1.5	  0.0	0.000	0.000	0.000
1603	  L	  1.5	  0.1	0.000	0.000	0.000
1604	  E	  1.6	  0.1	0.000	0.000	0.000
1605	  E	  0.2	  0.1	0.000	0.000	0.000
1606	  F	  0.2	  0.4	0.000	0.000	0.000
1607	  P	  0.1	  0.3	0.000	0.000	0.000
1608	  L	  0.1	  0.3	0.000	0.000	0.000
1609	  V	  0.2	  0.3	0.000	0.000	0.000
1610	  P	  0.2	  0.0	0.000	0.000	0.000
1611	  I	  1.5	  0.0	0.000	0.000	0.000
1612	  C	  7.4	  0.0	0.483	0.000	0.000
1613	  V	  8.0	  0.2	0.483	0.000	0.000
1614	  A	  6.7	  0.2	0.483	0.000	0.000
1615	  D	  0.7	  0.2	0.483	0.000	0.000
1616	  K	  1.6	  0.2	0.483	0.000	0.000
1617	  I	  6.1	  0.0	0.483	0.531	0.531
1618	  N	  6.0	  0.0	0.483	0.664	0.664
1619	  Y	  4.8	  0.1	0.320	0.664	0.664
1620	  G	  0.2	  0.1	0.382	0.664	0.664
1621	  V	  2.9	  0.2	0.198	0.664	0.664
1622	  L	  3.8	  0.2	0.198	0.664	0.664
1623	  D	  4.2	  0.1	0.447	0.000	0.000
1624	  W	  2.7	  0.2	0.447	0.000	0.000
1625	  Q	  1.9	  0.2	0.447	0.000	0.000
1626	  R	  1.7	  0.4	0.249	0.000	0.000
1627	  H	  0.5	  0.7	0.249	0.000	0.000
1628	  G	  0.2	  0.6	0.249	0.000	0.000
1629	  A	  0.2	  0.5	0.120	0.000	0.000
1630	  R	  0.6	  0.3	0.000	0.000	0.000
1631	  R	  1.3	  0.0	0.000	0.000	0.000
1632	  M	  1.4	  0.0	0.000	0.000	0.000
1633	  I	  1.9	  0.1	0.000	0.000	0.000
1634	  R	  2.8	  0.1	0.000	0.000	0.000
1635	  H	  4.2	  0.1	0.000	0.000	0.000
1636	  Y	  4.4	  0.3	0.000	0.000	0.000
1637	  L	  4.2	  0.2	0.000	0.000	0.000
1638	  N	  2.8	  0.9	2.375	0.000	0.000
1639	  L	  1.9	  1.0	2.375	0.000	0.000
1640	  D	  0.8	  0.8	2.375	0.000	0.000
1641	  T	  2.7	  0.8	2.375	0.000	0.000
1642	  C	  4.1	  0.1	2.375	0.000	0.000
1643	  L	  3.9	  0.1	2.375	0.000	0.000
1644	  S	  1.9	  0.1	2.130	0.000	0.000
1645	  Q	  0.7	  0.1	1.530	0.000	0.000
1646	  A	  0.7	  0.1	0.452	0.000	0.000
1647	  F	  3.1	  0.0	0.455	0.000	0.000
1648	  E	  3.2	  0.0	0.362	0.000	0.000
1649	  M	  3.1	  0.1	0.362	0.000	0.000
1650	  S	  0.8	  0.1	0.362	0.000	0.000
1651	  R	  1.5	  0.1	0.362	0.000	0.000
1652	  Y	  2.6	  0.1	0.362	0.000	0.000
1653	  F	 11.2	  0.0	0.114	0.000	0.000
1654	  H	 10.7	  0.0	0.000	0.000	0.000
1655	  I	  9.5	  0.0	0.000	0.000	0.000
1656	  P	  0.7	  0.0	0.000	0.000	0.000
1657	  I	  0.0	  1.6	0.000	0.000	0.000
1658	  G	  0.0	  1.6	0.000	0.000	0.000
1659	  N	  0.1	  1.6	0.000	0.000	0.000
1660	  L	  0.0	  1.8	0.000	0.000	0.000
1661	  P	  0.0	  0.5	0.000	0.000	0.000
1662	  E	  0.0	  0.5	0.000	0.000	0.000
1663	  D	  0.7	  0.7	0.127	0.000	0.000
1664	  I	  1.7	  0.6	0.127	0.000	0.000
1665	  S	  2.4	  0.3	0.127	0.000	0.000
1666	  T	  2.8	  0.6	0.127	0.000	0.000
1667	  F	  1.9	  1.6	0.127	0.000	0.000
1668	  G	  1.2	  1.9	0.127	0.000	0.000
1669	  S	  0.2	  2.0	0.000	0.000	0.000
1670	  D	  0.3	  1.7	0.465	0.000	0.000
1671	  L	  0.9	  0.4	0.465	0.000	0.000
1672	  F	  2.6	  0.0	0.465	0.000	0.000
1673	  F	  3.0	  0.0	0.465	0.000	0.000
1674	  A	  2.6	  0.0	0.465	0.000	0.000
1675	  R	  1.4	  0.1	0.465	0.000	0.000
1676	  H	  1.4	  0.1	0.465	0.000	0.000
1677	  L	  1.2	  0.1	0.325	0.000	0.000
1678	  Q	  1.0	  0.1	0.325	0.000	0.000
1679	  R	  1.7	  0.1	0.146	0.000	0.000
1680	  H	  1.7	  0.2	0.000	0.000	0.000
1681	  N	  1.4	  0.1	0.000	0.000	0.000
1682	  H	  0.7	  0.1	0.000	0.285	0.285
1683	  L	  1.1	  0.0	0.000	0.285	0.285
1684	  L	  1.6	  0.0	0.000	0.285	0.285
1685	  W	  2.1	  0.0	0.000	0.285	0.285
1686	  L	  1.7	  0.0	0.000	0.285	0.285
1687	  S	  1.2	  0.4	0.000	0.000	0.000
1688	  P	  0.1	  0.5	0.000	0.000	0.000
1689	  T	  1.7	  0.5	0.000	0.000	0.000
1690	  A	  1.7	  0.5	0.000	0.000	0.000
1691	  R	  1.8	  1.6	0.000	0.000	0.000
1692	  P	  0.1	  1.7	0.000	0.000	0.000
1693	  D	  0.0	  2.0	0.000	0.000	0.000
1694	  L	  0.0	  4.3	0.000	0.000	0.000
1695	  G	  0.0	  2.7	0.000	0.000	0.000
1696	  G	  0.0	  2.7	0.158	0.000	0.000
1697	  K	  0.1	  2.5	0.158	0.000	0.000
1698	  E	  0.2	  0.4	0.158	0.000	0.000
1699	  A	  0.2	  0.6	0.158	0.000	0.000
1700	  D	  0.1	  3.6	0.158	0.000	0.000
1701	  D	  0.0	  3.6	0.158	0.000	0.000
1702	  N	  0.1	  3.4	0.158	0.000	0.000
1703	  C	  1.8	  3.1	0.000	0.000	0.000
1704	  L	  3.8	  0.0	0.000	0.000	0.000
1705	  V	  5.3	  0.0	0.000	0.000	0.000
1706	  M	  4.7	  0.0	0.000	0.000	0.000
1707	  E	  4.4	  0.0	0.000	0.000	0.000
1708	  F	  3.2	  0.2	0.000	0.000	0.000
1709	  D	  2.3	  0.3	0.000	0.000	0.000
1710	  D	  0.3	  0.3	0.773	0.000	0.000
1711	  Q	  0.2	  0.3	0.773	0.000	0.000
1712	  A	  0.8	  0.2	0.773	0.000	0.000
1713	  T	  7.2	  0.0	0.773	0.000	0.000
1714	  V	 14.3	  0.0	0.773	0.000	0.000
1715	  E	 16.8	  0.0	0.773	0.000	0.000
1716	  I	 11.7	  0.0	0.431	0.000	0.000
1717	  N	  4.9	  2.8	0.431	0.000	0.000
1718	  S	  1.1	  3.4	0.112	0.000	0.000
1719	  S	  0.2	  4.3	0.000	0.000	0.000
1720	  G	  0.1	  4.3	0.000	0.000	0.000
1721	  C	  3.7	  1.5	0.000	0.000	0.000
1722	  Y	  4.4	  1.1	0.000	0.142	0.142
1723	  S	  4.8	  0.1	0.000	0.142	0.142
1724	  T	  4.1	  0.1	0.000	0.142	0.142
1725	  V	  5.4	  0.1	0.000	0.142	0.142
1726	  C	  6.9	  0.0	0.000	0.142	0.142
1727	  V	  8.6	  0.0	0.000	0.142	0.142
1728	  E	  7.1	  0.1	0.000	0.000	0.000
1729	  L	  6.2	  0.1	0.000	0.000	0.000
1730	  D	  2.0	  0.1	1.109	0.000	0.000
1731	  L	  1.3	  0.2	1.109	0.000	0.000
1732	  Q	  0.5	  0.2	1.109	0.000	0.000
1733	  N	  0.4	  0.1	1.109	0.172	0.172
1734	  L	  0.6	  0.1	1.109	5.576	5.576
1735	  A	  0.7	  0.0	1.109	6.534	6.534
1736	  V	  2.0	  0.0	0.619	7.492	7.492
1737	  N	  2.9	  0.0	0.464	7.492	7.492
1738	  T	  5.3	  0.0	0.000	7.492	7.492
1739	  I	  5.5	  0.0	0.000	7.492	7.492
1740	  L	  4.5	  0.1	0.000	6.534	6.534
1741	  Q	  1.9	  0.1	0.000	0.173	0.173
1742	  S	  1.0	  0.1	0.000	0.000	0.000
1743	  H	  1.9	  0.1	0.000	0.000	0.000
1744	  H	  3.5	  0.2	0.000	0.000	0.000
1745	  V	  3.4	  0.2	0.000	0.000	0.000
1746	  N	  2.3	  0.2	0.000	0.000	0.000
1747	  D	  0.8	  0.4	0.000	0.000	0.000
1748	  M	  0.3	  0.7	0.000	0.000	0.000
1749	  E	  0.3	  1.0	0.000	0.000	0.000
1750	  G	  0.0	  1.4	0.000	0.000	0.000
1751	  A	  0.0	  1.2	0.000	0.000	0.000
1752	  D	  0.0	  1.1	0.000	0.000	0.000
1753	  S	  0.3	  0.9	0.000	0.000	0.000
1754	  M	  0.7	  0.5	0.000	0.000	0.000
1755	  G	  0.7	  0.4	0.000	0.000	0.000
1756	  I	  4.5	  0.2	0.000	0.000	0.000
1757	  S	 11.4	  0.3	0.135	0.000	0.000
1758	  F	 14.7	  0.2	0.135	0.000	0.000
1759	  D	 12.6	  0.2	0.135	0.000	0.000
1760	  V	  7.3	  0.2	0.135	0.000	0.000
1761	  I	  4.0	  0.0	0.135	0.000	0.000
1762	  Q	  2.3	  0.0	0.135	0.000	0.000
1763	  Q	  0.6	  0.0	0.135	0.000	0.000
1764	  A	  0.7	  0.1	0.000	0.000	0.000
1765	  S	  1.7	  0.0	0.531	0.000	0.000
1766	  L	  1.6	  0.3	0.531	0.000	0.000
1767	  E	  1.2	  0.3	0.531	0.000	0.000
1768	  D	  0.3	  0.2	1.058	0.000	0.000
1769	  M	  0.7	  0.2	1.058	0.000	0.000
1770	  I	  3.5	  0.0	1.058	0.000	0.000
1771	  T	  3.2	  0.6	1.058	0.000	0.000
1772	  G	  2.7	  0.6	1.058	0.000	0.000
1773	  G	  0.1	  0.6	0.842	0.000	0.000
1774	  Q	  0.1	  0.6	0.000	0.000	0.000
1775	  A	  0.2	  0.2	0.000	0.000	0.000
1776	  A	  0.5	  0.2	0.000	0.000	0.000
1777	  S	  0.6	  0.2	0.000	0.000	0.000
1778	  A	  0.5	  0.2	0.000	0.000	0.000
1779	  P	  0.1	  0.2	0.000	0.000	0.000
1780	  A	  0.6	  0.2	0.000	0.000	0.000
1781	  S	  8.4	  0.6	0.000	0.000	0.000
1782	  Y	  8.6	  0.6	0.000	0.000	0.000
1783	  D	  8.0	  0.7	0.520	0.000	0.000
1784	  E	  0.3	  0.7	0.520	0.000	0.000
1785	  T	  0.5	  0.3	0.673	0.000	0.000
1786	  A	  0.6	  0.3	0.673	0.000	0.000
1787	  L	  0.9	  0.0	0.673	0.000	0.000
1788	  C	  0.6	  0.3	0.673	0.000	0.000
1789	  S	  0.5	  0.3	0.500	0.000	0.000
1790	  N	  2.9	  0.3	0.291	0.000	0.000
1791	  T	 14.9	  0.3	0.000	0.000	0.000
1792	  F	 20.2	  0.0	0.000	0.000	0.000
1793	  R	 20.1	  0.0	0.000	0.000	0.000
1794	  I	  9.5	  0.0	0.000	0.000	0.000
1795	  L	  3.6	  0.1	0.000	0.000	0.000
1796	  K	  1.2	  0.1	0.000	0.000	0.000
1797	  S	  0.9	  0.1	0.000	2.126	2.126
1798	  M	  2.9	  0.1	0.000	19.735	19.735
1799	  V	  3.8	  0.1	0.000	61.549	61.549
1800	  V	  3.6	  0.1	0.000	61.549	61.549
1801	  G	  1.2	  0.1	0.000	61.549	61.549
1802	  W	  1.3	  0.1	0.000	61.549	61.549
1803	  V	  2.7	  0.0	0.000	61.354	61.354
1804	  K	  3.0	  0.0	0.000	1.004	1.004
1805	  E	  5.4	  0.0	0.000	1.004	1.004
1806	  I	  8.1	  0.0	0.000	1.004	1.004
1807	  T	  9.9	  0.0	0.000	0.418	0.418
1808	  Q	  7.9	  0.0	0.000	0.071	0.071
1809	  Y	  4.7	  0.1	0.000	0.071	0.071
1810	  H	  3.4	  0.1	0.000	0.000	0.000
1811	  N	  4.1	  0.1	0.000	0.000	0.000
1812	  I	  4.0	  0.1	0.000	0.000	0.000
1813	  Y	  3.2	  0.4	0.000	0.000	0.000
1814	  A	  1.0	  0.5	0.000	0.000	0.000
1815	  D	  0.3	  0.6	0.000	0.000	0.000
1816	  N	  0.2	  0.6	0.342	0.000	0.000
1817	  Q	  0.7	  0.1	0.342	0.000	0.000
1818	  V	  3.5	  0.0	0.342	0.263	0.263
1819	  M	  5.0	  0.0	0.342	0.263	0.263
1820	  H	  6.7	  0.0	0.342	0.263	0.263
1821	  F	  5.9	  0.0	0.342	0.263	0.263
1822	  Y	  6.3	  0.0	0.221	0.263	0.263
1823	  R	  4.5	  0.0	0.000	0.000	0.000
1824	  W	  3.2	  0.0	0.000	0.000	0.000
1825	  L	  2.0	  0.0	0.000	0.000	0.000
1826	  R	  1.7	  0.0	0.000	0.000	0.000
1827	  S	  1.1	  2.7	0.000	0.000	0.000
1828	  P	  0.1	  2.9	0.000	0.000	0.000
1829	  S	  0.1	  2.9	0.000	0.000	0.000
1830	  S	  0.3	  2.9	0.000	0.000	0.000
1831	  L	  0.8	  0.2	0.000	0.000	0.000
1832	  L	  1.0	  0.1	0.000	0.000	0.000
1833	  H	  0.9	  0.0	0.000	0.000	0.000
1834	  D	  0.4	  0.1	0.863	0.000	0.000
1835	  P	  0.0	  0.1	0.863	0.000	0.000
1836	  A	  0.3	  0.1	0.863	0.000	0.000
1837	  L	  0.4	  0.1	0.863	0.000	0.000
1838	  H	  0.7	  0.1	0.863	0.000	0.000
1839	  R	  0.6	  0.1	0.863	0.000	0.000
1840	  T	  1.6	  0.1	0.692	0.000	0.000
1841	  L	  1.5	  0.1	0.692	0.000	0.000
1842	  H	  1.5	  0.0	2.140	0.000	0.000
1843	  N	  0.4	  0.0	15.287	0.000	0.000
1844	  M	  0.5	  0.0	16.688	0.000	0.000
1845	  M	  0.4	  0.0	17.010	0.000	0.000
1846	  K	  0.4	  0.1	17.345	0.000	0.000
1847	  K	  0.4	  0.1	17.578	0.000	0.000
1848	  L	  0.9	  0.1	17.822	36.599	36.599
1849	  F	  1.5	  0.0	18.348	54.812	54.812
1850	  L	  2.6	  0.0	18.105	54.903	54.903
1851	  Q	  2.2	  0.0	17.827	54.903	54.903
1852	  L	  2.0	  0.0	17.357	54.903	54.903
1853	  I	  1.0	  0.0	17.195	54.662	54.662
1854	  A	  0.9	  0.0	17.195	25.084	25.084
1855	  E	  3.0	  0.0	16.767	0.000	0.000
1856	  F	  3.5	  0.1	15.679	0.000	0.000
1857	  K	  3.6	  0.2	10.248	0.000	0.000
1858	  R	  1.1	  0.3	5.401	0.000	0.000
1859	  L	  0.2	  0.7	3.529	0.000	0.000
1860	  G	  0.1	  0.7	2.148	0.000	0.000
1861	  S	  0.2	  0.7	1.180	0.691	0.691
1862	  S	  1.4	  0.6	0.119	3.740	3.740
1863	  V	  3.6	  0.1	0.000	8.384	8.384
1864	  I	  4.2	  0.0	0.000	8.702	8.702
1865	  Y	  3.3	  0.3	0.000	8.702	8.702
1866	  A	  1.1	  0.3	0.000	8.327	8.327
1867	  N	  1.2	  0.6	0.000	5.413	5.413
1868	  F	  1.4	  0.6	0.000	4.591	4.591
1869	  N	  1.4	  0.3	0.532	0.143	0.143
1870	  R	  5.8	  0.3	0.532	0.000	0.000
1871	  I	 10.8	  0.0	0.532	0.236	0.236
1872	  I	 12.3	  0.0	0.532	0.236	0.236
1873	  L	  7.5	  0.0	0.532	0.236	0.236
1874	  C	  5.2	  0.0	0.532	0.236	0.236
1875	  T	  4.5	  0.1	0.255	0.236	0.236
1876	  K	  4.3	  0.1	0.255	0.000	0.000
1877	  K	  1.4	  0.1	0.148	0.000	0.000
1878	  R	  1.2	  0.1	0.000	0.000	0.000
1879	  R	  3.3	  0.1	0.000	0.000	0.000
1880	  V	  3.9	  0.2	0.000	0.000	0.000
1881	  E	  3.0	  0.2	0.000	0.000	0.000
1882	  D	  1.0	  0.2	0.112	0.000	0.000
1883	  A	  0.3	  0.2	0.112	0.971	0.971
1884	  I	  2.2	  0.0	0.112	0.971	0.971
1885	  A	  2.4	  0.0	0.112	0.971	0.971
1886	  Y	  4.2	  0.0	0.112	0.971	0.971
1887	  V	  5.8	  0.0	0.112	0.971	0.971
1888	  E	  5.6	  0.0	0.112	0.000	0.000
1889	  Y	  4.3	  0.0	0.000	0.000	0.000
1890	  I	  3.3	  0.0	0.000	0.000	0.000
1891	  T	  4.6	  0.1	0.000	0.000	0.000
1892	  S	  4.0	  0.1	0.000	0.000	0.000
1893	  S	  2.3	  0.1	0.000	0.000	0.000
1894	  I	  1.3	  0.1	0.000	0.000	0.000
1895	  H	  1.2	  0.1	0.000	0.000	0.000
1896	  S	  1.0	  0.2	0.148	0.000	0.000
1897	  K	  0.8	  0.2	0.148	0.000	0.000
1898	  E	  0.9	  0.2	0.148	0.000	0.000
1899	  T	  7.6	  0.1	0.148	0.393	0.393
1900	  F	  7.9	  0.1	0.148	0.393	0.393
1901	  H	  7.8	  0.1	0.148	0.393	0.393
1902	  S	  1.8	  0.1	0.000	1.272	1.272
1903	  L	  4.0	  0.1	0.000	8.815	8.815
1904	  T	 14.5	  0.0	0.000	9.713	9.713
1905	  I	 16.9	  0.0	0.000	11.332	11.332
1906	  S	 31.4	  0.1	0.000	11.332	11.332
1907	  F	 22.4	  0.1	0.000	12.447	12.447
1908	  S	 19.1	  0.1	0.083	11.369	11.369
1909	  R	  3.3	  0.1	0.083	11.965	11.965
1910	  C	  4.0	  0.1	0.083	11.965	11.965
1911	  W	  6.1	  0.0	0.083	11.965	11.965
1912	  E	  4.6	  0.0	0.083	11.965	11.965
1913	  F	  3.2	  0.0	0.083	22.690	22.690
1914	  L	  1.3	  0.0	0.000	22.690	22.690
1915	  L	  1.7	  0.0	0.000	22.690	22.690
1916	  W	  2.1	  0.0	0.000	22.105	22.105
1917	  M	  1.8	  0.0	0.000	16.659	16.659
1918	  D	  1.3	  6.0	0.000	0.000	0.000
1919	  P	  0.1	  6.3	0.000	0.000	0.000
1920	  S	  0.0	  6.3	0.000	0.000	0.000
1921	  N	  0.0	  6.5	0.000	0.000	0.000
1922	  Y	  0.1	  4.1	0.000	0.000	0.000
1923	  G	  0.1	  3.8	0.000	0.000	0.000
1924	  G	  0.2	  3.8	0.000	0.000	0.000
1925	  I	  1.2	  5.1	0.000	0.000	0.000
1926	  K	  1.2	  1.5	0.000	0.000	0.000
1927	  G	  1.1	  1.5	0.000	0.000	0.000
1928	  K	  1.3	  1.5	0.000	0.000	0.000
1929	  V	  2.6	  0.1	0.000	0.000	0.000
1930	  S	  2.8	  0.1	0.000	0.000	0.000
1931	  S	  2.0	  0.1	0.000	0.000	0.000
1932	  R	  3.5	  0.1	0.000	0.000	0.000
1933	  I	  5.2	  0.1	0.000	0.000	0.000
1934	  H	  5.2	  0.0	0.000	0.000	0.000
1935	  C	  2.7	  0.0	0.000	0.000	0.000
1936	  G	  0.6	  0.0	0.000	0.000	0.000
1937	  L	  0.4	  0.2	0.000	0.000	0.000
1938	  Q	  0.3	  0.2	0.000	0.000	0.000
1939	  D	  0.4	  0.4	0.232	0.000	0.000
1940	  S	  0.4	  0.5	0.232	0.000	0.000
1941	  Q	  0.4	  0.4	0.232	0.000	0.000
1942	  K	  0.4	  0.6	0.232	0.000	0.000
1943	  A	  0.1	  0.7	0.232	0.000	0.000
1944	  G	  0.1	  0.7	0.232	0.000	0.000
1945	  G	  0.0	  0.8	0.000	0.000	0.000
1946	  A	  0.0	  0.9	0.000	0.000	0.000
1947	  E	  0.0	  0.5	0.000	0.000	0.000
1948	  D	  0.0	  0.6	0.000	0.000	0.000
1949	  E	  0.0	  0.5	0.000	0.000	0.000
1950	  Q	  0.1	  0.4	0.000	0.000	0.000
1951	  E	  0.1	  0.4	0.000	0.000	0.000
1952	  N	  0.0	  3.9	0.000	0.000	0.000
1953	  E	  0.0	  3.9	0.000	0.000	0.000
1954	  D	  0.0	  3.9	0.000	0.000	0.000
1955	  D	  0.0	  4.0	0.751	0.000	0.000
1956	  E	  0.0	  0.4	0.751	0.000	0.000
1957	  E	  0.0	  0.4	0.751	0.000	0.000
1958	  E	  0.2	  0.6	0.751	0.000	0.000
1959	  R	  0.3	  0.8	0.751	0.000	0.000
1960	  D	  0.2	  0.8	0.751	0.000	0.000
1961	  G	  0.0	  0.9	0.301	0.000	0.000
1962	  E	  0.0	  0.5	0.156	0.000	0.000
1963	  E	  0.0	  0.2	0.000	0.000	0.000
1964	  E	  0.0	  0.2	0.000	0.000	0.000
1965	  E	  0.0	  0.1	0.000	0.000	0.000
1966	  E	  0.1	  0.1	0.000	0.000	0.000
1967	  A	  0.1	  0.1	0.000	0.000	0.000
1968	  E	  0.1	  0.2	0.000	0.000	0.000
1969	  E	  0.1	  0.3	0.000	0.000	0.000
1970	  S	  0.1	  0.3	0.000	0.000	0.000
1971	  N	  4.5	  0.2	0.196	0.000	0.000
1972	  V	  5.4	  0.3	0.196	0.000	0.000
1973	  E	  5.4	  0.2	0.196	0.000	0.000
1974	  D	  0.9	  0.2	0.196	0.000	0.000
1975	  L	  0.1	  0.2	0.196	0.000	0.000
1976	  L	  0.2	  0.3	0.196	0.000	0.000
1977	  E	  0.2	  0.3	0.196	0.000	0.000
1978	  N	  0.3	  0.3	0.000	0.000	0.000
1979	  N	  0.8	  0.5	0.000	0.000	0.000
1980	  W	  3.6	  0.2	0.000	0.295	0.295
1981	  N	  3.6	  0.2	0.131	0.295	0.295
1982	  I	  4.5	  0.2	0.131	0.295	0.295
1983	  L	  3.3	  0.0	0.131	0.295	0.295
1984	  Q	  5.4	  0.0	0.131	0.295	0.295
1985	  F	  4.0	  0.0	0.131	0.295	0.295
1986	  L	  2.4	  0.2	0.131	0.000	0.000
1987	  P	  0.2	  0.2	0.000	0.000	0.000
1988	  Q	  0.0	  0.2	0.000	0.000	0.000
1989	  A	  0.1	  0.5	0.000	0.000	0.000
1990	  A	  0.6	  0.3	0.000	0.001	0.001
1991	  S	  3.5	  0.3	0.000	0.003	0.003
1992	  C	  4.1	  0.7	0.000	0.025	0.025
1993	  Q	  4.3	  0.4	0.000	0.114	0.114
1994	  N	  3.2	  0.4	0.176	2.819	2.819
1995	  Y	  3.5	  0.4	0.176	77.229	77.229
1996	  F	  3.5	  0.0	0.176	97.685	97.685
1997	  L	  2.7	  0.0	0.176	99.353	99.353
1998	  M	  3.5	  0.0	0.176	99.661	99.661
1999	  I	  5.8	  0.0	0.176	99.932	99.932
2000	  V	  6.8	  0.0	0.176	99.954	99.954
2001	  S	  5.2	  0.0	0.416	99.918	99.918
2002	  A	  2.5	  0.0	0.240	99.930	99.930
2003	  Y	  2.1	  0.0	0.240	99.945	99.945
2004	  I	  6.1	  0.0	0.240	99.935	99.935
2005	  V	 12.2	  0.0	0.240	99.782	99.782
2006	  A	 11.2	  0.0	0.240	97.982	97.982
2007	  V	  9.9	  0.0	0.240	96.476	96.476
2008	  Y	  7.7	  0.0	0.240	78.742	78.742
2009	  H	  8.1	  0.0	0.000	21.958	21.958
2010	  C	  8.0	  0.0	0.000	17.772	17.772
2011	  M	  3.8	  0.7	0.000	15.882	15.882
2012	  K	  2.7	  1.0	0.148	0.002	0.002
2013	  D	  0.2	  1.0	0.148	0.002	0.002
2014	  G	  0.0	  1.0	0.148	0.000	0.000
2015	  L	  0.2	  0.3	0.148	0.000	0.000
2016	  R	  0.5	  0.2	0.148	0.000	0.000
2017	  R	  1.1	  0.1	0.148	0.000	0.000
2018	  S	  1.0	  0.1	0.148	0.000	0.000
2019	  A	  0.7	  2.1	0.000	0.000	0.000
2020	  P	  0.1	  2.7	0.000	0.000	0.000
2021	  G	  0.1	  2.7	0.000	0.000	0.000
2022	  S	  0.1	  2.7	0.000	0.000	0.000
2023	  T	  0.1	  0.7	0.699	0.000	0.000
2024	  P	  0.1	  0.0	0.699	0.000	0.000
2025	  V	  1.4	  0.0	0.699	0.000	0.000
2026	  R	  1.8	  0.1	0.699	0.000	0.000
2027	  R	  1.9	  0.3	0.699	0.000	0.000
2028	  R	  0.6	  0.3	0.699	0.000	0.000
2029	  G	  0.2	  0.5	0.338	0.000	0.000
2030	  A	  0.2	  0.5	0.000	0.000	0.000
2031	  S	  0.4	  0.4	0.000	0.000	0.000
2032	  Q	  1.2	  0.3	0.000	0.000	0.000
2033	  L	  1.2	  0.2	0.000	0.000	0.000
2034	  S	  1.3	  0.2	0.000	0.000	0.000
2035	  Q	  0.6	  0.1	0.000	0.000	0.000
2036	  E	  0.4	  0.3	0.000	0.000	0.000
2037	  A	  0.1	  0.7	0.000	0.000	0.000
2038	  E	  0.0	  0.7	0.000	0.000	0.000
2039	  G	  0.0	  0.6	0.000	0.000	0.000
2040	  A	  0.1	  0.5	0.000	0.000	0.000
2041	  V	  0.3	  0.3	0.000	0.000	0.000
2042	  G	  0.2	  0.2	0.000	0.000	0.000
2043	  A	  0.2	  0.2	0.000	0.000	0.000
2044	  L	  0.0	  1.0	0.000	0.000	0.000
2045	  P	  0.0	  0.8	0.000	0.000	0.000
2046	  G	  0.0	  0.8	0.094	0.507	0.507
2047	  M	  0.3	  0.8	0.094	0.763	0.763
2048	  I	 13.9	  0.0	0.094	0.763	0.763
2049	  T	 40.0	  0.0	0.094	0.763	0.763
2050	  F	 41.1	  0.1	0.094	0.763	0.763
2051	  S	 30.4	  1.0	0.094	0.256	0.256
2052	  Q	  2.9	  1.0	0.000	0.000	0.000
2053	  D	  1.0	  1.0	0.000	0.000	0.000
2054	  Y	  3.1	  0.9	0.000	0.000	0.000
2055	  V	  3.6	  0.1	0.000	0.000	0.000
2056	  A	  3.3	  0.1	0.000	0.000	0.000
2057	  N	  0.8	  0.2	0.576	0.000	0.000
2058	  E	  0.6	  0.2	0.576	0.000	0.000
2059	  L	  0.9	  0.1	0.576	1.542	1.542
2060	  T	  3.1	  0.2	0.576	1.772	1.772
2061	  Q	  3.2	  0.1	0.576	2.011	2.011
2062	  S	  3.8	  0.1	0.696	9.433	9.433
2063	  F	  2.7	  0.1	0.215	20.549	20.549
2064	  F	  9.9	  0.0	0.121	20.549	20.549
2065	  T	 19.4	  0.0	0.728	20.549	20.549
2066	  I	 22.1	  0.0	0.728	20.549	20.549
2067	  T	 16.3	  0.0	0.846	13.930	13.930
2068	  Q	  5.5	  0.0	0.846	0.419	0.419
2069	  K	  2.2	  0.0	0.846	0.000	0.000
2070	  I	  0.8	  0.0	0.726	0.000	0.000
2071	  Q	  0.8	  0.1	0.726	0.000	0.000
2072	  K	  0.5	  0.0	0.477	0.000	0.000
2073	  K	  5.9	  0.0	0.151	0.000	0.000
2074	  V	  6.5	  0.1	0.000	0.000	0.000
2075	  T	  6.4	  0.5	0.000	0.000	0.000
2076	  G	  0.9	  0.6	0.000	0.000	0.000
2077	  S	  0.5	  1.7	0.000	0.000	0.000
2078	  R	  0.4	  1.7	0.000	0.000	0.000
2079	  N	  0.5	  1.4	0.187	0.000	0.000
2080	  S	  0.4	  1.3	0.187	0.000	0.000
2081	  T	  0.5	  0.2	0.390	0.000	0.000
2082	  E	  0.7	  0.2	0.390	0.000	0.000
2083	  L	  0.5	  0.1	0.390	0.000	0.000
2084	  S	  0.5	  0.1	0.390	0.000	0.000
2085	  E	  0.4	  0.0	0.390	0.000	0.000
2086	  M	  0.4	  0.0	0.390	0.000	0.000
2087	  F	  0.4	  0.0	0.390	0.000	0.000
2088	  P	  0.1	  0.0	0.000	0.000	0.000
2089	  V	  0.5	  0.0	0.000	0.000	0.000
2090	  L	  0.5	  1.7	0.000	0.000	0.000
2091	  P	  0.5	  2.1	0.000	0.000	0.000
2092	  G	  0.0	  2.2	0.000	0.000	0.000
2093	  S	  0.2	  2.2	0.000	0.000	0.000
2094	  H	  0.8	  0.5	0.000	0.000	0.000
2095	  L	  1.7	  0.1	0.000	0.000	0.000
2096	  L	  2.0	  0.1	0.000	0.000	0.000
2097	  L	  1.7	  0.1	0.000	0.000	0.000
2098	  N	  0.7	  0.1	0.000	0.000	0.000
2099	  N	  0.3	  0.1	0.858	0.000	0.000
2100	  P	  0.0	  0.0	0.858	0.000	0.000
2101	  A	  0.1	  0.0	0.858	2.185	2.185
2102	  L	  0.8	  0.0	0.858	4.773	4.773
2103	  E	  0.9	  0.0	0.858	5.123	5.123
2104	  F	  2.1	  0.0	0.858	5.123	5.123
2105	  I	  4.4	  0.0	0.326	5.123	5.123
2106	  K	  4.8	  0.0	0.326	5.123	5.123
2107	  Y	  5.7	  0.0	0.155	5.123	5.123
2108	  V	  2.9	  0.0	0.000	4.467	4.467
2109	  C	  3.3	  0.0	0.000	0.594	0.594
2110	  K	  2.1	  0.0	0.000	0.000	0.000
2111	  V	  4.8	  0.0	0.000	0.000	0.000
2112	  L	  5.6	  0.0	0.000	0.000	0.000
2113	  S	  7.0	  0.6	0.000	0.000	0.000
2114	  L	  4.4	  0.6	0.000	0.000	0.000
2115	  D	  2.6	  0.9	0.000	0.000	0.000
2116	  T	  0.7	  0.9	0.000	0.000	0.000
2117	  N	  3.1	  0.3	0.000	0.000	0.000
2118	  I	  3.6	  0.3	0.000	0.000	0.000
2119	  T	  3.8	  0.0	0.000	0.000	0.000
2120	  N	  1.4	  0.0	0.128	0.000	0.000
2121	  Q	  1.3	  0.0	0.128	0.000	0.000
2122	  V	  1.1	  0.0	0.128	0.000	0.000
2123	  N	  0.9	  0.1	0.655	0.000	0.000
2124	  K	  1.2	  0.1	0.655	0.000	0.000
2125	  L	  0.8	  0.1	0.655	0.000	0.000
2126	  N	  0.8	  1.0	2.050	0.000	0.000
2127	  R	  0.1	  0.9	2.050	0.000	0.000
2128	  D	  0.1	  0.9	2.385	0.167	0.167
2129	  L	  0.2	  0.9	2.253	1.053	1.053
2130	  L	  1.6	  0.0	2.253	1.053	1.053
2131	  R	  2.1	  0.0	2.253	1.053	1.053
2132	  L	  2.5	  0.0	1.615	1.053	1.053
2133	  V	  9.4	  0.0	1.087	1.053	1.053
2134	  D	  8.9	  0.3	1.087	0.886	0.886
2135	  V	  8.5	  0.8	0.259	0.719	0.719
2136	  G	  0.1	  0.8	0.259	0.000	0.000
2137	  E	  1.4	  0.8	0.000	0.000	0.000
2138	  F	  2.0	  0.5	0.000	0.000	0.000
2139	  S	  2.0	  0.2	0.844	0.000	0.000
2140	  E	  0.7	  0.2	0.844	0.000	0.000
2141	  E	  0.2	  0.2	0.844	0.000	0.000
2142	  A	  0.4	  0.1	0.844	0.000	0.000
2143	  Q	  2.6	  0.0	0.844	0.000	0.000
2144	  F	  3.9	  0.0	0.844	0.000	0.000
2145	  R	  3.5	  0.0	0.280	0.000	0.000
2146	  D	  1.4	  0.3	0.262	0.000	0.000
2147	  P	  0.0	  0.3	0.129	0.000	0.000
2148	  C	  1.1	  0.5	0.129	0.000	0.000
2149	  R	  2.8	  0.5	0.129	0.000	0.000
2150	  S	  3.8	  0.2	0.129	0.000	0.000
2151	  Y	  6.1	  0.2	0.129	0.000	0.000
2152	  V	  4.8	  0.0	0.000	0.000	0.000
2153	  L	  3.9	  0.1	0.000	0.000	0.000
2154	  P	  0.4	  0.1	0.154	0.000	0.000
2155	  E	  0.4	  0.1	0.154	0.000	0.000
2156	  V	  3.0	  0.1	0.154	0.000	0.000
2157	  I	  3.9	  0.0	0.154	0.000	0.000
2158	  C	  4.5	  0.3	0.154	0.000	0.000
2159	  R	  2.1	  0.3	0.154	0.000	0.000
2160	  S	  9.2	  0.7	0.154	0.000	0.000
2161	  C	  8.7	  0.7	0.000	0.000	0.000
2162	  N	  9.5	  0.5	0.000	0.000	0.000
2163	  F	  3.8	  0.5	0.000	0.000	0.000
2164	  C	  3.5	  0.4	0.000	0.000	0.000
2165	  R	  2.7	  0.4	0.000	0.000	0.000
2166	  D	  0.6	  1.1	0.000	0.000	0.000
2167	  L	  1.3	  1.1	0.000	0.000	0.000
2168	  D	  1.3	  0.7	0.000	0.000	0.000
2169	  L	  1.3	  0.7	0.000	0.000	0.000
2170	  C	  0.4	  0.5	0.000	0.000	0.000
2171	  K	  0.3	  0.5	0.000	0.000	0.000
2172	  D	  0.2	  1.1	0.000	0.000	0.000
2173	  S	  0.3	  1.1	0.000	0.000	0.000
2174	  S	 20.4	  0.7	0.000	0.000	0.000
2175	  F	 20.9	  0.7	0.000	0.000	0.000
2176	  S	 20.7	  5.1	0.000	0.000	0.000
2177	  E	  0.7	  5.3	0.000	0.000	0.000
2178	  D	  0.0	  5.3	0.000	0.000	0.000
2179	  G	  0.0	  5.2	0.000	0.000	0.000
2180	  A	  1.7	  0.2	0.000	0.000	0.000
2181	  V	  2.1	  0.0	0.000	0.000	0.000
2182	  L	  2.1	  0.4	0.000	0.000	0.000
2183	  P	  0.4	  0.4	0.000	0.000	0.000
2184	  Q	  0.8	  0.4	0.000	0.000	0.000
2185	  W	  2.0	  0.4	0.000	0.000	0.000
2186	  L	  2.4	  0.0	0.000	0.000	0.000
2187	  C	  1.8	  0.7	0.000	0.000	0.000
2188	  S	  0.6	  0.8	0.000	0.000	0.000
2189	  N	  0.7	  0.8	0.000	0.000	0.000
2190	  C	  6.2	  0.8	0.000	0.000	0.000
2191	  Q	  6.2	  0.0	0.000	0.000	0.000
2192	  A	  5.6	  0.2	0.000	0.000	0.000
2193	  P	  0.0	  0.2	0.000	0.000	0.000
2194	  Y	  0.9	  0.3	0.000	0.000	0.000
2195	  D	  0.9	  1.9	0.197	0.000	0.000
2196	  S	  1.0	  1.7	0.197	0.000	0.000
2197	  S	  0.4	  1.7	0.857	0.000	0.000
2198	  A	  0.5	  1.6	0.857	0.000	0.000
2199	  I	  2.8	  0.0	0.857	0.000	0.000
2200	  E	  3.0	  0.0	1.249	0.000	0.000
2201	  M	  4.7	  0.0	1.333	0.000	0.000
2202	  T	  3.2	  0.0	16.940	0.000	0.000
2203	  L	  2.8	  0.0	17.028	0.000	0.000
2204	  V	 15.8	  0.0	17.134	0.000	0.000
2205	  E	 15.3	  0.0	17.546	0.000	0.000
2206	  V	 16.8	  0.0	17.776	0.000	0.000
2207	  L	  2.3	  0.0	17.776	0.000	0.000
2208	  Q	  1.9	  0.0	17.405	0.000	0.000
2209	  K	  0.3	  0.1	15.612	0.000	0.000
2210	  K	  0.4	  0.1	8.870	0.000	0.000
2211	  L	  0.5	  0.0	6.001	8.948	8.948
2212	  M	  0.6	  0.0	5.394	13.654	13.654
2213	  A	  0.7	  0.0	3.477	13.654	13.654
2214	  F	  4.7	  0.0	2.689	13.654	13.654
2215	  T	  6.8	  0.0	8.140	13.654	13.654
2216	  L	  6.7	  0.1	8.140	13.446	13.446
2217	  Q	  2.8	  0.2	8.054	0.507	0.507
2218	  D	  0.4	  0.1	8.971	0.000	0.000
2219	  L	  1.4	  0.1	8.971	0.000	0.000
2220	  V	  2.9	  0.0	8.971	0.000	0.000
2221	  C	  4.9	  0.0	9.101	0.000	0.000
2222	  L	  5.7	  0.0	7.927	0.000	0.000
2223	  K	  4.9	  0.0	7.603	0.000	0.000
2224	  C	  3.2	  0.3	3.574	0.000	0.000
2225	  R	  1.2	  0.3	2.081	0.000	0.000
2226	  G	  0.5	  0.2	1.551	0.000	0.000
2227	  V	  1.7	  0.3	0.000	0.000	0.000
2228	  K	  1.9	  0.1	0.000	0.000	0.000
2229	  E	  1.9	  0.1	0.000	0.000	0.000
2230	  T	  1.4	  0.1	0.000	0.000	0.000
2231	  S	  1.3	  0.1	0.000	0.000	0.000
2232	  M	  1.2	  0.0	0.000	0.000	0.000
2233	  P	  0.1	  0.0	0.000	0.000	0.000
2234	  V	  3.9	  0.0	0.000	0.000	0.000
2235	  Y	  6.2	  0.0	0.000	0.000	0.000
2236	  C	 10.2	  0.1	0.000	0.000	0.000
2237	  S	  7.3	  0.1	0.000	0.000	0.000
2238	  C	  5.2	  0.7	0.000	0.000	0.000
2239	  A	  1.1	  1.9	0.000	0.000	0.000
2240	  G	  0.2	  1.8	0.000	0.000	0.000
2241	  D	  0.1	  1.8	0.115	0.000	0.000
2242	  F	  0.8	  1.1	0.115	7.844	7.844
2243	  A	  0.9	  0.0	0.115	7.844	7.844
2244	  L	  4.6	  0.0	0.115	7.844	7.844
2245	  T	  7.5	  0.0	0.115	7.844	7.844
2246	  I	  8.5	  0.0	0.115	7.844	7.844
2247	  H	  5.7	  0.0	0.115	0.000	0.000
2248	  T	  2.9	  0.0	0.000	0.000	0.000
2249	  Q	  2.7	  0.0	0.000	0.000	0.000
2250	  V	  5.7	  0.0	0.000	0.000	0.000
2251	  F	  5.7	  0.0	0.000	0.000	0.000
2252	  M	  4.7	  0.0	0.000	0.000	0.000
2253	  E	  0.9	  0.1	0.000	0.000	0.000
2254	  Q	  0.2	  0.1	0.000	0.897	0.897
2255	  I	  0.4	  0.4	0.000	0.897	0.897
2256	  G	  0.5	  0.3	0.000	0.897	0.897
2257	  I	  1.9	  0.3	0.000	0.897	0.897
2258	  F	  2.5	  0.6	0.000	0.897	0.897
2259	  R	  2.9	  0.3	0.000	0.000	0.000
2260	  N	  1.7	  0.3	0.000	0.000	0.000
2261	  I	  1.7	  0.3	0.000	0.000	0.000
2262	  A	  1.5	  0.1	0.000	0.000	0.000
2263	  Q	  2.7	  0.1	0.000	0.000	0.000
2264	  H	  2.5	  0.3	0.000	0.000	0.000
2265	  Y	  2.5	  0.3	0.000	0.116	0.116
2266	  G	  1.0	  0.2	0.822	0.116	0.116
2267	  M	  3.0	  0.2	0.822	0.413	0.413
2268	  S	  3.3	  0.0	1.056	0.413	0.413
2269	  Y	  4.0	  0.0	1.056	0.413	0.413
2270	  L	  1.3	  0.0	1.293	0.413	0.413
2271	  L	  0.8	  0.1	1.293	0.413	0.413
2272	  E	  0.1	  0.1	1.911	0.000	0.000
2273	  T	  1.1	  0.1	10.521	0.000	0.000
2274	  L	  1.6	  0.1	10.521	0.000	0.000
2275	  E	  1.6	  0.0	10.521	0.000	0.000
2276	  W	  1.1	  0.0	10.773	0.000	0.000
2277	  L	  0.6	  0.0	10.773	0.000	0.000
2278	  L	  0.7	  0.0	10.773	0.000	0.000
2279	  Q	  0.5	  0.0	10.531	0.000	0.000
2280	  K	  0.4	  0.0	7.862	0.000	0.000
2281	  N	  0.2	  0.2	5.514	0.000	0.000
2282	  P	  0.0	  0.3	0.000	0.000	0.000
2283	  Q	  0.1	  0.3	0.000	0.000	0.000
2284	  L	  0.1	  0.3	0.000	0.000	0.000
2285	  G	  0.1	  0.1	0.000	0.000	0.000
2286	  H	  0.0	  0.0	0.000	0.000	0.000
