res	aa	Beta	Turn	Helix	Aggregation	Conc-Stab_Aggregation
01	  M	  0.1	  0.1	0.000	0.000	0.000
02	  S	  0.3	  0.1	0.000	0.000	0.000
03	  R	  1.2	  0.1	0.000	0.000	0.000
04	  F	  2.5	  0.1	0.000	0.000	0.000
05	  V	  3.5	  0.1	0.000	0.000	0.000
06	  Q	  2.7	  0.1	0.000	0.000	0.000
07	  D	  1.4	  0.8	0.508	0.000	0.000
08	  L	  0.6	  0.9	0.508	0.000	0.000
09	  S	  0.5	  0.8	0.508	0.000	0.000
10	  K	  0.5	  0.8	0.508	0.000	0.000
11	  A	  0.5	  0.1	0.508	0.000	0.000
12	  M	  0.6	  0.1	0.508	0.000	0.000
13	  S	  1.2	  4.3	0.180	0.000	0.000
14	  Q	  0.9	  4.5	0.000	0.000	0.000
15	  D	  0.7	  4.7	0.000	0.000	0.000
16	  G	  0.0	  4.8	0.000	0.000	0.000
17	  A	  0.2	  0.6	0.000	0.000	0.000
18	  S	  0.7	  0.4	0.000	0.000	0.000
19	  Q	  4.5	  0.2	0.000	0.000	0.000
20	  F	  5.4	  0.1	0.000	0.000	0.000
21	  Q	  5.3	  0.1	0.000	0.000	0.000
22	  E	  1.8	  0.1	0.000	0.000	0.000
23	  V	  4.2	  0.1	0.000	0.000	0.000
24	  I	  6.0	  0.0	0.699	0.000	0.000
25	  R	  5.8	  0.1	0.699	0.000	0.000
26	  Q	  2.5	  0.1	0.699	0.000	0.000
27	  E	  0.5	  0.1	0.699	0.000	0.000
28	  L	  0.9	  0.1	0.699	0.000	0.000
29	  E	  1.2	  0.1	0.890	0.000	0.000
30	  L	  3.0	  0.0	0.890	0.000	0.000
31	  S	  4.0	  0.0	1.841	0.000	0.000
32	  V	  4.3	  0.0	1.780	0.000	0.000
33	  K	  2.6	  0.1	1.780	0.000	0.000
34	  K	  1.0	  0.1	1.533	0.000	0.000
35	  E	  0.5	  0.1	1.397	0.000	0.000
36	  L	  0.4	  0.1	1.397	0.136	0.136
37	  E	  0.3	  0.1	1.397	0.136	0.136
38	  K	  0.8	  0.0	1.187	0.136	0.136
39	  I	  2.4	  0.0	0.201	3.474	3.474
40	  L	  2.7	  0.0	0.201	3.474	3.474
41	  T	  2.7	  0.0	0.000	3.338	3.338
42	  T	  3.8	  0.2	0.000	3.338	3.338
43	  A	  3.7	  0.3	0.000	3.338	3.338
44	  S	  3.2	  0.4	0.000	0.368	0.368
45	  S	  1.1	  0.4	0.000	0.000	0.000
46	  H	  1.5	  0.2	0.000	0.000	0.000
47	  E	  2.1	  0.1	0.000	0.000	0.000
48	  F	  3.4	  0.1	0.000	0.000	0.000
49	  E	  3.5	  0.1	0.000	0.000	0.000
50	  H	  3.6	  0.1	0.000	0.000	0.000
51	  T	  2.6	  0.2	0.392	0.000	0.000
52	  K	  2.0	  0.5	0.392	0.000	0.000
53	  K	  1.1	  0.5	0.392	0.000	0.000
54	  D	  0.2	  4.8	0.392	0.000	0.000
55	  L	  0.2	  5.2	0.392	0.000	0.000
56	  D	  0.2	  4.8	1.077	0.000	0.000
57	  G	  0.1	  4.8	1.486	0.000	0.000
58	  F	  1.4	  0.6	1.334	0.000	0.000
59	  R	  1.7	  0.1	1.094	0.000	0.000
60	  K	  1.9	  0.1	1.094	0.000	0.000
61	  L	  1.1	  0.1	1.094	0.000	0.000
62	  F	  2.3	  0.1	0.943	0.000	0.000
63	  H	  2.8	  0.0	0.551	0.000	0.000
64	  R	  2.9	  0.0	0.000	0.000	0.000
65	  F	  2.3	  0.0	0.000	0.000	0.000
66	  L	  1.5	  0.0	0.000	0.000	0.000
67	  Q	  1.0	  0.2	0.000	0.000	0.000
68	  E	  0.2	  0.2	0.000	0.000	0.000
69	  K	  0.1	  0.2	0.000	0.000	0.000
70	  G	  0.0	  0.7	0.000	0.000	0.000
71	  P	  0.0	  0.5	0.000	0.000	0.000
72	  S	  4.4	  0.9	0.000	0.000	0.000
73	  V	  6.1	  0.8	0.000	0.000	0.000
74	  D	  6.1	  1.1	0.509	0.000	0.000
75	  W	  1.8	  1.1	0.509	0.000	0.000
76	  G	  0.1	  0.8	0.509	0.000	0.000
77	  K	  0.7	  0.8	0.509	0.000	0.000
78	  I	  1.6	  0.1	0.509	0.000	0.000
79	  Q	  1.6	  0.0	0.509	0.000	0.000
80	  R	  1.1	  0.0	0.509	0.000	0.000
81	  P	  0.0	  0.3	0.000	0.000	0.000
82	  P	  0.0	  0.7	0.000	0.000	0.000
83	  E	  0.0	  0.7	0.000	0.000	0.000
84	  D	  0.2	  0.7	0.000	0.000	0.000
85	  S	  1.1	  0.4	0.000	0.000	0.000
86	  I	  1.2	  0.0	0.000	0.000	0.000
87	  Q	  1.0	  0.0	0.127	0.000	0.000
88	  P	  0.1	  0.0	0.127	0.000	0.000
89	  Y	  2.1	  0.1	0.259	0.000	0.000
90	  E	  2.1	  0.1	0.667	0.000	0.000
91	  K	  4.8	  0.1	0.667	0.000	0.000
92	  I	  4.3	  0.1	0.667	0.000	0.000
93	  K	  4.4	  0.2	0.667	0.000	0.000
94	  A	  1.8	  0.3	0.667	0.000	0.000
95	  R	  0.3	  0.3	0.667	0.000	0.000
96	  G	  0.2	  0.3	0.170	0.000	0.000
97	  L	  0.1	  1.0	0.000	0.000	0.000
98	  P	  0.0	  1.1	0.000	0.000	0.000
99	  D	  0.1	  1.1	0.000	0.000	0.000
100	  N	  1.3	  1.3	0.142	0.000	0.000
101	  I	  1.9	  0.4	0.142	1.820	1.820
102	  S	  2.0	  0.3	0.320	1.820	1.820
103	  S	  1.4	  0.3	0.656	1.820	1.820
104	  V	  4.1	  0.1	0.656	1.820	1.820
105	  L	  4.0	  0.0	0.656	1.820	1.820
106	  N	  3.5	  0.0	0.766	0.000	0.000
107	  K	  0.6	  0.0	0.766	0.000	0.000
108	  L	  2.1	  0.0	0.446	0.000	0.000
109	  V	 13.6	  0.0	0.302	0.000	0.000
110	  V	 15.6	  0.0	0.302	0.000	0.000
111	  V	 20.3	  0.0	0.302	0.000	0.000
112	  K	  9.6	  0.2	0.302	0.000	0.000
113	  L	  7.1	  0.7	0.109	0.000	0.000
114	  N	  0.9	  0.8	0.109	0.000	0.000
115	  G	  0.1	  0.9	0.000	0.000	0.000
116	  G	  0.0	  0.6	0.000	0.000	0.000
117	  L	  0.0	  0.3	0.000	0.000	0.000
118	  G	  0.0	  0.3	0.000	0.000	0.000
119	  T	  0.6	  0.2	0.000	0.000	0.000
120	  S	  0.9	  0.6	0.000	0.000	0.000
121	  M	  1.3	  0.6	0.000	0.000	0.000
122	  G	  0.8	  0.6	0.000	0.000	0.000
123	  C	  0.5	  0.6	0.000	0.000	0.000
124	  K	  0.1	  0.2	0.000	0.000	0.000
125	  G	  0.1	  0.3	0.000	0.000	0.000
126	  P	  0.0	  0.4	0.000	0.000	0.000
127	  K	  0.2	  0.5	0.000	0.000	0.000
128	  S	  0.6	  0.4	0.000	0.000	0.000
129	  L	  0.7	  0.2	0.000	0.000	0.000
130	  I	  0.7	  0.0	0.000	0.000	0.000
131	  G	  0.4	  0.0	0.000	0.000	0.000
132	  V	  1.2	  0.1	0.000	0.000	0.000
133	  R	  1.0	  0.1	0.000	0.000	0.000
134	  N	  1.0	  1.8	0.119	0.000	0.000
135	  E	  0.1	  1.8	0.119	0.000	0.000
136	  N	  3.2	  1.8	0.119	0.000	0.000
137	  T	  6.4	  1.7	0.119	0.000	0.000
138	  F	  7.1	  0.2	0.119	0.000	0.000
139	  L	  4.9	  0.2	0.119	0.000	0.000
140	  D	  1.9	  0.2	0.000	0.000	0.000
141	  L	  4.3	  0.2	0.000	0.000	0.000
142	  T	 13.3	  0.0	0.264	0.000	0.000
143	  V	 14.4	  0.0	0.264	0.000	0.000
144	  Q	 11.4	  0.0	0.264	0.000	0.000
145	  Q	  4.0	  0.0	0.264	0.000	0.000
146	  I	  3.1	  0.0	0.264	0.000	0.000
147	  E	  3.0	  0.0	0.264	0.000	0.000
148	  H	  1.4	  0.2	0.264	0.000	0.000
149	  L	  1.0	  0.3	0.264	0.000	0.000
150	  N	  1.0	  0.3	0.264	0.000	0.000
151	  K	  0.8	  0.3	0.164	0.000	0.000
152	  T	  9.9	  0.1	0.000	0.000	0.000
153	  Y	 10.7	  0.1	0.000	0.000	0.000
154	  N	 10.2	  0.3	0.000	0.000	0.000
155	  T	  1.8	  0.3	0.000	0.000	0.000
156	  D	  0.9	  0.3	0.000	0.000	0.000
157	  V	  0.8	  0.3	0.000	0.000	0.000
158	  P	  0.1	  0.0	0.000	0.000	0.000
159	  L	  2.1	  0.0	0.000	2.418	2.418
160	  V	  5.9	  0.0	0.000	2.684	2.684
161	  L	  6.3	  0.0	0.000	2.684	2.684
162	  M	  4.8	  0.1	0.000	2.684	2.684
163	  N	  1.9	  0.1	0.000	2.684	2.684
164	  S	  8.6	  0.2	0.000	1.711	1.711
165	  F	  8.8	  0.2	0.000	1.711	1.711
166	  N	  8.0	  0.6	0.087	0.000	0.000
167	  T	  0.9	  0.6	1.042	0.000	0.000
168	  D	  0.1	  2.4	15.697	0.000	0.000
169	  E	  0.1	  2.4	16.950	0.000	0.000
170	  D	  0.2	  2.1	24.540	0.000	0.000
171	  T	  1.0	  2.1	25.021	0.000	0.000
172	  K	  1.1	  0.1	25.021	0.000	0.000
173	  K	  1.3	  0.1	25.021	0.000	0.000
174	  I	  1.7	  0.0	23.405	0.000	0.000
175	  L	  1.7	  0.1	23.405	0.000	0.000
176	  Q	  1.8	  0.1	21.609	0.000	0.000
177	  K	  1.3	  0.1	14.771	0.000	0.000
178	  Y	  1.7	  0.1	4.858	0.000	0.000
179	  N	  1.3	  0.0	0.710	0.000	0.000
180	  H	  1.7	  0.0	0.242	0.000	0.000
181	  C	  3.3	  0.0	0.000	0.000	0.000
182	  R	  4.4	  0.0	0.000	0.000	0.000
183	  V	  9.4	  0.0	0.000	0.000	0.000
184	  K	  7.5	  0.0	0.000	0.000	0.000
185	  I	  7.4	  0.0	0.000	0.247	0.247
186	  Y	 12.9	  0.0	0.000	0.247	0.247
187	  T	 20.2	  0.0	0.000	0.247	0.247
188	  F	 20.3	  0.0	0.000	0.247	0.247
189	  N	  9.5	  0.7	0.000	0.247	0.247
190	  Q	  1.6	  0.7	0.000	0.000	0.000
191	  S	  0.4	  0.7	0.000	0.000	0.000
192	  R	  0.4	  0.7	0.000	0.000	0.000
193	  Y	  0.3	  0.3	0.000	0.000	0.000
194	  P	  0.1	  0.3	0.000	0.000	0.000
195	  R	 15.2	  0.3	0.000	0.000	0.000
196	  I	 15.6	  0.3	0.000	0.000	0.000
197	  N	 15.6	  0.1	0.415	0.000	0.000
198	  K	  0.6	  0.2	0.415	0.000	0.000
199	  E	  0.2	  0.2	0.415	0.000	0.000
200	  S	  0.5	  0.2	0.415	0.000	0.000
201	  L	  0.6	  0.1	0.415	0.000	0.000
202	  L	  0.6	  0.0	0.415	0.000	0.000
203	  P	  0.1	  0.0	0.000	0.000	0.000
204	  V	  0.8	  0.0	0.000	0.000	0.000
205	  A	  0.8	  0.2	0.000	0.000	0.000
206	  K	  0.9	  0.2	0.000	0.000	0.000
207	  D	  0.8	  0.3	0.000	0.000	0.000
208	  V	  5.0	  0.3	0.000	0.000	0.000
209	  S	 25.0	  0.6	0.000	0.000	0.000
210	  Y	 25.5	  0.8	0.000	0.000	0.000
211	  S	 22.1	  1.0	0.000	0.000	0.000
212	  G	  1.5	  1.2	0.111	0.000	0.000
213	  E	  0.2	  0.7	0.111	0.000	0.000
214	  N	  0.3	  0.6	0.411	0.000	0.000
215	  T	  0.4	  0.3	0.411	0.000	0.000
216	  E	  0.4	  0.0	0.411	0.000	0.000
217	  A	  0.5	  0.0	0.411	0.000	0.000
218	  W	  0.4	  0.0	0.411	0.000	0.000
219	  Y	  0.4	  0.0	0.411	0.000	0.000
220	  P	  0.0	  2.4	0.000	0.000	0.000
221	  P	  0.0	  2.5	0.000	0.000	0.000
222	  G	  0.0	  2.7	0.000	0.000	0.000
223	  H	  0.0	  3.4	0.000	0.000	0.000
224	  G	  0.0	  1.0	0.000	0.000	0.000
225	  D	  1.3	  0.8	0.138	0.000	0.000
226	  I	  2.0	  0.6	0.138	4.780	4.780
227	  Y	  2.8	  0.2	0.138	5.109	5.109
228	  A	  2.2	  0.2	0.138	5.109	5.109
229	  S	  2.6	  0.2	0.138	5.109	5.109
230	  F	  3.8	  0.2	0.138	5.109	5.109
231	  Y	  4.6	  0.2	0.000	4.065	4.065
232	  N	  3.4	  0.3	0.000	0.140	0.140
233	  S	  1.4	  0.3	0.000	0.000	0.000
234	  G	  0.0	  0.3	0.000	0.000	0.000
235	  L	  0.4	  0.3	0.000	0.000	0.000
236	  L	  0.6	  0.3	0.000	0.000	0.000
237	  D	  2.4	  0.2	0.000	0.000	0.000
238	  T	  4.4	  0.2	0.000	0.000	0.000
239	  F	  4.7	  0.2	0.000	0.000	0.000
240	  I	  2.9	  0.5	0.000	0.000	0.000
241	  G	  0.5	  1.4	0.000	0.000	0.000
242	  E	  0.1	  1.5	0.000	0.000	0.000
243	  G	  0.0	  1.5	0.000	0.000	0.000
244	  K	  0.2	  1.1	0.000	0.132	0.132
245	  E	  0.2	  0.2	0.000	0.132	0.132
246	  Y	  0.9	  0.1	0.000	57.228	57.228
247	  I	  2.3	  0.0	0.000	57.523	57.523
248	  F	  3.9	  0.0	0.000	57.597	57.597
249	  V	  3.5	  0.1	0.000	57.597	57.597
250	  S	  2.0	  0.1	0.000	57.465	57.465
251	  N	  1.7	  0.7	0.000	8.641	8.641
252	  I	  1.6	  0.8	0.000	7.947	7.947
253	  D	  1.5	  0.8	0.000	0.000	0.000
254	  N	  0.1	  1.0	0.000	0.000	0.000
255	  L	  0.0	  0.7	0.000	0.000	0.000
256	  G	  0.1	  0.6	0.000	0.000	0.000
257	  A	  0.7	  0.5	0.000	0.000	0.000
258	  T	  5.4	  0.3	0.160	0.000	0.000
259	  V	  7.7	  0.0	0.160	0.000	0.000
260	  D	  7.3	  0.0	2.539	0.000	0.000
261	  L	  3.3	  0.0	2.539	0.980	0.980
262	  Y	  1.9	  0.0	2.539	0.980	0.980
263	  I	  2.2	  0.0	2.539	0.980	0.980
264	  L	  1.9	  0.1	2.539	0.980	0.980
265	  N	  1.0	  0.1	2.539	0.980	0.980
266	  H	  1.0	  0.1	2.281	0.000	0.000
267	  L	  1.4	  0.0	0.956	0.000	0.000
268	  M	  1.4	  0.0	0.752	0.000	0.000
269	  N	  0.8	  0.0	0.417	0.000	0.000
270	  P	  0.0	  3.0	0.000	0.000	0.000
271	  P	  0.0	  4.7	0.000	0.000	0.000
272	  N	  0.0	  4.8	0.000	0.000	0.000
273	  G	  0.0	  4.9	0.000	0.000	0.000
274	  K	  0.5	  2.0	0.000	0.000	0.000
275	  R	  2.1	  0.2	0.000	0.000	0.000
276	  C	  3.5	  0.1	0.000	0.000	0.000
277	  E	  3.1	  0.0	0.000	0.000	0.000
278	  F	  3.2	  0.0	0.000	0.000	0.000
279	  V	  3.3	  0.0	0.000	0.000	0.000
280	  M	  5.3	  0.0	0.000	0.000	0.000
281	  E	  8.8	  0.0	0.000	0.000	0.000
282	  V	  9.1	  0.0	0.000	0.000	0.000
283	  T	  7.3	  0.0	0.000	0.000	0.000
284	  N	  2.1	  0.2	0.000	0.000	0.000
285	  K	  0.6	  0.2	0.000	0.000	0.000
286	  T	  0.6	  0.2	0.459	0.000	0.000
287	  R	  0.8	  0.7	0.459	0.000	0.000
288	  A	  0.6	  0.6	0.459	0.000	0.000
289	  D	  1.7	  0.6	0.459	0.000	0.000
290	  V	  2.1	  0.7	0.459	0.000	0.000
291	  K	  2.0	  0.8	0.459	0.000	0.000
292	  G	  0.6	  0.9	0.000	0.000	0.000
293	  G	  0.0	  1.0	0.000	0.000	0.000
294	  T	  2.7	  0.8	0.000	0.000	0.000
295	  L	  3.0	  0.2	0.000	0.000	0.000
296	  T	  5.4	  0.0	0.175	0.000	0.000
297	  Q	  9.4	  0.0	0.175	0.000	0.000
298	  Y	  9.4	  0.6	0.175	0.000	0.000
299	  E	  7.2	  0.7	0.175	0.000	0.000
300	  G	  0.4	  0.8	0.748	0.000	0.000
301	  K	  0.7	  0.8	0.748	0.000	0.000
302	  L	  2.1	  0.2	0.574	0.000	0.000
303	  R	  2.7	  0.1	0.688	0.000	0.000
304	  L	  2.2	  0.0	0.688	0.000	0.000
305	  V	  8.3	  0.0	0.688	0.000	0.000
306	  E	  8.5	  0.0	0.688	0.000	0.000
307	  I	  9.2	  0.0	0.480	0.000	0.000
308	  A	  2.0	  0.0	0.480	0.000	0.000
309	  Q	  1.2	  0.0	0.341	0.000	0.000
310	  V	  0.3	  0.0	0.000	0.000	0.000
311	  P	  0.1	  0.0	0.000	0.000	0.000
312	  K	  0.2	  0.0	0.000	0.000	0.000
313	  A	  0.5	  0.0	0.000	0.000	0.000
314	  H	  1.9	  0.0	0.000	0.000	0.000
315	  V	  1.9	  0.0	0.000	0.000	0.000
316	  D	  1.6	  0.0	0.000	0.000	0.000
317	  E	  3.1	  0.0	0.000	0.000	0.000
318	  F	  3.8	  0.3	0.000	0.000	0.000
319	  K	  4.2	  0.2	0.000	0.000	0.000
320	  S	 11.6	  0.4	0.000	0.000	0.000
321	  V	 11.5	  0.4	0.000	0.000	0.000
322	  S	 11.3	  0.2	0.287	0.000	0.000
323	  K	  2.1	  0.2	0.287	0.000	0.000
324	  F	  3.0	  0.1	0.287	0.000	0.000
325	  K	  3.2	  0.0	0.287	0.000	0.000
326	  I	  2.6	  0.0	0.287	0.000	0.000
327	  F	  1.7	  0.0	0.287	0.000	0.000
328	  N	  1.4	  0.8	0.180	0.000	0.000
329	  T	  1.2	  0.8	0.000	0.000	0.000
330	  N	  0.3	  0.8	0.000	0.000	0.000
331	  N	  0.5	  0.8	0.209	0.827	0.827
332	  L	  0.9	  0.1	0.209	23.918	23.918
333	  W	  1.4	  0.0	0.457	26.838	26.838
334	  I	  4.5	  0.0	0.574	27.196	27.196
335	  S	  4.2	  0.0	7.328	27.196	27.196
336	  L	  3.7	  0.0	7.328	27.196	27.196
337	  A	  0.3	  0.0	7.439	19.773	19.773
338	  A	  0.9	  0.0	7.439	12.392	12.392
339	  V	  2.6	  0.0	7.439	10.181	10.181
340	  K	  2.6	  0.0	7.439	0.000	0.000
341	  R	  2.4	  0.0	4.105	0.000	0.000
342	  L	  0.6	  0.1	3.349	0.000	0.000
343	  Q	  0.5	  0.1	2.753	0.000	0.000
344	  E	  0.2	  0.2	2.001	0.000	0.000
345	  Q	  0.2	  0.2	1.382	0.000	0.000
346	  N	  0.3	  0.2	0.598	0.000	0.000
347	  A	  0.4	  0.1	0.339	0.000	0.000
348	  I	  3.1	  0.0	0.450	0.000	0.000
349	  D	  3.3	  0.0	5.772	0.000	0.000
350	  M	  4.5	  0.0	5.772	0.000	0.000
351	  E	  1.9	  0.0	5.772	0.000	0.000
352	  I	  8.7	  0.0	5.772	6.858	6.858
353	  I	  8.2	  0.0	5.772	6.858	6.858
354	  V	  8.8	  0.0	5.772	6.858	6.858
355	  N	  1.9	  0.0	7.790	6.858	6.858
356	  A	  0.9	  0.1	5.787	6.858	6.858
357	  K	  0.3	  0.1	5.254	0.000	0.000
358	  T	  1.7	  0.4	2.018	0.000	0.000
359	  L	  1.7	  0.6	2.018	0.000	0.000
360	  D	  1.5	  0.8	2.018	0.000	0.000
361	  G	  0.1	  0.8	0.802	0.000	0.000
362	  G	  0.1	  0.5	0.331	0.000	0.000
363	  L	  3.2	  0.4	0.000	0.133	0.133
364	  N	  6.5	  0.1	0.201	0.133	0.133
365	  V	  8.5	  0.0	0.201	0.133	0.133
366	  I	  6.9	  0.0	0.201	0.133	0.133
367	  Q	  4.9	  0.0	0.201	0.133	0.133
368	  L	  2.9	  0.1	0.201	0.133	0.133
369	  E	  1.5	  0.1	0.201	0.000	0.000
370	  T	  1.0	  0.1	0.565	0.703	0.703
371	  A	  1.1	  0.1	0.565	1.886	1.886
372	  V	  1.1	  0.1	0.565	2.075	2.075
373	  G	  0.3	  0.1	1.048	2.075	2.075
374	  A	  0.3	  0.1	1.048	2.075	2.075
375	  A	  0.7	  0.1	1.048	2.075	2.075
376	  I	  1.9	  0.1	1.048	2.075	2.075
377	  K	  2.2	  0.1	1.048	0.000	0.000
378	  S	  8.7	  0.1	0.848	0.000	0.000
379	  F	  8.2	  0.4	0.456	0.000	0.000
380	  E	  7.9	  0.3	0.000	0.000	0.000
381	  N	  1.0	  0.5	0.000	0.000	0.000
382	  S	  0.2	  0.5	0.000	0.000	0.000
383	  L	  0.3	  0.3	0.000	0.000	0.000
384	  G	  0.5	  0.3	0.000	0.000	0.000
385	  I	 15.6	  0.1	0.000	0.000	0.000
386	  N	 15.7	  0.1	0.000	0.000	0.000
387	  V	 15.4	  0.0	0.000	0.000	0.000
388	  P	  0.2	  0.1	0.000	0.000	0.000
389	  R	  0.3	  0.1	0.000	0.000	0.000
390	  S	  0.4	  0.1	0.000	0.000	0.000
391	  R	  1.7	  0.1	0.000	0.000	0.000
392	  F	  1.6	  0.0	0.000	0.000	0.000
393	  L	  1.5	  0.0	0.000	0.000	0.000
394	  P	  0.2	  0.0	0.000	0.000	0.000
395	  V	  1.6	  0.0	0.000	0.000	0.000
396	  K	  2.5	  0.0	0.000	0.000	0.000
397	  T	  5.4	  0.1	0.571	0.000	0.000
398	  T	  4.0	  0.4	0.571	0.000	0.000
399	  S	  3.0	  0.4	0.762	0.000	0.000
400	  D	  0.1	  0.4	1.447	0.000	0.000
401	  L	  0.9	  0.3	1.447	38.972	38.972
402	  L	  1.8	  0.0	1.447	40.598	40.598
403	  L	  3.9	  0.0	1.447	41.006	41.006
404	  V	  6.4	  0.0	1.286	41.006	41.006
405	  M	  5.6	  0.2	1.286	41.006	41.006
406	  S	  3.4	  0.2	0.326	11.384	11.384
407	  N	  0.6	  0.2	0.000	7.036	7.036
408	  L	  1.1	  0.2	0.000	6.895	6.895
409	  Y	  4.4	  0.1	0.000	5.983	5.983
410	  S	  6.8	  0.7	0.000	2.596	2.596
411	  L	  6.5	  0.7	0.000	2.269	2.269
412	  N	  3.4	  1.7	0.319	0.000	0.000
413	  A	  0.3	  2.0	0.319	0.000	0.000
414	  G	  0.0	  1.3	0.458	0.000	0.000
415	  S	  1.6	  1.3	0.458	0.000	0.000
416	  L	  4.0	  0.4	0.458	0.000	0.000
417	  T	 10.1	  0.0	1.866	0.000	0.000
418	  M	  8.6	  0.1	1.866	0.000	0.000
419	  S	  6.3	  0.1	1.861	0.000	0.000
420	  E	  0.2	  0.2	1.615	0.000	0.000
421	  K	  0.5	  0.2	1.615	0.000	0.000
422	  R	  0.7	  0.2	1.615	0.000	0.000
423	  E	  0.7	  0.1	0.969	0.000	0.000
424	  F	  0.4	  0.6	0.632	0.000	0.000
425	  P	  0.1	  0.5	0.000	0.000	0.000
426	  T	  0.7	  0.5	0.000	0.000	0.000
427	  V	  0.7	  0.5	0.000	0.000	0.000
428	  P	  0.7	  0.0	0.117	0.000	0.000
429	  L	  0.6	  0.0	0.117	0.000	0.000
430	  V	  7.9	  0.1	0.117	0.000	0.000
431	  K	  8.0	  0.1	0.117	0.000	0.000
432	  L	  7.5	  0.5	0.117	0.000	0.000
433	  G	  0.2	  0.6	0.117	0.000	0.000
434	  S	  0.3	  0.6	0.194	0.000	0.000
435	  S	  7.8	  0.6	0.194	0.000	0.000
436	  F	 11.8	  0.2	0.194	0.000	0.000
437	  T	 13.2	  0.0	0.300	0.000	0.000
438	  K	  7.1	  0.0	0.300	0.000	0.000
439	  V	  4.1	  0.2	0.300	0.000	0.000
440	  Q	  2.8	  0.2	0.616	0.000	0.000
441	  D	  1.5	  0.2	1.502	0.000	0.000
442	  Y	  1.5	  0.2	1.502	0.000	0.000
443	  L	  1.2	  0.1	1.502	0.000	0.000
444	  R	  2.1	  0.1	1.502	0.000	0.000
445	  R	  2.5	  0.1	1.502	0.000	0.000
446	  F	  3.6	  0.3	1.502	0.000	0.000
447	  E	  2.7	  0.3	0.800	0.000	0.000
448	  S	  1.5	  0.3	0.000	0.000	0.000
449	  I	  0.2	  0.7	0.000	0.000	0.000
450	  P	  0.1	  0.4	0.000	0.000	0.000
451	  D	  0.0	  0.4	0.000	0.000	0.000
452	  M	  0.1	  0.4	0.000	0.000	0.000
453	  L	  0.8	  0.0	0.000	0.000	0.000
454	  E	  1.5	  0.1	0.000	0.000	0.000
455	  L	  1.7	  0.1	0.000	0.000	0.000
456	  D	  1.0	  0.2	0.254	0.000	0.000
457	  H	  0.8	  0.1	0.254	0.000	0.000
458	  L	  3.9	  0.0	0.254	0.000	0.000
459	  T	 21.2	  0.0	0.254	0.000	0.000
460	  V	 21.2	  0.1	0.254	0.000	0.000
461	  S	 18.1	  0.5	0.254	0.000	0.000
462	  G	  0.7	  0.5	0.000	0.000	0.000
463	  D	  1.0	  0.5	0.000	0.000	0.000
464	  V	  9.9	  0.5	0.000	0.000	0.000
465	  T	 10.8	  0.2	0.000	0.000	0.000
466	  F	 10.1	  0.7	0.000	0.000	0.000
467	  G	  1.1	  0.9	0.000	0.000	0.000
468	  K	  0.4	  0.9	0.000	0.000	0.000
469	  N	  1.8	  0.7	0.000	0.000	0.000
470	  V	  6.6	  0.3	0.000	0.000	0.000
471	  S	  6.8	  0.0	0.000	0.000	0.000
472	  L	  5.4	  0.2	0.000	0.000	0.000
473	  K	  0.7	  0.2	0.000	0.000	0.000
474	  G	  0.1	  0.2	0.000	2.695	2.695
475	  T	  3.3	  0.2	0.000	31.278	31.278
476	  V	 10.3	  0.0	0.000	92.600	92.600
477	  I	 15.3	  0.0	0.000	92.795	92.795
478	  I	 14.9	  0.0	0.000	92.795	92.795
479	  I	  8.2	  0.1	0.000	92.670	92.670
480	  A	  3.0	  0.2	0.000	76.092	76.092
481	  N	  0.2	  0.5	0.000	3.068	3.068
482	  H	  0.1	  1.6	0.000	0.028	0.028
483	  G	  0.0	  1.5	0.000	0.000	0.000
484	  D	  0.1	  1.5	0.000	0.000	0.000
485	  R	 12.8	  1.2	0.000	0.000	0.000
486	  I	 20.7	  0.0	0.000	0.000	0.000
487	  D	 20.6	  0.0	0.000	0.000	0.000
488	  I	  9.3	  0.0	0.000	0.000	0.000
489	  P	  0.0	  1.4	0.128	0.000	0.000
490	  P	  0.0	  1.4	0.128	0.000	0.000
491	  G	  0.0	  1.4	0.460	0.000	0.000
492	  A	  0.9	  1.4	0.460	0.000	0.000
493	  V	  2.3	  0.0	0.460	0.000	0.000
494	  L	  2.4	  0.2	0.460	0.000	0.000
495	  E	  1.6	  0.2	0.460	0.000	0.000
496	  N	  0.3	  0.2	0.460	0.000	0.000
497	  K	  1.8	  0.2	0.120	0.000	0.000
498	  I	  4.8	  0.0	0.000	0.000	0.000
499	  V	  5.3	  0.1	0.000	0.000	0.000
500	  S	  3.8	  1.9	0.000	0.000	0.000
501	  G	  0.7	  1.9	0.000	0.000	0.000
502	  N	  0.7	  1.9	0.000	0.000	0.000
503	  L	  4.9	  1.8	0.000	0.000	0.000
504	  R	  7.8	  0.0	0.000	0.000	0.000
505	  I	  7.7	  0.1	0.000	0.000	0.000
506	  L	  4.0	  0.1	0.000	0.000	0.000
507	  D	  1.0	  0.1	0.000	0.000	0.000
508	  H	  0.5	  0.1	0.000	0.000	0.000
