res	aa	Beta	Turn	Helix	Aggregation	Conc-Stab_Aggregation
01	  M	  0.4	  0.1	0.000	0.000	0.000
02	  A	  0.5	  0.1	0.000	0.000	0.000
03	  C	  0.6	  0.1	0.000	0.000	0.000
04	  G	  0.2	  0.1	0.000	0.000	0.000
05	  L	  1.1	  0.0	0.000	0.000	0.000
06	  V	  3.3	  0.0	0.000	0.000	0.000
07	  A	  3.3	  0.2	0.000	0.000	0.000
08	  S	  2.4	  0.3	0.164	0.000	0.000
09	  N	  0.3	  0.7	0.164	0.000	0.000
10	  L	  1.9	  0.7	0.164	0.000	0.000
11	  N	  2.5	  0.5	0.164	0.000	0.000
12	  L	  2.3	  0.4	0.164	0.000	0.000
13	  K	  0.8	  1.2	0.164	0.000	0.000
14	  P	  0.1	  1.2	0.000	0.000	0.000
15	  G	  0.0	  1.3	0.170	0.000	0.000
16	  E	  0.1	  1.3	0.170	0.000	0.000
17	  C	  1.8	  0.1	0.314	0.000	0.000
18	  L	  4.0	  0.1	0.314	0.000	0.000
19	  R	  5.5	  0.0	0.314	0.000	0.000
20	  V	  4.6	  0.1	0.314	0.000	0.000
21	  R	  2.4	  0.1	0.314	0.000	0.000
22	  G	  0.8	  0.1	0.144	0.000	0.000
23	  E	  4.0	  0.1	0.144	0.000	0.000
24	  V	  4.4	  0.0	0.000	0.000	0.000
25	  A	  4.4	  1.0	0.000	0.000	0.000
26	  P	  0.5	  1.0	0.000	0.000	0.000
27	  D	  0.0	  1.2	0.000	0.000	0.000
28	  A	  0.1	  1.3	0.000	0.000	0.000
29	  K	  0.6	  0.3	0.000	0.000	0.000
30	  S	  1.5	  0.3	0.000	0.166	0.166
31	  F	  3.0	  0.1	0.000	2.386	2.386
32	  V	  6.1	  0.0	0.000	2.583	2.583
33	  L	  6.6	  0.1	0.000	2.583	2.583
34	  N	  5.0	  0.4	0.000	2.583	2.583
35	  L	  1.6	  0.5	0.000	2.583	2.583
36	  G	  0.0	  0.8	0.000	1.070	1.070
37	  K	  0.1	  0.9	0.000	0.000	0.000
38	  D	  0.1	  4.1	0.000	0.000	0.000
39	  S	  0.1	  4.4	0.000	0.000	0.000
40	  N	  0.0	  4.1	0.000	0.000	0.000
41	  N	  0.2	  4.0	0.124	0.000	0.000
42	  L	  1.4	  0.4	0.124	0.958	0.958
43	  C	  2.6	  0.0	0.124	0.958	0.958
44	  L	  3.9	  0.0	0.124	0.958	0.958
45	  H	  7.4	  0.0	0.124	0.958	0.958
46	  F	  6.4	  0.0	0.124	0.958	0.958
47	  N	  4.9	  0.2	0.000	0.000	0.000
48	  P	  0.2	  0.2	0.000	0.000	0.000
49	  R	  4.4	  0.2	0.000	0.000	0.000
50	  F	  5.7	  0.2	0.000	0.000	0.000
51	  N	  5.7	  0.6	0.000	0.000	0.000
52	  A	  1.4	  0.7	0.000	0.000	0.000
53	  H	  0.1	  1.7	0.000	0.000	0.000
54	  G	  0.1	  1.8	0.000	0.000	0.000
55	  D	  0.0	  3.8	0.000	0.000	0.000
56	  A	  0.0	  3.7	0.000	0.000	0.000
57	  N	  1.3	  2.7	0.000	0.000	0.000
58	  T	  6.2	  2.7	0.000	0.000	0.000
59	  I	  8.6	  0.0	0.000	0.000	0.000
60	  V	  8.1	  0.0	0.000	0.000	0.000
61	  C	  3.7	  0.1	0.000	0.000	0.000
62	  N	  1.4	  0.2	0.000	0.000	0.000
63	  S	  1.2	  5.6	0.000	0.000	0.000
64	  K	  0.7	  5.7	0.000	0.000	0.000
65	  D	  0.5	  6.4	0.000	0.000	0.000
66	  G	  0.0	  6.3	0.000	0.000	0.000
67	  G	  0.0	  1.1	0.000	0.000	0.000
68	  A	  0.1	  0.9	0.000	0.000	0.000
69	  W	  0.1	  0.3	0.000	0.000	0.000
70	  G	  0.1	  0.3	0.220	0.000	0.000
71	  T	  0.2	  0.2	0.668	0.000	0.000
72	  E	  0.2	  0.2	0.881	0.000	0.000
73	  Q	  0.4	  0.2	1.031	0.000	0.000
74	  R	  0.3	  0.2	1.031	0.000	0.000
75	  E	  0.3	  0.1	1.031	0.000	0.000
76	  A	  1.1	  0.1	1.031	0.000	0.000
77	  V	  1.4	  0.0	1.031	0.000	0.000
78	  F	  1.4	  0.0	1.031	0.000	0.000
79	  P	  0.4	  0.0	0.000	0.000	0.000
80	  F	  0.5	  0.0	0.000	0.000	0.000
81	  Q	  0.5	  1.5	0.000	0.000	0.000
82	  P	  0.5	  1.6	0.000	0.000	0.000
83	  G	  0.0	  1.6	0.000	0.000	0.000
84	  S	  0.6	  1.6	0.110	0.000	0.000
85	  V	  1.4	  0.1	0.110	0.000	0.000
86	  A	  1.6	  0.0	0.110	0.000	0.000
87	  E	  1.7	  0.0	0.110	0.000	0.000
88	  V	  2.5	  0.0	0.110	1.521	1.521
89	  C	  3.4	  0.0	0.110	1.521	1.521
90	  I	 17.8	  0.0	0.000	1.521	1.521
91	  T	 22.6	  0.0	0.091	1.521	1.521
92	  F	 22.4	  0.0	0.091	1.521	1.521
93	  D	  7.9	  0.1	0.263	0.000	0.000
94	  Q	  1.0	  0.2	0.263	0.000	0.000
95	  A	  0.1	  0.2	0.263	0.209	0.209
96	  N	  0.3	  0.2	0.263	0.209	0.209
97	  L	  3.2	  0.1	0.171	0.209	0.209
98	  T	 18.4	  0.0	0.171	0.209	0.209
99	  V	 29.6	  0.0	0.171	0.209	0.209
100	  K	 26.9	  0.0	0.171	0.000	0.000
101	  L	 13.3	  1.6	0.000	0.000	0.000
102	  P	  0.1	  1.8	0.000	0.000	0.000
103	  D	  0.0	  1.8	0.102	0.000	0.000
104	  G	  0.1	  1.8	3.101	0.000	0.000
105	  Y	  4.4	  0.2	3.101	0.000	0.000
106	  E	  7.3	  0.0	3.101	0.000	0.000
107	  F	  9.4	  0.0	3.101	0.000	0.000
108	  K	  5.6	  0.0	3.101	0.000	0.000
109	  F	  2.3	  0.7	3.101	0.000	0.000
110	  P	  0.1	  0.8	0.000	0.000	0.000
111	  N	  0.0	  0.8	0.125	0.000	0.000
112	  R	  2.6	  0.8	0.125	0.000	0.000
113	  L	  4.2	  0.1	0.125	0.000	0.000
114	  N	  4.6	  0.1	1.110	0.000	0.000
115	  L	  2.2	  0.0	1.110	0.000	0.000
116	  E	  0.6	  0.0	1.110	0.000	0.000
117	  A	  0.5	  0.1	0.984	0.000	0.000
118	  I	  4.9	  0.1	0.984	0.000	0.000
119	  N	  5.0	  0.0	1.133	0.000	0.000
120	  Y	  5.4	  0.0	0.799	0.000	0.000
121	  M	  0.9	  0.0	0.339	0.000	0.000
122	  A	  0.8	  1.0	0.149	0.000	0.000
123	  A	  0.1	  1.3	0.149	0.000	0.000
124	  D	  0.0	  1.8	0.149	0.000	0.000
125	  G	  0.0	  1.8	0.353	0.000	0.000
126	  D	  0.4	  0.8	1.058	0.000	0.000
127	  F	  2.3	  0.6	1.058	0.000	0.000
128	  K	  4.7	  0.0	1.058	0.000	0.000
129	  I	  7.9	  0.0	1.058	0.000	0.000
130	  K	  6.8	  0.0	1.058	0.000	0.000
131	  C	 10.0	  0.0	0.925	0.000	0.000
132	  V	  8.1	  0.0	0.770	0.000	0.000
133	  A	  7.4	  0.0	0.770	0.000	0.000
134	  F	  1.9	  0.0	0.632	0.000	0.000
135	  D	  0.1	  0.0	0.000	0.000	0.000
