res	aa	Beta	Turn	Helix	Aggregation	Conc-Stab_Aggregation
01	  M	  0.0	  0.3	0.000	0.000	0.000
02	  G	  0.0	  0.3	0.000	0.000	0.000
03	  E	  2.5	  0.3	0.000	0.000	0.000
04	  F	  2.9	  0.3	0.000	0.000	0.000
05	  N	  2.9	  0.2	0.000	0.000	0.000
06	  E	  0.8	  0.2	0.000	0.000	0.000
07	  K	  0.7	  0.2	0.000	0.000	0.000
08	  K	  1.6	  0.2	0.000	0.000	0.000
09	  T	  3.4	  0.1	0.000	0.000	0.000
10	  T	  3.6	  0.1	0.000	0.000	0.000
11	  C	  2.7	  0.1	0.000	0.000	0.000
12	  G	  0.5	  0.1	0.232	0.000	0.000
13	  T	  3.0	  0.0	0.632	0.004	0.004
14	  V	  4.8	  0.0	0.632	0.011	0.011
15	  C	  7.0	  0.0	2.199	0.011	0.011
16	  L	  4.9	  0.0	2.199	0.012	0.012
17	  K	  3.3	  0.0	2.199	0.012	0.012
18	  Y	  1.6	  0.0	2.081	1.757	1.757
19	  L	  1.2	  0.0	1.651	2.231	2.231
20	  L	  1.2	  0.0	1.651	2.914	2.914
21	  F	 11.4	  0.0	1.525	3.049	3.049
22	  T	 18.6	  0.0	0.625	3.067	3.067
23	  Y	 24.6	  0.0	0.625	2.880	2.880
24	  N	 16.0	  0.0	0.266	2.474	2.474
25	  C	 13.1	  0.0	0.000	11.306	11.306
26	  C	  7.4	  0.0	0.000	64.323	64.323
27	  F	  5.9	  0.0	0.000	94.901	94.901
28	  W	  1.7	  0.0	0.112	97.237	97.237
29	  L	  1.0	  0.1	0.112	97.752	97.752
30	  A	  0.4	  0.2	0.112	97.730	97.730
31	  G	  0.1	  0.2	0.572	97.737	97.737
32	  L	  0.5	  0.2	0.572	99.041	99.041
33	  A	  1.4	  0.0	0.572	99.227	99.227
34	  V	  2.6	  0.0	0.572	99.463	99.463
35	  M	  2.7	  0.0	0.572	98.934	98.934
36	  A	  1.9	  0.0	0.460	98.325	98.325
37	  V	  1.0	  0.0	0.460	98.112	98.112
38	  G	  0.5	  0.0	4.038	96.351	96.351
39	  I	  1.5	  0.0	3.577	96.254	96.254
40	  W	  3.8	  0.0	3.901	95.111	95.111
41	  T	  4.2	  0.0	4.588	82.151	82.151
42	  L	  3.5	  0.0	4.588	74.580	74.580
43	  A	  1.0	  0.0	4.588	33.453	33.453
44	  L	  0.9	  0.1	4.238	19.275	19.275
45	  K	  0.6	  0.6	3.636	0.058	0.058
46	  S	  0.4	  0.6	1.556	0.058	0.058
47	  D	  0.5	  0.6	0.496	0.058	0.058
48	  Y	  1.5	  0.5	0.189	0.111	0.111
49	  I	  5.2	  0.1	0.189	0.132	0.132
50	  S	  5.0	  0.1	0.189	0.104	0.104
51	  L	  4.2	  0.1	0.189	0.180	0.180
52	  L	  0.6	  0.4	0.189	0.190	0.190
53	  A	  0.4	  0.5	0.189	0.152	0.152
54	  S	  0.3	  1.1	0.189	0.145	0.145
55	  G	  0.2	  1.1	0.000	0.342	0.342
56	  T	  3.6	  0.7	0.000	14.054	14.054
57	  Y	  4.2	  0.5	0.000	48.618	48.618
58	  L	  4.2	  0.0	0.000	58.939	58.939
59	  A	  0.9	  0.0	0.000	61.477	61.477
60	  T	  1.0	  0.0	0.000	68.433	68.433
61	  A	  1.3	  0.0	0.000	80.672	80.672
62	  Y	  2.1	  0.0	0.000	95.280	95.280
63	  I	  4.6	  0.0	0.000	99.515	99.515
64	  L	  6.1	  0.0	0.000	99.901	99.901
65	  V	  9.3	  0.0	0.000	99.969	99.969
66	  V	  6.6	  0.0	0.000	99.921	99.921
67	  A	  4.7	  0.0	0.000	99.324	99.324
68	  G	  0.6	  0.0	0.000	98.829	98.829
69	  T	  5.1	  0.0	0.000	98.791	98.791
70	  V	 13.1	  0.0	0.000	98.776	98.776
71	  V	 19.7	  0.0	0.000	98.490	98.490
72	  M	 15.3	  0.0	0.000	95.126	95.126
73	  V	  8.2	  0.0	0.000	91.297	91.297
74	  T	  1.1	  0.0	0.000	47.258	47.258
75	  G	  0.6	  0.0	0.000	27.907	27.907
76	  V	  0.4	  0.0	0.000	27.202	27.202
77	  L	  0.5	  0.1	0.000	22.444	22.444
78	  G	  0.5	  0.1	0.248	1.606	1.606
79	  C	  8.8	  0.1	0.678	0.193	0.193
80	  C	  8.7	  0.1	1.470	0.011	0.011
81	  A	  8.8	  0.0	1.624	0.002	0.002
82	  T	  2.8	  0.0	6.378	0.001	0.001
83	  F	  2.8	  0.0	8.685	0.001	0.001
84	  K	  2.7	  0.0	9.728	0.000	0.000
85	  E	  0.2	  0.0	23.591	0.000	0.000
86	  R	  0.1	  0.0	24.877	0.000	0.000
87	  R	  0.1	  0.0	27.513	0.000	0.000
88	  N	  0.1	  0.0	60.739	0.024	0.024
89	  L	  0.0	  0.0	65.852	18.592	18.592
90	  L	  0.1	  0.0	70.331	35.100	35.100
91	  R	  0.1	  0.0	80.264	38.241	38.241
92	  L	  0.2	  0.0	81.923	90.075	90.075
93	  Y	  0.1	  0.0	84.777	99.566	99.566
94	  F	  0.1	  0.0	87.975	99.964	99.964
95	  I	  0.3	  0.0	91.471	99.996	99.996
96	  L	  0.3	  0.0	92.667	99.999	99.999
97	  L	  0.3	  0.0	92.895	100.000	100.000
98	  L	  0.2	  0.0	93.053	100.000	100.000
99	  I	  0.2	  0.0	93.061	100.000	100.000
100	  I	  0.3	  0.0	93.061	99.998	99.998
101	  F	  0.2	  0.0	93.203	99.976	99.976
102	  L	  0.1	  0.0	91.958	99.713	99.713
103	  L	  0.1	  0.0	91.285	90.200	90.200
104	  E	  0.1	  0.0	89.826	38.241	38.241
105	  I	  0.3	  0.0	87.233	38.014	38.014
106	  I	  0.3	  0.0	87.181	35.529	35.529
107	  A	  0.2	  0.0	86.906	8.608	8.608
108	  G	  0.1	  0.0	74.684	0.118	0.118
109	  I	  0.1	  0.0	44.708	0.000	0.000
110	  L	  0.1	  0.0	43.636	0.000	0.000
111	  A	  0.1	  0.0	38.771	0.023	0.023
112	  Y	  0.1	  0.0	37.934	0.022	0.022
113	  A	  0.1	  0.0	19.983	0.022	0.022
114	  Y	  0.4	  0.0	17.782	0.022	0.022
115	  Y	  0.7	  0.0	12.971	0.022	0.022
116	  Q	  0.7	  0.0	10.028	0.000	0.000
117	  Q	  0.7	  0.0	7.141	0.000	0.000
118	  L	  0.4	  0.0	3.138	0.000	0.000
119	  N	  0.4	  0.0	3.386	0.000	0.000
120	  T	  0.3	  0.1	2.297	0.000	0.000
121	  E	  1.0	  0.0	2.250	0.000	0.000
122	  L	  1.0	  0.1	2.085	0.000	0.000
123	  K	  1.0	  0.3	1.933	0.000	0.000
124	  E	  0.1	  0.3	1.755	0.000	0.000
125	  N	  0.3	  0.3	1.673	0.000	0.000
126	  L	  0.4	  0.4	0.903	0.000	0.000
127	  K	  0.7	  0.2	0.726	0.000	0.000
128	  D	  0.4	  0.2	0.309	0.000	0.000
129	  T	  3.5	  0.2	1.934	0.000	0.000
130	  M	  3.8	  0.0	1.934	0.000	0.000
131	  T	  5.0	  0.1	1.934	0.000	0.000
132	  K	  2.0	  0.1	1.934	0.000	0.000
133	  R	  2.4	  0.1	1.934	0.000	0.000
134	  Y	  3.7	  0.1	1.690	0.000	0.000
135	  H	  3.6	  0.0	0.925	0.000	0.000
136	  Q	  2.7	  1.4	0.372	0.000	0.000
137	  P	  0.1	  1.5	0.000	0.000	0.000
138	  G	  0.0	  1.5	0.000	0.000	0.000
139	  H	  0.2	  1.6	0.000	0.000	0.000
140	  E	  0.2	  0.1	0.000	0.000	0.000
141	  A	  0.7	  0.1	0.000	0.000	0.000
142	  V	  3.4	  0.1	0.000	0.000	0.000
143	  T	  3.7	  0.0	0.000	0.000	0.000
144	  S	  3.6	  0.0	0.127	0.000	0.000
145	  A	  1.0	  0.0	0.127	0.000	0.000
146	  V	  1.7	  0.0	0.127	0.000	0.000
147	  D	  1.5	  0.1	0.127	0.000	0.000
148	  Q	  2.3	  0.1	0.127	0.000	0.000
149	  L	  1.2	  0.1	0.127	0.000	0.000
150	  Q	  1.5	  0.1	0.127	0.000	0.000
151	  Q	  0.7	  0.1	0.000	0.000	0.000
152	  E	  4.0	  0.1	0.000	0.000	0.000
153	  F	  8.6	  0.0	0.000	0.000	0.000
154	  H	 11.9	  0.0	0.000	0.000	0.000
155	  C	 11.7	  0.0	0.000	0.000	0.000
156	  C	  7.2	  0.5	0.000	0.000	0.000
157	  G	  3.3	  0.9	0.000	0.000	0.000
158	  S	  0.2	  1.2	0.000	0.000	0.000
159	  N	  0.0	  1.5	0.000	0.000	0.000
160	  N	  0.2	  1.2	0.000	0.000	0.000
161	  S	  0.8	  2.2	0.120	0.000	0.000
162	  Q	  1.2	  1.8	0.120	0.000	0.000
163	  D	  1.9	  1.6	0.120	0.000	0.000
164	  W	  1.6	  1.6	0.120	0.000	0.000
165	  R	  1.3	  0.2	0.120	0.000	0.000
166	  D	  0.5	  0.2	0.120	0.000	0.000
167	  S	  0.1	  0.2	2.781	0.000	0.000
168	  E	  0.1	  0.1	2.781	0.000	0.000
169	  W	  0.9	  0.0	2.781	0.000	0.000
170	  I	  2.4	  0.0	2.781	0.000	0.000
171	  R	  2.7	  0.1	2.781	0.000	0.000
172	  S	  2.2	  0.2	2.781	0.000	0.000
173	  Q	  0.7	  0.2	1.966	0.000	0.000
174	  E	  0.3	  0.3	0.855	0.000	0.000
175	  A	  0.0	  1.3	0.494	0.000	0.000
176	  G	  0.0	  1.3	0.338	0.000	0.000
177	  G	  0.0	  1.2	0.138	0.000	0.000
178	  R	  3.7	  1.1	0.000	0.000	0.000
179	  V	  4.2	  0.0	0.000	0.000	0.000
180	  V	  4.2	  0.4	0.000	0.000	0.000
181	  P	  0.5	  0.5	0.000	0.000	0.000
182	  D	  0.3	  0.6	0.000	0.000	0.000
183	  S	 10.7	  0.6	0.000	0.000	0.000
184	  C	 17.5	  0.3	0.000	0.000	0.000
185	  C	 17.4	  0.2	0.000	0.000	0.000
186	  K	  7.9	  0.1	0.000	0.000	0.000
187	  T	  5.4	  0.1	0.217	11.632	11.632
188	  V	  9.3	  0.1	0.217	14.067	14.067
189	  V	 11.9	  0.0	0.217	14.067	14.067
190	  A	  7.4	  0.0	0.217	14.067	14.067
191	  L	  3.6	  0.2	0.217	14.067	14.067
192	  C	  0.5	  0.2	0.217	4.113	4.113
193	  G	  0.4	  0.3	0.217	0.000	0.000
194	  Q	  0.4	  0.4	0.123	0.000	0.000
195	  R	  0.2	  0.3	0.000	0.000	0.000
196	  D	  0.2	  0.3	0.000	0.000	0.000
197	  H	  0.4	  0.7	0.000	0.000	0.000
198	  A	  0.4	  0.7	0.000	0.000	0.000
199	  S	  0.4	  0.6	0.000	0.000	0.000
200	  N	  2.1	  0.6	0.000	0.000	0.000
201	  I	  2.5	  0.2	0.000	0.000	0.000
202	  Y	  5.2	  0.0	0.000	0.000	0.000
203	  K	 10.2	  0.0	0.000	0.000	0.000
204	  V	 10.0	  0.1	0.000	0.000	0.000
205	  E	  7.5	  0.3	0.000	0.000	0.000
206	  G	  0.2	  0.4	0.000	0.000	0.000
207	  G	  0.1	  0.4	0.196	0.000	0.000
208	  C	  1.3	  0.3	0.196	0.000	0.000
209	  I	  3.9	  0.1	0.196	0.149	0.149
210	  T	  4.7	  0.0	0.196	0.149	0.149
211	  K	  5.0	  0.0	0.196	0.149	0.149
212	  L	  2.5	  0.2	0.196	0.149	0.149
213	  E	  1.8	  0.2	0.000	0.149	0.149
214	  T	  2.7	  0.2	0.000	0.149	0.149
215	  F	  3.2	  0.2	0.000	0.149	0.149
216	  I	  3.1	  0.0	0.000	0.149	0.149
217	  Q	  0.7	  0.1	0.000	0.000	0.000
218	  E	  0.3	  0.1	0.000	0.000	0.000
219	  H	  1.0	  0.1	0.000	0.000	0.000
220	  L	  3.1	  0.1	0.000	0.000	0.000
221	  R	  6.2	  0.0	0.000	0.000	0.000
222	  V	  6.4	  0.0	0.000	6.199	6.199
223	  I	  4.3	  0.1	0.000	9.338	9.338
224	  G	  1.1	  0.1	0.000	10.253	10.253
225	  A	  0.2	  0.1	0.000	21.408	21.408
226	  V	  0.6	  0.2	0.000	34.768	34.768
227	  G	  0.6	  0.1	0.000	35.578	35.578
228	  I	  0.8	  0.2	0.000	49.484	49.484
229	  G	  0.8	  0.2	0.234	50.467	50.467
230	  I	  2.0	  0.1	0.234	64.543	64.543
231	  A	  1.8	  0.1	0.234	65.409	65.409
232	  C	  4.1	  0.0	0.234	66.603	66.603
233	  V	  7.3	  0.0	0.234	73.735	73.735
234	  Q	  8.2	  0.0	0.234	73.678	73.678
235	  V	  6.5	  0.0	0.000	89.897	89.897
236	  F	  2.4	  0.0	0.000	90.883	90.883
237	  G	  1.1	  0.0	0.000	86.506	86.506
238	  M	  0.6	  0.0	0.000	86.332	86.332
239	  I	  1.6	  0.0	0.000	86.016	86.016
240	  F	 18.3	  0.0	0.000	80.019	80.019
241	  T	 26.4	  0.0	0.099	35.485	35.485
242	  C	 32.2	  0.0	0.099	12.314	12.314
243	  C	 17.7	  0.0	0.099	7.425	7.425
244	  L	  7.6	  0.0	0.099	6.542	6.542
245	  Y	  2.1	  0.2	0.099	5.016	5.016
246	  R	  2.2	  0.2	0.099	0.000	0.000
247	  S	  2.6	  0.2	0.000	0.000	0.000
248	  L	  2.4	  0.2	0.000	0.000	0.000
249	  K	  3.5	  0.1	0.000	0.000	0.000
250	  L	  3.4	  0.2	0.000	0.000	0.000
251	  E	  2.3	  0.2	0.000	0.000	0.000
252	  H	  0.7	  0.2	0.000	0.000	0.000
253	  Y	  0.3	  0.2	0.000	0.000	0.000
