res	aa	Beta	Turn	Helix	Aggregation	Conc-Stab_Aggregation
01	  M	  0.0	  0.0	0.000	0.000	0.000
02	  P	  0.0	  0.1	0.000	0.000	0.000
03	  K	  0.7	  0.1	0.000	0.000	0.000
04	  T	 12.8	  0.1	0.000	0.000	0.000
05	  I	 16.5	  0.1	0.000	0.000	0.000
06	  S	 18.8	  0.0	0.000	0.000	0.000
07	  V	 15.0	  0.0	0.000	0.000	0.000
08	  R	 12.4	  0.0	0.000	0.000	0.000
09	  V	 11.0	  0.0	0.000	0.000	0.000
10	  T	  4.4	  0.0	0.000	0.000	0.000
11	  T	  3.9	  0.2	0.150	0.000	0.000
12	  M	  2.6	  0.2	0.150	0.000	0.000
13	  D	  1.8	  0.2	0.848	0.000	0.000
14	  A	  0.4	  0.2	0.848	0.000	0.000
15	  E	  0.3	  0.1	0.848	0.000	0.000
16	  L	  1.0	  0.0	0.848	0.000	0.000
17	  E	  1.3	  0.0	0.848	0.000	0.000
18	  F	  2.2	  0.0	0.848	0.000	0.000
19	  A	  1.8	  0.0	0.280	0.000	0.000
20	  I	  1.5	  0.0	0.280	0.000	0.000
21	  Q	  0.5	  0.5	0.280	0.000	0.000
22	  P	  0.1	  0.5	0.000	0.000	0.000
23	  N	  0.4	  0.6	0.000	0.000	0.000
24	  T	  0.5	  0.8	0.000	0.000	0.000
25	  T	  0.6	  0.4	0.000	0.000	0.000
26	  G	  0.2	  0.5	0.000	0.000	0.000
27	  K	  0.3	  0.4	0.000	0.000	0.000
28	  Q	  1.3	  0.2	0.000	0.000	0.000
29	  L	  1.7	  0.1	0.000	0.028	0.028
30	  F	  2.6	  0.1	0.000	0.041	0.041
31	  D	  1.5	  0.1	0.378	0.041	0.041
32	  Q	  1.8	  0.1	0.378	0.041	0.041
33	  V	  3.7	  0.1	0.378	0.041	0.041
34	  V	  5.1	  0.0	0.378	0.041	0.041
35	  K	  5.3	  0.0	0.378	0.041	0.041
36	  T	  2.8	  0.0	0.378	0.161	0.161
37	  I	  1.5	  0.1	0.378	0.361	0.361
38	  G	  0.6	  0.1	1.204	0.381	0.381
39	  L	  0.3	  0.1	0.825	0.740	0.740
40	  R	  0.3	  0.1	0.825	0.799	0.799
41	  E	  1.8	  0.0	0.825	0.799	0.799
42	  V	  3.3	  0.0	0.825	89.029	89.029
43	  W	  3.9	  0.0	0.825	89.890	89.890
44	  F	  3.3	  0.2	0.598	89.934	89.934
45	  F	  1.9	  0.2	0.293	89.917	89.917
46	  G	  1.1	  0.2	0.000	89.475	89.475
47	  L	  1.8	  0.2	0.000	77.245	77.245
48	  Q	  5.6	  0.1	0.000	10.156	10.156
49	  Y	  6.9	  0.1	0.000	7.517	7.517
50	  Q	  5.5	  0.2	0.000	0.274	0.274
51	  D	  1.8	  0.3	0.000	0.000	0.000
52	  T	  0.5	  0.7	0.000	0.000	0.000
53	  K	  0.3	  0.6	0.000	0.000	0.000
54	  G	  0.1	  0.6	0.537	0.000	0.000
55	  F	  0.9	  0.4	0.537	0.179	0.179
56	  S	  1.5	  0.0	2.165	0.179	0.179
57	  T	  3.8	  0.0	2.846	0.179	0.179
58	  W	  3.4	  0.0	2.966	0.179	0.179
59	  L	  4.2	  0.0	2.966	0.179	0.179
60	  K	  2.6	  0.0	2.966	0.000	0.000
61	  L	  2.2	  0.0	2.826	0.000	0.000
62	  N	  0.9	  0.1	2.643	0.000	0.000
63	  K	  0.3	  0.1	1.147	0.000	0.000
64	  K	  5.6	  0.1	0.156	0.000	0.000
65	  V	  8.5	  0.0	0.000	0.000	0.000
66	  T	  9.4	  0.0	0.497	0.000	0.000
67	  A	  4.1	  0.2	0.497	0.000	0.000
68	  Q	  1.5	  0.2	0.497	0.000	0.000
69	  D	  2.2	  0.2	0.623	0.000	0.000
70	  V	  2.9	  0.2	0.623	0.000	0.000
71	  R	  2.7	  0.1	0.623	0.000	0.000
72	  K	  1.0	  0.1	0.395	0.000	0.000
73	  E	  0.3	  0.1	0.249	0.000	0.000
74	  S	  0.1	  0.3	1.577	0.000	0.000
75	  P	  0.0	  0.2	1.451	0.000	0.000
76	  L	  0.5	  0.2	1.451	0.000	0.000
77	  L	  0.7	  0.2	1.451	0.000	0.000
78	  F	  2.2	  0.0	1.451	0.000	0.000
79	  K	  2.5	  0.0	1.585	0.000	0.000
80	  F	  4.1	  0.0	1.155	0.000	0.000
81	  R	  2.8	  0.0	0.978	0.000	0.000
82	  A	  2.1	  0.0	0.978	0.000	0.000
83	  K	  0.8	  0.0	0.845	0.000	0.000
84	  F	  0.9	  0.0	0.597	0.000	0.000
85	  Y	  0.7	  0.2	0.472	0.000	0.000
86	  P	  0.2	  0.6	0.000	0.000	0.000
87	  E	  0.0	  0.6	0.000	0.000	0.000
88	  D	  0.9	  0.8	0.000	0.000	0.000
89	  V	  1.3	  0.6	0.000	0.000	0.000
90	  S	  1.3	  0.4	1.474	0.000	0.000
91	  E	  0.4	  0.4	1.474	0.000	0.000
92	  E	  0.1	  0.2	1.600	0.000	0.000
93	  L	  0.1	  0.1	1.600	0.000	0.000
94	  I	  0.2	  0.1	1.600	0.000	0.000
95	  Q	  0.3	  0.1	1.600	0.000	0.000
96	  D	  1.7	  0.1	1.356	0.000	0.000
97	  I	  5.9	  0.1	1.194	0.000	0.000
98	  T	  6.9	  0.0	1.603	0.000	0.000
99	  Q	  5.8	  0.1	1.603	0.000	0.000
100	  R	  2.1	  0.1	1.603	0.000	0.000
101	  L	  1.4	  0.1	1.386	53.379	53.379
102	  F	  2.2	  0.0	1.386	63.047	63.047
103	  F	  2.4	  0.0	0.682	63.047	63.047
104	  L	  2.7	  0.0	0.269	63.047	63.047
105	  Q	  2.7	  0.0	0.269	63.047	63.047
106	  V	  3.5	  0.1	0.000	62.468	62.468
107	  K	  2.7	  0.3	0.000	2.223	2.223
108	  E	  1.6	  0.4	0.000	2.223	2.223
109	  G	  0.0	  0.4	0.000	2.223	2.223
110	  I	  0.6	  0.4	0.000	2.223	2.223
111	  L	  0.7	  0.2	0.000	2.223	2.223
112	  N	  0.7	  0.8	0.000	0.000	0.000
113	  D	  0.2	  0.8	0.000	0.000	0.000
114	  D	  1.3	  0.7	0.000	0.000	0.000
115	  I	  3.7	  0.6	0.000	0.000	0.000
116	  Y	  3.7	  0.0	0.000	0.000	0.000
117	  C	  2.4	  0.0	0.000	0.000	0.000
118	  P	  0.0	  0.2	0.000	0.000	0.000
119	  P	  0.0	  0.3	0.000	0.000	0.000
120	  E	  0.1	  0.3	0.000	0.000	0.000
121	  T	  0.9	  0.3	0.554	10.939	10.939
122	  A	  1.8	  0.1	0.554	26.816	26.816
123	  V	  5.6	  0.0	0.554	62.357	62.357
124	  L	  5.0	  0.0	0.554	65.267	65.267
125	  L	  4.3	  0.3	0.554	65.717	65.717
126	  A	  1.0	  0.3	0.554	64.307	64.307
127	  S	  1.4	  0.3	0.359	60.958	60.958
128	  Y	  2.5	  0.3	0.000	59.700	59.700
129	  A	  2.4	  0.0	0.000	55.117	55.117
130	  V	  2.9	  0.0	0.000	51.241	51.241
131	  Q	  1.9	  0.1	0.000	5.131	5.131
132	  S	  1.7	  0.3	0.000	0.556	0.556
133	  K	  0.7	  0.3	0.000	0.000	0.000
134	  Y	  0.5	  3.9	0.000	0.000	0.000
135	  G	  0.3	  3.8	0.000	0.000	0.000
136	  D	  0.5	  4.1	0.000	0.000	0.000
137	  F	  1.1	  4.1	0.000	0.000	0.000
138	  N	  1.1	  0.5	0.000	0.000	0.000
139	  K	  1.2	  0.5	0.000	0.000	0.000
140	  E	 12.2	  0.1	0.000	0.000	0.000
141	  V	 13.2	  0.0	0.000	0.000	0.000
142	  H	 13.1	  0.7	0.000	0.000	0.000
143	  K	  1.6	  0.9	0.000	0.000	0.000
144	  S	  0.5	  0.9	0.000	0.000	0.000
145	  G	  0.1	  0.9	0.000	0.000	0.000
146	  Y	  0.7	  0.2	0.000	0.000	0.000
147	  L	  0.7	  0.3	0.000	0.000	0.000
148	  A	  0.7	  1.0	0.000	0.000	0.000
149	  G	  0.0	  1.1	0.000	0.000	0.000
150	  D	  0.0	  1.1	0.000	0.000	0.000
151	  K	  0.6	  0.8	0.000	0.000	0.000
152	  L	  0.7	  0.1	0.000	0.000	0.000
153	  L	  0.7	  0.2	0.000	0.000	0.000
154	  P	  0.1	  0.2	2.060	0.000	0.000
155	  Q	  0.6	  0.2	2.060	0.000	0.000
156	  R	  2.3	  0.2	2.060	0.000	0.000
157	  V	  3.7	  0.0	2.060	0.000	0.000
158	  L	  3.2	  0.1	2.333	0.000	0.000
159	  E	  1.8	  0.1	2.859	0.000	0.000
160	  Q	  0.9	  0.1	2.739	0.000	0.000
161	  H	  1.4	  0.2	1.522	0.000	0.000
162	  K	  1.8	  0.1	1.179	0.000	0.000
163	  L	  1.5	  0.1	1.179	0.000	0.000
164	  N	  0.9	  2.1	1.179	0.000	0.000
165	  K	  0.2	  2.0	0.508	0.000	0.000
166	  D	  0.6	  2.0	0.955	0.000	0.000
167	  Q	  5.4	  2.0	0.955	0.000	0.000
168	  W	  5.8	  0.1	0.955	0.000	0.000
169	  E	  5.3	  0.1	0.955	0.000	0.000
170	  E	  0.5	  0.1	0.955	0.000	0.000
171	  R	  1.5	  0.1	0.955	0.000	0.000
172	  I	  2.4	  0.0	0.592	0.000	0.000
173	  Q	  3.2	  0.0	0.592	0.000	0.000
174	  V	  4.1	  0.0	0.161	0.000	0.000
175	  W	  3.8	  0.0	0.161	0.000	0.000
176	  H	  2.9	  0.2	0.158	0.000	0.000
177	  E	  0.9	  0.2	0.158	0.000	0.000
178	  E	  0.5	  0.2	0.158	0.000	0.000
179	  H	  0.6	  0.6	0.158	0.000	0.000
180	  R	  0.5	  0.5	0.158	0.000	0.000
181	  G	  0.3	  0.4	0.158	0.000	0.000
182	  M	  0.2	  0.4	0.158	0.000	0.000
183	  L	  0.2	  0.0	0.000	0.000	0.000
184	  R	  0.3	  0.6	0.296	0.000	0.000
185	  E	  0.1	  0.6	0.560	0.000	0.000
186	  D	  0.1	  0.6	5.767	0.000	0.000
187	  A	  0.9	  0.6	6.147	0.232	0.232
188	  V	  2.2	  0.0	6.492	1.213	1.213
189	  L	  2.9	  0.0	6.619	1.387	1.387
190	  E	  2.2	  0.0	6.619	1.387	1.387
191	  Y	  1.6	  0.0	6.619	1.387	1.387
192	  L	  2.5	  0.0	6.278	1.387	1.387
193	  K	  3.7	  0.0	6.278	1.387	1.387
194	  I	  3.8	  0.0	5.164	1.387	1.387
195	  A	  2.2	  0.2	5.164	0.232	0.232
196	  Q	  1.0	  0.2	4.412	0.000	0.000
197	  D	  0.4	  0.2	1.966	0.000	0.000
198	  L	  1.1	  0.2	1.332	0.000	0.000
199	  E	  1.1	  0.0	1.198	0.000	0.000
200	  M	  1.1	  0.0	0.929	1.849	1.849
201	  Y	  0.6	  0.0	0.479	3.475	3.475
202	  G	  0.5	  0.1	0.187	3.475	3.475
203	  V	  3.2	  0.1	0.000	4.086	4.086
204	  N	  4.7	  0.1	2.193	4.086	4.086
205	  Y	  6.8	  0.1	2.193	4.086	4.086
206	  F	  7.3	  0.0	2.193	4.086	4.086
207	  S	  6.3	  0.0	2.562	3.797	3.797
208	  I	  4.4	  0.1	2.562	3.529	3.529
209	  K	  1.2	  0.1	2.562	0.000	0.000
210	  N	  0.4	  0.5	2.304	0.000	0.000
211	  K	  0.1	  0.9	1.657	0.000	0.000
212	  K	  0.1	  1.0	0.681	0.000	0.000
213	  G	  0.0	  1.1	0.000	0.000	0.000
214	  S	  0.0	  0.7	0.000	0.000	0.000
215	  E	  0.2	  0.3	0.000	0.000	0.000
216	  L	  0.7	  0.1	0.000	1.157	1.157
217	  W	  0.7	  0.2	0.000	1.157	1.157
218	  L	  0.7	  0.2	0.000	1.157	1.157
219	  G	  0.2	  0.2	0.351	1.157	1.157
220	  V	  0.8	  0.2	0.351	1.157	1.157
221	  D	  0.7	  0.5	0.691	0.000	0.000
222	  A	  0.7	  0.5	0.691	0.000	0.000
223	  L	  0.1	  0.5	0.691	0.000	0.000
224	  G	  0.2	  0.5	0.691	0.000	0.000
225	  L	  3.9	  0.1	0.524	0.000	0.000
226	  N	  6.1	  0.1	0.340	0.000	0.000
227	  I	  6.8	  0.0	0.122	0.000	0.000
228	  Y	  4.2	  0.1	0.122	0.000	0.000
229	  E	  2.1	  0.2	0.000	0.000	0.000
230	  Q	  1.2	  0.3	0.000	0.000	0.000
231	  N	  0.2	  0.3	0.000	0.000	0.000
232	  D	  0.1	  0.3	0.000	0.000	0.000
233	  R	  1.2	  0.2	0.000	0.000	0.000
234	  L	  1.4	  0.1	0.000	0.000	0.000
235	  T	  1.4	  0.2	0.147	0.000	0.000
236	  P	  0.2	  0.2	0.147	0.000	0.000
237	  K	  0.3	  0.2	0.147	0.000	0.000
238	  I	  0.5	  0.2	0.147	0.000	0.000
239	  G	  0.5	  0.0	0.147	0.000	0.000
240	  F	  0.3	  0.1	0.147	0.000	0.000
241	  P	  0.0	  0.1	0.000	0.000	0.000
242	  W	  0.4	  0.2	0.000	0.000	0.000
243	  S	  0.5	  0.3	0.000	0.000	0.000
244	  E	  1.5	  0.1	0.000	0.000	0.000
245	  I	  1.3	  0.2	0.000	0.000	0.000
246	  R	  1.6	  0.1	0.000	0.000	0.000
247	  N	  1.7	  0.1	0.000	0.000	0.000
248	  I	  5.7	  0.1	0.000	0.000	0.000
249	  S	 14.1	  0.3	1.030	0.000	0.000
250	  F	 13.4	  0.4	1.030	0.000	0.000
251	  N	  9.6	  0.4	1.030	0.000	0.000
252	  D	  0.5	  0.5	1.030	0.000	0.000
253	  K	  0.1	  0.2	1.030	0.000	0.000
254	  K	  0.6	  0.1	1.030	0.000	0.000
255	  F	  2.8	  0.1	0.403	0.000	0.000
256	  V	  8.2	  0.0	0.000	0.000	0.000
257	  I	  8.1	  0.0	0.000	0.000	0.000
258	  K	  5.9	  0.0	0.124	0.000	0.000
259	  P	  0.5	  0.0	0.124	0.000	0.000
260	  I	  0.3	  0.0	0.124	0.000	0.000
261	  D	  0.3	  0.2	0.124	0.000	0.000
262	  K	  0.5	  0.2	0.124	0.000	0.000
263	  K	  0.3	  0.2	0.124	0.000	0.000
264	  A	  0.2	  1.2	0.000	0.000	0.000
265	  P	  0.0	  1.0	0.000	0.000	0.000
266	  D	  0.4	  1.0	0.000	0.000	0.000
267	  F	  2.1	  1.0	0.000	12.632	12.632
268	  V	  4.3	  0.0	0.000	13.204	13.204
269	  F	  7.8	  0.0	0.000	13.204	13.204
270	  Y	  6.2	  0.0	0.000	13.204	13.204
271	  A	  4.1	  0.1	0.000	13.204	13.204
272	  P	  0.2	  0.2	0.000	7.573	7.573
273	  R	  0.5	  0.2	0.000	0.000	0.000
274	  L	  4.6	  0.2	0.000	0.000	0.000
275	  R	 18.5	  0.0	0.000	0.000	0.000
276	  I	 18.4	  0.0	0.000	0.000	0.000
277	  N	 14.8	  0.0	1.358	0.000	0.000
278	  K	  1.3	  0.0	1.358	0.000	0.000
279	  R	  3.5	  0.0	1.358	0.000	0.000
280	  I	  4.2	  0.0	1.358	1.003	1.003
281	  L	  3.8	  0.0	1.358	1.137	1.137
282	  A	  1.3	  0.0	1.358	1.137	1.137
283	  L	  1.7	  0.0	1.243	1.137	1.137
284	  C	  2.0	  0.1	0.847	1.137	1.137
285	  M	  1.9	  1.2	0.584	0.667	0.667
286	  G	  0.7	  1.2	0.695	0.000	0.000
287	  N	  0.2	  1.3	0.787	0.000	0.000
288	  H	  0.5	  1.2	0.927	0.000	0.000
289	  E	  0.6	  0.1	1.050	0.000	0.000
290	  L	  1.3	  0.1	1.050	0.000	0.000
291	  Y	  2.2	  0.1	1.178	0.000	0.000
292	  M	  2.3	  0.0	1.178	0.000	0.000
293	  R	  1.9	  0.1	1.178	0.000	0.000
294	  R	  1.0	  0.1	1.178	0.000	0.000
295	  R	  0.9	  0.1	0.898	0.000	0.000
296	  K	  0.5	  1.0	0.265	0.000	0.000
297	  P	  0.0	  1.0	0.000	0.000	0.000
298	  D	  0.6	  1.0	0.127	0.000	0.000
299	  T	  4.6	  1.0	1.696	0.000	0.000
300	  I	 12.4	  0.0	1.919	0.000	0.000
301	  E	 14.1	  0.0	2.601	0.000	0.000
302	  V	 11.6	  0.0	2.814	0.000	0.000
303	  Q	  4.3	  0.0	2.980	0.000	0.000
304	  Q	  2.6	  0.0	2.980	0.000	0.000
305	  M	  1.7	  0.0	2.869	0.000	0.000
306	  K	  1.5	  0.0	2.671	0.000	0.000
307	  A	  0.6	  0.0	2.345	0.000	0.000
308	  Q	  0.3	  0.0	2.345	0.000	0.000
309	  A	  0.2	  0.1	0.434	0.000	0.000
310	  R	  0.2	  0.1	0.295	0.000	0.000
311	  E	  0.2	  0.1	0.000	0.000	0.000
312	  E	  0.8	  0.2	0.000	0.000	0.000
313	  K	  0.9	  0.1	0.000	0.000	0.000
314	  H	  1.1	  0.2	0.117	0.000	0.000
315	  Q	  0.8	  0.2	0.117	0.000	0.000
316	  K	  0.8	  0.1	0.274	0.000	0.000
317	  Q	  2.1	  0.1	0.389	0.000	0.000
318	  M	  1.9	  0.1	0.491	0.000	0.000
319	  E	  1.8	  0.1	2.325	0.000	0.000
320	  R	  0.4	  0.1	2.325	0.000	0.000
321	  A	  0.5	  0.1	2.325	0.000	0.000
322	  M	  0.5	  0.0	2.325	0.000	0.000
323	  L	  0.3	  0.1	3.341	0.000	0.000
324	  E	  0.1	  0.1	4.569	0.000	0.000
325	  N	  0.1	  0.2	28.511	0.000	0.000
326	  E	  0.3	  0.3	27.982	0.000	0.000
327	  K	  0.4	  0.2	27.777	0.000	0.000
328	  K	  0.4	  0.2	27.594	0.000	0.000
329	  K	  0.3	  0.1	27.076	0.000	0.000
330	  R	  0.3	  0.1	26.690	0.000	0.000
331	  E	  0.3	  0.0	25.635	0.000	0.000
332	  M	  0.1	  0.0	22.411	0.000	0.000
333	  A	  0.1	  0.0	19.835	0.000	0.000
334	  E	  0.1	  0.1	19.399	0.000	0.000
335	  K	  0.3	  0.1	19.169	0.000	0.000
336	  E	  0.3	  0.1	15.567	0.000	0.000
337	  K	  0.5	  0.1	14.047	0.000	0.000
338	  E	  0.3	  0.1	12.470	0.000	0.000
339	  K	  3.1	  0.1	11.965	0.000	0.000
340	  I	  4.0	  0.0	13.131	0.000	0.000
341	  E	  4.0	  0.0	17.271	0.000	0.000
342	  R	  1.2	  0.1	18.781	0.000	0.000
343	  E	  0.1	  0.1	20.723	0.000	0.000
344	  K	  0.2	  0.1	22.510	0.000	0.000
345	  E	  0.2	  0.1	25.040	0.000	0.000
346	  E	  0.2	  0.1	27.378	0.000	0.000
347	  L	  0.1	  0.1	28.060	0.000	0.000
348	  M	  0.1	  0.1	28.800	0.000	0.000
349	  E	  0.1	  0.0	28.657	0.000	0.000
350	  R	  0.3	  0.0	28.587	0.000	0.000
351	  L	  0.3	  0.1	28.493	0.000	0.000
352	  K	  0.5	  0.0	27.222	0.000	0.000
353	  Q	  2.2	  0.0	20.190	0.000	0.000
354	  I	  2.3	  0.0	11.841	0.000	0.000
355	  E	  2.1	  0.0	12.820	0.000	0.000
356	  E	  0.2	  0.1	11.960	0.000	0.000
357	  Q	  0.3	  0.1	10.654	0.000	0.000
358	  T	  1.1	  0.1	7.783	0.000	0.000
359	  K	  1.1	  0.1	7.783	0.000	0.000
360	  K	  1.1	  0.1	7.170	0.000	0.000
361	  A	  0.3	  0.1	3.975	0.000	0.000
362	  Q	  0.4	  0.1	3.789	0.000	0.000
363	  Q	  0.3	  0.1	2.136	0.000	0.000
364	  E	  0.4	  0.1	2.262	0.000	0.000
365	  L	  0.2	  0.1	9.094	0.000	0.000
366	  E	  0.1	  0.1	21.217	0.000	0.000
367	  E	  0.1	  0.1	23.868	0.000	0.000
368	  Q	  0.1	  0.1	23.958	0.000	0.000
369	  T	  0.7	  0.1	28.060	0.000	0.000
370	  R	  0.8	  0.1	28.060	0.000	0.000
371	  R	  0.8	  0.0	28.323	0.000	0.000
372	  A	  0.2	  0.0	27.410	0.000	0.000
373	  L	  0.6	  0.0	27.137	0.000	0.000
374	  E	  0.5	  0.0	28.586	0.000	0.000
375	  L	  0.5	  0.1	31.756	0.000	0.000
376	  E	  0.1	  0.1	32.704	0.000	0.000
377	  Q	  0.1	  0.1	32.129	0.000	0.000
378	  E	  0.6	  0.1	31.155	0.000	0.000
379	  R	  0.7	  0.1	30.464	0.000	0.000
380	  K	  0.8	  0.1	29.454	0.000	0.000
381	  R	  0.3	  0.0	25.462	0.000	0.000
382	  A	  0.2	  0.1	21.625	0.000	0.000
383	  Q	  0.2	  0.1	19.100	0.000	0.000
384	  S	  0.1	  0.1	30.619	0.000	0.000
385	  E	  0.1	  0.1	29.913	0.000	0.000
386	  A	  0.1	  0.1	29.764	0.000	0.000
387	  E	  0.1	  0.1	29.724	0.000	0.000
388	  K	  0.3	  0.1	29.038	0.000	0.000
389	  L	  0.3	  0.1	27.841	0.000	0.000
390	  A	  0.3	  0.1	26.407	0.000	0.000
391	  K	  0.2	  0.1	25.319	0.000	0.000
392	  E	  0.4	  0.1	18.924	0.000	0.000
393	  R	  0.5	  0.1	14.506	0.000	0.000
394	  Q	  0.4	  0.1	11.208	0.000	0.000
395	  E	  0.2	  0.1	7.549	0.000	0.000
396	  A	  0.1	  0.1	7.547	0.000	0.000
397	  E	  0.1	  0.1	8.812	0.000	0.000
398	  E	  0.4	  0.1	9.690	0.000	0.000
399	  A	  0.4	  0.1	9.760	0.000	0.000
400	  K	  0.5	  0.1	9.813	0.000	0.000
401	  E	  0.2	  0.1	7.940	0.000	0.000
402	  A	  0.4	  0.1	7.633	0.000	0.000
403	  L	  0.4	  0.0	7.474	0.000	0.000
404	  L	  0.7	  0.0	7.127	0.000	0.000
405	  Q	  0.6	  0.0	6.316	0.000	0.000
406	  A	  0.6	  0.1	3.914	0.000	0.000
407	  S	  0.6	  1.2	2.547	0.000	0.000
408	  R	  0.5	  1.2	1.263	0.000	0.000
409	  D	  0.4	  1.4	1.113	0.000	0.000
410	  Q	  0.3	  1.3	0.828	0.000	0.000
411	  K	  0.5	  0.2	0.328	0.000	0.000
412	  K	  0.8	  0.2	0.087	0.000	0.000
413	  T	  1.1	  0.1	0.343	0.000	0.000
414	  Q	  0.9	  0.2	0.343	0.000	0.000
415	  E	  0.6	  0.1	0.343	0.000	0.000
416	  Q	  0.2	  0.1	0.343	0.000	0.000
417	  L	  0.5	  0.1	0.343	0.000	0.000
418	  A	  0.5	  0.0	0.445	0.000	0.000
419	  L	  1.1	  0.0	0.549	0.000	0.000
420	  E	  0.9	  0.0	2.720	0.000	0.000
421	  M	  0.8	  0.0	3.187	0.000	0.000
422	  A	  0.2	  0.0	4.100	0.000	0.000
423	  E	  0.7	  0.0	4.380	0.000	0.000
424	  L	  1.4	  0.0	4.380	0.000	0.000
425	  T	  2.1	  0.0	4.937	0.000	0.000
426	  A	  2.1	  0.0	4.937	0.000	0.000
427	  R	  3.4	  0.0	5.108	0.000	0.000
428	  I	  3.6	  0.0	4.272	0.000	0.000
429	  S	  3.2	  0.1	10.653	0.000	0.000
430	  Q	  2.4	  0.1	9.989	0.000	0.000
431	  L	  2.1	  0.1	10.401	0.000	0.000
432	  E	  2.0	  0.0	10.657	0.000	0.000
433	  M	  0.8	  0.0	10.657	0.000	0.000
434	  A	  0.3	  0.0	10.521	0.000	0.000
435	  R	  0.5	  0.1	10.204	0.000	0.000
436	  Q	  0.6	  0.1	9.610	0.000	0.000
437	  K	  0.6	  0.2	3.224	0.000	0.000
438	  K	  0.4	  0.2	1.194	0.000	0.000
439	  E	  0.3	  0.2	0.477	0.000	0.000
440	  S	  0.1	  0.2	0.303	0.000	0.000
441	  E	  0.1	  0.2	0.125	0.000	0.000
442	  A	  0.3	  0.1	0.000	0.000	0.000
443	  V	  3.5	  0.0	0.127	0.000	0.000
444	  E	  4.5	  0.0	0.410	0.000	0.000
445	  W	  5.3	  0.0	0.565	0.000	0.000
446	  Q	  2.5	  0.1	0.565	0.000	0.000
447	  Q	  1.5	  0.1	0.565	0.000	0.000
448	  K	  0.5	  0.1	0.565	0.000	0.000
449	  A	  0.5	  0.0	0.565	0.000	0.000
450	  Q	  1.4	  0.0	0.565	0.000	0.000
451	  M	  1.6	  0.0	0.133	0.000	0.000
452	  V	  1.9	  0.0	0.290	0.000	0.000
453	  Q	  1.0	  0.2	0.290	0.000	0.000
454	  E	  0.6	  0.3	0.290	0.000	0.000
455	  D	  0.3	  0.3	6.217	0.000	0.000
456	  L	  0.4	  0.3	6.775	0.000	0.000
457	  E	  0.7	  0.1	7.532	0.000	0.000
458	  K	  0.7	  0.1	7.532	0.000	0.000
459	  T	  0.8	  0.1	9.838	0.000	0.000
460	  R	  0.6	  0.1	9.838	0.000	0.000
461	  A	  0.4	  0.1	9.493	0.000	0.000
462	  E	  1.4	  0.1	8.780	0.000	0.000
463	  L	  1.4	  0.1	6.980	0.000	0.000
464	  K	  1.7	  0.1	5.957	0.000	0.000
465	  T	  1.0	  0.1	1.592	0.000	0.000
466	  A	  1.1	  0.1	1.592	0.000	0.000
467	  M	  1.1	  0.0	1.314	0.000	0.000
468	  S	  0.7	  0.0	0.353	0.000	0.000
469	  T	  0.5	  0.2	0.000	0.000	0.000
470	  P	  0.1	  0.2	0.000	0.000	0.000
471	  H	  1.7	  0.2	0.000	0.000	0.000
472	  V	  3.5	  0.2	0.000	0.000	0.000
473	  A	  3.6	  0.0	0.000	0.000	0.000
474	  E	  1.9	  0.0	0.000	0.000	0.000
475	  P	  0.0	  0.0	0.000	0.000	0.000
476	  A	  0.0	  0.2	0.000	0.000	0.000
477	  E	  0.0	  0.2	0.000	0.000	0.000
478	  N	  0.0	  0.5	0.000	0.000	0.000
479	  E	  0.1	  0.6	0.000	0.000	0.000
480	  Q	  0.2	  0.3	0.000	0.000	0.000
481	  D	  0.2	  0.6	0.183	0.000	0.000
482	  E	  0.2	  0.5	0.183	0.000	0.000
483	  Q	  0.2	  0.4	0.183	0.000	0.000
484	  D	  0.2	 10.2	0.183	0.000	0.000
485	  E	  0.1	 11.3	0.183	0.000	0.000
486	  N	  0.0	 11.3	0.183	0.000	0.000
487	  G	  0.0	 11.3	0.000	0.000	0.000
488	  A	  0.0	  1.5	0.000	0.000	0.000
489	  E	  0.2	  0.1	0.000	0.000	0.000
490	  A	  0.3	  0.1	0.000	0.000	0.000
491	  S	  0.7	  2.4	0.554	0.000	0.000
492	  A	  0.6	  2.4	0.554	0.000	0.000
493	  D	  0.8	  2.4	1.614	0.000	0.000
494	  L	  0.8	  2.4	1.740	0.000	0.000
495	  R	  1.0	  0.7	2.076	0.000	0.000
496	  A	  0.6	  0.7	2.076	0.000	0.000
497	  D	  0.2	  0.7	2.320	0.000	0.000
498	  A	  0.1	  0.7	2.090	0.000	0.000
499	  M	  0.2	  0.0	2.090	0.000	0.000
500	  A	  0.2	  0.3	1.443	0.000	0.000
501	  K	  0.1	  0.3	1.443	0.000	0.000
502	  D	  0.1	  1.3	2.009	0.000	0.000
503	  R	  0.1	  1.3	1.075	0.000	0.000
504	  S	  0.1	  1.2	1.335	0.000	0.000
505	  E	  0.1	  1.2	1.335	0.000	0.000
506	  E	  0.1	  0.2	1.335	0.000	0.000
507	  E	  0.3	  0.2	1.335	0.000	0.000
508	  R	  0.5	  0.1	0.955	0.000	0.000
509	  T	  0.8	  0.1	2.294	0.000	0.000
510	  T	  0.6	  0.1	10.144	0.000	0.000
511	  E	  0.4	  0.1	10.144	0.000	0.000
512	  A	  0.1	  0.1	10.033	0.000	0.000
513	  E	  0.3	  0.2	10.033	0.000	0.000
514	  K	  0.4	  0.2	10.033	0.000	0.000
515	  N	  0.4	  0.2	10.312	0.000	0.000
516	  E	  0.2	  0.2	7.272	0.000	0.000
517	  R	  1.5	  0.1	5.206	0.000	0.000
518	  V	  2.1	  0.1	4.055	0.000	0.000
519	  Q	  2.2	  0.1	3.874	0.000	0.000
520	  K	  0.9	  0.1	2.668	0.000	0.000
521	  H	  0.8	  0.1	1.912	0.000	0.000
522	  L	  1.0	  0.1	0.846	0.000	0.000
523	  K	  1.0	  0.0	0.725	0.000	0.000
524	  A	  0.6	  0.0	0.273	0.000	0.000
525	  L	  0.8	  0.0	0.152	0.000	0.000
526	  T	  0.9	  0.1	0.836	0.000	0.000
527	  S	  0.7	  0.2	1.326	0.000	0.000
528	  E	  0.3	  0.2	1.326	0.000	0.000
529	  L	  0.1	  0.4	1.326	0.000	0.000
530	  A	  0.1	  0.4	1.326	0.000	0.000
531	  N	  0.2	  0.5	1.654	0.000	0.000
532	  A	  0.2	  0.6	1.178	0.000	0.000
533	  R	  0.2	  0.4	0.688	0.000	0.000
534	  D	  0.0	  2.2	0.329	0.000	0.000
535	  E	  0.5	  2.1	0.329	0.000	0.000
536	  S	  0.6	  2.0	1.437	0.000	0.000
537	  K	  0.8	  2.0	1.261	0.000	0.000
538	  K	  0.7	  0.2	1.108	0.000	0.000
539	  T	  0.9	  0.6	1.108	0.000	0.000
540	  A	  0.7	  0.6	1.108	0.000	0.000
541	  N	  0.3	  0.5	1.108	0.000	0.000
542	  D	  0.2	  0.5	0.542	0.000	0.000
543	  M	  0.9	  0.1	0.356	0.000	0.000
544	  I	  2.0	  0.0	0.120	0.000	0.000
545	  H	  1.9	  0.2	0.387	0.000	0.000
546	  A	  1.2	  0.4	0.387	0.000	0.000
547	  E	  0.2	  0.4	0.387	0.000	0.000
548	  N	  0.8	  0.4	0.722	0.000	0.000
549	  M	  2.7	  0.3	0.722	0.000	0.000
550	  R	  2.8	  0.2	0.722	0.000	0.000
551	  L	  2.1	  0.4	0.722	0.000	0.000
552	  G	  0.1	  0.7	0.722	0.000	0.000
553	  R	  0.0	  0.6	0.584	0.000	0.000
554	  D	  0.1	  0.7	0.166	0.000	0.000
555	  K	  1.2	  0.5	0.166	0.000	0.000
556	  Y	  1.6	  0.3	0.166	0.000	0.000
557	  K	  1.7	  0.3	0.000	0.000	0.000
558	  T	  3.0	  0.2	0.000	0.000	0.000
559	  L	  2.9	  0.2	0.000	0.000	0.000
560	  R	  3.8	  0.0	0.000	0.000	0.000
561	  Q	  2.7	  0.0	0.000	0.000	0.000
562	  I	  4.5	  0.1	0.000	0.000	0.000
563	  R	  3.4	  0.2	0.000	0.000	0.000
564	  Q	  2.2	  1.5	0.000	0.000	0.000
565	  G	  0.1	  1.5	0.000	0.000	0.000
566	  N	  0.4	  1.5	0.000	0.000	0.000
567	  T	  1.7	  1.4	0.000	0.000	0.000
568	  K	  1.9	  0.1	0.000	0.000	0.000
569	  Q	  1.8	  0.1	0.000	0.000	0.000
570	  R	 12.9	  0.1	0.000	0.000	0.000
571	  I	 12.9	  0.1	0.000	0.000	0.000
572	  D	 12.6	  0.0	0.000	0.000	0.000
573	  E	  1.0	  0.0	0.000	0.000	0.000
574	  F	  2.0	  0.3	0.000	0.000	0.000
575	  E	  2.0	  0.3	0.000	0.000	0.000
576	  S	  1.2	  0.3	0.000	0.000	0.000
577	  M	  0.0	  0.3	0.000	0.000	0.000
