res	aa	Beta	Turn	Helix	Aggregation	Conc-Stab_Aggregation
01	  M	  0.2	  0.1	1.468	0.000	0.000
02	  R	  0.2	  0.2	2.315	0.013	0.013
03	  G	  0.2	  0.2	12.115	0.018	0.018
04	  E	  0.1	  0.2	16.689	0.130	0.130
05	  L	  0.5	  0.0	17.373	78.138	78.138
06	  W	  0.8	  0.0	21.051	92.414	92.414
07	  L	  1.4	  0.0	21.152	98.815	98.815
08	  L	  2.5	  0.0	21.152	99.959	99.959
09	  V	  7.2	  0.0	21.152	99.959	99.959
10	  L	  8.1	  0.0	21.152	99.905	99.905
11	  V	  8.0	  0.0	21.608	99.557	99.557
12	  L	  3.1	  0.0	22.087	68.870	68.870
13	  R	  1.5	  0.0	19.486	0.346	0.346
14	  E	  0.1	  0.0	15.802	0.229	0.229
15	  A	  0.1	  0.0	11.055	0.209	0.209
16	  A	  0.1	  0.0	10.301	0.096	0.096
17	  R	  0.3	  0.0	9.281	0.000	0.000
18	  A	  0.6	  0.0	6.502	0.000	0.000
19	  L	  0.7	  0.0	4.766	0.000	0.000
20	  S	  0.5	  0.0	1.758	0.000	0.000
21	  P	  0.1	  0.0	0.000	0.000	0.000
22	  Q	  0.0	  1.1	0.000	0.000	0.000
23	  P	  0.0	  1.3	0.000	0.000	0.000
24	  G	  0.0	  2.0	0.000	0.000	0.000
25	  A	  0.0	  2.1	0.000	0.000	0.000
26	  G	  0.1	  1.1	0.000	0.000	0.000
27	  H	  0.1	  1.1	0.000	0.000	0.000
28	  D	  0.1	  0.4	0.000	0.000	0.000
29	  E	  0.0	  0.6	0.000	0.000	0.000
30	  G	  0.0	  3.2	0.000	0.000	0.000
31	  P	  0.0	  3.6	0.000	0.000	0.000
32	  G	  0.0	  3.9	0.138	0.000	0.000
33	  S	  0.0	  3.7	0.285	0.000	0.000
34	  G	  0.2	  1.0	0.440	0.000	0.000
35	  W	  0.6	  0.3	0.440	0.000	0.000
36	  A	  0.6	  0.2	0.440	0.000	0.000
37	  A	  0.5	  0.4	0.440	0.000	0.000
38	  K	  0.1	  0.5	0.440	0.000	0.000
39	  G	  0.1	  0.5	0.155	0.000	0.000
40	  T	  8.0	  0.3	0.000	0.000	0.000
41	  V	  8.7	  0.2	0.000	0.000	0.000
42	  R	  8.8	  0.2	0.000	0.000	0.000
43	  G	  1.0	  0.2	0.000	0.000	0.000
44	  W	  0.5	  0.2	0.000	0.000	0.000
45	  N	  0.4	  0.1	1.268	0.000	0.000
46	  R	  0.5	  0.1	1.268	0.000	0.000
47	  R	  0.4	  0.1	1.268	0.000	0.000
48	  A	  0.3	  0.2	1.268	0.000	0.000
49	  R	  0.2	  0.1	1.268	0.000	0.000
50	  E	  0.1	  0.0	1.268	0.000	0.000
51	  S	  0.1	  3.1	0.742	0.000	0.000
52	  P	  0.0	  3.1	0.000	0.000	0.000
53	  G	  0.0	  3.1	0.000	0.000	0.000
54	  H	  1.7	  3.1	0.000	0.000	0.000
55	  V	  2.7	  0.0	0.000	0.000	0.000
56	  S	  2.7	  0.0	0.000	0.000	0.000
57	  E	  1.0	  0.5	0.000	0.000	0.000
58	  P	  0.0	  0.6	0.000	0.000	0.000
59	  D	  0.0	  0.7	0.000	0.000	0.000
60	  R	  0.3	  0.7	0.000	0.000	0.000
61	  T	  1.3	  0.2	0.000	0.000	0.000
62	  Q	  2.0	  0.2	0.000	0.000	0.000
63	  L	  1.9	  0.1	0.000	0.000	0.000
64	  S	  1.7	  1.5	0.000	0.000	0.000
65	  Q	  1.0	  1.5	0.000	0.000	0.000
66	  D	  0.8	  1.7	0.000	0.000	0.000
67	  L	  0.1	  1.9	0.000	0.000	0.000
68	  G	  0.0	  0.7	0.197	0.000	0.000
69	  G	  0.0	  0.7	0.197	0.000	0.000
70	  G	  0.0	  0.5	0.197	0.000	0.000
71	  T	  0.5	  0.3	0.197	0.000	0.000
72	  L	  0.8	  0.2	0.197	0.000	0.000
73	  A	  1.0	  0.1	0.197	0.000	0.000
74	  M	  0.8	  0.2	0.197	0.000	0.000
75	  D	  0.5	  0.2	0.000	0.000	0.000
76	  T	  0.6	  0.2	0.000	0.000	0.000
77	  L	  0.3	  1.0	0.000	0.000	0.000
78	  P	  0.3	  1.2	0.000	0.000	0.000
79	  D	  0.0	  1.2	0.000	0.000	0.000
80	  N	  0.0	  1.3	0.000	0.000	0.000
81	  R	  0.2	  0.3	0.000	0.000	0.000
82	  T	  1.2	  0.2	0.000	0.000	0.000
83	  R	  3.5	  0.1	0.000	0.000	0.000
84	  V	  7.4	  0.0	0.000	0.000	0.000
85	  V	  7.3	  0.2	0.000	0.000	0.000
86	  E	  5.1	  0.3	0.000	0.000	0.000
87	  D	  0.9	  0.3	0.000	0.000	0.000
88	  N	  0.1	  0.4	0.000	0.000	0.000
89	  H	  0.4	  0.3	0.000	0.156	0.156
90	  S	  1.6	  0.2	0.000	0.156	0.156
91	  Y	  3.1	  0.1	0.000	0.156	0.156
92	  Y	  4.4	  0.0	0.000	0.156	0.156
93	  V	  4.1	  0.0	0.000	0.156	0.156
94	  S	  2.7	  0.1	0.000	0.000	0.000
95	  R	  1.6	  0.1	0.000	0.000	0.000
96	  L	  0.9	  0.1	0.000	0.000	0.000
97	  Y	  0.8	  0.3	0.000	0.000	0.000
98	  G	  0.2	  0.8	0.000	0.000	0.000
99	  P	  0.0	  0.8	0.000	0.000	0.000
100	  S	  0.0	  0.8	0.000	0.000	0.000
101	  E	  0.1	  0.7	0.000	0.000	0.000
102	  P	  0.1	  0.2	0.000	0.000	0.000
103	  H	  0.1	  0.3	0.000	0.000	0.000
104	  S	  0.2	  0.3	0.000	0.000	0.000
105	  R	  0.3	  0.2	0.000	0.000	0.000
106	  E	  0.3	  0.2	0.000	0.000	0.000
107	  L	  0.6	  0.1	0.000	0.000	0.000
108	  W	  1.4	  0.0	0.000	0.000	0.000
109	  V	  9.8	  0.0	0.000	0.000	0.000
110	  D	  9.5	  0.0	1.946	0.000	0.000
111	  V	  9.4	  0.0	2.322	0.000	0.000
112	  A	  0.9	  0.0	2.732	0.000	0.000
113	  E	  0.8	  0.2	2.732	0.000	0.000
114	  A	  0.1	  0.2	2.732	0.000	0.000
115	  N	  0.1	  0.9	2.732	0.000	0.000
116	  R	  0.4	  0.9	2.083	0.000	0.000
117	  S	  0.5	  0.7	1.477	0.000	0.000
118	  Q	  1.4	  0.7	0.726	0.000	0.000
119	  V	  8.1	  0.0	0.000	0.000	0.000
120	  K	  8.8	  0.0	0.000	0.000	0.000
121	  I	  9.1	  0.0	0.000	0.000	0.000
122	  H	  5.3	  0.0	0.000	0.000	0.000
123	  T	  6.8	  0.0	0.000	0.000	0.000
124	  I	  7.0	  0.0	0.000	0.000	0.000
125	  L	  4.0	  0.2	0.000	0.000	0.000
126	  S	  1.5	  0.2	0.000	0.000	0.000
127	  N	  0.3	  0.2	0.000	0.000	0.000
128	  T	  2.3	  0.2	0.000	0.000	0.000
129	  H	  2.9	  0.2	0.000	0.000	0.000
130	  R	  2.9	  0.2	0.000	0.000	0.000
131	  Q	  1.0	  0.1	0.000	0.000	0.000
132	  A	  0.5	  0.2	0.000	0.000	0.000
133	  S	  0.5	  0.1	0.000	0.000	0.000
134	  R	  2.3	  0.0	0.000	0.000	0.000
135	  V	  9.2	  0.0	0.000	66.095	66.095
136	  V	 11.5	  0.1	0.000	66.095	66.095
137	  L	 11.6	  0.1	0.000	66.095	66.095
138	  S	 11.7	  0.3	0.000	66.095	66.095
139	  F	 12.1	  0.3	0.000	66.095	66.095
140	  D	 10.2	  0.3	0.000	0.000	0.000
141	  F	  3.5	  0.3	0.000	0.000	0.000
142	  P	  0.1	  0.0	0.000	0.000	0.000
143	  F	  1.0	  0.1	0.000	0.000	0.000
144	  Y	  1.2	  0.1	0.000	0.000	0.000
145	  G	  1.2	  0.1	0.000	0.000	0.000
146	  H	  0.2	  0.4	0.000	0.000	0.000
147	  P	  0.0	  0.3	0.000	0.000	0.000
148	  L	  0.3	  0.3	0.000	0.000	0.000
149	  R	  1.3	  0.3	0.000	0.000	0.000
150	  Q	  3.1	  0.0	0.000	1.816	1.816
151	  I	 16.1	  0.0	0.000	48.900	48.900
152	  T	 17.6	  0.0	0.000	50.596	50.596
153	  I	 16.8	  0.1	0.000	53.517	53.517
154	  A	  3.9	  0.2	0.000	53.764	53.764
155	  T	  1.1	  0.3	0.000	54.056	54.056
156	  G	  0.1	  0.3	0.000	54.201	54.201
157	  G	  0.0	  0.2	0.000	55.949	55.949
158	  F	  0.7	  0.1	0.000	57.557	57.557
159	  I	  2.3	  0.0	0.000	57.557	57.557
160	  F	  3.0	  0.1	0.000	56.942	56.942
161	  M	  2.3	  0.4	0.000	48.500	48.500
162	  G	  0.8	  0.4	0.000	5.416	5.416
163	  D	  1.9	  0.4	0.165	0.000	0.000
164	  V	  5.9	  0.2	0.165	0.000	0.000
165	  I	  7.3	  0.0	0.165	0.000	0.000
166	  H	  6.0	  0.0	0.165	0.000	0.000
167	  R	  2.5	  0.0	0.165	0.000	0.000
168	  M	  1.3	  0.0	0.165	0.000	0.000
169	  L	  1.5	  0.0	0.000	0.000	0.000
170	  T	  2.2	  0.0	0.000	0.000	0.000
171	  A	  2.2	  0.0	0.000	0.000	0.000
172	  T	  3.7	  0.0	0.000	0.000	0.000
173	  Q	  4.1	  0.0	0.000	0.000	0.000
174	  Y	  9.8	  0.0	0.000	0.000	0.000
175	  V	  8.0	  0.0	0.000	0.000	0.000
176	  A	  6.5	  0.1	0.000	0.000	0.000
177	  P	  0.5	  0.1	0.000	0.000	0.000
178	  L	  0.3	  0.1	0.000	0.153	0.153
179	  M	  0.3	  0.8	0.000	0.153	0.153
180	  A	  0.4	  0.7	0.000	0.153	0.153
181	  N	  1.7	  0.7	0.000	0.153	0.153
182	  F	  1.9	  0.7	0.000	0.153	0.153
183	  N	  1.8	  1.3	0.000	0.000	0.000
184	  P	  0.2	  1.3	0.000	0.000	0.000
185	  G	  0.1	  1.3	0.000	0.000	0.000
186	  Y	  0.3	  1.6	0.000	0.000	0.000
187	  S	  0.3	  1.3	0.000	0.000	0.000
188	  D	  0.3	  1.5	0.000	0.000	0.000
189	  N	  0.1	  1.6	0.000	0.074	0.074
190	  S	  0.6	  1.3	0.000	2.123	2.123
191	  T	  6.1	  0.3	0.000	43.874	43.874
192	  V	  9.4	  0.1	0.000	43.874	43.874
193	  V	 10.9	  0.0	0.000	43.874	43.874
194	  Y	  6.9	  0.0	0.000	43.874	43.874
195	  F	  3.8	  0.5	0.000	43.719	43.719
196	  D	  1.8	  2.4	0.000	0.000	0.000
197	  N	  0.3	  2.4	0.000	0.086	0.086
198	  G	  0.0	  2.3	0.000	2.841	2.841
199	  T	  5.5	  1.9	0.000	80.412	80.412
200	  V	 10.9	  0.0	0.000	89.341	89.341
201	  F	 12.8	  0.0	0.000	89.952	89.952
202	  V	 11.3	  0.0	0.000	89.952	89.952
203	  V	  8.2	  0.0	0.000	89.750	89.750
204	  Q	  7.1	  0.0	0.000	15.026	15.026
205	  W	  3.9	  0.1	0.000	12.217	12.217
206	  D	  1.4	  0.1	0.000	0.000	0.000
207	  H	  2.1	  0.1	0.000	0.000	0.000
208	  V	  5.4	  0.1	0.000	0.000	0.000
209	  Y	  6.2	  0.0	0.000	0.000	0.000
210	  L	  4.5	  0.5	0.000	0.000	0.000
211	  Q	  0.9	  0.5	0.000	0.000	0.000
212	  G	  0.1	  0.5	0.000	0.000	0.000
213	  W	  0.5	  0.8	0.000	0.000	0.000
214	  E	  0.6	  0.4	0.000	0.000	0.000
215	  D	  0.5	  1.5	0.000	0.000	0.000
216	  K	  0.1	  1.7	0.000	0.000	0.000
217	  G	  0.0	  1.4	0.000	0.163	0.163
218	  S	  6.1	  1.4	0.000	0.163	0.163
219	  F	 16.9	  0.2	0.000	1.302	1.302
220	  T	 33.6	  0.0	0.219	1.302	1.302
221	  F	 29.8	  0.0	0.219	1.302	1.302
222	  Q	 19.6	  0.0	0.219	1.139	1.139
223	  A	  2.4	  0.0	0.219	1.139	1.139
224	  A	  0.4	  0.0	0.219	0.962	0.962
225	  L	  0.9	  0.0	0.219	0.812	0.812
226	  H	  1.2	  0.4	0.126	0.000	0.000
227	  H	  0.9	  1.0	0.000	0.000	0.000
228	  D	  0.4	  1.1	0.000	0.000	0.000
229	  G	  0.1	  1.0	0.000	0.000	0.000
230	  R	  5.1	  0.7	0.000	0.000	0.000
231	  I	 10.0	  0.0	0.000	73.642	73.642
232	  V	 11.9	  0.0	0.000	73.642	73.642
233	  F	  7.8	  0.0	0.000	73.642	73.642
234	  A	  3.1	  0.0	0.000	73.642	73.642
235	  Y	  1.8	  0.1	0.000	73.642	73.642
236	  K	  1.7	  0.1	0.000	0.068	0.068
237	  E	  1.5	  0.1	0.000	0.068	0.068
238	  I	  0.8	  0.1	0.000	0.000	0.000
239	  P	  0.2	  0.0	0.000	0.000	0.000
240	  M	  3.8	  0.0	0.000	0.000	0.000
241	  S	  4.0	  0.0	0.000	0.000	0.000
242	  V	  4.0	  0.0	0.000	0.000	0.000
243	  P	  0.2	  0.0	0.000	0.000	0.000
244	  E	  1.4	  0.0	0.000	0.000	0.000
245	  I	  2.0	  0.1	0.000	0.000	0.000
246	  S	  3.0	  0.8	0.000	0.000	0.000
247	  S	  1.8	  0.9	0.000	0.000	0.000
248	  S	  1.7	  0.9	0.000	0.000	0.000
249	  Q	  0.8	  0.8	0.000	0.000	0.000
250	  H	  0.6	  0.1	0.000	0.000	0.000
251	  P	  0.1	  0.0	0.000	0.000	0.000
252	  V	  1.6	  0.1	0.000	0.000	0.000
253	  K	  1.7	  0.2	0.000	0.000	0.000
254	  T	  1.7	  0.2	0.000	0.000	0.000
255	  G	  0.1	  0.2	0.000	0.000	0.000
256	  L	  0.1	  0.4	0.000	0.000	0.000
257	  S	  0.1	  0.3	0.671	0.000	0.000
258	  D	  0.2	  0.3	1.209	0.000	0.000
259	  A	  0.5	  0.3	1.209	13.673	13.673
260	  F	  1.4	  0.0	1.209	13.673	13.673
261	  M	  3.0	  0.0	1.209	13.673	13.673
262	  I	  3.5	  0.0	1.209	13.673	13.673
263	  L	  2.6	  0.0	1.209	13.673	13.673
264	  N	  1.0	  0.0	1.209	0.000	0.000
265	  P	  0.1	  0.0	0.000	0.000	0.000
266	  S	  0.0	  5.2	0.000	0.000	0.000
267	  P	  0.0	  5.2	0.000	0.000	0.000
268	  D	  0.1	  5.2	0.000	0.000	0.000
269	  V	  0.1	  5.2	0.281	0.000	0.000
270	  P	  0.1	  0.2	0.803	0.000	0.000
271	  E	  0.1	  0.2	0.803	0.000	0.000
272	  S	  0.6	  0.3	0.803	0.000	0.000
273	  R	  1.0	  0.3	0.803	0.000	0.000
274	  R	  1.2	  0.2	0.803	0.000	0.000
275	  R	  1.4	  0.2	0.803	0.000	0.000
276	  S	  1.3	  0.1	0.620	0.000	0.000
277	  I	  1.8	  0.1	0.147	0.000	0.000
278	  F	  5.3	  0.0	0.147	0.000	0.000
279	  E	  8.3	  0.0	0.147	0.000	0.000
280	  Y	  8.9	  0.0	0.147	0.000	0.000
281	  H	  7.5	  0.0	0.147	0.000	0.000
282	  R	  6.6	  0.0	0.000	0.000	0.000
283	  I	  8.0	  0.0	0.000	0.000	0.000
284	  E	  6.7	  0.0	0.000	0.000	0.000
285	  L	  4.1	  0.0	0.000	0.000	0.000
286	  D	  1.6	  4.7	0.118	0.000	0.000
287	  P	  0.1	  4.8	0.118	0.000	0.000
288	  S	  0.3	  4.8	0.376	0.000	0.000
289	  K	  5.3	  4.8	0.376	0.000	0.000
290	  V	  7.8	  0.1	0.376	0.194	0.194
291	  T	  8.0	  0.0	0.376	0.194	0.194
292	  S	  8.8	  0.4	0.376	0.194	0.194
293	  M	  7.0	  0.4	0.376	0.194	0.194
294	  S	  6.7	  0.4	0.000	0.194	0.194
295	  A	  1.3	  0.4	0.000	0.194	0.194
296	  V	  4.3	  0.0	0.000	0.194	0.194
297	  E	  8.1	  0.0	0.000	0.000	0.000
298	  F	  8.4	  0.0	0.000	0.000	0.000
299	  T	  5.1	  0.0	0.000	0.000	0.000
300	  P	  0.6	  0.0	0.000	0.000	0.000
301	  L	  0.0	  0.3	0.000	0.000	0.000
302	  P	  0.0	  0.3	0.000	0.000	0.000
303	  T	  2.3	  0.3	0.000	0.000	0.000
304	  C	  4.8	  0.3	0.000	0.000	0.000
305	  L	  5.2	  0.0	0.000	0.000	0.000
306	  Q	  3.3	  0.0	0.000	0.000	0.000
307	  H	  1.3	  0.3	0.000	0.000	0.000
308	  R	  1.0	  0.4	0.000	0.000	0.000
309	  S	  7.7	  0.9	0.000	0.000	0.000
310	  C	  8.0	  0.9	0.000	0.000	0.000
311	  D	  7.8	  0.6	0.000	0.000	0.000
312	  A	  1.2	  0.6	0.000	0.000	0.000
313	  C	  2.0	  0.2	0.000	0.000	0.000
314	  M	  2.3	  0.2	0.000	0.000	0.000
315	  S	  2.1	  1.8	0.000	0.000	0.000
316	  S	  0.5	  1.8	0.000	0.000	0.000
317	  D	  0.2	  1.7	0.000	0.000	0.000
318	  L	  3.7	  1.5	0.000	0.788	0.788
319	  T	 12.4	  0.0	0.000	0.933	0.933
320	  F	 19.0	  0.0	0.000	0.933	0.933
321	  N	 16.1	  0.1	0.000	0.933	0.933
322	  C	  8.9	  0.2	0.000	0.933	0.933
323	  S	  3.3	  0.2	0.000	1.075	1.075
324	  W	  3.7	  0.2	0.000	2.217	2.217
325	  C	  5.1	  0.1	0.000	2.217	2.217
326	  H	  5.0	  0.0	0.000	2.217	2.217
327	  V	  6.3	  0.0	0.000	2.217	2.217
328	  L	  4.1	  0.1	0.000	2.217	2.217
329	  Q	  2.9	  0.1	0.000	0.000	0.000
330	  R	  1.4	  0.1	0.000	0.000	0.000
331	  C	  2.0	  0.8	0.000	0.000	0.000
332	  S	  1.6	  1.1	0.000	0.000	0.000
333	  S	  0.8	  1.1	0.295	0.000	0.000
334	  G	  0.2	  1.1	0.926	0.000	0.000
335	  F	  0.5	  0.4	1.049	0.000	0.000
336	  D	  0.5	  0.0	3.814	0.000	0.000
337	  R	  1.5	  0.0	3.814	0.000	0.000
338	  Y	  3.4	  0.1	3.814	0.000	0.000
339	  R	  3.6	  0.0	3.814	0.000	0.000
340	  Q	  2.7	  0.0	3.814	0.000	0.000
341	  E	  0.6	  0.0	3.814	0.000	0.000
342	  W	  0.9	  0.1	3.432	0.000	0.000
343	  M	  2.1	  0.1	3.235	0.000	0.000
344	  D	  2.1	  0.7	2.440	0.000	0.000
345	  Y	  2.0	  1.3	1.438	0.000	0.000
346	  G	  0.7	  1.1	1.218	0.000	0.000
347	  C	  1.7	  1.3	0.878	0.000	0.000
348	  A	  1.2	  0.8	0.878	0.000	0.000
349	  Q	  1.0	  0.2	0.878	0.000	0.000
350	  E	  0.1	  0.3	0.878	0.000	0.000
351	  A	  0.1	  0.7	0.693	0.000	0.000
352	  E	  0.0	  1.2	0.693	0.000	0.000
353	  G	  0.0	  1.1	0.425	0.000	0.000
354	  R	  0.1	  1.0	0.300	0.000	0.000
355	  M	  0.2	  0.4	0.000	0.000	0.000
356	  C	  0.8	  0.7	0.000	0.000	0.000
357	  E	  0.8	  0.7	0.000	0.000	0.000
358	  D	  1.2	  0.7	0.000	0.000	0.000
359	  F	  2.0	  0.9	0.000	0.000	0.000
360	  Q	  2.0	  0.2	0.000	0.000	0.000
361	  D	  1.4	  3.9	0.000	0.000	0.000
362	  E	  0.2	  4.0	0.000	0.000	0.000
363	  D	  0.1	  4.4	0.000	0.000	0.000
364	  H	  0.2	  4.6	0.000	0.000	0.000
365	  D	  0.2	  0.9	0.000	0.000	0.000
366	  S	  5.4	  0.9	0.000	0.000	0.000
367	  A	  5.3	  0.2	0.000	0.000	0.000
368	  S	  5.3	  3.1	0.138	0.000	0.000
369	  P	  0.0	  3.1	0.138	0.000	0.000
370	  D	  0.1	  3.2	0.138	0.000	0.000
371	  T	  1.5	  3.2	0.138	0.000	0.000
372	  S	 33.0	  0.2	0.138	0.000	0.000
373	  F	 33.1	  0.1	0.138	0.000	0.000
374	  S	 32.1	  0.2	0.000	0.000	0.000
375	  P	  0.4	  0.4	0.000	0.000	0.000
376	  Y	  0.3	  0.6	0.000	0.000	0.000
377	  D	  0.3	  1.0	0.000	0.000	0.000
378	  G	  0.3	  0.8	0.000	0.000	0.000
379	  D	  0.2	  0.7	0.000	0.000	0.000
380	  L	  0.5	  0.5	0.000	0.000	0.000
381	  T	  2.3	  0.1	0.000	0.000	0.000
382	  T	  5.1	  0.1	0.000	0.000	0.000
383	  T	  6.1	  0.2	0.000	0.000	0.000
384	  S	  5.3	  1.0	0.000	0.000	0.000
385	  S	  2.4	  1.0	0.000	0.253	0.253
386	  S	  1.3	  1.0	0.000	0.253	0.253
387	  L	  1.1	  0.9	0.000	0.253	0.253
388	  F	  2.1	  0.1	0.000	0.253	0.253
389	  I	  2.6	  0.1	0.000	0.253	0.253
390	  D	  2.0	  0.2	0.000	0.000	0.000
391	  S	  2.5	  0.2	0.000	0.000	0.000
392	  L	  2.0	  0.1	0.000	0.000	0.000
393	  T	  2.3	  0.1	0.000	0.000	0.000
394	  T	  0.7	  0.5	0.000	0.000	0.000
395	  E	  0.4	  0.6	0.000	0.000	0.000
396	  D	  0.1	  0.7	0.712	0.000	0.000
397	  D	  0.3	  0.7	0.712	0.000	0.000
398	  T	  1.2	  0.3	0.712	0.000	0.000
399	  K	  2.5	  0.2	0.712	0.000	0.000
400	  L	  2.3	  0.1	0.712	0.000	0.000
401	  N	  1.4	  0.4	0.712	0.000	0.000
402	  P	  0.1	  0.4	0.000	0.000	0.000
403	  Y	  0.4	  0.6	0.000	0.000	0.000
404	  A	  0.4	  0.8	0.000	0.000	0.000
405	  G	  0.4	  2.2	0.000	0.000	0.000
406	  G	  0.0	  2.4	0.000	0.000	0.000
407	  D	  0.0	  2.1	0.000	0.000	0.000
408	  G	  0.0	  2.0	0.000	0.000	0.000
409	  L	  0.3	  0.4	0.000	0.000	0.000
410	  Q	  0.3	  0.3	0.000	0.000	0.000
411	  N	  0.3	  0.3	0.000	0.000	0.000
412	  N	  0.6	  0.3	0.000	0.000	0.000
413	  L	  0.6	  0.1	0.000	0.000	0.000
414	  S	  0.6	  0.2	1.421	0.000	0.000
415	  P	  0.1	  0.3	1.421	0.000	0.000
416	  K	  0.8	  0.4	1.421	0.000	0.000
417	  T	  0.8	  0.6	1.421	0.000	0.000
418	  K	  0.9	  0.4	1.421	0.000	0.000
419	  G	  0.1	  0.3	1.421	0.000	0.000
420	  T	  0.1	  0.3	0.184	0.000	0.000
421	  P	  0.0	  0.0	0.000	0.000	0.000
422	  V	  4.3	  0.0	0.000	0.002	0.002
423	  H	  4.5	  0.1	0.232	0.003	0.003
424	  L	  4.5	  0.2	0.232	0.739	0.739
425	  G	  0.2	  0.2	0.388	1.530	1.530
426	  T	  4.2	  0.2	2.595	18.268	18.268
427	  I	  6.7	  0.0	3.209	47.434	47.434
428	  V	  7.0	  0.0	3.458	51.136	51.136
429	  G	  2.9	  0.0	7.766	51.754	51.754
430	  I	  7.3	  0.0	8.403	95.377	95.377
431	  V	  7.8	  0.0	10.488	99.500	99.500
432	  L	  8.1	  0.0	10.721	99.852	99.852
433	  A	  1.9	  0.0	10.908	99.916	99.916
434	  V	  4.1	  0.0	11.067	99.992	99.992
435	  L	  4.5	  0.0	11.794	99.998	99.998
436	  L	  4.6	  0.0	12.067	99.999	99.999
437	  V	  2.6	  0.0	11.954	99.993	99.993
438	  A	  1.9	  0.0	12.000	99.931	99.931
439	  A	  1.8	  0.0	11.354	99.878	99.878
440	  I	  5.9	  0.0	10.944	99.833	99.833
441	  I	  6.5	  0.0	10.944	99.350	99.350
442	  L	  5.9	  0.1	10.944	94.079	94.079
443	  A	  0.8	  0.2	9.726	68.879	68.879
444	  G	  0.1	  0.2	8.353	48.126	48.126
445	  I	  1.0	  0.2	0.505	46.892	46.892
446	  Y	  2.1	  0.2	0.505	44.695	44.695
447	  I	  3.1	  4.3	0.000	40.683	40.683
448	  N	  2.3	  4.3	0.000	0.148	0.148
449	  G	  1.0	  4.3	0.000	0.001	0.001
450	  H	  0.0	  4.7	0.000	0.000	0.000
451	  P	  0.0	  0.6	0.000	0.000	0.000
452	  T	  0.1	  0.9	0.000	0.110	0.110
453	  S	  0.1	  0.9	0.387	0.316	0.316
454	  N	  0.1	  0.3	0.836	2.005	2.005
455	  A	  0.1	  0.3	0.836	45.346	45.346
456	  A	  0.3	  0.0	0.836	96.002	96.002
457	  L	  0.9	  0.0	0.836	96.008	96.008
458	  F	  1.9	  0.0	0.964	96.008	96.008
459	  F	  2.8	  0.0	0.716	96.008	96.008
460	  I	  3.8	  0.0	0.303	95.462	95.462
461	  E	  3.0	  0.0	0.303	0.012	0.012
462	  R	  2.0	  0.0	0.303	0.012	0.012
463	  R	  0.4	  0.2	0.303	0.000	0.000
464	  P	  0.1	  0.2	0.000	0.000	0.000
465	  H	  2.4	  0.2	0.000	0.000	0.000
466	  H	  2.6	  0.2	0.000	0.000	0.000
467	  W	  2.6	  0.2	0.000	0.000	0.000
468	  P	  0.3	  0.2	0.000	0.000	0.000
469	  A	  0.2	  0.2	0.000	0.000	0.000
470	  M	  1.3	  0.2	0.000	0.000	0.000
471	  K	  2.2	  0.0	0.000	0.000	0.000
472	  F	  3.9	  0.1	0.000	0.000	0.000
473	  R	  3.6	  0.1	0.000	0.000	0.000
474	  S	  2.8	  0.1	0.000	0.000	0.000
475	  H	  0.8	  2.1	0.000	0.000	0.000
476	  P	  0.1	  2.0	0.000	0.000	0.000
477	  D	  0.0	  2.3	0.000	0.000	0.000
478	  H	  0.1	  2.5	0.000	0.000	0.000
479	  S	  0.8	  0.5	0.000	0.000	0.000
480	  T	  4.3	  0.4	0.000	0.000	0.000
481	  Y	  4.6	  0.3	0.000	0.000	0.000
482	  A	  4.1	  0.1	0.000	0.000	0.000
483	  E	  5.8	  0.1	0.000	0.000	0.000
484	  V	  6.2	  0.1	0.000	0.000	0.000
485	  E	  5.9	  0.7	0.000	0.000	0.000
486	  P	  0.8	  1.1	0.000	0.000	0.000
487	  S	  0.1	  1.2	0.000	0.000	0.000
488	  G	  0.1	  1.2	0.000	0.000	0.000
489	  H	  0.3	  0.6	0.000	0.000	0.000
490	  E	  0.4	  0.4	0.000	0.000	0.000
491	  K	  0.4	  0.6	0.000	0.000	0.000
492	  E	  0.1	  0.6	0.000	0.000	0.000
493	  G	  0.0	  0.5	0.000	0.000	0.000
494	  F	  0.8	  0.4	0.000	0.000	0.000
495	  M	  1.1	  0.0	0.000	0.000	0.000
496	  E	  1.1	  0.0	0.000	0.000	0.000
497	  A	  0.3	  0.1	0.000	0.000	0.000
498	  E	  0.1	  0.1	0.000	0.000	0.000
499	  Q	  0.1	  0.1	0.000	0.000	0.000
500	  C	  0.1	  0.1	0.000	0.000	0.000
