res	aa	Beta	Turn	Helix	Aggregation	Conc-Stab_Aggregation
01	  M	  0.1	  0.3	0.000	0.000	0.000
02	  G	  0.1	  0.4	0.000	0.000	0.000
03	  S	  0.2	  0.4	0.000	0.000	0.000
04	  K	  0.3	  0.4	0.000	0.000	0.000
05	  A	  0.3	  0.1	0.000	0.000	0.000
06	  L	  0.3	  0.0	0.000	0.000	0.000
07	  P	  0.1	  0.0	0.000	0.000	0.000
08	  A	  0.0	  0.0	0.000	0.000	0.000
09	  P	  0.0	  0.0	0.000	0.000	0.000
10	  I	  0.1	  0.0	0.000	0.000	0.000
11	  P	  0.0	  0.0	0.000	0.000	0.000
12	  L	  0.1	  0.0	0.000	0.000	0.000
13	  H	  0.1	  0.9	0.000	0.000	0.000
14	  P	  0.1	  1.0	0.000	0.000	0.000
15	  S	  0.7	  1.0	0.000	0.000	0.000
16	  L	  2.3	  1.0	0.000	0.000	0.000
17	  Q	  3.1	  0.1	0.000	0.000	0.000
18	  L	  2.8	  0.1	0.000	0.214	0.214
19	  T	  1.8	  0.1	0.000	0.214	0.214
20	  N	  1.9	  0.3	0.000	0.214	0.214
21	  Y	  8.1	  0.3	0.000	0.880	0.880
22	  S	  8.1	  0.1	0.000	1.073	1.073
23	  F	  7.9	  0.1	0.000	2.629	2.629
24	  L	  1.6	  0.0	0.000	2.629	2.629
25	  Q	  1.3	  0.0	0.000	2.415	2.415
26	  A	  0.9	  0.0	0.000	2.415	2.415
27	  V	  2.0	  0.1	0.000	2.415	2.415
28	  N	  6.9	  0.1	0.000	0.000	0.000
29	  T	  7.4	  0.1	0.000	0.000	0.000
30	  F	  6.1	  0.0	0.000	0.000	0.000
31	  P	  0.8	  0.0	0.000	0.000	0.000
32	  A	  0.7	  0.0	0.000	0.000	0.000
33	  T	  5.5	  0.1	0.000	0.000	0.000
34	  V	  6.3	  0.1	0.000	0.000	0.000
35	  D	  5.7	  0.1	0.000	0.000	0.000
36	  H	  1.5	  0.3	0.000	0.000	0.000
37	  L	  0.7	  0.3	0.000	0.000	0.000
38	  Q	  0.7	  0.3	0.000	0.000	0.000
39	  G	  0.1	  0.3	0.000	0.000	0.000
40	  L	  0.2	  0.1	0.000	0.692	0.692
41	  Y	  0.4	  0.2	0.000	0.692	0.692
42	  G	  0.4	  0.1	0.250	0.692	0.692
43	  L	  0.9	  0.2	0.250	0.692	0.692
44	  S	  1.0	  0.2	0.250	0.692	0.692
45	  A	  1.4	  0.0	0.250	0.692	0.692
46	  V	  1.3	  0.0	0.250	0.692	0.692
47	  Q	  1.1	  0.0	0.250	0.000	0.000
48	  T	  2.1	  0.0	0.000	0.000	0.000
49	  M	  3.0	  0.0	0.000	0.000	0.000
50	  H	  3.7	  0.3	0.000	0.000	0.000
51	  M	  2.8	  0.3	0.000	0.000	0.000
52	  N	  1.9	  0.3	3.414	0.000	0.000
53	  H	  3.2	  0.3	3.414	0.000	0.000
54	  W	  5.4	  0.0	3.414	0.000	0.000
55	  T	  5.1	  0.0	3.414	0.000	0.000
56	  L	  2.9	  0.0	3.414	0.000	0.000
57	  G	  0.2	  0.0	3.414	0.000	0.000
58	  Y	  0.1	  1.3	3.045	0.000	0.000
59	  P	  0.0	  1.3	0.000	0.000	0.000
60	  N	  0.7	  1.3	0.000	0.000	0.000
61	  V	  2.0	  1.3	0.000	0.000	0.000
62	  H	  3.1	  0.0	0.162	0.000	0.000
63	  E	  5.9	  0.0	0.162	0.000	0.000
64	  I	  8.1	  0.0	0.162	0.000	0.000
65	  T	  8.9	  0.1	0.162	0.000	0.000
66	  R	  5.7	  0.1	0.162	0.000	0.000
67	  S	  2.7	  0.1	1.496	0.000	0.000
68	  T	 11.6	  0.1	2.088	0.000	0.000
69	  I	 11.9	  0.0	2.088	0.000	0.000
70	  T	 11.6	  0.0	5.203	0.000	0.000
71	  E	  0.8	  0.0	5.724	0.000	0.000
72	  M	  0.3	  0.0	5.724	0.000	0.000
73	  A	  0.2	  0.0	5.485	0.000	0.000
74	  A	  0.2	  0.2	5.485	0.000	0.000
75	  A	  0.1	  0.4	5.485	0.000	0.000
76	  Q	  0.1	  0.4	4.373	0.000	0.000
77	  G	  0.0	  0.4	1.945	0.000	0.000
78	  L	  0.6	  0.1	0.199	0.000	0.000
79	  V	  1.2	  0.0	0.000	0.000	0.000
80	  D	  1.2	  0.0	0.000	0.000	0.000
81	  A	  1.0	  0.0	0.000	0.000	0.000
82	  R	  0.5	  0.0	0.000	0.000	0.000
83	  F	  0.5	  0.0	0.000	0.000	0.000
84	  P	  0.1	  0.0	0.000	0.000	0.000
85	  F	  0.0	  0.2	0.000	0.000	0.000
86	  P	  0.0	  0.2	0.000	0.000	0.000
87	  A	  0.1	  0.2	0.000	0.000	0.000
88	  L	  0.1	  0.2	0.000	0.000	0.000
89	  P	  0.1	  0.0	0.000	0.000	0.000
90	  F	  1.8	  0.0	0.000	0.132	0.132
91	  T	  3.1	  0.0	0.000	0.132	0.132
92	  T	  4.1	  0.1	0.000	0.132	0.132
93	  H	  2.9	  0.1	0.000	0.132	0.132
94	  L	  2.4	  0.0	0.000	0.132	0.132
95	  F	  1.6	  0.0	0.000	0.132	0.132
96	  H	  1.1	  0.3	0.000	0.000	0.000
97	  P	  0.2	  0.6	0.000	0.000	0.000
98	  K	  0.0	  0.8	0.000	0.000	0.000
99	  Q	  0.0	  0.8	0.000	0.000	0.000
100	  G	  0.0	  0.5	0.000	0.000	0.000
101	  A	  0.3	  0.3	0.000	0.000	0.000
102	  I	  0.8	  0.0	0.000	0.000	0.000
103	  A	  1.1	  0.0	0.000	0.000	0.000
104	  H	  4.4	  0.0	0.000	0.000	0.000
105	  V	  4.4	  0.0	0.000	0.000	0.000
106	  L	  4.0	  0.0	0.000	0.000	0.000
107	  P	  0.5	  0.0	0.000	0.000	0.000
108	  A	  0.3	  0.0	0.000	0.000	0.000
109	  L	  0.5	  0.0	0.000	0.000	0.000
110	  H	  0.8	  0.6	0.000	0.000	0.000
111	  K	  0.5	  0.6	0.000	0.000	0.000
112	  D	  0.3	  0.6	0.000	0.000	0.000
113	  R	  0.1	  0.8	0.000	0.000	0.000
114	  P	  0.0	  0.2	0.000	0.000	0.000
115	  R	  3.9	  0.2	0.000	0.000	0.000
116	  F	  6.2	  0.2	0.000	0.000	0.000
117	  D	  6.3	  0.0	0.000	0.000	0.000
118	  F	  2.8	  0.7	0.000	1.209	1.209
119	  A	  0.4	  0.7	0.000	1.209	1.209
120	  N	  0.4	  0.7	0.000	1.209	1.209
121	  L	  0.5	  0.7	0.000	4.002	4.002
122	  A	  0.8	  0.0	0.000	4.002	4.002
123	  V	  2.1	  0.0	0.000	4.002	4.002
124	  A	  1.8	  0.0	0.000	3.530	3.530
125	  A	  1.6	  0.0	0.000	3.131	3.131
126	  T	  0.8	  0.1	0.000	0.498	0.498
127	  Q	  0.8	  0.1	0.000	0.000	0.000
128	  E	  0.5	  0.1	0.000	0.000	0.000
129	  D	  0.1	  0.1	0.000	0.000	0.000
130	  P	  0.0	  0.2	0.000	0.000	0.000
131	  P	  0.0	  0.2	0.000	0.000	0.000
132	  K	  0.3	  0.2	0.000	0.000	0.000
133	  M	  0.3	  1.1	0.000	0.000	0.000
134	  G	  0.3	  0.9	0.000	0.000	0.000
135	  D	  0.2	  1.6	0.167	0.000	0.000
136	  L	  0.4	  1.7	0.167	0.000	0.000
137	  S	  0.6	  0.8	0.167	0.000	0.000
138	  K	  1.3	  0.8	0.167	0.000	0.000
139	  L	  1.2	  0.1	0.167	0.000	0.000
140	  S	  1.0	  1.3	0.167	0.000	0.000
141	  P	  0.1	  1.2	0.000	0.000	0.000
142	  G	  0.0	  1.4	0.000	0.000	0.000
143	  L	  0.1	  1.4	0.000	0.000	0.000
144	  G	  0.1	  0.3	0.000	0.000	0.000
145	  S	  0.1	  0.2	0.000	0.000	0.000
146	  P	  0.0	  0.0	0.000	0.000	0.000
147	  I	  1.3	  0.1	0.000	0.000	0.000
148	  S	  1.4	  0.2	0.000	0.000	0.000
149	  G	  1.4	  0.2	0.000	0.000	0.000
150	  L	  0.3	  0.2	0.000	0.000	0.000
151	  S	  0.5	  0.2	0.000	0.000	0.000
152	  K	  3.8	  0.1	0.000	0.000	0.000
153	  L	  3.7	  0.1	0.000	0.000	0.000
154	  T	  3.5	  1.1	0.000	0.000	0.000
155	  P	  0.2	  1.1	0.000	0.000	0.000
156	  D	  0.0	  1.1	0.000	0.000	0.000
157	  R	  0.1	  1.1	0.000	0.000	0.000
158	  K	  0.1	  0.4	0.000	0.000	0.000
159	  P	  0.1	  0.6	0.000	0.000	0.000
160	  S	  0.1	  0.9	0.000	0.000	0.000
161	  R	  0.1	  1.0	0.000	0.000	0.000
162	  G	  0.1	  0.6	0.000	0.000	0.000
163	  R	  0.1	  0.4	0.000	0.000	0.000
164	  L	  0.1	  0.4	0.000	0.000	0.000
165	  P	  0.1	  0.4	0.000	0.000	0.000
166	  S	  0.7	  0.6	0.130	0.000	0.000
167	  K	  1.4	  0.6	0.130	0.000	0.000
168	  T	  2.5	  0.2	0.436	0.000	0.000
169	  K	  2.0	  0.2	0.436	0.000	0.000
170	  K	  1.5	  0.1	0.436	0.000	0.000
171	  E	  0.5	  0.1	0.436	0.000	0.000
172	  F	  1.8	  0.1	0.436	0.000	0.000
173	  I	  1.8	  0.0	0.306	0.000	0.000
174	  C	  2.0	  0.0	0.306	0.000	0.000
175	  K	  1.3	  0.0	0.306	0.000	0.000
176	  F	  2.7	  0.3	0.306	0.000	0.000
177	  C	  2.6	  0.4	0.149	0.000	0.000
178	  G	  1.7	  0.5	0.000	0.000	0.000
179	  R	  1.8	  0.5	0.000	0.000	0.000
180	  H	  4.5	  0.2	0.000	0.000	0.000
181	  F	  8.3	  0.1	0.000	0.000	0.000
182	  T	  9.6	  0.1	0.000	0.000	0.000
183	  K	  7.1	  0.1	0.000	0.000	0.000
184	  S	 11.9	  0.5	0.000	0.835	0.835
185	  Y	 10.4	  0.5	0.000	7.562	7.562
186	  N	 10.0	  0.3	0.000	7.562	7.562
187	  L	  2.5	  0.3	0.000	7.562	7.562
188	  L	  1.3	  0.0	0.000	7.562	7.562
189	  I	  1.8	  0.0	0.000	7.562	7.562
190	  H	  1.3	  0.1	0.000	0.000	0.000
191	  E	  1.1	  0.1	0.000	0.000	0.000
192	  R	  0.9	  0.1	0.000	0.000	0.000
193	  T	  3.6	  0.2	0.000	0.000	0.000
194	  H	  3.7	  0.2	0.000	0.000	0.000
195	  T	  3.4	  0.2	0.000	0.000	0.000
196	  D	  0.5	  0.2	0.000	0.000	0.000
197	  E	  0.1	  0.2	0.000	0.000	0.000
198	  R	  0.1	  0.0	0.000	0.000	0.000
199	  P	  0.0	  0.0	0.000	0.000	0.000
200	  Y	 18.1	  0.0	0.000	0.000	0.000
201	  T	 19.8	  0.0	0.096	0.000	0.000
202	  C	 20.7	  0.0	0.096	0.000	0.000
203	  D	  3.4	  0.0	0.455	0.000	0.000
204	  I	  1.6	  0.0	0.455	0.000	0.000
205	  C	  2.9	  0.0	0.455	0.000	0.000
206	  H	  2.8	  0.1	0.455	0.000	0.000
207	  K	  2.6	  0.1	0.455	0.000	0.000
208	  A	  0.9	  0.1	0.455	0.000	0.000
209	  F	  2.5	  0.1	0.455	0.000	0.000
210	  R	  2.9	  0.1	0.118	0.000	0.000
211	  R	  3.6	  0.5	0.000	0.000	0.000
212	  Q	  1.8	  0.5	0.000	0.000	0.000
213	  D	  1.3	  0.5	0.000	0.000	0.000
214	  H	  0.9	  0.4	0.000	0.000	0.000
215	  L	  1.0	  0.2	0.000	0.000	0.000
216	  R	  1.1	  0.2	0.000	0.000	0.000
217	  D	  0.3	  0.2	0.000	0.000	0.000
218	  H	  1.0	  0.2	0.000	0.000	0.000
219	  R	  1.8	  0.1	0.000	0.000	0.000
220	  Y	  2.4	  0.0	0.000	0.000	0.000
221	  I	  2.0	  0.0	0.000	0.000	0.000
222	  H	  1.2	  0.1	0.000	0.000	0.000
223	  S	  1.0	  0.2	0.000	0.000	0.000
224	  K	  1.2	  0.2	0.000	0.000	0.000
225	  E	  1.1	  0.2	0.000	0.000	0.000
226	  K	  0.6	  0.1	0.000	0.000	0.000
227	  P	  0.0	  0.0	0.000	0.000	0.000
228	  F	  4.5	  0.0	0.000	0.000	0.000
229	  K	  5.3	  0.0	0.000	0.000	0.000
230	  C	  5.7	  0.2	0.000	0.000	0.000
231	  Q	  1.4	  0.3	0.000	0.000	0.000
232	  E	  0.6	  0.5	0.000	0.000	0.000
233	  C	  0.4	  0.7	0.000	0.000	0.000
234	  G	  0.3	  1.1	0.000	0.000	0.000
235	  K	  0.3	  1.0	0.000	0.000	0.000
236	  G	  0.1	  0.8	0.000	0.000	0.000
237	  F	  2.2	  0.6	0.000	0.000	0.000
238	  C	  2.8	  0.2	0.000	0.000	0.000
239	  Q	  2.9	  0.2	0.000	0.000	0.000
240	  S	  1.0	  0.3	0.188	0.000	0.000
241	  R	  0.7	  0.3	0.188	0.000	0.000
242	  T	  1.0	  0.1	0.188	0.000	0.000
243	  L	  1.2	  0.1	0.188	0.000	0.000
244	  A	  1.8	  0.0	0.188	0.000	0.000
245	  V	  2.5	  0.0	0.188	0.000	0.000
246	  H	  2.4	  0.2	0.188	0.000	0.000
247	  K	  1.7	  0.2	0.000	0.000	0.000
248	  T	  1.9	  0.2	0.000	0.000	0.000
249	  L	  2.8	  0.2	0.000	0.000	0.000
250	  H	  3.3	  0.0	0.000	0.000	0.000
251	  M	  2.0	  0.0	0.000	0.000	0.000
252	  Q	  0.9	  0.0	0.000	0.000	0.000
253	  E	  0.2	  0.0	0.000	0.000	0.000
254	  S	  0.1	  0.4	0.000	0.000	0.000
255	  P	  0.0	  0.4	0.000	0.000	0.000
256	  H	  1.3	  0.4	0.000	0.000	0.000
257	  K	  1.4	  0.4	0.000	0.000	0.000
258	  C	  1.4	  0.9	0.000	0.000	0.000
259	  P	  0.1	  0.9	0.000	0.000	0.000
260	  T	  0.4	  0.9	0.000	0.000	0.000
261	  C	  0.6	  1.2	0.000	0.000	0.000
262	  G	  0.6	  0.4	0.000	0.000	0.000
263	  R	  1.5	  0.4	0.000	0.000	0.000
264	  T	 10.5	  0.4	0.000	0.000	0.000
265	  F	 12.0	  0.1	0.000	0.000	0.000
266	  N	 11.0	  0.1	0.000	0.000	0.000
267	  Q	  2.2	  0.2	0.000	0.000	0.000
268	  R	  0.8	  0.4	0.000	0.000	0.000
269	  S	  0.4	  0.4	0.000	0.000	0.000
270	  N	  0.5	  0.3	0.279	0.000	0.000
271	  L	  0.5	  0.3	0.279	0.000	0.000
272	  K	  0.9	  0.1	0.279	0.000	0.000
273	  T	  1.6	  0.1	0.279	0.000	0.000
274	  H	  2.0	  0.1	0.279	0.000	0.000
275	  L	  1.7	  0.0	0.279	0.000	0.000
276	  L	  2.0	  0.0	0.159	0.000	0.000
277	  T	  4.3	  0.0	0.000	0.000	0.000
278	  H	  4.4	  0.2	0.000	0.000	0.000
279	  T	  3.5	  0.2	0.000	0.000	0.000
280	  D	  2.5	  0.2	0.000	0.000	0.000
281	  I	  2.4	  0.1	0.000	0.000	0.000
282	  K	  2.1	  0.1	0.000	0.000	0.000
283	  P	  0.3	  0.1	0.000	0.000	0.000
284	  Y	 18.9	  0.1	0.000	0.000	0.000
285	  S	 26.5	  0.1	0.000	0.000	0.000
286	  C	 27.7	  0.2	0.092	0.000	0.000
287	  E	 10.6	  0.2	0.092	0.000	0.000
288	  Q	  1.4	  0.3	0.092	0.000	0.000
289	  C	  0.3	  0.3	0.092	0.000	0.000
290	  G	  0.3	  0.1	0.092	0.000	0.000
291	  K	  1.2	  0.1	0.092	0.000	0.000
292	  V	  3.4	  0.0	0.000	0.000	0.000
293	  F	  5.4	  0.1	0.000	0.000	0.000
294	  R	  5.1	  0.3	0.000	0.000	0.000
295	  R	  2.7	  0.3	0.000	0.000	0.000
296	  N	  1.2	  0.6	0.000	0.000	0.000
297	  C	  0.9	  0.6	0.168	0.000	0.000
298	  D	  1.3	  0.4	0.379	0.000	0.000
299	  L	  1.0	  0.4	0.379	0.000	0.000
300	  R	  1.0	  0.1	0.379	0.000	0.000
301	  R	  0.8	  0.1	0.379	0.000	0.000
302	  H	  0.8	  0.2	0.379	0.000	0.000
303	  S	  2.0	  0.1	0.210	0.000	0.000
304	  L	  3.0	  0.1	0.000	0.000	0.000
305	  T	  7.6	  0.1	0.000	0.000	0.000
306	  H	  6.1	  0.0	0.000	0.000	0.000
307	  T	  4.9	  0.2	0.000	0.000	0.000
308	  P	  0.2	  0.2	0.000	0.000	0.000
309	  R	  1.2	  0.6	0.000	0.000	0.000
310	  Q	  1.6	  0.6	0.000	0.000	0.000
311	  D	  1.6	  0.5	0.000	0.000	0.000
312	  F	  0.4	  0.4	0.000	0.000	0.000
