res	aa	Beta	Turn	Helix	Aggregation	Conc-Stab_Aggregation
01	  M	  0.0	  0.0	0.000	0.000	0.000
02	  P	  0.0	  0.0	0.000	0.000	0.000
03	  A	  0.0	  0.0	0.000	0.000	0.000
04	  R	  0.0	  1.8	0.000	0.000	0.000
05	  P	  0.0	  1.9	0.000	0.000	0.000
06	  G	  0.0	  2.0	0.000	0.000	0.000
07	  R	  0.9	  2.0	0.000	0.000	0.000
08	  L	  1.0	  0.2	0.000	0.000	0.000
09	  L	  1.0	  0.0	0.208	0.000	0.000
10	  P	  0.1	  0.0	0.208	0.000	0.000
11	  L	  0.2	  0.0	0.208	0.000	0.000
12	  L	  0.3	  0.0	0.208	0.000	0.000
13	  A	  0.3	  0.0	0.498	0.000	0.000
14	  R	  0.1	  0.0	4.728	0.000	0.000
15	  P	  0.0	  0.0	6.739	0.105	0.105
16	  A	  0.1	  0.0	9.231	8.695	8.695
17	  A	  0.2	  0.0	20.091	36.552	36.552
18	  L	  0.7	  0.0	22.074	69.492	69.492
19	  T	  0.9	  0.0	38.788	75.518	75.518
20	  A	  0.9	  0.0	39.689	85.600	85.600
21	  L	  1.0	  0.0	40.088	97.217	97.217
22	  L	  1.3	  0.0	40.213	99.033	99.033
23	  L	  1.7	  0.0	40.213	99.001	99.001
24	  L	  1.7	  0.0	39.982	98.649	98.649
25	  L	  1.2	  0.0	39.246	96.464	96.464
26	  L	  0.7	  0.1	38.092	82.862	82.862
27	  G	  0.1	  0.2	33.361	6.916	6.916
28	  H	  0.0	  0.4	14.352	0.053	0.053
29	  G	  0.0	  0.4	0.789	0.003	0.003
30	  G	  0.0	  0.8	0.000	0.000	0.000
31	  G	  0.0	  0.7	0.000	0.000	0.000
32	  G	  0.0	  0.6	0.000	0.000	0.000
33	  R	  0.2	  0.7	0.000	0.000	0.000
34	  W	  0.3	  0.4	0.000	0.000	0.000
35	  G	  0.3	  0.4	0.918	0.000	0.000
36	  A	  0.2	  0.3	0.918	0.000	0.000
37	  R	  0.2	  0.1	1.045	0.000	0.000
38	  A	  0.2	  0.1	1.045	0.000	0.000
39	  Q	  0.2	  0.1	1.045	0.000	0.000
40	  E	  0.1	  0.1	1.752	0.000	0.000
41	  A	  0.1	  0.1	1.757	0.000	0.000
42	  A	  0.1	  0.0	1.757	0.000	0.000
43	  A	  0.1	  0.0	1.757	0.000	0.000
44	  A	  0.1	  0.0	1.614	0.000	0.000
45	  A	  0.1	  1.1	1.460	0.000	0.000
46	  A	  0.1	  1.1	1.134	0.000	0.000
47	  D	  0.0	  1.1	0.668	0.000	0.000
48	  G	  0.0	  1.1	0.151	0.000	0.000
49	  P	  0.0	  0.0	0.000	0.000	0.000
50	  P	  0.0	  0.0	0.000	0.000	0.000
51	  A	  0.0	  1.1	0.000	0.000	0.000
52	  A	  0.0	  1.4	0.000	0.000	0.000
53	  D	  0.0	  1.5	0.000	0.000	0.000
54	  G	  0.0	  2.9	0.000	0.000	0.000
55	  E	  0.0	  2.4	0.000	0.000	0.000
56	  D	  0.0	  2.2	0.000	0.000	0.000
57	  G	  0.1	  2.1	0.000	0.000	0.000
58	  Q	  0.1	  0.7	0.000	0.000	0.000
59	  D	  0.1	  0.7	0.000	0.000	0.000
60	  P	  0.0	  0.7	0.000	0.000	0.000
61	  H	  0.1	  0.8	0.000	0.000	0.000
62	  S	  0.3	  0.9	0.000	0.000	0.000
63	  K	  0.4	  0.3	0.000	0.000	0.000
64	  H	  0.8	  0.2	0.000	0.000	0.000
65	  L	  0.9	  0.1	0.000	0.000	0.000
66	  Y	  6.5	  0.0	0.000	0.000	0.000
67	  T	  6.2	  0.4	0.000	0.000	0.000
68	  A	  5.9	  0.4	0.000	0.000	0.000
69	  D	  0.6	  0.4	0.000	0.000	0.000
70	  M	  0.7	  0.3	0.000	0.000	0.000
71	  F	  4.9	  0.1	0.000	0.000	0.000
72	  T	  4.8	  0.2	0.000	0.000	0.000
73	  H	  4.6	  0.3	0.000	0.000	0.000
74	  G	  0.5	  0.3	0.000	0.000	0.000
75	  I	  0.5	  0.3	0.000	0.025	0.025
76	  Q	  0.3	  0.1	0.000	0.025	0.025
77	  S	  0.4	  0.1	0.000	0.091	0.091
78	  A	  0.3	  0.1	0.000	0.668	0.668
79	  A	  0.6	  0.0	0.000	1.350	1.350
80	  H	  2.8	  0.0	0.000	2.157	2.157
81	  F	  4.4	  0.0	0.000	93.480	93.480
82	  V	  5.8	  0.0	0.000	93.584	93.584
83	  M	  4.3	  0.0	0.000	93.584	93.584
84	  F	  6.4	  0.0	0.000	93.584	93.584
85	  F	  4.8	  0.0	0.000	93.428	93.428
86	  A	  4.0	  0.2	0.000	1.383	1.383
87	  P	  0.2	  0.2	0.000	0.817	0.817
88	  W	  0.3	  0.2	0.000	0.000	0.000
89	  C	  0.4	  0.3	0.000	0.000	0.000
90	  G	  0.5	  0.1	0.000	0.000	0.000
91	  H	  1.2	  0.1	0.000	0.000	0.000
92	  C	  1.9	  0.1	0.000	0.000	0.000
93	  Q	  2.2	  0.1	0.000	0.000	0.000
94	  R	  2.1	  0.1	0.000	0.000	0.000
95	  L	  1.3	  0.1	0.000	0.000	0.000
96	  Q	  1.0	  0.2	0.000	0.000	0.000
97	  P	  0.1	  0.2	0.000	0.000	0.000
98	  T	  6.7	  0.3	0.000	0.000	0.000
99	  W	  6.9	  0.4	0.000	0.000	0.000
100	  N	  6.9	  0.4	0.000	0.000	0.000
101	  D	  0.3	  0.7	0.140	0.000	0.000
102	  L	  0.0	  1.2	0.140	0.000	0.000
103	  G	  0.0	  1.1	0.140	0.000	0.000
104	  D	  0.1	  1.1	0.140	0.000	0.000
105	  K	  1.0	  0.8	0.140	0.000	0.000
106	  Y	  2.4	  0.3	0.140	0.000	0.000
107	  N	  2.3	  0.2	0.140	0.000	0.000
108	  S	  2.6	  0.1	0.732	0.000	0.000
109	  M	  1.3	  0.3	0.732	0.000	0.000
110	  E	  1.3	  0.3	0.898	0.000	0.000
111	  D	  0.1	  0.3	1.166	0.000	0.000
112	  A	  0.3	  0.3	1.166	0.000	0.000
113	  K	  1.3	  0.0	1.166	0.000	0.000
114	  V	  7.3	  0.0	0.721	0.202	0.202
115	  Y	  9.4	  0.0	0.721	0.202	0.202
116	  V	  9.2	  0.0	0.268	0.202	0.202
117	  A	  3.6	  0.0	0.268	0.202	0.202
118	  K	  2.3	  0.1	0.134	0.202	0.202
119	  V	  4.0	  0.1	0.000	0.202	0.202
120	  D	  4.2	  0.1	0.000	0.202	0.202
121	  C	  8.9	  0.1	0.000	0.000	0.000
122	  T	  7.1	  0.0	0.000	0.000	0.000
123	  A	  6.7	  0.0	0.000	0.000	0.000
124	  H	  0.8	  0.5	0.000	0.000	0.000
125	  S	  0.1	  0.5	0.000	0.000	0.000
126	  D	  0.5	  0.5	0.123	0.000	0.000
127	  V	  1.5	  0.5	0.123	0.000	0.000
128	  C	  5.7	  0.0	0.123	0.000	0.000
129	  S	  5.6	  0.5	0.123	0.000	0.000
130	  A	  4.6	  0.6	0.123	0.000	0.000
131	  Q	  0.3	  0.6	0.123	0.000	0.000
132	  G	  0.1	  0.6	0.000	0.000	0.000
133	  V	  0.9	  0.5	0.000	0.000	0.000
134	  R	  1.0	  0.3	0.000	0.000	0.000
135	  G	  1.0	  0.3	0.000	0.000	0.000
136	  Y	  0.2	  0.9	0.000	0.000	0.000
137	  P	  0.0	  0.6	0.159	0.000	0.000
138	  T	  3.3	  0.6	0.354	0.000	0.000
139	  L	  4.7	  0.6	0.354	0.000	0.000
140	  K	  4.9	  0.1	0.354	0.000	0.000
141	  L	  2.2	  0.1	0.354	0.000	0.000
142	  F	  0.9	  0.1	0.354	0.000	0.000
143	  K	  0.6	  1.8	0.195	0.000	0.000
144	  P	  0.2	  1.8	0.000	0.000	0.000
145	  G	  0.0	  1.9	0.148	0.000	0.000
146	  Q	  0.0	  1.9	0.148	0.000	0.000
147	  E	  0.1	  0.1	0.148	0.000	0.000
148	  A	  0.8	  0.1	0.148	0.000	0.000
149	  V	  4.1	  0.0	0.148	0.000	0.000
150	  K	  5.1	  0.0	0.148	0.000	0.000
151	  Y	  4.8	  0.0	0.000	0.000	0.000
152	  Q	  1.5	  0.0	0.000	0.000	0.000
153	  G	  0.4	  0.3	0.000	0.000	0.000
154	  P	  0.0	  0.6	0.000	0.000	0.000
155	  R	  0.2	  0.6	0.000	0.000	0.000
156	  D	  0.8	  0.6	1.142	0.000	0.000
157	  F	  1.3	  0.4	1.142	0.000	0.000
158	  Q	  1.2	  0.1	1.142	0.000	0.000
159	  T	  1.7	  0.1	1.142	0.000	0.000
160	  L	  1.3	  0.7	1.142	0.000	0.000
161	  E	  1.2	  0.5	1.142	0.000	0.000
162	  N	  0.2	  0.5	0.972	0.000	0.000
163	  W	  0.6	  0.5	0.514	0.000	0.000
164	  M	  0.8	  0.0	0.221	0.000	0.000
165	  L	  0.8	  0.0	0.000	0.000	0.000
166	  Q	  0.5	  0.1	0.000	0.000	0.000
167	  T	  2.1	  0.1	0.000	0.000	0.000
168	  L	  2.1	  0.1	0.000	0.000	0.000
169	  N	  1.9	  0.0	0.000	0.000	0.000
170	  E	  0.1	  0.0	0.000	0.000	0.000
171	  E	  0.0	  0.0	0.000	0.000	0.000
172	  P	  0.0	  0.0	0.000	0.000	0.000
173	  V	  0.6	  0.0	0.000	0.000	0.000
174	  T	  0.6	  0.0	0.000	0.000	0.000
175	  P	  0.6	  0.0	0.000	0.000	0.000
176	  E	  0.0	  0.0	0.000	0.000	0.000
177	  P	  0.0	  0.0	0.000	0.000	0.000
178	  E	  5.5	  0.0	0.000	0.000	0.000
179	  V	  5.6	  0.0	0.000	0.000	0.000
180	  E	  5.6	  0.0	0.000	0.000	0.000
181	  P	  0.0	  0.5	0.000	0.000	0.000
182	  P	  0.0	  0.5	0.000	0.000	0.000
183	  S	  0.1	  0.5	0.000	0.000	0.000
184	  A	  0.1	  0.7	0.000	0.000	0.000
185	  P	  0.1	  0.3	0.000	0.000	0.000
186	  E	  1.4	  0.3	0.000	0.000	0.000
187	  L	  1.5	  0.4	0.000	0.000	0.000
188	  K	  1.5	  0.3	0.000	0.000	0.000
189	  Q	  0.1	  0.3	0.000	0.000	0.000
190	  G	  0.0	  0.3	0.000	0.000	0.000
191	  L	  0.2	  0.1	0.000	0.000	0.000
192	  Y	  2.5	  0.1	0.000	0.000	0.000
193	  E	  2.9	  0.0	0.000	0.000	0.000
194	  L	  3.4	  0.1	0.000	0.000	0.000
195	  S	  4.1	  1.3	0.000	0.000	0.000
196	  A	  3.6	  1.5	0.000	0.000	0.000
197	  S	  3.0	  1.5	0.000	0.000	0.000
198	  N	  2.6	  1.5	0.000	0.000	0.000
199	  F	  4.8	  0.3	0.000	0.000	0.000
200	  E	  6.0	  0.0	0.000	0.000	0.000
201	  L	  4.7	  0.0	0.000	0.000	0.000
202	  H	  4.1	  0.0	0.000	0.000	0.000
203	  V	  4.3	  0.1	0.000	0.000	0.000
204	  A	  3.1	  0.4	0.000	0.000	0.000
205	  Q	  1.5	  1.2	0.000	0.000	0.000
206	  G	  0.0	  1.2	0.000	0.000	0.000
207	  D	  0.3	  1.1	0.000	0.000	0.000
208	  H	  2.9	  0.9	0.000	0.000	0.000
209	  F	  4.1	  0.1	0.000	0.000	0.000
210	  I	  6.8	  0.0	0.000	0.000	0.000
211	  K	  4.5	  0.0	0.000	0.000	0.000
212	  F	  7.1	  0.0	0.000	0.000	0.000
213	  F	  4.3	  0.0	0.000	0.000	0.000
214	  A	  4.0	  0.2	0.000	0.000	0.000
215	  P	  0.2	  0.2	0.000	0.000	0.000
216	  W	  0.3	  0.2	0.000	0.000	0.000
217	  C	  0.4	  0.3	0.000	0.000	0.000
218	  G	  0.5	  0.1	0.000	0.000	0.000
219	  H	  0.8	  0.1	0.000	0.000	0.000
220	  C	  1.7	  0.1	0.000	0.000	0.000
221	  K	  1.8	  0.1	0.000	0.000	0.000
222	  A	  1.4	  0.1	0.000	0.000	0.000
223	  L	  0.3	  0.1	0.000	0.000	0.000
224	  A	  0.2	  0.2	0.000	0.000	0.000
225	  P	  0.0	  0.2	0.000	0.000	0.000
226	  T	  8.1	  0.2	0.127	0.000	0.000
227	  W	  8.7	  0.4	0.542	0.000	0.000
228	  E	  8.7	  0.2	0.542	0.000	0.000
229	  Q	  0.8	  0.2	0.542	0.000	0.000
230	  L	  0.5	  0.3	0.542	0.000	0.000
231	  A	  0.5	  0.1	0.542	0.000	0.000
232	  L	  0.5	  0.2	0.542	0.000	0.000
233	  G	  0.2	  0.2	0.425	0.000	0.000
234	  L	  0.5	  0.1	0.000	0.000	0.000
235	  E	  0.5	  0.1	0.000	0.000	0.000
236	  H	  0.5	  0.1	0.000	0.000	0.000
237	  S	  0.2	  0.2	1.294	0.000	0.000
238	  E	  0.1	  0.2	1.294	0.000	0.000
239	  T	 16.0	  0.2	1.294	0.000	0.000
240	  V	 22.3	  0.1	1.294	0.000	0.000
241	  K	 22.4	  0.1	1.294	0.000	0.000
242	  I	  7.5	  0.2	1.294	0.000	0.000
243	  G	  0.3	  0.2	1.294	0.000	0.000
244	  K	  1.4	  0.3	0.209	0.000	0.000
245	  V	  3.8	  0.2	0.000	0.000	0.000
246	  D	  4.3	  0.1	0.000	0.000	0.000
247	  C	  6.5	  0.2	0.000	0.000	0.000
248	  T	  4.9	  0.1	0.000	0.000	0.000
249	  Q	  5.9	  0.1	0.000	0.000	0.000
250	  H	  6.0	  0.1	0.000	0.000	0.000
251	  Y	  7.3	  0.1	0.000	0.000	0.000
252	  E	  6.0	  0.1	0.000	0.000	0.000
253	  L	  2.8	  0.1	0.000	0.000	0.000
254	  C	  0.9	  0.3	0.000	0.000	0.000
255	  S	  0.8	  1.5	0.000	0.000	0.000
256	  G	  0.4	  1.5	0.127	0.000	0.000
257	  N	  0.3	  1.5	0.500	0.000	0.000
258	  Q	  0.7	  1.3	0.500	0.000	0.000
259	  V	  1.5	  0.3	0.500	0.000	0.000
260	  R	  1.5	  0.3	0.500	0.000	0.000
261	  G	  1.0	  0.3	0.500	0.000	0.000
262	  Y	  0.2	  0.9	0.500	0.000	0.000
263	  P	  0.0	  0.6	0.000	0.730	0.730
264	  T	  0.8	  0.6	0.000	60.254	60.254
265	  L	  1.3	  0.6	0.000	60.254	60.254
266	  L	  1.7	  0.0	0.000	60.254	60.254
267	  W	  2.1	  0.0	0.000	60.254	60.254
268	  F	  2.3	  0.7	0.000	60.254	60.254
269	  R	  1.9	  1.5	0.000	0.000	0.000
270	  D	  0.8	  1.6	0.000	0.000	0.000
271	  G	  0.0	  1.7	0.000	0.000	0.000
272	  K	  0.2	  1.0	0.000	0.000	0.000
273	  K	  1.6	  0.1	0.000	0.000	0.000
274	  V	  2.9	  0.1	0.000	0.000	0.000
275	  D	  3.3	  0.1	0.203	0.000	0.000
276	  Q	  3.9	  0.1	0.203	0.000	0.000
277	  Y	  3.1	  2.2	0.203	0.000	0.000
278	  K	  2.4	  2.2	0.203	0.000	0.000
279	  G	  0.4	  2.3	0.830	0.000	0.000
280	  K	  0.1	  2.6	0.830	0.000	0.000
281	  R	  0.2	  0.5	0.627	0.000	0.000
282	  D	  0.4	  0.4	2.287	0.000	0.000
283	  L	  0.4	  0.4	2.287	0.000	0.000
284	  E	  0.4	  0.2	2.404	0.000	0.000
285	  S	  2.1	  0.1	2.973	0.000	0.000
286	  L	  2.0	  0.2	2.694	0.000	0.000
287	  R	  2.1	  0.1	2.694	0.000	0.000
288	  E	  0.3	  0.1	2.381	0.000	0.000
289	  Y	  2.3	  0.1	1.937	0.000	0.000
290	  V	  3.7	  0.1	1.382	0.000	0.000
291	  E	  3.7	  0.1	1.382	0.000	0.000
292	  S	  1.8	  0.1	1.129	0.000	0.000
293	  Q	  1.4	  0.1	1.129	0.000	0.000
294	  L	  1.3	  0.1	0.760	0.000	0.000
295	  Q	  1.4	  0.1	0.760	0.000	0.000
296	  R	  0.4	  0.1	0.286	0.000	0.000
297	  T	  0.4	  0.4	0.000	0.000	0.000
298	  E	  0.2	  0.4	0.000	0.000	0.000
299	  T	  0.1	  0.7	0.000	0.000	0.000
300	  G	  0.1	  0.7	0.000	0.000	0.000
301	  A	  0.1	  0.4	0.000	0.000	0.000
302	  T	  0.1	  0.4	0.000	0.000	0.000
303	  E	  0.2	  0.1	0.000	0.000	0.000
304	  T	 17.8	  0.1	0.000	0.000	0.000
305	  V	 18.3	  0.1	0.000	0.000	0.000
306	  T	 18.3	  0.3	0.000	0.000	0.000
307	  P	  0.6	  0.4	0.000	0.000	0.000
308	  S	  0.1	  0.4	0.000	0.000	0.000
309	  E	  0.0	  0.4	0.000	0.000	0.000
310	  A	  0.1	  0.1	0.000	0.000	0.000
311	  P	  0.0	  0.0	0.000	0.000	0.000
312	  V	  1.2	  0.0	0.000	0.000	0.000
313	  L	  1.3	  0.0	0.000	0.000	0.000
314	  A	  1.4	  0.0	0.000	0.000	0.000
315	  A	  0.2	  0.0	0.000	0.000	0.000
316	  E	  0.1	  0.1	0.000	0.000	0.000
317	  P	  0.0	  0.2	0.166	0.000	0.000
318	  E	  0.1	  0.4	0.166	0.000	0.000
319	  A	  0.1	  0.5	0.166	0.000	0.000
320	  D	  0.1	  1.1	1.242	0.000	0.000
321	  K	  0.0	  1.1	1.242	0.000	0.000
322	  G	  0.1	  0.9	1.242	1.336	1.336
323	  T	  4.0	  0.8	1.076	32.235	32.235
324	  V	  5.1	  0.0	1.076	34.838	34.838
325	  L	  5.4	  0.0	1.076	34.838	34.838
326	  A	  1.7	  0.0	1.076	34.838	34.838
327	  L	  0.6	  0.0	0.949	34.519	34.519
328	  T	  0.3	  0.4	0.281	14.509	14.509
329	  E	  0.1	  0.4	0.281	0.000	0.000
330	  N	  0.3	  0.4	0.143	0.000	0.000
331	  N	  1.0	  0.9	0.000	0.000	0.000
332	  F	  1.3	  0.7	0.000	0.000	0.000
333	  D	  1.1	  0.7	0.000	0.000	0.000
334	  D	  1.1	  0.7	0.000	0.000	0.000
335	  T	  3.7	  0.2	0.000	0.324	0.324
336	  I	  4.0	  0.1	0.000	2.245	2.245
337	  A	  3.3	  0.2	0.000	2.619	2.619
338	  E	  0.3	  0.4	0.000	3.191	3.191
339	  G	  0.3	  0.4	0.000	14.698	14.698
340	  I	 15.8	  0.4	0.000	14.698	14.698
341	  T	 17.8	  0.2	0.255	14.698	14.698
342	  F	 18.5	  0.0	0.255	14.698	14.698
343	  I	  5.8	  0.0	0.255	14.698	14.698
344	  K	  3.9	  0.0	0.255	3.191	3.191
345	  F	  6.6	  0.0	0.255	3.191	3.191
346	  Y	  4.2	  0.0	0.255	2.632	2.632
347	  A	  4.0	  0.2	0.130	0.000	0.000
348	  P	  0.2	  0.2	0.000	0.000	0.000
349	  W	  0.3	  0.2	0.000	0.000	0.000
350	  C	  0.4	  0.3	0.000	0.000	0.000
351	  G	  0.5	  0.1	0.000	0.000	0.000
352	  H	  0.8	  0.1	0.000	0.000	0.000
353	  C	  0.7	  0.2	0.000	0.000	0.000
354	  K	  0.9	  0.2	0.000	0.000	0.000
355	  T	  1.3	  0.2	0.000	0.000	0.000
356	  L	  1.3	  0.2	0.000	0.000	0.000
357	  A	  1.1	  0.3	0.000	0.000	0.000
358	  P	  0.0	  0.2	0.000	0.000	0.000
359	  T	  7.9	  0.2	0.896	0.000	0.000
360	  W	  8.3	  0.4	1.328	0.000	0.000
361	  E	  8.3	  0.2	1.679	0.000	0.000
362	  E	  0.8	  0.2	1.806	0.000	0.000
363	  L	  0.6	  0.2	1.806	0.000	0.000
364	  S	  0.8	  0.1	1.806	0.000	0.000
365	  K	  0.6	  0.2	1.674	0.000	0.000
366	  K	  0.6	  0.2	1.228	0.000	0.000
367	  E	  0.6	  0.1	0.495	0.000	0.000
368	  F	  0.3	  1.8	0.370	0.000	0.000
369	  P	  0.1	  1.8	0.000	0.000	0.000
370	  G	  0.1	  1.8	0.000	0.000	0.000
371	  L	  0.1	  2.0	0.000	0.000	0.000
372	  A	  0.1	  0.2	0.000	0.000	0.000
373	  G	  0.1	  0.2	0.000	0.000	0.000
374	  V	  7.4	  0.2	0.000	0.000	0.000
375	  K	  8.6	  0.0	0.000	0.000	0.000
376	  I	  8.9	  0.0	0.000	0.000	0.000
377	  A	  2.0	  0.0	0.000	0.000	0.000
378	  E	  5.0	  0.0	0.000	0.000	0.000
379	  V	  7.0	  0.0	0.000	0.000	0.000
380	  D	  7.3	  0.0	0.295	0.000	0.000
381	  C	  8.7	  0.0	0.498	0.000	0.000
382	  T	  6.6	  0.0	0.604	0.000	0.000
383	  A	  6.1	  0.1	0.604	0.000	0.000
384	  E	  0.7	  0.2	0.604	0.000	0.000
385	  R	  0.7	  0.1	0.604	0.000	0.000
386	  N	  1.4	  0.1	0.487	0.000	0.000
387	  I	  1.8	  0.1	0.106	0.000	0.000
388	  C	  3.1	  0.1	0.106	0.000	0.000
389	  S	  2.6	  0.1	0.000	0.000	0.000
390	  K	  2.7	  0.1	0.000	0.000	0.000
391	  Y	  6.1	  0.1	0.000	0.000	0.000
392	  S	  9.3	  0.0	0.000	0.000	0.000
393	  V	  9.3	  0.3	0.000	0.000	0.000
394	  R	  4.6	  0.3	0.000	0.000	0.000
395	  G	  0.9	  0.3	0.000	0.000	0.000
396	  Y	  0.2	  0.8	0.000	0.000	0.000
397	  P	  0.0	  0.6	0.224	0.261	0.261
398	  T	  0.8	  0.6	0.482	21.517	21.517
399	  L	  1.8	  0.6	0.482	21.517	21.517
400	  L	  2.3	  0.0	0.482	21.517	21.517
401	  L	  1.6	  0.0	0.482	21.517	21.517
402	  F	  2.0	  0.1	0.482	21.517	21.517
403	  R	  1.5	  2.1	0.258	0.000	0.000
404	  G	  1.4	  2.2	0.000	0.000	0.000
405	  G	  0.0	  2.2	0.000	0.000	0.000
406	  K	  0.2	  2.1	0.000	0.000	0.000
407	  K	  1.5	  0.1	0.000	0.000	0.000
408	  V	  1.9	  0.1	0.000	0.000	0.000
409	  S	  1.7	  0.2	0.000	0.000	0.000
410	  E	  0.6	  0.2	0.000	0.000	0.000
411	  H	  0.2	  0.6	0.000	0.000	0.000
412	  S	  0.2	  1.3	0.000	0.000	0.000
413	  G	  0.1	  1.4	0.000	0.000	0.000
414	  G	  0.0	  1.6	0.000	0.000	0.000
415	  R	  0.1	  1.3	0.000	0.000	0.000
416	  D	  0.2	  1.9	0.508	0.000	0.000
417	  L	  0.5	  1.8	0.508	0.000	0.000
418	  D	  0.5	  1.6	1.077	0.000	0.000
419	  S	  1.0	  1.6	1.236	0.000	0.000
420	  L	  0.8	  0.2	1.236	0.000	0.000
421	  H	  1.5	  0.1	1.236	0.000	0.000
422	  R	  1.7	  0.0	1.092	0.000	0.000
423	  F	  3.3	  0.0	0.971	0.179	0.179
424	  V	  5.5	  0.0	0.277	0.179	0.179
425	  L	  4.9	  0.1	0.277	0.179	0.179
426	  S	  3.3	  0.1	0.277	0.179	0.179
427	  Q	  0.5	  0.1	0.277	0.179	0.179
428	  A	  0.3	  0.3	0.000	0.179	0.179
429	  K	  0.3	  0.3	0.000	0.000	0.000
430	  D	  0.1	  0.3	0.000	0.000	0.000
431	  E	  0.1	  0.3	0.000	0.000	0.000
432	  L	  0.0	  0.0	0.000	0.000	0.000
