res	aa	Beta	Turn	Helix	Aggregation	Conc-Stab_Aggregation
01	  M	  4.3	  0.0	0.000	0.000	0.000
02	  N	  5.0	  0.0	0.000	0.000	0.000
03	  C	  5.8	  0.0	0.000	0.001	0.001
04	  V	  2.2	  0.0	0.000	0.001	0.001
05	  C	  2.5	  0.0	0.471	0.001	0.001
06	  R	  2.1	  0.0	0.471	0.001	0.001
07	  L	  3.3	  0.0	0.471	85.403	85.403
08	  V	  8.2	  0.0	0.471	98.096	98.096
09	  L	  9.3	  0.0	0.471	99.257	99.257
10	  V	 14.7	  0.0	0.471	99.438	99.438
11	  V	 11.7	  0.0	0.471	99.438	99.438
12	  L	 11.3	  0.0	0.471	92.330	92.330
13	  S	  4.8	  0.0	0.471	47.378	47.378
14	  L	  2.1	  0.0	0.157	41.623	41.623
15	  W	  0.5	  0.7	0.000	10.019	10.019
16	  P	  0.1	  0.7	0.000	4.671	4.671
17	  D	  0.1	  0.7	0.000	0.000	0.000
18	  T	  1.0	  0.7	0.000	0.000	0.000
19	  A	  1.9	  0.1	0.000	0.000	0.000
20	  V	  2.3	  0.0	0.000	0.000	0.000
21	  A	  1.4	  0.0	0.000	0.000	0.000
22	  P	  0.5	  0.0	0.000	0.000	0.000
23	  G	  0.0	  0.0	0.000	0.000	0.000
24	  P	  0.0	  0.0	0.000	0.000	0.000
25	  P	  0.0	  0.0	0.000	0.000	0.000
26	  P	  0.0	  0.0	0.000	0.000	0.000
27	  G	  0.0	  0.0	0.000	0.000	0.000
28	  P	  0.0	  0.2	0.000	0.000	0.000
29	  P	  0.0	  0.2	0.000	0.000	0.000
30	  R	  2.4	  0.2	0.000	0.000	0.000
31	  V	  2.8	  0.2	0.000	0.000	0.000
32	  S	  2.8	  0.0	0.000	0.000	0.000
33	  P	  0.4	  0.0	0.000	0.000	0.000
34	  D	  0.0	  0.6	0.943	0.000	0.000
35	  P	  0.0	  0.6	0.943	0.000	0.000
36	  R	  0.1	  0.6	0.943	0.000	0.000
37	  A	  0.2	  0.7	0.943	0.000	0.000
38	  E	  0.9	  0.1	0.943	0.000	0.000
39	  L	  1.1	  0.2	0.943	0.000	0.000
40	  D	  1.1	  0.3	0.838	0.000	0.000
41	  S	  0.8	  0.2	0.545	5.360	5.360
42	  T	  4.3	  0.1	0.310	21.513	21.513
43	  V	  8.0	  0.1	0.310	21.513	21.513
44	  L	  7.7	  0.0	0.310	21.513	21.513
45	  L	  4.2	  0.0	0.310	21.513	21.513
46	  T	  2.6	  0.1	0.505	18.153	18.153
47	  R	  2.8	  0.1	0.505	0.000	0.000
48	  S	  2.9	  0.1	0.194	0.000	0.000
49	  L	  0.9	  0.1	0.194	0.000	0.000
50	  L	  0.4	  0.2	0.194	0.000	0.000
51	  A	  0.3	  0.2	0.194	0.000	0.000
52	  D	  0.4	  0.3	5.060	0.000	0.000
53	  T	  1.9	  0.3	7.817	0.000	0.000
54	  R	  2.5	  0.2	7.973	0.000	0.000
55	  Q	  2.3	  0.1	8.093	0.000	0.000
56	  L	  0.9	  0.1	8.093	0.000	0.000
57	  A	  0.3	  0.0	8.287	0.000	0.000
58	  A	  0.4	  0.0	8.170	0.000	0.000
59	  Q	  1.1	  0.0	7.826	0.000	0.000
60	  L	  1.2	  0.2	5.857	0.000	0.000
61	  R	  1.0	  0.2	5.277	0.000	0.000
62	  D	  0.3	  0.2	3.888	0.000	0.000
63	  K	  0.2	  0.2	2.936	0.000	0.000
64	  F	  0.2	  0.0	2.301	0.000	0.000
65	  P	  0.1	  1.3	0.000	0.000	0.000
66	  A	  0.0	  1.6	0.000	0.000	0.000
67	  D	  0.0	  2.9	0.000	0.000	0.000
68	  G	  0.0	  3.0	0.000	0.000	0.000
69	  D	  0.0	  2.0	0.000	0.000	0.000
70	  H	  0.3	  1.8	0.000	0.000	0.000
71	  N	  0.5	  1.5	0.000	0.000	0.000
72	  L	  0.8	  1.4	0.000	0.000	0.000
73	  D	  0.6	  1.1	0.000	0.000	0.000
74	  S	  0.5	  1.1	0.000	0.000	0.000
75	  L	  0.2	  0.3	0.000	0.000	0.000
76	  P	  0.1	  0.2	0.000	0.000	0.000
77	  T	  0.5	  0.2	0.000	0.000	0.000
78	  L	  0.8	  0.2	0.000	0.000	0.000
79	  A	  1.1	  0.0	0.000	0.000	0.000
80	  M	  1.5	  0.1	0.000	0.000	0.000
81	  S	  1.2	  0.7	0.595	0.000	0.000
82	  A	  0.9	  0.8	0.595	0.000	0.000
83	  G	  0.1	  1.0	0.595	0.000	0.000
84	  A	  0.1	  1.0	0.595	0.000	0.000
85	  L	  0.1	  0.5	0.595	0.000	0.000
86	  G	  0.1	  0.3	0.595	0.000	0.000
87	  A	  0.2	  0.1	0.595	0.000	0.000
88	  L	  3.3	  0.1	0.190	0.000	0.000
89	  Q	  3.4	  0.0	0.000	0.000	0.000
90	  L	  3.2	  0.8	0.000	0.000	0.000
91	  P	  0.1	  0.8	0.000	0.000	0.000
92	  G	  0.0	  0.8	4.284	0.000	0.000
93	  V	  1.6	  0.8	4.284	0.000	0.000
94	  L	  1.7	  0.0	4.284	0.000	0.000
95	  T	  2.1	  0.0	8.897	0.000	0.000
96	  R	  1.1	  0.0	8.897	0.000	0.000
97	  L	  1.3	  0.1	8.897	0.000	0.000
98	  R	  1.1	  0.6	8.418	0.000	0.000
99	  A	  0.6	  0.6	8.044	0.000	0.000
100	  D	  0.3	  0.6	8.784	0.000	0.000
101	  L	  0.5	  0.7	7.976	9.374	9.374
102	  L	  2.5	  0.1	7.867	9.374	9.374
103	  S	  3.0	  0.1	7.296	9.374	9.374
104	  Y	  3.5	  0.1	6.331	9.374	9.374
105	  L	  2.2	  0.0	5.036	9.374	9.374
106	  R	  2.5	  0.0	4.714	0.000	0.000
107	  H	  2.9	  0.0	3.253	0.000	0.000
108	  V	  4.8	  0.0	2.369	0.000	0.000
109	  Q	  4.8	  0.0	2.369	0.000	0.000
110	  W	  4.1	  0.0	1.693	0.000	0.000
111	  L	  1.5	  0.0	1.575	0.000	0.000
112	  R	  0.9	  0.1	0.993	0.000	0.000
113	  R	  0.3	  0.3	0.494	0.000	0.000
114	  A	  0.2	  0.5	0.000	0.000	0.000
115	  G	  0.1	  1.0	0.000	0.000	0.000
116	  G	  0.0	  1.1	0.000	0.000	0.000
117	  S	  0.1	  1.0	0.000	0.000	0.000
118	  S	  0.6	  0.7	0.251	0.000	0.000
119	  L	  0.8	  0.3	0.251	0.000	0.000
120	  K	  0.9	  0.1	0.251	0.000	0.000
121	  T	  2.3	  0.1	0.251	0.000	0.000
122	  L	  2.2	  0.1	0.251	0.000	0.000
123	  E	  2.0	  0.0	1.138	0.000	0.000
124	  P	  0.1	  0.0	2.203	0.000	0.000
125	  E	  0.0	  0.0	8.186	0.000	0.000
126	  L	  0.0	  0.1	8.855	0.000	0.000
127	  G	  0.0	  0.1	27.611	0.000	0.000
128	  T	  0.6	  0.0	70.418	0.000	0.000
129	  L	  0.7	  0.0	72.843	0.000	0.000
130	  Q	  0.7	  0.0	73.424	0.000	0.000
131	  A	  0.2	  0.0	74.300	0.000	0.000
132	  R	  0.5	  0.1	75.493	0.000	0.000
133	  L	  0.5	  0.1	75.844	0.000	0.000
134	  D	  0.4	  0.1	77.926	0.000	0.000
135	  R	  0.1	  0.1	77.313	0.000	0.000
136	  L	  0.1	  0.0	77.118	0.000	0.000
137	  L	  0.2	  0.0	76.718	0.000	0.000
138	  R	  0.1	  0.0	75.960	0.000	0.000
139	  R	  0.2	  0.0	73.291	0.000	0.000
140	  L	  0.5	  0.0	67.823	0.000	0.000
141	  Q	  0.6	  0.0	66.201	0.000	0.000
142	  L	  0.7	  0.0	58.508	0.000	0.000
143	  L	  0.5	  0.0	53.401	0.000	0.000
144	  M	  0.4	  0.0	48.657	0.000	0.000
145	  S	  0.2	  0.0	30.563	0.000	0.000
146	  R	  0.1	  0.0	15.011	0.000	0.000
147	  L	  0.3	  0.0	11.080	0.000	0.000
148	  A	  0.3	  0.0	8.723	0.000	0.000
149	  L	  0.3	  0.0	5.301	0.000	0.000
150	  P	  0.0	  0.0	0.000	0.000	0.000
151	  Q	  0.0	  0.0	0.000	0.000	0.000
152	  P	  0.0	  0.0	0.000	0.000	0.000
153	  P	  0.0	  0.0	0.000	0.000	0.000
154	  P	  0.0	  0.0	0.000	0.000	0.000
155	  D	  0.0	  0.0	0.000	0.000	0.000
156	  P	  0.0	  0.0	0.000	0.000	0.000
157	  P	  0.0	  0.0	0.000	0.000	0.000
158	  A	  0.0	  0.0	0.000	0.000	0.000
159	  P	  0.0	  0.2	0.000	0.000	0.000
160	  P	  0.0	  0.2	0.000	0.000	0.000
161	  L	  0.0	  0.2	0.000	0.000	0.000
162	  A	  0.0	  0.2	0.000	0.000	0.000
163	  P	  0.0	  0.5	0.000	0.000	0.000
164	  P	  0.0	  0.7	0.000	0.000	0.000
165	  S	  0.1	  0.7	0.000	0.000	0.000
166	  S	  0.3	  0.9	0.000	0.000	0.000
167	  A	  0.4	  0.4	0.000	0.000	0.000
168	  W	  0.3	  1.3	0.000	0.000	0.000
169	  G	  0.1	  1.3	0.000	0.000	0.000
170	  G	  0.1	  1.1	0.198	0.000	0.000
171	  I	  1.5	  1.1	0.198	0.000	0.000
172	  R	  1.6	  0.1	0.198	0.000	0.000
173	  A	  1.6	  0.0	0.198	0.000	0.000
174	  A	  0.3	  0.0	0.198	0.000	0.000
175	  H	  0.9	  0.0	0.198	0.000	0.000
176	  A	  1.4	  0.0	0.000	0.000	0.000
177	  I	  2.5	  0.0	0.000	0.144	0.144
178	  L	  1.8	  0.5	0.000	0.144	0.144
179	  G	  1.2	  0.5	0.000	0.144	0.144
180	  G	  0.0	  0.5	0.000	0.144	0.144
181	  L	  1.1	  0.5	0.000	0.144	0.144
182	  H	  1.7	  0.0	0.000	0.000	0.000
183	  L	  3.9	  0.0	0.000	0.575	0.575
184	  T	  4.3	  0.1	1.647	0.575	0.575
185	  L	  4.7	  0.1	1.647	0.774	0.774
186	  D	  2.5	  0.1	2.686	0.774	0.774
187	  W	  1.7	  0.1	2.889	0.774	0.774
188	  A	  1.3	  0.0	3.148	0.774	0.774
189	  V	  2.0	  0.1	3.301	0.774	0.774
190	  R	  1.4	  0.1	3.301	0.774	0.774
191	  G	  0.8	  0.1	3.700	1.398	1.398
192	  L	  1.0	  0.1	2.863	1.398	1.398
193	  L	  1.9	  0.0	2.261	1.398	1.398
194	  L	  2.1	  0.0	2.261	1.398	1.398
195	  L	  1.3	  0.1	2.261	1.398	1.398
196	  K	  0.7	  0.1	2.104	0.000	0.000
197	  T	  0.9	  0.1	0.000	0.000	0.000
198	  R	  0.7	  0.1	0.000	0.000	0.000
199	  L	  0.4	  0.0	0.000	0.000	0.000
