res	aa	Beta	Turn	Helix	Aggregation	Conc-Stab_Aggregation
01	  M	  0.3	  0.1	0.000	0.000	0.000
02	  Q	  0.5	  0.1	0.000	0.000	0.000
03	  S	  0.6	  0.1	0.000	0.000	0.000
04	  T	  0.6	  0.5	0.000	0.204	0.204
05	  A	  0.5	  0.5	0.000	0.548	0.548
06	  N	  0.4	  0.4	0.000	0.548	0.548
07	  Y	  0.8	  0.4	0.000	0.548	0.548
08	  L	  1.1	  0.0	0.000	0.548	0.548
09	  W	  1.5	  0.0	0.000	0.548	0.548
10	  H	  1.2	  0.2	0.000	0.000	0.000
11	  T	  0.9	  0.4	0.000	0.000	0.000
12	  D	  0.5	  0.5	0.568	0.000	0.000
13	  D	  0.1	  0.6	0.568	0.000	0.000
14	  L	  0.1	  0.5	0.568	0.000	0.000
15	  L	  0.1	  0.4	0.568	0.000	0.000
16	  G	  0.1	  0.7	0.568	0.000	0.000
17	  Q	  0.0	  0.8	0.568	0.000	0.000
18	  G	  0.0	  0.8	0.133	0.000	0.000
19	  A	  0.2	  0.7	0.000	0.000	0.000
20	  T	  3.0	  0.5	0.151	0.000	0.000
21	  A	  3.5	  0.3	0.151	0.000	0.000
22	  S	  4.2	  0.2	1.227	0.000	0.000
23	  V	  2.7	  0.1	1.591	0.000	0.000
24	  Y	  3.3	  0.0	1.591	0.000	0.000
25	  K	  2.5	  0.0	1.591	0.000	0.000
26	  A	  1.3	  0.2	1.591	0.000	0.000
27	  R	  0.2	  0.2	1.591	0.000	0.000
28	  N	  0.1	  0.3	1.421	0.000	0.000
29	  K	  0.1	  0.6	0.482	0.000	0.000
30	  K	  0.2	  0.6	0.000	0.000	0.000
31	  S	  0.2	  0.8	0.000	0.000	0.000
32	  G	  0.1	  0.8	0.311	0.409	0.409
33	  E	  0.1	  0.5	0.436	14.942	14.942
34	  L	  0.8	  0.3	0.436	14.942	14.942
35	  V	  6.9	  0.0	0.436	14.942	14.942
36	  A	  7.4	  0.0	0.436	14.942	14.942
37	  V	 20.7	  0.0	0.436	14.942	14.942
38	  K	 15.6	  0.0	0.436	14.942	14.942
39	  V	 17.9	  0.0	0.107	14.942	14.942
40	  F	  4.8	  0.0	0.107	13.928	13.928
41	  N	  4.1	  0.1	0.000	1.087	1.087
42	  T	  3.9	  0.1	0.000	0.603	0.603
43	  T	  4.7	  0.1	0.000	0.315	0.315
44	  S	  4.9	  0.1	0.000	0.145	0.145
45	  Y	  4.3	  0.0	0.000	0.145	0.145
46	  L	  2.9	  0.0	0.000	0.145	0.145
47	  R	  2.3	  0.1	0.000	0.000	0.000
48	  P	  0.1	  0.2	0.000	0.000	0.000
49	  R	  0.2	  0.2	0.000	0.000	0.000
50	  E	  3.0	  0.2	0.000	0.000	0.000
51	  V	  7.2	  0.0	0.108	0.000	0.000
52	  Q	  7.4	  0.0	0.413	0.000	0.000
53	  V	  5.1	  0.0	0.579	0.000	0.000
54	  R	  1.0	  0.0	2.253	0.000	0.000
55	  E	  1.3	  0.0	2.756	0.000	0.000
56	  F	  9.0	  0.0	4.310	0.000	0.000
57	  E	  9.3	  0.0	5.269	0.000	0.000
58	  V	 10.3	  0.0	5.269	0.000	0.000
59	  L	  2.4	  0.0	5.269	0.000	0.000
60	  R	  2.2	  0.1	5.269	0.000	0.000
61	  K	  1.3	  0.1	5.269	0.000	0.000
62	  L	  1.4	  0.1	3.537	0.000	0.000
63	  N	  1.2	  0.1	2.931	0.000	0.000
64	  H	  0.8	  0.3	1.420	0.000	0.000
65	  Q	  0.6	  0.3	0.410	0.000	0.000
66	  N	  2.5	  0.3	0.235	0.226	0.226
67	  I	  5.0	  0.3	0.235	4.913	4.913
68	  V	 11.7	  0.0	0.235	5.344	5.344
69	  K	 10.0	  0.0	0.235	5.344	5.344
70	  L	  7.6	  0.0	0.235	5.344	5.344
71	  F	  1.8	  0.0	0.235	5.344	5.344
72	  A	  1.8	  0.0	0.000	5.344	5.344
73	  V	  2.0	  0.0	0.000	5.344	5.344
74	  E	  0.9	  0.2	0.000	5.344	5.344
75	  E	  0.6	  0.2	0.000	0.000	0.000
76	  T	  0.0	  0.4	0.152	0.000	0.000
77	  G	  0.0	  0.7	0.152	0.000	0.000
78	  G	  0.0	  0.6	0.152	0.000	0.000
79	  S	  0.3	  0.6	0.152	0.000	0.000
80	  R	  0.5	  0.5	0.152	0.000	0.000
81	  Q	  1.1	  0.2	0.152	0.000	0.000
82	  K	  1.7	  0.1	0.152	0.197	0.197
83	  V	  8.1	  0.0	0.000	0.197	0.197
84	  L	  9.5	  0.0	0.000	0.197	0.197
85	  V	 10.2	  0.0	0.000	0.197	0.197
86	  M	  4.7	  0.0	0.000	0.197	0.197
87	  E	  3.0	  0.0	0.000	0.197	0.197
88	  Y	  3.8	  0.0	0.000	0.197	0.197
89	  C	  3.7	  0.8	0.000	0.000	0.000
90	  S	  3.1	  1.3	0.000	0.000	0.000
91	  S	  1.0	  2.1	0.000	0.000	0.000
92	  G	  0.3	  2.1	0.000	0.000	0.000
93	  S	  0.5	  1.4	0.000	0.628	0.628
94	  L	  0.7	  0.9	0.000	5.696	5.696
95	  L	  2.6	  0.1	0.000	5.696	5.696
96	  S	  3.0	  0.0	0.000	5.696	5.696
97	  V	  4.0	  0.0	0.000	5.696	5.696
98	  L	  2.3	  0.0	0.000	5.696	5.696
99	  E	  1.7	  0.0	0.000	0.000	0.000
100	  S	  0.3	  0.4	0.733	0.000	0.000
101	  P	  0.0	  0.8	0.733	0.000	0.000
102	  E	  0.0	  0.8	0.733	0.000	0.000
103	  N	  0.2	  1.0	0.733	0.000	0.000
104	  A	  0.3	  0.6	0.733	0.000	0.000
105	  F	  0.7	  0.3	0.733	0.000	0.000
106	  G	  0.5	  0.3	0.275	0.000	0.000
107	  L	  0.4	  0.2	0.000	0.000	0.000
108	  P	  0.0	  0.5	0.000	0.000	0.000
109	  E	  0.0	  0.5	0.000	0.000	0.000
110	  D	  0.0	  0.5	3.688	0.000	0.000
111	  E	  0.1	  0.3	3.688	0.647	0.647
112	  F	  1.1	  0.0	3.688	96.631	96.631
113	  L	  2.7	  0.0	3.688	96.631	96.631
114	  V	  9.8	  0.0	3.688	96.631	96.631
115	  V	 10.5	  0.0	3.688	96.631	96.631
116	  L	 11.6	  0.0	3.688	96.631	96.631
117	  R	  5.6	  0.0	3.583	0.647	0.647
118	  C	  5.8	  0.0	3.114	0.637	0.637
119	  V	  7.1	  0.0	1.289	0.896	0.896
120	  V	  6.6	  0.2	1.289	0.871	0.871
121	  A	  4.7	  0.2	1.289	0.566	0.566
122	  G	  0.7	  0.3	0.714	0.309	0.309
123	  M	  0.6	  0.4	0.358	0.286	0.286
124	  N	  0.6	  0.2	0.000	0.000	0.000
125	  H	  1.3	  0.2	0.000	0.000	0.000
126	  L	  0.9	  0.1	0.000	0.000	0.000
127	  R	  0.9	  0.8	0.000	0.000	0.000
128	  E	  0.1	  3.0	0.000	0.000	0.000
129	  N	  0.1	  3.0	0.000	0.000	0.000
130	  G	  0.1	  3.0	0.000	0.000	0.000
131	  I	  2.0	  2.2	0.000	0.000	0.000
132	  V	  3.5	  0.0	0.000	0.000	0.000
133	  H	  3.6	  0.3	0.000	0.000	0.000
134	  R	  2.1	  0.3	0.000	0.000	0.000
135	  D	  2.7	  0.3	0.000	0.000	0.000
136	  I	  3.0	  0.3	0.000	0.000	0.000
137	  K	  2.7	  0.6	0.000	0.000	0.000
138	  P	  0.5	  0.8	0.000	0.000	0.000
139	  G	  0.0	  0.8	0.000	0.000	0.000
140	  N	  0.2	  0.8	0.000	0.000	0.000
141	  I	  3.0	  0.3	0.000	0.000	0.000
142	  M	  4.9	  0.0	0.000	0.000	0.000
143	  R	  5.3	  0.0	0.000	0.000	0.000
144	  L	  2.8	  0.0	0.000	0.000	0.000
145	  V	  0.9	  0.1	0.000	0.000	0.000
146	  G	  0.3	  0.4	0.000	0.000	0.000
147	  E	  0.1	  0.8	0.000	0.000	0.000
148	  E	  0.0	  0.9	0.000	0.000	0.000
149	  G	  0.0	  0.9	0.000	0.000	0.000
150	  Q	  0.1	  0.6	0.000	0.000	0.000
151	  S	  0.4	  0.2	0.000	0.000	0.000
152	  I	  0.9	  0.1	0.000	0.152	0.152
153	  Y	  2.2	  0.0	0.000	0.152	0.152
154	  K	  3.9	  0.0	0.000	0.152	0.152
155	  L	  3.7	  0.2	0.000	0.152	0.152
156	  T	  2.7	  0.2	0.000	0.152	0.152
157	  D	  0.7	  0.7	0.124	0.152	0.152
158	  F	  0.6	  0.9	0.124	0.152	0.152
159	  G	  0.2	  0.8	0.124	0.000	0.000
160	  A	  0.3	  0.8	0.124	0.000	0.000
161	  A	  0.1	  0.3	0.124	0.000	0.000
162	  R	  0.2	  0.1	0.124	0.000	0.000
163	  E	  0.8	  0.2	0.124	0.000	0.000
164	  L	  0.9	  0.4	0.000	0.000	0.000
165	  D	  0.8	  2.3	0.747	0.000	0.000
166	  D	  0.1	  2.4	1.085	0.000	0.000
167	  D	  0.0	  2.4	1.370	0.000	0.000
168	  E	  0.2	  2.2	1.370	0.000	0.000
169	  K	  0.7	  0.2	1.370	0.000	0.000
170	  F	  2.2	  0.1	1.370	55.346	55.346
171	  V	 10.9	  0.0	0.623	55.826	55.826
172	  S	 11.3	  0.0	0.623	55.826	55.826
173	  V	 10.7	  0.0	0.300	55.826	55.826
174	  Y	  2.0	  0.3	0.300	55.826	55.826
175	  G	  1.0	  0.3	0.000	2.610	2.610
176	  T	  0.1	  0.4	0.000	0.466	0.466
177	  E	  0.1	  0.4	0.000	0.000	0.000
178	  E	  0.2	  0.1	0.000	0.000	0.000
179	  Y	  1.2	  0.1	0.000	0.000	0.000
180	  L	  1.3	  0.0	0.000	0.000	0.000
181	  H	  1.2	  1.8	0.141	0.000	0.000
182	  P	  0.1	  1.8	0.310	0.000	0.000
183	  D	  0.3	  1.8	2.315	0.000	0.000
184	  M	  0.5	  1.8	2.571	0.000	0.000
185	  Y	  2.7	  0.1	3.290	0.000	0.000
186	  E	  2.4	  0.1	3.874	0.000	0.000
187	  R	  2.5	  0.1	4.088	0.000	0.000
188	  A	  1.2	  0.1	4.088	0.000	0.000
189	  V	  3.0	  0.0	4.088	0.000	0.000
190	  L	  3.2	  0.0	4.088	0.000	0.000
191	  R	  2.5	  0.0	3.605	0.000	0.000
192	  K	  0.6	  0.1	2.867	0.000	0.000
193	  P	  0.1	  0.2	0.000	0.000	0.000
194	  Q	  0.3	  0.2	0.000	0.000	0.000
195	  Q	  0.4	  0.3	0.000	0.135	0.135
196	  K	  0.5	  0.1	0.000	4.518	4.518
197	  A	  0.3	  0.1	0.000	13.670	13.670
198	  F	  0.4	  0.2	0.000	23.534	23.534
199	  G	  0.3	  0.1	0.000	23.534	23.534
200	  V	 18.8	  0.1	0.000	23.534	23.534
201	  T	 22.6	  0.0	0.000	23.534	23.534
202	  V	 24.4	  0.0	0.000	22.714	22.714
203	  D	  6.7	  0.0	0.220	4.518	4.518
204	  L	  2.5	  0.0	0.220	16.899	16.899
205	  W	  2.4	  0.0	0.220	19.521	19.521
206	  S	  2.3	  0.1	0.334	20.308	20.308
207	  I	  2.2	  0.2	0.334	27.673	27.673
208	  G	  0.5	  0.2	0.334	28.045	28.045
209	  V	  7.5	  0.2	0.113	28.253	28.253
210	  T	  8.4	  0.0	0.113	27.586	27.586
211	  L	  8.8	  0.0	0.113	27.249	27.249
212	  Y	  3.4	  0.0	0.113	23.292	23.292
213	  H	  2.3	  0.0	0.000	0.587	0.587
214	  A	  1.9	  0.3	0.000	0.269	0.269
215	  A	  0.3	  0.5	0.000	0.000	0.000
216	  T	  0.3	  1.0	0.000	0.000	0.000
217	  G	  0.2	  1.0	0.000	0.000	0.000
218	  S	  0.3	  0.7	0.000	0.000	0.000
219	  L	  0.2	  0.5	0.000	0.000	0.000
220	  P	  0.1	  0.0	0.000	0.000	0.000
221	  F	  0.2	  0.0	0.000	0.000	0.000
222	  I	  0.2	  0.1	0.000	0.000	0.000
223	  P	  0.2	  0.3	0.000	0.000	0.000
224	  F	  0.1	  0.3	0.000	0.000	0.000
225	  G	  0.1	  0.4	0.000	0.000	0.000
226	  G	  0.1	  0.5	0.000	0.000	0.000
227	  P	  0.0	  0.4	0.000	0.000	0.000
228	  R	  0.8	  0.5	0.000	0.000	0.000
229	  R	  0.8	  0.5	0.000	0.000	0.000
230	  N	  0.9	  0.3	0.119	0.000	0.000
231	  K	  0.5	  0.2	0.119	0.000	0.000
232	  E	  0.7	  0.1	0.119	0.000	0.000
233	  I	  2.2	  0.0	0.119	0.000	0.000
234	  M	  2.0	  0.0	0.119	0.000	0.000
235	  Y	  7.8	  0.0	0.119	0.000	0.000
236	  R	 12.0	  0.0	0.000	0.000	0.000
237	  I	 15.2	  0.0	0.000	0.000	0.000
238	  T	  9.8	  0.0	0.000	0.000	0.000
239	  T	  4.2	  0.0	0.000	0.000	0.000
240	  E	  0.8	  0.0	0.000	0.000	0.000
241	  K	  0.5	  0.2	0.000	0.000	0.000
242	  P	  0.0	  0.7	0.000	0.000	0.000
243	  A	  0.0	  0.7	0.000	0.000	0.000
244	  G	  0.0	  0.7	0.329	0.000	0.000
245	  A	  0.3	  0.5	0.329	0.000	0.000
246	  I	  1.6	  0.2	0.329	0.000	0.000
247	  A	  1.6	  0.3	0.329	0.000	0.000
248	  G	  1.3	  0.3	1.229	0.000	0.000
249	  A	  0.1	  0.3	1.229	0.000	0.000
250	  Q	  0.4	  0.2	1.062	0.000	0.000
251	  R	  0.5	  0.1	0.900	0.000	0.000
252	  R	  0.5	  0.9	0.900	0.000	0.000
253	  E	  0.2	  0.9	0.900	0.000	0.000
254	  N	  0.1	  0.9	0.750	0.000	0.000
255	  G	  0.0	  1.0	0.370	0.000	0.000
256	  P	  0.0	  0.2	0.000	0.000	0.000
257	  L	  0.5	  0.2	0.000	0.000	0.000
258	  E	  1.4	  0.1	0.000	0.000	0.000
259	  W	  5.0	  0.0	0.000	0.000	0.000
260	  S	 11.8	  0.0	0.000	0.000	0.000
261	  Y	 18.8	  0.0	0.000	0.000	0.000
262	  T	 15.6	  0.0	0.000	0.000	0.000
263	  L	  8.4	  0.0	0.000	0.000	0.000
264	  P	  0.2	  0.0	0.000	0.000	0.000
265	  I	  9.2	  0.0	0.000	0.000	0.000
266	  T	 14.8	  0.0	0.000	0.000	0.000
267	  C	 16.0	  0.1	0.000	0.000	0.000
268	  Q	  7.9	  0.1	0.000	0.000	0.000
269	  L	  3.6	  0.1	0.000	0.000	0.000
270	  S	  2.4	  0.1	0.000	0.000	0.000
271	  L	  1.8	  0.1	0.000	0.000	0.000
272	  G	  0.3	  0.1	0.000	0.000	0.000
273	  L	  0.4	  0.1	0.000	0.000	0.000
274	  Q	  0.5	  0.1	0.000	0.000	0.000
275	  S	  0.7	  0.2	0.000	0.000	0.000
276	  Q	  1.8	  0.2	0.000	0.000	0.000
277	  L	  1.6	  0.1	0.000	0.000	0.000
278	  V	  1.5	  0.0	0.191	0.000	0.000
279	  P	  0.2	  0.0	0.191	0.000	0.000
280	  I	  0.9	  0.0	0.191	3.087	3.087
281	  L	  0.9	  0.2	0.191	3.326	3.326
282	  A	  1.1	  0.2	0.191	3.326	3.326
283	  N	  0.4	  0.2	0.645	3.326	3.326
284	  I	  1.0	  0.2	0.453	3.326	3.326
285	  L	  2.6	  0.0	0.453	2.847	2.847
286	  E	  4.7	  0.0	0.968	0.000	0.000
287	  V	  5.2	  0.0	1.137	0.000	0.000
288	  E	  3.5	  0.0	1.264	0.000	0.000
289	  Q	  1.5	  0.0	1.107	0.000	0.000
290	  A	  0.4	  0.0	1.107	0.000	0.000
291	  K	  0.9	  0.0	1.107	0.000	0.000
292	  C	  1.3	  0.3	0.565	0.000	0.000
293	  W	  1.3	  0.3	0.247	0.000	0.000
294	  G	  0.8	  0.3	0.247	0.000	0.000
295	  F	  1.3	  0.4	0.000	0.000	0.000
296	  D	  1.8	  0.1	0.000	0.000	0.000
297	  Q	  4.9	  0.0	0.000	0.000	0.000
298	  F	  5.6	  0.0	0.000	0.000	0.000
299	  F	  5.3	  0.0	0.000	0.000	0.000
300	  A	  2.1	  0.1	0.000	0.000	0.000
301	  E	  0.5	  0.1	0.000	0.000	0.000
302	  T	  0.2	  0.3	0.221	0.000	0.000
303	  S	  0.2	  0.3	0.709	0.000	0.000
304	  D	  0.2	  0.3	0.709	0.067	0.067
305	  I	  1.4	  0.2	0.709	0.067	0.067
306	  L	  1.5	  0.0	0.709	0.067	0.067
307	  Q	  1.9	  0.0	0.709	0.067	0.067
308	  R	  2.4	  0.0	0.709	0.067	0.067
309	  V	 13.0	  0.0	0.251	44.418	44.418
310	  V	 16.6	  0.0	0.251	47.966	47.966
311	  V	 21.9	  0.0	0.251	48.309	48.309
312	  H	 12.8	  0.0	0.251	48.309	48.309
313	  V	 12.0	  0.0	0.000	49.520	49.520
314	  F	  7.8	  0.0	0.000	47.866	47.866
315	  S	 11.1	  0.3	0.000	25.813	25.813
316	  L	  7.9	  0.3	0.000	23.094	23.094
317	  S	  5.3	  0.3	0.436	7.976	7.976
318	  Q	  0.5	  0.3	0.436	5.791	5.791
319	  A	  1.1	  0.1	0.436	5.903	5.903
320	  V	  3.4	  0.0	0.436	6.121	6.121
321	  L	  3.7	  0.0	0.436	5.327	5.327
322	  H	  6.5	  0.0	0.436	0.614	0.614
323	  H	  7.4	  0.0	0.285	0.614	0.614
324	  I	  7.7	  0.0	0.109	0.919	0.919
325	  Y	  4.8	  0.0	0.109	0.919	0.919
326	  I	  2.7	  0.0	0.000	0.919	0.919
327	  H	  2.0	  0.2	0.000	0.306	0.306
328	  A	  1.4	  0.3	0.000	0.306	0.306
329	  H	  0.6	  0.3	0.000	0.000	0.000
330	  N	  1.6	  0.3	0.148	0.777	0.777
331	  T	  4.4	  0.1	0.148	18.711	18.711
332	  I	  6.6	  0.0	0.148	19.619	19.619
333	  A	  5.6	  0.0	0.148	19.619	19.619
334	  I	  4.1	  0.0	0.148	19.619	19.619
335	  F	  2.6	  0.0	0.148	19.512	19.512
336	  Q	  2.4	  0.1	0.000	1.583	1.583
337	  E	  1.1	  0.1	0.000	0.000	0.000
338	  A	  1.0	  0.1	0.000	0.000	0.000
339	  V	  2.1	  0.0	0.000	0.000	0.000
340	  H	  2.4	  0.1	0.000	0.000	0.000
341	  K	  1.7	  0.2	0.000	0.000	0.000
342	  Q	  0.7	  0.2	0.000	0.000	0.000
343	  T	  1.3	  0.2	0.000	0.000	0.000
344	  S	  2.6	  0.1	0.000	0.000	0.000
345	  V	  2.9	  0.0	0.000	0.000	0.000
346	  A	  2.0	  0.2	0.000	0.000	0.000
347	  P	  0.5	  0.2	0.000	0.000	0.000
348	  R	  0.4	  0.2	0.000	0.000	0.000
349	  H	  0.7	  0.4	0.000	0.000	0.000
350	  Q	  1.0	  0.2	0.000	0.000	0.000
351	  E	  0.7	  0.1	0.000	0.000	0.000
352	  Y	  1.2	  0.1	0.000	0.000	0.000
353	  L	  1.0	  0.0	0.000	0.000	0.000
354	  F	  1.3	  0.6	0.000	0.000	0.000
355	  E	  0.5	  0.7	0.000	0.000	0.000
356	  G	  0.4	  0.8	0.000	0.000	0.000
357	  H	  0.6	  0.8	0.000	0.130	0.130
358	  L	  1.5	  0.2	0.000	0.130	0.130
359	  C	  3.2	  0.0	0.000	0.130	0.130
360	  V	  5.7	  0.0	0.000	0.130	0.130
361	  L	  5.0	  0.0	0.000	0.130	0.130
362	  E	  3.3	  0.2	0.000	0.000	0.000
363	  P	  0.1	  0.2	0.000	0.000	0.000
364	  S	 10.5	  0.3	0.000	0.000	0.000
365	  V	 12.4	  0.3	0.000	0.000	0.000
366	  S	 12.6	  0.3	0.120	0.000	0.000
367	  A	  2.5	  0.3	0.120	0.000	0.000
368	  Q	  0.9	  0.2	0.120	0.000	0.000
369	  H	  5.3	  0.2	0.120	0.000	0.000
370	  I	  5.6	  0.0	0.120	0.000	0.000
371	  A	  5.3	  0.0	0.120	0.000	0.000
372	  H	  1.3	  0.1	0.120	0.000	0.000
373	  T	  1.5	  0.1	0.000	0.000	0.000
374	  T	  4.2	  0.2	0.000	0.000	0.000
375	  A	  3.8	  0.2	0.000	0.000	0.000
376	  S	  3.2	  0.2	0.000	0.000	0.000
377	  S	  0.3	  0.3	0.728	0.000	0.000
378	  P	  0.0	  0.2	0.728	0.162	0.162
379	  L	  2.4	  0.2	0.728	3.586	3.586
380	  T	  3.5	  0.2	0.728	3.914	3.914
381	  L	  4.1	  0.0	0.728	4.167	4.167
382	  F	  2.7	  0.1	0.728	4.167	4.167
383	  S	  1.6	  0.1	0.000	4.005	4.005
384	  T	  1.8	  0.1	0.000	2.369	2.369
385	  A	  0.9	  0.1	0.000	1.221	1.221
386	  I	  0.8	  0.3	0.000	0.000	0.000
387	  P	  0.1	  0.5	0.000	0.000	0.000
388	  K	  0.0	  0.5	0.000	0.000	0.000
389	  G	  0.1	  0.5	0.000	0.000	0.000
390	  L	  0.3	  0.3	0.000	0.000	0.000
391	  A	  0.8	  0.0	0.000	0.000	0.000
392	  F	  2.1	  0.0	0.000	0.000	0.000
393	  R	  1.9	  0.0	0.000	0.000	0.000
394	  D	  1.5	  0.1	0.200	0.000	0.000
395	  P	  0.0	  0.1	0.200	0.000	0.000
396	  A	  0.1	  0.1	0.200	0.000	0.000
397	  L	  3.7	  0.1	0.200	0.000	0.000
398	  D	  3.8	  0.0	0.200	0.000	0.000
399	  V	  3.6	  0.2	0.200	0.000	0.000
400	  P	  0.1	  0.2	0.000	0.000	0.000
401	  K	  0.8	  0.2	0.000	0.000	0.000
402	  F	  1.0	  0.2	0.000	0.000	0.000
403	  V	  1.0	  0.0	0.000	0.000	0.000
404	  P	  0.2	  0.0	0.000	0.000	0.000
405	  K	  1.5	  0.1	0.000	0.000	0.000
406	  V	  4.0	  0.1	0.000	0.000	0.000
407	  D	  4.1	  0.1	0.349	0.000	0.000
408	  L	  2.9	  0.1	0.349	0.000	0.000
409	  Q	  0.5	  0.3	0.349	0.000	0.000
410	  A	  0.4	  0.3	0.349	0.000	0.000
411	  D	  0.6	  0.9	1.443	0.000	0.000
412	  Y	  1.5	  0.9	1.443	0.000	0.000
413	  N	  1.5	  0.6	1.443	0.000	0.000
414	  T	  2.3	  0.8	1.221	0.000	0.000
415	  A	  1.4	  0.7	1.221	0.000	0.000
416	  K	  1.3	  0.6	1.221	0.000	0.000
417	  G	  0.0	  0.6	0.448	0.000	0.000
418	  V	  0.6	  0.4	0.000	0.000	0.000
419	  L	  0.6	  0.3	0.000	0.000	0.000
420	  G	  0.6	  0.7	0.164	0.000	0.000
421	  A	  0.1	  0.7	0.164	0.000	0.000
422	  G	  0.1	  0.7	2.616	0.000	0.000
423	  Y	  2.6	  0.5	2.739	0.000	0.000
424	  Q	  2.7	  0.0	2.739	0.000	0.000
425	  A	  2.9	  0.0	2.739	0.000	0.000
426	  L	  2.0	  0.1	2.739	0.000	0.000
427	  R	  1.9	  0.0	2.739	0.000	0.000
428	  L	  1.7	  0.0	2.561	0.000	0.000
429	  A	  0.2	  0.0	2.248	0.000	0.000
430	  R	  0.3	  0.0	2.016	0.000	0.000
431	  A	  0.5	  0.0	1.187	0.000	0.000
432	  L	  0.8	  0.3	0.975	0.000	0.000
433	  L	  0.7	  0.9	0.816	0.000	0.000
434	  D	  0.4	  1.0	2.214	0.000	0.000
435	  G	  0.1	  1.0	3.478	0.000	0.000
436	  Q	  0.1	  0.8	3.308	0.000	0.000
437	  E	  0.1	  0.1	3.160	0.000	0.000
438	  L	  0.8	  0.1	3.160	0.000	0.000
439	  M	  0.8	  0.0	3.160	0.000	0.000
440	  F	  2.1	  0.2	2.742	0.000	0.000
441	  R	  1.6	  0.2	1.881	0.000	0.000
442	  G	  1.4	  0.2	1.531	0.000	0.000
443	  L	  1.3	  0.2	0.295	0.381	0.381
444	  H	  2.8	  0.0	0.154	0.381	0.381
445	  W	  3.8	  0.0	0.000	0.381	0.381
446	  V	  4.2	  0.0	0.000	0.381	0.381
447	  M	  4.8	  0.0	0.000	0.381	0.381
448	  E	  4.2	  0.0	0.000	0.000	0.000
449	  V	  5.0	  0.0	0.000	0.204	0.204
450	  L	  3.1	  0.0	0.000	0.204	0.204
451	  Q	  2.8	  0.0	0.000	0.204	0.204
452	  A	  0.8	  0.0	0.000	0.204	0.204
453	  T	  5.0	  0.0	0.000	0.204	0.204
454	  C	  5.9	  0.1	0.000	0.000	0.000
455	  R	  5.9	  0.1	0.000	0.000	0.000
456	  R	  1.7	  0.1	0.000	0.000	0.000
457	  T	  1.6	  0.1	0.000	0.000	0.000
458	  L	  3.1	  0.1	0.000	0.000	0.000
459	  E	  4.5	  0.0	0.000	0.000	0.000
460	  V	  4.6	  0.0	0.000	0.000	0.000
461	  A	  2.8	  0.1	0.000	0.000	0.000
462	  R	  1.3	  0.1	0.000	0.000	0.000
463	  T	  0.7	  0.1	0.000	1.036	1.036
464	  S	  0.9	  0.1	0.140	2.688	2.688
465	  L	  1.3	  0.1	0.140	7.534	7.534
466	  L	  1.5	  0.0	0.140	7.534	7.534
467	  Y	  2.3	  0.0	0.140	7.534	7.534
468	  L	  2.1	  0.1	0.140	7.373	7.373
469	  S	  2.3	  1.0	0.140	5.028	5.028
470	  S	  1.4	  1.2	0.000	0.834	0.834
471	  S	  1.2	  1.1	0.282	0.336	0.336
472	  L	  0.3	  1.1	0.282	0.336	0.336
473	  G	  0.2	  0.3	0.282	0.000	0.000
474	  T	  0.2	  0.2	0.282	0.000	0.000
475	  E	  0.4	  0.2	0.282	0.000	0.000
476	  R	  1.5	  0.1	0.282	0.000	0.000
477	  F	  3.0	  0.3	0.282	0.316	0.316
478	  S	  2.9	  0.3	0.000	0.316	0.316
479	  S	  2.4	  0.3	0.000	0.316	0.316
480	  V	  1.4	  0.3	0.000	0.316	0.316
481	  A	  1.3	  0.0	0.000	0.316	0.316
482	  G	  0.6	  0.0	0.000	0.000	0.000
483	  T	  0.0	  0.2	2.080	0.000	0.000
484	  P	  0.0	  0.2	2.209	0.000	0.000
485	  E	  0.7	  0.2	3.124	0.000	0.000
486	  I	  0.8	  0.2	4.554	0.000	0.000
487	  Q	  0.8	  0.1	5.920	0.000	0.000
488	  E	  1.4	  0.1	8.229	0.000	0.000
489	  L	  1.6	  0.1	9.306	0.000	0.000
490	  K	  1.6	  0.1	9.553	0.000	0.000
491	  A	  0.5	  0.0	10.047	0.000	0.000
492	  A	  0.2	  0.0	10.184	0.000	0.000
493	  A	  0.1	  0.0	10.184	0.000	0.000
494	  E	  0.3	  0.0	10.428	0.000	0.000
495	  L	  0.8	  0.1	9.585	0.000	0.000
496	  R	  1.0	  0.2	8.804	0.000	0.000
497	  S	  0.8	  0.1	7.300	0.000	0.000
498	  R	  0.8	  0.1	5.856	0.000	0.000
499	  L	  0.7	  0.1	4.890	0.000	0.000
500	  R	  0.9	  0.1	3.830	0.000	0.000
501	  T	  0.8	  0.0	9.173	0.000	0.000
502	  L	  0.7	  0.0	9.173	0.000	0.000
503	  A	  0.6	  0.0	9.173	0.000	0.000
504	  E	  0.7	  0.0	9.173	0.000	0.000
505	  V	  3.4	  0.0	9.173	0.000	0.000
506	  L	  3.2	  0.1	9.173	0.000	0.000
507	  S	  3.1	  0.1	8.388	0.000	0.000
508	  R	  1.2	  0.1	7.125	0.000	0.000
509	  C	  2.8	  0.2	2.751	0.000	0.000
510	  S	  3.2	  1.0	1.402	0.000	0.000
511	  Q	  2.6	  1.0	0.685	0.000	0.000
512	  N	  3.6	  1.0	0.254	0.000	0.000
513	  I	  3.5	  0.8	0.000	0.000	0.000
514	  T	  3.4	  0.1	0.000	0.000	0.000
515	  E	  0.9	  0.1	0.000	0.000	0.000
516	  T	  0.6	  0.1	0.000	0.000	0.000
517	  Q	  0.6	  0.2	0.000	0.000	0.000
518	  E	  0.5	  0.2	0.000	0.000	0.000
519	  S	  5.6	  0.5	0.000	0.000	0.000
520	  L	  5.9	  0.5	0.000	0.000	0.000
521	  S	  5.9	  0.5	0.485	0.000	0.000
522	  S	  3.3	  1.1	0.716	0.000	0.000
523	  L	  2.9	  0.8	0.716	0.000	0.000
524	  N	  2.9	  0.8	1.532	0.000	0.000
525	  R	  0.1	  0.7	1.532	0.000	0.000
526	  E	  0.1	  0.1	1.532	0.000	0.000
527	  L	  0.7	  0.1	1.312	0.000	0.000
528	  V	  3.7	  0.1	1.312	0.000	0.000
529	  K	  3.9	  0.1	1.312	0.000	0.000
530	  S	  3.5	  1.3	0.189	0.000	0.000
531	  R	  0.5	  1.3	0.000	0.000	0.000
532	  D	  0.4	  1.2	0.193	0.000	0.000
533	  Q	  0.7	  1.2	0.193	0.000	0.000
534	  V	  2.1	  0.0	0.193	0.000	0.000
535	  H	  2.1	  0.7	0.193	0.000	0.000
536	  E	  1.5	  0.7	0.193	0.000	0.000
537	  D	  0.1	  1.1	0.501	0.000	0.000
538	  R	  0.8	  1.1	0.308	0.000	0.000
539	  S	  1.2	  0.4	0.308	0.000	0.000
540	  I	  1.5	  0.4	0.308	0.000	0.000
541	  Q	  0.9	  0.0	0.308	0.000	0.000
542	  Q	  1.2	  0.0	0.308	0.000	0.000
543	  I	  1.5	  0.0	0.115	0.000	0.000
544	  Q	  3.2	  0.0	0.115	0.000	0.000
545	  C	 11.7	  0.0	0.000	0.000	0.000
546	  C	 12.4	  0.2	0.000	0.000	0.000
547	  L	 10.6	  0.2	0.000	0.000	0.000
548	  D	  1.6	  0.2	0.110	0.000	0.000
549	  K	  0.9	  0.2	0.110	0.000	0.000
550	  M	  3.1	  0.0	0.110	1.271	1.271
551	  N	  3.9	  0.0	0.692	1.271	1.271
552	  F	  3.8	  0.0	0.692	1.271	1.271
553	  I	  2.0	  0.0	0.692	1.271	1.271
554	  Y	  1.8	  0.1	0.692	1.271	1.271
555	  K	  1.3	  0.1	0.692	0.000	0.000
556	  Q	  3.1	  0.1	0.582	0.000	0.000
557	  F	  2.9	  0.1	0.295	0.000	0.000
558	  K	  2.7	  0.1	0.000	0.000	0.000
559	  K	  0.7	  0.2	0.000	0.000	0.000
560	  S	  0.3	  0.2	0.000	0.000	0.000
561	  R	  1.7	  0.1	0.000	0.000	0.000
562	  M	  1.7	  0.0	0.000	0.000	0.000
563	  R	  1.6	  0.7	0.000	0.000	0.000
564	  P	  0.2	  0.7	0.000	0.000	0.000
565	  G	  0.0	  0.7	0.000	0.000	0.000
566	  L	  0.1	  0.7	0.000	0.000	0.000
567	  G	  0.2	  0.1	0.000	0.000	0.000
568	  Y	  0.5	  0.0	0.000	0.000	0.000
569	  N	  0.5	  0.1	1.017	0.000	0.000
570	  E	  0.4	  0.2	1.017	0.000	0.000
571	  E	  0.0	  0.2	1.017	0.000	0.000
572	  Q	  0.9	  0.2	1.017	0.000	0.000
573	  I	  1.5	  0.0	1.017	0.000	0.000
574	  H	  2.1	  0.1	1.017	0.000	0.000
575	  K	  1.9	  0.3	0.824	0.000	0.000
576	  L	  1.3	  0.3	0.617	0.000	0.000
577	  D	  0.8	  0.3	0.344	0.000	0.000
578	  K	  1.9	  0.2	0.164	0.000	0.000
579	  V	  4.7	  0.0	0.000	0.000	0.000
580	  N	  5.8	  0.2	0.146	0.000	0.000
581	  F	  6.1	  0.3	0.146	0.000	0.000
582	  S	  3.4	  0.3	1.157	0.000	0.000
583	  H	  2.5	  0.3	1.778	0.000	0.000
584	  L	  0.5	  0.2	1.778	0.000	0.000
585	  A	  0.5	  0.1	1.937	0.000	0.000
586	  K	  0.3	  0.1	1.937	0.000	0.000
587	  R	  0.7	  0.1	1.792	0.000	0.000
588	  L	  0.7	  0.1	1.373	11.949	11.949
589	  L	  1.4	  0.0	1.373	11.949	11.949
590	  Q	  2.1	  0.0	1.118	11.949	11.949
591	  V	  6.2	  0.0	0.309	11.949	11.949
592	  F	  6.5	  0.0	0.309	11.949	11.949
593	  Q	  5.4	  0.1	0.000	2.695	2.695
594	  E	  1.2	  0.1	0.000	0.000	0.000
595	  E	  0.2	  0.1	0.314	0.000	0.000
596	  C	  2.8	  0.1	0.434	0.000	0.000
597	  V	  3.5	  0.1	0.434	0.000	0.000
598	  Q	  4.1	  0.0	0.434	0.000	0.000
599	  K	  2.3	  0.0	0.434	0.000	0.000
600	  Y	  4.1	  0.1	0.434	0.000	0.000
601	  Q	  3.6	  0.0	0.293	0.000	0.000
602	  A	  3.1	  0.0	0.000	0.249	0.249
603	  S	  1.0	  0.0	0.333	0.249	0.249
604	  L	  1.2	  0.0	0.333	0.249	0.249
605	  V	  5.5	  0.1	0.333	0.249	0.249
606	  T	  5.4	  0.5	0.333	0.249	0.249
607	  H	  5.0	  0.7	0.333	0.000	0.000
608	  G	  0.3	  0.7	0.333	0.000	0.000
609	  K	  0.2	  0.7	0.126	0.000	0.000
610	  R	  0.8	  0.2	0.000	0.000	0.000
611	  M	  3.4	  0.1	0.000	0.000	0.000
612	  R	  5.5	  0.0	0.000	0.000	0.000
613	  V	  9.8	  0.0	0.000	0.000	0.000
614	  V	  8.5	  0.0	0.000	0.000	0.000
615	  H	  6.4	  0.2	0.000	0.000	0.000
616	  E	  1.5	  0.2	0.000	0.000	0.000
617	  T	  0.4	  0.4	0.000	0.000	0.000
618	  R	  0.4	  0.4	0.000	0.000	0.000
619	  N	  0.3	  0.2	0.000	0.000	0.000
620	  H	  0.9	  0.2	0.000	0.000	0.000
621	  L	  2.5	  0.1	0.000	0.000	0.000
622	  R	  3.0	  0.0	0.000	0.000	0.000
623	  L	  2.4	  0.2	0.000	0.000	0.000
624	  V	  1.0	  0.7	0.000	0.000	0.000
625	  G	  0.4	  0.7	0.000	0.000	0.000
626	  C	  2.6	  0.7	0.000	0.000	0.000
627	  S	  3.1	  0.5	0.000	0.000	0.000
628	  V	  4.3	  0.0	0.000	0.000	0.000
629	  A	  2.0	  0.0	0.000	0.000	0.000
630	  A	  1.4	  0.0	0.000	0.000	0.000
631	  C	  0.3	  0.1	0.000	0.000	0.000
632	  N	  0.5	  0.1	0.000	0.000	0.000
633	  T	  0.5	  0.2	0.000	0.000	0.000
634	  E	  0.4	  0.3	0.000	0.000	0.000
635	  A	  0.2	  0.4	0.000	0.000	0.000
636	  Q	  0.1	  0.4	0.000	0.000	0.000
637	  G	  0.1	  0.4	0.112	0.000	0.000
638	  V	  0.6	  0.2	0.112	0.000	0.000
639	  Q	  0.6	  0.1	0.112	0.000	0.000
640	  E	  0.6	  0.1	0.112	0.000	0.000
641	  S	  5.5	  0.5	5.343	0.000	0.000
642	  L	  5.7	  0.5	5.343	0.000	0.000
643	  S	  5.8	  0.5	5.996	0.000	0.000
644	  K	  0.7	  0.4	5.996	0.000	0.000
645	  L	  0.5	  0.1	5.884	0.000	0.000
646	  L	  0.3	  0.1	5.884	0.000	0.000
647	  E	  0.1	  0.1	5.737	0.000	0.000
648	  E	  0.4	  0.1	5.142	0.000	0.000
649	  L	  1.1	  0.1	3.931	0.000	0.000
650	  S	  1.5	  0.1	4.546	0.000	0.000
651	  H	  1.8	  0.1	3.183	0.000	0.000
652	  Q	  1.6	  0.1	2.415	0.000	0.000
653	  L	  1.4	  0.1	2.127	0.000	0.000
654	  L	  0.9	  0.2	2.263	0.000	0.000
655	  Q	  0.4	  0.2	2.409	0.000	0.000
656	  D	  0.2	  0.3	2.578	0.000	0.000
657	  R	  0.1	  0.5	1.704	0.000	0.000
658	  A	  0.1	  0.7	1.462	0.000	0.000
659	  K	  0.1	  0.7	1.462	0.000	0.000
660	  G	  0.0	  0.7	0.883	0.000	0.000
661	  A	  0.1	  0.5	0.624	0.000	0.000
662	  Q	  0.4	  0.1	0.289	0.000	0.000
663	  A	  0.4	  0.0	0.000	0.000	0.000
664	  S	  0.4	  0.0	0.000	0.000	0.000
665	  P	  0.0	  0.0	0.000	0.000	0.000
666	  P	  0.0	  0.0	0.000	0.000	0.000
667	  P	  0.0	  0.0	0.000	0.000	0.000
668	  I	  0.4	  0.0	0.000	0.000	0.000
669	  A	  0.4	  0.0	0.000	0.000	0.000
670	  P	  0.4	  0.0	0.000	0.000	0.000
671	  Y	  0.0	  0.0	0.000	0.000	0.000
672	  P	  0.0	  0.0	0.000	0.000	0.000
673	  S	  0.0	  0.4	0.000	0.000	0.000
674	  P	  0.0	  0.4	0.000	0.000	0.000
675	  T	  1.2	  0.5	0.328	0.000	0.000
676	  R	  1.6	  1.0	0.328	0.000	0.000
677	  K	  1.7	  0.6	0.328	0.000	0.000
678	  D	  0.5	  0.6	0.328	0.000	0.000
679	  L	  1.0	  0.5	0.328	0.000	0.000
680	  L	  1.5	  0.0	0.328	0.000	0.000
681	  L	  2.6	  0.0	0.328	0.000	0.000
682	  H	  2.4	  0.0	0.553	0.000	0.000
683	  M	  2.0	  0.0	0.392	0.000	0.000
684	  Q	  0.9	  0.1	0.392	0.000	0.000
685	  E	  0.3	  0.1	0.392	0.000	0.000
686	  L	  0.4	  0.1	0.392	0.000	0.000
687	  C	  0.5	  1.0	2.208	0.000	0.000
688	  E	  0.3	  0.9	2.208	0.000	0.000
689	  G	  0.2	  0.9	2.746	0.000	0.000
690	  M	  1.7	  1.0	2.596	0.000	0.000
691	  K	  2.0	  0.0	2.353	0.000	0.000
692	  L	  2.2	  0.0	2.353	0.000	0.000
693	  L	  0.6	  0.2	2.353	0.000	0.000
694	  A	  0.4	  0.4	1.648	0.000	0.000
695	  S	  0.2	  0.5	1.133	0.000	0.000
696	  D	  0.0	  0.5	0.000	0.000	0.000
697	  L	  0.4	  0.4	0.000	0.000	0.000
698	  L	  0.5	  0.3	0.000	0.000	0.000
699	  D	  0.5	  1.0	0.000	0.000	0.000
700	  N	  0.1	  1.0	0.128	0.000	0.000
701	  N	  0.2	  0.9	0.899	0.000	0.000
702	  R	  5.5	  0.7	1.013	0.000	0.000
703	  I	  7.1	  0.0	1.013	0.000	0.000
704	  I	  8.4	  0.0	1.013	0.000	0.000
705	  E	  3.1	  0.0	1.013	0.000	0.000
706	  R	  3.9	  0.0	1.013	0.000	0.000
707	  L	  2.5	  0.1	0.799	0.000	0.000
708	  N	  2.6	  0.0	0.646	0.000	0.000
709	  R	  0.4	  0.0	0.169	0.000	0.000
710	  V	  0.3	  0.0	0.000	0.000	0.000
711	  P	  0.2	  0.0	0.000	0.000	0.000
712	  A	  0.0	  0.0	0.000	0.000	0.000
713	  P	  0.0	  1.0	0.000	0.000	0.000
714	  P	  0.0	  1.0	0.000	0.000	0.000
715	  D	  0.0	  1.0	0.000	0.000	0.000
716	  V	  0.0	  1.0	0.000	0.000	0.000
