res	aa	Beta	Turn	Helix	Aggregation	Conc-Stab_Aggregation
01	  M	  0.1	  0.1	0.000	0.000	0.000
02	  E	  0.2	  0.1	0.000	0.000	0.000
03	  R	  0.3	  0.1	0.000	0.000	0.000
04	  A	  0.3	  0.1	0.000	0.000	0.000
05	  A	  0.2	  0.4	0.000	0.000	0.000
06	  P	  0.0	  0.5	0.000	0.000	0.000
07	  S	  0.6	  0.5	0.000	0.000	0.000
08	  R	  2.0	  0.5	0.000	0.000	0.000
09	  R	  2.2	  0.1	0.000	0.000	0.000
10	  V	  1.7	  0.1	0.000	0.000	0.000
11	  P	  0.3	  0.0	0.000	0.000	0.000
12	  L	  0.1	  0.0	0.000	0.000	0.000
13	  P	  0.0	  0.0	0.965	0.816	0.816
14	  L	  1.0	  0.0	0.965	54.603	54.603
15	  L	  1.9	  0.0	0.965	64.181	64.181
16	  L	  2.0	  0.0	1.093	65.881	65.881
17	  L	  1.1	  0.5	1.093	66.145	66.145
18	  G	  0.1	  0.5	1.758	65.951	65.951
19	  G	  0.1	  0.5	2.791	65.181	65.181
20	  L	  0.4	  0.5	2.290	69.402	69.402
21	  A	  0.7	  0.0	2.418	69.044	69.044
22	  L	  0.8	  0.0	2.418	68.519	68.519
23	  L	  0.6	  0.0	2.418	64.740	64.740
24	  A	  0.4	  0.3	2.290	43.796	43.796
25	  A	  0.1	  0.3	2.005	24.112	24.112
26	  G	  0.1	  0.3	1.330	7.161	7.161
27	  V	  0.7	  0.3	0.000	6.642	6.642
28	  D	  0.7	  1.8	0.134	0.000	0.000
29	  A	  0.7	  1.7	0.134	0.000	0.000
30	  D	  0.2	  1.7	0.246	0.000	0.000
31	  V	  4.1	  1.7	0.246	0.000	0.000
32	  L	  4.1	  0.0	0.246	0.000	0.000
33	  L	  4.1	  0.0	0.246	0.000	0.000
34	  E	  0.3	  0.0	0.246	0.000	0.000
35	  A	  0.5	  0.0	0.113	0.000	0.000
36	  C	 22.0	  0.0	0.000	0.000	0.000
37	  C	 22.1	  1.8	0.000	0.000	0.000
38	  A	 21.8	  2.0	0.000	0.000	0.000
39	  D	  0.4	  2.1	0.000	0.000	0.000
40	  G	  0.0	  2.1	0.000	0.000	0.000
41	  H	  0.6	  0.3	0.000	0.000	0.000
42	  R	  0.7	  0.1	0.000	0.000	0.000
43	  M	  0.8	  0.0	0.000	0.000	0.000
44	  A	  0.7	  0.0	0.000	0.000	0.000
45	  T	  3.3	  0.0	0.000	0.000	0.000
46	  H	  3.6	  0.1	0.000	0.000	0.000
47	  Q	  3.2	  0.5	0.000	0.000	0.000
48	  K	  0.7	  0.5	0.000	0.000	0.000
49	  D	  0.6	  0.6	0.000	0.000	0.000
50	  C	  3.6	  0.5	0.000	0.000	0.000
51	  S	  3.5	  0.2	0.000	0.000	0.000
52	  L	  3.2	  0.3	0.000	0.000	0.000
53	  P	  0.1	  0.1	0.000	0.000	0.000
54	  Y	  0.3	  0.1	0.000	0.000	0.000
55	  A	  0.4	  0.2	0.000	0.000	0.000
56	  T	  0.6	  0.2	0.000	0.000	0.000
57	  E	  0.7	  0.2	0.000	0.000	0.000
58	  S	  1.2	  0.4	1.422	0.000	0.000
59	  K	  1.2	  0.4	1.422	0.000	0.000
60	  E	  1.1	  0.2	1.422	0.000	0.000
61	  C	  1.8	  0.2	1.535	0.000	0.000
62	  R	  2.3	  0.0	1.535	0.000	0.000
63	  M	  2.3	  0.0	1.535	0.000	0.000
64	  V	  1.6	  0.0	0.761	0.000	0.000
65	  Q	  1.0	  0.1	0.761	0.000	0.000
66	  E	  0.7	  0.1	0.593	0.000	0.000
67	  Q	  2.0	  0.1	0.439	0.000	0.000
68	  C	 11.6	  0.1	0.000	0.000	0.000
69	  C	 12.1	  0.1	0.000	0.000	0.000
70	  H	 10.4	  0.2	0.000	0.000	0.000
71	  S	  0.9	  0.2	0.670	0.000	0.000
72	  Q	  1.6	  0.2	0.670	0.000	0.000
73	  L	  1.5	  0.2	0.670	0.000	0.000
74	  E	  1.3	  0.1	0.670	0.000	0.000
75	  E	  1.3	  0.1	0.670	0.000	0.000
76	  L	  3.2	  0.1	0.670	0.000	0.000
77	  H	  3.9	  0.0	0.436	0.000	0.000
78	  C	  2.9	  0.6	0.151	0.000	0.000
79	  A	  1.0	  0.7	0.000	0.000	0.000
80	  T	  0.3	  0.7	0.000	0.000	0.000
81	  G	  0.2	  0.7	0.000	0.000	0.000
82	  I	  3.9	  0.2	0.000	0.000	0.000
83	  S	  4.0	  0.1	0.171	0.000	0.000
84	  L	  4.0	  0.2	0.171	0.000	0.000
85	  A	  0.2	  0.3	0.171	0.000	0.000
86	  N	  0.1	  0.4	0.639	0.000	0.000
87	  E	  0.1	  0.6	0.639	0.000	0.000
88	  Q	  0.2	  0.4	0.639	0.000	0.000
89	  D	  0.2	  0.5	0.467	0.000	0.000
90	  R	  0.6	  0.3	0.467	0.000	0.000
91	  C	  0.8	  0.1	0.467	0.000	0.000
92	  A	  0.8	  0.1	0.153	0.000	0.000
93	  T	  0.3	  0.8	0.000	0.000	0.000
94	  P	  0.1	  1.0	0.000	0.000	0.000
95	  H	  0.0	  3.7	0.000	0.000	0.000
96	  G	  0.0	  3.9	0.000	0.000	0.000
97	  D	  0.0	  3.2	0.000	0.000	0.000
98	  N	  0.1	  3.6	0.000	0.000	0.000
99	  A	  0.5	  1.0	0.000	0.000	0.000
100	  S	  1.5	  0.7	0.300	0.000	0.000
101	  L	  1.6	  0.7	0.300	0.000	0.000
102	  E	  1.4	  0.0	0.300	0.000	0.000
103	  A	  1.2	  0.0	0.300	0.000	0.000
104	  T	  6.2	  0.0	0.300	0.000	0.000
105	  F	  7.9	  0.0	0.300	0.000	0.000
106	  V	  8.7	  0.0	0.130	0.000	0.000
107	  K	  4.0	  0.1	0.130	0.000	0.000
108	  R	  2.5	  0.1	0.000	0.000	0.000
109	  C	  9.5	  0.1	0.000	0.000	0.000
110	  C	 10.7	  0.0	0.000	0.000	0.000
111	  H	 13.7	  0.0	0.000	0.000	0.000
112	  C	 13.4	  0.0	0.109	0.000	0.000
113	  C	 12.5	  0.0	0.109	0.000	0.000
114	  L	  9.2	  0.0	0.109	0.000	0.000
115	  L	  1.2	  0.1	0.109	0.000	0.000
116	  G	  0.2	  0.1	0.998	0.000	0.000
117	  R	  0.1	  0.1	0.998	0.000	0.000
118	  A	  0.2	  0.1	0.889	0.000	0.000
119	  A	  0.2	  0.0	0.889	0.000	0.000
120	  Q	  0.3	  0.2	0.889	0.000	0.000
121	  A	  0.3	  0.5	0.889	0.000	0.000
122	  Q	  0.2	  0.6	0.708	0.000	0.000
123	  G	  0.0	  0.8	0.263	0.000	0.000
124	  Q	  0.6	  0.6	0.146	0.000	0.000
125	  S	  9.5	  0.2	0.000	0.000	0.000
126	  C	 10.8	  0.2	0.000	0.000	0.000
127	  E	 11.6	  0.0	0.000	0.000	0.000
128	  Y	  5.7	  0.1	0.000	0.817	0.817
129	  S	  4.4	  0.1	0.105	0.817	0.817
130	  L	  4.0	  0.1	0.105	2.077	2.077
131	  M	  1.4	  0.3	0.105	2.077	2.077
132	  V	  1.3	  0.2	0.105	2.077	2.077
133	  G	  0.4	  0.2	0.105	1.443	1.443
134	  Y	  7.4	  0.3	0.105	1.443	1.443
135	  Q	  7.3	  0.1	0.000	0.000	0.000
136	  C	  7.4	  0.1	0.000	0.000	0.000
137	  G	  0.3	  0.1	0.000	0.000	0.000
138	  Q	  1.3	  0.0	0.000	0.000	0.000
139	  V	  5.0	  0.0	0.000	0.000	0.000
140	  F	  7.2	  0.0	0.000	0.000	0.000
141	  Q	  6.3	  0.0	0.000	0.000	0.000
142	  A	  2.6	  0.0	0.000	0.000	0.000
143	  C	  9.6	  0.0	0.000	0.000	0.000
144	  C	 13.0	  0.0	0.000	0.000	0.000
145	  V	 15.4	  0.0	0.000	0.000	0.000
146	  K	  7.0	  0.1	0.000	0.000	0.000
147	  S	  3.3	  0.1	0.164	0.000	0.000
148	  Q	  0.6	  0.3	0.164	0.000	0.000
149	  E	  0.3	  0.3	0.164	0.000	0.000
150	  T	  0.1	  1.5	0.164	0.000	0.000
151	  G	  0.0	  1.5	0.164	0.000	0.000
152	  D	  0.2	  1.9	0.164	0.000	0.000
153	  L	  2.3	  1.8	0.000	0.000	0.000
154	  D	  2.4	  0.9	0.000	0.000	0.000
155	  V	  2.3	  1.5	0.000	0.000	0.000
156	  G	  0.1	  1.0	0.000	0.000	0.000
157	  G	  0.1	  1.0	0.000	0.000	0.000
158	  L	  0.1	  0.7	0.000	0.000	0.000
159	  Q	  0.1	  0.1	0.000	0.000	0.000
160	  E	  0.2	  0.2	0.000	0.000	0.000
161	  T	  0.3	  0.2	0.000	0.000	0.000
162	  D	  0.4	  0.2	0.000	0.000	0.000
163	  K	  1.7	  0.1	0.000	0.000	0.000
164	  I	  3.2	  0.0	0.000	0.000	0.000
165	  I	 11.4	  0.0	0.000	0.000	0.000
166	  E	 12.0	  0.0	0.000	0.000	0.000
167	  V	 11.0	  0.0	0.000	0.000	0.000
168	  E	  2.8	  0.1	0.000	0.000	0.000
169	  E	  0.6	  0.1	0.000	0.000	0.000
170	  E	  0.1	  0.1	0.000	0.000	0.000
171	  Q	  0.1	  0.1	0.000	0.000	0.000
172	  E	  0.1	  0.1	0.000	0.000	0.000
173	  D	  0.1	  0.3	0.383	0.000	0.000
174	  P	  0.0	  0.2	0.383	0.000	0.000
175	  Y	  1.2	  0.4	0.383	0.000	0.000
176	  L	  1.3	  0.4	0.383	0.000	0.000
177	  N	  1.3	  0.3	1.572	0.000	0.000
178	  D	  0.2	  0.4	1.787	0.000	0.000
179	  R	  1.2	  0.3	1.527	0.000	0.000
180	  C	  1.6	  0.4	1.405	0.000	0.000
181	  R	  1.6	  0.5	1.405	0.000	0.000
182	  G	  0.4	  0.4	1.405	0.000	0.000
183	  G	  0.0	  0.5	0.826	0.000	0.000
184	  G	  0.0	  0.4	0.251	0.000	0.000
185	  P	  0.0	  0.2	0.129	0.000	0.000
186	  C	  0.5	  0.3	0.129	0.000	0.000
187	  K	  0.7	  0.4	0.129	0.000	0.000
188	  Q	  1.0	  0.2	0.129	0.000	0.000
189	  Q	  1.0	  0.2	0.129	0.000	0.000
190	  C	  1.3	  0.4	0.000	0.000	0.000
191	  R	  1.1	  0.5	0.000	0.000	0.000
192	  D	  0.5	  0.8	0.000	0.000	0.000
193	  T	  0.1	  1.6	0.000	0.000	0.000
194	  G	  0.0	  1.3	0.000	0.000	0.000
195	  D	  0.0	  1.2	0.000	0.000	0.000
196	  E	  0.6	  0.9	0.000	0.000	0.000
197	  V	  3.0	  0.0	0.000	0.978	0.978
198	  V	  4.0	  0.0	0.000	1.151	1.151
199	  C	  7.4	  0.1	0.000	1.151	1.151
200	  S	  7.5	  0.1	0.000	1.151	1.151
201	  C	  8.7	  0.1	0.000	1.840	1.840
202	  F	  5.5	  0.1	0.000	3.537	3.537
203	  V	  3.1	  0.0	0.000	3.537	3.537
204	  G	  0.9	  0.0	0.137	2.617	2.617
205	  Y	  3.6	  0.1	0.137	2.617	2.617
206	  Q	  4.0	  0.1	0.137	1.902	1.902
207	  L	  4.4	  0.1	0.137	1.902	1.902
208	  L	  1.1	  0.7	0.137	1.379	1.379
209	  S	  0.5	  0.9	0.137	0.130	0.130
210	  D	  0.0	  0.9	0.137	0.000	0.000
211	  G	  0.0	  0.9	0.000	0.000	0.000
212	  V	  7.5	  0.3	0.000	0.000	0.000
213	  S	 16.1	  0.0	0.000	0.000	0.000
214	  C	 16.5	  0.5	0.000	0.000	0.000
215	  E	  9.6	  0.5	0.000	0.000	0.000
216	  D	  1.3	  0.9	0.000	0.000	0.000
217	  V	  1.0	  0.9	0.000	0.000	0.000
218	  N	  1.0	  0.5	0.000	0.000	0.000
219	  E	  0.4	  0.5	0.000	0.000	0.000
220	  C	  1.4	  0.0	0.000	0.000	0.000
221	  I	  4.1	  0.1	0.000	0.000	0.000
222	  T	  4.1	  0.7	0.000	0.000	0.000
223	  G	  2.9	  0.8	0.000	0.000	0.000
224	  S	  1.5	  1.0	0.000	0.000	0.000
225	  H	  1.8	  1.0	0.000	0.000	0.000
226	  S	  9.4	  0.4	0.000	0.000	0.000
227	  C	  9.2	  0.5	0.000	0.000	0.000
228	  R	  8.8	  0.2	0.000	0.000	0.000
229	  L	  1.3	  0.3	0.000	0.000	0.000
230	  G	  0.1	  0.6	0.000	0.000	0.000
231	  E	  0.3	  0.4	0.000	0.000	0.000
232	  S	  3.1	  0.4	0.000	0.000	0.000
233	  C	  6.9	  0.4	0.000	0.000	0.000
234	  I	  8.8	  0.1	0.000	0.000	0.000
235	  N	  6.8	  0.1	0.000	0.000	0.000
236	  T	  3.4	  0.2	0.000	0.000	0.000
237	  V	  1.5	  1.5	0.000	0.000	0.000
238	  G	  0.6	  1.5	0.000	0.000	0.000
239	  S	  6.7	  1.5	0.000	0.000	0.000
240	  F	 14.2	  1.4	0.000	0.000	0.000
241	  R	 15.1	  0.0	0.000	0.000	0.000
242	  C	  9.8	  0.1	0.000	0.000	0.000
243	  Q	  1.8	  0.2	0.000	0.000	0.000
244	  R	  0.9	  0.3	0.000	0.000	0.000
245	  D	  0.2	  2.8	0.000	0.000	0.000
246	  S	  0.8	  2.9	0.000	0.000	0.000
247	  S	  2.0	  2.7	0.000	0.000	0.000
248	  C	  2.0	  2.9	0.000	0.000	0.000
249	  G	  1.3	  0.5	0.000	0.000	0.000
250	  T	  0.1	  0.4	0.000	0.000	0.000
251	  G	  0.1	  0.4	0.000	0.000	0.000
252	  Y	  2.6	  0.2	0.000	0.000	0.000
253	  E	  3.2	  0.0	0.000	0.000	0.000
254	  L	  3.2	  0.0	0.000	0.000	0.000
255	  T	  0.8	  0.5	0.000	0.000	0.000
256	  E	  0.1	  0.5	0.000	0.000	0.000
257	  D	  0.1	  1.2	0.000	0.000	0.000
258	  N	  0.6	  1.2	0.000	0.000	0.000
259	  S	  2.0	  0.8	0.000	0.000	0.000
260	  C	  2.1	  1.2	0.000	0.000	0.000
261	  K	  1.8	  0.5	0.000	0.000	0.000
262	  D	  1.2	  1.0	0.000	0.000	0.000
263	  I	  1.1	  1.0	0.000	0.000	0.000
264	  D	  0.9	  0.7	0.000	0.000	0.000
265	  E	  0.6	  0.7	0.000	0.000	0.000
266	  C	  1.5	  1.0	0.000	0.000	0.000
267	  E	  1.5	  1.1	0.000	0.000	0.000
268	  S	  1.0	  1.1	0.000	0.000	0.000
269	  G	  0.1	  1.1	0.000	0.000	0.000
270	  I	  0.3	  0.3	0.000	0.000	0.000
271	  H	  0.8	  0.2	0.000	0.000	0.000
272	  N	  0.8	  0.1	0.000	0.000	0.000
273	  C	  0.9	  0.1	0.000	0.000	0.000
274	  L	  0.4	  2.0	0.000	0.000	0.000
275	  P	  0.2	  2.0	0.000	0.000	0.000
276	  D	  0.5	  2.0	0.123	0.000	0.000
277	  F	  2.0	  2.0	0.123	0.000	0.000
278	  I	  2.7	  0.0	0.123	0.000	0.000
279	  C	  2.9	  0.3	0.123	0.000	0.000
280	  Q	  1.6	  0.3	0.123	0.000	0.000
281	  N	  1.0	  0.3	0.123	0.000	0.000
282	  T	  0.4	  0.5	0.000	0.000	0.000
283	  L	  0.2	  1.2	0.000	0.000	0.000
284	  G	  0.2	  1.2	0.000	0.000	0.000
285	  S	  6.7	  1.1	0.000	0.000	0.000
286	  F	 14.5	  1.0	0.000	0.000	0.000
287	  R	 16.5	  0.0	0.000	0.000	0.000
288	  C	 10.6	  0.0	0.000	0.000	0.000
289	  R	  2.6	  0.2	0.000	0.000	0.000
290	  P	  0.2	  0.2	0.000	0.000	0.000
291	  K	  0.6	  0.2	0.000	0.000	0.000
292	  L	  2.3	  0.2	0.000	0.000	0.000
293	  Q	  2.7	  0.1	0.000	0.000	0.000
294	  C	  2.6	  0.8	0.000	0.000	0.000
295	  K	  0.9	  1.0	0.000	0.000	0.000
296	  S	  0.5	  1.0	0.000	0.000	0.000
297	  G	  0.1	  1.0	0.000	0.000	0.000
298	  F	  0.6	  0.2	0.000	0.000	0.000
299	  I	  0.6	  0.1	0.000	0.000	0.000
300	  Q	  0.6	  0.1	0.000	0.000	0.000
301	  D	  0.1	  0.6	0.000	0.000	0.000
302	  A	  0.1	  0.6	0.000	0.000	0.000
303	  L	  0.1	  1.0	0.000	0.000	0.000
304	  G	  0.1	  1.0	0.000	0.000	0.000
305	  N	  1.6	  0.5	0.000	0.000	0.000
306	  C	  4.8	  0.5	0.000	0.000	0.000
307	  I	 10.2	  0.0	0.000	0.000	0.000
308	  D	  9.5	  0.5	0.000	0.000	0.000
309	  I	  6.6	  0.5	0.000	0.000	0.000
310	  N	  1.2	  0.5	0.000	0.000	0.000
311	  E	  0.3	  0.5	0.000	0.000	0.000
312	  C	  1.6	  0.0	0.000	0.000	0.000
313	  L	  3.3	  0.0	0.000	0.000	0.000
314	  S	  9.1	  0.2	0.000	0.000	0.000
315	  I	 11.1	  0.2	0.000	0.000	0.000
316	  S	  9.6	  0.2	0.000	0.000	0.000
317	  A	  3.8	  0.2	0.000	0.000	0.000
318	  P	  0.1	  0.0	0.000	0.000	0.000
319	  C	  0.0	  0.0	0.000	0.000	0.000
320	  P	  0.0	  0.2	0.000	0.000	0.000
321	  I	  0.1	  0.5	0.000	0.000	0.000
322	  G	  0.1	  0.5	0.000	0.000	0.000
323	  H	  2.0	  0.6	0.000	0.000	0.000
324	  T	  4.2	  0.4	0.000	0.000	0.000
325	  C	  7.9	  0.1	0.000	0.000	0.000
326	  I	  8.1	  0.1	0.000	0.000	0.000
327	  N	  6.1	  0.2	0.000	0.000	0.000
328	  T	  2.3	  0.6	0.000	0.000	0.000
329	  E	  0.2	  1.3	0.000	0.000	0.000
330	  G	  0.0	  1.3	0.111	0.000	0.000
331	  S	  6.9	  1.2	0.111	0.000	0.000
332	  Y	 23.5	  0.8	0.111	0.000	0.000
333	  T	 28.2	  0.0	0.111	0.000	0.000
334	  C	 23.1	  0.1	0.111	0.000	0.000
335	  Q	  7.0	  0.2	0.111	0.000	0.000
336	  K	  1.7	  0.2	0.000	0.000	0.000
337	  N	  0.7	  0.2	0.000	0.000	0.000
338	  V	  0.6	  0.8	0.000	0.000	0.000
339	  P	  0.2	  0.7	0.000	0.000	0.000
340	  N	  0.0	  0.7	0.000	0.000	0.000
341	  C	  0.2	  1.0	0.000	0.000	0.000
342	  G	  0.2	  0.5	0.000	0.000	0.000
343	  R	  0.3	  0.5	0.000	0.000	0.000
344	  G	  0.2	  0.5	0.000	0.000	0.000
345	  Y	  1.7	  0.2	0.000	0.000	0.000
346	  H	  2.5	  0.2	0.000	0.000	0.000
347	  L	  2.5	  0.2	0.000	0.000	0.000
348	  N	  0.9	  0.7	0.000	0.000	0.000
349	  E	  0.0	  0.8	0.000	0.000	0.000
350	  E	  0.0	  0.8	0.000	0.000	0.000
351	  G	  0.0	  0.8	0.000	0.000	0.000
352	  T	  1.1	  0.4	0.000	0.000	0.000
353	  R	  2.2	  0.3	0.000	0.000	0.000
354	  C	  3.5	  0.1	0.000	0.000	0.000
355	  V	 11.1	  0.0	0.000	0.000	0.000
356	  D	 10.7	  0.5	0.000	0.000	0.000
357	  V	  9.5	  0.6	0.000	0.000	0.000
358	  D	  1.0	  0.7	0.000	0.000	0.000
359	  E	  0.7	  0.7	0.000	0.000	0.000
360	  C	  0.5	  0.1	0.000	0.000	0.000
361	  A	  0.5	  0.1	0.000	0.000	0.000
362	  P	  0.0	  0.0	0.000	0.000	0.000
363	  P	  0.0	  0.0	0.000	0.000	0.000
364	  A	  0.0	  0.0	0.000	0.000	0.000
365	  E	  0.0	  0.2	0.000	0.000	0.000
366	  P	  0.0	  0.2	0.000	0.000	0.000
367	  C	  0.3	  0.4	0.000	0.000	0.000
368	  G	  0.3	  1.2	0.000	0.000	0.000
369	  K	  0.3	  1.0	0.000	0.000	0.000
370	  G	  0.0	  1.0	0.000	0.000	0.000
371	  H	  1.0	  0.9	0.000	0.000	0.000
372	  R	  2.2	  0.1	0.000	0.000	0.000
373	  C	  3.8	  0.1	0.000	0.000	0.000
374	  V	  5.7	  0.0	0.000	0.000	0.000
375	  N	  4.5	  0.0	0.000	0.000	0.000
376	  S	  2.9	  2.6	0.000	0.000	0.000
377	  P	  0.0	  3.0	0.000	0.000	0.000
378	  G	  0.0	  3.0	0.000	0.000	0.000
379	  S	  6.4	  3.0	0.000	0.000	0.000
380	  F	 13.8	  0.4	0.000	0.000	0.000
381	  R	 15.2	  0.0	0.000	0.000	0.000
382	  C	 11.5	  0.1	0.000	0.000	0.000
383	  E	  4.8	  0.1	0.000	0.000	0.000
384	  C	  3.2	  0.5	0.000	0.000	0.000
385	  K	  1.2	  0.6	0.000	0.000	0.000
386	  T	  0.2	  0.5	0.000	1.169	1.169
387	  G	  0.2	  0.5	0.000	1.169	1.169
388	  Y	  1.6	  0.1	0.000	1.169	1.169
389	  Y	  3.1	  0.1	0.000	1.169	1.169
390	  F	  3.5	  1.4	0.000	1.169	1.169
391	  D	  2.0	  1.4	0.155	0.000	0.000
392	  G	  0.5	  1.4	0.155	0.000	0.000
393	  I	  1.2	  1.3	0.155	0.000	0.000
394	  S	  1.2	  0.1	0.155	0.000	0.000
395	  R	  1.2	  0.0	0.155	0.000	0.000
396	  M	  1.1	  0.0	0.155	0.000	0.000
397	  C	  2.4	  0.0	0.000	0.000	0.000
398	  V	 11.0	  0.0	0.000	0.000	0.000
399	  D	 10.8	  0.4	0.271	0.000	0.000
400	  V	  9.8	  0.5	0.271	0.000	0.000
401	  N	  1.3	  0.5	0.977	0.000	0.000
402	  E	  0.7	  0.5	0.977	0.000	0.000
403	  C	  1.4	  0.2	0.977	0.000	0.000
404	  Q	  2.7	  0.2	0.977	0.000	0.000
405	  R	  2.3	  0.1	0.840	0.000	0.000
406	  Y	  1.5	  1.9	0.840	0.000	0.000
407	  P	  0.1	  1.9	0.000	0.000	0.000
408	  G	  0.0	  2.0	0.000	0.000	0.000
409	  R	  0.1	  2.0	0.000	0.000	0.000
410	  L	  0.2	  0.2	0.000	0.000	0.000
411	  C	  0.4	  0.1	0.000	0.000	0.000
412	  G	  0.3	  0.1	0.000	0.000	0.000
413	  H	  1.0	  0.1	0.000	0.000	0.000
414	  K	  5.3	  0.1	0.000	0.000	0.000
415	  C	  6.0	  0.5	0.000	0.000	0.000
416	  E	  5.3	  0.5	0.000	0.000	0.000
417	  N	  0.9	  0.5	0.000	0.000	0.000
418	  T	  0.3	  0.6	0.000	0.000	0.000
419	  L	  0.2	  1.5	0.000	0.000	0.000
420	  G	  0.2	  1.5	0.000	0.000	0.000
421	  S	  0.5	  1.5	0.000	0.000	0.000
422	  Y	  2.0	  1.3	0.000	0.000	0.000
423	  L	  2.3	  0.0	0.000	0.000	0.000
424	  C	  5.6	  0.1	0.000	0.000	0.000
425	  S	 24.2	  0.2	0.000	0.000	0.000
426	  C	 25.6	  0.2	0.000	0.000	0.000
427	  S	 22.7	  0.4	0.000	0.000	0.000
428	  V	  3.3	  0.3	0.000	0.000	0.000
429	  G	  0.4	  0.2	0.000	0.000	0.000
430	  F	  2.0	  0.2	0.000	0.000	0.000
431	  R	  2.3	  0.0	0.000	0.000	0.000
432	  L	  4.2	  0.0	0.000	0.000	0.000
433	  S	  6.6	  1.0	0.000	0.000	0.000
434	  V	  6.3	  1.8	0.000	0.000	0.000
435	  D	  4.5	  2.0	0.000	0.000	0.000
436	  G	  0.2	  2.2	0.000	0.000	0.000
437	  R	  0.2	  1.3	0.000	0.000	0.000
438	  S	  9.3	  0.4	0.000	0.000	0.000
439	  C	  9.8	  0.7	0.000	0.000	0.000
440	  E	  9.6	  0.5	0.000	0.000	0.000
441	  D	  1.5	  0.9	0.000	0.000	0.000
442	  I	  1.1	  0.9	0.000	0.000	0.000
443	  N	  1.1	  0.6	0.000	0.000	0.000
444	  E	  0.8	  0.5	0.000	0.000	0.000
445	  C	  1.4	  0.3	0.000	0.000	0.000
446	  S	  3.0	  0.3	0.000	0.000	0.000
447	  S	  2.5	  0.2	0.000	0.000	0.000
448	  S	  1.8	  0.4	0.000	0.000	0.000
449	  P	  0.0	  0.2	0.000	0.000	0.000
450	  C	  1.9	  0.3	0.143	0.000	0.000
451	  S	  2.2	  0.4	0.743	0.000	0.000
452	  Q	  2.4	  0.3	0.743	0.000	0.000
453	  E	  0.7	  0.3	0.743	0.000	0.000
454	  C	  0.6	  0.6	0.743	0.000	0.000
455	  A	  0.6	  0.5	0.743	0.000	0.000
456	  N	  4.5	  0.5	0.743	0.000	0.000
457	  V	  5.1	  0.5	0.190	0.000	0.000
458	  Y	  5.1	  1.6	0.190	0.000	0.000
459	  G	  1.1	  1.6	0.112	0.000	0.000
460	  S	  3.0	  1.6	0.635	0.000	0.000
461	  Y	  9.6	  1.6	0.635	0.000	0.000
462	  Q	 11.0	  0.0	0.635	0.000	0.000
463	  C	 11.2	  0.0	0.635	0.000	0.000
464	  Y	  6.9	  0.0	0.635	0.000	0.000
465	  C	  6.1	  0.2	0.635	0.000	0.000
466	  R	  3.3	  0.3	0.635	0.000	0.000
467	  R	  1.3	  0.3	0.264	0.000	0.000
468	  G	  0.3	  0.3	0.111	0.000	0.000
469	  Y	  3.6	  0.2	0.000	0.000	0.000
470	  Q	  4.2	  0.0	0.000	0.000	0.000
471	  L	  4.2	  0.2	0.000	0.000	0.000
472	  S	  0.9	  0.2	0.000	0.000	0.000
473	  D	  0.7	  2.0	0.000	0.000	0.000
474	  V	  0.9	  2.7	0.000	0.000	0.000
475	  D	  0.8	  2.6	0.000	0.000	0.000
476	  G	  0.3	  2.6	0.000	0.000	0.000
477	  V	  7.3	  0.8	0.000	0.000	0.000
478	  T	 11.5	  0.0	0.000	0.000	0.000
479	  C	 11.9	  0.4	0.000	0.000	0.000
480	  E	  5.0	  0.4	0.000	0.000	0.000
481	  D	  1.3	  1.0	0.000	0.000	0.000
482	  I	  0.9	  1.0	0.000	0.000	0.000
483	  D	  0.8	  0.7	0.000	0.000	0.000
484	  E	  0.4	  0.7	0.000	0.000	0.000
485	  C	  1.7	  0.2	0.000	0.000	0.000
486	  A	  1.7	  0.1	0.000	0.000	0.000
487	  L	  1.5	  0.7	0.000	0.000	0.000
488	  P	  0.0	  0.8	0.000	0.000	0.000
489	  T	  0.0	  1.1	0.000	0.000	0.000
490	  G	  0.0	  1.1	0.000	0.000	0.000
491	  G	  0.1	  0.5	0.000	0.000	0.000
492	  H	  2.7	  0.4	0.000	0.000	0.000
493	  I	  3.3	  0.1	0.000	0.000	0.000
494	  C	  4.4	  0.0	0.000	0.000	0.000
495	  S	  7.2	  0.0	0.171	0.000	0.000
496	  Y	 13.3	  0.1	0.171	0.000	0.000
497	  R	 14.0	  0.0	0.171	0.000	0.000
498	  C	 12.2	  0.0	0.171	0.000	0.000
499	  I	 16.3	  0.0	0.171	0.000	0.000
500	  N	 14.3	  0.0	0.171	0.000	0.000
501	  I	 11.3	  0.7	0.000	0.000	0.000
502	  P	  0.2	  1.1	0.000	0.000	0.000
503	  G	  0.1	  1.1	0.000	0.000	0.000
504	  S	  3.1	  1.1	0.179	0.000	0.000
505	  F	  9.7	  0.3	0.179	0.000	0.000
506	  Q	 10.2	  0.0	0.179	0.000	0.000
507	  C	 13.0	  0.0	0.179	0.000	0.000
508	  S	  6.7	  0.0	0.179	0.000	0.000
509	  C	  6.1	  0.7	0.179	0.000	0.000
510	  P	  0.4	  1.2	0.000	0.000	0.000
511	  S	  0.1	  1.5	0.000	0.000	0.000
512	  S	  0.1	  1.5	0.000	0.000	0.000
513	  G	  0.1	  0.8	0.000	0.000	0.000
514	  Y	  2.1	  0.3	0.000	0.000	0.000
515	  R	  2.4	  0.0	0.000	0.000	0.000
516	  L	  2.3	  0.0	0.000	0.000	0.000
517	  A	  0.4	  2.5	0.000	0.000	0.000
518	  P	  0.0	  3.6	0.000	0.000	0.000
519	  N	  0.0	  3.9	0.000	0.000	0.000
520	  G	  0.0	  4.3	0.000	0.000	0.000
521	  R	  0.1	  1.9	0.000	0.000	0.000
522	  N	  0.6	  0.7	0.000	0.000	0.000
523	  C	  1.2	  0.7	0.000	0.000	0.000
524	  Q	  1.3	  0.3	0.000	0.000	0.000
525	  D	  1.5	  0.9	0.000	0.000	0.000
526	  I	  1.1	  0.9	0.000	0.000	0.000
527	  D	  1.0	  0.7	0.000	0.000	0.000
528	  E	  0.2	  0.7	0.000	0.000	0.000
529	  C	  0.6	  0.1	0.000	0.000	0.000
530	  V	  1.3	  0.1	0.000	0.000	0.000
531	  T	  1.3	  0.1	0.000	0.000	0.000
532	  G	  0.9	  0.1	0.000	0.000	0.000
533	  I	  0.3	  0.2	0.000	0.000	0.000
534	  H	  0.7	  0.2	0.000	0.000	0.000
535	  N	  1.3	  0.1	0.000	0.000	0.000
536	  C	  2.4	  0.1	0.000	0.000	0.000
537	  S	  5.6	  0.3	0.000	0.000	0.000
538	  I	  5.2	  0.3	0.000	0.000	0.000
539	  N	  3.9	  0.5	0.116	0.000	0.000
540	  E	  0.3	  0.5	0.116	0.000	0.000
541	  T	  4.4	  0.3	0.116	0.000	0.000
542	  C	  7.5	  0.3	0.116	0.000	0.000
543	  F	 12.1	  0.0	0.116	0.000	0.000
544	  N	  8.5	  0.0	0.116	0.000	0.000
545	  I	  5.5	  0.1	0.000	0.000	0.000
546	  Q	  0.7	  0.1	0.000	0.000	0.000
547	  G	  0.1	  0.1	0.000	0.000	0.000
548	  G	  0.1	  0.1	0.000	0.000	0.000
549	  F	  8.3	  0.1	0.000	0.000	0.000
550	  R	  9.3	  0.1	0.000	0.000	0.000
551	  C	 11.2	  0.1	0.129	0.000	0.000
552	  L	  3.4	  0.1	0.129	0.000	0.000
553	  A	  2.4	  0.0	0.129	0.000	0.000
554	  F	 11.4	  0.0	0.129	0.000	0.000
555	  E	 11.2	  0.0	0.129	0.000	0.000
556	  C	 11.0	  0.4	0.875	0.000	0.000
557	  P	  0.1	  0.8	0.746	0.000	0.000
558	  E	  0.1	  0.8	0.746	0.000	0.000
559	  N	  2.2	  0.8	0.865	0.000	0.000
560	  Y	  4.1	  0.4	0.865	0.000	0.000
561	  R	  4.3	  0.1	0.865	0.000	0.000
562	  R	  2.5	  0.1	0.665	0.000	0.000
563	  S	  0.6	  0.1	1.929	0.000	0.000
564	  A	  0.4	  0.1	1.663	0.000	0.000
565	  A	  0.6	  0.0	1.544	0.000	0.000
566	  T	  3.4	  0.0	1.544	0.000	0.000
567	  L	  3.5	  0.0	1.544	0.000	0.000
568	  Q	  3.3	  0.1	1.544	0.000	0.000
569	  Q	  0.6	  0.1	0.837	0.000	0.000
570	  E	  0.7	  0.1	0.395	0.000	0.000
571	  K	  0.6	  0.2	0.201	0.000	0.000
572	  T	  0.8	  0.2	0.000	0.000	0.000
573	  D	  1.0	  0.2	0.000	0.000	0.000
574	  T	  8.0	  0.1	0.103	0.000	0.000
575	  V	 11.0	  0.0	0.103	0.000	0.000
576	  R	 12.4	  0.0	0.103	0.000	0.000
577	  C	 10.5	  0.0	0.103	0.000	0.000
578	  I	  8.0	  0.1	0.103	0.000	0.000
579	  K	  7.0	  0.1	0.103	0.000	0.000
580	  S	 15.2	  0.1	0.000	0.000	0.000
581	  C	 14.3	  0.1	0.000	0.000	0.000
582	  R	 13.4	  0.8	0.000	0.000	0.000
583	  P	  0.2	  0.8	0.000	0.000	0.000
584	  N	  0.1	  0.8	0.000	0.000	0.000
585	  D	  1.1	  0.8	0.000	0.000	0.000
586	  V	  8.1	  0.1	0.000	1.608	1.608
587	  T	 10.4	  0.0	0.000	1.608	1.608
588	  C	 10.0	  0.0	0.000	1.608	1.608
589	  V	  8.7	  0.0	0.000	1.608	1.608
590	  F	  6.4	  0.0	0.000	1.608	1.608
591	  D	  5.7	  0.0	0.000	0.000	0.000
592	  P	  0.2	  0.0	0.000	0.000	0.000
593	  V	  1.4	  0.0	0.000	0.000	0.000
594	  H	  4.5	  0.0	0.000	0.000	0.000
595	  T	 16.8	  0.0	0.000	0.000	0.000
596	  I	 16.0	  0.0	0.000	0.000	0.000
597	  S	 13.9	  0.0	0.000	0.000	0.000
598	  H	  3.5	  0.0	0.000	0.000	0.000
599	  T	  5.8	  0.0	0.000	0.000	0.000
600	  V	  9.1	  0.0	0.000	0.000	0.000
601	  I	 13.2	  0.0	0.000	0.000	0.000
602	  S	 10.4	  0.0	0.000	0.000	0.000
603	  L	  6.5	  0.4	0.000	0.000	0.000
604	  P	  0.1	  0.4	0.000	0.000	0.000
605	  T	 11.1	  0.4	0.000	0.000	0.000
606	  F	 11.6	  0.5	0.000	0.000	0.000
607	  R	 11.8	  0.0	0.000	0.000	0.000
608	  E	  2.9	  0.0	0.000	0.000	0.000
609	  F	  8.0	  0.0	0.000	0.000	0.000
610	  T	  7.9	  0.0	0.000	0.000	0.000
611	  R	  5.8	  0.1	0.000	0.000	0.000
612	  P	  0.1	  0.2	0.000	0.000	0.000
613	  E	  0.0	  0.2	0.000	0.000	0.000
614	  E	  0.2	  0.2	0.000	1.468	1.468
615	  I	  2.5	  0.1	0.000	1.468	1.468
616	  I	  3.9	  0.0	0.000	1.468	1.468
617	  F	  4.8	  0.0	0.000	1.468	1.468
618	  L	  3.0	  0.0	0.000	1.468	1.468
619	  R	  1.8	  0.0	0.000	1.468	1.468
620	  A	  1.5	  0.0	0.000	1.325	1.325
621	  I	  1.1	  0.0	0.000	1.325	1.325
622	  T	  0.8	  0.0	0.000	0.000	0.000
623	  P	  0.0	  0.0	0.000	0.000	0.000
624	  P	  0.0	  0.0	0.000	0.000	0.000
625	  H	  0.0	  0.2	0.000	0.000	0.000
626	  P	  0.0	  0.4	0.000	0.000	0.000
627	  A	  0.2	  0.4	0.000	0.000	0.000
628	  S	  0.3	  0.5	0.000	0.000	0.000
629	  Q	  0.4	  0.5	0.000	0.000	0.000
630	  A	  0.3	  0.3	0.000	1.082	1.082
631	  N	  3.0	  0.2	0.000	1.082	1.082
632	  I	  5.1	  0.2	0.000	1.082	1.082
633	  I	  5.2	  0.0	0.000	1.082	1.082
634	  F	  5.7	  0.0	0.000	1.082	1.082
635	  D	  4.9	  0.0	0.000	0.000	0.000
636	  I	  5.4	  0.0	0.000	0.000	0.000
637	  T	  2.2	  0.2	0.547	0.000	0.000
638	  E	  0.7	  1.7	0.547	0.000	0.000
639	  G	  0.0	  1.7	0.547	0.000	0.000
640	  N	  0.6	  1.7	0.547	0.000	0.000
641	  L	  0.8	  1.6	0.547	0.000	0.000
642	  R	  0.8	  0.2	0.547	0.000	0.000
643	  D	  0.7	  0.2	1.492	0.000	0.000
644	  S	  7.7	  0.4	1.867	0.000	0.000
645	  F	 10.7	  0.3	1.925	0.380	0.380
646	  D	 11.6	  0.2	3.007	0.380	0.380
647	  I	  6.3	  0.2	3.007	0.380	0.380
648	  I	  5.0	  0.1	3.007	0.380	0.380
649	  K	  3.7	  0.1	3.007	0.380	0.380
650	  R	  2.7	  0.1	2.848	0.000	0.000
651	  Y	  1.8	  0.4	2.391	0.000	0.000
652	  M	  1.7	  0.6	0.390	0.000	0.000
653	  D	  1.1	  0.6	0.397	0.000	0.000
654	  G	  0.2	  0.6	0.397	1.236	1.236
655	  M	  4.5	  0.2	0.397	16.178	16.178
656	  T	  5.0	  0.0	0.359	17.792	17.792
657	  V	  5.3	  0.0	0.359	17.792	17.792
658	  G	  0.9	  0.0	0.359	17.792	17.792
659	  V	  3.2	  0.0	0.117	17.792	17.792
660	  V	  5.2	  0.0	0.117	16.622	16.622
661	  R	  5.8	  0.0	0.117	0.000	0.000
662	  Q	  4.1	  0.0	0.117	0.000	0.000
663	  V	  2.0	  0.0	0.000	0.000	0.000
664	  R	  1.4	  0.0	0.000	0.000	0.000
665	  P	  0.4	  0.0	0.000	0.000	0.000
666	  I	  3.1	  0.0	0.000	0.000	0.000
667	  V	  3.1	  0.3	0.000	0.000	0.000
668	  G	  3.1	  0.4	0.000	0.000	0.000
669	  P	  0.0	  0.4	0.000	0.000	0.000
670	  F	  1.7	  0.4	0.000	0.320	0.320
671	  H	  2.3	  0.1	0.000	0.320	0.320
672	  A	  3.1	  0.0	0.000	1.488	1.488
673	  V	  2.6	  0.0	0.000	2.872	2.872
674	  L	  3.4	  0.0	0.000	2.872	2.872
675	  K	  4.1	  0.0	0.000	2.872	2.872
676	  L	  3.7	  0.0	0.000	2.872	2.872
677	  E	  3.3	  0.1	0.000	2.872	2.872
678	  M	  3.9	  0.1	0.000	3.828	3.828
679	  N	  3.8	  0.1	0.000	4.400	4.400
680	  Y	  5.1	  0.1	0.000	28.127	28.127
681	  V	  4.0	  0.0	0.000	34.973	34.973
682	  V	  3.3	  1.7	0.000	35.487	35.487
683	  G	  1.1	  1.7	0.000	33.828	33.828
684	  G	  0.1	  1.7	0.000	33.828	33.828
685	  V	  4.6	  1.7	0.000	33.677	33.677
686	  V	  6.9	  0.0	0.000	31.386	31.386
687	  S	  7.9	  0.0	0.000	1.815	1.815
688	  H	  3.6	  0.3	0.000	0.000	0.000
689	  R	  1.6	  0.3	0.000	0.000	0.000
690	  N	  2.1	  0.3	0.000	1.948	1.948
691	  V	  5.9	  0.3	0.000	58.310	58.310
692	  V	 16.1	  0.0	0.000	59.077	59.077
693	  N	 15.1	  0.0	0.000	59.077	59.077
694	  V	 20.6	  0.0	0.000	60.466	60.466
695	  H	 12.5	  0.0	0.000	60.466	60.466
696	  I	 13.1	  0.0	0.000	60.466	60.466
697	  F	  5.4	  0.0	0.000	60.466	60.466
698	  V	  3.1	  0.1	0.000	59.769	59.769
699	  S	  1.8	  0.1	0.000	6.555	6.555
700	  E	  0.8	  0.1	0.000	0.000	0.000
701	  Y	  1.9	  0.1	0.000	0.000	0.000
702	  W	  1.9	  0.0	0.000	0.000	0.000
703	  F	  1.5	  0.0	0.000	0.000	0.000
