res	aa	Beta	Turn	Helix	Aggregation	Conc-Stab_Aggregation
01	  M	  0.6	  0.0	0.000	0.000	0.000
02	  F	  2.0	  0.1	0.000	0.000	0.000
03	  N	  2.0	  0.1	0.000	0.000	0.000
04	  S	  4.7	  0.1	0.000	0.000	0.000
05	  M	  3.3	  0.1	0.000	0.000	0.000
06	  T	  3.3	  0.0	0.000	0.000	0.000
07	  P	  0.0	  0.0	0.000	0.000	0.000
08	  P	  0.0	  0.0	0.000	0.000	0.000
09	  P	  0.0	  0.0	0.000	0.000	0.000
10	  I	  0.7	  0.2	0.000	0.000	0.000
11	  S	  1.0	  0.4	0.000	0.000	0.000
12	  S	  1.8	  0.6	0.000	0.000	0.000
13	  Y	  1.4	  0.6	0.000	0.000	0.000
14	  G	  1.1	  0.4	0.000	0.000	0.000
15	  E	  0.3	  0.2	0.000	0.000	0.000
16	  P	  0.0	  0.0	0.000	0.000	0.000
17	  C	  9.7	  0.0	0.000	0.000	0.000
18	  C	 12.9	  0.0	0.000	0.000	0.000
19	  L	 13.0	  0.0	0.000	0.000	0.000
20	  R	  3.9	  0.0	0.000	0.000	0.000
21	  P	  0.2	  0.0	0.000	0.000	0.000
22	  L	  0.0	  0.3	0.000	0.000	0.000
23	  P	  0.0	  0.6	0.000	0.000	0.000
24	  S	  0.0	  1.0	0.000	0.000	0.000
25	  Q	  0.0	  1.0	0.000	0.000	0.000
26	  G	  0.0	  0.7	0.000	0.000	0.000
27	  A	  0.0	  0.8	0.000	0.000	0.000
28	  P	  0.0	  0.4	0.000	0.000	0.000
29	  S	  0.4	  0.5	0.000	0.000	0.000
30	  V	  0.5	  0.6	0.000	0.000	0.000
31	  G	  0.5	  0.4	0.000	0.000	0.000
32	  T	  0.1	  0.6	0.000	0.000	0.000
33	  E	  0.0	  0.5	0.000	0.000	0.000
34	  G	  0.0	  0.6	0.000	0.000	0.000
35	  L	  0.2	  0.6	0.000	0.000	0.000
36	  S	  0.2	  0.3	0.000	0.000	0.000
37	  G	  0.2	  0.2	0.000	0.000	0.000
38	  P	  0.0	  0.2	0.000	0.000	0.000
39	  P	  0.0	  0.2	0.000	0.000	0.000
40	  F	  2.1	  0.2	0.000	0.000	0.000
41	  C	  4.5	  0.2	0.000	0.000	0.000
42	  H	  4.8	  0.1	0.000	0.000	0.000
43	  Q	  2.8	  0.3	0.000	0.000	0.000
44	  A	  0.4	  0.3	0.000	0.000	0.000
45	  N	  0.2	  0.3	0.000	0.000	0.000
46	  L	  0.6	  0.4	0.000	0.000	0.000
47	  M	  0.8	  0.2	0.000	0.000	0.000
48	  S	  0.7	  0.4	0.000	0.000	0.000
49	  G	  0.2	  0.7	0.000	0.000	0.000
50	  P	  0.0	  0.5	0.000	0.000	0.000
51	  H	  0.4	  0.9	0.000	0.000	0.000
52	  S	  1.2	  0.7	0.000	0.000	0.000
53	  Y	  1.2	  0.5	0.000	0.000	0.000
54	  G	  0.8	  0.5	0.000	0.000	0.000
55	  P	  0.0	  0.1	0.000	0.000	0.000
56	  A	  0.0	  0.2	0.000	0.000	0.000
57	  R	  0.0	  0.1	0.000	0.000	0.000
58	  E	  0.2	  0.2	0.000	0.000	0.000
59	  T	  1.0	  0.2	0.000	0.000	0.000
60	  N	  1.5	  0.2	0.296	0.000	0.000
61	  S	  9.3	  0.1	0.296	0.000	0.000
62	  C	  9.1	  0.2	0.296	0.000	0.000
63	  T	  8.6	  0.1	0.296	0.000	0.000
64	  E	  0.6	  0.2	0.296	0.000	0.000
65	  G	  0.0	  0.4	0.296	0.000	0.000
66	  P	  0.0	  0.3	0.000	0.000	0.000
67	  L	  0.6	  0.3	0.000	0.000	0.000
68	  F	  3.6	  0.2	0.000	0.000	0.000
69	  S	  3.6	  0.0	0.000	0.000	0.000
70	  S	  3.0	  0.3	0.000	0.000	0.000
71	  P	  0.0	  0.4	0.000	0.000	0.000
72	  R	  0.2	  0.4	0.000	0.000	0.000
73	  S	  0.5	  0.4	0.000	0.000	0.000
74	  A	  1.2	  0.1	0.000	0.000	0.000
75	  V	  8.5	  0.0	0.000	0.000	0.000
76	  K	 10.1	  0.0	0.000	0.000	0.000
77	  L	  9.8	  0.0	0.000	0.000	0.000
78	  T	  3.7	  0.1	0.385	0.000	0.000
79	  K	  1.5	  0.1	0.385	0.000	0.000
80	  K	  1.2	  0.1	0.385	0.000	0.000
81	  R	  0.4	  0.1	0.385	0.000	0.000
82	  A	  0.6	  0.1	0.385	0.000	0.000
83	  L	  2.2	  0.0	0.385	0.000	0.000
84	  S	 12.3	  0.0	0.191	0.000	0.000
85	  I	 12.3	  0.0	0.000	0.000	0.000
86	  S	 10.7	  0.2	0.000	0.000	0.000
87	  P	  0.3	  0.2	0.000	0.000	0.000
88	  L	  0.0	  0.4	0.000	0.000	0.000
89	  S	  0.0	  0.4	0.000	0.000	0.000
90	  D	  0.1	  1.2	0.000	0.000	0.000
91	  A	  0.5	  1.2	0.000	0.000	0.000
92	  S	  2.9	  1.7	0.000	0.000	0.000
93	  L	  3.9	  1.7	0.000	0.000	0.000
94	  D	  3.6	  0.8	1.677	0.000	0.000
95	  L	  1.2	  0.8	1.677	2.626	2.626
96	  Q	  0.6	  0.1	1.677	2.626	2.626
97	  T	  3.9	  0.0	1.677	2.626	2.626
98	  V	  7.2	  0.0	1.677	2.626	2.626
99	  I	  7.9	  0.0	1.677	2.626	2.626
100	  R	  4.7	  0.0	1.677	0.000	0.000
101	  T	  1.4	  0.0	0.403	0.000	0.000
102	  S	  0.4	  2.5	0.403	0.000	0.000
103	  P	  0.1	  2.7	0.000	0.000	0.000
104	  S	  0.1	  2.7	0.120	1.198	1.198
105	  S	  0.4	  2.7	0.577	10.988	10.988
106	  L	  1.4	  0.2	0.577	83.527	83.527
107	  V	  3.1	  0.1	0.577	83.740	83.740
108	  A	  3.1	  0.0	0.577	83.740	83.740
109	  F	  3.6	  0.0	0.577	83.740	83.740
110	  I	  2.9	  0.1	0.457	82.829	82.829
111	  N	  2.7	  0.2	0.457	1.500	1.500
112	  S	  1.7	  0.3	0.252	0.173	0.173
113	  R	  2.2	  0.2	0.120	0.000	0.000
114	  C	  4.6	  0.2	0.000	0.000	0.000
115	  T	  4.3	  0.0	0.000	0.000	0.000
116	  S	  2.8	  1.6	0.000	0.000	0.000
117	  P	  0.1	  1.7	0.000	0.000	0.000
118	  G	  0.0	  2.3	0.000	0.000	0.000
119	  G	  0.1	  2.5	0.000	0.000	0.000
120	  S	  0.8	  1.1	0.000	0.000	0.000
121	  Y	  0.9	  1.6	0.000	0.000	0.000
122	  G	  0.9	  1.0	0.000	0.000	0.000
123	  H	  0.9	  0.8	0.000	0.000	0.000
124	  L	  2.3	  0.6	0.000	0.000	0.000
125	  S	  2.5	  0.1	0.000	0.000	0.000
126	  I	  1.8	  0.5	0.000	0.000	0.000
127	  G	  0.3	  0.5	0.000	0.000	0.000
128	  T	 10.9	  0.5	0.000	0.000	0.000
129	  M	 10.9	  0.4	0.000	0.000	0.000
130	  S	 10.9	  2.5	0.170	0.000	0.000
131	  P	  0.2	  2.7	0.170	0.000	0.000
132	  S	  0.2	  2.8	0.170	0.000	0.000
133	  L	  0.2	  2.8	0.170	0.000	0.000
134	  G	  0.3	  0.3	0.170	0.000	0.000
135	  F	  0.1	  0.2	0.170	0.000	0.000
136	  P	  0.0	  0.0	0.000	0.000	0.000
137	  A	  0.3	  0.0	0.000	0.000	0.000
138	  Q	  1.3	  0.0	0.000	0.000	0.000
139	  M	  1.9	  0.0	0.000	0.000	0.000
140	  N	  1.7	  0.0	0.000	0.000	0.000
141	  H	  1.0	  0.3	0.000	0.000	0.000
142	  Q	  0.5	  0.3	0.000	0.000	0.000
143	  K	  0.4	  0.4	0.000	0.000	0.000
144	  G	  0.0	  0.3	0.000	0.000	0.000
145	  P	  0.0	  0.1	0.000	0.000	0.000
146	  S	  0.0	  3.3	0.000	0.000	0.000
147	  P	  0.0	  3.2	0.000	0.000	0.000
148	  S	  0.8	  3.4	0.000	0.000	0.000
149	  F	  1.0	  3.5	0.000	0.000	0.000
150	  G	  1.1	  0.2	0.000	0.000	0.000
151	  V	  0.6	  0.2	0.000	0.000	0.000
152	  Q	  0.4	  0.3	0.000	0.000	0.000
153	  P	  0.4	  0.3	0.000	0.000	0.000
154	  C	  0.0	  0.4	0.000	0.000	0.000
155	  G	  0.0	  0.8	0.000	0.000	0.000
156	  P	  0.0	  0.6	0.000	0.000	0.000
157	  H	  0.1	  0.8	0.000	0.000	0.000
158	  D	  0.2	  0.8	0.210	0.000	0.000
159	  S	  0.9	  0.7	0.210	0.000	0.000
160	  A	  0.9	  0.8	0.210	0.000	0.000
161	  R	  0.9	  0.9	0.210	0.000	0.000
162	  G	  0.1	  0.8	0.210	0.000	0.000
163	  G	  0.1	  0.4	0.210	0.000	0.000
164	  M	  0.2	  0.3	0.000	0.000	0.000
165	  I	  0.2	  0.0	0.000	0.000	0.000
166	  P	  0.1	  0.0	0.000	0.000	0.000
167	  H	  0.0	  0.5	0.000	0.000	0.000
168	  P	  0.0	  0.6	0.000	0.000	0.000
169	  Q	  0.1	  0.7	0.000	0.000	0.000
170	  S	  0.2	  0.7	0.000	0.000	0.000
171	  R	  0.2	  0.3	0.000	0.000	0.000
172	  G	  0.1	  0.2	0.000	0.000	0.000
173	  P	  0.0	  0.0	0.000	0.000	0.000
174	  F	  0.0	  0.4	0.000	0.000	0.000
175	  P	  0.0	  0.4	0.000	0.000	0.000
176	  T	  6.1	  0.4	0.487	0.000	0.000
177	  C	  7.4	  0.5	0.895	0.000	0.000
178	  Q	  8.3	  0.1	1.017	0.000	0.000
179	  L	  2.6	  0.1	1.158	0.000	0.000
180	  K	  1.4	  0.2	1.158	0.000	0.000
181	  S	  0.6	  0.2	8.134	0.000	0.000
182	  E	  0.9	  0.3	8.188	0.000	0.000
183	  L	  1.7	  0.2	8.188	0.000	0.000
184	  D	  1.7	  0.1	8.463	0.000	0.000
185	  M	  2.1	  0.1	8.463	0.000	0.000
186	  L	  1.2	  0.1	8.463	0.000	0.000
187	  V	  1.2	  0.2	8.110	0.000	0.000
188	  G	  0.3	  0.3	8.110	0.000	0.000
189	  K	  0.9	  0.3	3.048	0.000	0.000
190	  C	  1.2	  0.2	0.310	0.000	0.000
191	  R	  1.2	  0.1	0.000	0.000	0.000
192	  E	  0.4	  0.1	0.000	0.000	0.000
193	  E	  0.1	  0.1	0.000	0.000	0.000
194	  P	  0.0	  0.0	0.000	0.000	0.000
195	  L	  0.0	  0.4	0.000	0.000	0.000
196	  E	  0.0	  2.7	0.000	0.000	0.000
197	  G	  0.0	  2.7	0.000	0.000	0.000
198	  D	  0.2	  3.4	0.000	0.000	0.000
199	  M	  0.9	  3.1	0.000	0.000	0.000
200	  S	  0.9	  0.7	0.000	0.000	0.000
201	  S	  0.7	  5.8	0.000	0.000	0.000
202	  P	  0.0	  5.1	0.000	0.000	0.000
203	  N	  0.1	  5.6	0.000	0.000	0.000
204	  S	  0.2	  5.7	0.000	0.000	0.000
205	  T	  0.2	  0.7	0.000	0.000	0.000
206	  G	  0.2	  0.7	0.000	0.000	0.000
207	  I	  0.2	  0.1	0.000	0.000	0.000
208	  Q	  0.2	  0.0	0.000	0.000	0.000
209	  D	  0.2	  0.2	0.489	0.000	0.000
210	  P	  0.0	  0.2	0.489	0.000	0.000
211	  L	  0.1	  0.2	0.489	0.136	0.136
212	  L	  0.2	  0.2	0.489	0.136	0.136
213	  G	  0.2	  0.0	0.489	0.136	0.136
214	  M	  0.6	  0.3	0.489	0.136	0.136
215	  L	  0.5	  1.0	0.000	0.136	0.136
216	  D	  0.5	  1.2	0.129	0.000	0.000
217	  G	  0.1	  1.2	0.682	0.000	0.000
218	  R	  0.1	  1.4	0.682	0.000	0.000
219	  E	  0.1	  0.8	0.682	0.000	0.000
220	  D	  0.3	  0.6	2.460	0.000	0.000
221	  L	  0.3	  0.6	2.460	0.000	0.000
222	  E	  0.4	  0.1	2.460	0.000	0.000
223	  R	  0.1	  0.1	2.460	0.000	0.000
224	  E	  0.2	  0.2	2.460	0.000	0.000
225	  E	  0.3	  0.2	1.961	0.000	0.000
226	  K	  1.1	  0.1	1.025	0.000	0.000
227	  R	  1.0	  0.1	0.735	0.000	0.000
228	  E	  0.8	  0.0	0.356	0.000	0.000
229	  P	  0.0	  0.1	0.000	0.000	0.000
230	  E	  0.0	  0.1	0.000	0.000	0.000
231	  S	  1.0	  0.1	0.000	0.000	0.000
232	  V	  4.5	  0.1	0.000	0.000	0.000
233	  Y	  4.9	  0.1	0.000	0.000	0.000
234	  E	  4.0	  0.2	0.000	0.000	0.000
235	  T	  0.9	  0.2	0.000	0.000	0.000
236	  D	  1.2	  0.2	0.000	0.000	0.000
237	  C	  1.7	  0.1	0.000	0.000	0.000
238	  R	  4.0	  0.5	0.000	0.000	0.000
239	  W	  3.3	  0.8	0.000	0.000	0.000
240	  D	  2.7	  1.2	0.000	0.000	0.000
241	  G	  0.1	  1.2	0.000	0.000	0.000
242	  C	  1.9	  0.9	0.000	0.000	0.000
243	  S	  2.2	  0.6	0.000	0.000	0.000
244	  Q	  2.5	  0.2	0.000	0.000	0.000
245	  E	  2.7	  0.2	0.000	0.000	0.000
246	  F	  3.3	  0.2	0.000	0.000	0.000
247	  D	  3.0	  0.3	0.000	0.000	0.000
248	  S	  1.3	  0.3	0.000	0.000	0.000
249	  Q	  0.5	  0.3	0.000	0.000	0.000
250	  E	  0.4	  0.3	0.000	0.000	0.000
251	  Q	  0.8	  0.1	0.000	0.000	0.000
252	  L	  1.7	  0.1	0.000	0.000	0.000
253	  V	  4.6	  0.0	0.000	0.000	0.000
254	  H	  7.4	  0.0	0.000	0.000	0.000
255	  H	 12.8	  0.1	0.000	0.000	0.000
256	  I	 11.2	  0.1	0.000	0.000	0.000
257	  N	  7.5	  0.2	0.000	0.000	0.000
258	  S	  1.2	  0.3	0.000	0.000	0.000
259	  E	  0.2	  0.2	0.000	0.000	0.000
260	  H	  4.6	  0.2	0.000	0.000	0.000
261	  I	  6.0	  0.8	0.000	0.000	0.000
262	  H	  5.9	  0.9	0.000	0.000	0.000
263	  G	  1.5	  0.9	0.185	0.000	0.000
264	  E	  0.9	  1.0	0.185	0.000	0.000
265	  R	  1.0	  0.3	0.185	0.000	0.000
266	  K	  1.1	  0.2	0.185	0.000	0.000
267	  E	  0.5	  0.1	0.185	0.000	0.000
268	  F	  2.5	  0.1	0.185	15.471	15.471
269	  V	  3.5	  0.0	0.000	15.471	15.471
270	  C	  4.6	  0.0	0.000	15.471	15.471
271	  H	  2.9	  0.2	0.000	15.471	15.471
272	  W	  1.8	  0.4	0.000	15.471	15.471
273	  G	  0.6	  0.7	0.000	1.192	1.192
274	  G	  0.1	  0.7	0.000	0.000	0.000
275	  C	  0.8	  0.6	0.000	0.000	0.000
276	  S	  1.0	  0.5	0.000	0.000	0.000
277	  R	  1.0	  0.2	0.000	0.000	0.000
278	  E	  0.7	  0.2	0.000	0.000	0.000
279	  L	  0.7	  0.1	0.000	0.000	0.000
280	  R	  0.7	  0.0	0.000	0.000	0.000
281	  P	  0.2	  0.0	0.000	0.000	0.000
282	  F	  1.2	  0.0	0.000	0.000	0.000
283	  K	  1.3	  0.0	0.000	0.000	0.000
284	  A	  1.6	  0.0	0.000	0.830	0.830
285	  Q	  1.6	  0.0	0.000	1.812	1.812
286	  Y	  2.2	  0.0	0.000	65.718	65.718
287	  M	  2.9	  0.0	0.000	65.769	65.769
288	  L	  3.6	  0.0	0.000	65.769	65.769
289	  V	  7.7	  0.0	0.000	65.769	65.769
290	  V	 11.3	  0.0	0.000	65.627	65.627
291	  H	 10.4	  0.0	0.000	0.706	0.706
292	  M	  5.8	  0.0	0.000	0.193	0.193
293	  R	  1.5	  0.1	0.000	0.000	0.000
294	  R	  1.3	  0.1	0.000	0.000	0.000
295	  H	  1.3	  0.4	0.000	0.000	0.000
296	  T	  0.9	  0.4	0.000	0.000	0.000
297	  G	  0.2	  0.4	0.000	0.000	0.000
298	  E	  0.1	  0.4	0.000	0.000	0.000
299	  K	  0.1	  0.3	0.000	0.000	0.000
300	  P	  0.0	  0.2	0.000	0.000	0.000
301	  H	  0.7	  0.2	0.000	0.000	0.000
302	  K	  3.4	  0.2	0.000	0.000	0.000
303	  C	  6.1	  0.1	0.000	0.000	0.000
304	  T	 15.8	  0.0	0.000	0.000	0.000
305	  F	 13.5	  0.7	0.000	0.000	0.000
306	  E	 10.8	  1.0	0.000	0.000	0.000
307	  G	  0.4	  1.0	0.259	0.000	0.000
308	  C	  1.1	  1.1	0.259	0.000	0.000
309	  R	  1.3	  0.5	0.259	0.000	0.000
310	  K	  1.6	  0.2	0.259	0.000	0.000
311	  S	 21.3	  0.3	0.259	0.000	0.000
312	  Y	 22.5	  0.3	0.259	0.000	0.000
313	  S	 22.3	  0.3	0.715	0.000	0.000
314	  R	  2.1	  0.3	0.620	0.000	0.000
315	  L	  0.4	  0.3	0.620	0.000	0.000
316	  E	  0.4	  0.2	0.620	0.000	0.000
317	  N	  0.4	  0.2	2.673	0.000	0.000
318	  L	  0.5	  0.2	2.673	0.000	0.000
319	  K	  0.9	  0.1	2.438	0.000	0.000
320	  T	  1.6	  0.1	2.053	0.000	0.000
321	  H	  2.2	  0.1	2.053	0.000	0.000
322	  L	  2.3	  0.1	2.053	0.000	0.000
323	  R	  1.8	  0.1	1.433	0.000	0.000
324	  S	  2.2	  0.2	0.660	0.000	0.000
325	  H	  1.8	  0.4	0.139	0.000	0.000
326	  T	  1.4	  0.5	0.000	0.000	0.000
327	  G	  0.2	  0.4	0.000	0.000	0.000
328	  E	  0.1	  0.3	0.000	0.000	0.000
329	  K	  0.1	  0.1	0.000	0.000	0.000
330	  P	  0.0	  0.0	0.000	0.000	0.000
331	  Y	  2.3	  0.0	0.000	0.000	0.000
332	  M	  2.5	  0.0	0.000	0.000	0.000
333	  C	  4.3	  0.1	0.000	0.000	0.000
334	  E	  2.2	  0.2	0.000	0.000	0.000
335	  H	  2.0	  1.7	0.000	0.000	0.000
336	  E	  0.2	  2.4	0.000	0.000	0.000
337	  G	  0.1	  2.2	0.348	0.000	0.000
338	  C	  1.9	  2.3	0.348	0.000	0.000
339	  S	  2.0	  0.8	0.348	0.000	0.000
340	  K	  2.1	  0.2	0.348	0.000	0.000
341	  A	  0.7	  0.2	0.348	0.000	0.000
342	  F	  0.9	  0.3	0.348	0.000	0.000
343	  S	  0.8	  0.3	0.133	0.000	0.000
344	  N	  0.4	  2.1	0.955	0.000	0.000
345	  A	  0.1	  2.4	0.955	0.000	0.000
346	  S	  0.1	  2.2	3.053	0.000	0.000
347	  D	  0.0	  2.2	4.015	0.000	0.000
348	  R	  0.1	  0.4	4.015	0.000	0.000
349	  A	  0.2	  0.2	4.015	0.000	0.000
350	  K	  0.4	  0.1	3.887	0.000	0.000
351	  H	  0.6	  0.4	3.430	0.000	0.000
352	  Q	  0.5	  0.4	2.567	0.000	0.000
353	  N	  0.4	  0.5	0.983	0.000	0.000
354	  R	  0.4	  0.5	0.339	0.000	0.000
355	  T	  2.4	  0.2	0.000	0.000	0.000
356	  H	  2.4	  0.6	0.000	0.000	0.000
357	  S	  2.1	  0.5	0.000	0.000	0.000
358	  N	  0.1	  0.5	0.000	0.000	0.000
359	  E	  0.1	  0.5	0.000	0.000	0.000
360	  K	  0.1	  0.0	0.000	0.000	0.000
361	  P	  0.0	  0.0	0.000	0.000	0.000
362	  Y	  2.2	  0.0	0.000	0.000	0.000
363	  V	  2.5	  0.0	0.000	0.000	0.000
364	  C	  3.6	  0.0	0.000	0.000	0.000
365	  K	  1.5	  0.0	0.000	0.000	0.000
366	  L	  1.2	  2.0	0.000	0.000	0.000
367	  P	  0.1	  2.5	0.000	0.000	0.000
368	  G	  0.1	  2.5	0.000	0.000	0.000
369	  C	  3.7	  2.6	0.000	0.000	0.000
370	  T	  4.9	  0.6	0.000	0.000	0.000
371	  K	  5.0	  0.1	0.000	0.000	0.000
372	  R	  3.2	  0.1	0.000	0.000	0.000
373	  Y	  4.9	  0.1	0.000	0.000	0.000
374	  T	  4.7	  0.0	0.000	0.000	0.000
375	  D	  3.0	  4.7	0.389	0.000	0.000
376	  P	  0.0	  4.8	0.389	0.000	0.000
377	  S	  0.1	  4.9	0.689	0.000	0.000
378	  S	  2.0	  4.9	0.689	0.000	0.000
379	  L	  2.2	  0.2	0.689	0.000	0.000
380	  R	  2.3	  0.1	0.689	0.000	0.000
381	  K	  0.6	  0.1	0.553	0.000	0.000
382	  H	  2.4	  0.1	0.300	0.000	0.000
383	  V	  3.7	  0.1	0.000	0.000	0.000
384	  K	  4.3	  0.0	0.000	0.000	0.000
385	  T	  8.3	  0.0	0.000	0.000	0.000
386	  V	  7.7	  0.0	0.000	0.000	0.000
387	  H	  6.9	  0.1	0.000	0.000	0.000
388	  G	  0.9	  1.4	0.000	0.000	0.000
389	  P	  0.0	  1.4	0.000	0.000	0.000
390	  D	  0.0	  1.4	0.000	0.000	0.000
391	  A	  0.3	  1.3	0.000	0.000	0.000
392	  H	  1.9	  0.0	0.000	0.000	0.000
393	  V	  3.8	  0.0	0.000	0.000	0.000
394	  T	  4.8	  0.1	0.000	0.000	0.000
395	  K	  3.5	  0.1	0.000	0.000	0.000
396	  R	  2.2	  0.1	0.000	0.000	0.000
397	  H	  1.0	  0.5	0.000	0.000	0.000
398	  R	  0.8	  1.5	0.000	0.000	0.000
399	  G	  0.3	  1.5	0.000	0.000	0.000
400	  D	  0.1	  1.5	0.000	0.000	0.000
401	  G	  0.0	  1.1	0.000	0.000	0.000
402	  P	  0.0	  0.0	0.000	0.000	0.000
403	  L	  0.0	  0.2	0.000	0.000	0.000
404	  P	  0.0	  0.2	0.000	0.000	0.000
405	  R	  0.0	  0.2	0.000	0.000	0.000
406	  A	  0.0	  0.4	0.000	0.000	0.000
407	  P	  0.0	  0.3	0.000	0.000	0.000
408	  S	  5.1	  0.4	0.000	0.000	0.000
409	  I	  5.9	  0.4	0.000	0.000	0.000
410	  S	  6.3	  0.1	0.000	0.000	0.000
411	  T	 16.4	  0.1	0.000	0.000	0.000
412	  V	 16.1	  0.0	0.000	0.000	0.000
413	  E	 15.8	  0.0	0.000	0.000	0.000
414	  P	  0.7	  0.0	0.000	0.000	0.000
415	  K	  0.3	  0.1	0.000	0.000	0.000
416	  R	  0.3	  0.1	0.000	0.000	0.000
417	  E	  0.4	  0.2	0.000	0.000	0.000
418	  R	  0.1	  0.5	0.000	0.000	0.000
419	  E	  0.1	  0.4	0.000	0.000	0.000
420	  G	  0.0	  0.4	0.000	0.000	0.000
421	  G	  0.0	  0.3	0.172	0.000	0.000
422	  P	  0.0	  0.0	0.172	0.000	0.000
423	  I	  0.4	  0.0	0.172	0.000	0.000
424	  R	  0.4	  0.1	0.172	0.000	0.000
425	  E	  0.4	  0.2	0.172	0.000	0.000
426	  E	  0.1	  0.2	0.172	0.000	0.000
427	  S	  0.1	  0.2	0.000	0.000	0.000
428	  R	  0.8	  0.1	0.000	0.000	0.000
429	  L	  6.7	  0.1	0.000	0.000	0.000
430	  T	  7.3	  0.0	0.000	0.000	0.000
431	  V	  6.6	  0.3	0.000	0.000	0.000
432	  P	  0.7	  0.8	0.000	0.000	0.000
433	  E	  0.0	  1.1	0.000	0.000	0.000
434	  G	  0.0	  1.1	0.000	0.000	0.000
435	  A	  0.5	  0.8	0.000	0.000	0.000
436	  M	  0.6	  0.3	0.000	0.000	0.000
437	  K	  0.6	  0.0	0.000	0.000	0.000
438	  P	  0.1	  0.0	0.000	0.000	0.000
439	  Q	  0.0	  0.0	0.000	0.000	0.000
440	  P	  0.0	  0.0	0.000	0.000	0.000
441	  S	  0.0	  2.4	0.000	0.000	0.000
442	  P	  0.0	  2.5	0.000	0.000	0.000
443	  G	  0.0	  2.5	0.000	0.000	0.000
444	  A	  0.1	  2.5	0.000	0.000	0.000
445	  Q	  0.2	  0.2	0.000	0.000	0.000
446	  S	  0.8	  0.2	0.000	0.000	0.000
447	  S	 21.3	  0.4	0.000	0.000	0.000
448	  C	 21.8	  0.6	0.000	0.000	0.000
449	  S	 21.3	  2.0	0.000	0.000	0.000
450	  S	  1.0	  2.0	0.000	0.000	0.000
451	  D	  0.1	  1.8	0.000	0.000	0.000
452	  H	  0.1	  1.6	0.000	0.000	0.000
453	  S	  0.1	  0.5	0.000	0.000	0.000
454	  P	  0.0	  1.1	0.000	0.000	0.000
455	  A	  0.0	  1.4	0.000	0.000	0.000
456	  G	  0.1	  1.4	0.000	0.000	0.000
457	  S	  0.2	  0.9	0.000	0.000	0.000
458	  A	  0.2	  0.6	0.000	0.000	0.000
459	  A	  0.2	  0.3	0.000	0.000	0.000
460	  N	  0.2	  0.9	0.000	0.000	0.000
461	  T	  0.7	  1.2	0.000	0.000	0.000
462	  D	  0.7	  1.2	0.000	0.000	0.000
463	  S	  0.6	  1.2	0.000	0.000	0.000
464	  G	  0.1	  0.5	0.202	0.000	0.000
465	  V	  5.2	  0.3	0.202	0.000	0.000
466	  E	  5.9	  0.0	0.202	0.000	0.000
467	  M	  6.0	  0.0	0.202	0.000	0.000
468	  T	  1.1	  0.8	0.202	0.000	0.000
469	  G	  0.2	  0.9	0.202	0.000	0.000
470	  N	  0.0	  1.4	0.202	0.000	0.000
471	  A	  0.0	  1.6	0.000	0.000	0.000
472	  G	  0.0	  1.6	0.000	0.000	0.000
473	  G	  0.0	  1.7	0.000	0.000	0.000
474	  S	  0.3	  1.2	0.000	0.000	0.000
475	  T	  0.3	  1.3	0.000	0.000	0.000
476	  E	  0.3	  0.5	0.000	0.000	0.000
477	  D	  0.2	  1.0	0.000	0.000	0.000
478	  L	  0.5	  1.1	0.000	0.000	0.000
479	  S	  0.6	  0.8	0.000	0.000	0.000
480	  S	  2.9	  1.5	0.000	0.000	0.000
481	  L	  2.6	  1.0	0.000	0.000	0.000
482	  D	  2.5	  0.9	0.000	0.000	0.000
483	  E	  0.0	  0.8	0.000	0.000	0.000
484	  G	  0.0	  0.3	0.000	0.000	0.000
485	  P	  0.0	  0.2	0.000	0.000	0.000
486	  C	 10.2	  0.2	0.000	0.000	0.000
487	  I	 11.4	  0.1	0.000	0.000	0.000
488	  A	 11.4	  0.3	0.000	0.000	0.000
489	  G	  1.4	  0.3	0.000	0.000	0.000
490	  T	  0.0	  0.4	0.000	0.000	0.000
491	  G	  0.1	  0.4	1.024	0.000	0.000
492	  L	  0.2	  0.2	1.024	0.000	0.000
493	  S	  0.4	  0.1	2.649	0.000	0.000
494	  T	  2.7	  0.1	3.773	0.000	0.000
495	  L	  2.7	  0.1	3.773	0.000	0.000
496	  R	  2.9	  0.1	3.773	0.000	0.000
497	  R	  0.9	  0.1	3.288	0.000	0.000
498	  L	  0.8	  0.3	3.061	0.000	0.000
499	  E	  0.5	  0.2	2.848	0.000	0.000
500	  N	  0.7	  0.2	2.157	0.000	0.000
501	  L	  2.3	  0.2	1.260	0.000	0.000
502	  R	  4.3	  0.2	1.052	0.000	0.000
503	  L	  3.8	  0.2	0.585	0.000	0.000
504	  D	  2.3	  0.3	0.173	0.000	0.000
505	  Q	  0.8	  0.3	0.173	0.000	0.000
506	  L	  0.8	  0.1	0.173	0.000	0.000
507	  H	  1.5	  0.2	0.173	0.000	0.000
508	  Q	  2.6	  0.1	0.173	0.000	0.000
509	  L	  2.5	  0.1	0.173	0.000	0.000
510	  R	  1.9	  0.1	0.173	0.000	0.000
511	  P	  0.2	  0.0	0.000	0.000	0.000
512	  I	  0.1	  0.3	0.000	0.000	0.000
513	  G	  0.1	  0.3	0.000	0.000	0.000
514	  T	  0.2	  0.4	0.000	0.000	0.000
515	  R	  0.2	  0.4	0.000	0.000	0.000
516	  G	  0.2	  0.2	0.000	0.000	0.000
517	  L	  2.9	  0.1	0.000	0.000	0.000
518	  K	  2.9	  0.0	0.000	0.000	0.000
519	  L	  2.9	  0.3	0.000	0.000	0.000
520	  P	  0.1	  0.4	0.000	0.000	0.000
521	  S	  5.6	  0.7	0.000	0.000	0.000
522	  L	  6.3	  0.7	0.000	0.000	0.000
523	  S	  7.4	  0.5	0.000	0.000	0.000
524	  H	  2.1	  0.6	0.000	0.000	0.000
525	  T	  1.3	  0.5	0.000	0.000	0.000
526	  G	  0.2	  0.5	0.000	0.000	0.000
527	  T	  2.1	  0.5	0.000	0.000	0.000
528	  T	 19.7	  0.3	0.113	0.000	0.000
529	  V	 20.4	  0.0	0.113	0.000	0.000
530	  S	 19.0	  0.1	0.113	0.000	0.000
531	  R	  2.1	  0.1	0.113	0.000	0.000
532	  R	  1.5	  0.1	0.113	0.000	0.000
533	  V	  1.1	  0.0	0.113	0.000	0.000
534	  G	  0.3	  0.0	0.113	0.000	0.000
535	  P	  0.0	  0.0	0.000	0.000	0.000
536	  P	  0.0	  0.0	0.000	0.000	0.000
537	  V	  4.9	  0.0	0.000	0.000	0.000
538	  S	  6.0	  0.0	0.797	0.000	0.000
539	  L	  6.0	  0.1	0.797	0.000	0.000
540	  E	  1.4	  0.1	0.797	0.000	0.000
541	  R	  0.5	  0.1	0.797	0.000	0.000
542	  R	  0.6	  0.2	0.797	0.000	0.000
543	  S	  1.4	  0.9	0.797	0.000	0.000
544	  S	  2.0	  1.7	0.229	0.000	0.000
545	  S	  2.7	  2.3	0.000	0.000	0.000
546	  S	  2.6	  2.8	0.000	0.000	0.000
547	  S	  1.9	  2.1	0.000	0.000	0.000
548	  S	  6.7	  1.5	0.000	0.000	0.000
549	  I	  6.4	  0.8	0.000	0.000	0.000
550	  S	  6.3	  0.2	0.000	0.000	0.000
551	  S	  0.8	  0.2	0.303	0.000	0.000
552	  A	  0.5	  0.1	0.303	0.000	0.000
553	  Y	 10.5	  0.0	0.303	0.000	0.000
554	  T	 26.6	  0.0	0.408	0.000	0.000
555	  V	 27.0	  0.0	0.408	0.000	0.000
556	  S	 18.4	  0.1	0.408	0.000	0.000
557	  R	  1.5	  0.1	0.196	0.000	0.000
558	  R	  0.8	  0.2	0.196	0.000	0.000
559	  S	  0.5	  0.3	0.105	0.000	0.000
560	  S	  0.4	  0.2	0.000	0.000	0.000
561	  L	  0.5	  0.2	0.000	0.000	0.000
562	  A	  0.4	  0.1	0.000	0.000	0.000
563	  S	  0.3	  0.0	0.000	0.000	0.000
564	  P	  0.0	  0.0	0.000	0.000	0.000
565	  F	  0.0	  0.0	0.000	0.000	0.000
566	  P	  0.0	  2.5	0.000	0.000	0.000
567	  P	  0.0	  2.5	0.000	0.000	0.000
568	  G	  0.0	  2.5	0.000	0.000	0.000
569	  S	  0.0	  2.5	0.000	0.000	0.000
570	  P	  0.0	  0.3	0.000	0.000	0.000
571	  P	  0.0	  1.3	0.000	0.000	0.000
572	  E	  0.0	  2.8	0.000	0.000	0.000
573	  N	  0.0	  3.0	0.000	0.000	0.000
574	  G	  0.0	  3.0	0.000	0.000	0.000
575	  A	  0.2	  2.1	0.000	0.000	0.000
576	  S	  0.4	  0.5	0.000	0.000	0.000
577	  S	  0.5	  0.3	0.000	0.000	0.000
578	  L	  0.3	  0.7	0.000	0.000	0.000
579	  P	  0.1	  0.7	0.000	0.000	0.000
580	  G	  0.0	  0.7	0.000	0.000	0.000
581	  L	  0.1	  0.7	0.000	0.000	0.000
582	  M	  0.1	  0.0	0.000	0.000	0.000
583	  P	  0.1	  0.0	0.000	0.000	0.000
584	  A	  0.2	  0.1	0.000	0.000	0.000
585	  Q	  1.8	  0.1	0.000	0.000	0.000
586	  H	  3.5	  0.1	0.000	0.000	0.000
587	  Y	  4.1	  0.1	0.000	0.000	0.000
588	  L	  2.6	  0.0	0.352	0.000	0.000
589	  L	  1.3	  0.0	0.352	0.000	0.000
590	  R	  0.7	  0.0	0.352	0.000	0.000
591	  A	  0.8	  0.0	0.352	0.000	0.000
592	  R	  0.7	  0.0	0.352	0.000	0.000
593	  Y	  1.4	  0.2	0.352	0.000	0.000
594	  A	  1.4	  0.2	0.128	0.000	0.000
595	  S	  1.8	  0.5	0.128	0.000	0.000
596	  A	  1.0	  0.7	0.000	0.000	0.000
597	  R	  0.8	  0.7	0.000	0.000	0.000
598	  G	  0.1	  0.8	0.000	0.000	0.000
599	  G	  0.0	  0.7	0.000	0.000	0.000
600	  G	  0.0	  0.5	0.000	0.000	0.000
601	  T	  0.1	  0.4	0.000	0.000	0.000
602	  S	  0.1	  0.6	0.127	0.000	0.000
603	  P	  0.1	  0.5	0.127	0.000	0.000
604	  T	  0.3	  0.5	0.127	0.000	0.000
605	  A	  0.4	  0.6	0.127	0.000	0.000
606	  A	  0.6	  0.3	0.127	0.000	0.000
607	  S	  0.3	  0.4	0.127	0.000	0.000
608	  S	  2.7	  1.1	0.125	0.000	0.000
609	  L	  2.6	  1.0	0.125	0.000	0.000
610	  D	  2.6	  0.9	0.125	0.000	0.000
611	  R	  0.8	  0.8	0.125	0.000	0.000
612	  I	  0.9	  0.8	0.125	0.000	0.000
613	  G	  0.8	  0.7	0.125	0.000	0.000
614	  G	  0.1	  0.7	0.000	0.000	0.000
615	  L	  0.0	  0.7	0.000	0.000	0.000
616	  P	  0.0	  0.0	0.000	0.000	0.000
617	  M	  0.0	  0.0	0.000	0.000	0.000
618	  P	  0.0	  0.2	0.000	0.000	0.000
619	  P	  0.0	  0.2	0.000	0.000	0.000
620	  W	  1.2	  0.3	0.125	0.000	0.000
621	  R	  1.5	  0.3	0.125	0.000	0.000
622	  S	  1.5	  0.2	0.125	0.000	0.000
623	  R	  0.4	  0.2	0.125	0.000	0.000
624	  A	  0.3	  0.1	0.125	0.000	0.000
625	  E	  0.3	  0.0	0.125	0.000	0.000
626	  Y	  0.3	  1.1	0.125	0.000	0.000
627	  P	  0.1	  1.1	0.000	0.000	0.000
628	  G	  0.2	  1.1	0.000	0.000	0.000
629	  Y	  0.4	  1.1	0.000	0.000	0.000
630	  N	  0.4	  7.5	0.000	0.000	0.000
631	  P	  0.2	  7.5	0.000	0.000	0.000
632	  N	  0.0	  7.8	0.138	0.000	0.000
633	  A	  0.0	  7.8	0.138	0.000	0.000
634	  G	  0.1	  0.3	0.138	0.000	0.000
635	  V	  1.8	  0.3	0.138	0.000	0.000
636	  T	  2.7	  0.1	0.138	0.000	0.000
637	  R	  2.8	  0.1	0.138	0.000	0.000
638	  R	  1.2	  0.3	0.138	0.000	0.000
639	  A	  0.3	  0.3	0.000	0.000	0.000
640	  S	  0.2	  0.2	0.000	0.000	0.000
641	  D	  0.0	  0.4	0.176	0.000	0.000
642	  P	  0.0	  0.2	0.176	0.000	0.000
643	  A	  0.1	  0.3	0.176	0.000	0.000
644	  Q	  0.1	  0.3	0.176	0.000	0.000
645	  A	  0.1	  0.4	0.176	0.000	0.000
646	  A	  0.1	  0.4	0.176	0.000	0.000
647	  D	  0.0	  0.4	0.176	0.000	0.000
648	  R	  0.0	  0.4	0.000	0.000	0.000
649	  P	  0.0	  0.0	0.000	0.000	0.000
650	  A	  0.0	  0.0	0.000	0.000	0.000
651	  P	  0.0	  0.0	0.000	0.000	0.000
652	  A	  0.3	  0.0	0.000	0.000	0.000
653	  R	  1.8	  0.0	0.000	0.000	0.000
654	  V	  2.9	  0.0	0.000	0.000	0.000
655	  Q	  3.4	  0.0	0.000	0.000	0.000
656	  R	  2.4	  0.0	0.000	0.000	0.000
657	  F	  2.4	  0.3	0.000	0.000	0.000
658	  K	  1.7	  0.4	0.000	0.000	0.000
659	  S	  1.3	  0.7	0.000	0.000	0.000
660	  L	  0.5	  0.8	0.000	0.000	0.000
661	  G	  0.3	  0.5	0.000	0.000	0.000
662	  C	  2.0	  0.4	0.000	0.000	0.000
663	  V	  4.8	  0.1	0.000	0.000	0.000
664	  H	  4.7	  0.0	0.000	0.000	0.000
665	  T	  2.9	  0.0	0.000	0.000	0.000
666	  P	  0.0	  0.3	0.000	0.000	0.000
667	  P	  0.0	  0.3	0.000	0.000	0.000
668	  T	  4.2	  0.3	0.000	0.000	0.000
669	  V	  4.8	  0.3	0.000	0.000	0.000
670	  A	  4.8	  0.2	0.000	0.000	0.000
671	  G	  0.7	  0.6	0.000	0.000	0.000
672	  G	  0.0	  0.7	0.000	0.000	0.000
673	  G	  0.0	  1.0	0.000	0.000	0.000
674	  Q	  0.8	  0.8	0.000	0.000	0.000
675	  N	  2.3	  0.4	0.000	0.000	0.000
676	  F	  2.5	  0.3	0.000	0.000	0.000
677	  D	  1.8	  0.2	0.000	0.000	0.000
678	  P	  0.2	  0.2	0.000	0.000	0.000
679	  Y	  0.2	  0.2	0.000	0.000	0.000
680	  L	  0.2	  0.4	0.000	0.000	0.000
681	  P	  0.2	  0.2	0.000	0.000	0.000
682	  T	  0.9	  0.2	0.000	0.000	0.000
683	  S	  1.8	  0.2	0.000	0.000	0.000
684	  V	 10.1	  0.0	0.000	0.000	0.000
685	  Y	  9.6	  0.0	0.000	0.000	0.000
686	  S	  8.7	  0.0	0.000	0.000	0.000
687	  P	  0.4	  0.0	0.000	0.000	0.000
688	  Q	  0.0	  0.0	0.000	0.000	0.000
689	  P	  0.0	  0.4	0.000	0.000	0.000
690	  P	  0.0	  0.4	0.000	0.000	0.000
691	  S	  3.2	  0.4	0.000	0.000	0.000
692	  I	  3.9	  0.4	0.000	0.000	0.000
693	  T	  3.9	  0.3	0.866	0.000	0.000
694	  E	  0.8	  0.3	0.866	0.000	0.000
695	  N	  0.1	  0.3	1.444	0.000	0.000
696	  A	  0.2	  0.3	1.444	0.000	0.000
697	  A	  0.3	  0.2	1.444	0.000	0.000
698	  M	  0.6	  0.2	1.444	0.000	0.000
699	  D	  0.5	  0.8	1.501	0.000	0.000
700	  A	  0.4	  0.9	1.501	0.000	0.000
701	  R	  0.2	  0.8	1.501	0.000	0.000
702	  G	  0.1	  0.7	0.883	0.000	0.000
703	  L	  0.1	  0.1	0.487	0.000	0.000
704	  Q	  0.3	  0.0	0.487	0.000	0.000
705	  E	  0.2	  0.0	0.270	0.000	0.000
706	  E	  0.2	  0.0	0.270	0.000	0.000
707	  P	  0.0	  0.0	0.000	0.000	0.000
708	  E	  0.1	  0.0	0.000	0.000	0.000
709	  V	  0.2	  0.3	0.000	0.000	0.000
710	  G	  0.2	  0.3	0.000	0.000	0.000
711	  T	  0.7	  0.3	0.000	0.000	0.000
712	  S	  1.0	  0.3	0.000	0.000	0.000
713	  M	  1.2	  0.2	0.000	0.000	0.000
714	  V	  0.8	  1.3	0.000	0.000	0.000
715	  G	  0.4	  1.5	0.000	0.000	0.000
716	  S	  0.2	  1.6	0.000	0.000	0.000
717	  G	  0.2	  1.4	0.000	0.000	0.000
718	  L	  0.3	  0.3	0.000	0.000	0.000
719	  N	  0.3	  0.3	0.000	0.000	0.000
720	  P	  0.1	  0.2	0.000	0.000	0.000
721	  Y	  1.1	  0.3	0.000	0.000	0.000
722	  M	  3.6	  0.3	0.000	0.000	0.000
723	  D	  3.6	  0.2	0.000	0.000	0.000
724	  F	  2.5	  0.2	0.000	0.000	0.000
725	  P	  0.0	  0.4	0.000	0.000	0.000
726	  P	  0.0	  0.5	0.000	0.000	0.000
727	  T	  0.4	  0.5	0.000	0.000	0.000
728	  D	  0.5	  0.6	0.000	0.000	0.000
729	  T	  0.6	  0.2	0.000	0.000	0.000
730	  L	  0.2	  0.2	0.000	0.000	0.000
731	  G	  0.2	  0.1	0.000	0.000	0.000
732	  Y	  0.2	  0.0	0.000	0.000	0.000
733	  G	  0.1	  0.1	0.000	0.000	0.000
734	  G	  0.1	  0.9	0.000	0.000	0.000
735	  P	  0.0	  1.5	0.000	0.000	0.000
736	  E	  0.0	  1.6	0.000	0.000	0.000
737	  G	  0.0	  1.6	0.000	0.000	0.000
738	  A	  0.1	  0.7	0.000	0.000	0.000
739	  A	  0.1	  0.2	0.000	0.000	0.000
740	  A	  0.1	  0.0	0.000	0.000	0.000
741	  E	  0.1	  0.3	0.000	0.000	0.000
742	  P	  0.0	  0.4	0.000	0.000	0.000
743	  Y	  0.2	  0.8	0.000	0.000	0.000
744	  G	  0.2	  1.1	0.000	0.000	0.000
745	  A	  0.2	  0.8	0.000	0.000	0.000
746	  R	  0.1	  0.7	0.000	0.000	0.000
747	  G	  0.1	  3.1	0.000	0.000	0.000
748	  P	  0.0	  3.1	0.000	0.000	0.000
749	  G	  0.0	  3.1	0.000	0.000	0.000
750	  S	  0.1	  3.1	0.000	0.000	0.000
751	  L	  0.1	  0.7	0.000	0.000	0.000
752	  P	  0.1	  0.4	0.000	0.000	0.000
753	  L	  0.0	  0.5	0.000	0.000	0.000
754	  G	  0.0	  0.5	0.000	0.000	0.000
755	  P	  0.0	  0.1	0.000	0.000	0.000
756	  G	  0.0	  0.1	0.000	0.000	0.000
757	  P	  0.0	  0.4	0.000	0.000	0.000
758	  P	  0.0	  0.5	0.000	0.000	0.000
759	  T	  0.6	  0.5	0.000	0.000	0.000
760	  N	  0.6	  0.5	0.000	0.000	0.000
761	  Y	  0.7	  0.4	0.000	0.000	0.000
762	  G	  0.0	  0.3	0.000	0.000	0.000
763	  P	  0.0	  0.3	0.000	0.000	0.000
764	  N	  0.0	  0.3	0.000	0.000	0.000
765	  P	  0.0	  0.0	0.000	0.000	0.000
766	  C	  0.0	  0.4	0.383	0.000	0.000
767	  P	  0.0	  0.5	0.383	0.000	0.000
768	  Q	  0.1	  0.5	0.383	0.000	0.000
769	  Q	  0.3	  0.6	0.383	0.000	0.000
770	  A	  1.3	  0.2	0.383	0.000	0.000
771	  S	  1.5	  0.2	0.383	0.000	0.000
772	  Y	  1.3	  0.1	0.244	0.000	0.000
773	  P	  0.3	  0.0	0.000	0.000	0.000
774	  D	  0.0	  0.7	0.000	0.000	0.000
775	  P	  0.0	  0.7	0.000	0.000	0.000
776	  T	  0.5	  0.7	0.000	0.000	0.000
777	  Q	  0.5	  0.7	0.000	0.000	0.000
778	  E	  0.7	  0.1	0.000	0.000	0.000
779	  T	  1.0	  0.2	0.000	0.000	0.000
780	  W	  1.0	  0.3	0.000	0.000	0.000
781	  G	  0.8	  0.3	0.000	0.000	0.000
782	  E	  0.2	  0.3	0.000	0.000	0.000
783	  F	  0.1	  0.6	0.000	0.000	0.000
784	  P	  0.1	  0.5	0.000	0.000	0.000
785	  S	  1.5	  1.1	0.000	0.000	0.000
786	  H	  1.5	  1.4	0.000	0.000	0.000
787	  S	  1.5	  1.1	0.000	0.000	0.000
788	  G	  0.1	  1.0	0.000	0.000	0.000
789	  L	  0.1	  0.4	0.000	0.000	0.000
790	  Y	  0.1	  0.1	0.000	0.000	0.000
791	  P	  0.1	  0.0	0.000	0.000	0.000
792	  G	  0.0	  0.3	0.000	0.000	0.000
793	  P	  0.0	  0.3	0.000	0.000	0.000
794	  K	  0.1	  0.4	0.000	0.000	0.000
795	  A	  0.1	  0.4	0.000	0.000	0.000
796	  L	  0.1	  0.5	0.000	0.000	0.000
797	  G	  0.0	  0.6	0.000	0.000	0.000
798	  G	  0.1	  0.5	0.000	0.000	0.000
799	  T	 31.0	  0.5	0.000	0.000	0.000
800	  Y	 32.5	  0.2	0.000	0.000	0.000
801	  S	 33.0	  0.1	0.000	0.000	0.000
802	  Q	  3.1	  0.1	0.000	0.000	0.000
803	  C	  0.6	  0.3	0.094	0.000	0.000
804	  P	  0.1	  0.3	0.094	0.000	0.000
805	  R	  0.4	  0.3	0.094	0.000	0.000
806	  L	  0.7	  0.4	0.094	0.000	0.000
807	  E	  1.2	  0.2	0.094	0.000	0.000
808	  H	  1.6	  0.5	0.094	0.000	0.000
809	  Y	  1.4	  0.6	0.000	0.000	0.000
810	  G	  0.9	  0.4	0.120	0.000	0.000
811	  Q	  0.9	  0.4	0.120	0.000	0.000
812	  V	  5.4	  0.1	0.120	0.000	0.000
813	  Q	  7.4	  0.0	0.120	0.000	0.000
814	  V	  7.3	  0.0	0.120	0.000	0.000
815	  K	  3.0	  0.1	0.120	0.000	0.000
816	  P	  0.6	  0.4	0.000	0.000	0.000
817	  E	  0.0	  0.7	0.000	0.000	0.000
818	  Q	  0.0	  0.7	0.000	0.000	0.000
819	  G	  0.0	  0.5	0.000	0.000	0.000
820	  C	  0.0	  0.3	0.000	0.000	0.000
821	  P	  0.0	  0.2	0.000	0.000	0.000
822	  V	  0.2	  0.9	0.000	0.000	0.000
823	  G	  0.2	  1.3	0.000	0.000	0.000
824	  S	  0.2	  1.7	0.000	0.000	0.000
825	  D	  0.1	  2.2	0.000	0.000	0.000
826	  S	  0.2	  1.6	0.000	0.000	0.000
827	  T	  0.2	  1.3	0.000	0.000	0.000
828	  G	  0.3	  0.8	0.000	0.000	0.000
829	  L	  0.3	  0.1	0.000	0.000	0.000
830	  A	  0.2	  0.0	0.000	0.000	0.000
831	  P	  0.0	  0.0	0.000	0.000	0.000
832	  C	  1.9	  0.2	0.000	0.000	0.000
833	  L	  2.2	  0.2	0.000	0.000	0.000
834	  N	  2.2	  0.2	0.000	0.000	0.000
835	  A	  0.4	  0.2	0.000	0.000	0.000
836	  H	  0.1	  0.8	0.000	0.000	0.000
837	  P	  0.0	  1.0	0.000	0.000	0.000
838	  S	  0.0	  1.0	0.000	0.000	0.000
839	  E	  0.0	  1.0	0.000	0.000	0.000
840	  G	  0.0	  0.2	0.000	0.000	0.000
841	  P	  0.0	  0.0	0.000	0.000	0.000
842	  P	  0.0	  0.0	0.000	0.000	0.000
843	  H	  0.0	  0.0	0.000	0.000	0.000
844	  P	  0.0	  0.0	0.000	0.000	0.000
845	  Q	  0.0	  0.0	0.000	0.000	0.000
846	  P	  0.0	  0.0	0.000	0.000	0.000
847	  L	  0.6	  0.0	0.000	0.000	0.000
848	  F	  2.9	  0.1	0.000	0.000	0.000
849	  S	  3.9	  0.1	0.000	0.000	0.000
850	  H	  3.6	  0.1	0.000	0.000	0.000
851	  Y	  1.4	  0.1	0.000	0.000	0.000
852	  P	  0.3	  0.0	0.000	0.000	0.000
853	  Q	  0.0	  0.0	0.000	0.000	0.000
854	  P	  0.0	  0.0	0.000	0.000	0.000
855	  S	  0.0	  0.0	0.000	0.000	0.000
856	  P	  0.0	  0.3	0.000	0.000	0.000
857	  P	  0.0	  0.3	0.000	0.000	0.000
858	  Q	  1.2	  0.3	0.000	0.000	0.000
859	  Y	  2.0	  0.3	0.000	0.000	0.000
860	  L	  2.3	  0.2	0.000	0.000	0.000
861	  Q	  1.2	  0.2	0.000	0.000	0.000
862	  S	  0.3	  0.4	0.000	0.000	0.000
863	  G	  0.0	  0.6	0.000	0.000	0.000
864	  P	  0.0	  0.4	0.000	0.000	0.000
865	  Y	  8.6	  0.4	0.000	0.000	0.000
866	  T	  8.6	  0.2	0.000	0.000	0.000
867	  Q	  8.6	  0.0	0.000	0.000	0.000
868	  P	  0.0	  0.0	0.000	0.000	0.000
869	  P	  0.0	  1.2	0.000	0.000	0.000
870	  P	  0.0	  1.2	0.000	0.000	0.000
871	  D	  0.1	  1.2	0.000	0.000	0.000
872	  Y	  0.2	  1.2	0.000	0.000	0.000
873	  L	  0.2	  0.3	0.000	0.000	0.000
874	  P	  0.2	  0.3	0.000	0.000	0.000
875	  S	  0.0	  0.3	0.000	0.000	0.000
876	  E	  0.0	  0.3	0.000	0.000	0.000
877	  P	  0.0	  0.0	0.000	0.000	0.000
878	  R	  0.0	  0.0	0.000	0.000	0.000
879	  P	  0.0	  0.0	0.000	0.000	0.000
880	  C	  1.5	  0.3	0.000	0.000	0.000
881	  L	  2.8	  0.3	0.000	0.000	0.000
882	  D	  3.2	  0.8	0.000	0.000	0.000
883	  F	  3.4	  0.8	0.000	0.000	0.000
884	  D	  2.1	  0.5	0.000	0.000	0.000
885	  S	  1.7	  1.0	0.000	0.000	0.000
886	  P	  0.0	  0.4	0.000	0.000	0.000
887	  T	  2.0	  0.5	0.000	0.000	0.000
888	  H	  2.1	  1.0	0.000	0.000	0.000
889	  S	  2.2	  0.8	0.000	0.000	0.000
890	  T	  0.3	  0.9	0.188	0.000	0.000
891	  G	  0.2	  0.9	0.602	0.000	0.000
892	  Q	  1.1	  0.4	0.602	0.000	0.000
893	  L	  1.3	  0.1	0.602	0.000	0.000
894	  K	  1.5	  0.1	0.602	0.000	0.000
895	  A	  0.8	  0.0	0.602	0.000	0.000
896	  Q	  1.2	  0.0	0.602	0.000	0.000
897	  L	  2.4	  0.0	0.124	1.203	1.203
898	  V	  3.0	  0.1	0.124	1.423	1.423
899	  C	  2.8	  0.1	0.124	1.423	1.423
900	  N	  2.2	  0.1	0.124	1.423	1.423
901	  Y	  2.8	  0.1	0.124	1.423	1.423
902	  V	  3.4	  0.0	0.000	1.423	1.423
903	  Q	  2.9	  0.1	0.000	0.000	0.000
904	  S	  1.7	  0.1	0.281	0.000	0.000
905	  Q	  0.8	  0.2	0.281	0.000	0.000
906	  Q	  0.7	  0.2	0.281	0.000	0.000
907	  E	  0.4	  0.1	0.281	0.000	0.000
908	  L	  0.6	  0.1	0.281	0.000	0.000
909	  L	  0.6	  0.0	0.281	0.000	0.000
910	  W	  0.6	  0.3	0.281	0.000	0.000
911	  E	  0.2	  0.6	0.143	0.000	0.000
912	  G	  0.1	  1.1	0.000	0.000	0.000
913	  G	  0.0	  1.2	0.000	0.000	0.000
914	  G	  0.0	  1.0	0.000	0.000	0.000
915	  R	  0.1	  1.3	0.000	0.000	0.000
916	  E	  0.1	  0.8	0.000	0.000	0.000
917	  D	  0.1	  0.7	0.000	0.000	0.000
918	  A	  0.0	  0.6	0.000	0.000	0.000
919	  P	  0.0	  0.0	0.000	0.000	0.000
920	  A	  0.1	  0.0	0.000	0.000	0.000
921	  Q	  0.1	  0.0	0.000	0.000	0.000
922	  E	  0.1	  0.3	0.000	0.000	0.000
923	  P	  0.0	  0.3	0.000	0.000	0.000
924	  S	  3.4	  0.3	0.000	0.000	0.000
925	  Y	  6.1	  0.3	0.000	0.000	0.000
926	  Q	  6.2	  0.0	0.000	0.000	0.000
927	  S	  2.9	  0.3	0.000	0.000	0.000
928	  P	  0.0	  0.3	0.000	0.000	0.000
929	  K	  0.2	  0.3	0.000	0.000	0.000
930	  F	  0.6	  0.3	0.000	0.000	0.000
931	  L	  0.7	  0.3	0.000	0.000	0.000
932	  G	  0.4	  0.6	0.000	0.000	0.000
933	  G	  0.0	  0.6	0.000	0.000	0.000
934	  S	  0.2	  0.6	0.000	0.000	0.000
935	  Q	  1.1	  0.3	0.000	0.000	0.000
936	  V	  1.4	  0.1	0.000	0.000	0.000
937	  S	  1.3	  2.8	0.488	0.000	0.000
938	  P	  0.4	  2.9	0.488	0.000	0.000
939	  S	  0.1	  2.9	0.488	0.000	0.000
940	  R	  0.1	  2.9	0.488	0.000	0.000
941	  A	  0.3	  0.1	0.488	0.000	0.000
942	  K	  0.3	  0.0	0.488	0.000	0.000
943	  A	  0.2	  0.0	0.137	0.000	0.000
944	  P	  0.0	  0.0	0.000	0.000	0.000
945	  V	  1.4	  0.1	0.000	0.000	0.000
946	  N	  4.6	  0.1	0.000	0.000	0.000
947	  T	  5.6	  0.1	0.000	0.000	0.000
948	  Y	  4.3	  0.4	0.000	0.000	0.000
949	  G	  1.0	  2.4	0.000	0.000	0.000
950	  P	  0.0	  2.4	0.000	0.000	0.000
951	  G	  0.0	  2.4	0.000	0.000	0.000
952	  F	  0.0	  2.4	0.000	0.000	0.000
953	  G	  0.0	  1.4	0.000	0.000	0.000
954	  P	  0.0	  1.4	0.000	0.000	0.000
955	  N	  0.0	  1.4	0.000	0.000	0.000
956	  L	  0.0	  1.8	0.000	0.000	0.000
957	  P	  0.0	  0.7	0.000	0.000	0.000
958	  N	  0.1	  0.7	0.000	0.000	0.000
959	  H	  0.6	  1.6	0.000	0.000	0.000
960	  K	  0.7	  1.1	0.000	0.000	0.000
961	  S	  0.8	  2.6	0.000	0.000	0.000
962	  G	  0.5	  2.6	0.000	0.000	0.000
963	  S	  0.6	  1.7	0.000	0.000	0.000
964	  Y	  0.4	  1.5	0.000	0.000	0.000
965	  P	  0.3	  0.0	0.000	0.000	0.000
966	  T	  0.1	  0.0	0.000	0.000	0.000
967	  P	  0.1	  0.0	0.000	0.000	0.000
968	  S	  0.1	  0.2	0.000	0.000	0.000
969	  P	  0.0	  0.2	0.000	0.000	0.000
970	  C	  1.1	  0.2	0.000	0.000	0.000
971	  H	  1.2	  0.9	0.000	0.000	0.000
972	  E	  1.2	  0.7	0.000	0.000	0.000
973	  N	  0.9	  0.7	0.000	0.746	0.746
974	  F	  3.1	  0.7	0.000	18.996	18.996
975	  V	  4.1	  0.0	0.000	18.996	18.996
976	  V	  3.5	  0.3	0.000	18.996	18.996
977	  G	  1.2	  0.8	0.271	18.996	18.996
978	  A	  0.1	  0.8	0.271	18.860	18.860
979	  N	  0.0	  0.8	0.271	0.684	0.684
980	  R	  0.2	  0.6	0.271	0.000	0.000
981	  A	  0.6	  0.3	0.271	0.000	0.000
982	  S	  1.7	  0.3	0.271	0.000	0.000
983	  H	  1.9	  0.3	0.000	0.000	0.000
984	  R	  1.6	  0.1	0.000	0.000	0.000
985	  A	  0.5	  0.1	0.000	0.000	0.000
986	  A	  0.2	  0.0	0.000	0.000	0.000
987	  A	  0.1	  0.0	0.000	0.000	0.000
988	  P	  0.0	  0.2	0.000	0.000	0.000
989	  P	  0.0	  0.3	0.000	0.000	0.000
990	  R	  0.9	  0.3	0.000	0.000	0.000
991	  L	  0.9	  0.3	0.000	0.000	0.000
992	  L	  0.9	  0.0	0.000	0.000	0.000
993	  P	  0.0	  0.0	0.000	0.000	0.000
994	  P	  0.0	  0.0	0.000	0.000	0.000
995	  L	  0.0	  0.3	0.000	0.000	0.000
996	  P	  0.0	  0.4	0.000	0.000	0.000
997	  T	  4.7	  0.4	0.000	0.000	0.000
998	  C	  5.5	  0.4	0.000	0.000	0.000
999	  Y	  5.5	  0.4	0.000	0.000	0.000
1000	  G	  0.9	  0.6	0.120	0.000	0.000
1001	  P	  0.0	  0.6	0.120	0.000	0.000
1002	  L	  1.8	  0.6	0.120	0.000	0.000
1003	  K	  2.2	  0.2	0.120	0.000	0.000
1004	  V	  2.3	  0.8	0.120	0.000	0.000
1005	  G	  0.5	  1.0	0.120	0.000	0.000
1006	  G	  0.1	  1.0	0.000	0.000	0.000
1007	  T	  0.1	  1.0	0.000	0.000	0.000
1008	  N	  0.1	  6.3	0.000	0.000	0.000
1009	  P	  0.0	  6.2	0.000	0.000	0.000
1010	  S	  1.2	  6.2	0.000	0.000	0.000
1011	  C	  1.5	  6.2	0.000	0.000	0.000
1012	  G	  1.5	  0.1	0.000	0.000	0.000
1013	  H	  0.3	  0.4	0.000	0.000	0.000
1014	  P	  0.0	  0.4	0.000	0.000	0.000
1015	  E	  0.1	  0.4	0.000	0.000	0.000
1016	  V	  0.2	  0.6	0.000	0.000	0.000
1017	  G	  0.2	  0.4	0.000	0.000	0.000
1018	  R	  0.2	  0.4	0.000	0.000	0.000
1019	  L	  0.1	  0.6	0.000	0.000	0.000
1020	  G	  0.1	  0.3	0.000	0.000	0.000
1021	  G	  0.0	  0.3	0.000	0.000	0.000
1022	  G	  0.0	  0.3	0.000	0.000	0.000
1023	  P	  0.0	  0.0	0.000	0.000	0.000
1024	  A	  0.3	  0.0	0.000	0.000	0.000
1025	  L	  0.3	  0.0	0.000	0.000	0.000
1026	  Y	  0.3	  0.0	0.000	0.000	0.000
1027	  P	  0.0	  0.0	0.000	0.000	0.000
1028	  P	  0.0	  0.8	0.000	0.000	0.000
1029	  P	  0.0	  1.6	0.000	0.000	0.000
1030	  E	  0.0	  1.6	0.000	0.000	0.000
1031	  G	  0.0	  1.6	0.000	0.000	0.000
1032	  Q	  0.3	  0.8	0.000	0.000	0.000
1033	  V	  1.6	  0.0	0.000	0.000	0.000
1034	  C	  1.7	  0.0	0.000	0.000	0.000
1035	  N	  1.5	  0.4	0.000	0.000	0.000
1036	  P	  0.1	  0.5	0.000	0.000	0.000
1037	  L	  0.3	  0.6	0.000	0.000	0.000
1038	  D	  0.3	  0.7	0.205	0.000	0.000
1039	  S	  2.8	  1.1	0.205	0.000	0.000
1040	  L	  3.5	  1.0	0.205	0.000	0.000
1041	  D	  3.6	  2.7	0.205	0.000	0.000
1042	  L	  1.3	  2.6	0.205	0.000	0.000
1043	  D	  0.3	  1.9	0.205	0.000	0.000
1044	  N	  0.5	  1.9	0.000	0.000	0.000
1045	  T	  1.3	  0.2	0.000	0.000	0.000
1046	  Q	  2.0	  0.1	0.000	0.000	0.000
1047	  L	  2.8	  0.1	0.000	0.000	0.000
1048	  D	  2.3	  0.0	0.000	0.000	0.000
1049	  F	  4.2	  0.0	0.000	18.167	18.167
1050	  V	  6.4	  0.0	0.000	18.167	18.167
1051	  A	  6.5	  0.0	0.000	18.167	18.167
1052	  I	  4.5	  0.0	0.000	18.167	18.167
1053	  L	  1.1	  0.0	0.000	18.167	18.167
1054	  D	  0.5	  0.0	0.000	0.000	0.000
1055	  E	  0.1	  0.5	0.000	0.000	0.000
1056	  P	  0.0	  0.6	0.000	0.000	0.000
1057	  Q	  0.0	  0.6	0.000	0.000	0.000
1058	  G	  0.1	  0.6	0.000	0.000	0.000
1059	  L	  0.1	  0.2	0.000	0.000	0.000
1060	  S	  0.1	  0.0	0.000	0.000	0.000
1061	  P	  0.0	  0.0	0.000	0.000	0.000
1062	  P	  0.0	  0.5	0.000	0.000	0.000
1063	  P	  0.0	  0.6	0.000	0.000	0.000
1064	  S	  0.9	  1.0	0.000	0.000	0.000
1065	  H	  1.0	  1.1	0.000	0.000	0.000
1066	  D	  1.2	  0.9	0.000	0.000	0.000
1067	  Q	  0.4	  1.0	0.000	0.000	0.000
1068	  R	  0.3	  0.8	0.000	0.000	0.000
1069	  G	  0.1	  1.2	0.000	0.000	0.000
1070	  S	  0.1	  1.4	0.000	0.000	0.000
1071	  S	  0.1	  1.6	0.000	0.000	0.000
1072	  G	  0.2	  1.5	0.000	0.000	0.000
1073	  H	  0.2	  0.9	0.000	0.000	0.000
1074	  T	  0.1	  0.4	0.000	0.000	0.000
1075	  P	  0.0	  0.0	0.000	0.000	0.000
1076	  P	  0.0	  1.6	0.000	0.000	0.000
1077	  P	  0.0	  1.6	0.000	0.000	0.000
1078	  S	  0.0	  1.6	0.000	0.000	0.000
1079	  G	  0.0	  1.6	0.000	0.000	0.000
1080	  P	  0.0	  0.9	0.000	0.000	0.000
1081	  P	  0.0	  0.9	0.000	0.000	0.000
1082	  N	  0.0	  0.9	0.000	0.000	0.000
1083	  M	  0.5	  0.9	0.000	0.000	0.000
1084	  A	  0.6	  0.0	0.000	0.000	0.000
1085	  V	  0.7	  1.8	0.000	0.000	0.000
1086	  G	  0.2	  1.8	0.000	0.000	0.000
1087	  N	  0.4	  2.0	0.671	0.000	0.000
1088	  M	  2.6	  2.0	0.671	1.082	1.082
1089	  S	  3.1	  0.2	1.488	1.082	1.082
1090	  V	  6.5	  0.2	1.488	1.082	1.082
1091	  L	  4.4	  0.0	1.488	1.082	1.082
1092	  L	  4.4	  0.1	1.488	1.082	1.082
1093	  R	  1.7	  0.1	1.488	0.000	0.000
1094	  S	  1.7	  0.1	1.040	0.000	0.000
1095	  L	  1.2	  1.3	0.176	0.000	0.000
1096	  P	  0.1	  1.4	0.000	0.000	0.000
1097	  G	  0.0	  1.6	0.000	0.000	0.000
1098	  E	  0.0	  1.6	0.000	0.000	0.000
1099	  T	  0.3	  0.3	0.000	0.000	0.000
1100	  E	  0.4	  0.1	0.000	0.000	0.000
1101	  F	  1.5	  0.1	0.000	0.000	0.000
1102	  L	  1.8	  0.1	0.000	0.000	0.000
1103	  N	  1.7	  1.4	0.000	0.000	0.000
1104	  S	  0.6	  1.4	0.000	0.000	0.000
1105	  S	  0.2	  1.3	0.000	0.000	0.000
1106	  A	  0.1	  1.3	0.000	0.000	0.000
