res	aa	Beta	Turn	Helix	Aggregation	Conc-Stab_Aggregation
01	  M	  0.4	  0.0	0.000	0.000	0.000
02	  A	  0.7	  0.0	0.000	50.343	50.343
03	  L	  2.8	  0.0	0.000	73.809	73.809
04	  V	  3.0	  0.0	0.315	82.051	82.051
05	  L	  2.7	  0.4	0.315	82.733	82.733
06	  G	  0.6	  0.4	1.176	82.833	82.833
07	  S	  0.2	  0.4	1.869	83.853	83.853
08	  L	  1.2	  0.4	1.869	87.789	87.789
09	  L	  2.1	  0.1	1.869	88.159	88.159
10	  L	  2.0	  0.0	1.869	86.798	86.798
11	  L	  1.1	  0.0	1.869	79.188	79.188
12	  G	  0.2	  0.0	1.644	36.804	36.804
13	  L	  0.2	  0.0	0.447	31.995	31.995
14	  C	  0.2	  0.8	0.123	5.192	5.192
15	  G	  0.2	  0.8	0.000	0.409	0.409
16	  N	  1.0	  0.8	0.000	0.000	0.000
17	  S	 22.0	  1.2	0.000	0.000	0.000
18	  F	 23.1	  0.5	0.000	0.000	0.000
19	  S	 22.3	  1.0	0.000	0.000	0.000
20	  G	  1.5	  1.0	0.000	0.000	0.000
21	  G	  0.0	  0.7	0.000	0.000	0.000
22	  Q	  0.0	  0.9	0.000	0.000	0.000
23	  P	  0.0	  0.4	0.000	0.000	0.000
24	  S	  0.3	  0.6	0.000	0.000	0.000
25	  S	  0.9	  1.2	0.000	0.000	0.000
26	  T	  1.0	  0.9	0.000	0.000	0.000
27	  D	  0.7	  0.7	0.000	0.000	0.000
28	  A	  0.2	  0.8	0.000	0.000	0.000
29	  P	  0.0	  0.2	0.000	0.000	0.000
30	  K	  0.1	  0.2	0.000	0.000	0.000
31	  A	  0.3	  0.3	0.000	0.000	0.000
32	  W	  2.3	  0.1	0.000	0.000	0.000
33	  N	  4.9	  0.1	0.000	0.000	0.000
34	  Y	  9.4	  0.1	0.000	0.000	0.000
35	  E	  7.5	  0.0	0.000	0.000	0.000
36	  L	  4.8	  0.0	0.000	0.000	0.000
37	  P	  0.0	  0.1	0.000	0.000	0.000
38	  A	  0.1	  0.2	0.000	0.000	0.000
39	  T	  0.7	  0.2	0.000	0.000	0.000
40	  N	  3.4	  0.2	0.000	0.000	0.000
41	  Y	  3.8	  0.1	0.000	0.000	0.000
42	  E	  3.4	  0.1	0.000	0.000	0.000
43	  T	  1.2	  0.3	0.000	0.000	0.000
44	  Q	  0.8	  0.4	0.000	0.000	0.000
45	  D	  0.7	  0.5	0.247	0.000	0.000
46	  S	  0.5	  0.5	0.247	0.000	0.000
47	  H	  0.8	  0.5	0.247	0.000	0.000
48	  K	  0.8	  0.4	0.247	0.000	0.000
49	  A	  0.4	  0.2	0.247	0.000	0.000
50	  G	  0.1	  0.2	0.247	0.000	0.000
51	  P	  0.0	  0.0	0.000	0.002	0.002
52	  I	  0.3	  0.1	0.000	0.208	0.208
53	  G	  0.3	  0.1	0.599	0.213	0.213
54	  I	  1.9	  0.1	0.825	0.274	0.274
55	  L	  1.7	  0.1	0.825	0.279	0.279
56	  F	  3.7	  0.1	0.825	0.280	0.280
57	  E	  2.2	  0.1	1.220	0.133	0.133
58	  L	  3.0	  0.1	1.220	30.616	30.616
59	  V	 11.6	  0.1	1.220	36.201	36.201
60	  H	 14.4	  0.0	1.220	37.495	37.495
61	  I	 14.7	  0.0	0.912	94.869	94.869
62	  F	  4.8	  0.0	0.912	99.709	99.709
63	  L	  2.3	  0.0	0.807	99.705	99.705
64	  Y	  3.3	  0.0	0.807	99.679	99.679
65	  V	 10.7	  0.0	0.338	99.432	99.432
66	  V	 10.5	  0.0	0.338	92.035	92.035
67	  Q	  8.4	  0.2	0.338	0.144	0.144
68	  P	  0.3	  0.4	0.000	0.072	0.072
69	  R	  0.3	  0.4	0.000	0.000	0.000
70	  D	  0.4	  0.4	0.000	0.000	0.000
71	  F	  0.4	  0.5	0.000	0.000	0.000
72	  P	  0.1	  0.5	2.932	0.000	0.000
73	  E	  0.1	  0.5	3.466	0.000	0.000
74	  D	  0.1	  0.5	11.199	0.000	0.000
75	  T	  2.2	  0.3	14.426	0.000	0.000
76	  L	  2.3	  0.1	14.426	0.000	0.000
77	  R	  2.8	  0.1	14.426	0.000	0.000
78	  K	  0.9	  0.1	14.280	0.000	0.000
79	  F	  1.4	  0.1	13.437	0.000	0.000
80	  L	  1.1	  0.0	10.298	0.000	0.000
81	  Q	  1.0	  0.0	9.542	0.000	0.000
82	  K	  0.3	  0.0	5.829	0.000	0.000
83	  A	  0.4	  0.0	2.867	0.000	0.000
84	  Y	  1.6	  0.1	2.504	0.000	0.000
85	  E	  1.9	  0.2	1.732	0.000	0.000
86	  S	  2.0	  0.2	1.299	0.000	0.000
87	  K	  2.1	  0.2	0.464	0.000	0.000
88	  I	  4.7	  0.1	0.000	0.000	0.000
89	  D	  4.8	  1.0	0.000	0.000	0.000
90	  Y	  4.5	  1.0	0.000	0.000	0.000
91	  D	  1.4	  0.9	0.000	0.000	0.000
92	  K	  0.9	  0.9	0.000	0.000	0.000
93	  P	  0.0	  0.1	0.404	0.007	0.007
94	  E	  0.1	  0.1	0.404	1.034	1.034
95	  T	  3.5	  0.1	0.775	1.965	1.965
96	  V	 10.9	  0.1	0.775	3.301	3.301
97	  I	 11.9	  0.0	0.775	3.324	3.324
98	  L	  8.6	  0.0	0.775	3.329	3.329
99	  G	  1.3	  0.0	0.988	3.330	3.330
100	  L	  1.6	  0.0	0.760	3.205	3.205
101	  K	  3.0	  0.0	0.571	1.206	1.206
102	  I	  7.9	  0.0	0.212	1.206	1.206
103	  V	  8.4	  0.0	0.212	1.204	1.204
104	  Y	  9.2	  0.0	0.212	1.167	1.167
105	  Y	  6.4	  0.1	0.099	0.345	0.345
106	  E	  4.4	  0.2	0.000	0.173	0.173
107	  A	  2.1	  0.2	0.000	2.402	2.402
108	  G	  0.2	  0.2	0.106	5.105	5.105
109	  I	  5.1	  0.1	0.106	87.270	87.270
110	  I	  6.7	  0.0	0.268	94.788	94.788
111	  L	 10.9	  0.0	0.268	95.461	95.461
112	  C	 14.2	  0.0	0.650	95.507	95.507
113	  C	 14.0	  0.0	3.169	96.089	96.089
114	  V	 10.0	  0.0	4.494	98.928	98.928
115	  L	  2.1	  0.0	4.597	99.181	99.181
116	  G	  0.6	  0.0	7.180	99.219	99.219
117	  L	  0.5	  0.0	7.207	99.780	99.780
118	  L	  1.0	  0.0	7.207	99.862	99.862
119	  F	  2.2	  0.0	7.207	99.850	99.850
120	  I	  7.3	  0.0	7.207	99.725	99.725
121	  I	 12.3	  0.0	7.207	98.359	98.359
122	  L	 11.2	  0.0	7.207	83.345	83.345
123	  M	  6.0	  0.0	6.926	1.286	1.286
124	  P	  0.1	  0.0	0.000	0.642	0.642
125	  L	  0.2	  0.2	0.000	0.583	0.583
126	  V	  0.3	  0.2	0.000	0.782	0.782
127	  G	  0.3	  0.2	0.000	0.985	0.985
128	  Y	  1.6	  0.2	0.000	1.904	1.904
129	  F	  6.2	  0.0	0.000	1.949	1.949
130	  F	  8.7	  0.0	0.000	1.915	1.915
131	  C	  8.6	  0.0	0.000	1.346	1.346
132	  M	  4.0	  0.0	0.000	1.102	1.102
133	  C	  3.2	  0.1	0.000	0.207	0.207
134	  R	  2.4	  0.1	0.000	0.000	0.000
135	  C	  9.5	  0.2	0.000	0.000	0.000
136	  C	  8.2	  0.2	0.000	0.000	0.000
137	  N	  7.8	  0.4	0.000	0.000	0.000
138	  K	  0.9	  0.4	0.000	0.000	0.000
139	  C	  0.4	  1.2	0.000	0.000	0.000
140	  G	  0.4	  1.3	0.000	0.000	0.000
141	  G	  0.1	  1.1	0.383	0.000	0.000
142	  E	  1.4	  1.1	0.383	0.000	0.000
143	  M	  1.6	  0.2	0.383	0.000	0.000
144	  H	  2.0	  0.1	0.768	0.000	0.000
145	  Q	  1.2	  0.1	0.768	0.000	0.000
146	  R	  1.3	  0.2	0.768	0.000	0.000
147	  Q	  1.3	  0.2	0.603	0.000	0.000
148	  K	  0.8	  0.8	0.385	0.000	0.000
149	  E	  0.6	  0.8	0.385	0.000	0.000
150	  N	  0.1	  0.8	0.385	0.000	0.000
151	  G	  0.0	  0.9	0.464	0.000	0.000
152	  P	  0.0	  0.2	0.268	0.000	0.000
153	  F	  1.0	  0.2	0.268	0.000	0.000
154	  L	  1.3	  0.2	0.268	0.000	0.000
155	  R	  1.3	  0.1	0.268	0.000	0.000
156	  K	  0.9	  0.1	0.268	0.000	0.000
157	  C	  6.8	  0.1	0.000	0.286	0.286
158	  F	  7.6	  0.0	0.000	17.397	17.397
159	  A	  7.4	  0.0	0.000	20.635	20.635
160	  I	  4.7	  0.0	0.000	27.893	27.893
161	  S	  3.9	  0.0	1.052	31.933	31.933
162	  L	  4.3	  0.0	1.052	87.501	87.501
163	  L	  3.1	  0.0	1.052	97.843	97.843
164	  V	  5.4	  0.0	1.052	99.746	99.746
165	  I	  6.1	  0.0	1.052	99.907	99.907
166	  C	  6.9	  0.0	1.052	99.920	99.920
167	  I	  9.5	  0.0	0.889	99.990	99.990
168	  I	  9.8	  0.0	0.889	99.993	99.993
169	  I	  9.4	  0.0	0.889	99.959	99.959
170	  S	  4.6	  0.0	0.889	99.581	99.581
171	  I	  2.9	  0.3	0.349	99.534	99.534
172	  G	  0.5	  0.3	0.349	99.021	99.021
173	  I	  1.4	  0.3	0.000	98.975	98.975
174	  F	  2.1	  0.3	0.000	98.465	98.465
175	  Y	  2.2	  0.0	0.000	92.220	92.220
176	  G	  1.2	  0.0	0.000	71.857	71.857
177	  F	  2.9	  0.0	0.000	71.147	71.147
178	  V	  3.5	  0.2	0.000	64.903	64.903
179	  A	  3.5	  0.2	0.000	28.300	28.300
180	  N	  1.0	  0.2	0.000	0.208	0.208
181	  H	  0.7	  0.2	0.000	0.009	0.009
182	  Q	  1.1	  0.0	0.000	0.000	0.000
183	  V	  1.7	  0.0	0.000	0.000	0.000
184	  R	  1.4	  0.0	0.000	0.000	0.000
185	  T	  1.8	  0.0	0.000	0.000	0.000
186	  R	  3.8	  0.0	0.000	0.000	0.000
187	  I	  5.8	  0.0	0.000	0.000	0.000
188	  K	  5.1	  0.1	0.000	0.000	0.000
189	  R	  2.7	  0.1	0.000	0.000	0.000
190	  S	  0.6	  0.2	0.000	0.000	0.000
191	  R	  0.7	  0.2	0.000	0.000	0.000
192	  K	  0.8	  0.2	0.000	0.000	0.000
193	  L	  0.7	  0.4	0.000	0.000	0.000
194	  A	  0.4	  0.4	0.000	0.000	0.000
195	  D	  0.1	  1.9	0.000	0.000	0.000
196	  S	  0.0	  1.9	0.000	0.000	0.000
197	  N	  0.8	  1.6	0.000	0.000	0.000
198	  F	  1.2	  2.1	0.000	0.000	0.000
199	  K	  1.2	  0.6	0.000	0.000	0.000
200	  D	  0.8	  0.6	7.594	0.000	0.000
201	  L	  0.5	  0.7	7.594	0.000	0.000
202	  R	  0.8	  0.1	7.594	0.000	0.000
203	  T	  1.2	  0.1	7.594	0.000	0.000
204	  L	  1.5	  0.1	7.594	0.000	0.000
205	  L	  1.2	  0.0	7.594	0.000	0.000
206	  N	  0.5	  0.0	6.339	0.000	0.000
207	  E	  0.0	  0.0	3.224	0.000	0.000
208	  T	  0.0	  0.2	1.338	0.000	0.000
209	  P	  0.0	  0.2	1.359	0.000	0.000
210	  E	  0.0	  0.2	1.936	0.000	0.000
211	  Q	  1.8	  0.2	2.261	0.000	0.000
212	  I	  4.8	  0.1	2.261	0.000	0.000
213	  K	  5.3	  0.0	2.261	0.000	0.000
214	  Y	  4.5	  0.0	2.261	0.661	0.661
215	  I	  2.3	  0.0	2.140	0.813	0.813
216	  L	  1.8	  0.2	2.140	0.813	0.813
217	  A	  1.2	  0.2	2.140	0.813	0.813
218	  Q	  2.3	  0.2	2.140	0.813	0.813
219	  Y	  3.2	  0.2	0.918	0.661	0.661
220	  N	  3.3	  0.1	0.000	0.000	0.000
221	  T	  4.0	  0.1	0.177	0.000	0.000
222	  T	  3.6	  0.4	0.344	0.000	0.000
223	  K	  3.2	  0.4	0.344	0.000	0.000
224	  D	  0.5	  0.4	0.344	0.000	0.000
225	  K	  0.2	  0.4	0.344	0.000	0.000
226	  A	  0.5	  0.1	0.344	0.000	0.000
227	  F	  2.3	  0.2	0.344	0.000	0.000
228	  T	  2.3	  0.2	0.000	0.000	0.000
229	  D	  2.1	  1.4	0.000	0.000	0.000
230	  L	  0.7	  1.4	0.000	0.000	0.000
231	  N	  0.9	  1.2	0.000	0.000	0.000
232	  S	  4.5	  1.5	0.000	0.000	0.000
233	  I	  5.3	  0.3	0.000	0.208	0.208
234	  N	  5.2	  0.3	0.000	0.208	0.208
235	  S	  2.1	  0.3	0.000	0.208	0.208
236	  V	  1.5	  0.0	0.000	0.678	0.678
237	  L	  1.2	  0.2	0.000	0.678	0.678
238	  G	  0.6	  0.5	0.000	0.470	0.470
239	  G	  0.0	  0.5	0.000	0.470	0.470
240	  G	  0.0	  0.5	0.470	0.470	0.470
241	  I	  0.5	  0.4	0.470	0.470	0.470
242	  L	  0.5	  0.1	0.470	0.470	0.470
243	  D	  0.5	  0.2	0.470	0.000	0.000
244	  R	  1.2	  0.2	0.470	0.000	0.000
245	  L	  1.3	  0.1	0.470	0.000	0.000
246	  R	  1.4	  0.7	0.308	0.000	0.000
247	  P	  0.2	  0.6	0.000	0.000	0.000
248	  N	  4.7	  0.6	0.000	0.000	0.000
249	  I	  5.2	  0.6	0.000	0.000	0.000
250	  I	  5.2	  0.0	0.000	0.000	0.000
251	  P	  0.5	  0.0	0.000	0.000	0.000
252	  V	  2.6	  0.0	0.000	0.000	0.000
253	  L	  2.6	  0.0	0.000	0.000	0.000
254	  D	  2.6	  0.0	0.807	0.000	0.000
255	  E	  6.6	  0.0	0.807	0.000	0.000
256	  I	  7.9	  0.1	0.807	0.000	0.000
257	  K	  8.1	  0.1	0.807	0.000	0.000
258	  S	  1.7	  0.1	1.367	0.000	0.000
259	  M	  0.4	  0.1	1.367	0.325	0.325
260	  A	  0.4	  0.0	0.940	0.325	0.325
261	  T	  0.6	  0.0	0.815	0.325	0.325
262	  A	  1.1	  0.0	0.815	0.325	0.325
263	  I	  1.7	  0.0	0.686	0.325	0.325
264	  K	  1.4	  0.1	0.686	0.000	0.000
265	  E	  1.4	  0.1	0.462	0.000	0.000
266	  T	  1.4	  0.2	3.375	0.000	0.000
267	  K	  1.3	  0.2	3.746	0.000	0.000
268	  E	  0.8	  0.1	3.746	0.000	0.000
269	  A	  0.2	  0.1	3.746	0.000	0.000
270	  L	  0.2	  0.2	3.746	0.000	0.000
271	  E	  0.2	  0.2	3.746	0.000	0.000
272	  N	  0.4	  1.3	3.513	0.000	0.000
273	  M	  0.9	  1.3	1.894	0.000	0.000
274	  N	  1.0	  1.1	0.566	0.000	0.000
275	  S	  0.8	  1.2	0.147	0.000	0.000
276	  T	  3.5	  0.1	0.000	0.000	0.000
277	  L	  3.7	  0.2	0.000	0.000	0.000
278	  K	  3.7	  0.2	0.000	0.000	0.000
279	  S	  1.2	  0.1	0.000	0.000	0.000
280	  L	  1.0	  0.1	0.000	0.000	0.000
281	  H	  1.2	  0.1	0.000	0.000	0.000
282	  Q	  0.7	  0.2	0.000	0.000	0.000
283	  Q	  0.7	  0.2	0.000	0.000	0.000
284	  S	  0.7	  0.2	0.000	0.000	0.000
285	  T	  1.5	  0.2	0.000	0.000	0.000
286	  Q	  2.1	  0.1	0.000	0.000	0.000
287	  L	  2.1	  0.2	0.000	0.000	0.000
288	  S	  2.0	  0.9	0.000	0.000	0.000
289	  S	  1.3	  0.9	0.000	0.000	0.000
290	  S	  2.7	  0.9	0.000	0.000	0.000
291	  L	  2.3	  0.9	0.000	0.000	0.000
292	  T	  3.1	  0.1	0.000	0.000	0.000
293	  S	  3.1	  0.0	0.362	0.000	0.000
294	  V	  4.1	  0.1	0.362	0.000	0.000
295	  K	  3.4	  0.1	0.362	0.000	0.000
296	  T	  2.2	  0.1	0.362	0.000	0.000
297	  S	  2.6	  0.1	0.362	0.000	0.000
298	  L	  3.0	  0.1	0.362	0.000	0.000
299	  R	  2.6	  0.2	0.162	0.000	0.000
300	  S	  0.8	  0.3	0.000	0.000	0.000
301	  S	  3.2	  1.1	0.000	0.000	0.000
302	  L	  3.3	  1.0	0.000	0.000	0.000
303	  N	  3.2	  0.9	0.000	0.000	0.000
304	  D	  0.2	  1.5	0.333	0.000	0.000
305	  P	  0.0	  0.6	0.333	0.000	0.000
306	  L	  1.2	  0.6	0.333	0.000	0.000
307	  C	  2.9	  0.6	0.333	0.000	0.000
308	  L	  4.7	  0.0	0.333	0.000	0.000
309	  V	  3.9	  0.0	0.333	0.000	0.000
310	  H	  2.2	  0.8	0.333	0.000	0.000
311	  P	  0.4	  1.0	0.000	0.000	0.000
312	  S	  0.1	  1.0	0.000	0.000	0.000
313	  S	  0.1	  1.3	0.000	0.000	0.000
314	  E	  0.3	  0.4	0.000	0.000	0.000
315	  T	  2.6	  0.4	0.000	0.000	0.000
316	  C	  3.1	  0.3	0.000	0.000	0.000
317	  N	  3.3	  0.1	0.169	0.000	0.000
318	  S	  3.1	  0.1	0.286	0.000	0.000
319	  I	  6.5	  0.1	0.286	0.000	0.000
320	  R	  6.6	  0.0	0.286	0.000	0.000
321	  L	  6.2	  0.0	0.286	0.000	0.000
322	  S	  7.4	  0.3	0.833	0.000	0.000
323	  L	  7.1	  0.3	0.664	0.000	0.000
324	  S	  5.7	  0.4	1.066	0.000	0.000
325	  Q	  1.2	  0.4	0.949	0.000	0.000
326	  L	  1.4	  0.1	0.949	0.000	0.000
327	  N	  1.3	  0.1	0.949	0.000	0.000
328	  S	  0.5	  0.0	0.818	0.000	0.000
329	  N	  0.0	  0.2	1.611	0.000	0.000
330	  P	  0.0	  0.3	0.923	0.000	0.000
331	  E	  0.3	  0.3	0.923	0.000	0.000
332	  L	  0.6	  0.3	0.923	0.000	0.000
333	  R	  2.1	  0.1	0.923	0.000	0.000
334	  Q	  1.9	  0.0	0.923	0.000	0.000
335	  L	  1.6	  0.0	0.305	0.000	0.000
336	  P	  0.0	  0.0	0.000	0.000	0.000
337	  P	  0.0	  0.0	0.000	0.000	0.000
338	  V	  0.6	  0.0	0.000	0.000	0.000
339	  D	  0.7	  0.0	0.141	0.000	0.000
340	  A	  0.8	  0.1	0.141	0.000	0.000
341	  E	  0.9	  0.1	0.141	0.000	0.000
342	  L	  0.9	  0.3	0.141	0.000	0.000
343	  D	  0.9	  0.3	0.141	0.000	0.000
344	  N	  1.7	  0.7	0.141	0.000	0.000
345	  V	  2.3	  0.6	0.000	0.195	0.195
346	  N	  2.3	  0.5	0.000	0.195	0.195
347	  N	  0.9	  0.5	0.000	0.195	0.195
348	  V	  2.2	  0.0	0.000	0.195	0.195
349	  L	  2.2	  0.1	0.000	0.195	0.195
350	  R	  2.5	  0.2	0.000	0.000	0.000
351	  T	  0.7	  0.2	0.000	0.000	0.000
352	  D	  0.7	  4.6	0.157	0.000	0.000
353	  L	  0.3	  4.7	0.157	0.000	0.000
354	  D	  0.2	  4.6	0.157	0.000	0.000
355	  G	  0.1	  4.6	0.157	0.000	0.000
356	  L	  0.3	  0.2	0.157	0.000	0.000
357	  V	  1.7	  0.1	0.157	0.000	0.000
358	  Q	  1.7	  0.2	0.157	0.000	0.000
359	  Q	  1.5	  0.2	0.157	0.000	0.000
360	  G	  0.1	  0.2	0.157	0.000	0.000
361	  Y	  1.6	  0.4	0.000	0.000	0.000
362	  Q	  1.8	  0.2	0.000	0.000	0.000
363	  S	  4.7	  1.1	0.000	0.000	0.000
364	  L	  3.3	  1.1	0.000	0.000	0.000
365	  N	  3.3	  0.9	0.000	0.000	0.000
366	  D	  0.4	  0.9	0.000	0.000	0.000
367	  I	  0.3	  0.5	0.000	0.000	0.000
368	  P	  0.1	  0.5	0.203	0.000	0.000
369	  D	  0.0	  0.5	0.350	0.000	0.000
370	  R	  1.5	  0.5	0.350	0.000	0.000
371	  V	  2.6	  0.1	0.350	0.000	0.000
372	  Q	  3.1	  0.0	0.350	0.000	0.000
373	  R	  1.8	  0.1	0.350	0.000	0.000
374	  Q	  0.9	  0.1	0.350	0.000	0.000
375	  T	  2.0	  0.1	0.000	1.158	1.158
376	  T	  3.9	  0.1	0.000	3.921	3.921
377	  T	  9.3	  0.0	0.106	4.597	4.597
378	  V	 11.8	  0.0	0.106	5.506	5.506
379	  V	 10.3	  0.0	0.106	5.506	5.506
380	  A	  4.9	  0.0	0.106	4.878	4.878
381	  G	  0.7	  0.0	0.383	1.905	1.905
382	  I	  2.2	  0.1	0.383	1.770	1.770
383	  K	  2.7	  0.1	0.383	0.000	0.000
384	  R	  4.2	  0.0	0.278	0.000	0.000
385	  V	  5.6	  0.1	0.278	0.000	0.000
386	  L	  5.5	  0.1	0.278	0.000	0.000
387	  N	  4.1	  0.1	0.278	0.000	0.000
388	  S	  1.0	  0.3	0.162	0.000	0.000
389	  I	  0.6	  1.1	0.000	0.000	0.000
390	  G	  0.3	  1.4	0.000	0.000	0.000
391	  S	  0.1	  1.4	0.000	0.000	0.000
392	  D	  0.8	  1.9	0.000	0.000	0.000
393	  I	  0.9	  1.1	0.000	0.000	0.000
394	  D	  0.9	  0.8	0.372	0.000	0.000
395	  N	  2.2	  0.8	0.508	0.000	0.000
396	  V	  5.9	  0.1	0.508	0.000	0.000
397	  T	  7.1	  0.0	0.508	0.000	0.000
398	  Q	  5.6	  0.0	0.508	0.000	0.000
399	  R	  1.9	  0.0	0.508	0.000	0.000
400	  L	  0.7	  0.0	0.266	0.000	0.000
401	  P	  0.1	  0.0	0.000	0.000	0.000
402	  I	  0.1	  0.1	0.000	0.000	0.000
403	  Q	  0.2	  0.1	0.000	0.000	0.000
404	  D	  0.3	  0.1	0.234	0.000	0.000
405	  I	  1.7	  0.1	0.234	36.891	36.891
406	  L	  2.1	  0.1	0.234	40.212	40.212
407	  S	  2.3	  0.1	0.234	41.839	41.839
408	  A	  1.3	  0.1	0.234	54.963	54.963
409	  F	  5.5	  0.1	0.234	69.313	69.313
410	  S	  6.1	  0.0	0.000	68.818	68.818
411	  V	 11.5	  0.0	0.000	68.752	68.752
412	  Y	  8.4	  0.0	0.000	67.902	67.902
413	  V	  8.0	  0.1	0.000	63.856	63.856
414	  N	  2.3	  0.1	0.000	2.435	2.435
415	  N	  0.9	  0.1	0.000	0.000	0.000
416	  T	  0.5	  0.3	0.000	0.000	0.000
417	  E	  0.7	  0.2	0.000	0.000	0.000
418	  S	  1.4	  0.2	1.508	0.000	0.000
419	  Y	  1.8	  0.2	1.508	0.000	0.000
420	  I	  3.1	  0.0	1.508	0.000	0.000
421	  H	  2.4	  0.4	1.508	0.000	0.000
422	  R	  2.0	  0.4	1.508	0.000	0.000
423	  N	  0.5	  0.4	1.508	0.000	0.000
424	  L	  0.3	  0.6	0.429	0.000	0.000
425	  P	  0.0	  0.2	0.000	0.000	0.000
426	  T	  1.1	  0.2	0.000	0.000	0.000
427	  L	  1.1	  0.4	0.000	0.000	0.000
428	  E	  1.1	  0.2	0.000	0.000	0.000
429	  E	  2.1	  0.2	0.000	0.000	0.000
430	  Y	  3.0	  0.3	0.000	0.000	0.000
431	  D	  3.6	  0.1	0.000	0.000	0.000
432	  S	  2.6	  0.1	0.000	0.009	0.009
433	  Y	  2.4	  0.1	0.000	0.764	0.764
434	  W	  2.3	  0.0	0.000	7.963	7.963
435	  W	  1.3	  0.0	0.000	9.564	9.564
436	  L	  0.5	  0.5	0.000	9.877	9.877
437	  G	  0.1	  0.5	0.000	10.160	10.160
438	  G	  0.0	  0.5	0.000	13.538	13.538
439	  L	  1.9	  0.5	0.000	63.816	63.816
440	  V	  4.1	  0.0	0.298	85.775	85.775
441	  I	  4.6	  0.0	0.298	87.869	87.869
442	  C	  3.8	  0.1	0.699	88.062	88.062
443	  S	  1.7	  0.1	18.102	89.077	89.077
444	  L	  1.4	  0.1	18.231	97.426	97.426
445	  L	  2.0	  0.1	18.231	99.074	99.074
446	  T	  2.3	  0.0	18.586	99.380	99.380
447	  L	  3.2	  0.0	18.586	99.896	99.896
448	  I	  7.7	  0.0	18.586	99.989	99.989
449	  V	  8.9	  0.0	18.586	99.987	99.987
450	  I	  8.6	  0.0	18.425	99.859	99.859
451	  F	  3.5	  0.0	18.278	98.550	98.550
452	  Y	  2.6	  0.0	11.883	90.986	90.986
453	  Y	  2.1	  0.0	3.185	87.662	87.662
454	  L	  1.1	  0.0	1.559	80.392	80.392
455	  G	  0.4	  0.0	1.390	41.938	41.938
456	  L	  1.3	  0.0	0.778	38.498	38.498
457	  L	  1.4	  0.2	0.569	22.203	22.203
458	  C	  1.6	  0.2	0.472	2.845	2.845
459	  G	  0.4	  0.2	0.472	1.453	1.453
460	  V	  0.6	  0.6	0.000	1.355	1.355
461	  C	  0.5	  0.5	0.000	0.231	0.231
462	  G	  0.6	  0.5	0.000	0.017	0.017
463	  Y	  0.6	  0.5	0.000	0.015	0.015
464	  D	  0.5	  0.2	0.000	0.000	0.000
465	  R	  0.6	  0.2	0.000	0.000	0.000
466	  H	  0.7	  0.2	0.000	0.000	0.000
467	  A	  0.7	  0.2	0.000	0.000	0.000
468	  T	  0.5	  0.2	0.000	0.000	0.000
469	  P	  0.1	  0.2	0.000	0.000	0.000
470	  T	  1.3	  0.3	0.000	0.000	0.000
471	  T	  1.3	  0.6	0.000	0.000	0.000
472	  R	  1.3	  0.4	0.000	0.000	0.000
473	  G	  0.1	  0.4	0.000	0.000	0.000
474	  C	  1.7	  0.4	0.000	0.000	0.000
475	  V	  2.0	  0.1	0.000	0.000	0.000
476	  S	  2.0	  0.2	0.000	0.000	0.000
477	  N	  0.3	  0.4	0.000	0.000	0.000
478	  T	  0.1	  0.8	0.000	0.000	0.000
479	  G	  0.0	  0.7	0.000	0.000	0.000
480	  G	  0.0	  0.6	0.000	0.000	0.000
481	  V	  3.7	  0.5	0.000	0.001	0.001
482	  F	  4.5	  0.0	0.000	0.002	0.002
483	  L	  5.5	  0.0	0.000	0.002	0.002
484	  M	  2.1	  0.0	0.000	0.003	0.003
485	  V	  1.6	  0.0	0.000	0.013	0.013
486	  G	  0.6	  0.0	0.000	0.017	0.017
487	  V	  0.7	  0.1	0.000	0.099	0.099
488	  G	  0.3	  0.1	1.014	0.134	0.134
489	  L	  2.5	  0.1	1.014	4.197	4.197
490	  S	  2.7	  0.1	2.920	13.190	13.190
491	  F	  3.3	  0.0	2.920	91.680	91.680
492	  L	  2.8	  0.0	2.920	98.495	98.495
493	  F	  4.8	  0.0	2.920	99.744	99.744
494	  C	  5.1	  0.0	3.684	99.854	99.854
495	  W	  4.0	  0.0	3.892	99.968	99.968
496	  I	  4.0	  0.0	3.995	99.996	99.996
497	  L	  3.8	  0.0	3.995	99.999	99.999
498	  M	  4.8	  0.0	3.682	99.999	99.999
499	  I	  8.5	  0.0	3.216	99.999	99.999
500	  I	 14.9	  0.0	3.216	99.998	99.998
501	  V	 19.5	  0.0	3.216	99.998	99.998
502	  V	 14.7	  0.0	3.216	99.993	99.993
503	  L	 10.6	  0.0	3.099	99.953	99.953
504	  T	  8.5	  0.0	1.711	99.779	99.779
505	  F	  8.7	  0.0	1.711	99.679	99.679
506	  V	  6.6	  0.0	0.079	98.774	98.774
507	  F	  2.6	  0.6	0.079	88.464	88.464
508	  G	  1.1	  0.9	0.000	7.102	7.102
509	  A	  0.3	  0.9	0.000	0.522	0.522
510	  N	  4.5	  0.9	0.274	0.019	0.019
511	  V	  5.6	  0.3	0.274	0.018	0.018
512	  E	  5.5	  0.0	0.274	0.000	0.000
513	  K	  1.7	  0.0	0.274	0.000	0.000
514	  L	  1.6	  0.0	0.274	0.000	0.000
515	  I	  3.1	  0.0	0.274	0.000	0.000
516	  C	  3.0	  0.0	0.274	0.000	0.000
517	  E	  2.1	  0.0	0.114	0.000	0.000
518	  P	  0.5	  0.0	0.000	0.000	0.000
519	  Y	  3.2	  0.0	0.000	0.000	0.000
520	  T	  4.5	  0.1	0.990	0.000	0.000
521	  S	  4.9	  0.2	1.125	0.000	0.000
522	  K	  2.0	  0.2	1.125	0.000	0.000
523	  E	  0.7	  0.2	1.125	0.575	0.575
524	  L	  0.4	  0.1	1.125	0.950	0.950
525	  F	  4.4	  0.0	1.125	0.950	0.950
526	  R	  5.9	  0.0	0.348	0.950	0.950
527	  V	  8.5	  0.0	0.000	0.950	0.950
528	  L	  4.8	  0.0	0.000	0.950	0.950
529	  D	  3.1	  0.0	0.000	0.375	0.375
530	  T	  0.4	  0.2	0.000	0.000	0.000
531	  P	  0.0	  0.2	0.000	0.000	0.000
532	  Y	  0.8	  0.2	0.000	0.000	0.000
533	  L	  1.3	  0.2	0.000	0.000	0.000
534	  L	  1.3	  0.0	0.000	0.000	0.000
535	  N	  0.5	  1.4	0.000	0.000	0.000
536	  E	  0.1	  1.4	0.000	0.000	0.000
537	  D	  1.1	  1.4	0.671	0.000	0.000
538	  W	  3.5	  1.4	0.671	0.135	0.135
539	  E	  4.0	  0.0	0.671	0.135	0.135
540	  Y	  4.0	  0.0	0.671	0.135	0.135
541	  Y	  2.6	  0.1	0.671	0.135	0.135
542	  L	  2.2	  0.4	0.671	0.135	0.135
543	  S	  1.2	  0.7	0.671	0.135	0.135
544	  G	  0.2	  0.7	0.430	0.135	0.135
545	  K	  0.3	  0.6	0.218	0.135	0.135
546	  L	  0.7	  0.3	0.000	0.135	0.135
547	  F	  1.4	  0.1	0.000	0.135	0.135
548	  N	  1.2	  1.2	0.103	0.000	0.000
549	  K	  1.2	  1.2	0.103	0.000	0.000
550	  S	  0.7	  1.2	0.103	0.000	0.000
551	  K	  1.7	  1.2	0.103	0.000	0.000
552	  M	  2.7	  0.1	0.103	0.000	0.000
553	  K	  4.3	  0.0	0.103	0.000	0.000
554	  L	  6.9	  0.0	0.000	0.000	0.000
555	  T	 15.4	  0.0	0.000	0.000	0.000
556	  F	 14.6	  0.1	0.000	0.000	0.000
557	  E	 11.0	  0.1	0.000	0.000	0.000
558	  Q	  2.0	  0.1	0.000	0.000	0.000
559	  V	  5.1	  0.1	0.000	0.000	0.000
560	  Y	  5.3	  0.4	0.000	0.000	0.000
561	  S	  4.4	  0.4	0.897	0.000	0.000
562	  D	  0.5	  0.4	1.306	0.000	0.000
563	  C	  0.5	  0.6	1.306	0.000	0.000
564	  K	  0.6	  0.4	1.306	0.000	0.000
565	  K	  0.4	  0.4	1.306	0.000	0.000
566	  N	  0.1	  0.6	1.306	0.000	0.000
567	  R	  0.1	  0.5	0.724	0.000	0.000
568	  G	  0.1	  0.3	0.278	0.000	0.000
569	  T	  1.2	  0.3	0.000	0.000	0.000
570	  Y	  1.2	  1.1	0.000	0.000	0.000
571	  G	  1.1	  1.0	0.000	0.000	0.000
572	  T	  1.4	  1.0	0.000	0.000	0.000
573	  L	  2.5	  1.0	0.000	0.000	0.000
574	  H	  3.0	  0.0	0.000	0.000	0.000
575	  L	  1.9	  0.1	0.000	0.000	0.000
576	  Q	  0.9	  0.1	0.000	0.000	0.000
577	  N	  1.3	  0.1	0.000	0.000	0.000
578	  S	 10.3	  0.3	0.000	0.000	0.000
579	  F	 14.7	  0.2	0.000	0.000	0.000
580	  N	 14.9	  0.3	0.000	0.000	0.000
581	  I	  6.3	  0.4	0.000	0.000	0.000
582	  S	  1.4	  0.3	0.000	0.000	0.000
583	  E	  0.3	  0.3	0.000	0.000	0.000
584	  H	  1.0	  0.3	0.000	0.000	0.000
585	  L	  4.7	  0.3	0.000	0.000	0.000
586	  N	  6.3	  0.5	0.000	0.000	0.000
587	  I	  5.7	  0.5	0.000	0.000	0.000
588	  N	  2.0	  0.5	0.141	0.000	0.000
589	  E	  0.8	  0.5	0.141	0.000	0.000
590	  H	  0.8	  0.4	0.141	0.000	0.000
591	  T	  0.9	  0.6	0.141	0.000	0.000
592	  G	  0.4	  0.5	0.141	0.000	0.000
593	  S	  6.1	  0.6	0.141	0.000	0.000
594	  I	  6.5	  0.4	0.000	0.000	0.000
595	  S	  6.6	  0.3	0.242	0.000	0.000
596	  S	  0.8	  0.3	1.507	0.000	0.000
597	  E	  0.3	  0.2	1.507	0.000	0.000
598	  L	  0.3	  0.3	1.507	0.000	0.000
599	  E	  0.3	  0.2	1.507	0.000	0.000
600	  S	  0.7	  0.1	1.737	0.000	0.000
601	  L	  2.2	  0.1	1.624	0.000	0.000
602	  K	  3.9	  0.0	1.343	0.000	0.000
603	  V	  6.6	  0.0	0.702	4.978	4.978
604	  N	  5.2	  0.3	0.888	5.334	5.334
605	  L	  7.1	  0.3	0.668	34.482	34.482
606	  N	  5.9	  0.3	1.065	39.106	39.106
607	  I	  6.9	  0.3	0.583	58.110	58.110
608	  F	  4.2	  0.0	0.583	59.020	59.020
609	  L	  2.2	  0.0	0.712	58.901	58.901
610	  L	  0.9	  0.1	0.712	54.300	54.300
611	  G	  0.2	  0.2	1.126	25.342	25.342
612	  A	  0.1	  0.7	0.711	13.777	13.777
613	  A	  0.1	  0.8	0.543	3.306	3.306
614	  G	  0.1	  0.8	0.543	0.077	0.077
615	  R	  0.6	  0.9	0.543	0.000	0.000
616	  K	  0.6	  0.4	0.414	0.000	0.000
617	  N	  0.9	  0.3	0.435	0.000	0.000
618	  L	  0.5	  0.7	0.435	0.000	0.000
619	  Q	  0.9	  0.5	0.435	0.000	0.000
620	  D	  0.8	  0.4	0.435	0.000	0.000
621	  F	  1.3	  0.4	0.435	0.000	0.000
622	  A	  0.9	  0.1	0.435	0.000	0.000
623	  A	  0.9	  0.1	0.435	0.000	0.000
624	  C	  0.4	  0.2	0.293	0.000	0.000
625	  G	  0.6	  0.2	0.133	0.000	0.000
626	  I	  0.9	  0.1	0.000	0.000	0.000
627	  D	  0.7	  0.1	0.146	0.000	0.000
628	  R	  3.3	  0.1	0.146	0.000	0.000
629	  M	  5.1	  0.1	0.146	0.000	0.000
630	  N	  5.8	  0.7	0.944	0.000	0.000
631	  Y	  3.9	  0.8	0.944	0.000	0.000
632	  D	  2.2	  0.6	1.631	0.000	0.000
633	  S	  2.0	  0.6	1.795	0.000	0.000
634	  Y	  1.8	  0.1	1.795	0.000	0.000
635	  L	  1.2	  0.0	1.795	0.000	0.000
636	  A	  0.7	  0.2	1.795	0.000	0.000
637	  Q	  0.1	  0.3	1.795	0.000	0.000
638	  T	  0.2	  0.5	0.977	0.000	0.000
639	  G	  0.1	  0.5	0.977	0.000	0.000
640	  K	  0.2	  0.3	0.468	0.000	0.000
641	  S	  0.1	  0.6	0.000	0.000	0.000
642	  P	  0.1	  0.8	0.000	0.000	0.000
643	  A	  0.0	  0.8	0.000	0.000	0.000
644	  G	  0.1	  0.8	0.000	0.000	0.000
645	  V	  3.7	  0.4	0.000	2.698	2.698
646	  N	  3.7	  0.0	0.000	2.698	2.698
647	  L	  4.0	  0.0	0.000	6.006	6.006
648	  L	  2.7	  0.0	0.000	6.476	6.476
649	  S	  3.2	  0.0	0.161	6.476	6.476
650	  F	  3.6	  0.0	0.161	6.476	6.476
651	  A	  1.6	  0.0	0.161	5.288	5.288
652	  Y	  2.1	  0.0	0.624	4.198	4.198
653	  D	  1.5	  0.0	7.703	0.000	0.000
654	  L	  1.5	  0.0	8.547	0.000	0.000
655	  E	  0.8	  0.0	8.700	0.000	0.000
656	  A	  0.7	  0.1	8.700	0.000	0.000
657	  K	  0.5	  0.3	8.700	0.000	0.000
658	  A	  0.2	  0.3	8.560	0.000	0.000
659	  N	  0.1	  0.3	8.135	0.000	0.000
660	  S	  0.1	  0.3	3.611	0.000	0.000
661	  L	  0.0	  0.0	1.178	0.000	0.000
662	  P	  0.0	  0.9	0.134	0.000	0.000
663	  P	  0.0	  1.6	0.134	0.000	0.000
664	  G	  0.0	  1.6	0.134	0.000	0.000
665	  N	  0.7	  1.6	0.296	0.000	0.000
666	  L	  0.9	  0.9	0.296	0.000	0.000
667	  R	  1.0	  0.2	0.296	0.000	0.000
668	  N	  0.3	  0.3	0.296	0.000	0.000
669	  S	  0.6	  0.3	0.162	0.000	0.000
670	  L	  0.7	  0.2	0.162	0.000	0.000
671	  K	  0.8	  0.5	0.162	0.000	0.000
672	  R	  0.2	  0.4	0.000	0.000	0.000
673	  D	  0.2	  0.5	1.110	0.000	0.000
674	  A	  0.1	  0.5	1.110	0.000	0.000
675	  Q	  0.2	  0.2	1.110	0.000	0.000
676	  T	 11.3	  0.2	1.110	0.000	0.000
677	  I	 12.6	  0.1	1.110	0.000	0.000
678	  K	 13.2	  0.0	1.110	0.000	0.000
679	  T	  5.5	  0.0	0.280	0.000	0.000
680	  I	  4.9	  0.0	0.280	0.000	0.000
681	  H	  4.4	  0.1	0.280	0.000	0.000
682	  Q	  1.5	  0.1	0.000	0.000	0.000
683	  Q	  1.1	  0.1	0.000	0.000	0.000
684	  R	  4.3	  0.1	0.000	0.000	0.000
685	  V	  4.5	  0.0	0.000	0.000	0.000
686	  L	  4.0	  0.0	0.000	0.000	0.000
687	  P	  0.5	  0.0	0.000	0.000	0.000
688	  I	  0.6	  0.0	0.000	0.000	0.000
689	  E	  0.6	  0.1	0.000	0.000	0.000
690	  Q	  0.8	  0.1	0.000	0.000	0.000
691	  S	  5.9	  0.4	1.442	0.000	0.000
692	  L	  6.0	  0.4	1.442	0.458	0.458
693	  S	  5.9	  0.4	1.442	0.458	0.458
694	  T	  1.4	  0.3	1.442	0.458	0.458
695	  L	  1.4	  0.1	1.442	0.458	0.458
696	  Y	  2.7	  0.2	1.442	0.458	0.458
697	  Q	  2.0	  0.1	0.864	0.000	0.000
698	  S	  3.3	  0.1	0.773	0.000	0.000
699	  V	  9.1	  0.2	0.548	0.000	0.000
700	  K	  9.4	  0.0	0.548	0.000	0.000
701	  I	  9.2	  0.0	0.397	0.000	0.000
702	  L	  2.1	  0.0	0.397	0.000	0.000
703	  Q	  1.7	  0.1	0.397	0.000	0.000
704	  R	  0.3	  0.2	0.193	0.000	0.000
705	  T	  0.2	  2.5	0.000	0.000	0.000
706	  G	  0.1	  2.9	0.000	0.000	0.000
707	  N	  0.0	  2.8	0.000	0.000	0.000
708	  G	  0.0	  2.7	0.593	0.000	0.000
709	  L	  0.1	  0.5	0.712	0.000	0.000
710	  L	  0.1	  0.1	0.849	0.000	0.000
711	  E	  0.2	  0.0	1.170	0.000	0.000
712	  R	  2.4	  0.0	1.170	0.000	0.000
713	  V	  4.1	  0.0	1.170	0.442	0.442
714	  T	  4.9	  0.0	1.440	0.442	0.442
715	  R	  5.5	  0.0	1.440	0.442	0.442
716	  I	  4.6	  0.0	1.440	5.823	5.823
717	  L	  3.8	  0.1	1.440	5.823	5.823
718	  A	  1.4	  0.2	1.440	5.823	5.823
719	  S	  2.9	  1.0	1.303	5.823	5.823
720	  L	  4.0	  1.0	0.000	5.823	5.823
721	  D	  3.7	  0.9	0.000	0.442	0.442
722	  F	  1.9	  0.8	0.000	0.442	0.442
723	  A	  0.7	  0.2	0.000	0.202	0.202
724	  Q	  1.3	  0.2	0.000	0.000	0.000
725	  N	  1.7	  0.2	0.411	0.000	0.000
726	  F	  2.4	  0.2	0.411	0.000	0.000
727	  I	  2.3	  0.0	0.411	0.000	0.000
728	  T	  1.5	  0.1	0.411	0.000	0.000
729	  N	  0.7	  0.1	0.411	0.000	0.000
730	  N	  0.4	  0.4	0.411	0.000	0.000
731	  T	  1.6	  0.5	0.000	0.000	0.000
732	  S	  1.7	  0.4	0.000	0.178	0.178
733	  S	  2.6	  0.4	0.000	0.178	0.178
734	  V	  8.5	  0.1	0.000	0.178	0.178
735	  I	  9.9	  0.0	0.000	0.178	0.178
736	  I	  9.0	  0.0	0.481	0.178	0.178
737	  E	  1.9	  0.1	0.752	0.000	0.000
738	  E	  0.7	  0.1	0.752	0.000	0.000
739	  T	  1.5	  0.1	0.752	0.000	0.000
740	  K	  1.6	  0.1	0.752	0.000	0.000
741	  K	  1.3	  0.1	0.752	0.000	0.000
742	  Y	  0.4	  1.2	0.541	0.000	0.000
743	  G	  0.4	  1.2	0.000	0.000	0.000
744	  R	  1.0	  1.2	0.000	0.000	0.000
745	  T	  3.3	  1.2	0.000	21.776	21.776
746	  I	  5.3	  0.1	0.000	55.620	55.620
747	  I	  4.7	  0.0	0.000	55.620	55.620
748	  G	  2.2	  0.0	0.000	55.620	55.620
749	  Y	  2.5	  0.0	0.000	55.620	55.620
750	  F	  4.3	  0.1	0.000	53.977	53.977
751	  E	  4.7	  0.1	0.000	0.000	0.000
752	  H	  4.0	  0.1	0.000	0.000	0.000
753	  Y	  2.9	  0.1	0.000	0.740	0.740
754	  L	  3.7	  0.0	0.000	0.740	0.740
755	  Q	  2.5	  0.0	0.000	0.740	0.740
756	  W	  2.2	  0.0	0.000	0.740	0.740
757	  I	  3.6	  0.0	0.000	0.740	0.740
758	  E	  4.5	  0.0	0.000	0.000	0.000
759	  F	  7.5	  0.0	0.000	0.000	0.000
760	  S	 10.3	  0.1	1.310	0.000	0.000
761	  I	  9.1	  0.1	1.310	0.000	0.000
762	  S	  6.0	  0.2	1.900	0.000	0.000
763	  E	  0.3	  0.2	1.900	0.000	0.000
764	  K	  2.1	  0.1	1.900	0.000	0.000
765	  V	  4.4	  0.2	1.900	0.000	0.000
766	  A	  4.8	  0.2	1.900	0.000	0.000
767	  S	  5.6	  0.2	1.625	0.000	0.000
768	  C	  3.4	  0.2	0.995	0.000	0.000
769	  K	  2.8	  0.0	0.241	0.000	0.000
770	  P	  0.1	  0.0	0.000	0.000	0.000
771	  V	  1.1	  0.0	0.000	4.467	4.467
772	  A	  1.3	  0.0	0.000	4.467	4.467
773	  T	  1.8	  0.0	0.000	4.467	4.467
774	  A	  0.8	  0.1	0.000	4.467	4.467
775	  L	  0.8	  0.1	0.000	4.467	4.467
776	  D	  0.4	  0.1	0.000	0.000	0.000
777	  T	  1.0	  0.1	0.000	0.000	0.000
778	  A	  1.1	  0.0	0.000	0.000	0.000
779	  V	  9.7	  0.0	0.000	0.000	0.000
780	  D	 11.1	  0.0	0.000	0.000	0.000
781	  V	 14.1	  0.0	0.000	39.628	39.628
782	  F	  7.7	  0.0	0.000	42.904	42.904
783	  L	  5.4	  0.1	0.000	43.574	43.574
784	  C	  3.5	  0.1	0.000	43.697	43.697
785	  S	  2.5	  0.1	0.000	43.697	43.697
786	  Y	  3.5	  0.1	0.000	43.456	43.456
787	  I	  3.8	  0.0	0.000	42.626	42.626
788	  I	  3.2	  0.0	0.000	39.086	39.086
789	  D	  1.9	  0.5	2.081	0.000	0.000
790	  P	  0.3	  0.5	2.081	0.396	0.396
791	  L	  1.5	  0.5	2.081	39.446	39.446
792	  N	  2.1	  0.5	2.081	42.615	42.615
793	  L	  2.6	  0.0	2.081	68.972	68.972
794	  F	  2.1	  0.0	2.081	72.896	72.896
795	  W	  1.7	  0.2	1.065	72.896	72.896
796	  F	  1.5	  0.5	0.865	72.547	72.547
797	  G	  0.5	  0.7	0.531	66.086	66.086
798	  I	  0.4	  0.9	0.221	60.576	60.576
799	  G	  0.1	  0.7	1.125	4.888	4.888
800	  K	  0.6	  0.4	0.904	0.000	0.000
801	  A	  1.2	  0.2	0.904	6.867	6.867
802	  T	  7.0	  0.0	0.904	7.113	7.113
803	  V	 10.1	  0.0	0.904	7.557	7.557
804	  F	 10.8	  0.0	0.904	7.557	7.557
805	  L	  5.2	  0.0	0.206	7.557	7.557
806	  L	  1.7	  0.0	0.325	0.886	0.886
807	  P	  0.1	  0.0	0.118	1.157	1.157
808	  A	  0.3	  0.0	0.118	36.361	36.361
809	  L	  0.8	  0.0	0.118	75.501	75.501
810	  I	  1.5	  0.0	0.865	75.501	75.501
811	  F	  2.4	  0.0	1.302	75.501	75.501
812	  A	  2.6	  0.0	1.302	75.392	75.392
813	  V	  9.0	  0.0	1.302	72.552	72.552
814	  K	  8.2	  0.0	1.302	0.000	0.000
815	  L	  7.5	  0.2	1.302	0.000	0.000
816	  A	  0.6	  0.2	1.302	0.000	0.000
817	  K	  0.5	  0.1	1.184	0.000	0.000
818	  Y	  2.4	  0.1	0.611	0.000	0.000
819	  Y	  4.2	  0.1	0.293	0.000	0.000
820	  R	  4.3	  0.1	0.000	0.000	0.000
821	  R	  4.7	  0.3	0.000	0.000	0.000
822	  M	  3.1	  0.4	0.000	0.000	0.000
823	  D	  2.7	  0.5	0.000	0.000	0.000
824	  S	  0.4	  2.2	0.000	0.000	0.000
825	  E	  0.1	  1.9	0.000	0.000	0.000
826	  D	  2.4	  1.9	0.000	0.000	0.000
827	  V	  5.5	  1.7	0.000	0.000	0.000
828	  Y	  5.8	  0.4	0.000	0.000	0.000
829	  D	  3.5	  0.4	0.000	0.000	0.000
830	  D	  2.7	  0.4	0.000	0.000	0.000
831	  V	  3.0	  0.4	0.000	0.000	0.000
832	  E	  3.1	  0.0	0.000	0.000	0.000
833	  T	  1.3	  0.0	0.000	0.000	0.000
834	  I	  0.7	  0.0	0.000	0.000	0.000
835	  P	  0.6	  0.0	0.000	0.000	0.000
836	  M	  0.3	  0.2	0.000	0.000	0.000
837	  K	  0.3	  0.2	0.000	0.000	0.000
838	  N	  0.8	  0.2	0.000	0.000	0.000
839	  M	  0.7	  1.0	0.000	0.000	0.000
840	  E	  0.6	  1.8	0.000	0.000	0.000
841	  N	  0.1	  3.4	0.000	0.000	0.000
842	  G	  0.0	  3.7	0.000	0.000	0.000
843	  N	  0.0	  3.7	0.000	0.000	0.000
844	  N	  0.0	  2.7	0.000	0.000	0.000
845	  G	  0.1	  1.0	0.000	0.000	0.000
846	  Y	  1.4	  0.8	0.000	0.000	0.000
847	  H	  1.6	  0.6	0.000	0.000	0.000
848	  K	  1.6	  0.6	0.000	0.000	0.000
849	  D	  0.4	  0.6	0.000	0.000	0.000
850	  H	  1.9	  0.6	0.000	0.135	0.135
851	  V	  3.0	  0.0	0.000	0.135	0.135
852	  Y	  3.2	  0.2	0.000	0.135	0.135
853	  G	  1.5	  0.2	0.000	0.135	0.135
854	  I	  0.8	  0.2	0.000	0.135	0.135
855	  H	  0.4	  0.2	0.000	0.000	0.000
856	  N	  0.4	  0.0	0.000	0.000	0.000
857	  P	  0.0	  0.0	0.000	0.000	0.000
858	  V	  2.0	  0.0	0.000	0.000	0.000
859	  M	  3.2	  0.0	0.000	0.000	0.000
860	  T	  3.3	  0.0	0.000	0.000	0.000
861	  S	  1.4	  2.5	0.000	0.000	0.000
862	  P	  0.1	  2.5	0.000	0.000	0.000
863	  S	  0.4	  2.5	0.000	0.000	0.000
864	  Q	  0.3	  2.5	0.000	0.000	0.000
865	  H	  0.3	  0.1	0.000	0.000	0.000
