res	aa	Beta	Turn	Helix	Aggregation	Conc-Stab_Aggregation
01	  M	  0.0	  0.3	0.000	0.000	0.000
02	  A	  0.1	  0.3	0.000	0.000	0.000
03	  D	  4.0	  0.3	0.000	0.000	0.000
04	  V	  4.4	  0.3	0.000	0.000	0.000
05	  F	  4.3	  0.8	0.000	0.000	0.000
06	  P	  0.4	  1.6	0.000	0.000	0.000
07	  G	  0.0	  1.7	0.000	0.000	0.000
08	  N	  0.0	  2.2	0.152	0.000	0.000
09	  D	  0.1	  1.7	0.152	0.000	0.000
10	  S	  0.2	  0.9	0.152	0.000	0.000
11	  T	  3.0	  0.9	0.152	0.000	0.000
12	  A	  3.1	  0.5	0.152	0.000	0.000
13	  S	  3.7	  1.4	1.404	0.000	0.000
14	  Q	  1.2	  1.3	1.252	0.000	0.000
15	  D	  1.2	  1.2	1.789	0.000	0.000
16	  V	  1.4	  1.3	1.789	0.000	0.000
17	  A	  1.0	  0.2	1.789	0.000	0.000
18	  N	  0.9	  0.2	2.018	0.000	0.000
19	  R	  0.5	  0.2	1.803	0.000	0.000
20	  F	  1.1	  0.0	1.475	0.000	0.000
21	  A	  1.1	  0.1	0.229	0.000	0.000
22	  R	  0.8	  0.5	0.229	0.000	0.000
23	  K	  0.2	  0.6	0.229	0.000	0.000
24	  G	  0.1	  0.6	0.000	0.000	0.000
25	  A	  0.3	  0.5	0.000	0.000	0.000
26	  L	  0.6	  0.1	0.000	0.000	0.000
27	  R	  0.9	  0.1	0.000	0.000	0.000
28	  Q	  0.7	  0.2	0.000	0.000	0.000
29	  K	  0.7	  0.2	0.000	0.000	0.000
30	  N	  1.1	  0.2	0.184	0.000	0.000
31	  V	  2.2	  0.1	0.184	0.000	0.000
32	  H	  3.1	  0.0	0.184	0.000	0.000
33	  E	 16.3	  0.0	0.184	0.000	0.000
34	  V	 16.4	  0.1	0.184	0.000	0.000
35	  K	 15.3	  0.1	0.184	0.000	0.000
36	  D	  1.5	  0.2	0.134	0.000	0.000
37	  H	  0.6	  0.2	0.134	0.000	0.000
38	  K	  1.1	  0.0	0.134	0.000	0.000
39	  F	  2.6	  0.0	0.134	0.000	0.000
40	  I	  3.4	  0.0	0.134	0.000	0.000
41	  A	  3.1	  0.0	0.134	0.000	0.000
42	  R	  2.8	  0.0	0.134	0.000	0.000
43	  F	  2.8	  0.0	0.134	0.000	0.000
44	  F	  3.9	  0.0	0.134	0.000	0.000
45	  K	  2.7	  0.0	0.000	0.000	0.000
46	  Q	  1.4	  0.2	0.000	0.000	0.000
47	  P	  0.0	  0.2	0.000	0.000	0.000
48	  T	  9.3	  0.2	0.000	0.000	0.000
49	  F	 11.5	  0.2	0.000	0.000	0.000
50	  C	 12.6	  0.2	0.000	0.000	0.000
51	  S	  4.2	  0.2	0.000	0.000	0.000
52	  H	  2.7	  0.2	0.000	0.000	0.000
53	  C	  2.4	  0.4	0.000	0.000	0.000
54	  T	  2.1	  0.2	0.000	0.000	0.000
55	  D	  1.7	  0.2	0.000	0.000	0.000
56	  F	  1.5	  0.2	0.000	53.794	53.794
57	  I	  1.8	  0.2	0.000	54.156	54.156
58	  W	  1.4	  0.2	0.000	54.156	54.156
59	  G	  0.9	  0.6	0.000	54.156	54.156
60	  F	  0.3	  0.7	0.000	54.156	54.156
61	  G	  0.2	  0.8	0.000	4.804	4.804
62	  K	  0.2	  1.0	0.000	0.000	0.000
63	  Q	  0.0	  0.7	0.000	0.000	0.000
64	  G	  0.1	  0.5	0.000	0.000	0.000
65	  F	  7.2	  0.2	0.000	0.000	0.000
66	  Q	  7.9	  0.0	0.000	0.000	0.000
67	  C	  8.8	  0.0	0.000	0.105	0.105
68	  Q	  2.1	  0.0	0.000	0.968	0.968
69	  V	  4.3	  0.0	0.000	23.017	23.017
70	  C	  8.9	  0.0	0.000	24.415	24.415
71	  C	 10.8	  0.0	0.000	24.978	24.978
72	  F	  9.7	  0.0	0.000	24.978	24.978
73	  V	  8.8	  0.0	0.000	24.978	24.978
74	  V	  7.6	  0.0	0.000	21.899	21.899
75	  H	  6.0	  0.2	0.000	4.102	4.102
76	  K	  2.0	  0.2	0.000	0.000	0.000
77	  R	  2.1	  0.2	0.000	0.000	0.000
78	  C	  2.6	  0.2	0.000	0.000	0.000
79	  H	  2.5	  0.0	0.000	0.000	0.000
80	  E	  1.3	  0.0	0.000	0.000	0.000
81	  F	  0.8	  0.0	0.000	3.405	3.405
82	  V	  6.0	  0.0	0.000	3.405	3.405
83	  T	 36.5	  0.0	0.000	3.405	3.405
84	  F	 53.0	  0.0	0.000	3.405	3.405
85	  S	 48.6	  0.0	0.000	3.405	3.405
86	  C	 27.6	  1.4	0.000	0.000	0.000
87	  P	  0.2	  1.4	0.000	0.000	0.000
88	  G	  0.0	  1.8	0.000	0.000	0.000
89	  A	  0.0	  1.9	0.000	0.000	0.000
90	  D	  0.0	  0.5	0.000	0.000	0.000
91	  K	  0.0	  0.5	0.000	0.000	0.000
92	  G	  0.0	  1.1	0.000	0.000	0.000
93	  P	  0.0	  1.1	0.000	0.000	0.000
94	  D	  0.1	  2.3	0.000	0.000	0.000
95	  T	  0.2	  2.2	0.000	0.000	0.000
96	  D	  0.2	  1.3	0.000	0.000	0.000
97	  D	  0.1	  1.7	2.631	0.000	0.000
98	  P	  0.0	  0.6	2.631	0.000	0.000
99	  R	  0.3	  0.7	2.631	0.000	0.000
100	  S	  0.5	  0.8	2.631	0.000	0.000
101	  K	  0.7	  0.3	2.631	0.000	0.000
102	  H	  1.1	  0.2	2.631	0.000	0.000
103	  K	  1.9	  0.1	1.219	0.000	0.000
104	  F	  3.6	  0.0	0.505	0.000	0.000
105	  K	  3.9	  0.0	0.000	0.000	0.000
106	  I	  4.2	  0.0	0.000	0.000	0.000
107	  H	  5.4	  0.0	0.000	0.000	0.000
108	  T	  5.4	  0.2	0.000	0.000	0.000
109	  Y	  4.4	  0.2	0.000	0.000	0.000
110	  G	  1.3	  0.1	0.000	0.000	0.000
111	  S	  0.3	  0.6	0.000	0.000	0.000
112	  P	  0.0	  0.4	0.000	0.000	0.000
113	  T	  9.5	  0.4	0.000	0.000	0.000
114	  F	 11.0	  0.5	0.000	0.000	0.000
115	  C	 11.2	  0.2	0.000	0.000	0.000
116	  D	  2.0	  0.3	0.000	0.000	0.000
117	  H	  0.7	  0.3	0.000	0.000	0.000
118	  C	  0.6	  0.5	0.000	0.000	0.000
119	  G	  0.5	  0.5	0.000	0.270	0.270
120	  S	  0.4	  0.4	0.589	3.205	3.205
121	  L	  0.8	  0.4	0.589	29.176	29.176
122	  L	  0.9	  0.1	0.589	33.542	33.542
123	  Y	  0.9	  0.1	0.589	33.542	33.542
124	  G	  0.4	  0.1	0.589	33.542	33.542
125	  L	  0.8	  0.1	0.589	33.542	33.542
126	  I	  1.7	  0.1	0.589	31.158	31.158
127	  H	  1.7	  0.6	0.589	0.553	0.553
128	  Q	  1.1	  0.6	0.589	0.000	0.000
129	  G	  0.1	  0.6	0.268	0.000	0.000
130	  M	  2.7	  0.7	0.000	0.000	0.000
131	  K	  3.3	  0.1	0.000	0.000	0.000
132	  C	  3.4	  0.3	0.000	0.000	0.000
133	  D	  1.1	  0.3	0.000	0.000	0.000
134	  T	  2.5	  0.4	0.000	0.000	0.000
135	  C	  2.9	  0.3	0.000	0.000	0.000
136	  D	  2.7	  0.7	0.000	0.000	0.000
137	  M	  4.6	  0.7	0.000	0.000	0.000
138	  N	  4.8	  0.6	0.000	0.000	0.000
139	  V	  5.7	  0.6	0.000	0.000	0.000
140	  H	  2.1	  0.2	0.000	0.000	0.000
141	  K	  1.6	  0.2	0.000	0.000	0.000
142	  Q	  0.9	  0.2	0.000	0.000	0.000
143	  C	  2.2	  0.2	0.000	0.000	0.000
144	  V	  7.9	  0.0	0.000	0.000	0.000
145	  I	 21.5	  0.0	0.000	0.000	0.000
146	  N	 20.0	  0.0	0.000	0.000	0.000
147	  V	 14.8	  0.2	0.000	0.000	0.000
148	  P	  0.2	  0.2	0.000	0.000	0.000
149	  S	  0.6	  0.3	0.000	0.000	0.000
150	  L	  0.7	  0.3	0.000	0.000	0.000
151	  C	  0.9	  0.1	0.000	0.000	0.000
152	  G	  0.5	  0.3	0.000	0.000	0.000
153	  M	  0.6	  0.2	0.000	0.000	0.000
154	  D	  0.5	  0.3	0.000	0.000	0.000
155	  H	  0.7	  0.3	0.000	0.000	0.000
156	  T	  0.6	  0.2	0.162	0.000	0.000
157	  E	  0.7	  0.2	0.162	0.000	0.000
158	  K	  0.5	  0.4	0.162	0.000	0.000
159	  R	  0.3	  0.4	0.162	0.000	0.000
160	  G	  0.2	  0.3	0.162	0.000	0.000
161	  R	  3.4	  0.2	0.162	0.000	0.000
162	  I	  4.7	  0.0	0.000	1.173	1.173
163	  Y	  5.5	  0.0	0.000	1.173	1.173
164	  L	  2.6	  0.0	0.000	1.173	1.173
165	  K	  1.5	  0.0	0.000	1.173	1.173
166	  A	  0.9	  0.0	0.000	1.173	1.173
167	  E	  2.3	  0.0	0.000	1.173	1.173
168	  V	  2.7	  0.2	0.000	1.173	1.173
169	  A	  2.4	  0.2	0.000	0.277	0.277
170	  D	  0.7	  0.3	0.000	0.000	0.000
171	  E	  0.1	  0.3	0.000	0.000	0.000
172	  K	  0.5	  0.1	0.000	0.000	0.000
173	  L	  1.5	  0.1	0.000	1.569	1.569
174	  H	  2.7	  0.0	0.000	1.569	1.569
175	  V	 20.4	  0.0	0.000	1.569	1.569
176	  T	 25.7	  0.0	0.927	1.569	1.569
177	  V	 25.1	  0.1	0.927	1.569	1.569
178	  R	  7.9	  0.1	0.927	0.000	0.000
179	  D	  0.7	  0.3	0.927	0.000	0.000
180	  A	  0.1	  0.5	0.927	0.000	0.000
181	  K	  0.1	  0.4	0.927	0.000	0.000
182	  N	  0.8	  0.4	0.371	0.000	0.000
183	  L	  0.8	  0.2	0.099	0.000	0.000
184	  I	  0.8	  0.0	0.000	0.000	0.000
185	  P	  0.1	  0.0	0.000	0.000	0.000
186	  M	  0.1	  0.0	0.000	0.000	0.000
187	  D	  0.1	 25.0	0.000	0.000	0.000
188	  P	  0.1	 25.2	0.000	0.000	0.000
189	  N	  0.0	 25.3	0.000	0.000	0.000
190	  G	  0.0	 25.3	0.000	0.000	0.000
191	  L	  0.1	  0.3	0.000	0.000	0.000
192	  S	  0.1	  0.0	0.000	0.000	0.000
193	  D	  0.1	  0.2	0.877	0.000	0.000
194	  P	  0.0	  0.2	0.877	0.000	0.000
195	  Y	  2.1	  0.2	0.877	0.000	0.000
196	  V	  9.3	  0.2	0.877	0.000	0.000
197	  K	 10.3	  0.0	0.877	0.000	0.000
198	  L	  9.6	  0.0	0.877	0.000	0.000
199	  K	  3.5	  0.0	0.744	0.000	0.000
200	  L	  2.3	  0.0	0.374	0.000	0.000
201	  I	  1.0	  0.0	0.138	0.000	0.000
202	  P	  0.1	  0.0	0.000	0.000	0.000
203	  D	  0.0	  0.7	0.678	0.000	0.000
204	  P	  0.0	  0.9	0.678	0.000	0.000
205	  K	  0.1	  0.9	0.678	0.000	0.000
206	  N	  0.1	  2.3	0.678	0.000	0.000
207	  E	  0.5	  1.7	0.678	0.000	0.000
208	  S	  0.7	  1.5	0.832	0.000	0.000
209	  K	  1.0	  1.5	0.484	0.000	0.000
210	  Q	  0.7	  0.2	0.154	0.000	0.000
211	  K	  1.2	  0.2	0.154	0.000	0.000
212	  T	  2.4	  0.1	0.154	0.000	0.000
213	  K	  3.0	  0.1	0.154	0.000	0.000
214	  T	  9.3	  0.1	0.000	0.000	0.000
215	  I	  9.2	  0.1	0.000	0.000	0.000
216	  R	  8.7	  0.1	0.000	0.000	0.000
217	  S	  2.0	  0.1	0.000	0.000	0.000
218	  T	  3.2	  0.1	0.000	0.000	0.000
219	  L	  3.0	  0.1	0.000	0.000	0.000
220	  N	  2.8	  0.2	0.000	0.000	0.000
221	  P	  0.1	  0.2	0.000	0.000	0.000
222	  Q	  1.3	  0.2	0.000	0.000	0.000
223	  W	  1.5	  0.2	0.000	0.000	0.000
224	  N	  1.5	  0.5	0.000	0.000	0.000
225	  E	  0.3	  0.5	0.000	0.000	0.000
226	  S	  6.5	  0.5	0.692	0.000	0.000
227	  F	 17.6	  0.5	0.692	0.000	0.000
228	  T	 29.0	  0.0	0.692	0.000	0.000
229	  F	 24.1	  0.0	0.692	0.000	0.000
230	  K	 14.9	  0.0	0.692	0.000	0.000
231	  L	  3.0	  0.0	0.692	0.000	0.000
232	  K	  1.7	  0.4	0.580	0.000	0.000
233	  P	  0.1	  0.7	0.000	0.000	0.000
234	  S	  0.0	  0.8	1.387	0.000	0.000
235	  D	  0.0	  4.0	1.545	0.000	0.000
236	  K	  0.0	  3.7	1.545	0.000	0.000
237	  D	  0.1	  3.4	1.545	0.000	0.000
238	  R	  0.4	  3.4	1.545	0.000	0.000
239	  R	  0.8	  0.1	1.545	0.000	0.000
240	  L	  2.5	  0.1	1.019	0.000	0.000
241	  S	  5.9	  0.0	0.293	0.000	0.000
242	  V	 12.6	  0.0	0.000	0.000	0.000
243	  E	 11.3	  0.0	0.000	0.000	0.000
244	  I	  7.8	  0.0	0.000	0.000	0.000
245	  W	  1.7	  0.0	0.000	0.000	0.000
246	  D	  1.5	  0.9	0.000	0.000	0.000
247	  W	  1.5	  0.9	0.000	0.000	0.000
248	  D	  0.5	  1.0	1.114	0.000	0.000
249	  R	  0.5	  1.1	1.114	0.000	0.000
250	  T	  1.5	  0.2	1.114	0.000	0.000
251	  T	  1.8	  0.4	1.114	0.000	0.000
252	  R	  1.6	  0.4	1.114	0.000	0.000
253	  N	  0.5	  0.4	1.114	0.000	0.000
254	  D	  0.3	  0.4	0.408	0.000	0.000
255	  F	  0.9	  0.3	0.171	0.000	0.000
256	  M	  0.9	  0.5	0.000	0.000	0.000
257	  G	  0.8	  0.6	0.000	0.000	0.000
258	  S	  5.9	  0.9	0.000	0.000	0.000
259	  L	  7.9	  0.8	0.000	0.203	0.203
260	  S	  8.7	  0.6	0.000	0.203	0.203
261	  F	  3.4	  0.6	0.000	0.203	0.203
262	  G	  1.0	  0.2	0.809	0.203	0.203
263	  V	  0.6	  0.3	0.809	0.203	0.203
264	  S	  0.4	  0.1	1.943	0.000	0.000
265	  E	  0.4	  0.1	1.943	0.000	0.000
266	  L	  0.3	  0.1	1.943	0.000	0.000
267	  M	  3.9	  0.1	1.943	0.000	0.000
268	  K	  4.0	  0.0	1.779	0.000	0.000
269	  M	  3.7	  0.0	1.376	0.000	0.000
270	  P	  0.1	  0.6	0.000	0.000	0.000
271	  A	  0.1	  0.8	0.000	0.000	0.000
272	  S	  0.1	  0.8	0.000	0.000	0.000
273	  G	  0.1	  0.8	0.276	0.000	0.000
274	  W	  0.8	  0.2	0.276	0.000	0.000
275	  Y	  2.2	  0.1	0.276	0.000	0.000
276	  K	  2.5	  0.1	0.276	0.000	0.000
277	  L	  2.2	  0.1	0.276	0.000	0.000
278	  L	  1.0	  0.1	0.276	0.000	0.000
279	  N	  0.9	  0.1	0.276	0.000	0.000
280	  Q	  0.5	  0.3	0.131	0.000	0.000
281	  E	  0.3	  0.5	0.000	0.000	0.000
282	  E	  0.1	  0.8	0.000	0.000	0.000
283	  G	  0.0	  0.7	0.000	0.000	0.000
284	  E	  0.5	  0.5	0.000	0.000	0.000
285	  Y	  2.5	  0.4	0.000	0.000	0.000
286	  Y	 10.9	  0.1	0.000	0.000	0.000
287	  N	 10.6	  0.1	0.000	0.000	0.000
288	  V	  8.8	  0.1	0.000	0.000	0.000
289	  P	  0.3	  0.0	0.000	0.000	0.000
290	  I	  0.1	  0.3	0.000	0.000	0.000
291	  P	  0.0	  0.8	0.000	0.000	0.000
292	  E	  0.0	  1.9	0.000	0.000	0.000
293	  G	  0.0	  2.0	0.000	0.000	0.000
294	  D	  0.0	  2.3	0.000	0.000	0.000
295	  E	  0.0	  1.9	0.000	0.000	0.000
296	  E	  0.0	  2.9	0.000	0.000	0.000
297	  G	  0.0	  2.8	0.114	0.000	0.000
298	  N	  0.5	  2.2	4.540	0.000	0.000
299	  M	  1.3	  2.1	4.540	0.000	0.000
300	  E	  1.5	  0.0	6.035	0.000	0.000
301	  L	  1.3	  0.1	6.035	0.000	0.000
302	  R	  0.8	  0.1	6.035	0.000	0.000
303	  Q	  1.2	  0.1	5.921	0.000	0.000
304	  K	  4.3	  0.1	4.762	0.000	0.000
305	  F	  5.9	  0.1	4.289	0.000	0.000
306	  E	  5.4	  0.1	3.886	0.000	0.000
307	  K	  2.3	  0.1	3.451	0.000	0.000
308	  A	  0.6	  0.2	2.671	0.000	0.000
309	  K	  0.6	  0.1	2.383	0.000	0.000
310	  L	  0.4	  0.2	1.786	0.000	0.000
311	  G	  0.1	  0.5	1.425	0.000	0.000
312	  P	  0.0	  0.6	0.000	0.000	0.000
313	  A	  0.0	  1.2	0.000	0.000	0.000
314	  G	  0.0	  1.2	0.000	0.000	0.000
315	  N	  0.1	  0.8	0.000	0.000	0.000
316	  K	  2.4	  0.6	0.000	0.000	0.000
317	  V	  9.8	  0.0	0.000	0.000	0.000
318	  I	 10.0	  0.0	0.000	0.000	0.000
319	  S	  7.8	  2.2	0.132	0.000	0.000
320	  P	  0.3	  2.3	0.132	0.000	0.000
321	  S	  0.1	  4.2	0.745	0.000	0.000
322	  E	  0.1	  4.2	0.745	0.000	0.000
323	  D	  0.1	  2.1	0.745	0.000	0.000
324	  R	  0.4	  2.0	0.745	0.000	0.000
325	  K	  0.4	  0.1	0.745	0.000	0.000
326	  Q	  0.4	  0.5	0.613	0.000	0.000
327	  P	  0.0	  0.7	0.000	0.000	0.000
328	  S	  0.0	  1.2	0.000	0.000	0.000
329	  N	  0.0	  1.2	0.000	0.000	0.000
330	  N	  0.3	  1.8	0.232	0.000	0.000
331	  L	  0.3	  1.4	0.232	0.000	0.000
332	  D	  0.3	  1.0	0.386	0.000	0.000
333	  R	  1.5	  1.0	0.386	0.000	0.000
334	  V	  8.9	  0.0	0.386	2.122	2.122
335	  K	 10.6	  0.0	0.386	2.122	2.122
336	  L	  9.4	  0.2	0.154	2.122	2.122
337	  T	  2.8	  0.2	0.268	2.122	2.122
338	  D	  1.1	  0.4	0.762	2.122	2.122
339	  F	  4.1	  0.4	0.762	64.077	64.077
340	  N	  3.8	  0.2	1.991	69.102	69.102
341	  F	  4.1	  0.2	1.991	86.050	86.050
342	  L	  1.8	  0.0	1.991	86.164	86.164
343	  M	  4.2	  0.0	1.991	86.117	86.117
344	  V	  4.0	  0.0	1.991	85.947	85.947
345	  L	  3.0	  0.2	1.991	83.842	83.842
346	  G	  0.6	  0.9	1.991	7.027	7.027
347	  K	  0.0	  1.3	0.976	0.000	0.000
348	  G	  0.1	  1.3	0.000	0.000	0.000
349	  S	  0.8	  1.5	0.000	0.000	0.000
350	  F	  0.9	  0.9	0.000	0.000	0.000
351	  G	  0.9	  0.6	0.191	0.000	0.000
352	  K	  1.2	  0.6	0.191	0.000	0.000
353	  V	  5.5	  0.2	0.191	0.000	0.000
354	  M	  5.7	  0.0	0.362	0.000	0.000
355	  L	  4.8	  0.3	0.362	0.000	0.000
356	  A	  0.3	  0.3	0.362	0.000	0.000
357	  D	  0.1	  0.7	0.832	0.000	0.000
358	  R	  0.1	  0.9	0.641	0.000	0.000
359	  K	  0.1	  0.7	0.641	0.000	0.000
360	  G	  0.1	  0.7	2.103	0.000	0.000
361	  T	  0.1	  0.4	4.112	0.000	0.000
362	  E	  0.0	  0.2	4.869	0.000	0.000
363	  E	  0.2	  0.1	6.478	2.248	2.248
364	  L	  0.5	  0.1	7.430	2.248	2.248
365	  Y	  1.4	  0.0	7.430	2.248	2.248
366	  A	  1.6	  0.0	7.303	2.248	2.248
367	  I	  6.3	  0.0	7.303	2.248	2.248
368	  K	  6.0	  0.0	7.303	2.248	2.248
369	  I	  6.3	  0.0	6.248	2.248	2.248
370	  L	  1.4	  0.0	6.248	1.495	1.495
371	  K	  0.9	  0.3	4.360	0.000	0.000
372	  K	  0.3	  0.3	2.168	0.394	0.394
373	  D	  1.3	  0.3	0.000	0.394	0.394
374	  V	  8.7	  0.3	0.000	0.394	0.394
375	  V	 10.6	  0.0	0.000	0.394	0.394
376	  I	  9.6	  0.1	0.000	0.394	0.394
377	  Q	  2.2	  0.3	0.000	0.000	0.000
378	  D	  0.1	  1.1	0.000	0.000	0.000
379	  D	  0.1	  1.1	0.000	0.000	0.000
380	  D	  2.3	  1.0	0.000	0.000	0.000
381	  V	  5.9	  0.8	0.000	0.000	0.000
382	  E	  6.8	  0.0	0.000	0.000	0.000
383	  C	  6.9	  0.0	0.000	0.000	0.000
384	  T	  4.7	  0.0	2.334	0.000	0.000
385	  M	  3.8	  0.0	2.334	0.000	0.000
386	  V	  2.6	  0.0	2.613	0.000	0.000
387	  E	  1.4	  0.0	3.750	0.000	0.000
388	  K	  1.7	  0.1	3.750	0.000	0.000
389	  R	  2.3	  0.1	3.750	0.000	0.000
390	  V	  3.3	  0.0	3.231	26.998	26.998
391	  L	  3.1	  0.0	3.231	26.998	26.998
392	  A	  1.7	  0.0	3.082	26.998	26.998
393	  L	  1.0	  0.0	2.972	26.998	26.998
394	  L	  0.8	  0.0	2.426	26.998	26.998
395	  D	  0.5	  0.0	2.058	0.000	0.000
396	  K	  0.2	  0.0	0.873	0.000	0.000
397	  P	  0.0	  0.0	0.000	0.000	0.000
398	  P	  0.0	  0.0	0.000	0.000	0.000
399	  F	  0.5	  0.0	0.000	0.554	0.554
400	  L	  0.8	  0.0	0.000	0.554	0.554
401	  T	  1.8	  0.0	0.000	0.554	0.554
402	  Q	  1.9	  0.0	0.000	0.554	0.554
403	  L	  1.7	  0.1	0.000	0.554	0.554
404	  H	  1.2	  0.1	0.000	0.000	0.000
405	  S	  3.2	  0.1	0.000	0.000	0.000
406	  C	  9.3	  0.1	0.000	0.000	0.000
407	  F	  9.3	  0.2	0.000	0.000	0.000
408	  Q	  7.2	  0.1	0.000	0.000	0.000
409	  T	  5.3	  0.1	0.137	0.166	0.166
410	  V	  5.0	  0.1	0.137	0.446	0.446
411	  D	  4.6	  0.1	0.137	0.446	0.446
412	  R	  0.8	  0.1	0.137	1.300	1.300
413	  L	  1.2	  0.1	0.137	66.912	66.912
414	  Y	  2.7	  0.0	0.137	66.912	66.912
415	  F	  3.9	  0.0	0.000	66.912	66.912
416	  V	  4.9	  0.0	0.000	66.912	66.912
417	  M	  4.3	  0.0	0.000	66.702	66.702
418	  E	  2.6	  0.0	0.000	0.853	0.853
419	  Y	  2.7	  0.1	0.000	0.853	0.853
420	  V	  2.1	  1.0	0.000	0.786	0.786
421	  N	  2.0	  1.1	0.000	0.000	0.000
422	  G	  0.3	  1.9	0.000	0.000	0.000
423	  G	  0.0	  1.8	0.000	0.000	0.000
424	  D	  0.0	  1.0	0.000	0.000	0.000
425	  L	  0.6	  0.9	0.000	0.000	0.000
426	  M	  1.2	  0.0	0.000	0.000	0.000
427	  Y	  6.6	  0.0	0.000	0.000	0.000
428	  H	  8.3	  0.0	0.000	0.000	0.000
429	  I	  8.0	  0.0	0.000	0.000	0.000
430	  Q	  3.0	  0.0	0.000	0.000	0.000
431	  Q	  0.7	  0.2	0.000	0.000	0.000
432	  V	  0.4	  0.6	0.000	0.000	0.000
433	  G	  0.1	  0.6	0.000	0.000	0.000
434	  K	  1.2	  0.6	0.000	0.000	0.000
435	  F	  3.0	  0.5	0.000	0.000	0.000
436	  K	  3.0	  0.0	0.000	0.000	0.000
437	  E	  1.9	  0.1	0.000	0.000	0.000
438	  P	  0.1	  0.2	0.000	0.000	0.000
439	  Q	  0.3	  0.2	0.000	0.342	0.342
440	  A	  0.9	  0.2	0.000	7.557	7.557
441	  V	  3.1	  0.0	0.000	8.412	8.412
442	  F	  4.5	  0.0	0.000	8.426	8.426
443	  Y	  4.6	  0.0	0.000	8.426	8.426
444	  A	  2.5	  0.0	0.000	8.126	8.126
445	  A	  0.9	  0.0	0.000	1.634	1.634
446	  E	  1.6	  0.0	0.000	0.368	0.368
447	  I	  4.3	  0.0	0.000	74.111	74.111
448	  S	  4.3	  0.0	0.000	80.930	80.930
449	  I	  3.2	  0.2	0.000	91.680	91.680
450	  G	  0.4	  0.2	0.574	92.334	92.334
451	  L	  0.9	  0.2	0.574	92.353	92.353
452	  F	  1.7	  0.2	0.574	92.342	92.342
453	  F	  2.4	  0.0	0.574	92.185	92.185
454	  L	  2.0	  0.0	0.574	86.680	86.680
455	  H	  1.3	  0.4	0.574	0.618	0.618
456	  K	  0.8	  0.4	0.432	0.368	0.368
457	  R	  0.7	  0.4	0.194	0.000	0.000
458	  G	  0.4	  0.4	0.194	0.000	0.000
459	  I	  2.6	  0.1	0.000	0.000	0.000
460	  I	  3.9	  0.0	0.000	0.000	0.000
461	  Y	  4.5	  0.4	0.000	0.000	0.000
462	  R	  2.3	  0.5	0.000	0.000	0.000
463	  D	  1.0	  0.5	0.127	0.000	0.000
464	  L	  1.7	  0.5	0.127	0.000	0.000
465	  K	  2.2	  0.3	0.127	0.000	0.000
466	  L	  2.1	  0.4	0.127	0.000	0.000
467	  D	  0.8	  0.4	0.127	0.000	0.000
468	  N	  0.3	  0.3	0.127	0.000	0.000
469	  V	  4.7	  0.1	0.000	0.000	0.000
470	  M	  5.1	  0.0	0.000	0.000	0.000
471	  L	  5.2	  0.1	0.000	0.000	0.000
472	  D	  0.8	  0.5	0.000	0.000	0.000
473	  S	  0.3	  1.3	0.000	0.000	0.000
474	  E	  0.1	  1.4	0.000	0.000	0.000
475	  G	  0.1	  1.3	0.000	0.000	0.000
476	  H	  6.1	  0.8	0.000	0.000	0.000
477	  I	 11.3	  0.1	0.000	0.000	0.000
478	  K	 12.5	  0.0	0.000	0.000	0.000
479	  I	  6.8	  0.4	0.000	0.000	0.000
480	  A	  1.6	  0.4	0.000	0.000	0.000
481	  D	  0.2	  0.7	0.000	0.000	0.000
482	  F	  0.3	  0.7	0.000	0.000	0.000
483	  G	  0.2	  0.3	0.000	0.000	0.000
484	  M	  0.4	  0.3	0.000	0.000	0.000
485	  C	  0.5	  0.1	0.000	0.000	0.000
486	  K	  0.7	  0.2	0.000	0.000	0.000
487	  E	  0.5	  0.2	0.000	0.000	0.000
488	  H	  1.0	  0.2	0.000	0.000	0.000
489	  M	  1.3	  0.5	0.000	0.000	0.000
490	  M	  1.3	  0.6	0.000	0.000	0.000
491	  D	  0.6	  0.7	0.000	0.000	0.000
492	  G	  0.2	  0.7	0.000	0.000	0.000
493	  V	  1.8	  0.3	0.000	0.000	0.000
494	  T	  2.9	  0.0	0.000	0.000	0.000
495	  T	  3.4	  0.1	0.000	0.000	0.000
496	  R	  3.0	  0.1	0.000	0.000	0.000
497	  T	 11.1	  0.1	0.000	0.000	0.000
498	  F	 11.9	  0.1	0.000	0.000	0.000
499	  C	 10.7	  0.0	0.000	0.000	0.000
500	  G	  1.7	  0.0	0.000	0.000	0.000
501	  T	  0.1	  1.0	0.000	0.000	0.000
502	  P	  0.0	  1.0	0.000	0.000	0.000
503	  D	  0.5	  1.0	0.000	0.000	0.000
504	  Y	  4.3	  1.0	0.000	0.000	0.000
505	  I	  4.7	  0.0	0.000	0.000	0.000
506	  A	  4.2	  0.1	0.146	0.000	0.000
507	  P	  0.3	  0.1	0.146	0.000	0.000
508	  E	  0.2	  0.1	0.268	0.000	0.000
509	  I	  3.4	  0.1	0.268	0.000	0.000
510	  I	  5.4	  0.0	0.268	0.000	0.000
511	  A	  6.2	  0.0	0.268	0.000	0.000
512	  Y	  3.4	  0.0	0.268	0.000	0.000
513	  Q	  1.5	  0.3	0.123	0.000	0.000
514	  P	  0.5	  0.5	0.000	0.000	0.000
515	  Y	  0.2	  0.9	0.000	0.202	0.202
516	  G	  0.1	  1.1	0.000	0.202	0.202
517	  K	  0.7	  0.7	0.000	0.547	0.547
518	  S	  4.9	  0.9	0.000	0.547	0.547
519	  V	  6.5	  0.5	0.000	0.547	0.547
520	  D	  6.6	  0.4	0.161	0.547	0.547
521	  W	  3.0	  0.4	0.161	58.148	58.148
522	  W	  1.8	  0.2	0.161	71.908	71.908
523	  A	  1.3	  0.2	0.161	74.275	74.275
524	  Y	  0.8	  0.2	0.161	76.794	76.794
525	  G	  0.3	  0.2	0.559	77.360	77.360
526	  V	  4.1	  0.1	0.398	77.310	77.310
527	  L	  4.4	  0.1	0.905	76.572	76.572
528	  L	  4.6	  0.0	0.905	72.350	72.350
529	  Y	  3.1	  0.0	1.250	63.312	63.312
530	  E	  2.6	  0.0	1.381	0.000	0.000
531	  M	  2.7	  0.0	1.381	0.000	0.000
532	  L	  0.4	  0.5	1.381	0.000	0.000
533	  A	  0.4	  0.5	1.381	0.000	0.000
534	  G	  0.1	  0.5	1.381	0.000	0.000
535	  Q	  0.0	  0.5	0.679	0.000	0.000
536	  P	  0.0	  0.1	0.000	0.000	0.000
537	  P	  0.0	  0.3	0.000	0.000	0.000
538	  F	  0.4	  0.9	0.000	0.000	0.000
539	  D	  0.4	  1.0	0.000	0.000	0.000
540	  G	  0.4	  1.2	0.000	0.000	0.000
541	  E	  0.0	  1.1	0.000	0.000	0.000
542	  D	  0.0	  3.9	0.000	0.000	0.000
543	  E	  0.0	  3.8	0.000	0.000	0.000
544	  D	  0.0	  3.5	0.521	0.000	0.000
545	  E	  0.2	  3.4	0.521	0.000	0.000
546	  L	  0.4	  0.1	0.521	0.000	0.000
547	  F	  1.9	  0.2	0.521	0.000	0.000
548	  Q	  1.9	  0.2	0.521	0.000	0.000
549	  S	  1.9	  0.2	0.521	0.000	0.000
550	  I	  1.3	  0.2	0.270	0.000	0.000
551	  M	  1.5	  0.1	0.270	0.000	0.000
552	  E	  1.6	  0.1	0.270	0.000	0.000
553	  H	  1.6	  0.1	0.127	0.000	0.000
554	  N	  2.6	  0.1	0.000	0.000	0.000
555	  V	  9.0	  0.0	0.000	0.000	0.000
556	  S	  8.5	  0.0	0.000	0.000	0.000
557	  Y	  7.1	  0.1	0.000	0.000	0.000
558	  P	  0.3	  0.3	0.000	0.000	0.000
559	  K	  0.2	  0.3	0.000	0.000	0.000
560	  S	  5.9	  0.7	0.000	0.000	0.000
561	  L	  6.2	  0.6	0.000	0.000	0.000
562	  S	  6.5	  0.5	0.208	0.000	0.000
563	  K	  0.9	  0.5	0.208	0.000	0.000
564	  E	  0.6	  0.1	0.208	0.000	0.000
565	  A	  0.7	  0.1	0.208	0.182	0.182
566	  V	  9.7	  0.0	0.208	0.182	0.182
567	  S	 10.4	  0.0	0.208	0.182	0.182
568	  V	 10.2	  0.0	0.000	0.182	0.182
569	  C	  1.2	  0.4	0.000	0.182	0.182
570	  K	  0.3	  0.4	0.000	0.000	0.000
571	  G	  0.1	  0.4	0.359	0.000	0.000
572	  L	  0.3	  0.4	0.359	0.000	0.000
573	  M	  0.9	  0.0	0.359	0.000	0.000
574	  T	  1.9	  0.0	0.359	0.000	0.000
575	  K	  1.7	  0.0	0.359	0.000	0.000
576	  H	  1.1	  0.2	0.359	0.000	0.000
577	  P	  0.0	  0.2	0.000	0.000	0.000
578	  A	  0.1	  0.3	0.000	0.000	0.000
579	  K	  0.3	  0.3	0.000	0.000	0.000
580	  R	  0.4	  0.3	0.000	0.000	0.000
581	  L	  0.4	  0.9	0.000	0.000	0.000
582	  G	  0.3	  0.8	0.000	0.000	0.000
583	  C	  0.2	  0.8	0.000	0.000	0.000
584	  G	  0.0	  1.5	0.000	0.000	0.000
585	  P	  0.0	  1.4	0.000	0.000	0.000
586	  E	  0.0	  1.6	0.000	0.000	0.000
587	  G	  0.0	  1.7	0.000	0.000	0.000
588	  E	  0.2	  0.9	0.000	0.000	0.000
589	  R	  0.5	  0.4	0.000	0.000	0.000
590	  D	  2.3	  0.2	0.531	0.000	0.000
591	  V	  2.6	  0.1	0.531	0.000	0.000
592	  R	  2.4	  0.1	0.531	0.000	0.000
593	  E	  0.7	  0.1	0.531	0.000	0.000
594	  H	  0.6	  0.1	0.531	0.000	0.000
595	  A	  0.8	  0.1	0.531	0.000	0.000
596	  F	  2.4	  0.0	0.531	0.000	0.000
597	  F	  3.7	  0.1	0.212	0.000	0.000
598	  R	  5.0	  0.1	0.000	0.000	0.000
599	  R	 15.1	  0.1	0.000	0.000	0.000
600	  I	 15.8	  0.1	0.000	0.000	0.000
601	  D	 15.1	  0.0	1.282	0.000	0.000
602	  W	  4.5	  0.1	1.707	0.000	0.000
603	  E	  2.0	  0.1	1.707	0.000	0.000
604	  K	  2.6	  0.1	1.707	0.000	0.000
605	  L	  1.7	  0.3	1.707	0.000	0.000
606	  E	  1.6	  0.2	1.707	0.000	0.000
607	  N	  0.1	  0.3	1.507	0.000	0.000
608	  R	  0.2	  0.3	0.539	0.000	0.000
609	  E	  1.7	  0.0	0.000	0.000	0.000
610	  I	  1.7	  0.0	0.000	0.000	0.000
611	  Q	  1.5	  0.0	0.000	0.000	0.000
612	  P	  0.0	  0.0	0.000	0.000	0.000
613	  P	  0.0	  0.0	0.000	0.000	0.000
614	  F	  0.2	  0.0	0.000	0.000	0.000
615	  K	  0.2	  0.0	0.000	0.000	0.000
616	  P	  0.2	  0.0	0.000	0.000	0.000
617	  K	  1.0	  0.0	0.000	0.000	0.000
618	  V	  1.4	  0.4	0.000	0.000	0.000
619	  C	  1.6	  0.6	0.000	0.000	0.000
620	  G	  0.6	  1.2	0.000	0.000	0.000
621	  K	  0.3	  1.2	0.000	0.000	0.000
622	  G	  0.0	  0.9	0.000	0.000	0.000
623	  A	  0.0	  1.1	0.000	0.000	0.000
624	  E	  0.1	  0.5	0.000	0.000	0.000
625	  N	  0.9	  0.9	0.288	0.000	0.000
626	  F	  1.3	  0.8	0.288	0.834	0.834
627	  D	  1.3	  0.5	0.288	0.834	0.834
628	  K	  0.9	  0.5	0.288	0.834	0.834
629	  F	  1.6	  0.0	0.288	0.834	0.834
630	  F	  4.8	  0.0	0.288	0.834	0.834
631	  T	  4.5	  0.3	0.000	0.311	0.311
632	  R	  3.4	  0.3	0.000	0.000	0.000
633	  G	  0.2	  0.3	0.000	0.000	0.000
634	  Q	  0.1	  0.3	0.000	0.000	0.000
635	  P	  0.0	  0.0	0.000	0.000	0.000
636	  V	  2.9	  0.0	0.000	0.000	0.000
637	  L	  2.9	  0.0	0.000	0.000	0.000
638	  T	  2.9	  0.0	0.000	0.000	0.000
639	  P	  0.0	  0.9	0.000	0.000	0.000
640	  P	  0.0	  1.0	0.000	0.000	0.000
641	  D	  0.0	  1.0	0.000	0.000	0.000
642	  Q	  0.8	  1.0	0.000	0.527	0.527
643	  L	  3.2	  0.1	0.000	2.777	2.777
644	  V	  7.3	  0.0	0.000	3.810	3.810
645	  I	  6.7	  0.0	0.000	3.810	3.810
646	  A	  4.5	  0.0	0.000	3.810	3.810
647	  N	  1.6	  0.4	0.000	3.282	3.282
648	  I	  2.6	  0.4	0.000	3.093	3.093
649	  D	  2.5	  1.9	0.000	0.000	0.000
650	  Q	  1.2	  2.1	0.000	0.000	0.000
651	  S	  0.1	  1.7	0.000	0.000	0.000
652	  D	  1.4	  1.7	0.000	0.000	0.000
653	  F	  1.7	  0.7	0.000	0.000	0.000
654	  E	  1.7	  0.4	0.000	0.000	0.000
655	  G	  0.4	  0.4	0.000	0.130	0.130
656	  F	  6.5	  0.4	0.000	0.130	0.130
657	  S	  7.4	  0.0	0.000	0.130	0.130
658	  Y	 10.0	  0.0	0.000	0.130	0.130
659	  V	  3.8	  0.0	0.000	0.130	0.130
660	  N	  2.9	  0.2	0.000	0.000	0.000
661	  P	  0.2	  0.2	0.000	0.000	0.000
662	  Q	  1.6	  0.2	0.000	0.000	0.000
663	  F	  4.0	  0.2	0.000	0.000	0.000
664	  V	  4.3	  0.0	0.000	0.000	0.000
665	  H	  2.8	  0.0	0.000	0.000	0.000
666	  P	  0.4	  0.0	0.000	0.000	0.000
667	  I	  1.6	  0.0	0.000	0.000	0.000
668	  L	  1.8	  0.1	0.000	0.000	0.000
669	  Q	  1.9	  0.1	0.000	0.000	0.000
670	  S	  0.6	  0.1	0.000	0.000	0.000
671	  A	  0.3	  0.1	0.000	0.000	0.000
672	  V	  0.3	  0.0	0.000	0.000	0.000
