res	aa	Beta	Turn	Helix	Aggregation	Conc-Stab_Aggregation
01	  M	  0.1	  0.0	0.000	0.000	0.000
02	  L	  0.1	  0.6	0.793	0.000	0.000
03	  P	  0.1	  0.6	3.456	0.020	0.020
04	  G	  0.1	  0.6	9.302	5.872	5.872
05	  L	  0.4	  0.6	9.302	70.631	70.631
06	  A	  0.6	  0.0	9.864	82.176	82.176
07	  L	  1.4	  0.0	9.864	93.794	93.794
08	  L	  2.0	  0.0	10.130	95.604	95.604
09	  L	  1.9	  0.0	10.130	95.859	95.859
10	  L	  1.2	  0.0	9.861	93.996	93.996
11	  A	  0.4	  0.0	8.904	82.017	82.017
12	  A	  0.4	  0.0	7.495	70.171	70.171
13	  W	  3.4	  0.0	5.506	59.891	59.891
14	  T	  4.0	  0.0	3.997	17.195	17.195
15	  A	  3.9	  0.0	3.997	7.917	7.917
16	  R	  1.0	  0.0	3.595	0.072	0.072
17	  A	  0.3	  0.0	1.573	0.072	0.072
18	  L	  3.0	  0.0	1.398	0.072	0.072
19	  E	  3.1	  0.0	1.090	0.072	0.072
20	  V	  3.0	  0.2	0.423	0.000	0.000
21	  P	  0.2	  0.4	0.000	0.000	0.000
22	  T	  0.0	  0.6	0.000	0.000	0.000
23	  D	  0.0	  1.3	0.000	0.000	0.000
24	  G	  0.0	  1.1	0.000	0.000	0.000
25	  N	  0.0	  1.0	0.365	0.000	0.000
26	  A	  0.0	  0.9	0.365	0.000	0.000
27	  G	  0.0	  0.3	0.365	0.000	0.000
28	  L	  0.3	  0.2	0.365	0.000	0.000
29	  L	  0.3	  0.0	0.365	0.000	0.000
30	  A	  0.3	  0.0	0.365	0.000	0.000
31	  E	  0.1	  0.0	0.365	0.000	0.000
32	  P	  0.0	  0.0	0.000	0.000	0.000
33	  Q	  0.4	  0.0	0.000	0.169	0.169
34	  I	  3.3	  0.0	0.000	0.748	0.748
35	  A	  3.5	  0.0	0.000	0.748	0.748
36	  M	  5.2	  0.0	0.000	0.748	0.748
37	  F	  3.9	  0.3	0.000	0.748	0.748
38	  C	  3.8	  0.4	0.000	0.748	0.748
39	  G	  1.7	  0.5	0.000	0.000	0.000
40	  R	  2.7	  0.5	0.000	0.000	0.000
41	  L	  4.1	  0.2	0.000	0.000	0.000
42	  N	  4.2	  0.0	0.000	0.000	0.000
43	  M	  3.1	  0.0	0.000	0.000	0.000
44	  H	  2.4	  0.2	0.000	0.000	0.000
45	  M	  6.0	  0.2	0.000	0.000	0.000
46	  N	  5.9	  0.2	0.000	0.000	0.000
47	  V	  6.3	  0.5	0.000	0.000	0.000
48	  Q	  2.6	  3.1	0.000	0.000	0.000
49	  N	  1.3	  3.1	0.000	0.000	0.000
50	  G	  0.0	  3.1	0.000	0.000	0.000
51	  K	  0.5	  3.0	0.000	0.000	0.000
52	  W	  0.9	  0.2	0.000	0.000	0.000
53	  D	  0.9	  0.2	0.000	0.000	0.000
54	  S	  0.5	  0.2	0.000	0.000	0.000
55	  D	  0.0	 14.3	0.000	0.000	0.000
56	  P	  0.0	 14.4	0.000	0.000	0.000
57	  S	  0.1	 14.6	0.000	0.000	0.000
58	  G	  0.1	 14.6	0.000	0.000	0.000
59	  T	  1.4	  0.5	0.000	0.000	0.000
60	  K	  2.0	  0.3	0.000	0.000	0.000
61	  T	  4.2	  0.1	0.000	0.000	0.000
62	  C	  6.1	  0.2	0.000	0.000	0.000
63	  I	  6.8	  0.1	0.000	0.000	0.000
64	  D	  4.8	  0.1	0.000	0.000	0.000
65	  T	  2.3	  0.3	0.182	0.000	0.000
66	  K	  0.9	  0.4	0.182	0.000	0.000
67	  E	  0.7	  0.5	0.182	0.000	0.000
68	  G	  0.0	  0.5	0.182	0.000	0.000
69	  I	  1.5	  0.3	0.182	0.000	0.000
70	  L	  3.2	  0.1	0.182	0.000	0.000
71	  Q	  5.2	  0.0	0.182	0.000	0.000
72	  Y	  5.7	  0.0	0.182	0.000	0.000
73	  C	  4.5	  0.1	0.000	0.000	0.000
74	  Q	  2.8	  0.1	0.000	0.000	0.000
75	  E	  3.7	  0.1	0.000	0.000	0.000
76	  V	  3.6	  0.1	0.000	0.000	0.000
77	  Y	  3.3	  0.4	0.000	0.000	0.000
78	  P	  0.4	  0.5	0.000	0.000	0.000
79	  E	  0.3	  0.5	0.000	0.000	0.000
80	  L	  2.0	  0.5	0.000	0.000	0.000
81	  Q	  3.9	  0.0	0.000	0.000	0.000
82	  I	  4.1	  0.0	0.000	0.803	0.803
83	  T	  3.2	  0.0	0.000	0.803	0.803
84	  N	  3.2	  0.0	0.000	0.803	0.803
85	  V	  6.7	  0.0	0.000	0.803	0.803
86	  V	  7.7	  0.0	0.000	0.803	0.803
87	  E	  5.8	  0.2	0.000	0.000	0.000
88	  A	  1.8	  0.2	0.000	0.000	0.000
89	  N	  0.2	  0.2	0.000	0.000	0.000
90	  Q	  0.1	  0.1	0.000	0.000	0.000
91	  P	  0.0	  0.0	0.000	0.000	0.000
92	  V	  9.9	  0.0	0.000	0.000	0.000
93	  T	 13.9	  0.0	0.293	0.000	0.000
94	  I	 13.9	  0.2	0.293	0.000	0.000
95	  Q	  4.8	  0.2	0.293	0.000	0.000
96	  N	  1.2	  0.2	0.453	0.000	0.000
97	  W	  1.8	  0.2	0.453	0.000	0.000
98	  C	  1.7	  0.3	0.453	0.000	0.000
99	  K	  1.2	  0.5	0.334	0.000	0.000
100	  R	  0.6	  0.6	0.160	0.000	0.000
101	  G	  0.2	  0.6	0.160	0.000	0.000
102	  R	  0.2	  0.4	0.000	0.000	0.000
103	  K	  0.4	  0.2	0.000	0.000	0.000
104	  Q	  0.8	  0.2	0.000	0.000	0.000
105	  C	  0.8	  0.3	0.000	0.000	0.000
106	  K	  1.3	  0.2	0.000	0.000	0.000
107	  T	  1.1	  0.2	0.000	0.000	0.000
108	  H	  1.0	  0.7	0.000	0.000	0.000
109	  P	  0.2	  0.5	0.000	0.000	0.000
110	  H	  2.4	  0.5	0.000	0.000	0.000
111	  F	  6.0	  0.5	0.000	0.000	0.000
112	  V	  6.6	  0.0	0.000	0.000	0.000
113	  I	  4.3	  0.0	0.000	0.000	0.000
114	  P	  0.6	  0.0	0.000	0.000	0.000
115	  Y	  8.0	  0.1	0.000	0.000	0.000
116	  R	  9.1	  0.1	0.000	0.000	0.000
117	  C	 10.7	  0.1	0.000	0.000	0.000
118	  L	  3.1	  0.1	0.000	0.000	0.000
119	  V	  1.9	  0.4	0.000	0.000	0.000
120	  G	  0.3	  0.4	0.000	0.000	0.000
121	  E	  0.2	  0.4	0.000	0.000	0.000
122	  F	  1.9	  0.5	0.000	0.000	0.000
123	  V	  2.1	  0.2	0.000	0.000	0.000
124	  S	  2.0	  0.2	0.177	0.000	0.000
125	  D	  0.2	  0.2	0.177	0.000	0.000
126	  A	  0.3	  0.2	0.177	0.000	0.000
127	  L	  1.8	  0.0	0.177	0.000	0.000
128	  L	  1.9	  0.0	0.177	0.000	0.000
129	  V	  1.6	  0.5	0.177	0.000	0.000
130	  P	  0.1	  0.6	0.136	0.000	0.000
131	  D	  0.1	  0.7	0.257	0.000	0.000
132	  K	  0.9	  0.7	0.257	0.000	0.000
133	  C	  1.2	  0.2	0.257	0.000	0.000
134	  K	  1.4	  0.1	0.257	0.000	0.000
135	  F	  1.2	  0.0	0.257	0.000	0.000
136	  L	  1.1	  0.0	0.121	0.000	0.000
137	  H	  1.0	  0.1	0.121	0.000	0.000
138	  Q	  0.5	  0.1	0.121	0.000	0.000
139	  E	  0.3	  0.1	0.000	0.000	0.000
140	  R	  2.6	  0.3	0.000	0.000	0.000
141	  M	  5.2	  0.3	0.000	0.000	0.000
142	  D	  5.5	  0.2	0.000	0.000	0.000
143	  V	  4.2	  0.2	0.000	0.000	0.000
144	  C	  1.7	  0.2	0.000	0.000	0.000
145	  E	  1.8	  0.2	0.000	0.000	0.000
146	  T	  1.7	  0.2	0.000	0.000	0.000
147	  H	  2.1	  0.2	0.000	0.000	0.000
148	  L	  2.8	  0.0	0.000	0.000	0.000
149	  H	  3.4	  0.0	0.000	0.000	0.000
150	  W	  3.3	  0.0	0.000	0.000	0.000
151	  H	  4.6	  0.0	0.000	0.000	0.000
152	  T	  7.0	  0.0	0.000	0.000	0.000
153	  V	  7.2	  0.0	0.000	0.000	0.000
154	  A	  4.7	  0.0	0.000	0.000	0.000
155	  K	  0.9	  0.1	0.000	0.000	0.000
156	  E	  0.3	  0.1	0.000	0.000	0.000
157	  T	 11.3	  0.1	0.142	0.000	0.000
158	  C	 11.4	  0.2	0.142	0.000	0.000
159	  S	 11.3	  0.2	0.142	0.000	0.000
160	  E	  0.6	  0.2	0.142	0.000	0.000
161	  K	  0.9	  0.3	0.142	0.000	0.000
162	  S	  1.5	  0.7	0.142	0.000	0.000
163	  T	  1.5	  0.6	0.000	0.000	0.000
164	  N	  1.0	  0.5	0.000	0.000	0.000
165	  L	  0.5	  0.6	0.000	0.000	0.000
166	  H	  0.6	  0.4	0.000	0.000	0.000
167	  D	  0.5	  0.5	0.000	0.000	0.000
168	  Y	  0.5	  0.5	0.000	0.000	0.000
169	  G	  0.2	  0.4	0.000	0.000	0.000
170	  M	  2.6	  0.2	0.000	0.000	0.000
171	  L	  2.5	  0.0	0.000	0.000	0.000
172	  L	  2.5	  0.3	0.000	0.000	0.000
173	  P	  0.1	  0.3	0.000	0.000	0.000
174	  C	  0.3	  0.4	0.000	0.000	0.000
175	  G	  0.5	  0.4	0.000	0.000	0.000
176	  I	  0.8	  0.1	0.000	0.000	0.000
177	  D	  0.6	  0.1	0.000	0.000	0.000
178	  K	  1.2	  0.0	0.000	0.000	0.000
179	  F	  2.3	  0.4	0.000	0.221	0.221
180	  R	  2.3	  0.4	0.000	0.221	0.221
181	  G	  1.5	  0.4	0.000	0.221	0.221
182	  V	  3.5	  0.4	0.000	0.221	0.221
183	  E	  3.6	  0.0	0.000	0.221	0.221
184	  F	  5.7	  0.0	0.000	0.221	0.221
185	  V	  7.9	  0.0	0.000	0.221	0.221
186	  C	  8.8	  0.0	0.000	0.000	0.000
187	  C	  6.7	  0.3	0.129	0.000	0.000
188	  P	  1.0	  0.3	0.129	0.000	0.000
189	  L	  0.0	  0.3	0.129	0.000	0.000
190	  A	  0.0	  0.3	0.129	0.000	0.000
191	  E	  0.0	  0.2	0.129	0.000	0.000
192	  E	  0.1	  0.4	0.129	0.000	0.000
193	  S	  0.1	  1.3	0.000	0.000	0.000
194	  D	  0.1	  1.2	0.000	0.000	0.000
195	  N	  1.3	  1.6	0.000	0.000	0.000
196	  V	  2.4	  1.4	0.000	0.000	0.000
197	  D	  2.4	  0.6	0.122	0.000	0.000
198	  S	  1.5	  3.2	0.122	0.000	0.000
199	  A	  0.4	  2.7	0.122	0.000	0.000
200	  D	  0.4	  2.9	0.122	0.000	0.000
201	  A	  0.1	  2.9	0.122	0.000	0.000
202	  E	  0.1	  0.5	0.122	0.000	0.000
203	  E	  0.1	  0.6	0.000	0.000	0.000
204	  D	  0.1	  1.7	0.000	0.000	0.000
205	  D	  0.0	  3.0	0.000	0.000	0.000
206	  S	  0.0	  2.8	0.000	0.000	0.000
207	  D	  2.0	  2.7	0.000	0.000	0.000
208	  V	  3.3	  1.4	0.000	0.000	0.000
209	  W	  3.4	  0.0	0.000	0.000	0.000
210	  W	  1.4	  0.3	0.000	0.000	0.000
211	  G	  0.1	  0.4	0.000	0.000	0.000
212	  G	  0.0	  0.8	0.000	0.000	0.000
213	  A	  0.0	  0.9	0.000	0.000	0.000
214	  D	  0.1	  1.1	0.000	0.000	0.000
215	  T	  0.5	  1.0	0.000	0.000	0.000
216	  D	  0.6	  0.6	0.000	0.000	0.000
217	  Y	  0.7	  1.6	0.000	0.000	0.000
218	  A	  0.3	  1.4	0.000	0.000	0.000
219	  D	  0.2	  1.7	0.000	0.000	0.000
220	  G	  0.0	  1.8	0.000	0.000	0.000
221	  S	  0.1	  2.5	0.000	0.000	0.000
222	  E	  0.1	  2.1	0.000	0.000	0.000
223	  D	  0.2	  1.9	0.000	0.000	0.000
224	  K	  1.7	  1.8	0.000	0.000	0.000
225	  V	  5.3	  0.0	0.000	0.000	0.000
226	  V	 23.5	  0.0	0.000	0.000	0.000
227	  E	 23.3	  0.0	0.000	0.000	0.000
228	  V	 20.5	  0.0	0.000	0.000	0.000
229	  A	  2.6	  0.0	0.000	0.000	0.000
230	  E	  0.6	  0.1	0.000	0.000	0.000
231	  E	  0.0	  0.1	0.000	0.000	0.000
232	  E	  0.0	  0.1	0.000	0.000	0.000
233	  E	  1.7	  0.1	0.000	0.000	0.000
234	  V	  2.5	  0.0	0.000	0.000	0.000
235	  A	  2.7	  0.0	0.000	0.000	0.000
236	  E	  3.2	  0.0	0.000	0.000	0.000
237	  V	  3.1	  0.0	0.000	0.000	0.000
238	  E	  2.8	  0.1	0.000	0.000	0.000
239	  E	  0.6	  0.1	0.000	0.000	0.000
240	  E	  0.0	  0.1	0.000	0.000	0.000
241	  E	  0.1	  0.4	0.000	0.000	0.000
242	  A	  0.1	  0.6	0.000	0.000	0.000
243	  D	  0.1	  2.3	0.000	0.000	0.000
244	  D	  0.0	  2.4	0.000	0.000	0.000
245	  D	  0.0	  6.4	0.000	0.000	0.000
246	  E	  0.0	  6.3	0.000	0.000	0.000
247	  D	  0.0	  4.7	0.000	0.000	0.000
248	  D	  0.0	 15.0	0.000	0.000	0.000
249	  E	  0.0	 10.8	0.000	0.000	0.000
250	  D	  0.0	 11.3	0.000	0.000	0.000
251	  G	  0.0	 11.2	0.000	0.000	0.000
252	  D	  0.0	  0.8	0.000	0.000	0.000
253	  E	  2.1	  0.6	0.000	0.000	0.000
254	  V	  2.6	  0.1	0.000	0.000	0.000
255	  E	  2.6	  0.1	0.000	0.000	0.000
256	  E	  0.6	  0.1	0.000	0.000	0.000
257	  E	  0.1	  0.1	0.000	0.000	0.000
258	  A	  0.1	  0.1	0.000	0.000	0.000
259	  E	  0.1	  0.0	0.000	0.000	0.000
260	  E	  0.0	  0.0	0.000	0.000	0.000
261	  P	  0.0	  0.0	0.000	0.000	0.000
262	  Y	  0.7	  0.1	0.000	0.000	0.000
263	  E	  0.7	  0.1	0.000	0.000	0.000
264	  E	  1.0	  0.1	0.000	0.000	0.000
265	  A	  0.3	  0.1	0.000	0.000	0.000
266	  T	  0.4	  0.1	0.000	0.000	0.000
267	  E	  0.5	  0.1	0.000	0.000	0.000
268	  R	  0.7	  0.1	0.000	0.000	0.000
269	  T	  3.6	  0.1	0.000	0.000	0.000
270	  T	  3.7	  0.1	0.000	0.000	0.000
271	  S	  3.7	  0.1	0.000	0.000	0.000
272	  I	  1.8	  0.0	0.000	0.000	0.000
273	  A	  1.6	  0.0	0.000	0.000	0.000
274	  T	  3.0	  0.0	0.000	0.000	0.000
275	  T	  3.6	  0.0	0.000	0.000	0.000
276	  T	  5.2	  0.1	0.000	0.000	0.000
277	  T	  5.3	  0.1	0.000	0.000	0.000
278	  T	  5.2	  0.1	0.000	0.000	0.000
279	  T	  3.7	  0.1	0.000	0.000	0.000
280	  T	  2.2	  0.2	0.000	0.000	0.000
281	  E	  0.6	  0.2	0.000	0.000	0.000
282	  S	  4.1	  0.1	0.355	0.000	0.000
283	  V	  4.4	  0.1	0.355	0.000	0.000
284	  E	  4.4	  0.0	0.355	0.000	0.000
285	  E	  1.2	  0.0	0.355	0.000	0.000
286	  V	  3.4	  0.0	0.355	0.000	0.000
287	  V	  3.8	  0.0	0.355	0.000	0.000
288	  R	  3.5	  0.0	0.355	0.000	0.000
289	  E	  1.7	  0.0	0.355	0.000	0.000
290	  V	  2.2	  0.0	0.000	0.000	0.000
291	  C	  2.3	  0.1	0.000	0.000	0.000
292	  S	  1.4	  0.2	0.000	0.000	0.000
293	  E	  0.4	  0.2	0.000	0.000	0.000
294	  Q	  0.3	  0.2	0.000	0.000	0.000
295	  A	  0.3	  0.4	0.000	0.000	0.000
296	  E	  0.3	  0.3	0.000	0.000	0.000
297	  T	  0.0	  0.3	0.000	0.000	0.000
298	  G	  0.0	  0.5	0.243	0.000	0.000
299	  P	  0.0	  0.2	0.243	0.000	0.000
300	  C	  2.5	  0.3	0.243	0.000	0.000
301	  R	  2.7	  0.2	0.243	0.000	0.000
302	  A	  3.1	  0.0	0.243	0.746	0.746
303	  M	  1.1	  0.0	0.243	1.694	1.694
304	  I	  2.0	  0.0	0.000	1.694	1.694
305	  S	  1.8	  0.0	0.000	1.694	1.694
306	  R	  2.1	  0.0	0.000	1.694	1.694
307	  W	  1.8	  0.0	0.000	1.694	1.694
308	  Y	  3.3	  0.1	0.000	1.694	1.694
309	  F	  6.1	  0.1	0.000	1.694	1.694
310	  D	  6.5	  0.1	0.000	1.694	1.694
311	  V	  5.6	  0.1	0.000	1.694	1.694
312	  T	  2.0	  0.7	0.000	0.632	0.632
313	  E	  0.8	  0.8	0.000	0.000	0.000
314	  G	  0.0	  0.9	0.000	0.000	0.000
315	  K	  2.0	  0.8	0.000	0.000	0.000
316	  C	  2.2	  0.2	0.000	0.000	0.000
317	  A	  2.1	  0.1	0.000	0.000	0.000
318	  P	  0.2	  0.0	0.000	0.000	0.000
319	  F	  1.5	  0.0	0.000	0.239	0.239
320	  F	  2.5	  0.0	0.000	0.239	0.239
321	  Y	  2.6	  0.5	0.000	0.239	0.239
322	  G	  1.1	  1.0	0.000	0.239	0.239
323	  G	  0.1	  1.0	0.000	0.239	0.239
324	  C	  0.1	  1.5	0.000	0.000	0.000
325	  G	  0.1	  1.8	0.000	0.000	0.000
326	  G	  0.1	  1.3	0.000	0.000	0.000
327	  N	  0.0	  3.3	0.000	0.000	0.000
328	  R	  0.2	  2.9	0.000	0.000	0.000
329	  N	  0.3	  2.1	0.000	0.000	0.000
330	  N	  1.1	  2.4	0.000	0.000	0.000
331	  F	  1.6	  0.4	0.000	0.000	0.000
332	  D	  1.5	  0.4	0.000	0.000	0.000
333	  T	  0.8	  0.5	0.135	0.000	0.000
334	  E	  0.2	  0.2	0.135	0.000	0.000
335	  E	  0.8	  0.1	0.135	0.000	0.000
336	  Y	  3.4	  0.1	0.135	0.000	0.000
337	  C	  6.1	  0.0	0.135	0.000	0.000
338	  M	  5.8	  0.0	0.135	0.000	0.000
339	  A	  3.4	  0.0	0.135	0.000	0.000
340	  V	  1.1	  0.0	0.135	0.000	0.000
341	  C	  0.7	  0.2	0.135	0.000	0.000
342	  G	  0.6	  0.3	0.000	0.000	0.000
343	  S	  0.4	  0.3	0.000	0.000	0.000
344	  A	  0.6	  0.3	0.000	0.000	0.000
345	  M	  0.7	  0.1	0.000	0.000	0.000
346	  S	  2.2	  0.7	0.441	0.000	0.000
347	  Q	  2.1	  0.7	0.441	0.000	0.000
348	  S	  2.1	  0.7	0.441	0.000	0.000
349	  L	  0.7	  0.6	0.441	0.000	0.000
350	  L	  0.6	  0.1	0.441	0.000	0.000
351	  K	  1.3	  0.1	0.441	0.000	0.000
352	  T	  3.6	  0.1	0.000	0.000	0.000
353	  T	  4.6	  0.1	0.000	0.000	0.000
354	  Q	  3.7	  0.0	0.000	0.000	0.000
355	  E	  1.2	  0.0	0.000	0.000	0.000
356	  P	  0.0	  0.0	0.000	0.000	0.000
357	  L	  0.0	  0.0	0.000	0.000	0.000
358	  A	  0.1	  0.0	0.000	0.000	0.000
359	  R	  0.1	  0.0	0.000	0.000	0.000
360	  D	  0.1	  0.0	0.000	0.000	0.000
361	  P	  0.0	  0.0	0.000	0.000	0.000
362	  V	 14.3	  0.0	0.000	0.000	0.000
363	  K	 14.4	  0.0	0.000	0.000	0.000
364	  L	 14.4	  0.1	0.000	0.000	0.000
365	  P	  0.1	  0.2	0.000	0.000	0.000
366	  T	  0.6	  0.2	0.000	0.000	0.000
367	  T	  0.9	  0.2	0.000	0.000	0.000
368	  A	  1.0	  0.0	0.000	0.000	0.000
369	  A	  0.6	  0.0	0.000	0.000	0.000
370	  S	  0.4	  0.0	0.000	0.000	0.000
371	  T	  0.3	  1.1	0.000	0.000	0.000
372	  P	  0.1	  1.2	0.000	0.000	0.000
373	  D	  0.1	  1.2	0.235	0.000	0.000
374	  A	  0.3	  1.2	0.235	0.000	0.000
375	  V	  0.6	  0.1	0.235	0.000	0.000
376	  D	  0.6	  0.0	0.235	0.000	0.000
377	  K	  0.6	  0.0	0.235	0.000	0.000
378	  Y	  1.0	  0.0	0.235	0.000	0.000
379	  L	  1.0	  0.0	0.000	0.000	0.000
380	  E	  0.8	  0.0	0.000	0.000	0.000
381	  T	  0.1	  1.6	0.000	0.000	0.000
382	  P	  0.0	  2.1	0.000	0.000	0.000
383	  G	  0.0	  2.2	0.000	0.000	0.000
384	  D	  0.0	  5.1	0.000	0.000	0.000
385	  E	  0.0	  3.5	0.000	0.000	0.000
386	  N	  0.0	  3.1	1.074	0.000	0.000
387	  E	  0.2	  3.1	1.074	0.000	0.000
388	  H	  0.4	  0.4	1.074	0.000	0.000
389	  A	  0.8	  0.4	1.074	0.000	0.000
390	  H	  4.1	  0.2	1.074	0.000	0.000
391	  F	  5.7	  0.2	1.214	0.000	0.000
392	  Q	  5.4	  0.1	0.841	0.000	0.000
393	  K	  2.3	  0.1	1.085	0.000	0.000
394	  A	  0.4	  0.1	1.281	0.000	0.000
395	  K	  0.5	  0.1	1.281	0.000	0.000
396	  E	  0.2	  0.1	1.289	0.000	0.000
397	  R	  0.6	  0.1	1.319	0.000	0.000
398	  L	  0.6	  0.1	1.174	0.000	0.000
399	  E	  1.0	  0.0	1.379	0.000	0.000
400	  A	  0.8	  0.1	1.379	0.000	0.000
401	  K	  0.7	  0.1	1.379	0.000	0.000
402	  H	  0.5	  0.2	0.356	0.000	0.000
403	  R	  0.4	  0.2	0.356	0.000	0.000
404	  E	  0.3	  0.2	0.356	0.000	0.000
405	  R	  0.6	  0.1	0.000	0.000	0.000
406	  M	  0.8	  0.1	0.000	0.000	0.000
407	  S	  0.9	  0.0	0.115	0.000	0.000
408	  Q	  1.0	  0.0	0.115	0.000	0.000
409	  V	  2.8	  0.0	0.681	0.000	0.000
410	  M	  2.7	  0.0	1.304	0.000	0.000
411	  R	  2.2	  0.0	2.333	0.000	0.000
412	  E	  0.7	  0.0	2.727	0.000	0.000
413	  W	  1.0	  0.1	8.511	0.000	0.000
414	  E	  0.9	  0.1	12.867	0.000	0.000
415	  E	  0.4	  0.1	14.304	0.000	0.000
416	  A	  0.1	  0.1	14.996	0.000	0.000
417	  E	  0.4	  0.1	15.283	0.000	0.000
418	  R	  0.5	  0.1	15.283	0.000	0.000
419	  Q	  0.7	  0.1	15.145	0.000	0.000
420	  A	  0.4	  0.2	12.339	0.000	0.000
421	  K	  0.3	  0.2	11.348	0.000	0.000
422	  N	  0.2	  0.2	6.747	0.000	0.000
423	  L	  0.2	  0.3	2.758	0.000	0.000
424	  P	  0.0	  0.2	0.153	0.000	0.000
425	  K	  0.1	  0.8	0.153	0.000	0.000
426	  A	  0.1	  0.8	0.153	0.000	0.000
427	  D	  0.1	  0.8	0.432	0.000	0.000
428	  K	  0.1	  0.8	0.432	0.000	0.000
429	  K	  0.3	  0.2	0.432	0.000	0.000
430	  A	  1.4	  0.2	0.279	0.000	0.000
431	  V	  3.4	  0.0	0.279	0.000	0.000
432	  I	  3.4	  0.1	0.279	0.000	0.000
433	  Q	  3.9	  0.1	0.279	0.000	0.000
434	  H	  4.9	  0.1	0.119	0.000	0.000
435	  F	  5.7	  0.1	0.000	0.000	0.000
436	  Q	  4.3	  0.1	0.000	0.000	0.000
437	  E	  1.2	  0.1	0.000	0.000	0.000
438	  K	  7.3	  0.1	0.000	0.000	0.000
439	  V	  8.5	  0.1	0.000	0.000	0.000
440	  E	  8.5	  0.1	0.000	0.000	0.000
441	  S	  2.5	  0.1	0.267	0.000	0.000
442	  L	  1.1	  0.1	1.090	0.000	0.000
443	  E	  1.1	  0.1	2.572	0.000	0.000
444	  Q	  0.1	  0.1	2.572	0.000	0.000
445	  E	  0.1	  0.1	2.857	0.000	0.000
446	  A	  0.1	  0.3	3.017	0.000	0.000
447	  A	  0.1	  0.3	3.017	0.000	0.000
448	  N	  0.1	  0.4	3.017	0.000	0.000
449	  E	  0.4	  0.4	1.886	0.000	0.000
450	  R	  0.8	  0.2	1.329	0.000	0.000
451	  Q	  1.1	  0.2	0.763	0.000	0.000
452	  Q	  1.6	  0.1	0.000	0.000	0.000
453	  L	  1.4	  0.1	0.000	0.000	0.000
454	  V	  1.7	  0.1	0.000	0.000	0.000
455	  E	  1.5	  0.1	0.000	0.000	0.000
456	  T	  2.2	  0.1	0.370	0.000	0.000
457	  H	  1.9	  0.1	0.760	0.000	0.000
458	  M	  1.3	  0.0	1.126	0.000	0.000
459	  A	  0.7	  0.0	2.414	0.000	0.000
460	  R	  2.4	  0.0	4.016	0.000	0.000
461	  V	  3.9	  0.0	4.222	0.000	0.000
462	  E	  3.7	  0.0	4.222	0.000	0.000
463	  A	  1.9	  0.0	4.222	0.000	0.000
464	  M	  0.8	  0.0	4.222	0.000	0.000
465	  L	  0.9	  0.1	4.222	0.000	0.000
466	  N	  0.6	  0.1	9.684	0.000	0.000
467	  D	  0.2	  0.2	12.398	0.000	0.000
468	  R	  0.4	  0.3	10.094	0.000	0.000
469	  R	  0.8	  0.2	9.614	0.000	0.000
470	  R	  0.9	  0.2	9.211	0.000	0.000
471	  L	  0.8	  0.1	9.103	0.000	0.000
472	  A	  0.5	  0.0	8.457	0.000	0.000
473	  L	  0.4	  0.5	7.785	0.000	0.000
474	  E	  0.2	  0.5	6.549	0.000	0.000
475	  N	  0.9	  0.5	6.864	0.000	0.000
476	  Y	  1.6	  0.5	4.679	2.085	2.085
477	  I	  5.6	  0.0	2.859	2.085	2.085
478	  T	  5.2	  0.0	3.030	2.085	2.085
479	  A	  4.7	  0.0	3.030	2.085	2.085
480	  L	  1.0	  0.0	3.030	2.085	2.085
481	  Q	  1.0	  0.0	2.194	0.000	0.000
482	  A	  0.8	  0.0	0.862	0.000	0.000
483	  V	  0.4	  0.0	0.446	0.000	0.000
484	  P	  0.0	  0.0	0.000	0.000	0.000
485	  P	  0.0	  0.0	0.000	0.000	0.000
486	  R	  0.0	  0.2	0.000	0.000	0.000
487	  P	  0.0	  0.2	0.000	0.000	0.000
488	  R	  0.8	  0.2	0.000	0.000	0.000
489	  H	  2.6	  0.2	0.000	0.000	0.000
490	  V	  6.5	  0.1	0.000	0.000	0.000
491	  F	  7.5	  0.0	0.115	0.000	0.000
492	  N	  5.8	  0.0	1.411	0.000	0.000
493	  M	  2.2	  0.0	1.411	0.000	0.000
494	  L	  0.4	  0.1	1.411	0.000	0.000
495	  K	  0.4	  0.1	1.411	0.000	0.000
496	  K	  0.7	  0.1	1.411	0.000	0.000
497	  Y	  2.3	  0.1	1.296	0.000	0.000
498	  V	  3.5	  0.0	0.409	0.000	0.000
499	  R	  3.0	  0.0	0.596	0.000	0.000
500	  A	  1.4	  0.1	0.347	0.000	0.000
501	  E	  0.4	  0.1	0.347	0.000	0.000
502	  Q	  0.4	  0.3	0.187	0.000	0.000
503	  K	  0.4	  0.3	0.187	0.000	0.000
504	  D	  0.2	  0.4	0.187	0.000	0.000
505	  R	  0.5	  0.4	0.187	0.000	0.000
506	  Q	  1.0	  0.2	0.187	0.000	0.000
507	  H	  2.1	  0.2	0.000	0.000	0.000
508	  T	  4.6	  0.1	0.000	0.000	0.000
509	  L	  4.4	  0.2	0.000	0.000	0.000
510	  K	  3.5	  0.2	0.000	0.000	0.000
511	  H	  4.0	  0.1	0.000	0.000	0.000
512	  F	  5.5	  0.3	0.000	0.000	0.000
513	  E	  5.4	  0.1	0.000	0.000	0.000
514	  H	  3.5	  0.1	0.000	0.000	0.000
515	  V	  5.2	  0.1	0.000	0.000	0.000
516	  R	  5.7	  0.0	0.000	0.000	0.000
517	  M	  5.3	  0.0	0.000	0.000	0.000
518	  V	  2.0	  0.0	0.000	0.000	0.000
519	  D	  1.4	  0.5	8.039	0.000	0.000
520	  P	  0.2	  0.6	8.173	0.000	0.000
521	  K	  0.1	  0.6	8.173	0.000	0.000
522	  K	  0.2	  0.6	8.173	0.000	0.000
523	  A	  0.3	  0.1	8.173	0.000	0.000
524	  A	  0.5	  0.0	8.173	0.000	0.000
525	  Q	  1.5	  0.0	7.090	0.000	0.000
526	  I	  2.8	  0.0	2.692	0.000	0.000
527	  R	  2.9	  0.1	2.692	0.000	0.000
528	  S	  1.9	  0.1	1.622	0.000	0.000
529	  Q	  1.0	  0.1	0.978	0.000	0.000
530	  V	  2.5	  0.0	0.158	0.000	0.000
531	  M	  3.8	  0.0	0.158	0.000	0.000
532	  T	  4.1	  0.0	0.000	0.000	0.000
533	  H	  3.1	  0.0	0.419	0.000	0.000
534	  L	  3.7	  0.0	0.419	0.000	0.000
535	  R	  5.8	  0.0	0.419	0.000	0.000
536	  V	  7.1	  0.0	0.419	0.000	0.000
537	  I	  5.9	  0.0	0.419	0.000	0.000
538	  Y	  5.0	  0.1	0.419	0.000	0.000
539	  E	  3.0	  0.1	0.419	0.000	0.000
540	  R	  4.8	  0.1	0.419	0.000	0.000
541	  M	  3.0	  0.1	0.419	0.000	0.000
542	  N	  3.0	  0.4	0.419	0.000	0.000
543	  Q	  0.6	  0.4	0.245	0.000	0.000
544	  S	  5.9	  0.7	0.537	0.654	0.654
545	  L	  7.4	  0.7	0.411	4.908	4.908
546	  S	  7.4	  0.4	0.411	4.908	4.908
547	  L	  2.5	  0.3	0.411	4.908	4.908
548	  L	  1.1	  0.0	0.411	4.908	4.908
549	  Y	  9.2	  0.0	0.411	4.761	4.761
550	  N	  8.9	  0.0	0.178	0.160	0.160
551	  V	  8.5	  0.0	0.000	0.000	0.000
552	  P	  0.2	  0.0	0.000	0.000	0.000
553	  A	  0.4	  0.0	0.000	0.000	0.000
554	  V	  1.1	  0.0	0.000	0.000	0.000
555	  A	  1.1	  0.1	0.000	0.000	0.000
556	  E	  0.8	  0.1	0.000	0.000	0.000
557	  E	  0.7	  0.1	0.000	0.000	0.000
558	  I	  0.8	  0.1	0.000	0.000	0.000
559	  Q	  0.8	  0.1	0.000	0.000	0.000
560	  D	  0.2	  0.1	1.985	0.000	0.000
561	  E	  5.0	  0.1	2.123	0.000	0.000
562	  V	  5.1	  0.0	2.281	0.000	0.000
563	  D	  5.1	  0.1	4.862	0.000	0.000
564	  E	  0.2	  0.1	5.284	0.000	0.000
565	  L	  0.2	  0.1	5.284	0.000	0.000
566	  L	  0.4	  0.1	5.284	0.000	0.000
567	  Q	  0.8	  0.1	5.284	0.000	0.000
568	  K	  0.7	  0.1	4.946	0.000	0.000
569	  E	  0.7	  0.2	2.967	0.000	0.000
570	  Q	  0.9	  0.2	2.192	0.000	0.000
571	  N	  1.9	  0.5	1.675	0.000	0.000
572	  Y	  2.0	  0.8	0.703	0.000	0.000
573	  S	  1.4	  1.7	0.149	0.000	0.000
574	  D	  0.3	  1.7	0.612	0.000	0.000
575	  D	  0.1	  1.3	1.244	0.000	0.000
576	  V	  1.3	  1.0	1.244	0.000	0.000
577	  L	  1.3	  0.2	1.244	0.000	0.000
578	  A	  1.3	  0.2	1.244	0.000	0.000
579	  N	  0.6	  0.2	1.244	0.000	0.000
580	  M	  1.1	  0.2	0.789	0.000	0.000
581	  I	  1.5	  0.0	0.252	0.000	0.000
582	  S	  1.1	  0.0	0.252	0.000	0.000
583	  E	  0.5	  0.0	0.130	0.000	0.000
584	  P	  0.0	  0.0	0.000	0.000	0.000
585	  R	  2.3	  0.0	0.000	0.000	0.000
586	  I	  6.5	  0.0	0.000	0.000	0.000
587	  S	  7.3	  0.0	0.000	0.000	0.000
588	  Y	  5.1	  3.0	0.000	0.000	0.000
589	  G	  0.8	  3.1	0.000	0.000	0.000
590	  N	  0.1	  3.1	0.000	0.000	0.000
591	  D	  0.0	  3.1	0.000	0.000	0.000
592	  A	  0.6	  0.1	0.000	0.000	0.000
593	  L	  0.7	  0.0	0.000	0.000	0.000
594	  M	  0.7	  0.4	0.000	0.000	0.000
595	  P	  0.1	  0.4	0.000	0.000	0.000
596	  S	  1.7	  0.4	0.000	0.000	0.000
597	  L	  1.8	  0.4	0.000	0.000	0.000
598	  T	  1.9	  0.1	0.000	0.000	0.000
599	  E	  0.6	  0.1	0.000	0.000	0.000
600	  T	  2.0	  0.2	0.000	0.000	0.000
601	  K	  2.7	  0.2	0.000	0.000	0.000
602	  T	  4.4	  0.1	0.298	0.000	0.000
603	  T	  9.7	  0.1	0.298	0.000	0.000
604	  V	 13.1	  0.0	0.298	0.000	0.000
605	  E	 11.1	  0.0	0.298	0.000	0.000
606	  L	  4.6	  0.0	0.298	0.000	0.000
607	  L	  0.2	  0.0	0.298	0.000	0.000
608	  P	  0.1	  0.2	0.000	0.000	0.000
609	  V	  0.3	  3.2	0.000	0.000	0.000
610	  N	  0.3	  3.2	0.000	0.000	0.000
611	  G	  0.4	  3.2	0.000	0.000	0.000
612	  E	  1.4	  3.1	0.000	0.000	0.000
613	  F	  4.6	  0.1	0.000	0.000	0.000
614	  S	  6.8	  1.0	0.957	0.000	0.000
615	  L	  5.6	  1.1	0.957	0.000	0.000
616	  D	  2.5	  1.2	0.957	0.000	0.000
617	  D	  0.3	  1.1	0.957	0.000	0.000
618	  L	  0.4	  0.2	0.957	0.000	0.000
619	  Q	  0.4	  0.1	0.957	0.000	0.000
620	  P	  0.1	  0.0	0.000	0.000	0.000
621	  W	  0.4	  0.0	0.000	0.000	0.000
622	  H	  0.7	  0.2	0.000	0.000	0.000
623	  S	  1.5	  0.5	0.000	0.000	0.000
624	  F	  1.4	  1.0	0.000	0.000	0.000
625	  G	  1.0	  1.4	0.000	0.000	0.000
626	  A	  0.2	  1.3	0.000	0.000	0.000
627	  D	  0.3	  1.0	0.000	0.000	0.000
628	  S	  0.5	  0.6	0.000	0.000	0.000
629	  V	  0.5	  0.1	0.000	0.000	0.000
630	  P	  0.2	  0.3	0.000	0.000	0.000
631	  A	  0.0	  0.3	0.000	0.000	0.000
632	  N	  0.3	  0.4	0.000	0.000	0.000
633	  T	  0.3	  0.6	0.000	0.000	0.000
634	  E	  0.3	  0.3	0.000	0.000	0.000
635	  N	  0.1	  0.3	0.000	0.000	0.000
636	  E	  5.5	  0.3	0.000	0.000	0.000
637	  V	  6.3	  0.0	0.000	0.000	0.000
638	  E	  6.3	  0.0	0.000	0.000	0.000
639	  P	  0.8	  0.0	0.000	0.000	0.000
640	  V	  0.6	  0.0	0.000	0.000	0.000
641	  D	  0.7	  0.0	0.000	0.000	0.000
642	  A	  0.8	  0.0	0.000	0.000	0.000
643	  R	  0.2	  0.0	0.000	0.000	0.000
644	  P	  0.0	  0.0	0.000	0.000	0.000
645	  A	  0.0	  0.4	0.000	0.000	0.000
646	  A	  0.0	  0.5	0.000	0.000	0.000
647	  D	  0.0	  0.6	0.000	0.000	0.000
648	  R	  0.1	  0.6	0.000	0.000	0.000
649	  G	  0.1	  0.3	0.000	0.000	0.000
650	  L	  0.5	  0.2	0.000	0.000	0.000
651	  T	  2.9	  0.0	0.000	0.000	0.000
652	  T	  2.9	  0.0	0.000	0.000	0.000
653	  R	  2.6	  1.8	0.000	0.000	0.000
654	  P	  0.1	  2.4	0.000	0.000	0.000
655	  G	  0.0	  2.6	0.000	0.000	0.000
656	  S	  0.0	  2.8	0.000	0.000	0.000
657	  G	  0.1	  1.0	0.000	0.000	0.000
658	  L	  0.4	  0.4	0.000	0.000	0.000
659	  T	  0.8	  0.2	0.000	0.000	0.000
660	  N	  2.7	  0.0	0.193	0.000	0.000
661	  I	  4.0	  0.1	0.193	0.000	0.000
662	  K	  4.0	  0.0	0.193	0.000	0.000
663	  T	  2.0	  0.1	0.193	0.000	0.000
664	  E	  0.4	  0.1	0.193	0.000	0.000
665	  E	  1.2	  0.1	0.193	0.000	0.000
666	  I	  1.3	  0.1	0.000	0.000	0.000
667	  S	  1.3	  0.0	0.000	0.000	0.000
668	  E	 14.2	  0.0	0.000	0.000	0.000
669	  V	 20.8	  0.0	0.000	0.000	0.000
670	  K	 21.4	  0.2	0.000	0.000	0.000
671	  M	  8.5	  0.2	0.000	0.000	0.000
672	  D	  1.0	  0.2	0.000	0.000	0.000
673	  A	  0.3	  0.2	0.000	0.000	0.000
674	  E	  0.8	  0.0	0.000	0.000	0.000
675	  F	  2.6	  0.1	0.000	0.000	0.000
676	  R	  3.5	  0.2	0.000	0.000	0.000
677	  H	  2.9	  0.6	0.000	0.000	0.000
678	  D	  1.2	  0.8	0.000	0.000	0.000
679	  S	  0.1	  0.8	0.000	0.000	0.000
680	  G	  0.1	  0.7	0.115	0.000	0.000
681	  Y	  9.1	  0.2	0.115	0.000	0.000
682	  E	 19.8	  0.0	0.115	0.000	0.000
683	  V	 22.1	  0.0	0.115	0.000	0.000
684	  H	 15.1	  0.0	0.115	0.000	0.000
685	  H	  3.5	  0.1	0.115	0.000	0.000
686	  Q	  1.1	  0.1	0.115	0.000	0.000
687	  K	  1.1	  0.1	0.000	0.096	0.096
688	  L	  2.2	  0.1	0.000	83.681	83.681
689	  V	  4.1	  0.0	0.000	83.681	83.681
690	  F	  5.2	  0.0	0.000	83.681	83.681
691	  F	  4.2	  0.0	0.000	83.681	83.681
692	  A	  2.1	  0.3	0.000	83.681	83.681
693	  E	  0.4	  0.3	0.000	0.096	0.096
694	  D	  0.1	  0.8	0.000	0.000	0.000
695	  V	  0.2	  1.8	0.000	0.000	0.000
696	  G	  0.2	  1.9	0.000	0.000	0.000
697	  S	  0.2	  1.9	0.000	0.000	0.000
698	  N	  0.0	  2.3	0.160	0.000	0.000
699	  K	  0.0	  1.3	0.160	0.000	0.000
700	  G	  0.0	  1.0	0.160	0.010	0.010
701	  A	  0.8	  0.9	0.160	1.213	1.213
702	  I	  2.9	  0.0	0.160	7.212	7.212
703	  I	  3.1	  0.1	0.160	8.813	8.813
704	  G	  2.4	  0.1	0.160	10.093	10.093
705	  L	  1.3	  0.1	0.000	29.558	29.558
706	  M	  1.2	  0.1	0.000	35.041	35.041
707	  V	  1.3	  1.7	0.000	39.846	39.846
708	  G	  0.3	  1.7	0.000	40.254	40.254
709	  G	  0.1	  1.7	0.000	44.791	44.791
710	  V	  7.1	  1.7	0.000	95.208	95.208
711	  V	 10.4	  0.0	0.000	99.492	99.492
712	  I	 11.2	  0.0	0.080	99.856	99.856
713	  A	  4.8	  0.0	0.237	99.888	99.888
714	  T	  3.8	  0.0	1.503	99.927	99.927
715	  V	 14.2	  0.0	1.759	99.992	99.992
716	  I	 19.3	  0.0	2.458	99.993	99.993
717	  V	 19.9	  0.0	3.201	99.946	99.946
718	  I	 16.5	  0.0	3.322	99.379	99.379
719	  T	 11.3	  0.0	6.012	93.290	93.290
720	  L	 10.0	  0.0	6.134	90.318	90.318
721	  V	  6.2	  0.0	6.265	85.582	85.582
722	  M	  5.4	  0.0	6.265	42.229	42.229
723	  L	  3.9	  0.0	6.194	24.632	24.632
724	  K	  0.4	  0.1	6.194	0.000	0.000
725	  K	  0.2	  0.1	4.295	0.000	0.000
726	  K	  0.3	  0.1	1.134	0.000	0.000
727	  Q	  3.4	  0.1	0.345	0.000	0.000
728	  Y	  6.4	  0.1	0.106	0.000	0.000
729	  T	  6.5	  0.1	0.000	0.000	0.000
730	  S	  4.1	  0.1	0.000	0.000	0.000
731	  I	  1.6	  0.1	0.000	0.000	0.000
732	  H	  1.4	  0.6	0.000	0.000	0.000
733	  H	  0.8	  0.6	0.000	0.000	0.000
734	  G	  0.3	  0.6	0.000	0.000	0.000
735	  V	  3.7	  0.6	0.000	0.000	0.000
736	  V	 22.9	  0.0	0.000	0.000	0.000
737	  E	 26.8	  0.0	0.000	0.000	0.000
738	  V	 24.0	  0.0	0.000	0.000	0.000
739	  D	  6.3	  0.0	0.000	0.000	0.000
740	  A	  0.6	  0.0	0.000	0.000	0.000
741	  A	  0.8	  0.0	0.000	0.000	0.000
742	  V	  1.4	  0.0	0.000	0.000	0.000
743	  T	  1.3	  0.2	4.568	0.000	0.000
744	  P	  0.6	  0.3	4.568	0.000	0.000
745	  E	  0.0	  0.3	4.568	0.000	0.000
746	  E	  1.2	  0.3	4.568	0.000	0.000
747	  R	  1.7	  0.1	4.568	0.000	0.000
748	  H	  2.4	  0.1	4.568	0.000	0.000
749	  L	  1.5	  0.1	3.459	0.000	0.000
750	  S	  1.2	  0.0	2.804	0.000	0.000
751	  K	  1.1	  0.0	1.947	0.000	0.000
752	  M	  1.0	  0.1	0.790	0.000	0.000
753	  Q	  1.0	  0.5	0.424	0.000	0.000
754	  Q	  0.3	  2.0	0.142	0.000	0.000
755	  N	  0.2	  2.1	0.142	0.000	0.000
756	  G	  0.1	  2.0	0.000	0.000	0.000
757	  Y	  1.4	  1.6	0.000	0.000	0.000
758	  E	  1.4	  0.0	0.000	0.000	0.000
759	  N	  1.3	  0.3	0.151	0.000	0.000
760	  P	  0.0	  0.3	0.151	0.000	0.000
761	  T	 13.8	  0.3	0.151	0.000	0.000
762	  Y	 15.1	  0.3	0.151	0.000	0.000
763	  K	 15.3	  0.0	0.151	0.000	0.000
764	  F	  4.0	  0.0	0.151	0.000	0.000
765	  F	  3.3	  0.1	0.000	0.000	0.000
766	  E	  3.0	  0.1	0.000	0.000	0.000
767	  Q	  2.2	  0.1	0.000	0.000	0.000
768	  M	  1.6	  0.1	0.000	0.000	0.000
769	  Q	  1.5	  0.0	0.000	0.000	0.000
770	  N	  0.3	  0.0	0.000	0.000	0.000
