res	aa	Beta	Turn	Helix	Aggregation	Conc-Stab_Aggregation
01	  M	  1.0	  0.0	0.000	0.000	0.000
02	  T	  1.4	  0.0	0.554	0.674	0.674
03	  A	  2.1	  0.0	0.554	1.037	1.037
04	  I	  3.0	  0.0	0.554	2.128	2.128
05	  I	  3.4	  0.0	0.554	2.128	2.128
06	  K	  3.0	  0.0	0.554	2.128	2.128
07	  E	  1.5	  0.0	0.554	2.128	2.128
08	  I	  3.8	  0.0	0.431	2.128	2.128
09	  V	  4.3	  0.0	0.431	1.795	1.795
10	  S	  4.3	  1.2	0.633	0.000	0.000
11	  R	  1.2	  1.3	0.493	0.000	0.000
12	  N	  0.5	  1.4	0.362	0.000	0.000
13	  K	  0.4	  1.4	0.203	0.000	0.000
14	  R	  1.3	  0.2	0.203	0.000	0.000
15	  R	  2.5	  0.1	0.203	0.000	0.000
16	  Y	  3.3	  0.1	0.000	0.000	0.000
17	  Q	  2.5	  0.8	0.000	0.000	0.000
18	  E	  1.2	  0.9	0.000	0.000	0.000
19	  D	  0.0	  0.9	0.000	0.000	0.000
20	  G	  0.1	  0.9	0.000	0.000	0.000
21	  F	  1.3	  0.2	0.000	0.000	0.000
22	  D	  1.4	  0.7	0.134	0.000	0.000
23	  L	  2.3	  0.7	0.134	0.000	0.000
24	  D	  1.3	  0.7	0.612	0.000	0.000
25	  L	  5.1	  0.7	0.612	0.000	0.000
26	  T	  6.5	  0.0	0.612	0.000	0.000
27	  Y	  7.3	  0.0	0.612	0.000	0.000
28	  I	  3.5	  0.0	0.612	0.000	0.000
29	  Y	  1.2	  1.2	0.612	0.000	0.000
30	  P	  0.1	  1.2	0.000	0.000	0.000
31	  N	  2.7	  1.2	0.190	0.282	0.282
32	  I	  5.9	  1.2	0.190	0.944	0.944
33	  I	  8.7	  0.0	0.190	0.944	0.944
34	  A	  6.1	  0.1	0.190	0.944	0.944
35	  M	  3.3	  0.1	0.190	0.944	0.944
36	  G	  0.4	  0.1	0.190	0.662	0.662
37	  F	  0.3	  0.1	0.000	0.000	0.000
38	  P	  0.0	  0.0	0.145	0.000	0.000
39	  A	  0.1	  0.1	0.145	0.000	0.000
40	  E	  0.1	  0.1	0.145	0.000	0.000
41	  R	  0.5	  0.1	0.145	0.000	0.000
42	  L	  0.5	  0.4	0.145	0.000	0.000
43	  E	  0.4	  0.3	0.145	0.000	0.000
44	  G	  0.1	  0.3	0.000	0.000	0.000
45	  V	  2.5	  0.3	0.000	0.000	0.000
46	  Y	  3.4	  0.2	0.000	0.000	0.000
47	  R	  3.5	  0.2	0.000	0.000	0.000
48	  N	  1.2	  0.2	0.000	0.000	0.000
49	  N	  1.6	  0.8	0.118	0.000	0.000
50	  I	  1.6	  0.7	0.118	0.000	0.000
51	  D	  1.4	  0.6	1.319	0.000	0.000
52	  D	  1.2	  0.6	2.756	0.000	0.000
53	  V	  3.9	  0.1	2.756	0.301	0.301
54	  V	  6.0	  0.0	2.756	0.301	0.301
55	  R	  5.5	  0.0	2.756	0.301	0.301
56	  F	  3.7	  0.1	2.756	0.301	0.301
57	  L	  1.8	  0.2	2.301	0.301	0.301
58	  D	  1.3	  0.3	2.151	0.301	0.301
59	  S	  0.6	  0.4	1.772	0.000	0.000
60	  K	  0.6	  0.3	1.310	0.000	0.000
61	  H	  0.7	  0.8	0.610	0.000	0.000
62	  K	  0.6	  0.6	0.443	0.000	0.000
63	  N	  0.9	  0.5	0.443	0.000	0.000
64	  H	  2.7	  0.5	0.263	0.000	0.000
65	  Y	  4.6	  0.0	0.000	0.000	0.000
66	  K	  4.4	  0.0	0.000	0.000	0.000
67	  I	  2.8	  0.0	0.000	0.273	0.273
68	  Y	  2.5	  0.0	0.000	0.273	0.273
69	  N	  2.3	  0.0	0.287	0.273	0.273
70	  L	  2.4	  0.0	0.287	0.273	0.273
71	  C	  1.0	  0.2	0.287	0.273	0.273
72	  A	  0.8	  0.2	0.287	0.000	0.000
73	  E	  1.6	  0.2	0.287	0.000	0.000
74	  R	  3.0	  0.2	0.287	0.000	0.000
75	  H	  5.5	  0.2	0.000	0.000	0.000
76	  Y	  4.9	  0.2	0.000	0.000	0.000
77	  D	  3.2	  0.2	0.327	0.000	0.000
78	  T	  1.8	  0.2	0.327	0.000	0.000
79	  A	  1.4	  0.1	0.327	0.000	0.000
80	  K	  2.1	  0.0	0.327	0.000	0.000
81	  F	  8.6	  0.0	0.327	0.000	0.000
82	  N	  9.7	  0.0	1.017	0.000	0.000
83	  C	 11.1	  0.0	1.228	0.000	0.000
84	  R	  4.7	  0.0	1.125	0.000	0.000
85	  V	  4.6	  0.0	1.125	0.000	0.000
86	  A	  2.8	  0.0	1.125	0.000	0.000
87	  Q	  2.1	  0.0	1.125	0.000	0.000
88	  Y	  0.8	  0.0	0.992	0.000	0.000
89	  P	  0.2	  0.0	0.000	0.000	0.000
90	  F	  0.8	  0.4	0.000	0.000	0.000
91	  E	  0.9	  0.4	0.000	0.000	0.000
92	  D	  1.0	  0.4	0.000	0.000	0.000
93	  H	  0.2	  0.4	0.000	0.000	0.000
94	  N	  0.1	  0.0	0.000	0.000	0.000
95	  P	  0.0	  0.3	0.000	0.000	0.000
96	  P	  0.0	  0.3	0.000	0.000	0.000
97	  Q	  1.5	  0.3	0.000	0.000	0.000
98	  L	  2.2	  0.3	0.000	0.000	0.000
99	  E	  2.2	  0.1	0.000	0.000	0.000
100	  L	  1.5	  0.0	0.000	0.000	0.000
101	  I	  1.2	  0.0	0.000	0.000	0.000
102	  K	  1.2	  0.1	0.000	0.000	0.000
103	  P	  0.4	  0.1	0.000	0.000	0.000
104	  F	  3.4	  0.1	0.000	0.000	0.000
105	  C	  4.0	  0.7	0.000	0.000	0.000
106	  E	  4.0	  0.6	0.000	0.000	0.000
107	  D	  0.7	  1.9	0.000	0.000	0.000
108	  L	  0.3	  1.9	0.000	0.000	0.000
109	  D	  0.8	  1.3	0.000	0.000	0.000
110	  Q	  1.4	  1.2	0.000	0.000	0.000
111	  W	  1.9	  0.0	0.000	0.000	0.000
112	  L	  1.4	  0.1	0.000	0.000	0.000
113	  S	  0.7	  2.7	0.000	0.000	0.000
114	  E	  0.1	  2.8	0.000	0.000	0.000
115	  D	  0.1	  4.8	0.000	0.000	0.000
116	  D	  0.0	  4.8	0.000	0.000	0.000
117	  N	  0.2	  2.1	0.132	0.000	0.000
118	  H	  1.7	  2.0	0.132	0.000	0.000
119	  V	  3.0	  0.0	0.132	0.000	0.000
120	  A	  3.0	  0.0	0.132	0.000	0.000
121	  A	  1.9	  0.0	0.132	0.000	0.000
122	  I	  2.7	  0.0	0.132	0.000	0.000
123	  H	  3.1	  0.0	0.132	0.000	0.000
124	  C	  3.7	  0.2	0.000	0.000	0.000
125	  K	  1.7	  0.6	0.000	0.000	0.000
126	  A	  1.1	  0.8	0.000	0.000	0.000
127	  G	  0.1	  1.6	0.000	0.000	0.000
128	  K	  0.0	  1.7	0.000	0.000	0.000
129	  G	  0.0	  1.5	0.000	0.000	0.000
130	  R	  0.1	  1.3	0.000	0.000	0.000
131	  T	  0.1	  0.6	0.000	0.951	0.951
132	  G	  0.1	  0.3	0.000	2.472	2.472
133	  V	  3.5	  0.1	0.000	49.616	49.616
134	  M	  4.7	  0.0	0.000	53.569	53.569
135	  I	  5.3	  0.0	0.000	56.867	56.867
136	  C	  2.3	  0.0	1.386	56.945	56.945
137	  A	  1.4	  0.0	1.386	56.945	56.945
138	  Y	  1.5	  0.0	1.386	56.283	56.283
139	  L	  1.6	  0.0	1.386	53.730	53.730
140	  L	  1.4	  0.0	1.386	38.652	38.652
141	  H	  0.8	  0.6	1.386	8.460	8.460
142	  R	  0.3	  0.6	1.092	0.000	0.000
143	  G	  0.3	  0.6	0.664	0.000	0.000
144	  K	  0.3	  0.6	0.169	0.000	0.000
145	  F	  1.1	  0.0	0.000	0.000	0.000
146	  L	  1.4	  0.0	0.000	0.000	0.000
147	  K	  1.3	  0.0	0.478	0.000	0.000
148	  A	  0.5	  0.1	0.478	0.000	0.000
149	  Q	  0.2	  0.1	0.478	0.000	0.000
150	  E	  0.1	  0.1	0.478	0.000	0.000
151	  A	  0.2	  0.2	0.478	0.000	0.000
152	  L	  1.5	  0.2	0.478	0.000	0.000
153	  D	  2.5	  0.1	0.478	0.000	0.000
154	  F	  3.3	  0.1	0.245	0.000	0.000
155	  Y	  2.2	  0.2	0.000	0.000	0.000
156	  G	  1.1	  0.2	0.000	0.000	0.000
157	  E	  1.9	  0.2	0.000	0.000	0.000
158	  V	  2.5	  0.2	0.000	0.000	0.000
159	  R	  2.7	  0.0	0.000	0.000	0.000
160	  T	  1.2	  0.3	0.000	0.000	0.000
161	  R	  0.5	  0.3	0.000	0.000	0.000
162	  D	  0.3	  0.7	0.000	0.000	0.000
163	  K	  0.0	  1.3	0.000	0.000	0.000
164	  K	  0.0	  1.1	0.000	0.000	0.000
165	  G	  0.1	  1.1	0.000	0.000	0.000
166	  V	 16.2	  0.7	0.000	0.000	0.000
167	  T	 16.7	  0.0	0.000	0.000	0.000
168	  I	 16.7	  0.2	0.000	0.000	0.000
169	  P	  0.6	  0.2	0.000	0.000	0.000
170	  S	  0.6	  0.3	0.000	0.000	0.000
171	  Q	  0.9	  0.3	0.000	0.000	0.000
172	  R	  1.8	  0.2	0.000	0.000	0.000
173	  R	  2.0	  0.1	0.000	0.000	0.000
174	  Y	  3.4	  0.0	0.000	33.571	33.571
175	  V	  4.4	  0.0	0.000	57.084	57.084
176	  Y	  4.8	  0.0	0.000	62.436	62.436
177	  Y	  5.3	  0.0	0.000	63.893	63.893
178	  Y	  9.5	  0.0	0.000	64.261	64.261
179	  S	  8.7	  0.0	3.376	59.383	59.383
180	  Y	  7.3	  0.0	3.376	58.282	58.282
181	  L	  1.4	  0.0	3.376	54.223	54.223
182	  L	  1.1	  0.2	3.376	45.887	45.887
183	  K	  0.4	  0.2	3.376	0.000	0.000
184	  N	  0.2	  0.2	3.376	0.000	0.000
185	  H	  0.8	  0.5	0.693	0.000	0.000
186	  L	  2.0	  0.3	0.322	0.000	0.000
187	  D	  4.3	  0.3	0.322	0.000	0.000
188	  Y	  4.0	  0.3	0.200	0.000	0.000
189	  R	  2.8	  0.0	0.143	0.000	0.000
190	  P	  0.4	  0.0	0.312	0.299	0.299
191	  V	  3.5	  0.0	0.312	24.432	24.432
192	  A	  3.8	  0.0	0.312	24.432	24.432
193	  L	  4.3	  0.0	0.312	24.432	24.432
194	  L	  1.4	  0.0	0.312	24.432	24.432
195	  F	  2.4	  0.0	0.312	24.432	24.432
196	  H	  2.5	  0.0	0.000	0.177	0.177
197	  K	  2.3	  0.0	0.000	0.000	0.000
198	  M	  1.8	  0.0	0.000	0.000	0.000
199	  M	  1.3	  0.0	0.000	0.000	0.000
200	  F	  1.4	  0.2	0.000	0.000	0.000
201	  E	  0.7	  0.2	0.000	0.000	0.000
202	  T	  1.1	  0.2	0.000	0.000	0.000
203	  I	  0.7	  0.2	0.000	0.000	0.000
204	  P	  0.6	  0.0	0.000	0.000	0.000
205	  M	  0.8	  0.0	0.000	0.000	0.000
206	  F	  2.2	  0.2	0.000	0.000	0.000
207	  S	  2.2	  0.6	0.000	0.000	0.000
208	  G	  1.4	  0.6	0.000	0.000	0.000
209	  G	  0.1	  0.7	0.000	0.000	0.000
210	  T	  4.1	  0.5	0.000	0.000	0.000
211	  C	  4.2	  0.1	0.000	0.000	0.000
212	  N	  4.2	  0.3	0.000	0.000	0.000
213	  P	  0.1	  0.2	0.000	0.000	0.000
214	  Q	  1.5	  0.2	0.000	0.824	0.824
215	  F	  3.7	  0.2	0.000	2.766	2.766
216	  V	  6.2	  0.0	0.115	2.900	2.900
217	  V	  5.6	  0.0	0.115	2.900	2.900
218	  C	  4.5	  0.1	0.397	2.900	2.900
219	  Q	  2.9	  0.1	0.397	2.076	2.076
220	  L	  3.7	  0.1	0.397	1.776	1.776
221	  K	  6.4	  0.1	0.397	0.000	0.000
222	  V	 12.4	  0.0	0.282	0.000	0.000
223	  K	 11.2	  0.0	0.282	0.000	0.000
224	  I	  8.3	  0.0	0.125	0.000	0.000
225	  Y	  2.8	  0.1	0.125	0.000	0.000
226	  S	  2.5	  1.6	0.000	0.000	0.000
227	  S	  1.6	  2.2	0.000	0.000	0.000
228	  N	  0.2	  2.2	0.000	0.000	0.000
229	  S	  0.1	  2.4	0.000	0.000	0.000
230	  G	  0.0	  1.3	0.000	0.000	0.000
231	  P	  0.0	  0.7	0.000	0.000	0.000
232	  T	  0.9	  0.7	0.000	0.000	0.000
233	  R	  1.0	  0.5	0.000	0.000	0.000
234	  R	  1.1	  0.7	0.000	0.000	0.000
235	  E	  0.3	  0.7	0.000	0.000	0.000
236	  D	  0.2	  0.7	0.000	0.000	0.000
237	  K	  0.4	  0.6	0.000	0.000	0.000
238	  F	  1.1	  0.0	0.000	0.000	0.000
239	  M	  1.8	  0.0	0.000	0.000	0.000
240	  Y	  3.9	  0.0	0.000	0.000	0.000
241	  F	  9.8	  0.0	0.000	0.000	0.000
242	  E	  9.1	  0.0	0.000	0.000	0.000
243	  F	  6.8	  0.0	0.000	0.000	0.000
244	  P	  0.1	  0.0	0.000	0.000	0.000
245	  Q	  0.0	  0.0	0.000	0.000	0.000
246	  P	  0.0	  0.0	0.000	0.000	0.000
247	  L	  0.0	  0.0	0.000	0.000	0.000
248	  P	  0.0	  0.0	0.000	0.000	0.000
249	  V	  0.4	  0.0	0.000	0.000	0.000
250	  C	  0.4	  0.3	0.000	0.000	0.000
251	  G	  0.4	  0.3	0.000	0.000	0.000
252	  D	  1.0	  0.3	0.000	0.000	0.000
253	  I	  8.9	  0.3	0.000	7.897	7.897
254	  K	 15.5	  0.0	0.000	8.620	8.620
255	  V	 17.7	  0.0	0.000	8.620	8.620
256	  E	 11.0	  0.0	0.000	8.620	8.620
257	  F	  4.8	  0.0	0.000	8.620	8.620
258	  F	  2.7	  0.0	0.000	8.620	8.620
259	  H	  2.6	  0.2	0.000	0.000	0.000
260	  K	  1.6	  0.3	0.000	0.000	0.000
261	  Q	  0.5	  0.3	0.000	0.000	0.000
262	  N	  0.2	  0.3	0.262	0.000	0.000
263	  K	  0.4	  0.2	0.262	0.000	0.000
264	  M	  0.6	  0.0	0.262	0.000	0.000
265	  L	  0.7	  0.1	0.262	0.000	0.000
266	  K	  0.4	  0.5	0.262	0.000	0.000
267	  K	  0.2	  0.5	0.262	0.000	0.000
268	  D	  0.1	  0.5	0.000	0.000	0.000
269	  K	  0.4	  0.5	0.000	0.000	0.000
270	  M	  0.9	  0.0	0.000	17.908	17.908
271	  F	  4.2	  0.0	0.000	19.951	19.951
272	  H	  5.7	  0.0	0.000	20.255	20.255
273	  F	  6.0	  0.0	0.000	65.197	65.197
274	  W	  3.6	  0.0	0.000	68.842	68.842
275	  V	  3.0	  0.0	0.000	69.480	69.480
276	  N	  5.1	  0.0	0.000	65.771	65.771
277	  T	 10.8	  0.0	0.000	65.750	65.750
278	  F	 11.5	  0.0	0.000	65.429	65.429
279	  F	  8.6	  0.0	0.000	61.137	61.137
280	  I	  2.1	  0.0	0.000	7.400	7.400
281	  P	  0.2	  0.0	0.000	3.387	3.387
282	  G	  0.0	  0.3	0.000	0.000	0.000
283	  P	  0.0	  0.3	0.000	0.000	0.000
284	  E	  0.0	  0.4	0.000	0.000	0.000
285	  E	  0.1	  0.4	0.000	0.000	0.000
286	  T	  0.3	  0.2	0.396	0.000	0.000
287	  S	  0.3	  0.2	0.774	0.000	0.000
288	  E	  0.3	  0.2	0.774	0.000	0.000
289	  K	  7.5	  0.1	0.774	0.000	0.000
290	  V	  8.5	  0.5	0.774	0.000	0.000
291	  E	  8.4	  1.2	0.774	0.000	0.000
292	  N	  1.1	  1.4	0.774	0.000	0.000
293	  G	  0.0	  1.5	0.422	0.000	0.000
294	  S	  0.7	  1.1	0.000	0.000	0.000
295	  L	  0.9	  0.3	0.000	0.000	0.000
296	  C	  1.7	  0.2	0.000	0.000	0.000
297	  D	  1.2	  0.1	0.000	0.000	0.000
298	  Q	  1.0	  0.1	0.000	0.000	0.000
299	  E	  3.4	  0.2	0.000	0.000	0.000
300	  I	  4.1	  0.1	0.000	0.000	0.000
301	  D	  4.1	  0.1	0.000	0.000	0.000
302	  S	  1.5	  0.1	0.000	0.000	0.000
303	  I	  1.3	  0.0	0.000	0.000	0.000
304	  C	  2.4	  0.0	0.000	0.000	0.000
305	  S	  3.7	  0.0	0.000	0.000	0.000
306	  I	  4.6	  0.0	0.000	0.000	0.000
307	  E	  3.4	  0.1	0.000	0.000	0.000
308	  R	  1.9	  0.8	0.000	0.000	0.000
309	  A	  0.3	  1.0	0.000	0.000	0.000
310	  D	  0.2	  1.9	0.000	0.000	0.000
311	  N	  0.0	  2.0	0.000	0.000	0.000
312	  D	  0.1	  1.3	0.447	0.000	0.000
313	  K	  0.2	  1.1	0.447	0.289	0.289
314	  E	  0.3	  0.2	0.447	0.328	0.328
315	  Y	  1.3	  0.1	0.447	55.472	55.472
316	  L	  3.1	  0.0	0.447	88.818	88.818
317	  V	  4.6	  0.0	0.447	89.132	89.132
318	  L	  5.8	  0.0	0.447	89.132	89.132
319	  T	  6.5	  0.0	0.293	89.132	89.132
320	  L	  5.4	  0.0	0.293	75.941	75.941
321	  T	  3.7	  0.3	2.681	28.565	28.565
322	  K	  1.0	  0.4	2.681	0.079	0.079
323	  N	  0.5	  0.5	3.066	0.040	0.040
324	  D	  0.2	  1.9	4.082	0.040	0.040
325	  L	  0.2	  1.6	4.082	0.040	0.040
326	  D	  0.2	  1.6	7.049	0.000	0.000
327	  K	  0.2	  1.8	6.661	0.000	0.000
328	  A	  0.1	  0.4	6.135	0.000	0.000
329	  N	  0.1	  2.8	6.072	0.000	0.000
330	  K	  0.1	  2.7	5.165	0.000	0.000
331	  D	  0.1	  2.6	4.564	0.000	0.000
332	  K	  0.1	  2.8	3.844	0.000	0.000
333	  A	  0.1	  0.4	3.067	0.000	0.000
334	  N	  0.2	  0.3	2.820	0.000	0.000
335	  R	  1.3	  0.2	1.533	0.000	0.000
336	  Y	  5.2	  0.0	1.267	0.000	0.000
337	  F	  5.5	  0.0	0.208	0.000	0.000
338	  S	  4.3	  5.0	0.094	0.000	0.000
339	  P	  0.4	  5.0	0.094	0.000	0.000
340	  N	  0.7	  5.0	0.712	0.000	0.000
341	  F	  3.0	  5.0	0.712	0.000	0.000
342	  K	  6.9	  0.0	0.712	0.000	0.000
343	  V	 12.4	  0.0	0.712	0.000	0.000
344	  K	 10.4	  0.0	0.712	0.000	0.000
345	  L	  7.1	  0.0	0.712	0.422	0.422
346	  Y	  1.8	  0.0	0.712	0.422	0.422
347	  F	  5.2	  0.0	0.288	0.422	0.422
348	  T	  6.1	  0.1	0.000	0.422	0.422
349	  K	  5.9	  0.1	0.000	0.422	0.422
350	  T	  8.9	  0.1	0.000	0.422	0.422
351	  V	  8.8	  0.1	0.000	0.422	0.422
352	  E	  8.0	  0.0	0.000	0.422	0.422
353	  E	  1.4	  0.3	0.000	0.000	0.000
354	  P	  0.0	  0.3	0.000	0.000	0.000
355	  S	  0.0	  0.3	0.000	0.000	0.000
356	  N	  0.0	  0.8	0.135	0.000	0.000
357	  P	  0.0	  0.5	0.135	0.000	0.000
358	  E	  0.2	  0.5	0.135	0.000	0.000
359	  A	  0.3	  0.6	0.135	0.000	0.000
360	  S	  1.2	  0.7	0.135	0.000	0.000
361	  S	  1.3	  0.8	0.135	0.000	0.000
362	  S	  3.2	  1.0	0.000	0.000	0.000
363	  T	  3.2	  0.9	0.000	0.000	0.000
364	  S	  8.9	  0.3	0.000	0.000	0.000
365	  V	  7.5	  0.2	0.000	0.000	0.000
366	  T	  6.6	  0.8	0.000	0.000	0.000
367	  P	  0.6	  0.8	0.000	0.000	0.000
368	  D	  0.8	  1.2	0.000	0.000	0.000
369	  V	  1.0	  1.3	0.000	0.000	0.000
370	  S	  1.0	  1.5	0.000	0.000	0.000
371	  D	  0.3	  1.5	0.000	0.000	0.000
372	  N	  0.0	  1.1	0.000	0.000	0.000
373	  E	  0.0	  1.5	0.000	0.000	0.000
374	  P	  0.0	  0.6	0.000	0.000	0.000
375	  D	  0.3	  0.6	0.000	0.000	0.000
376	  H	  3.5	  0.6	0.000	0.000	0.000
377	  Y	  6.3	  0.1	0.000	0.000	0.000
378	  R	  7.0	  0.0	0.000	0.000	0.000
379	  Y	  4.2	  0.2	0.000	0.000	0.000
380	  S	  1.4	  0.2	0.000	0.000	0.000
381	  D	  0.5	  0.3	0.000	0.000	0.000
382	  T	  0.7	  0.4	0.000	0.000	0.000
383	  T	  1.3	  0.3	0.000	0.000	0.000
384	  D	  1.1	  0.3	0.000	0.000	0.000
385	  S	  0.6	  0.2	0.000	0.000	0.000
386	  D	  0.0	  0.9	0.000	0.000	0.000
387	  P	  0.0	  1.1	0.000	0.000	0.000
388	  E	  0.0	  1.1	0.000	0.000	0.000
389	  N	  0.0	  1.1	0.000	0.000	0.000
390	  E	  0.0	  0.3	0.000	0.000	0.000
391	  P	  0.0	  0.0	0.000	0.000	0.000
392	  F	  0.2	  0.1	0.000	0.000	0.000
393	  D	  0.2	  3.4	0.000	0.000	0.000
394	  E	  0.3	  3.5	0.000	0.000	0.000
395	  D	  0.1	  3.6	0.000	0.000	0.000
396	  Q	  0.5	  3.5	0.000	0.000	0.000
397	  H	  1.4	  0.2	0.000	0.000	0.000
398	  T	  2.1	  0.1	0.000	0.000	0.000
399	  Q	  3.6	  0.0	0.000	0.000	0.000
400	  I	  5.3	  0.0	0.000	0.000	0.000
401	  T	  5.7	  0.0	0.000	0.000	0.000
402	  K	  3.7	  0.0	0.000	0.000	0.000
403	  V	  1.2	  0.0	0.000	0.000	0.000
