res	aa	Beta	Turn	Helix	Aggregation	Conc-Stab_Aggregation
01	  M	  0.1	  0.0	0.000	0.000	0.000
02	  K	  0.3	  0.1	0.000	0.000	0.000
03	  R	  1.0	  0.1	0.000	0.019	0.019
04	  L	  5.6	  0.1	0.000	39.796	39.796
05	  T	  9.7	  0.0	0.000	59.731	59.731
06	  C	 10.1	  0.0	0.000	66.241	66.241
07	  F	  6.4	  0.0	0.000	97.073	97.073
08	  F	  3.4	  0.0	0.000	99.526	99.526
09	  I	  3.7	  0.0	0.000	99.672	99.672
10	  C	  3.7	  0.0	0.000	99.623	99.623
11	  F	  3.4	  0.0	0.000	99.602	99.602
12	  F	  3.1	  0.0	0.000	98.583	98.583
13	  L	  2.0	  0.0	0.000	85.335	85.335
14	  S	  1.1	  0.0	0.000	9.433	9.433
15	  E	  2.9	  0.1	0.000	0.017	0.017
16	  V	  3.4	  0.3	0.000	0.016	0.016
17	  S	  3.4	  0.3	0.000	0.009	0.009
18	  G	  0.7	  0.3	0.000	0.008	0.008
19	  F	  8.9	  0.3	0.000	0.007	0.007
20	  E	  8.9	  0.0	0.000	0.000	0.000
21	  I	  8.9	  0.0	0.000	0.000	0.000
22	  P	  0.2	  0.2	0.000	0.000	0.000
23	  I	  1.0	  2.1	0.000	0.000	0.000
24	  N	  1.0	  2.1	0.000	0.000	0.000
25	  G	  1.0	  2.1	0.000	0.000	0.000
26	  L	  0.1	  2.1	0.000	0.000	0.000
27	  S	  0.1	  0.2	0.000	0.000	0.000
28	  E	  0.2	  0.1	0.000	0.000	0.000
29	  F	  1.6	  0.2	0.000	0.000	0.000
30	  V	  3.7	  0.1	0.000	0.000	0.000
31	  D	  5.0	  0.1	0.280	0.000	0.000
32	  Y	  4.3	  0.7	0.280	0.000	0.000
33	  E	  2.3	  0.6	0.280	0.000	0.000
34	  D	  0.9	  0.6	0.415	0.000	0.000
35	  L	  0.4	  0.6	0.415	0.000	0.000
36	  V	  5.0	  0.0	0.415	0.000	0.000
37	  E	  5.0	  0.0	0.415	0.000	0.000
38	  L	  4.8	  0.0	0.276	0.000	0.000
39	  A	  0.3	  2.1	0.276	0.000	0.000
40	  P	  0.0	  2.1	0.000	0.000	0.000
41	  G	  0.0	  2.1	0.000	0.000	0.000
42	  K	  1.0	  2.1	0.000	0.000	0.000
43	  F	  4.4	  0.2	0.000	4.192	4.192
44	  Q	  5.1	  0.1	0.000	4.192	4.192
45	  L	  5.1	  0.1	0.000	4.192	4.192
46	  V	  2.5	  0.1	0.594	4.192	4.192
47	  A	  1.6	  0.2	0.812	4.192	4.192
48	  E	  0.7	  0.3	0.945	0.000	0.000
49	  N	  0.1	  0.3	1.071	0.000	0.000
50	  R	  1.0	  0.3	1.071	0.000	0.000
51	  R	  2.2	  0.1	1.071	0.000	0.000
52	  Y	  4.3	  0.1	0.918	0.000	0.000
53	  Q	  3.7	  0.1	0.385	0.000	0.000
54	  R	  3.4	  0.1	0.125	0.000	0.000
55	  S	  1.5	  0.1	0.000	0.000	0.000
56	  L	  1.2	  1.3	0.000	0.000	0.000
57	  P	  0.1	  1.4	0.000	0.000	0.000
58	  G	  0.0	  1.5	0.000	0.000	0.000
59	  E	  0.0	  1.6	0.000	0.000	0.000
60	  S	  0.1	  0.4	0.000	0.000	0.000
61	  E	  0.1	  0.3	0.000	0.000	0.000
62	  E	  0.1	  0.1	0.000	0.000	0.000
63	  M	  0.2	  0.1	0.000	0.000	0.000
64	  M	  0.2	  0.0	0.000	0.000	0.000
65	  E	  0.1	  0.0	0.000	0.000	0.000
66	  E	  4.6	  0.0	0.000	0.000	0.000
67	  V	  5.6	  0.1	0.000	0.000	0.000
68	  D	  5.6	  0.0	5.169	0.000	0.000
69	  Q	  1.8	  0.0	5.169	0.314	0.314
70	  V	  6.9	  0.0	5.169	10.672	10.672
71	  T	  7.7	  0.0	5.169	10.672	10.672
72	  L	  7.7	  0.1	5.169	10.672	10.672
73	  Y	  7.1	  0.1	5.169	10.672	10.672
74	  S	  7.4	  0.1	2.559	10.672	10.672
75	  Y	  9.2	  0.1	1.469	8.343	8.343
76	  K	  4.9	  0.0	0.495	0.000	0.000
77	  V	  4.5	  0.0	0.120	0.000	0.000
78	  Q	  2.3	  0.1	0.120	0.000	0.000
79	  S	  1.5	  0.1	0.206	0.000	0.000
80	  T	 12.3	  0.1	0.206	0.000	0.000
81	  I	 14.5	  0.1	0.206	0.000	0.000
82	  T	 14.6	  0.1	0.206	0.000	0.000
83	  S	  3.0	  0.1	0.206	0.000	0.000
84	  R	  0.7	  0.1	0.206	0.000	0.000
85	  M	  0.3	  0.0	0.000	0.000	0.000
86	  A	  0.4	  0.0	0.000	0.000	0.000
87	  T	  1.2	  0.0	0.000	0.000	0.000
88	  T	  1.8	  0.0	0.000	0.000	0.000
89	  M	  1.8	  0.0	0.000	0.000	0.000
90	  I	  1.1	  0.0	0.000	0.000	0.000
91	  Q	  0.6	  0.1	0.000	0.000	0.000
92	  S	  0.8	  0.1	0.000	0.000	0.000
93	  K	  2.6	  0.1	0.000	0.000	0.000
94	  V	  7.2	  0.1	0.000	0.000	0.000
95	  V	  7.5	  0.1	0.000	0.000	0.000
96	  N	  5.5	  0.1	0.000	0.000	0.000
97	  N	  0.7	  0.1	0.000	0.000	0.000
98	  S	  0.1	  0.0	0.000	0.000	0.000
99	  P	  0.0	  0.0	0.000	0.000	0.000
100	  Q	  0.0	  0.2	0.000	0.000	0.000
101	  P	  0.0	  0.4	0.000	0.000	0.000
102	  Q	  0.5	  0.4	0.000	0.000	0.000
103	  N	  2.5	  0.4	0.000	0.000	0.000
104	  V	  5.8	  0.2	0.000	0.000	0.000
105	  V	  8.3	  0.0	0.000	0.000	0.000
106	  F	  9.6	  0.0	0.000	0.000	0.000
107	  D	  7.0	  0.0	0.000	0.000	0.000
108	  V	 10.1	  0.0	0.000	0.000	0.000
109	  Q	  6.9	  0.0	0.000	0.000	0.000
110	  I	  6.2	  0.3	0.000	0.000	0.000
111	  P	  0.1	  0.7	0.000	0.000	0.000
112	  K	  0.0	  0.8	0.000	0.000	0.000
113	  G	  0.0	  0.8	0.000	0.000	0.000
114	  A	  0.4	  0.6	0.000	1.246	1.246
115	  F	  1.4	  0.1	0.000	1.909	1.909
116	  I	  1.4	  0.3	0.000	1.909	1.909
117	  S	  1.1	  0.3	0.000	1.909	1.909
118	  N	  1.1	  0.3	0.000	1.909	1.909
119	  F	  4.2	  0.3	0.000	2.179	2.179
120	  S	  6.0	  0.0	0.000	1.538	1.538
121	  M	  9.2	  0.0	0.000	1.538	1.538
122	  T	 10.4	  0.1	0.000	1.538	1.538
123	  V	  8.8	  1.3	0.000	1.538	1.538
124	  D	  4.6	  1.5	0.204	0.000	0.000
125	  G	  0.2	  1.6	0.204	0.000	0.000
126	  K	  0.6	  1.4	0.204	0.000	0.000
127	  T	 13.1	  0.3	0.204	0.000	0.000
128	  F	 14.8	  0.2	0.204	0.000	0.000
129	  R	 14.4	  0.2	0.204	0.000	0.000
130	  S	  2.3	  0.2	0.000	0.000	0.000
131	  S	  1.1	  0.2	0.126	0.000	0.000
132	  I	  1.7	  0.1	0.126	0.000	0.000
133	  K	  1.8	  0.1	0.126	0.000	0.000
134	  E	  1.4	  0.1	0.126	0.000	0.000
135	  K	  1.5	  0.1	0.126	0.000	0.000
136	  T	  1.7	  0.2	0.253	0.000	0.000
137	  V	  1.5	  0.4	0.253	0.000	0.000
138	  G	  0.7	  0.4	1.783	0.000	0.000
139	  R	  0.3	  0.4	1.656	0.000	0.000
140	  A	  0.4	  0.2	1.656	0.000	0.000
141	  L	  0.7	  0.0	1.823	0.000	0.000
142	  Y	  1.1	  0.0	3.056	0.000	0.000
143	  A	  1.0	  0.0	3.168	0.000	0.000
144	  Q	  0.7	  0.0	3.032	0.000	0.000
145	  A	  0.3	  0.0	2.637	0.000	0.000
146	  R	  0.3	  0.2	2.637	0.000	0.000
147	  A	  0.2	  0.9	2.438	0.000	0.000
148	  K	  0.1	  1.1	2.107	0.000	0.000
149	  G	  0.1	  1.2	0.698	0.000	0.000
150	  K	  0.5	  1.0	0.313	0.000	0.000
151	  T	  0.5	  0.5	0.000	0.000	0.000
152	  A	  0.5	  0.3	0.000	0.000	0.000
153	  G	  0.1	  0.2	0.000	0.000	0.000
154	  L	  0.3	  0.2	0.000	0.000	0.000
155	  V	  2.5	  0.1	0.000	0.000	0.000
156	  R	  2.7	  0.2	0.000	0.000	0.000
157	  S	  2.5	  0.2	0.000	0.000	0.000
158	  S	  0.4	  0.2	0.000	0.000	0.000
159	  A	  0.4	  0.3	0.000	0.000	0.000
160	  L	  1.4	  0.1	0.000	0.000	0.000
161	  D	  1.5	  0.1	0.208	0.000	0.000
162	  M	  1.5	  0.7	0.208	0.000	0.000
163	  E	  0.5	  0.6	0.208	0.000	0.000
164	  N	  2.2	  0.6	0.208	0.000	0.000
165	  F	  2.5	  0.7	0.208	0.000	0.000
166	  R	  2.5	  0.1	0.208	0.000	0.000
167	  T	  0.8	  0.1	0.000	0.000	0.000
168	  E	  6.2	  0.1	0.000	0.000	0.000
169	  V	 18.0	  0.0	0.000	0.000	0.000
170	  N	 18.0	  0.0	0.000	0.000	0.000
171	  V	 13.1	  0.0	0.000	0.000	0.000
172	  L	  0.8	  1.0	0.000	0.000	0.000
173	  P	  0.4	  1.0	0.000	0.000	0.000
174	  G	  0.0	  1.0	0.000	0.000	0.000
175	  A	  0.3	  1.0	0.000	0.000	0.000
176	  K	  1.7	  0.1	0.000	0.000	0.000
177	  V	  5.0	  0.0	0.000	0.000	0.000
178	  Q	 11.1	  0.0	0.000	0.000	0.000
179	  F	 11.9	  0.0	0.000	0.000	0.000
180	  E	  9.9	  0.0	0.000	0.000	0.000
181	  L	  4.5	  0.0	0.000	0.000	0.000
182	  H	  5.1	  0.0	0.420	0.000	0.000
183	  Y	  4.8	  0.1	0.420	0.000	0.000
184	  Q	  3.9	  0.1	0.420	0.000	0.000
185	  E	 14.6	  0.1	0.420	0.000	0.000
186	  V	 16.1	  0.1	0.420	0.000	0.000
187	  K	 16.3	  0.0	0.420	0.000	0.000
188	  W	  3.8	  0.1	0.321	0.000	0.000
189	  R	  1.5	  0.2	0.321	0.000	0.000
190	  K	  1.1	  0.2	0.196	0.000	0.000
191	  L	  0.4	  1.4	0.000	0.000	0.000
192	  G	  0.2	  1.3	0.000	0.000	0.000
193	  S	  6.7	  1.2	0.148	0.000	0.000
194	  Y	  8.5	  1.3	0.148	0.000	0.000
195	  E	  8.6	  0.1	0.148	0.000	0.000
196	  H	  4.5	  0.1	0.148	0.000	0.000
197	  R	  5.5	  0.1	0.148	0.000	0.000
198	  I	  6.7	  0.0	0.148	0.000	0.000
199	  Y	  5.9	  0.0	0.148	0.000	0.000
200	  L	  3.2	  0.0	0.000	0.000	0.000
201	  Q	  1.8	  1.4	0.129	0.000	0.000
202	  P	  0.1	  1.5	0.129	0.000	0.000
203	  G	  0.0	  1.6	0.277	0.000	0.000
204	  R	  0.1	  1.6	0.277	0.000	0.000
205	  L	  0.2	  0.2	0.277	0.000	0.000
206	  A	  0.3	  0.1	0.277	0.000	0.000
207	  K	  0.2	  0.1	0.277	0.000	0.000
208	  H	  0.6	  0.1	0.149	0.000	0.000
209	  L	  2.1	  0.1	0.000	0.000	0.000
210	  E	  6.7	  0.0	0.000	0.000	0.000
211	  V	 13.9	  0.0	0.000	0.000	0.000
212	  D	 14.0	  0.0	0.000	0.000	0.000
213	  V	 13.2	  0.0	0.000	0.000	0.000
214	  W	  6.7	  0.0	0.000	0.000	0.000
215	  V	 11.7	  0.0	0.000	0.000	0.000
216	  I	  8.6	  0.0	0.000	0.000	0.000
217	  E	  7.5	  0.4	0.000	0.000	0.000
218	  P	  0.4	  0.5	0.000	0.000	0.000
219	  Q	  0.0	  0.5	0.000	0.000	0.000
220	  G	  0.0	  0.5	0.000	0.000	0.000
221	  L	  1.4	  0.2	0.000	0.000	0.000
222	  R	  2.0	  0.0	0.000	0.000	0.000
223	  F	  2.7	  0.0	0.000	0.000	0.000
224	  L	  3.3	  0.0	0.000	0.000	0.000
225	  H	  2.9	  0.0	0.000	0.000	0.000
226	  V	  2.2	  0.3	0.000	0.000	0.000
227	  P	  0.2	  0.4	0.000	0.000	0.000
228	  D	  1.7	  0.4	0.000	0.000	0.000
229	  T	 12.4	  0.4	0.000	0.000	0.000
230	  F	 12.7	  0.6	0.000	0.000	0.000
231	  E	 11.1	  0.7	0.000	0.000	0.000
232	  G	  0.4	  0.7	0.000	0.000	0.000
233	  H	  2.4	  1.0	0.000	0.000	0.000
234	  F	  2.7	  2.4	0.000	0.000	0.000
235	  D	  2.7	  2.3	0.000	0.000	0.000
236	  G	  0.4	  2.3	0.000	0.000	0.000
237	  V	  0.1	  2.0	0.000	0.000	0.000
238	  P	  0.1	  0.0	0.000	0.000	0.000
239	  V	  4.5	  0.0	0.000	0.000	0.000
240	  I	  5.1	  0.1	0.000	0.000	0.000
241	  S	  5.2	  1.1	0.000	0.000	0.000
242	  K	  0.8	  1.1	0.000	0.000	0.000
243	  G	  0.1	  1.1	0.000	0.000	0.000
244	  Q	  0.3	  1.1	0.000	0.000	0.000
245	  Q	  0.4	  0.1	0.000	0.000	0.000
246	  K	  0.5	  0.1	0.000	0.000	0.000
247	  A	  0.5	  0.0	0.000	0.000	0.000
248	  H	  2.1	  0.0	0.000	0.000	0.000
249	  V	  6.3	  0.0	0.000	0.000	0.000
250	  S	  9.0	  0.0	0.000	0.000	0.000
251	  F	  7.6	  0.0	0.000	0.000	0.000
252	  K	  3.4	  0.2	0.000	0.000	0.000
253	  P	  0.2	  0.2	0.000	0.000	0.000
254	  T	  4.1	  0.2	0.000	0.000	0.000
255	  V	  5.6	  0.2	0.000	0.000	0.000
256	  A	  5.7	  0.0	0.000	0.000	0.000
257	  Q	  1.9	  0.1	0.000	0.000	0.000
258	  Q	  0.7	  0.1	0.000	0.000	0.000
259	  R	  0.9	  0.1	0.000	0.000	0.000
260	  I	  0.9	  0.0	0.000	0.000	0.000
261	  C	  0.5	  2.6	0.000	0.000	0.000
262	  P	  0.1	  2.7	0.000	0.000	0.000
263	  N	  1.4	  2.7	0.000	0.000	0.000
264	  C	  1.8	  2.7	0.000	0.000	0.000
265	  R	  1.8	  0.2	0.000	0.000	0.000
266	  E	  0.4	  0.2	0.000	0.000	0.000
267	  T	  1.0	  0.2	0.000	0.000	0.000
268	  A	  1.2	  0.3	0.000	0.000	0.000
269	  V	  1.4	  0.6	0.000	0.000	0.000
270	  D	  0.5	  0.7	0.000	0.000	0.000
271	  G	  0.2	  0.7	0.000	0.000	0.000
272	  E	  0.1	  0.6	0.000	0.000	0.000
273	  L	  1.8	  0.1	0.000	56.658	56.658
274	  V	  9.4	  0.0	0.000	57.958	57.958
275	  V	 10.7	  0.0	0.000	58.260	58.260
276	  L	  9.3	  0.0	0.000	58.260	58.260
277	  Y	  5.3	  0.0	0.000	58.260	58.260
278	  D	  5.0	  0.0	0.587	8.695	8.695
279	  V	  6.5	  0.0	0.587	8.695	8.695
280	  K	  3.5	  0.1	0.587	8.695	8.695
281	  R	  2.1	  0.1	0.587	0.000	0.000
282	  E	  0.5	  0.2	0.587	0.000	0.000
283	  E	  0.3	  0.2	0.587	0.000	0.000
284	  K	  0.3	  0.4	0.206	0.000	0.000
285	  A	  0.2	  0.5	0.000	0.000	0.000
286	  G	  0.1	  0.5	0.141	0.000	0.000
287	  E	  0.2	  0.5	0.141	0.000	0.000
288	  L	  1.8	  0.2	0.141	0.000	0.000
289	  E	  3.6	  0.1	0.141	0.000	0.000
290	  V	  7.1	  0.1	0.141	9.831	9.831
291	  F	  6.0	  4.8	0.141	10.603	10.603
292	  N	  4.2	  4.8	0.000	10.732	10.732
293	  G	  0.6	  4.8	0.000	14.315	14.315
294	  Y	  1.3	  4.8	0.000	54.333	54.333
295	  F	  2.6	  0.0	0.000	58.281	58.281
296	  V	  6.6	  0.0	0.000	58.088	58.088
297	  H	  7.5	  0.0	0.000	55.620	55.620
298	  F	  9.9	  0.0	0.000	55.620	55.620
299	  F	  6.1	  0.0	0.000	51.787	51.787
300	  A	  3.9	  1.1	0.000	0.176	0.176
301	  P	  0.2	  1.2	0.000	0.097	0.097
302	  D	  0.0	  1.3	0.000	0.000	0.000
303	  N	  0.5	  1.3	0.000	0.000	0.000
304	  L	  0.6	  0.2	0.000	0.000	0.000
305	  D	  0.6	  0.0	0.000	0.000	0.000
306	  P	  0.1	  0.0	0.000	0.000	0.000
307	  I	  0.0	  0.0	0.000	0.000	0.000
308	  P	  0.0	  0.2	0.000	0.000	0.000
309	  K	  0.4	  0.2	0.000	0.031	0.031
310	  N	  0.5	  0.2	0.000	4.085	4.085
311	  I	  2.0	  0.2	0.000	99.411	99.411
312	  L	  2.2	  0.0	0.000	99.411	99.411
313	  F	  4.2	  0.0	0.000	99.411	99.411
314	  V	  7.5	  0.0	0.000	99.411	99.411
315	  I	 13.2	  0.0	0.000	99.071	99.071
316	  D	 11.9	  0.8	0.000	0.031	0.031
317	  V	  8.0	  0.9	0.000	0.029	0.029
318	  S	  1.7	  2.1	0.000	0.003	0.003
319	  G	  0.8	  2.1	0.000	0.000	0.000
320	  S	  0.5	  1.3	0.000	0.000	0.000
321	  M	  0.4	  1.2	0.000	0.000	0.000
322	  W	  0.5	  0.0	0.000	0.000	0.000
323	  G	  0.3	  0.0	0.124	0.000	0.000
324	  V	  8.2	  0.0	0.124	0.000	0.000
325	  K	  9.1	  0.0	0.124	0.000	0.000
326	  M	  9.2	  0.0	0.124	0.000	0.000
327	  K	  1.7	  0.1	0.124	0.000	0.000
328	  Q	  0.7	  0.1	0.124	0.000	0.000
329	  T	  7.5	  0.1	0.290	0.000	0.000
330	  V	  8.9	  0.0	0.290	0.000	0.000
331	  E	  8.6	  0.0	0.290	0.000	0.000
332	  A	  1.9	  0.0	0.290	0.000	0.000
333	  M	  0.4	  0.1	0.290	0.000	0.000
334	  K	  1.2	  0.0	0.290	0.000	0.000
335	  T	  3.8	  0.0	0.361	0.000	0.000
336	  I	  4.1	  0.1	0.361	0.000	0.000
337	  L	  3.4	  0.2	0.361	0.000	0.000
338	  D	  0.6	  0.3	1.010	0.000	0.000
339	  D	  0.4	  0.3	1.010	0.000	0.000
340	  L	  0.8	  0.2	1.010	0.000	0.000
341	  R	  0.9	  0.1	1.010	0.000	0.000
342	  A	  0.5	  0.3	0.807	0.000	0.000
343	  E	  0.2	  0.3	0.807	0.000	0.000
344	  D	  0.4	  0.3	0.000	0.000	0.000
345	  H	  3.7	  0.3	0.000	0.000	0.000
346	  F	  8.3	  0.0	0.000	0.000	0.000
347	  S	  9.1	  0.0	0.110	0.000	0.000
348	  V	 10.4	  0.1	0.110	0.000	0.000
349	  I	  8.5	  0.1	0.110	0.000	0.000
350	  D	  7.8	  0.4	0.110	0.000	0.000
351	  F	  4.8	  0.4	0.110	0.000	0.000
352	  N	  2.0	  0.9	0.110	0.000	0.000
353	  Q	  1.7	  0.9	0.000	0.000	0.000
354	  N	  3.5	  0.5	0.489	0.000	0.000
355	  I	  4.4	  0.5	0.489	0.000	0.000
356	  R	  5.3	  0.0	0.489	0.000	0.000
357	  T	 10.9	  0.0	0.489	0.000	0.000
358	  W	 10.3	  0.2	0.489	0.000	0.000
359	  R	  9.3	  0.3	0.489	0.000	0.000
360	  N	  0.6	  0.3	0.129	0.000	0.000
361	  D	  0.3	  0.3	0.000	0.000	0.000
362	  L	  0.7	  0.1	0.000	0.636	0.636
363	  I	  2.3	  0.0	0.000	0.636	0.636
364	  S	  2.9	  0.2	0.000	0.636	0.636
365	  A	  2.7	  0.2	0.000	0.636	0.636
366	  T	  2.7	  0.3	0.000	0.636	0.636
367	  K	  2.2	  0.3	0.000	0.000	0.000
368	  T	  2.7	  0.1	0.548	0.000	0.000
369	  Q	  1.4	  0.1	0.548	0.000	0.000
370	  V	  1.7	  0.2	0.548	0.000	0.000
371	  A	  0.9	  0.2	0.756	0.000	0.000
372	  D	  0.7	  0.4	1.752	0.000	0.000
373	  A	  0.2	  0.5	1.752	0.000	0.000
374	  K	  0.4	  0.3	1.752	0.000	0.000
375	  R	  1.2	  0.3	1.361	0.000	0.000
376	  Y	  2.2	  0.1	1.204	0.000	0.000
377	  I	  2.6	  0.0	0.995	0.000	0.000
378	  E	  1.8	  0.0	0.995	0.000	0.000
379	  K	  1.8	  0.0	0.739	0.000	0.000
380	  I	  1.3	  0.0	0.338	0.000	0.000
381	  Q	  1.3	  1.0	0.338	0.000	0.000
382	  P	  0.1	  1.2	0.000	0.000	0.000
383	  S	  0.0	  1.5	0.000	0.000	0.000
384	  G	  0.0	  1.7	0.000	0.000	0.000
385	  G	  0.0	  0.8	0.000	0.000	0.000
386	  T	  0.3	  0.6	0.238	0.000	0.000
387	  N	  1.6	  0.5	3.943	0.000	0.000
388	  I	  1.7	  0.3	4.250	0.142	0.142
389	  N	  1.4	  0.3	26.260	0.142	0.142
390	  E	  0.2	  0.3	26.823	0.487	0.487
391	  A	  0.2	  0.0	27.019	0.487	0.487
392	  L	  0.3	  0.0	27.152	0.497	0.497
393	  L	  0.6	  0.0	27.051	0.497	0.497
394	  R	  0.6	  0.0	26.911	0.497	0.497
395	  A	  0.7	  0.0	24.990	86.325	86.325
396	  I	  1.2	  0.0	21.953	90.132	90.132
397	  F	  1.7	  0.0	21.823	90.132	90.132
398	  I	  2.0	  0.0	8.092	90.121	90.121
399	  L	  1.3	  0.0	7.846	89.962	89.962
400	  N	  0.5	  0.1	4.861	7.035	7.035
401	  E	  0.1	  0.3	3.162	0.010	0.010
402	  A	  0.1	  0.4	1.116	0.000	0.000
403	  N	  0.1	  0.4	0.811	0.000	0.000
404	  N	  0.0	  0.3	0.485	0.000	0.000
405	  L	  0.1	  0.2	0.385	0.000	0.000
406	  G	  0.1	  0.1	0.227	0.000	0.000
407	  L	  0.8	  0.0	0.000	0.000	0.000
408	  L	  0.7	  0.0	0.000	0.000	0.000
409	  D	  0.7	  7.8	0.094	0.000	0.000
410	  P	  0.1	  7.8	0.094	0.000	0.000
411	  N	  0.2	  7.9	0.184	0.094	0.094
412	  S	  9.6	  8.0	0.397	6.904	6.904
413	  V	 13.3	  0.2	0.397	61.657	61.657
414	  S	 13.3	  0.1	0.933	66.168	66.168
415	  L	  5.6	  0.1	0.839	96.390	96.390
416	  I	  6.7	  0.0	0.839	97.001	97.001
417	  I	  9.4	  0.0	0.839	96.982	96.982
418	  L	  8.9	  0.0	0.839	95.109	95.109
419	  V	  4.1	  0.4	0.839	84.098	84.098
420	  S	  1.0	  0.7	0.839	9.824	9.824
421	  D	  0.2	  0.7	0.000	0.000	0.000
422	  G	  0.0	  0.7	0.000	0.000	0.000
423	  D	  0.0	  0.7	0.000	0.000	0.000
424	  P	  0.0	  0.3	0.000	0.000	0.000
425	  T	  0.6	  0.4	0.590	0.000	0.000
426	  V	  0.6	  0.6	0.590	0.000	0.000
427	  G	  0.6	  0.4	1.378	0.000	0.000
428	  E	  1.4	  0.4	1.378	0.000	0.000
429	  L	  2.7	  0.3	1.378	0.000	0.000
430	  K	  3.2	  0.1	1.378	0.000	0.000
431	  L	  2.2	  0.1	1.378	0.000	0.000
432	  S	  1.2	  0.1	1.398	0.000	0.000
433	  K	  1.2	  0.0	0.735	0.000	0.000
434	  I	  1.1	  0.1	0.394	0.000	0.000
435	  Q	  0.9	  0.2	0.394	0.000	0.000
436	  K	  0.7	  0.2	0.276	0.000	0.000
437	  N	  3.0	  0.2	0.276	0.000	0.000
438	  V	  4.5	  0.2	0.000	0.000	0.000
439	  K	  4.2	  0.2	0.000	0.000	0.000
440	  E	  1.7	  0.2	0.000	0.000	0.000
441	  N	  0.7	  0.2	0.000	0.000	0.000
442	  I	  0.7	  0.3	0.000	0.000	0.000
443	  Q	  0.7	  0.2	0.000	0.000	0.000
444	  D	  0.2	  0.2	0.000	0.000	0.000
445	  N	  1.3	  0.2	0.000	0.000	0.000
446	  I	  4.9	  0.1	0.000	1.778	1.778
447	  S	  5.2	  0.1	0.265	2.124	2.124
448	  L	  4.6	  0.0	0.265	2.662	2.662
449	  F	  4.1	  0.2	0.265	2.662	2.662
450	  S	  3.9	  0.3	0.265	2.662	2.662
451	  L	  3.4	  0.3	0.265	2.409	2.409
452	  G	  0.3	  0.5	0.265	0.680	0.680
453	  M	  0.3	  0.4	0.265	0.429	0.429
454	  G	  0.3	  0.2	0.125	0.000	0.000
455	  F	  3.8	  0.2	0.000	0.000	0.000
456	  D	  4.3	  0.3	0.000	0.000	0.000
457	  V	  6.0	  0.3	0.000	0.000	0.000
458	  D	  3.0	  0.7	3.458	0.000	0.000
459	  Y	  4.4	  0.7	3.871	0.000	0.000
460	  D	  2.6	  0.4	5.238	0.000	0.000
461	  F	  2.9	  0.4	5.238	0.000	0.000
462	  L	  0.9	  0.0	5.238	0.000	0.000
463	  K	  1.0	  0.1	5.238	0.000	0.000
464	  R	  0.7	  0.1	5.008	0.000	0.000
465	  L	  0.6	  0.2	4.589	0.000	0.000
466	  S	  0.5	  0.2	3.511	0.000	0.000
467	  N	  0.1	  2.6	1.761	0.000	0.000
468	  E	  0.2	  2.6	0.579	0.000	0.000
469	  N	  0.2	  2.6	0.302	0.000	0.000
470	  H	  0.4	  2.6	0.113	0.000	0.000
471	  G	  0.7	  0.2	0.297	0.000	0.000
472	  I	  1.6	  0.2	0.297	0.000	0.000
473	  A	  1.5	  0.1	0.297	0.000	0.000
474	  Q	  1.4	  0.0	0.297	0.000	0.000
475	  R	  3.6	  0.0	0.297	0.000	0.000
476	  I	  4.5	  0.0	0.183	0.000	0.000
477	  Y	  4.2	  1.7	0.183	0.000	0.000
478	  G	  1.1	  1.7	0.000	0.000	0.000
479	  N	  0.2	  3.0	0.000	0.000	0.000
480	  Q	  0.3	  3.0	0.000	0.000	0.000
481	  D	  0.4	  1.8	0.000	0.000	0.000
482	  T	  1.6	  1.9	0.000	0.000	0.000
483	  S	  1.7	  0.6	0.776	0.000	0.000
484	  S	  1.7	  0.7	1.441	0.000	0.000
485	  Q	  1.3	  0.3	1.441	0.000	0.000
486	  L	  1.2	  0.3	1.441	0.000	0.000
487	  K	  1.1	  0.2	1.441	0.000	0.000
488	  K	  0.5	  0.1	1.441	0.000	0.000
489	  F	  2.4	  0.2	0.933	0.000	0.000
490	  Y	  3.8	  0.1	0.174	0.000	0.000
491	  N	  3.7	  0.1	0.000	0.000	0.000
492	  Q	  2.2	  0.1	0.000	0.000	0.000
493	  V	  2.3	  0.0	0.000	0.000	0.000
494	  S	  2.1	  0.0	0.000	0.000	0.000
495	  T	  1.6	  0.1	1.088	0.000	0.000
496	  P	  0.1	  0.1	1.088	0.000	0.000
497	  L	  0.1	  0.1	1.088	0.000	0.000
498	  L	  0.4	  0.3	1.088	0.000	0.000
499	  R	  0.7	  0.1	1.088	0.000	0.000
500	  N	  1.8	  0.1	1.088	0.000	0.000
501	  V	  4.8	  0.1	0.351	0.000	0.000
502	  Q	  6.5	  0.0	0.351	0.000	0.000
503	  F	 10.6	  0.0	0.119	0.000	0.000
504	  N	  7.4	  0.0	0.000	0.000	0.000
505	  Y	  5.4	  0.1	0.000	0.000	0.000
506	  P	  0.1	  0.2	0.000	0.000	0.000
507	  H	  0.7	  0.2	0.000	0.000	0.000
508	  T	  1.6	  0.2	0.000	0.000	0.000
509	  S	  5.3	  0.1	0.000	0.000	0.000
510	  V	  6.1	  0.1	0.000	0.000	0.000
511	  T	  5.6	  0.0	0.000	0.000	0.000
512	  D	  3.1	  0.0	0.000	0.000	0.000
513	  V	  5.2	  0.0	0.000	0.000	0.000
514	  T	  5.4	  0.2	0.000	0.000	0.000
515	  Q	  4.4	  0.3	0.000	0.000	0.000
516	  N	  0.9	  0.3	0.000	0.000	0.000
517	  N	  0.5	  0.3	0.000	0.000	0.000
518	  F	  1.4	  0.1	0.000	0.000	0.000
519	  H	  1.8	  0.1	0.000	0.000	0.000
520	  N	  3.3	  0.1	0.000	0.000	0.000
521	  Y	  3.4	  0.1	0.000	0.000	0.000
522	  F	  3.0	  0.5	0.000	0.000	0.000
523	  G	  1.1	  0.7	0.000	0.000	0.000
524	  G	  0.1	  0.7	0.000	0.000	0.000
525	  S	  0.1	  0.7	0.236	0.000	0.000
526	  E	  0.4	  0.3	0.236	0.000	0.000
527	  I	  9.5	  0.1	0.236	16.516	16.516
528	  V	 13.6	  0.0	0.236	16.516	16.516
529	  V	 13.9	  0.2	0.236	16.516	16.516
530	  A	  5.0	  0.4	0.236	16.516	16.516
531	  G	  0.6	  0.4	0.236	16.516	16.516
532	  K	  1.3	  0.4	0.112	0.000	0.000
533	  F	  1.5	  0.1	0.000	0.000	0.000
534	  D	  1.5	  0.3	1.545	0.000	0.000
535	  P	  0.2	  0.3	1.545	0.000	0.000
536	  A	  0.3	  0.3	1.545	0.000	0.000
537	  K	  0.9	  0.5	1.545	0.000	0.000
538	  L	  1.0	  0.2	1.545	0.000	0.000
539	  D	  1.1	  0.2	1.545	0.000	0.000
540	  Q	  3.1	  0.2	0.753	0.000	0.000
541	  I	  3.4	  0.1	0.234	0.000	0.000
542	  E	  3.2	  0.1	0.234	0.000	0.000
543	  S	  1.7	  0.1	0.000	0.181	0.181
544	  V	  5.3	  0.1	0.000	1.052	1.052
545	  I	  9.5	  0.0	0.000	1.052	1.052
546	  T	  9.5	  0.0	0.000	1.052	1.052
547	  A	  5.6	  0.0	0.000	1.052	1.052
548	  T	  1.8	  0.1	0.000	0.870	0.870
549	  S	  1.1	  1.5	0.197	0.000	0.000
550	  A	  0.9	  1.5	0.197	0.000	0.000
551	  N	  0.9	  1.5	0.315	0.000	0.000
552	  T	  1.3	  1.5	0.315	0.186	0.186
553	  Q	  2.1	  0.1	0.315	0.186	0.186
554	  L	  3.8	  0.0	0.315	0.186	0.186
555	  V	  4.3	  0.0	0.281	0.186	0.186
556	  L	  3.6	  0.1	0.281	0.186	0.186
557	  E	  1.5	  0.1	0.281	0.000	0.000
558	  T	  0.5	  0.1	0.281	0.000	0.000
559	  L	  0.5	  0.1	0.281	0.000	0.000
560	  A	  0.8	  0.0	0.281	0.000	0.000
561	  Q	  1.2	  0.1	0.281	0.000	0.000
562	  M	  1.2	  0.3	0.000	0.000	0.000
563	  D	  0.9	  0.4	0.000	0.000	0.000
564	  D	  0.2	  0.4	0.164	0.000	0.000
565	  L	  0.3	  0.7	0.164	0.000	0.000
566	  Q	  0.8	  0.5	0.164	0.000	0.000
567	  D	  0.7	  0.4	0.164	0.000	0.000
568	  F	  1.5	  0.4	0.164	0.000	0.000
569	  L	  1.3	  0.1	0.164	0.000	0.000
570	  S	  1.8	  2.0	0.164	0.000	0.000
571	  K	  0.9	  2.0	0.164	0.000	0.000
572	  D	  0.6	  2.2	0.000	0.000	0.000
573	  K	  0.2	  2.2	0.000	0.000	0.000
574	  H	  0.3	  0.2	0.000	0.000	0.000
575	  A	  0.3	  0.2	0.000	0.000	0.000
576	  D	  0.2	  5.6	0.859	0.000	0.000
577	  P	  0.0	  5.6	0.859	0.000	0.000
578	  D	  0.8	  5.6	4.029	0.000	0.000
579	  F	  3.7	  5.6	4.029	0.000	0.000
580	  T	  4.7	  0.1	4.839	0.000	0.000
581	  R	  4.3	  0.1	4.839	0.000	0.000
582	  K	  1.5	  0.1	4.839	0.000	0.000
583	  L	  0.7	  0.0	4.597	32.520	32.520
584	  W	  0.9	  0.1	4.459	47.374	47.374
585	  A	  1.0	  0.1	3.839	50.693	50.693
586	  Y	  1.2	  0.1	3.474	51.187	51.187
587	  L	  4.2	  0.1	2.369	51.292	51.292
588	  T	  9.0	  0.0	3.426	48.388	48.388
589	  I	 10.1	  0.0	3.426	45.818	45.818
590	  N	  6.6	  0.0	5.030	14.828	14.828
591	  Q	  2.1	  0.0	3.741	13.487	13.487
592	  L	  0.7	  0.0	3.383	13.487	13.487
593	  L	  0.7	  0.0	3.279	13.254	13.254
594	  A	  0.3	  0.1	3.166	3.714	3.714
595	  E	  0.4	  0.1	2.990	0.000	0.000
596	  R	  0.9	  0.1	1.435	0.000	0.000
597	  S	  1.1	  0.1	0.461	0.000	0.000
598	  L	  0.8	  0.1	0.000	0.000	0.000
599	  A	  0.3	  0.3	0.824	0.000	0.000
600	  P	  0.0	  0.3	1.038	0.000	0.000
601	  T	  0.3	  0.3	3.588	0.000	0.000
602	  A	  0.4	  0.3	3.588	0.000	0.000
603	  A	  0.4	  0.0	3.588	0.000	0.000
604	  A	  0.2	  0.0	3.588	0.000	0.000
605	  K	  0.4	  0.1	3.588	0.000	0.000
606	  R	  2.0	  0.1	2.874	0.000	0.000
607	  R	  7.7	  0.1	0.975	0.000	0.000
608	  I	 11.3	  0.0	0.000	0.000	0.000
609	  T	 11.7	  0.1	0.293	0.000	0.000
610	  R	  6.6	  0.1	0.293	0.000	0.000
611	  S	  3.1	  0.1	0.293	0.000	0.000
612	  I	  2.4	  0.1	0.293	0.310	0.310
613	  L	  3.2	  0.0	0.293	0.310	0.310
614	  Q	  3.8	  0.0	0.293	0.310	0.310
615	  M	  4.6	  0.0	0.183	0.310	0.310
616	  S	  5.1	  0.7	0.000	0.310	0.310
617	  L	  4.4	  0.7	0.000	0.310	0.310
618	  D	  2.4	  0.7	0.000	0.000	0.000
619	  H	  3.6	  0.7	0.000	0.000	0.000
620	  H	 11.1	  0.0	0.000	0.000	0.000
621	  I	 17.6	  0.0	0.000	0.000	0.000
622	  V	 14.9	  0.0	0.000	0.000	0.000
623	  T	  7.3	  0.0	0.000	0.000	0.000
624	  P	  0.5	  0.0	0.000	0.000	0.000
625	  L	  0.5	  0.0	0.000	6.637	6.637
626	  T	  1.0	  0.1	0.000	7.750	7.750
627	  S	  1.4	  0.1	0.000	7.750	7.750
628	  L	  3.3	  0.1	0.000	7.750	7.750
629	  V	  6.2	  0.0	0.000	7.750	7.750
630	  I	  6.0	  0.1	0.000	7.193	7.193
631	  E	  3.5	  0.1	0.000	0.000	0.000
632	  N	  0.2	  0.3	0.000	0.000	0.000
633	  E	  0.0	  0.5	0.000	0.000	0.000
634	  A	  0.0	  1.1	0.000	0.000	0.000
635	  G	  0.0	  1.1	0.277	0.000	0.000
636	  D	  0.0	  1.0	1.385	0.000	0.000
637	  E	  0.1	  0.8	1.635	0.000	0.000
638	  R	  0.6	  0.1	1.635	0.000	0.000
639	  M	  0.8	  0.1	1.635	0.000	0.000
640	  L	  0.8	  0.3	1.635	0.000	0.000
641	  A	  0.3	  0.3	1.635	0.000	0.000
642	  D	  0.1	  0.3	1.635	0.000	0.000
643	  A	  0.0	  0.3	0.220	0.000	0.000
644	  P	  0.0	  0.3	0.000	0.000	0.000
645	  P	  0.0	  0.3	0.000	0.000	0.000
646	  Q	  0.0	  0.3	0.000	0.000	0.000
647	  D	  0.0	  7.0	0.000	0.000	0.000
648	  P	  0.0	  6.8	0.000	0.000	0.000
649	  S	 10.3	  6.8	0.000	0.000	0.000
650	  C	 18.0	  6.9	0.000	0.000	0.000
651	  C	 18.3	  0.6	0.000	0.000	0.000
652	  S	  8.3	  0.8	0.000	0.000	0.000
653	  G	  0.3	  0.8	0.000	0.280	0.280
654	  A	  0.2	  0.6	0.000	0.280	0.280
655	  L	  0.8	  0.2	0.000	0.280	0.280
656	  Y	  1.8	  0.1	0.000	0.280	0.280
657	  Y	  1.8	  1.0	0.000	0.280	0.280
658	  G	  1.2	  1.0	0.000	0.000	0.000
659	  S	  0.6	  1.0	0.000	0.000	0.000
660	  K	  3.6	  0.9	0.000	0.000	0.000
661	  V	  4.1	  0.1	0.000	0.000	0.000
662	  V	  3.8	  0.4	0.000	0.000	0.000
663	  P	  0.6	  0.5	0.000	0.000	0.000
664	  D	  0.1	  0.5	0.000	0.000	0.000
665	  S	  0.2	  0.5	0.000	0.000	0.000
666	  T	  0.2	  0.6	0.239	0.000	0.000
667	  P	  0.1	  0.5	0.239	0.000	0.000
668	  S	  0.5	  0.5	0.239	0.000	0.000
669	  W	  0.7	  0.5	0.239	0.000	0.000
670	  A	  0.7	  0.0	0.239	0.000	0.000
671	  N	  0.3	  0.0	0.239	0.000	0.000
672	  P	  0.0	  0.0	0.000	0.000	0.000
673	  S	  0.0	  0.0	0.000	0.000	0.000
674	  P	  0.0	  0.0	0.000	0.000	0.000
675	  T	  0.0	  0.0	0.424	0.000	0.000
676	  P	  0.0	  0.0	0.424	0.000	0.000
677	  V	  4.5	  0.0	0.424	10.464	10.464
678	  I	  8.4	  0.0	0.559	10.864	10.864
679	  S	  8.6	  0.0	0.750	10.864	10.864
680	  M	  4.6	  0.0	0.750	10.864	10.864
681	  L	  0.6	  0.2	0.750	10.864	10.864
682	  A	  0.3	  0.5	0.750	5.292	5.292
683	  Q	  0.1	  0.7	0.750	0.184	0.184
684	  G	  0.0	  0.8	0.191	0.000	0.000
685	  S	  0.2	  0.6	0.000	0.000	0.000
686	  Q	  0.7	  0.3	0.000	0.000	0.000
687	  V	  2.2	  0.1	0.000	0.000	0.000
688	  L	  2.2	  0.1	0.000	0.000	0.000
689	  E	  1.9	  0.1	0.000	0.000	0.000
690	  S	  0.4	  0.1	0.000	0.000	0.000
691	  T	  0.3	  0.1	0.000	0.000	0.000
692	  P	  0.0	  0.0	0.000	0.000	0.000
693	  P	  0.0	  0.2	0.000	0.000	0.000
694	  P	  0.0	  0.2	0.000	0.000	0.000
695	  H	  1.8	  0.2	0.000	0.000	0.000
696	  V	  4.0	  0.2	0.000	0.000	0.000
697	  M	  6.7	  0.0	0.000	0.000	0.000
698	  R	  6.9	  0.0	0.000	0.000	0.000
699	  V	  5.8	  0.2	0.000	0.000	0.000
700	  E	  3.2	  0.2	0.000	0.000	0.000
701	  N	  1.1	  0.2	0.000	0.000	0.000
702	  D	  0.1	  0.5	0.161	0.000	0.000
703	  P	  0.0	  0.3	0.161	0.000	0.000
704	  H	  2.7	  0.3	0.161	3.252	3.252
705	  F	  4.0	  0.3	0.161	10.332	10.332
706	  I	  6.3	  0.0	0.161	10.626	10.626
707	  I	  6.5	  0.0	0.161	10.626	10.626
708	  Y	  5.2	  0.0	0.161	10.626	10.626
709	  L	  3.1	  0.1	0.161	8.557	8.557
710	  P	  0.2	  0.3	0.000	4.509	4.509
711	  K	  0.3	  0.3	0.000	0.000	0.000
712	  S	  0.5	  0.4	0.000	0.000	0.000
713	  Q	  0.6	  0.4	0.000	0.000	0.000
714	  K	  0.7	  0.3	0.000	0.000	0.000
715	  N	  1.2	  0.2	0.000	0.000	0.000
716	  I	  2.3	  0.1	0.000	1.895	1.895
717	  C	  5.2	  0.0	0.000	1.895	1.895
718	  F	  9.3	  0.0	0.000	1.895	1.895
719	  N	  9.3	  0.4	0.000	1.895	1.895
720	  I	  7.0	  0.5	0.000	1.895	1.895
721	  D	  2.3	  0.5	0.000	0.000	0.000
722	  S	  0.9	  0.5	0.000	0.000	0.000
723	  E	  0.1	  1.3	0.000	0.000	0.000
724	  P	  0.0	  1.3	0.000	0.000	0.000
725	  G	  0.0	  1.3	0.138	0.000	0.000
726	  K	  0.6	  1.3	0.138	0.000	0.000
727	  I	  1.2	  0.1	0.138	22.214	22.214
728	  L	  2.8	  0.1	0.138	22.438	22.438
729	  N	  2.5	  0.1	0.138	22.438	22.438
730	  L	  2.6	  0.1	0.138	22.438	22.438
731	  V	  1.5	  0.0	0.000	22.438	22.438
732	  S	  1.2	  0.0	0.000	2.666	2.666
733	  D	  0.4	  0.5	0.000	0.000	0.000
734	  P	  0.0	  1.0	0.000	0.000	0.000
735	  E	  0.0	  1.1	0.000	0.000	0.000
736	  S	  0.0	  1.1	0.000	0.360	0.360
737	  G	  0.1	  0.6	0.000	0.360	0.360
738	  I	  8.8	  0.1	0.000	1.446	1.446
739	  V	 13.0	  0.1	0.000	1.446	1.446
740	  V	 13.2	  5.4	0.000	1.446	1.446
741	  N	  4.8	  5.4	0.000	1.086	1.086
742	  G	  0.3	  5.5	0.000	1.086	1.086
743	  Q	  0.8	  5.4	0.000	0.777	0.777
744	  L	  0.9	  0.0	0.000	0.777	0.777
745	  V	  1.0	  0.2	0.000	0.777	0.777
746	  G	  0.3	  0.1	0.000	0.000	0.000
747	  A	  0.2	  0.1	0.000	0.000	0.000
748	  K	  0.1	  0.1	0.000	0.000	0.000
749	  K	  0.1	  0.8	0.000	0.000	0.000
750	  P	  0.0	  1.1	0.000	0.000	0.000
751	  N	  0.0	  4.1	0.000	0.000	0.000
752	  N	  0.0	  4.1	0.000	0.000	0.000
753	  G	  0.0	  3.4	0.000	0.000	0.000
754	  K	  0.5	  3.1	0.000	0.000	0.000
755	  L	  0.6	  0.3	0.000	0.137	0.137
756	  S	  1.3	  0.2	0.000	0.137	0.137
757	  T	  7.7	  0.2	0.000	0.137	0.137
758	  Y	  8.5	  0.4	0.000	0.137	0.137
759	  F	  7.9	  0.9	0.000	0.137	0.137
760	  G	  1.2	  1.1	0.000	0.000	0.000
761	  K	  0.3	  1.1	0.000	0.000	0.000
762	  L	  0.2	  0.8	0.000	6.846	6.846
763	  G	  0.2	  0.2	0.000	7.130	7.130
764	  F	  1.5	  0.0	0.000	7.130	7.130
765	  Y	  3.7	  0.0	0.000	7.130	7.130
766	  F	  5.2	  0.1	0.000	7.130	7.130
767	  Q	  3.9	  0.1	0.000	1.833	1.833
768	  S	  1.7	  1.5	0.140	0.000	0.000
769	  E	  0.2	  1.5	0.140	0.000	0.000
770	  D	  1.0	  1.5	0.140	0.000	0.000
771	  I	  6.2	  1.4	0.140	0.000	0.000
772	  K	  9.9	  0.0	0.140	0.000	0.000
773	  I	 13.1	  0.0	0.140	0.000	0.000
774	  E	  9.4	  0.0	0.140	0.000	0.000
775	  I	  6.3	  0.0	0.000	0.000	0.000
776	  S	  2.3	  0.0	0.804	0.000	0.000
777	  T	  1.0	  0.1	0.804	0.000	0.000
778	  E	  0.3	  0.1	0.804	0.000	0.000
779	  T	 10.9	  0.1	0.804	0.000	0.000
780	  I	 20.6	  0.1	0.804	0.000	0.000
781	  T	 25.1	  0.0	0.804	0.000	0.000
782	  L	 15.5	  0.1	0.804	0.000	0.000
783	  S	  6.2	  0.3	0.708	0.000	0.000
784	  H	  0.8	  0.9	0.171	0.000	0.000
785	  G	  0.2	  0.9	0.000	0.000	0.000
786	  S	  0.3	  0.9	0.000	0.000	0.000
787	  S	  0.7	  0.7	0.000	0.000	0.000
788	  T	 26.8	  0.2	0.000	0.000	0.000
789	  F	 28.7	  0.1	0.000	0.000	0.000
790	  S	 31.8	  0.2	0.000	0.000	0.000
791	  L	  8.3	  0.2	0.000	0.000	0.000
792	  S	 15.7	  0.4	0.000	0.000	0.000
793	  W	 12.1	  0.5	0.000	0.000	0.000
794	  S	 10.9	  0.4	0.000	0.000	0.000
795	  D	  0.2	  0.4	0.000	0.000	0.000
796	  T	  1.0	  0.2	0.172	0.000	0.000
797	  A	  1.2	  0.1	0.172	0.000	0.000
798	  Q	  1.8	  0.0	0.172	0.000	0.000
799	  V	  2.8	  0.0	0.172	0.000	0.000
800	  T	  3.2	  0.0	0.172	0.000	0.000
801	  N	  2.8	  0.1	0.172	0.000	0.000
802	  Q	  1.4	  0.1	0.172	0.000	0.000
803	  R	  2.2	  0.0	0.000	0.000	0.000
804	  V	  5.6	  0.0	0.000	0.000	0.000
805	  Q	  5.9	  0.0	0.000	0.000	0.000
806	  I	  9.1	  0.0	0.000	0.000	0.000
807	  S	  7.0	  0.0	0.000	0.000	0.000
808	  V	  6.7	  0.0	0.000	0.000	0.000
809	  K	  2.5	  0.1	0.000	0.000	0.000
810	  K	  1.1	  0.1	0.000	0.000	0.000
811	  E	  0.5	  0.1	0.000	0.011	0.011
812	  K	  1.8	  0.1	0.000	0.158	0.158
813	  V	  3.8	  0.0	0.000	92.470	92.470
814	  V	 12.3	  0.0	0.000	93.496	93.496
815	  T	 21.0	  0.0	0.000	93.496	93.496
816	  I	 27.3	  0.0	0.000	93.496	93.496
817	  T	 20.5	  0.1	0.070	93.496	93.496
818	  L	 10.2	  0.1	0.070	91.285	91.285
819	  D	  1.4	  0.2	0.150	0.166	0.166
820	  K	  0.2	  0.2	0.150	0.020	0.020
821	  E	  0.4	  0.1	0.150	0.000	0.000
822	  M	  2.9	  0.0	0.150	5.751	5.751
823	  S	 23.0	  0.0	0.361	14.650	14.650
824	  F	 26.6	  0.0	0.361	24.025	24.025
825	  S	 24.9	  0.0	0.387	24.025	24.025
826	  V	  8.4	  0.0	0.387	24.025	24.025
827	  L	  3.7	  0.0	0.387	23.693	23.693
828	  L	  3.4	  0.0	0.387	21.670	21.670
829	  H	  1.6	  0.0	0.387	0.000	0.000
830	  R	  3.5	  0.0	0.198	0.000	0.000
831	  V	  4.3	  0.0	0.000	0.000	0.000
832	  W	  3.4	  0.0	0.000	0.000	0.000
833	  K	  1.2	  0.0	0.000	0.000	0.000
834	  K	  0.4	  0.0	0.000	0.000	0.000
835	  H	  0.1	  0.0	0.000	0.000	0.000
836	  P	  0.0	  0.0	0.000	0.000	0.000
837	  V	 12.6	  0.0	0.000	0.000	0.000
838	  N	 13.8	  0.2	0.000	0.000	0.000
839	  V	 15.6	  0.2	0.000	0.000	0.000
840	  D	  3.3	  0.2	0.000	0.000	0.000
841	  F	  2.2	  0.4	0.000	5.295	5.295
842	  L	  0.5	  0.3	0.000	5.295	5.295
843	  G	  0.5	  0.3	0.000	5.295	5.295
844	  I	  2.0	  0.3	0.000	5.295	5.295
845	  Y	  1.8	  0.2	0.000	5.295	5.295
846	  I	  1.8	  0.0	0.000	0.370	0.370
847	  P	  0.0	  0.4	0.000	0.000	0.000
848	  P	  0.0	  0.5	0.000	0.000	0.000
849	  T	  0.3	  0.5	0.000	0.000	0.000
850	  N	  0.5	  0.5	0.000	0.000	0.000
851	  K	  1.8	  0.1	0.000	0.000	0.000
852	  F	  1.9	  0.0	0.000	0.000	0.000
853	  S	  1.8	  0.3	0.000	0.000	0.000
854	  P	  0.4	  0.4	0.000	0.000	0.000
855	  K	  0.2	  0.6	0.000	0.000	0.000
856	  A	  0.2	  0.8	0.000	0.000	0.000
857	  H	  0.3	  0.5	0.000	0.000	0.000
858	  G	  0.2	  0.5	0.000	0.000	0.000
859	  L	  0.2	  0.4	0.000	0.146	0.146
860	  I	  0.2	  0.4	0.000	0.146	0.146
861	  G	  0.2	  0.4	0.000	0.146	0.146
862	  Q	  1.4	  0.4	0.000	0.146	0.146
863	  F	  2.3	  0.3	0.000	0.146	0.146
864	  M	  2.3	  0.0	0.000	0.000	0.000
865	  Q	  1.2	  0.0	0.000	0.000	0.000
866	  E	  0.2	  0.0	0.000	0.000	0.000
867	  P	  0.1	  0.0	0.000	0.000	0.000
868	  K	  1.0	  0.0	0.000	0.000	0.000
869	  I	  7.5	  0.0	0.000	0.000	0.000
870	  H	 10.7	  0.0	0.000	0.000	0.000
871	  I	 10.0	  0.0	0.000	0.000	0.000
872	  F	  3.9	  0.0	0.000	0.000	0.000
873	  N	  0.7	  0.0	0.000	0.000	0.000
874	  E	  0.4	  0.0	0.000	0.000	0.000
875	  R	  0.1	  2.1	0.000	0.000	0.000
876	  P	  0.0	  2.2	0.000	0.000	0.000
877	  G	  0.0	  2.2	0.000	0.000	0.000
878	  K	  0.1	  2.2	0.000	0.000	0.000
879	  D	  0.1	  0.8	0.000	0.000	0.000
880	  P	  0.0	  0.6	0.000	0.000	0.000
881	  E	  0.0	  0.6	0.000	0.000	0.000
882	  K	  0.0	  0.8	0.000	0.000	0.000
883	  P	  0.0	  0.2	0.000	0.000	0.000
884	  E	  0.2	  0.2	0.000	0.000	0.000
885	  A	  0.6	  0.2	0.000	0.000	0.000
886	  S	  1.6	  0.0	0.655	0.000	0.000
887	  M	  3.7	  0.0	0.655	0.000	0.000
888	  E	 17.0	  0.0	0.655	0.000	0.000
889	  V	 16.4	  0.8	0.655	0.000	0.000
890	  K	 14.5	  0.8	0.655	0.000	0.000
891	  G	  0.6	  0.9	0.655	0.000	0.000
892	  Q	  0.3	  0.9	0.521	0.000	0.000
893	  K	  0.8	  0.1	0.000	0.000	0.000
894	  L	  2.3	  0.1	0.000	0.000	0.000
895	  I	  6.5	  0.0	0.000	0.000	0.000
896	  I	 10.0	  0.0	0.000	0.000	0.000
897	  T	  8.6	  0.1	0.000	0.000	0.000
898	  R	  4.2	  0.1	0.000	0.000	0.000
899	  G	  0.2	  0.1	0.000	0.000	0.000
900	  L	  0.3	  0.1	0.000	0.000	0.000
901	  Q	  0.3	  0.3	0.000	0.000	0.000
902	  K	  0.4	  0.3	0.000	0.000	0.000
903	  D	  1.4	  0.3	1.387	0.000	0.000
904	  Y	  1.8	  0.3	1.387	0.142	0.142
905	  R	  2.2	  0.2	1.387	0.142	0.142
906	  T	  1.1	  0.2	1.387	0.142	0.142
907	  D	  0.7	  0.2	1.387	0.142	0.142
908	  L	  1.6	  0.2	1.387	0.310	0.310
909	  V	  2.5	  0.0	1.143	0.310	0.310
910	  F	  2.4	  0.4	1.143	0.310	0.310
911	  G	  1.1	  0.5	0.000	0.168	0.168
912	  T	  0.5	  0.5	0.000	0.168	0.168
913	  D	  1.5	  0.5	0.000	0.000	0.000
914	  V	  8.8	  0.1	0.000	48.680	48.680
915	  T	 11.8	  0.0	0.000	52.503	52.503
916	  C	 11.4	  0.0	0.000	55.402	55.402
917	  W	  5.1	  0.0	0.000	55.402	55.402
918	  F	  2.8	  0.0	0.000	55.402	55.402
919	  V	  3.7	  0.0	0.000	52.178	52.178
920	  H	  3.1	  0.2	0.000	11.152	11.152
921	  N	  1.8	  1.0	0.000	0.641	0.641
922	  S	  0.2	  1.5	0.000	0.256	0.256
923	  G	  0.0	  2.0	0.000	0.000	0.000
924	  K	  0.0	  1.8	0.000	0.000	0.000
925	  G	  0.0	  1.1	0.000	0.000	0.000
926	  F	  1.2	  0.8	0.000	0.000	0.000
927	  I	  1.9	  0.8	0.000	0.000	0.000
928	  D	  1.9	  0.9	0.000	0.000	0.000
929	  G	  0.7	  0.9	0.000	0.000	0.000
930	  H	  2.1	  0.7	0.000	0.000	0.000
931	  Y	  2.5	  0.3	0.000	0.000	0.000
932	  K	  2.5	  0.3	0.000	0.000	0.000
933	  D	  1.6	  0.3	0.000	0.000	0.000
934	  Y	  3.5	  0.3	0.000	0.000	0.000
935	  F	  3.6	  0.0	0.000	0.000	0.000
936	  V	  2.6	  0.0	0.000	0.000	0.000
937	  P	  0.2	  0.0	0.000	0.000	0.000
938	  Q	  1.1	  0.0	0.000	0.000	0.000
939	  L	  1.7	  0.0	0.000	1.303	1.303
940	  Y	  8.3	  0.0	0.000	1.303	1.303
941	  S	  7.8	  0.0	0.000	1.303	1.303
942	  F	  8.0	  0.0	0.000	1.303	1.303
943	  L	  1.6	  0.0	0.000	1.303	1.303
944	  K	  1.1	  0.0	0.000	0.000	0.000
945	  R	  0.3	  0.0	0.000	0.000	0.000
946	  P	  0.1	  0.0	0.000	0.000	0.000
