res	aa	Beta	Turn	Helix	Aggregation	Conc-Stab_Aggregation
01	  M	  0.0	  0.0	0.000	0.000	0.000
02	  A	  0.1	  0.0	0.000	0.000	0.000
03	  E	  0.6	  0.0	0.000	0.000	0.000
04	  L	  0.8	  0.0	0.000	0.000	0.000
05	  R	  0.7	  1.3	0.000	0.000	0.000
06	  P	  0.2	  1.5	0.000	0.000	0.000
07	  S	  0.0	  1.5	0.000	0.000	0.000
08	  G	  0.0	  1.5	0.000	0.000	0.000
09	  A	  0.0	  0.3	0.000	0.000	0.000
10	  P	  0.0	  0.1	0.000	0.000	0.000
11	  G	  0.0	  0.5	0.000	0.000	0.000
12	  P	  0.0	  0.5	0.000	0.000	0.000
13	  T	  0.0	  0.5	0.000	0.000	0.000
14	  A	  0.0	  0.4	0.000	0.000	0.000
15	  P	  0.0	  0.0	0.000	0.000	0.000
16	  P	  0.0	  0.0	0.000	0.000	0.000
17	  A	  0.0	  0.0	0.000	0.000	0.000
18	  P	  0.0	  0.1	0.000	0.000	0.000
19	  G	  0.0	  0.5	0.000	0.000	0.000
20	  P	  0.0	  0.5	0.000	0.000	0.000
21	  T	  0.0	  0.5	0.000	0.000	0.000
22	  A	  0.0	  0.4	0.000	0.000	0.000
23	  P	  0.0	  0.1	0.000	0.000	0.000
24	  P	  0.0	  0.1	0.000	0.000	0.000
25	  A	  0.2	  0.1	0.000	0.366	0.366
26	  F	  1.0	  0.5	0.000	0.366	0.366
27	  A	  1.5	  0.4	0.000	0.366	0.366
28	  S	  1.9	  0.4	0.000	0.366	0.366
29	  L	  1.0	  0.4	0.000	0.366	0.366
30	  F	  0.5	  0.0	0.000	0.000	0.000
31	  P	  0.0	  0.9	0.000	0.000	0.000
32	  P	  0.0	  0.9	0.000	0.000	0.000
33	  G	  0.0	  0.9	0.000	0.000	0.000
34	  L	  0.4	  0.9	0.000	0.000	0.000
35	  H	  1.1	  0.0	0.000	0.000	0.000
36	  A	  1.3	  0.0	0.000	0.000	0.000
37	  I	  2.0	  0.0	0.000	0.000	0.000
38	  Y	  1.4	  0.2	0.000	0.000	0.000
39	  G	  1.2	  0.3	2.600	0.000	0.000
40	  E	  0.5	  0.3	3.111	0.000	0.000
41	  C	  1.5	  0.3	3.111	0.000	0.000
42	  R	  1.9	  0.2	3.111	0.000	0.000
43	  R	  2.5	  0.1	3.111	0.000	0.000
44	  L	  1.5	  0.1	3.111	0.000	0.000
45	  Y	  1.1	  0.8	2.667	0.000	0.000
46	  P	  0.1	  0.8	0.000	0.000	0.000
47	  D	  0.0	  0.8	0.000	0.000	0.000
48	  Q	  0.0	  0.8	0.000	0.000	0.000
49	  P	  0.0	  0.0	0.000	0.000	0.000
50	  N	  0.0	  0.3	0.000	0.000	0.000
51	  P	  0.0	  0.3	0.000	0.000	0.000
52	  L	  0.8	  0.3	0.000	3.333	3.333
53	  Q	  1.5	  0.3	0.000	3.897	3.897
54	  V	  4.5	  0.0	0.000	18.285	18.285
55	  T	  4.1	  0.0	0.722	18.285	18.285
56	  A	  4.0	  0.0	0.722	18.285	18.285
57	  I	  3.8	  0.0	0.722	18.285	18.285
58	  V	  6.6	  0.0	0.722	18.029	18.029
59	  K	  6.2	  0.0	0.722	0.000	0.000
60	  Y	  4.2	  0.0	0.722	0.000	0.000
61	  W	  1.1	  0.0	0.335	0.000	0.000
62	  L	  0.8	  0.0	0.130	0.000	0.000
63	  G	  0.1	  0.1	0.130	0.000	0.000
64	  G	  0.0	  0.1	0.130	0.000	0.000
65	  P	  0.0	  0.1	0.000	0.000	0.000
66	  D	  0.0	  0.6	0.000	0.000	0.000
67	  P	  0.0	  0.6	0.000	0.000	0.000
68	  L	  1.2	  0.6	0.000	0.000	0.000
69	  D	  1.6	  0.6	1.378	0.000	0.000
70	  Y	  3.2	  0.2	1.378	3.126	3.126
71	  V	  6.9	  0.0	1.378	3.126	3.126
72	  S	  6.9	  0.0	1.378	3.126	3.126
73	  M	  5.5	  0.0	1.378	3.126	3.126
74	  Y	  1.4	  0.3	1.378	3.126	3.126
75	  R	  1.4	  0.3	0.883	0.000	0.000
76	  N	  1.2	  0.7	0.277	0.000	0.000
77	  V	  0.6	  0.7	0.000	0.000	0.000
78	  G	  0.3	  0.4	0.000	0.000	0.000
79	  S	  0.3	  3.4	0.000	0.000	0.000
80	  P	  0.0	  3.1	0.000	0.000	0.000
81	  S	  0.6	  4.7	0.000	0.000	0.000
82	  A	  0.8	  4.7	0.000	0.000	0.000
83	  N	  1.0	  1.7	0.000	0.000	0.000
84	  I	  0.5	  1.6	0.000	0.000	0.000
85	  P	  0.2	  0.0	0.000	0.000	0.000
86	  E	  0.4	  0.0	0.000	0.000	0.000
87	  H	  2.0	  0.0	0.000	0.000	0.000
88	  W	  3.9	  0.0	0.000	0.132	0.132
89	  H	  6.1	  0.0	0.000	0.132	0.132
90	  Y	  5.4	  0.0	0.000	1.197	1.197
91	  I	  7.7	  0.0	0.000	1.424	1.424
92	  S	  5.9	  0.1	0.000	1.424	1.424
93	  F	  5.0	  0.3	0.000	1.424	1.424
94	  G	  1.0	  0.3	0.000	1.292	1.292
95	  L	  0.3	  0.5	0.000	1.011	1.011
96	  S	  0.1	  0.4	0.000	0.000	0.000
97	  D	  0.3	  0.4	0.000	0.000	0.000
98	  L	  0.4	  0.4	0.000	0.000	0.000
99	  Y	  0.5	  5.0	0.000	0.000	0.000
100	  G	  0.2	  5.1	0.000	0.000	0.000
101	  D	  0.1	  5.0	0.000	0.000	0.000
102	  N	  0.1	  5.0	0.000	0.000	0.000
103	  R	  1.8	  0.2	0.000	0.000	0.000
104	  V	  3.1	  0.0	0.000	0.000	0.000
105	  H	  3.6	  0.0	0.000	0.000	0.000
106	  E	  4.4	  0.0	0.000	0.000	0.000
107	  F	  4.5	  0.1	0.000	0.000	0.000
108	  T	  4.0	  0.3	0.000	0.000	0.000
109	  G	  1.6	  0.6	0.000	0.000	0.000
110	  T	  0.1	  0.6	0.000	0.000	0.000
111	  D	  0.0	  0.6	0.000	0.000	0.000
112	  G	  0.0	  2.2	0.000	0.000	0.000
113	  P	  0.0	  2.2	0.000	0.000	0.000
114	  S	  0.0	  2.2	0.000	0.000	0.000
115	  G	  0.0	  2.4	0.000	0.000	0.000
116	  F	  0.3	  0.5	0.000	0.000	0.000
117	  G	  0.3	  0.2	0.404	0.000	0.000
118	  F	  2.3	  0.3	0.404	0.000	0.000
119	  E	  2.6	  0.0	0.591	0.000	0.000
120	  L	  6.2	  0.0	0.591	0.000	0.000
121	  T	 16.2	  0.0	1.560	0.000	0.000
122	  F	 17.2	  0.0	1.560	0.000	0.000
123	  R	 14.0	  0.0	1.560	0.000	0.000
124	  L	  2.3	  0.1	1.429	0.000	0.000
125	  K	  0.7	  0.1	1.429	0.000	0.000
126	  R	  0.4	  0.3	1.074	0.000	0.000
127	  E	  0.3	  0.4	0.481	0.000	0.000
128	  T	  0.1	  0.5	0.000	0.000	0.000
129	  G	  0.0	  0.7	0.000	0.000	0.000
130	  E	  0.2	  0.5	0.000	0.000	0.000
131	  S	  0.2	  0.4	0.000	0.000	0.000
132	  A	  0.2	  0.2	0.000	0.000	0.000
133	  P	  0.0	  0.3	0.000	0.000	0.000
134	  P	  0.0	  0.3	0.000	0.000	0.000
135	  T	  0.8	  0.3	0.000	0.000	0.000
136	  W	  0.8	  0.3	0.000	0.000	0.000
137	  P	  0.8	  0.0	0.512	0.000	0.000
138	  A	  0.1	  0.0	0.512	0.000	0.000
139	  E	  0.1	  0.0	0.651	0.000	0.000
140	  L	  0.3	  0.0	0.651	0.000	0.000
141	  M	  0.3	  0.2	0.840	0.000	0.000
142	  Q	  0.3	  0.1	0.840	0.000	0.000
143	  G	  0.1	  0.1	0.823	0.000	0.000
144	  L	  0.1	  0.3	0.823	0.000	0.000
145	  A	  0.3	  0.2	0.694	0.000	0.000
146	  R	  1.1	  0.1	0.694	0.000	0.000
147	  Y	  2.8	  0.1	0.694	0.398	0.398
148	  V	  6.8	  0.0	0.244	0.398	0.398
149	  F	  7.4	  0.1	0.244	0.398	0.398
150	  Q	  5.8	  0.1	0.000	0.398	0.398
151	  S	  1.6	  1.2	0.000	0.398	0.398
152	  E	  0.3	  1.3	0.000	0.000	0.000
153	  N	  3.0	  1.2	0.000	0.000	0.000
154	  T	 11.9	  1.1	0.000	0.000	0.000
155	  F	 13.9	  0.1	0.000	0.000	0.000
156	  C	 11.4	  0.5	0.000	0.000	0.000
157	  S	  2.6	  2.9	0.000	0.000	0.000
158	  G	  0.3	  2.9	0.000	0.000	0.000
159	  D	  0.1	  2.8	0.000	0.000	0.000
160	  H	  1.7	  2.4	0.000	0.000	0.000
161	  V	  5.2	  0.0	0.000	0.000	0.000
162	  S	  6.7	  0.0	0.000	0.000	0.000
163	  W	  5.7	  0.0	0.000	0.000	0.000
164	  H	  2.3	  0.0	0.000	0.000	0.000
165	  S	  0.6	  0.3	0.000	0.000	0.000
166	  P	  0.0	  0.4	0.000	0.000	0.000
167	  L	  0.1	  0.6	0.000	0.000	0.000
168	  D	  0.1	  0.9	0.000	0.000	0.000
169	  N	  0.2	  0.8	0.612	0.000	0.000
170	  S	  0.3	  1.6	0.737	0.000	0.000
171	  E	  0.3	  1.4	0.737	0.000	0.000
172	  S	  0.6	  1.1	0.737	0.000	0.000
173	  R	  1.9	  1.0	0.737	0.000	0.000
174	  I	  2.1	  0.1	0.737	0.000	0.000
175	  Q	  2.0	  0.0	0.737	0.000	0.000
176	  H	  1.2	  0.0	0.293	0.000	0.000
177	  M	  2.2	  0.0	0.147	0.000	0.000
178	  L	  2.1	  0.0	0.000	0.000	0.000
179	  L	  1.5	  0.0	0.000	0.000	0.000
180	  T	  0.4	  0.0	0.000	0.000	0.000
181	  E	  0.1	  0.0	0.000	0.000	0.000
182	  D	  0.1	  0.3	0.000	0.000	0.000
183	  P	  0.0	  0.3	0.000	0.000	0.000
184	  Q	  2.6	  0.3	0.000	0.000	0.000
185	  M	  2.8	  0.3	0.000	0.000	0.000
186	  Q	  2.8	  0.0	0.000	0.000	0.000
187	  P	  0.1	  0.0	0.000	0.000	0.000
188	  V	  0.8	  0.0	0.000	0.000	0.000
189	  Q	  0.8	  0.0	0.000	0.000	0.000
190	  T	  0.8	  0.3	0.000	0.000	0.000
191	  P	  0.0	  0.4	0.000	0.586	0.586
192	  F	  0.2	  0.4	0.000	48.374	48.374
193	  G	  0.2	  0.4	0.696	52.267	52.267
194	  V	  3.0	  0.2	0.696	94.891	94.891
195	  V	 11.3	  0.0	0.696	98.219	98.219
196	  T	 14.2	  0.0	0.822	98.501	98.501
197	  F	 12.3	  0.0	0.822	98.900	98.900
198	  L	  5.2	  0.0	0.822	98.156	98.156
199	  Q	  3.6	  0.0	0.693	90.539	90.539
200	  I	  5.8	  0.0	0.433	90.236	90.236
201	  V	  4.8	  0.0	0.433	86.839	86.839
202	  G	  3.4	  0.0	0.433	46.641	46.641
203	  V	  1.1	  0.0	0.000	43.280	43.280
204	  C	  1.2	  0.0	0.000	3.721	3.721
205	  T	  1.3	  0.1	0.000	0.665	0.665
206	  E	  0.6	  0.1	0.000	0.000	0.000
207	  E	  1.3	  0.1	0.000	0.000	0.000
208	  L	  1.5	  0.1	0.000	0.000	0.000
209	  H	  1.6	  0.1	0.000	0.000	0.000
210	  S	  0.6	  0.1	0.000	0.000	0.000
211	  A	  0.5	  0.1	0.000	0.000	0.000
212	  Q	  1.4	  0.0	0.000	0.000	0.000
213	  Q	  2.6	  0.2	0.000	0.000	0.000
214	  W	  2.6	  2.5	0.000	0.000	0.000
215	  N	  1.6	  2.5	0.209	0.000	0.000
216	  G	  0.1	  2.8	0.944	0.000	0.000
217	  Q	  0.0	  2.6	0.944	0.000	0.000
218	  G	  0.0	  0.3	2.179	0.000	0.000
219	  I	  0.7	  0.2	2.313	0.000	0.000
220	  L	  1.4	  0.1	2.313	0.000	0.000
221	  E	  1.4	  0.0	2.313	0.000	0.000
222	  L	  0.9	  0.0	2.313	0.000	0.000
223	  L	  0.4	  0.1	2.313	0.000	0.000
224	  R	  1.5	  0.0	2.125	0.000	0.000
225	  T	  2.0	  0.0	0.489	0.000	0.000
226	  V	  1.9	  0.0	0.489	0.000	0.000
227	  P	  0.7	  0.0	0.000	0.000	0.000
228	  I	  1.3	  0.1	0.000	0.000	0.000
229	  A	  1.3	  0.1	0.000	0.000	0.000
230	  G	  1.3	  0.1	0.000	0.000	0.000
231	  G	  0.0	  0.3	0.000	0.000	0.000
232	  P	  0.0	  0.2	0.000	0.000	0.000
233	  W	  0.5	  0.2	0.000	0.000	0.000
234	  L	  0.9	  0.2	0.000	0.000	0.000
235	  I	  1.4	  0.0	0.000	0.000	0.000
236	  T	  1.1	  0.0	0.658	0.000	0.000
237	  D	  1.1	  0.0	1.002	0.000	0.000
238	  M	  0.8	  0.1	1.002	0.000	0.000
239	  R	  0.8	  0.3	1.002	0.000	0.000
240	  R	  0.4	  0.3	1.002	0.000	0.000
241	  G	  0.2	  0.4	1.002	0.000	0.000
242	  E	  0.1	  0.3	0.611	0.000	0.000
243	  T	  2.5	  0.2	0.000	0.000	0.000
244	  I	  3.3	  0.1	0.000	0.000	0.000
245	  F	  9.1	  0.0	0.000	0.000	0.000
246	  E	 12.0	  0.0	0.000	0.000	0.000
247	  I	 11.4	  0.0	0.000	0.000	0.000
248	  D	  6.3	  0.3	0.557	0.000	0.000
249	  P	  0.3	  0.3	0.557	0.000	0.000
250	  H	  0.6	  0.3	1.325	0.000	0.000
251	  L	  0.6	  0.3	1.325	0.000	0.000
252	  Q	  0.7	  0.1	1.325	0.000	0.000
253	  E	  0.2	  0.1	1.325	0.000	0.000
254	  R	  5.8	  0.1	1.126	0.000	0.000
255	  V	  5.9	  0.1	1.126	0.000	0.000
256	  D	  5.8	  0.4	1.126	0.000	0.000
257	  K	  0.3	  0.4	0.694	0.000	0.000
258	  G	  0.1	  0.4	0.694	0.000	0.000
259	  I	  0.7	  0.4	0.000	0.000	0.000
260	  E	  0.7	  0.2	0.000	0.000	0.000
261	  T	  0.7	  0.6	0.000	0.000	0.000
262	  D	  0.1	  1.3	0.000	0.000	0.000
263	  G	  0.0	  1.6	0.000	0.000	0.000
264	  S	  0.0	  1.4	0.000	0.000	0.000
265	  N	  0.3	  2.5	0.000	0.000	0.000
266	  L	  0.4	  2.0	0.000	0.000	0.000
267	  S	  0.5	  1.7	0.130	0.000	0.000
268	  G	  0.2	  1.6	0.130	0.000	0.000
269	  V	  2.2	  0.2	0.130	0.000	0.000
270	  S	  2.4	  0.2	0.261	0.000	0.000
271	  A	  2.5	  0.2	0.261	0.000	0.000
272	  K	  1.2	  0.2	0.261	0.000	0.000
273	  C	  1.3	  0.3	0.131	0.000	0.000
274	  A	  1.3	  0.2	0.131	0.000	0.000
275	  W	  0.6	  0.5	0.131	0.000	0.000
276	  D	  0.3	  0.6	0.000	0.000	0.000
277	  D	  0.3	  1.2	0.000	0.000	0.000
278	  L	  0.4	  1.2	0.000	0.000	0.000
279	  S	  0.4	  0.7	0.000	0.000	0.000
280	  R	  0.2	  0.7	0.000	0.000	0.000
281	  P	  0.0	  0.3	0.000	0.000	0.000
282	  P	  0.0	  0.8	0.000	0.000	0.000
283	  E	  0.0	  0.9	0.000	0.000	0.000
284	  D	  0.0	  1.0	0.000	0.000	0.000
285	  D	  0.0	  4.3	1.216	0.000	0.000
286	  E	  0.0	  3.9	1.216	0.000	0.000
287	  D	  0.1	  4.0	1.216	0.000	0.000
288	  S	  1.7	  4.3	1.216	0.000	0.000
289	  R	  2.4	  0.7	1.216	0.000	0.000
290	  S	  2.8	  0.6	1.216	0.000	0.000
291	  I	  3.0	  0.5	0.216	0.000	0.000
292	  C	  3.0	  0.2	0.216	0.000	0.000
293	  I	  2.5	  0.3	0.000	0.000	0.000
294	  G	  0.8	  0.3	0.000	0.000	0.000
295	  T	  0.3	  0.3	0.000	0.000	0.000
296	  Q	  0.2	  0.3	0.000	0.000	0.000
297	  P	  0.2	  0.2	0.000	0.000	0.000
298	  R	  0.4	  0.2	0.000	0.000	0.000
299	  R	  0.9	  0.4	0.000	0.000	0.000
300	  L	  1.0	  0.5	0.000	0.000	0.000
301	  S	  0.6	  0.7	0.000	0.000	0.000
302	  G	  0.2	  0.9	0.760	0.000	0.000
303	  K	  0.3	  0.8	0.760	0.000	0.000
304	  D	  0.4	  0.6	2.088	0.000	0.000
305	  T	  0.5	  0.4	12.524	0.000	0.000
306	  E	  0.2	  0.1	13.057	0.000	0.000
307	  Q	  1.2	  0.1	13.057	0.000	0.000
308	  I	  1.4	  0.1	12.764	0.000	0.000
309	  R	  1.4	  0.1	12.891	0.000	0.000
310	  E	  0.4	  0.1	12.891	0.000	0.000
311	  T	  2.2	  0.1	12.673	0.000	0.000
312	  L	  2.3	  0.2	12.673	0.000	0.000
313	  R	  2.4	  0.2	12.207	0.000	0.000
314	  R	  0.3	  0.2	8.731	0.000	0.000
315	  G	  0.2	  0.2	4.551	0.000	0.000
316	  L	  1.4	  0.1	2.412	0.000	0.000
317	  E	  5.0	  0.0	1.672	0.000	0.000
318	  I	  6.1	  0.0	0.929	0.000	0.000
319	  N	  5.2	  0.0	0.929	0.000	0.000
320	  S	  1.6	  0.0	0.338	0.000	0.000
321	  K	  0.4	  0.0	0.165	0.000	0.000
322	  P	  0.1	  0.0	0.000	0.000	0.000
323	  V	  0.0	  0.0	0.000	0.000	0.000
324	  L	  0.0	  0.0	0.000	0.000	0.000
325	  P	  0.0	  0.0	0.000	0.000	0.000
326	  P	  0.0	  0.0	0.000	0.000	0.000
327	  I	  0.3	  0.0	0.000	0.000	0.000
328	  N	  0.3	  0.5	0.153	0.000	0.000
329	  P	  0.3	  0.5	0.153	0.000	0.000
330	  Q	  0.6	  0.6	0.153	0.000	0.000
331	  R	  2.0	  1.1	0.153	0.000	0.000
332	  Q	  2.1	  1.2	0.153	0.000	0.000
333	  N	  1.5	  1.2	0.153	0.000	0.000
334	  G	  0.1	  1.2	0.000	0.000	0.000
335	  L	  0.2	  0.7	0.000	0.000	0.000
336	  A	  0.3	  0.1	0.000	0.000	0.000
337	  H	  0.3	  0.1	0.000	0.000	0.000
338	  D	  0.1	  0.1	0.000	0.000	0.000
339	  R	  0.1	  0.1	0.000	0.000	0.000
340	  A	  0.1	  0.5	0.000	0.000	0.000
341	  P	  0.0	  0.5	0.000	0.000	0.000
342	  S	  0.1	  0.6	0.000	0.000	0.000
343	  R	  0.6	  1.1	0.000	0.000	0.000
344	  K	  0.6	  0.7	0.000	0.000	0.000
345	  D	  0.5	  0.7	0.000	0.000	0.000
346	  S	  1.1	  0.6	0.000	0.000	0.000
347	  L	  1.2	  0.3	0.000	0.000	0.000
348	  E	  1.3	  0.4	0.000	0.000	0.000
349	  S	  0.2	  0.8	0.000	0.000	0.000
350	  D	  0.1	  2.0	0.000	0.000	0.000
351	  S	  0.4	  2.0	0.000	0.000	0.000
352	  S	  0.5	  1.8	0.000	0.000	0.000
353	  T	  0.9	  1.3	0.000	0.000	0.000
354	  A	  1.9	  0.1	0.000	0.000	0.000
355	  I	  2.2	  0.0	0.000	0.000	0.000
356	  I	  1.8	  0.0	0.000	0.000	0.000
357	  P	  0.5	  0.0	0.000	0.000	0.000
358	  H	  0.3	  0.1	0.000	0.000	0.000
359	  E	  0.3	  0.1	0.000	0.000	0.000
360	  L	  0.5	  0.1	0.000	0.000	0.000
361	  I	  1.4	  0.1	0.000	0.000	0.000
362	  R	  1.5	  0.0	0.000	0.000	0.000
363	  T	  3.0	  0.1	0.188	0.000	0.000
364	  R	  2.6	  0.1	0.188	0.000	0.000
365	  Q	  3.7	  0.1	0.188	0.000	0.000
366	  L	  2.3	  0.2	0.188	0.000	0.000
367	  E	  1.5	  0.1	0.188	0.000	0.000
368	  S	  1.9	  0.1	0.868	0.000	0.000
369	  V	  6.2	  0.1	0.680	0.000	0.000
370	  H	  6.7	  0.0	0.680	0.000	0.000
371	  L	  5.9	  0.0	0.680	0.000	0.000
372	  K	  2.3	  0.0	0.680	0.000	0.000
373	  F	  3.1	  0.0	0.680	0.000	0.000
374	  N	  2.5	  0.1	0.000	0.000	0.000
375	  Q	  1.7	  0.4	0.000	0.000	0.000
376	  E	  0.3	  0.6	0.000	0.000	0.000
377	  S	  0.1	  0.9	0.000	0.000	0.000
378	  G	  0.0	  0.8	0.000	0.000	0.000
379	  A	  0.5	  0.5	0.000	0.000	0.000
380	  L	  0.6	  0.3	0.000	0.000	0.000
381	  I	  0.6	  0.0	0.000	0.000	0.000
382	  P	  0.1	  0.0	0.138	0.000	0.000
383	  L	  1.3	  0.0	0.138	0.000	0.000
384	  C	  3.0	  0.1	0.697	0.000	0.000
385	  L	  3.2	  0.3	0.697	0.000	0.000
386	  R	  2.0	  0.4	0.697	0.000	0.000
387	  G	  0.3	  0.4	0.697	0.000	0.000
388	  R	  0.5	  0.3	0.559	0.000	0.000
389	  L	  0.9	  0.1	0.559	0.000	0.000
390	  L	  1.1	  0.9	0.559	0.000	0.000
391	  H	  0.7	  1.1	0.559	0.000	0.000
392	  G	  0.2	  1.2	0.188	0.000	0.000
393	  R	  1.4	  1.2	0.000	0.000	0.000
394	  H	  4.0	  0.3	0.000	0.000	0.000
395	  F	 15.4	  0.1	0.000	0.000	0.000
396	  T	 25.6	  0.0	0.000	0.000	0.000
397	  Y	 23.8	  0.1	0.000	0.000	0.000
398	  K	 13.4	  0.1	0.000	0.000	0.000
399	  S	  3.6	  0.1	0.000	0.000	0.000
400	  I	  4.9	  0.2	0.000	0.000	0.000
401	  T	  4.6	  1.5	0.000	0.000	0.000
402	  G	  2.3	  1.5	0.000	0.000	0.000
403	  D	  0.0	  1.5	0.104	0.000	0.000
404	  M	  0.4	  1.5	0.104	16.384	16.384
405	  A	  0.8	  0.0	0.104	29.814	29.814
406	  I	 16.1	  0.0	0.104	37.917	37.917
407	  T	 20.3	  0.0	0.104	38.252	38.252
408	  F	 21.3	  0.0	0.104	38.410	38.410
409	  V	  7.1	  0.1	0.000	37.348	37.348
410	  S	  2.3	  0.2	0.000	13.901	13.901
411	  T	  0.9	  0.2	0.000	6.597	6.597
412	  G	  0.2	  0.2	0.000	2.015	2.015
413	  V	  0.3	  0.3	0.000	1.929	1.929
414	  E	  0.3	  0.5	0.000	0.000	0.000
415	  G	  0.2	  0.5	0.000	0.000	0.000
416	  A	  0.2	  0.5	0.000	0.000	0.000
417	  F	  0.5	  0.3	0.000	0.000	0.000
418	  A	  0.5	  0.0	0.000	0.000	0.000
419	  T	  0.4	  0.1	0.000	0.000	0.000
420	  E	  0.4	  0.1	0.000	0.000	0.000
421	  E	  0.4	  0.1	0.000	0.000	0.000
422	  H	  0.3	  0.5	0.000	0.000	0.000
423	  P	  0.0	  0.4	0.000	0.000	0.000
424	  Y	  0.8	  0.4	0.000	0.000	0.000
425	  A	  0.9	  0.7	0.000	0.000	0.000
426	  A	  1.0	  0.3	0.000	0.000	0.000
427	  H	  0.2	  0.3	0.000	0.000	0.000
428	  G	  0.1	  0.5	0.000	0.000	0.000
429	  P	  0.0	  0.2	0.000	0.000	0.000
430	  W	  0.5	  0.2	0.000	9.955	9.955
431	  L	  2.1	  0.2	0.000	11.666	11.666
432	  Q	  3.1	  0.0	0.000	11.666	11.666
433	  I	  5.7	  0.0	0.000	11.666	11.666
434	  L	  4.3	  0.0	0.000	11.666	11.666
435	  L	  3.4	  0.0	0.000	8.764	8.764
436	  T	  0.3	  0.1	0.178	1.561	1.561
437	  E	  0.1	  0.1	0.178	0.000	0.000
438	  E	  0.2	  0.1	0.648	0.000	0.000
439	  F	  2.3	  0.1	0.648	0.000	0.000
440	  V	  3.4	  0.0	0.648	0.000	0.000
441	  E	  3.4	  0.0	0.648	0.000	0.000
442	  K	  1.5	  0.0	0.648	0.000	0.000
443	  M	  0.5	  0.0	0.648	0.000	0.000
444	  L	  0.5	  0.3	0.648	0.000	0.000
445	  E	  0.2	  0.3	0.648	0.000	0.000
446	  D	  0.3	  0.3	0.648	0.000	0.000
447	  L	  0.3	  0.5	0.187	0.000	0.000
448	  E	  0.3	  0.3	0.187	0.000	0.000
449	  D	  0.3	  0.3	0.000	0.000	0.000
450	  L	  1.2	  0.3	0.000	0.000	0.000
451	  T	  1.3	  0.0	0.000	0.000	0.000
452	  S	  1.1	  0.3	0.445	0.000	0.000
453	  P	  0.1	  0.4	0.445	0.000	0.000
454	  E	  0.1	  0.4	0.445	0.000	0.000
455	  E	  3.3	  0.4	0.445	0.000	0.000
456	  F	  6.2	  0.1	0.445	0.000	0.000
457	  K	  6.2	  0.0	0.445	0.000	0.000
458	  L	  3.1	  0.1	0.209	0.000	0.000
459	  P	  0.1	  0.2	0.000	0.000	0.000
460	  K	  0.2	  0.2	0.000	0.000	0.000
461	  E	  1.6	  0.2	0.000	0.000	0.000
462	  Y	 11.3	  0.1	0.000	0.000	0.000
463	  S	 11.4	  0.0	0.000	0.000	0.000
464	  W	 10.0	  0.2	0.000	0.000	0.000
465	  P	  0.2	  0.3	0.000	0.000	0.000
466	  E	  0.4	  0.3	0.000	0.000	0.000
467	  K	  0.4	  0.3	0.000	0.000	0.000
468	  K	  1.5	  0.1	0.000	0.000	0.000
469	  L	  2.9	  0.1	0.000	0.000	0.000
470	  K	  4.0	  0.0	0.000	0.000	0.000
471	  V	  6.6	  0.0	0.000	0.000	0.000
472	  S	  5.5	  0.0	0.000	0.000	0.000
473	  I	  4.6	  0.0	0.000	0.000	0.000
474	  L	  1.0	  0.6	0.000	0.000	0.000
475	  P	  0.3	  0.6	0.000	0.000	0.000
476	  D	  1.1	  0.6	0.000	0.000	0.000
477	  V	  4.8	  0.6	0.000	0.000	0.000
478	  V	  8.0	  0.0	0.000	0.000	0.000
479	  F	  8.5	  0.0	0.000	0.000	0.000
480	  D	  4.9	  0.0	0.000	0.000	0.000
481	  S	  1.7	  0.2	0.000	0.000	0.000
482	  P	  0.0	  0.2	0.000	0.000	0.000
483	  L	  0.0	  0.2	0.000	0.000	0.000
484	  H	  0.0	  0.2	0.000	0.000	0.000
