res	aa	Beta	Turn	Helix	Aggregation	Conc-Stab_Aggregation
01	  M	  2.9	  0.0	0.000	0.000	0.000
02	  T	  4.4	  0.0	0.000	0.000	0.000
03	  L	  6.6	  0.0	0.000	0.000	0.000
04	  D	  3.8	  0.0	0.000	0.000	0.000
05	  V	  2.2	  0.1	0.000	0.000	0.000
06	  G	  0.0	  0.4	0.000	0.000	0.000
07	  P	  0.0	  0.7	0.000	0.000	0.000
08	  E	  0.0	  0.8	0.000	0.000	0.000
09	  D	  0.0	  0.7	0.000	0.000	0.000
10	  E	  0.0	  0.4	0.000	0.000	0.000
11	  L	  0.0	  1.8	0.000	0.000	0.000
12	  P	  0.0	  1.8	1.040	0.000	0.000
13	  D	  0.1	  1.8	3.383	0.000	0.000
14	  W	  0.5	  1.8	4.678	0.000	0.000
15	  A	  0.5	  0.0	4.796	0.000	0.000
16	  A	  0.5	  0.0	4.796	0.000	0.000
17	  A	  0.1	  0.1	4.796	0.000	0.000
18	  K	  0.3	  0.1	4.634	0.000	0.000
19	  E	  0.7	  0.1	3.467	0.000	0.000
20	  F	  2.8	  0.1	2.475	0.000	0.000
21	  Y	  4.5	  0.0	1.001	0.000	0.000
22	  Q	  4.6	  0.0	0.459	0.000	0.000
23	  K	  3.8	  0.0	0.118	0.000	0.000
24	  Y	  2.2	  0.0	0.118	0.000	0.000
25	  D	  1.5	  0.6	1.527	0.000	0.000
26	  P	  0.2	  0.9	1.409	0.000	0.000
27	  K	  0.2	  0.9	1.409	0.000	0.000
28	  D	  2.1	  0.9	1.409	0.000	0.000
29	  V	  3.2	  0.3	1.409	0.000	0.000
30	  I	  3.1	  0.6	1.409	0.000	0.000
31	  G	  1.2	  0.8	1.409	0.000	0.000
32	  R	  0.2	  0.8	1.145	0.000	0.000
33	  G	  0.1	  0.8	0.659	0.000	0.000
34	  V	  1.4	  0.2	0.000	0.000	0.000
35	  S	  1.5	  0.1	0.141	0.000	0.000
36	  S	  2.4	  0.0	0.414	0.000	0.000
37	  V	  3.9	  0.0	0.414	0.000	0.000
38	  V	  5.0	  0.0	0.414	0.000	0.000
39	  R	  4.1	  0.0	0.414	0.000	0.000
40	  R	  2.5	  0.0	0.414	0.000	0.000
41	  C	  3.1	  0.0	0.273	0.000	0.000
42	  V	  4.6	  0.0	0.116	0.000	0.000
43	  H	  3.7	  0.0	0.116	0.000	0.000
44	  R	  2.1	  0.3	0.000	0.000	0.000
45	  A	  0.6	  0.5	0.000	0.000	0.000
46	  T	  0.3	  0.5	0.000	0.000	0.000
47	  G	  0.1	  0.5	0.000	0.000	0.000
48	  H	  0.6	  0.2	0.000	0.000	0.000
49	  E	  0.9	  0.1	0.000	0.000	0.000
50	  F	  2.1	  0.0	0.000	3.303	3.303
51	  A	  2.2	  0.0	0.000	3.303	3.303
52	  V	  8.8	  0.0	0.000	3.941	3.941
53	  K	  8.2	  0.0	0.000	3.941	3.941
54	  I	  8.3	  0.0	0.000	3.941	3.941
55	  M	  3.4	  0.0	0.000	3.941	3.941
56	  E	  7.6	  0.0	0.000	3.941	3.941
57	  V	  9.8	  0.0	0.000	3.941	3.941
58	  T	  8.2	  0.0	0.360	2.397	2.397
59	  A	  3.4	  0.1	0.360	2.120	2.120
60	  E	  0.4	  0.1	0.360	0.000	0.000
61	  R	  0.9	  0.1	0.360	0.000	0.000
62	  L	  0.9	  0.1	0.360	0.000	0.000
63	  S	  0.9	  0.3	0.641	0.000	0.000
64	  P	  0.1	  0.4	0.282	0.000	0.000
65	  E	  0.0	  0.4	0.282	0.000	0.000
66	  Q	  1.5	  0.4	0.282	0.000	0.000
67	  L	  1.5	  0.1	0.282	0.000	0.000
68	  E	  1.5	  0.1	0.282	0.000	0.000
69	  E	  1.8	  0.0	0.282	0.000	0.000
70	  V	  2.3	  0.1	0.152	0.000	0.000
71	  R	  2.3	  0.0	0.527	0.000	0.000
72	  E	  0.7	  0.0	0.375	0.000	0.000
73	  A	  0.4	  0.1	0.375	0.000	0.000
74	  T	  1.3	  0.1	0.375	0.000	0.000
75	  R	  1.2	  0.1	0.375	0.000	0.000
76	  R	  1.0	  0.2	0.375	0.000	0.000
77	  E	  0.7	  0.1	0.148	0.000	0.000
78	  T	  2.8	  0.1	0.544	0.000	0.000
79	  H	  7.7	  0.1	0.544	0.000	0.000
80	  I	  9.4	  0.0	0.544	0.000	0.000
81	  L	  7.5	  0.0	0.544	0.000	0.000
82	  R	  3.2	  0.0	0.544	0.000	0.000
83	  Q	  1.0	  0.0	0.544	0.000	0.000
84	  V	  1.4	  0.2	0.126	0.000	0.000
85	  A	  0.9	  0.2	0.126	0.000	0.000
86	  G	  0.7	  0.2	0.126	0.000	0.000
87	  H	  0.1	  0.5	0.126	0.000	0.000
88	  P	  0.0	  0.3	0.000	0.000	0.000
89	  H	  9.2	  0.3	0.000	0.409	0.409
90	  I	 13.1	  0.3	0.000	55.760	55.760
91	  I	 22.4	  0.0	0.000	55.760	55.760
92	  T	 14.0	  0.0	0.000	55.760	55.760
93	  L	 10.3	  0.0	0.000	55.760	55.760
94	  I	  1.6	  0.1	0.000	55.760	55.760
95	  D	  1.5	  0.2	0.000	0.000	0.000
96	  S	  8.1	  0.2	0.000	0.000	0.000
97	  Y	  8.6	  0.3	0.000	0.000	0.000
98	  E	  8.2	  0.3	0.000	0.000	0.000
99	  S	  2.2	  1.0	0.000	0.059	0.059
100	  S	  1.2	  1.0	0.000	0.548	0.548
101	  S	  1.7	  0.9	0.000	10.743	10.743
102	  F	  1.7	  0.9	0.000	91.506	91.506
103	  M	  2.3	  0.0	0.000	97.597	97.597
104	  F	  2.7	  0.0	0.000	97.614	97.614
105	  L	  3.2	  0.0	0.276	97.614	97.614
106	  V	  5.5	  0.0	0.276	97.431	97.431
107	  F	  5.7	  0.1	0.426	90.569	90.569
108	  D	  4.4	  0.1	1.318	0.343	0.343
109	  L	  1.4	  0.1	1.318	0.343	0.343
110	  M	  0.5	  0.2	1.318	0.343	0.343
111	  R	  0.5	  0.5	1.318	0.343	0.343
112	  K	  0.4	  0.6	1.318	0.004	0.004
113	  G	  0.1	  0.6	1.007	0.004	0.004
114	  E	  0.2	  0.5	0.325	0.004	0.004
115	  L	  0.5	  0.2	0.000	0.004	0.004
116	  F	  2.9	  0.2	0.000	0.004	0.004
117	  D	  2.7	  0.1	1.634	0.000	0.000
118	  Y	  2.8	  0.1	1.795	0.000	0.000
119	  L	  0.5	  0.0	1.795	0.000	0.000
120	  T	  0.8	  0.1	2.558	0.000	0.000
121	  E	  0.4	  0.1	2.558	0.000	0.000
122	  K	  2.5	  0.1	2.558	0.000	0.000
123	  V	  5.7	  0.1	1.990	0.000	0.000
124	  A	  5.8	  0.0	1.990	0.000	0.000
125	  L	  3.8	  0.0	1.768	0.000	0.000
126	  S	  0.4	  0.1	2.130	0.000	0.000
127	  E	  0.2	  0.2	1.001	0.000	0.000
128	  K	  0.3	  0.2	0.662	0.000	0.000
129	  E	  0.4	  0.2	0.662	0.000	0.000
130	  T	  2.5	  0.2	0.662	0.000	0.000
131	  R	  3.1	  0.2	0.662	0.000	0.000
132	  S	  3.3	  0.1	0.820	0.000	0.000
133	  I	  3.8	  0.1	0.452	0.000	0.000
134	  M	  3.7	  0.1	0.569	0.000	0.000
135	  R	  3.9	  0.1	0.458	0.000	0.000
136	  S	  1.4	  0.1	1.300	0.000	0.000
137	  L	  0.8	  0.1	1.300	0.000	0.000
138	  L	  0.5	  0.1	1.300	0.000	0.000
139	  E	  0.3	  0.0	1.300	0.000	0.000
140	  A	  0.8	  0.0	1.300	1.874	1.874
141	  V	  4.9	  0.0	1.178	1.874	1.874
142	  S	  5.4	  0.0	1.381	1.874	1.874
143	  F	  5.4	  0.0	0.478	1.874	1.874
144	  L	  1.5	  0.0	0.203	1.874	1.874
145	  H	  1.1	  0.8	0.203	0.000	0.000
146	  A	  0.5	  0.8	0.203	0.000	0.000
147	  N	  0.3	  0.8	0.203	0.000	0.000
148	  N	  2.3	  0.8	0.000	0.000	0.000
149	  I	  4.2	  0.0	0.000	0.000	0.000
150	  V	  5.7	  0.0	0.000	0.000	0.000
151	  H	  3.7	  0.4	0.000	0.000	0.000
152	  R	  1.9	  0.5	0.000	0.000	0.000
153	  D	  0.6	  0.5	0.000	0.000	0.000
154	  L	  0.5	  0.5	0.000	0.000	0.000
155	  K	  0.5	  0.2	0.000	0.000	0.000
156	  P	  0.1	  0.5	0.000	0.000	0.000
157	  E	  0.0	  0.5	0.000	0.000	0.000
158	  N	  0.2	  0.5	0.000	0.000	0.000
159	  I	  3.3	  0.3	0.000	0.000	0.000
160	  L	  3.7	  0.0	0.000	0.000	0.000
161	  L	  3.6	  0.2	0.000	0.000	0.000
162	  D	  0.5	  1.0	0.000	0.000	0.000
163	  D	  0.1	  1.0	0.000	0.000	0.000
164	  N	  0.3	  1.0	1.736	0.000	0.000
165	  M	  2.2	  0.8	1.736	0.000	0.000
166	  Q	  3.3	  0.0	1.736	0.000	0.000
167	  I	  7.3	  0.0	1.736	0.000	0.000
168	  R	  5.9	  0.0	1.736	0.000	0.000
169	  L	  4.8	  0.5	1.736	0.000	0.000
170	  S	  0.5	  0.5	1.300	0.000	0.000
171	  D	  0.1	  0.6	0.223	0.000	0.000
172	  F	  0.2	  0.7	0.000	0.000	0.000
173	  G	  0.2	  0.2	0.000	0.000	0.000
174	  F	 19.3	  0.2	0.000	0.000	0.000
175	  S	 22.2	  0.0	0.000	0.000	0.000
176	  C	 23.3	  0.0	0.000	0.000	0.000
177	  H	  5.9	  0.0	0.000	0.000	0.000
178	  L	  2.3	  0.0	0.000	0.000	0.000
179	  E	  1.1	  0.8	0.000	0.000	0.000
180	  P	  0.1	  0.9	0.000	0.000	0.000
181	  G	  0.0	  1.0	1.762	0.000	0.000
182	  E	  0.1	  1.0	2.050	0.000	0.000
183	  K	  0.8	  0.2	2.050	0.000	0.000
184	  L	  0.8	  0.1	2.050	0.000	0.000
185	  R	  0.8	  0.1	2.050	0.000	0.000
186	  E	  0.3	  0.1	2.050	0.000	0.000
187	  L	  0.4	  0.1	1.564	0.000	0.000
188	  C	  0.4	  0.1	0.994	0.000	0.000
189	  G	  0.2	  0.0	0.599	0.000	0.000
190	  T	  0.1	  1.4	0.000	0.000	0.000
191	  P	  0.0	  1.4	0.000	0.000	0.000
192	  G	  0.0	  1.4	0.000	0.000	0.000
193	  Y	  1.6	  1.4	0.000	0.000	0.000
194	  L	  1.6	  0.0	0.000	0.000	0.000
195	  A	  1.6	  0.2	0.152	0.000	0.000
196	  P	  0.0	  0.2	0.152	0.000	0.000
197	  E	  0.2	  0.2	0.152	0.000	0.000
198	  I	  1.1	  0.2	0.152	0.000	0.000
199	  L	  3.2	  0.0	0.152	0.000	0.000
200	  K	  3.6	  0.0	0.152	0.000	0.000
201	  C	  4.4	  0.0	0.152	0.000	0.000
202	  S	  4.9	  0.8	0.000	0.000	0.000
203	  M	  4.3	  0.8	0.000	0.000	0.000
204	  D	  2.8	  1.1	0.000	0.000	0.000
205	  E	  0.9	  1.1	0.000	0.000	0.000
206	  T	  1.1	  0.3	0.000	0.000	0.000
207	  H	  1.1	  3.0	0.000	0.000	0.000
208	  P	  0.2	  2.7	0.000	0.000	0.000
209	  G	  0.0	  2.9	0.000	0.000	0.000
210	  Y	  0.1	  3.1	0.000	0.000	0.000
211	  G	  0.2	  0.5	0.000	0.000	0.000
212	  K	  0.7	  0.5	0.000	0.000	0.000
213	  E	  5.6	  0.3	0.000	0.000	0.000
214	  V	  8.0	  0.1	0.000	0.000	0.000
215	  D	  7.7	  0.0	0.129	0.000	0.000
216	  L	  3.0	  0.0	0.129	31.456	31.456
217	  W	  1.3	  0.1	0.129	37.216	37.216
218	  A	  1.0	  0.1	0.129	38.057	38.057
219	  C	  1.0	  0.1	0.129	39.051	39.051
220	  G	  0.3	  0.1	0.129	43.760	43.760
221	  V	  7.5	  0.0	0.000	94.732	94.732
222	  I	  8.8	  0.0	0.000	99.321	99.321
223	  L	  9.1	  0.0	0.000	99.690	99.690
224	  F	  6.4	  0.0	0.000	99.642	99.642
225	  T	  5.6	  0.0	0.000	98.521	98.521
226	  L	  5.5	  0.0	0.000	97.055	97.055
227	  L	  1.0	  0.4	0.000	88.648	88.648
228	  A	  0.3	  0.4	0.000	42.538	42.538
229	  G	  0.1	  0.4	0.000	3.515	3.515
230	  S	  0.0	  0.4	0.000	0.002	0.002
231	  P	  0.0	  0.0	0.000	0.000	0.000
232	  P	  0.0	  0.0	0.000	0.000	0.000
233	  F	  0.9	  0.0	0.000	0.000	0.000
234	  W	  1.7	  0.0	0.000	0.000	0.000
235	  H	  2.2	  0.1	1.538	0.000	0.000
236	  R	  1.8	  0.1	1.538	0.000	0.000
237	  R	  2.1	  0.1	1.538	0.000	0.000
238	  Q	  2.5	  0.1	1.538	0.000	0.000
239	  I	  5.3	  0.0	1.642	0.000	0.000
240	  L	  5.1	  0.0	1.799	0.000	0.000
241	  M	  4.4	  0.0	1.919	0.000	0.000
242	  L	  2.8	  0.0	1.919	0.000	0.000
243	  R	  2.4	  0.0	1.805	0.000	0.000
244	  M	  4.0	  0.0	1.676	0.000	0.000
245	  I	  3.2	  0.0	1.368	0.000	0.000
246	  M	  2.5	  0.5	1.368	0.000	0.000
247	  E	  0.8	  0.6	1.223	0.000	0.000
248	  G	  0.1	  0.6	0.952	0.000	0.000
249	  Q	  3.8	  0.6	0.733	0.000	0.000
250	  Y	  9.3	  0.1	0.000	0.000	0.000
251	  Q	 11.6	  0.0	0.000	0.000	0.000
252	  F	 10.6	  0.0	0.000	0.000	0.000
253	  S	  5.1	  0.0	0.000	0.000	0.000
254	  S	  2.7	  0.3	0.000	0.000	0.000
255	  P	  0.0	  0.3	0.000	0.000	0.000
256	  E	  1.4	  0.4	0.000	0.000	0.000
257	  W	  1.6	  0.5	0.000	0.000	0.000
258	  D	  1.6	  0.3	0.000	0.000	0.000
259	  D	  0.2	  1.2	0.000	0.000	0.000
260	  R	  0.2	  1.2	0.000	0.000	0.000
261	  S	  0.5	  1.2	0.000	0.000	0.000
262	  S	  0.9	  1.1	0.125	0.000	0.000
263	  T	 16.5	  0.2	1.047	0.000	0.000
264	  V	 17.5	  0.2	1.047	0.000	0.000
265	  K	 17.1	  0.1	1.047	0.000	0.000
266	  D	  1.7	  0.1	1.371	0.000	0.000
267	  L	  0.6	  0.1	1.371	0.000	0.000
268	  I	  1.7	  0.0	1.371	0.000	0.000
269	  S	  1.6	  0.1	1.371	0.000	0.000
270	  R	  1.6	  0.1	1.204	0.000	0.000
271	  L	  0.7	  0.1	1.204	0.000	0.000
272	  L	  1.4	  0.0	1.073	0.000	0.000
273	  Q	  1.8	  0.0	0.890	0.000	0.000
274	  V	  1.8	  0.0	0.000	0.000	0.000
275	  D	  1.1	  0.6	3.464	0.000	0.000
276	  P	  0.2	  0.7	3.464	0.000	0.000
277	  E	  0.1	  0.7	3.594	0.000	0.000
278	  A	  0.3	  0.7	3.594	0.000	0.000
279	  R	  1.0	  0.1	3.594	0.000	0.000
280	  L	  1.7	  0.0	3.594	0.000	0.000
281	  T	  1.8	  0.0	4.362	0.000	0.000
282	  A	  1.1	  0.1	4.362	0.000	0.000
283	  E	  0.4	  0.1	4.299	0.000	0.000
284	  Q	  0.2	  0.1	3.499	0.000	0.000
285	  A	  0.4	  0.1	2.906	0.000	0.000
286	  L	  1.2	  0.0	2.752	0.000	0.000
287	  Q	  1.1	  0.0	2.218	0.000	0.000
288	  H	  0.9	  0.2	1.388	0.000	0.000
289	  P	  0.1	  0.2	0.000	0.000	0.000
290	  F	  2.4	  0.2	0.000	0.000	0.000
291	  F	  4.7	  0.3	0.000	0.000	0.000
292	  E	  4.9	  0.1	0.000	0.000	0.000
293	  R	  4.2	  0.1	0.000	0.000	0.000
294	  C	  2.1	  1.2	0.000	0.000	0.000
295	  E	  1.7	  1.6	0.000	0.000	0.000
296	  G	  0.2	  1.5	0.000	0.000	0.000
297	  S	  0.1	  1.5	0.000	0.000	0.000
298	  Q	  0.1	  0.6	0.000	0.000	0.000
299	  P	  0.1	  0.1	0.000	0.000	0.000
300	  W	  1.1	  0.1	0.000	0.000	0.000
301	  N	  1.7	  0.1	0.000	0.000	0.000
302	  L	  1.8	  0.0	0.000	0.000	0.000
303	  T	  0.8	  0.2	1.074	0.000	0.000
304	  P	  0.2	  0.2	1.074	0.000	0.000
305	  R	  0.5	  0.3	1.074	0.000	0.000
306	  Q	  1.2	  0.3	1.074	0.000	0.000
307	  R	  2.3	  0.1	1.074	0.000	0.000
308	  F	  5.6	  0.0	1.074	0.000	0.000
309	  R	  5.7	  0.0	0.133	0.000	0.000
310	  V	 10.8	  0.0	0.000	69.007	69.007
311	  A	  7.4	  0.0	0.000	74.836	74.836
312	  V	  8.3	  0.0	0.000	92.241	92.241
313	  W	  8.2	  0.0	0.000	93.025	93.025
314	  T	 11.0	  0.0	0.596	93.069	93.069
315	  V	 10.4	  0.0	0.596	92.608	92.608
316	  L	  4.7	  0.0	0.596	86.719	86.719
317	  A	  1.2	  0.4	0.596	46.389	46.389
318	  A	  0.1	  0.5	0.596	11.702	11.702
319	  G	  0.1	  0.5	0.797	0.963	0.963
320	  R	  1.0	  0.5	0.390	0.000	0.000
321	  V	  4.5	  0.0	0.201	0.000	0.000
322	  A	  4.7	  0.0	0.201	0.000	0.000
323	  L	  3.9	  0.1	0.201	0.000	0.000
324	  S	  0.9	  0.1	0.201	0.000	0.000
325	  T	  2.6	  0.1	0.000	0.000	0.000
326	  H	  3.5	  0.1	0.000	0.000	0.000
327	  R	  6.4	  0.0	0.000	0.000	0.000
328	  V	  5.0	  0.0	0.000	0.000	0.000
329	  R	  3.8	  0.0	0.000	0.000	0.000
330	  P	  0.4	  0.0	0.000	0.000	0.000
331	  L	  0.5	  0.0	0.000	0.000	0.000
332	  T	  1.0	  0.3	0.756	0.000	0.000
333	  K	  1.1	  0.3	0.756	0.000	0.000
334	  N	  0.6	  0.3	0.894	0.000	0.000
335	  A	  0.4	  0.3	0.894	0.000	0.000
336	  L	  0.4	  0.0	0.894	0.000	0.000
337	  L	  0.8	  0.0	0.894	0.000	0.000
338	  R	  0.5	  0.0	0.582	0.000	0.000
339	  D	  0.4	  0.5	1.450	0.000	0.000
340	  P	  0.0	  0.5	1.294	0.000	0.000
341	  Y	  0.7	  0.5	1.294	0.000	0.000
342	  A	  1.0	  0.5	1.294	0.000	0.000
343	  L	  1.5	  0.1	1.294	0.000	0.000
344	  R	  1.6	  0.1	1.294	0.000	0.000
345	  S	  4.9	  0.1	0.865	0.000	0.000
346	  V	  6.7	  0.1	0.142	0.000	0.000
347	  R	  6.4	  0.0	0.142	0.000	0.000
348	  H	  3.8	  0.0	0.000	0.000	0.000
349	  L	  1.9	  0.1	0.000	0.000	0.000
350	  I	  1.5	  0.2	0.000	0.000	0.000
351	  D	  0.6	  0.2	0.194	0.000	0.000
352	  N	  0.3	  0.2	1.294	0.000	0.000
353	  C	  0.5	  0.2	1.419	0.000	0.000
354	  A	  0.9	  0.0	1.419	0.000	0.000
355	  F	  2.9	  0.0	1.419	0.000	0.000
356	  R	  3.1	  0.0	1.419	0.000	0.000
357	  L	  2.8	  0.0	1.226	0.000	0.000
358	  Y	  0.9	  0.0	0.852	0.000	0.000
359	  G	  0.3	  0.0	0.386	0.000	0.000
360	  H	  1.8	  0.0	0.145	0.000	0.000
361	  W	  3.0	  0.0	0.000	0.000	0.000
362	  V	  3.6	  0.1	0.000	0.000	0.000
363	  K	  2.0	  0.5	0.000	0.000	0.000
364	  K	  0.7	  0.6	0.000	0.000	0.000
365	  G	  0.1	  0.7	0.273	0.000	0.000
366	  E	  0.1	  0.6	0.273	0.000	0.000
367	  Q	  0.3	  0.3	0.273	0.000	0.000
368	  Q	  0.3	  0.3	0.273	0.000	0.000
369	  N	  0.2	  0.2	1.921	0.000	0.000
370	  R	  0.1	  0.2	1.921	0.000	0.000
371	  A	  0.2	  0.1	1.921	0.000	0.000
372	  A	  0.4	  0.0	1.921	0.000	0.000
373	  L	  0.6	  0.0	1.921	0.000	0.000
374	  F	  2.4	  0.1	1.921	0.000	0.000
375	  Q	  2.9	  0.1	1.009	0.000	0.000
376	  H	  2.6	  0.1	0.228	0.000	0.000
377	  R	  0.7	  0.1	0.000	0.000	0.000
378	  P	  0.0	  0.0	0.000	0.000	0.000
379	  P	  0.0	  0.1	0.000	0.000	0.000
380	  G	  0.0	  0.1	0.000	0.000	0.000
381	  P	  0.0	  0.1	0.000	0.000	0.000
382	  F	  0.0	  0.1	0.000	0.000	0.000
383	  P	  0.0	  0.0	0.000	0.000	0.000
384	  I	  2.6	  0.0	0.000	0.000	0.000
385	  M	  2.6	  0.0	0.000	0.000	0.000
386	  G	  2.6	  0.3	0.000	0.000	0.000
387	  P	  0.0	  0.3	0.000	0.000	0.000
388	  E	  0.0	  0.5	0.000	0.000	0.000
389	  E	  0.0	  0.7	0.000	0.000	0.000
390	  E	  0.0	  2.6	0.000	0.000	0.000
391	  G	  0.0	  2.7	0.000	0.000	0.000
392	  D	  0.0	  2.7	0.000	0.000	0.000
393	  S	  0.1	  2.4	0.000	0.000	0.000
394	  A	  0.3	  0.2	0.000	0.000	0.000
395	  A	  0.7	  0.1	0.000	0.000	0.000
396	  I	  1.4	  0.0	0.000	0.000	0.000
397	  T	  1.3	  0.3	0.222	0.000	0.000
398	  E	  0.8	  0.3	0.222	0.000	0.000
399	  D	  0.0	  0.4	0.401	0.000	0.000
400	  E	  0.0	  0.3	0.401	0.000	0.000
401	  A	  0.9	  0.1	0.401	21.724	21.724
402	  V	  7.7	  0.0	0.401	21.724	21.724
403	  L	  9.6	  0.0	0.401	21.724	21.724
404	  V	  9.6	  0.0	0.179	21.724	21.724
405	  L	  3.1	  0.0	0.179	21.724	21.724
406	  G	  0.8	  0.0	0.000	0.000	0.000
