res	aa	Beta	Turn	Helix	Aggregation	Conc-Stab_Aggregation
01	  M	  0.1	  0.0	0.000	0.000	0.000
02	  L	  0.1	  0.0	0.000	0.000	0.000
03	  E	  0.1	  0.0	0.000	0.000	0.000
04	  E	  0.1	  0.0	0.000	0.000	0.000
05	  P	  0.0	  0.0	0.000	0.000	0.000
06	  R	  0.0	  0.0	0.000	0.000	0.000
07	  P	  0.0	  0.0	0.000	0.000	0.000
08	  R	  0.0	  0.0	0.000	0.000	0.000
09	  P	  0.0	  0.0	0.000	0.000	0.000
10	  P	  0.0	  1.6	0.000	0.000	0.000
11	  P	  0.0	  1.8	0.000	0.000	0.000
12	  S	  0.0	  1.8	0.000	0.264	0.264
13	  G	  0.1	  1.8	1.349	2.462	2.462
14	  L	  0.1	  0.3	1.349	26.943	26.943
15	  A	  0.1	  0.2	1.349	31.416	31.416
16	  G	  0.1	  0.2	2.993	36.566	36.566
17	  L	  0.6	  0.2	2.993	84.908	84.908
18	  L	  1.3	  0.0	2.993	92.484	92.484
19	  F	  1.9	  0.0	2.993	92.539	92.539
20	  L	  1.7	  0.0	2.993	91.679	91.679
21	  A	  1.1	  0.0	2.993	86.144	86.144
22	  L	  0.9	  0.0	2.993	74.827	74.827
23	  C	  1.3	  0.1	2.880	6.064	6.064
24	  S	  1.3	  0.1	2.546	0.668	0.668
25	  R	  1.0	  0.1	1.244	0.000	0.000
26	  A	  0.5	  0.1	0.467	0.000	0.000
27	  L	  0.5	  0.2	0.344	0.000	0.000
28	  S	  0.3	  0.2	0.842	0.000	0.000
29	  N	  0.1	  0.2	1.235	0.000	0.000
30	  E	  0.3	  0.2	1.064	0.000	0.000
31	  I	  1.5	  0.0	1.064	0.000	0.000
32	  L	  1.5	  0.0	1.064	0.000	0.000
33	  G	  1.3	  0.0	1.064	0.000	0.000
34	  L	  3.0	  0.0	1.064	0.000	0.000
35	  K	  3.0	  0.0	0.413	0.000	0.000
36	  L	  3.0	  1.2	0.000	0.000	0.000
37	  P	  0.1	  1.2	0.000	0.000	0.000
38	  G	  0.0	  1.2	0.000	0.000	0.000
39	  E	  0.0	  1.2	0.000	0.000	0.000
40	  P	  0.0	  0.1	0.000	0.000	0.000
41	  P	  0.0	  0.1	0.000	0.000	0.000
42	  L	  0.8	  0.1	0.000	0.154	0.154
43	  T	  1.1	  0.4	0.000	0.154	0.154
44	  A	  1.1	  0.3	0.000	0.154	0.154
45	  N	  1.3	  0.3	0.000	0.154	0.154
46	  T	  3.9	  0.3	0.000	2.036	2.036
47	  V	  5.6	  0.0	0.000	4.755	4.755
48	  C	  5.0	  0.0	0.000	4.755	4.755
49	  L	  4.4	  0.0	0.000	4.755	4.755
50	  T	  8.0	  0.2	0.114	4.755	4.755
51	  L	  7.8	  0.3	0.114	4.492	4.492
52	  S	  5.7	  0.4	0.277	0.479	0.479
53	  G	  0.2	  0.3	0.277	0.000	0.000
54	  L	  0.3	  0.2	0.277	0.000	0.000
55	  S	  1.1	  0.2	0.668	0.000	0.000
56	  K	  1.4	  0.2	0.553	0.000	0.000
57	  R	  1.9	  0.2	0.553	0.000	0.000
58	  Q	  1.2	  0.2	0.390	0.000	0.000
59	  L	  0.9	  0.1	0.390	0.000	0.000
60	  G	  0.2	  0.1	1.019	0.000	0.000
61	  L	  1.3	  0.0	0.811	0.000	0.000
62	  C	  2.9	  0.0	0.629	0.000	0.000
63	  L	  3.2	  0.0	0.629	0.000	0.000
64	  R	  2.1	  0.0	0.629	0.000	0.000
65	  N	  0.4	  3.1	0.629	0.000	0.000
66	  P	  0.0	  3.1	0.000	0.000	0.000
67	  D	  1.1	  3.1	0.123	0.000	0.000
68	  V	  4.2	  3.1	0.123	0.000	0.000
69	  T	  7.0	  0.2	0.987	0.000	0.000
70	  A	  6.0	  0.2	0.987	0.000	0.000
71	  S	  3.2	  0.2	0.987	0.000	0.000
72	  A	  0.5	  0.2	0.987	0.000	0.000
73	  L	  0.4	  0.1	0.987	0.000	0.000
74	  Q	  0.2	  0.1	0.987	0.000	0.000
75	  G	  0.1	  0.1	0.419	0.000	0.000
76	  L	  3.3	  0.1	0.149	0.000	0.000
77	  H	  7.9	  0.0	0.000	0.000	0.000
78	  I	 11.3	  0.0	0.000	0.000	0.000
79	  A	  9.0	  0.0	0.000	0.000	0.000
80	  V	  5.8	  0.0	0.000	0.000	0.000
81	  H	  2.6	  0.1	0.000	0.000	0.000
82	  E	  2.2	  0.1	0.000	0.000	0.000
83	  C	  1.9	  0.2	0.000	0.000	0.000
84	  Q	  2.0	  0.2	0.000	0.000	0.000
85	  H	  2.2	  0.2	0.000	0.000	0.000
86	  Q	  2.0	  0.2	0.000	0.000	0.000
87	  L	  1.7	  0.2	0.000	0.000	0.000
88	  R	  1.1	  0.2	0.000	0.000	0.000
89	  D	  0.4	  0.2	0.000	0.000	0.000
90	  Q	  0.9	  0.2	0.000	0.000	0.000
91	  R	  4.0	  0.0	0.000	0.000	0.000
92	  W	  8.3	  0.0	0.000	0.000	0.000
93	  N	  8.2	  0.3	0.000	0.000	0.000
94	  C	  9.1	  0.4	0.000	0.000	0.000
95	  S	  4.7	  0.4	0.247	0.000	0.000
96	  A	  4.1	  0.4	0.247	0.000	0.000
97	  L	  0.2	  0.3	0.247	0.000	0.000
98	  E	  0.1	  0.5	0.247	0.000	0.000
99	  G	  0.0	  1.0	0.247	0.000	0.000
100	  G	  0.0	  1.2	0.247	0.000	0.000
101	  G	  0.0	  0.9	0.000	0.000	0.000
102	  R	  0.1	  0.7	0.000	0.000	0.000
103	  L	  0.1	  0.4	0.000	0.000	0.000
104	  P	  0.1	  0.2	0.000	0.000	0.000
105	  H	  0.3	  0.3	0.000	0.000	0.000
106	  H	  0.4	  0.3	0.000	0.000	0.000
107	  S	  0.7	  0.1	1.955	0.000	0.000
108	  A	  1.0	  0.1	1.955	0.000	0.000
109	  I	  1.7	  0.0	1.955	0.000	0.000
110	  L	  1.5	  0.1	1.955	0.000	0.000
111	  K	  1.1	  0.3	1.955	0.000	0.000
112	  R	  0.3	  0.3	1.955	0.000	0.000
113	  G	  0.3	  0.3	0.975	0.000	0.000
114	  F	  0.8	  0.2	0.211	0.000	0.000
115	  R	  0.7	  0.1	0.000	0.000	0.000
116	  E	  0.7	  0.2	0.000	0.000	0.000
117	  S	  0.3	  0.2	0.000	1.273	1.273
118	  A	  0.6	  0.1	0.000	2.321	2.321
119	  F	  7.1	  0.0	0.000	5.993	5.993
120	  S	 26.8	  0.1	0.121	5.993	5.993
121	  F	 29.0	  0.1	0.121	7.694	7.694
122	  S	 24.1	  0.1	0.648	7.391	7.391
123	  M	  3.8	  0.1	0.648	7.960	7.960
124	  L	  0.5	  0.0	0.648	8.312	8.312
125	  A	  0.3	  0.3	0.648	7.016	7.016
126	  A	  0.1	  0.3	0.648	5.467	5.467
127	  G	  0.1	  0.3	0.648	4.159	4.159
128	  V	  2.9	  0.3	0.094	4.302	4.302
129	  M	  3.3	  0.0	0.094	2.416	2.416
130	  H	  3.9	  0.0	0.000	0.270	0.270
131	  A	  1.4	  0.0	0.000	0.533	0.533
132	  V	  2.1	  0.0	0.000	0.533	0.533
133	  A	  1.6	  0.0	0.000	0.533	0.533
134	  T	  1.8	  0.0	0.134	0.533	0.533
135	  A	  0.9	  0.0	0.134	0.533	0.533
136	  C	  2.2	  0.3	0.134	0.270	0.270
137	  S	  1.8	  0.5	0.930	0.000	0.000
138	  L	  1.6	  0.6	0.930	0.000	0.000
139	  G	  0.2	  0.6	0.930	0.000	0.000
140	  K	  0.6	  0.4	0.930	0.000	0.000
141	  L	  1.3	  0.1	0.796	0.000	0.000
142	  V	  8.9	  0.1	0.796	0.000	0.000
143	  S	  9.5	  0.0	0.796	0.000	0.000
144	  C	  9.0	  0.5	0.308	0.000	0.000
145	  G	  1.4	  0.5	0.171	0.000	0.000
146	  C	  0.3	  0.5	0.000	0.000	0.000
147	  G	  0.1	  0.5	0.000	0.000	0.000
148	  W	  0.1	  0.4	0.000	0.000	0.000
149	  K	  0.1	  0.9	0.000	0.000	0.000
150	  G	  0.1	  1.1	0.906	0.000	0.000
151	  S	  0.1	  1.2	1.275	0.000	0.000
152	  G	  0.0	  0.8	16.156	0.000	0.000
153	  E	  0.1	  0.5	18.515	0.000	0.000
154	  Q	  0.1	  0.3	21.118	0.000	0.000
155	  D	  0.1	  0.2	30.256	0.000	0.000
156	  R	  0.4	  0.2	31.005	0.000	0.000
157	  L	  0.7	  0.1	31.269	0.000	0.000
158	  R	  0.8	  0.1	31.046	0.000	0.000
159	  A	  0.5	  0.0	30.613	0.000	0.000
160	  K	  0.4	  0.0	29.722	0.000	0.000
161	  L	  0.5	  0.0	26.492	0.000	0.000
162	  L	  1.4	  0.0	25.964	0.000	0.000
163	  Q	  2.0	  0.0	24.535	0.000	0.000
164	  L	  2.1	  0.0	20.199	0.000	0.000
165	  Q	  1.2	  0.0	17.948	0.000	0.000
166	  A	  0.6	  0.0	13.577	0.000	0.000
167	  L	  0.4	  0.1	12.287	0.000	0.000
168	  S	  0.3	  0.5	9.983	0.000	0.000
169	  R	  0.2	  0.5	6.013	0.000	0.000
170	  G	  0.1	  0.7	1.878	0.000	0.000
171	  K	  0.7	  0.6	0.732	0.000	0.000
172	  S	  0.9	  0.2	0.000	0.000	0.000
173	  F	  0.9	  0.4	0.000	0.000	0.000
174	  P	  0.3	  0.3	0.000	0.000	0.000
175	  H	  0.4	  0.3	0.000	0.000	0.000
176	  S	  0.5	  0.3	0.000	0.000	0.000
177	  L	  0.5	  0.0	0.000	0.000	0.000
178	  P	  0.1	  0.0	0.000	0.000	0.000
179	  S	  0.0	  0.0	0.000	0.000	0.000
180	  P	  0.0	  0.1	0.000	0.000	0.000
181	  G	  0.0	  2.9	0.000	0.000	0.000
182	  P	  0.0	  3.3	0.000	0.000	0.000
183	  G	  0.0	  3.3	0.000	0.000	0.000
184	  S	  0.1	  3.2	0.000	0.000	0.000
185	  S	  0.1	  0.4	0.000	0.000	0.000
186	  P	  0.1	  0.0	0.000	0.000	0.000
187	  S	  0.1	  0.0	0.000	0.000	0.000
188	  P	  0.0	  0.0	0.000	0.000	0.000
189	  G	  0.0	  0.4	0.000	0.000	0.000
190	  P	  0.0	  0.6	0.000	0.000	0.000
191	  Q	  0.2	  0.6	0.000	0.000	0.000
192	  D	  1.6	  0.5	0.000	0.000	0.000
193	  T	  9.6	  0.2	0.000	0.000	0.000
194	  W	 11.4	  0.1	0.000	0.000	0.000
195	  E	 10.0	  0.1	0.000	0.000	0.000
196	  W	  2.2	  0.2	0.000	0.000	0.000
197	  G	  0.1	  0.7	0.000	0.000	0.000
198	  G	  0.1	  0.6	0.000	0.000	0.000
199	  C	  0.5	  0.6	0.000	0.000	0.000
200	  N	  0.6	  0.7	0.000	0.000	0.000
201	  H	  0.7	  0.3	0.000	0.000	0.000
202	  D	  0.4	  1.3	0.000	0.000	0.000
203	  M	  1.9	  1.2	0.000	0.000	0.000
204	  D	  1.7	  1.5	0.786	0.000	0.000
205	  F	  1.7	  1.7	0.786	0.000	0.000
206	  G	  0.1	  0.8	0.786	0.000	0.000
207	  E	  0.3	  0.8	0.786	0.000	0.000
208	  K	  0.9	  0.3	0.786	0.000	0.000
209	  F	  2.6	  0.2	0.786	0.000	0.000
210	  S	  2.7	  1.6	0.786	0.000	0.000
211	  R	  2.2	  1.6	0.122	0.000	0.000
212	  D	  0.5	  1.6	0.000	0.000	0.000
213	  F	  1.2	  1.7	0.000	0.000	0.000
214	  L	  1.3	  0.2	0.000	0.000	0.000
215	  D	  1.4	  0.3	0.000	0.000	0.000
216	  S	  0.6	  0.4	0.000	0.000	0.000
217	  R	  0.3	  0.3	0.000	0.000	0.000
218	  E	  0.2	  0.2	0.000	0.000	0.000
219	  A	  0.1	  0.3	0.144	0.000	0.000
220	  P	  0.0	  0.4	0.276	0.000	0.000
221	  R	  0.3	  0.4	0.400	0.000	0.000
222	  D	  0.6	  0.4	0.858	0.000	0.000
223	  I	  1.0	  0.2	0.858	0.000	0.000
224	  Q	  0.8	  0.0	0.858	0.000	0.000
225	  A	  0.7	  0.0	0.858	0.000	0.000
226	  R	  1.0	  0.0	0.858	0.000	0.000
227	  M	  6.1	  0.0	0.858	0.000	0.000
228	  R	  8.5	  0.0	0.190	0.000	0.000
229	  I	  8.1	  0.0	0.000	0.000	0.000
230	  H	  3.0	  0.2	0.000	0.000	0.000
231	  N	  0.3	  0.2	0.000	0.000	0.000
232	  N	  0.2	  0.2	0.000	0.000	0.000
233	  R	  0.5	  0.3	0.000	0.000	0.000
234	  V	  0.6	  0.3	0.000	0.000	0.000
235	  G	  0.5	  0.4	0.000	0.000	0.000
236	  R	  0.7	  0.4	0.000	0.000	0.000
237	  Q	  1.2	  0.2	0.000	0.000	0.000
238	  V	  4.0	  0.1	0.110	0.000	0.000
239	  V	  4.1	  0.0	0.713	0.000	0.000
240	  T	  3.5	  0.3	6.375	0.000	0.000
241	  E	  0.8	  0.3	6.573	0.000	0.000
242	  N	  0.3	  0.3	8.991	0.000	0.000
243	  L	  0.4	  0.3	8.991	0.000	0.000
244	  K	  0.7	  0.1	8.991	0.000	0.000
245	  R	  0.5	  0.1	8.855	0.000	0.000
246	  K	  1.2	  0.1	7.044	0.000	0.000
247	  C	  1.5	  0.1	3.448	0.000	0.000
248	  K	  2.4	  0.1	1.643	0.000	0.000
249	  C	  2.1	  0.5	0.561	0.000	0.000
250	  H	  1.5	  0.8	0.139	0.000	0.000
251	  G	  0.6	  0.9	0.000	0.000	0.000
252	  T	  0.1	  1.2	0.000	0.000	0.000
253	  S	  0.4	  1.4	0.000	0.000	0.000
254	  G	  0.4	  1.1	0.000	0.000	0.000
255	  S	  3.3	  0.9	0.000	0.000	0.000
256	  C	  4.1	  0.6	0.000	0.000	0.000
257	  Q	  6.0	  0.0	0.000	0.000	0.000
258	  F	  3.5	  0.1	0.000	0.000	0.000
259	  K	  3.1	  0.1	0.000	0.000	0.000
260	  T	  4.9	  0.1	0.000	0.000	0.000
261	  C	  6.7	  0.1	0.000	0.000	0.000
262	  W	  7.0	  0.0	0.000	0.000	0.000
263	  R	  3.5	  0.0	0.000	0.000	0.000
264	  A	  1.2	  0.0	0.000	0.000	0.000
265	  A	  0.2	  0.2	0.000	0.000	0.000
266	  P	  0.0	  0.2	0.000	0.000	0.000
267	  E	  0.7	  0.2	0.000	0.000	0.000
268	  F	  2.6	  0.3	0.000	0.000	0.000
269	  R	  2.9	  0.0	0.000	0.000	0.000
270	  A	  2.3	  0.0	0.000	0.206	0.206
271	  V	  0.5	  0.2	0.000	0.450	0.450
272	  G	  0.3	  0.1	4.255	0.450	0.450
273	  A	  0.3	  0.1	4.255	0.450	0.450
274	  A	  0.4	  0.1	4.720	0.450	0.450
275	  L	  0.4	  0.0	4.720	0.450	0.450
276	  R	  0.4	  0.1	4.720	0.000	0.000
277	  E	  0.1	  0.1	4.720	0.000	0.000
278	  R	  0.2	  0.3	3.839	0.000	0.000
279	  L	  0.2	  0.3	3.234	0.000	0.000
280	  G	  0.2	  0.3	2.848	0.000	0.000
281	  R	  0.4	  0.3	1.709	0.000	0.000
282	  A	  0.6	  0.1	0.518	0.000	0.000
283	  I	  1.6	  0.0	0.199	0.000	0.000
284	  F	  2.4	  0.0	0.199	0.000	0.000
285	  I	  3.6	  0.1	0.000	0.000	0.000
286	  D	  2.7	  0.1	0.000	0.000	0.000
287	  T	  2.4	  0.2	0.000	0.000	0.000
288	  H	  1.1	  0.2	0.000	0.000	0.000
289	  N	  0.9	  1.7	0.000	0.000	0.000
290	  R	  0.1	  1.7	0.000	0.000	0.000
291	  N	  0.1	  2.2	0.000	0.000	0.000
292	  S	  0.1	  2.5	0.000	0.000	0.000
293	  G	  0.0	  1.0	0.000	0.000	0.000
294	  A	  1.0	  0.9	0.000	0.000	0.000
295	  F	  1.5	  0.4	0.000	0.000	0.000
296	  Q	  1.5	  0.1	0.000	0.000	0.000
297	  P	  0.5	  0.2	0.000	0.000	0.000
298	  R	  1.3	  0.2	0.000	0.000	0.000
299	  L	  1.4	  0.2	0.000	0.000	0.000
300	  R	  1.4	  0.2	0.000	0.000	0.000
301	  P	  0.2	  0.2	0.000	0.000	0.000
302	  R	  0.4	  0.2	0.000	0.000	0.000
303	  R	  0.9	  0.4	0.000	0.000	0.000
304	  L	  1.0	  0.4	0.000	0.000	0.000
305	  S	  0.7	  0.6	0.000	0.000	0.000
306	  G	  0.2	  0.6	0.000	0.000	0.000
307	  E	  0.1	  0.5	0.000	0.000	0.000
308	  L	  1.4	  0.3	0.000	0.143	0.143
309	  V	  3.5	  0.0	0.000	0.143	0.143
310	  Y	  5.7	  0.0	0.000	0.143	0.143
311	  F	  6.3	  0.1	0.000	0.143	0.143
312	  E	  4.6	  0.1	0.000	0.143	0.143
313	  K	  2.4	  0.1	0.000	0.143	0.143
314	  S	  0.5	  6.4	0.000	0.000	0.000
315	  P	  0.1	  6.4	0.000	0.000	0.000
316	  D	  0.5	  6.4	0.000	0.000	0.000
317	  F	  3.8	  6.4	0.000	0.000	0.000
318	  C	  5.4	  0.1	0.000	0.000	0.000
319	  E	  5.3	  0.1	0.000	0.000	0.000
320	  R	  2.0	  0.1	0.000	0.000	0.000
321	  D	  0.4	  0.5	0.000	0.000	0.000
322	  P	  0.0	  0.3	0.000	0.000	0.000
323	  T	  0.3	  0.5	0.000	0.000	0.000
324	  M	  0.4	  0.5	0.000	0.000	0.000
325	  G	  0.4	  0.2	0.000	0.000	0.000
326	  S	  0.2	  1.8	0.344	0.000	0.000
327	  P	  0.0	  1.7	0.344	0.000	0.000
328	  G	  0.0	  1.7	0.344	0.000	0.000
329	  T	  0.1	  2.0	0.344	0.000	0.000
330	  R	  0.2	  0.5	0.344	0.000	0.000
331	  G	  0.2	  0.4	0.344	0.000	0.000
332	  R	  0.1	  0.3	0.344	0.000	0.000
333	  A	  0.2	  0.1	0.000	0.000	0.000
334	  C	  0.6	  0.1	0.000	0.000	0.000
335	  N	  0.7	  0.2	0.000	0.000	0.000
336	  K	  0.8	  0.2	0.000	0.000	0.000
337	  T	  0.8	  0.3	0.000	0.000	0.000
338	  S	  0.9	  0.3	0.000	0.000	0.000
339	  R	  1.1	  0.1	0.000	0.000	0.000
340	  L	  0.9	  0.4	0.000	0.000	0.000
341	  L	  0.9	  0.7	0.000	0.000	0.000
342	  D	  0.5	  1.3	0.000	0.000	0.000
343	  G	  0.1	  1.3	0.000	0.000	0.000
344	  C	  0.2	  1.3	0.000	0.000	0.000
345	  G	  0.2	  1.0	0.000	0.000	0.000
346	  S	  0.8	  0.4	0.000	0.000	0.000
347	  L	  5.8	  0.4	0.000	0.000	0.000
348	  C	  9.2	  0.3	0.000	0.000	0.000
349	  C	  8.7	  0.5	0.000	0.000	0.000
350	  G	  3.5	  0.8	0.000	0.000	0.000
351	  R	  0.2	  0.8	0.000	0.000	0.000
352	  G	  0.1	  0.7	0.000	0.000	0.000
353	  H	  0.9	  0.4	0.000	0.000	0.000
354	  N	  1.0	  0.1	0.000	0.000	0.000
355	  V	  3.0	  0.1	0.000	0.000	0.000
356	  L	  2.5	  0.0	0.000	0.000	0.000
357	  R	  2.6	  0.1	0.000	0.000	0.000
358	  Q	  0.7	  0.1	0.000	0.000	0.000
359	  T	  1.4	  0.1	0.153	0.000	0.000
360	  R	  3.2	  0.1	0.153	0.000	0.000
361	  V	  4.6	  0.1	0.153	0.000	0.000
362	  E	  3.9	  0.1	0.153	0.000	0.000
363	  R	  3.1	  0.1	0.153	0.000	0.000
364	  C	  3.4	  0.1	0.153	0.000	0.000
365	  H	  4.1	  0.0	0.000	0.000	0.000
366	  C	  3.5	  0.0	0.000	0.000	0.000
367	  R	  2.4	  0.0	0.000	0.000	0.000
368	  F	  3.7	  0.0	0.000	58.872	58.872
369	  H	  5.0	  0.0	0.000	63.992	63.992
370	  W	 14.5	  0.0	0.000	66.143	66.143
371	  C	 17.4	  0.0	0.000	66.219	66.219
372	  C	 17.5	  0.0	0.000	66.219	66.219
373	  Y	  8.7	  0.0	0.000	66.175	66.175
374	  V	  5.5	  0.0	0.000	66.027	66.027
375	  L	  3.7	  0.0	0.000	63.240	63.240
376	  C	  2.3	  0.1	0.000	4.511	4.511
377	  D	  0.3	  0.2	0.000	0.000	0.000
378	  E	  1.2	  0.2	0.000	0.000	0.000
379	  C	  2.2	  0.2	0.000	0.000	0.000
380	  K	  7.7	  0.1	0.000	0.000	0.000
381	  V	  7.3	  0.0	0.000	0.000	0.000
382	  T	  6.5	  0.0	0.000	0.000	0.000
383	  E	  0.9	  0.0	0.000	0.000	0.000
384	  W	  1.2	  0.0	0.000	3.023	3.023
385	  V	 13.6	  0.0	0.000	3.023	3.023
386	  N	 14.3	  0.0	0.000	3.023	3.023
387	  V	 13.8	  0.0	0.000	3.023	3.023
388	  C	  1.4	  0.0	0.000	3.023	3.023
389	  K	  0.4	  0.0	0.000	0.000	0.000
