res	aa	Beta	Turn	Helix	Aggregation	Conc-Stab_Aggregation
01	  M	  0.1	  0.0	0.000	0.000	0.000
02	  A	  0.7	  0.0	0.000	0.000	0.000
03	  T	 11.2	  0.0	0.000	0.000	0.000
04	  V	 12.5	  0.0	0.000	0.000	0.000
05	  Q	 12.2	  0.0	0.000	0.000	0.000
06	  Q	  3.2	  0.0	0.000	0.000	0.000
07	  L	  1.6	  0.4	0.000	0.000	0.000
08	  E	  1.3	  0.4	0.000	0.000	0.000
09	  G	  0.0	  0.4	0.127	0.000	0.000
10	  R	  0.8	  0.4	0.127	0.000	0.000
11	  W	  2.0	  0.1	0.127	0.000	0.000
12	  R	  2.6	  0.1	0.127	0.000	0.000
13	  L	  2.3	  0.1	0.127	0.000	0.000
14	  V	  2.3	  0.1	0.127	0.000	0.000
15	  D	  1.7	  0.5	0.127	0.000	0.000
16	  S	  1.2	  1.2	0.161	0.000	0.000
17	  K	  0.2	  1.2	0.161	0.000	0.000
18	  G	  0.2	  1.2	1.265	0.000	0.000
19	  F	  0.3	  0.7	1.265	0.000	0.000
20	  D	  0.4	  0.0	3.445	0.000	0.000
21	  E	  0.4	  0.0	3.755	0.000	0.000
22	  Y	  1.1	  0.0	3.755	0.000	0.000
23	  M	  1.1	  0.0	3.755	0.000	0.000
24	  K	  1.1	  0.2	3.755	0.000	0.000
25	  E	  0.2	  0.2	3.596	0.000	0.000
26	  L	  0.2	  0.2	3.409	1.747	1.747
27	  G	  0.1	  0.1	5.881	2.169	2.169
28	  V	  0.5	  0.1	3.516	2.586	2.586
29	  G	  0.9	  0.1	5.447	2.586	2.586
30	  I	  3.5	  0.0	4.996	2.586	2.586
31	  A	  3.4	  0.0	4.996	1.674	1.674
32	  L	  3.2	  0.0	4.996	1.253	1.253
33	  R	  0.9	  0.0	4.996	0.000	0.000
34	  K	  0.8	  0.0	3.827	0.000	0.000
35	  M	  0.7	  0.2	1.938	0.000	0.000
36	  G	  0.3	  0.2	1.158	0.000	0.000
37	  A	  0.2	  0.2	0.295	0.000	0.000
38	  M	  0.2	  0.2	0.295	0.000	0.000
39	  A	  0.2	  0.0	0.000	0.000	0.000
40	  K	  0.2	  2.1	0.000	0.000	0.000
41	  P	  0.0	  2.1	0.000	0.000	0.000
42	  D	  0.8	  2.1	0.000	0.000	0.000
43	  C	  3.6	  2.1	0.000	0.000	0.000
44	  I	  7.6	  0.0	0.000	0.000	0.000
45	  I	 16.2	  0.0	0.000	0.000	0.000
46	  T	 15.2	  0.2	0.000	0.000	0.000
47	  C	 11.3	  1.3	0.000	0.000	0.000
48	  D	  2.0	  1.5	0.000	0.000	0.000
49	  G	  0.1	  1.7	0.000	0.000	0.000
50	  K	  0.1	  1.5	0.000	0.000	0.000
51	  N	  0.4	  0.4	0.000	0.000	0.000
52	  L	  4.0	  0.3	0.000	0.000	0.000
53	  T	 15.2	  0.0	0.000	0.000	0.000
54	  I	 16.3	  0.0	0.000	0.000	0.000
55	  K	 13.2	  0.0	0.000	0.000	0.000
56	  T	  2.1	  0.1	0.102	0.000	0.000
57	  E	  0.7	  0.2	0.102	0.000	0.000
58	  S	  0.5	  0.2	0.102	0.000	0.000
59	  T	  3.4	  0.2	0.102	0.000	0.000
60	  L	  3.4	  0.1	0.102	0.000	0.000
61	  K	  3.9	  0.1	0.102	0.000	0.000
62	  T	  2.7	  0.1	0.000	0.000	0.000
63	  T	  4.3	  0.1	0.000	0.000	0.000
64	  Q	  5.6	  0.0	0.000	0.000	0.000
65	  F	 21.9	  0.0	0.000	0.000	0.000
66	  S	 26.4	  0.0	0.000	0.000	0.000
67	  C	 26.2	  0.1	0.000	0.000	0.000
68	  T	  9.5	  0.1	0.000	0.000	0.000
69	  L	  2.0	  0.1	0.000	0.000	0.000
70	  G	  0.1	  0.2	0.000	0.000	0.000
71	  E	  0.2	  0.1	0.000	0.000	0.000
72	  K	  3.9	  0.1	0.000	0.000	0.000
73	  F	  4.6	  0.1	0.000	0.000	0.000
74	  E	  4.4	  0.1	0.000	0.000	0.000
75	  E	  0.9	  0.1	0.000	0.000	0.000
76	  T	  0.9	  0.1	0.133	0.000	0.000
77	  T	  1.1	  1.3	0.280	0.000	0.000
78	  A	  0.9	  1.7	0.280	0.000	0.000
79	  D	  0.2	  1.9	0.280	0.000	0.000
80	  G	  0.0	  1.9	0.280	0.000	0.000
81	  R	  0.3	  0.7	0.280	0.000	0.000
82	  K	  0.6	  0.2	0.147	0.000	0.000
83	  T	  1.4	  0.2	0.000	0.000	0.000
84	  Q	  1.6	  0.1	0.000	0.000	0.000
85	  T	  4.3	  0.1	0.000	0.000	0.000
86	  V	  4.2	  0.1	0.000	0.000	0.000
87	  C	  4.5	  0.1	0.000	0.000	0.000
88	  N	  3.0	  0.1	0.000	0.000	0.000
89	  F	  3.8	  0.3	0.000	0.000	0.000
90	  T	  3.2	  0.5	0.359	0.000	0.000
91	  D	  1.7	  0.6	0.486	0.000	0.000
92	  G	  0.0	  0.6	0.486	0.000	0.000
93	  A	  0.3	  0.3	0.486	0.000	0.000
94	  L	  0.6	  0.1	0.486	0.000	0.000
95	  V	  2.5	  0.0	0.486	0.000	0.000
96	  Q	  2.7	  0.0	0.486	0.000	0.000
97	  H	  2.6	  0.0	0.000	0.000	0.000
98	  Q	  1.0	  0.0	0.000	0.000	0.000
99	  E	  1.9	  0.2	0.000	0.000	0.000
100	  W	  1.8	  0.7	0.000	0.000	0.000
101	  D	  1.5	  0.7	0.000	0.000	0.000
102	  G	  0.1	  0.8	0.000	0.000	0.000
103	  K	  0.1	  0.7	0.000	0.000	0.000
104	  E	  0.2	  0.2	0.000	0.000	0.000
105	  S	  0.6	  0.2	6.649	0.000	0.000
106	  T	 11.4	  0.1	7.429	0.000	0.000
107	  I	 14.6	  0.0	7.429	0.000	0.000
108	  T	 15.1	  0.0	8.056	0.000	0.000
109	  R	  4.7	  0.1	8.056	0.000	0.000
110	  K	  2.1	  0.1	8.056	0.000	0.000
111	  L	  1.2	  0.7	5.745	0.000	0.000
112	  K	  1.0	  1.8	5.493	0.000	0.000
113	  D	  0.2	  1.8	4.717	0.000	0.000
114	  G	  0.0	  1.8	2.754	0.000	0.000
115	  K	  0.5	  1.2	1.201	0.000	0.000
116	  L	  2.3	  0.1	0.098	0.000	0.000
117	  V	  6.1	  0.0	0.000	0.000	0.000
118	  V	  9.0	  0.0	0.000	0.000	0.000
119	  E	  7.3	  0.0	0.000	0.000	0.000
120	  C	  5.2	  0.0	0.000	0.000	0.000
121	  V	  5.1	  0.1	0.000	0.000	0.000
122	  M	  5.2	  0.1	0.000	0.000	0.000
123	  N	  3.6	  0.1	0.000	0.000	0.000
124	  N	  2.1	  0.1	0.000	0.000	0.000
125	  V	  8.7	  0.0	0.000	0.000	0.000
126	  T	 14.5	  0.0	0.000	0.000	0.000
127	  C	 14.0	  0.0	0.000	0.000	0.000
128	  T	  8.3	  0.0	0.000	0.000	0.000
129	  R	  4.8	  0.0	0.000	0.000	0.000
130	  I	  4.2	  0.0	0.000	0.183	0.183
131	  Y	  5.4	  0.1	0.000	0.183	0.183
132	  E	  2.8	  0.1	0.000	0.183	0.183
133	  K	  6.4	  0.1	0.000	0.183	0.183
134	  V	  4.4	  0.1	0.000	0.183	0.183
135	  E	  4.3	  0.0	0.000	0.000	0.000
