res	aa	Beta	Turn	Helix	Aggregation	Conc-Stab_Aggregation
01	  M	  0.1	  0.2	0.000	0.000	0.000
02	  S	  0.1	  0.2	0.000	0.000	0.000
03	  N	  3.4	  0.2	0.000	0.000	0.000
04	  V	 12.5	  0.2	0.000	0.000	0.000
05	  R	 13.6	  0.0	0.000	0.000	0.000
06	  V	 10.8	  0.3	0.000	0.000	0.000
07	  S	  1.6	  0.7	0.000	0.000	0.000
08	  N	  0.3	  0.7	0.000	0.000	0.000
09	  G	  0.0	  0.7	0.000	0.000	0.000
10	  S	  0.1	  3.1	0.000	0.000	0.000
11	  P	  0.0	  2.8	0.000	0.000	0.000
12	  S	  1.1	  2.8	0.165	0.000	0.000
13	  L	  1.1	  2.8	0.165	0.000	0.000
14	  E	  1.2	  0.1	0.312	0.000	0.000
15	  R	  2.4	  0.3	0.312	0.000	0.000
16	  M	  2.6	  0.3	0.312	0.000	0.000
17	  D	  2.6	  0.5	2.312	0.000	0.000
18	  A	  0.5	  0.5	2.443	0.000	0.000
19	  R	  0.4	  0.3	2.443	0.000	0.000
20	  Q	  0.6	  0.2	2.131	0.000	0.000
21	  A	  0.6	  0.1	2.131	0.000	0.000
22	  E	  0.4	  0.0	2.131	0.000	0.000
23	  H	  0.2	  0.0	1.400	0.000	0.000
24	  P	  0.0	  0.0	0.000	0.000	0.000
25	  K	  0.0	  0.4	0.000	0.000	0.000
26	  P	  0.0	  0.4	0.000	0.000	0.000
27	  S	  0.3	  0.4	0.000	0.000	0.000
28	  A	  0.5	  0.4	0.000	0.000	0.000
29	  C	  1.0	  0.4	0.000	0.000	0.000
30	  R	  0.8	  0.4	0.000	0.000	0.000
31	  N	  1.2	  0.4	0.000	0.000	0.000
32	  L	  0.8	  0.4	0.000	0.000	0.000
33	  F	  0.7	  0.1	0.000	0.000	0.000
34	  G	  0.2	  0.1	0.000	0.000	0.000
35	  P	  0.0	  0.1	0.000	0.000	0.000
36	  V	  0.8	  0.1	0.000	0.000	0.000
37	  D	  0.9	  0.1	1.176	0.000	0.000
38	  H	  1.0	  0.2	1.490	0.000	0.000
39	  E	  0.2	  0.2	1.490	0.000	0.000
40	  E	  0.7	  0.2	1.682	0.000	0.000
41	  L	  0.8	  0.2	1.682	0.000	0.000
42	  T	  1.0	  0.3	2.118	0.000	0.000
43	  R	  0.5	  0.3	2.243	0.000	0.000
44	  D	  0.6	  0.3	2.101	0.000	0.000
45	  L	  0.5	  0.3	1.675	0.000	0.000
46	  E	  1.0	  0.1	1.675	0.000	0.000
47	  K	  1.0	  0.1	1.518	0.000	0.000
48	  H	  1.9	  0.1	0.532	0.000	0.000
49	  C	  1.7	  0.4	0.116	0.000	0.000
50	  R	  1.6	  0.4	0.116	0.000	0.000
51	  D	  0.8	  0.4	1.378	0.000	0.000
52	  M	  0.4	  0.4	1.693	0.000	0.000
53	  E	  0.3	  0.1	2.358	0.000	0.000
54	  E	  0.2	  0.1	2.710	0.000	0.000
55	  A	  0.4	  0.1	2.710	0.000	0.000
56	  S	  1.1	  0.1	3.140	0.000	0.000
57	  Q	  1.2	  0.1	2.890	0.000	0.000
58	  R	  1.4	  0.1	2.422	0.000	0.000
59	  K	  1.3	  0.1	2.064	0.000	0.000
60	  W	  2.9	  0.0	0.693	0.000	0.000
61	  N	  3.3	  0.2	0.693	0.000	0.000
62	  F	  5.0	  0.2	0.177	0.000	0.000
63	  D	  3.7	  0.2	0.000	0.000	0.000
64	  F	  4.6	  0.4	0.000	0.000	0.000
65	  Q	  2.4	  0.2	0.000	0.000	0.000
66	  N	  2.0	  0.2	0.000	0.000	0.000
67	  H	  0.4	  0.2	0.000	0.000	0.000
68	  K	  0.3	  0.0	0.000	0.000	0.000
69	  P	  0.1	  0.0	0.000	0.000	0.000
70	  L	  0.0	  0.5	0.000	0.000	0.000
71	  E	  0.0	  0.8	0.000	0.000	0.000
72	  G	  0.1	  0.8	0.000	0.000	0.000
73	  K	  3.6	  0.8	0.000	0.000	0.000
74	  Y	  7.1	  0.3	0.000	0.000	0.000
75	  E	  8.0	  0.0	0.000	0.000	0.000
76	  W	  5.1	  0.1	0.000	0.000	0.000
77	  Q	  2.0	  0.1	0.000	0.000	0.000
78	  E	  3.1	  0.1	0.000	0.000	0.000
79	  V	  3.6	  0.2	0.000	0.000	0.000
80	  E	  3.3	  0.4	0.000	0.000	0.000
81	  K	  1.2	  0.7	0.000	0.000	0.000
82	  G	  0.0	  0.7	0.000	0.000	0.000
83	  S	  0.1	  0.6	0.000	0.000	0.000
84	  L	  0.1	  0.7	0.000	0.000	0.000
85	  P	  0.1	  0.4	0.000	0.000	0.000
86	  E	  0.5	  0.4	0.000	0.000	0.000
87	  F	  2.0	  0.4	0.000	0.000	0.000
88	  Y	  6.1	  0.0	0.000	0.000	0.000
89	  Y	  5.6	  0.0	0.000	0.000	0.000
90	  R	  4.2	  0.0	0.000	0.000	0.000
91	  P	  0.0	  0.0	0.000	0.000	0.000
92	  P	  0.0	  0.0	0.000	0.000	0.000
93	  R	  0.0	  0.0	0.000	0.000	0.000
94	  P	  0.0	  0.7	0.000	0.000	0.000
95	  P	  0.0	  1.2	0.000	0.000	0.000
96	  K	  0.0	  1.3	0.000	0.000	0.000
97	  G	  0.0	  1.3	0.000	0.000	0.000
98	  A	  0.1	  0.6	0.000	0.000	0.000
99	  C	  1.8	  0.1	0.000	0.000	0.000
100	  K	  2.0	  0.0	0.000	0.000	0.000
101	  V	  1.9	  0.0	0.000	0.000	0.000
102	  P	  0.2	  0.0	0.000	0.000	0.000
103	  A	  0.0	  0.0	0.000	0.000	0.000
104	  Q	  0.1	  0.1	0.000	0.000	0.000
105	  E	  0.2	  0.2	0.000	0.000	0.000
106	  S	  0.8	  1.3	0.000	0.000	0.000
107	  Q	  1.2	  1.3	0.000	0.000	0.000
108	  D	  1.9	  2.1	0.000	0.000	0.000
109	  V	  1.9	  2.2	0.000	0.000	0.000
110	  S	  1.8	  1.9	0.000	0.000	0.000
111	  G	  1.0	  1.9	0.000	0.000	0.000
112	  S	  0.4	  1.0	0.000	0.000	0.000
113	  R	  0.1	  0.8	0.000	0.000	0.000
114	  P	  0.0	  0.0	0.000	0.000	0.000
115	  A	  0.0	  0.0	0.000	0.000	0.000
116	  A	  0.0	  0.0	0.000	0.000	0.000
117	  P	  0.0	  0.0	0.000	0.000	0.000
118	  L	  0.1	  0.0	0.000	0.000	0.000
119	  I	  0.3	  0.0	0.000	0.000	0.000
120	  G	  0.3	  0.0	0.000	0.000	0.000
121	  A	  0.2	  0.0	0.000	0.000	0.000
122	  P	  0.0	  0.4	0.000	0.000	0.000
123	  A	  0.0	  0.4	0.000	0.000	0.000
124	  N	  0.1	  0.6	0.000	0.000	0.000
125	  S	  0.2	  2.2	0.000	0.000	0.000
126	  E	  0.2	  1.8	0.000	0.000	0.000
127	  D	  0.2	  1.8	0.000	0.000	0.000
128	  T	  1.2	  1.7	0.000	0.000	0.000
129	  H	  1.9	  0.1	0.000	0.000	0.000
130	  L	  2.9	  0.0	0.000	0.000	0.000
131	  V	  2.1	  0.0	0.000	0.000	0.000
132	  D	  1.3	  0.4	0.000	0.000	0.000
133	  P	  0.2	  0.5	0.000	0.000	0.000
134	  K	  0.3	  0.5	0.000	0.000	0.000
135	  T	  0.3	  0.5	0.000	0.000	0.000
136	  D	  0.3	  6.6	0.000	0.000	0.000
137	  P	  0.0	  6.8	0.000	0.000	0.000
138	  S	  0.1	  7.2	0.000	0.000	0.000
139	  D	  0.1	  7.4	0.131	0.000	0.000
140	  S	  0.4	  1.2	0.131	0.000	0.000
141	  Q	  0.4	  0.9	0.131	0.000	0.000
142	  T	  0.4	  0.5	0.131	0.000	0.000
143	  G	  0.1	  0.3	0.276	0.000	0.000
144	  L	  0.1	  0.1	0.276	0.000	0.000
145	  A	  0.1	  0.2	0.145	0.000	0.000
146	  E	  0.1	  0.1	0.145	0.000	0.000
147	  Q	  0.3	  0.1	0.145	0.000	0.000
148	  C	  0.5	  0.6	0.359	0.000	0.000
149	  A	  0.5	  0.5	0.359	0.000	0.000
150	  G	  0.4	  0.5	0.359	0.000	0.000
151	  I	  1.0	  0.5	0.213	0.000	0.000
152	  R	  1.4	  0.1	0.213	0.000	0.000
153	  K	  1.4	  0.0	0.213	0.000	0.000
154	  R	  0.6	  0.0	0.213	0.000	0.000
155	  P	  0.1	  0.2	0.000	0.000	0.000
156	  A	  0.1	  0.2	0.000	0.000	0.000
157	  T	  0.1	  0.4	0.000	0.000	0.000
158	  D	  0.1	  1.4	0.000	0.000	0.000
159	  D	  0.1	  2.5	0.557	0.000	0.000
160	  S	  0.4	  2.5	0.557	0.000	0.000
161	  S	  0.8	  2.3	0.695	0.000	0.000
162	  T	  1.4	  1.5	0.967	0.000	0.000
163	  Q	  1.2	  0.4	0.967	0.000	0.000
164	  N	  0.9	  0.4	1.106	0.000	0.000
165	  K	  0.4	  0.4	0.794	0.000	0.000
166	  R	  0.6	  0.4	0.549	0.000	0.000
167	  A	  0.5	  0.4	0.411	0.000	0.000
168	  N	  0.3	  0.4	0.285	0.000	0.000
169	  R	  0.1	  0.4	0.139	0.000	0.000
170	  T	  0.1	  0.2	0.000	0.000	0.000
171	  E	  0.1	  0.3	0.000	0.000	0.000
172	  E	  0.1	  0.2	0.000	0.000	0.000
173	  N	  1.6	  0.5	0.000	0.000	0.000
174	  V	  1.8	  0.8	0.000	0.000	0.000
175	  S	  1.8	  1.2	0.000	0.000	0.000
176	  D	  0.2	  1.2	0.000	0.000	0.000
177	  G	  0.0	  0.9	0.000	0.000	0.000
178	  S	  0.0	  6.0	0.000	0.000	0.000
179	  P	  0.0	  5.5	0.000	0.000	0.000
180	  N	  0.0	  6.5	0.000	0.000	0.000
181	  A	  0.0	  6.6	0.000	0.000	0.000
182	  G	  0.0	  1.1	0.000	0.000	0.000
183	  S	  3.8	  1.1	0.000	0.000	0.000
184	  V	  5.1	  0.1	0.000	0.000	0.000
185	  E	  5.2	  0.0	0.000	0.000	0.000
186	  Q	  1.4	  0.0	0.000	0.000	0.000
187	  T	  0.2	  0.2	0.000	0.000	0.000
188	  P	  0.0	  0.2	0.000	0.000	0.000
189	  K	  0.0	  0.2	0.000	0.000	0.000
190	  K	  0.0	  0.8	0.000	0.000	0.000
191	  P	  0.0	  0.6	0.000	0.000	0.000
192	  G	  0.0	  0.6	0.236	0.000	0.000
193	  L	  0.2	  0.7	0.236	0.000	0.000
194	  R	  0.6	  0.1	0.236	0.000	0.000
195	  R	  1.1	  0.1	0.236	0.000	0.000
196	  R	  1.6	  0.1	0.236	0.000	0.000
197	  Q	  1.2	  0.1	0.236	0.000	0.000
198	  T	  0.7	  0.0	0.000	0.000	0.000
