res	aa	Beta	Turn	Helix	Aggregation	Conc-Stab_Aggregation
01	  M	  0.3	  0.0	0.000	0.000	0.000
02	  D	  0.3	  0.0	0.000	0.000	0.000
03	  A	  0.3	  0.0	0.000	0.000	0.000
04	  A	  0.1	  0.0	0.000	0.000	0.000
05	  E	  0.1	  0.4	0.000	0.000	0.000
06	  P	  0.0	  0.4	0.000	0.000	0.000
07	  G	  0.0	  0.4	0.000	0.000	0.000
08	  L	  0.0	  0.4	0.000	0.000	0.000
09	  P	  0.0	  0.0	0.000	0.000	0.000
10	  P	  0.0	  0.0	0.000	0.000	0.000
11	  G	  0.0	  0.9	0.405	0.000	0.000
12	  P	  0.0	  1.6	0.605	0.000	0.000
13	  E	  0.0	  1.8	0.605	0.000	0.000
14	  G	  0.0	  1.8	0.605	0.000	0.000
15	  R	  0.3	  1.0	0.605	0.000	0.000
16	  K	  0.5	  0.3	0.605	0.000	0.000
17	  R	  1.5	  0.1	0.462	0.000	0.000
18	  Y	  1.6	  0.5	0.462	0.000	0.000
19	  S	  1.3	  0.5	0.206	0.000	0.000
20	  D	  1.5	  0.5	0.206	0.000	0.000
21	  I	  2.7	  0.5	0.206	0.000	0.000
22	  F	  4.6	  0.2	0.206	0.000	0.000
23	  R	  3.9	  0.3	0.206	0.000	0.000
24	  S	  4.8	  1.2	0.206	0.000	0.000
25	  L	  3.0	  1.3	0.000	0.000	0.000
26	  D	  2.4	  1.1	0.000	0.000	0.000
27	  N	  0.5	  1.0	0.288	0.000	0.000
28	  L	  1.8	  0.1	0.288	0.000	0.000
29	  E	  3.1	  0.0	0.288	0.000	0.000
30	  I	  6.3	  0.1	0.288	0.000	0.000
31	  S	  5.1	  0.1	0.288	0.000	0.000
32	  L	  3.8	  0.3	0.288	0.000	0.000
33	  G	  0.2	  0.3	0.763	0.000	0.000
34	  N	  2.0	  0.2	0.753	0.000	0.000
35	  V	  9.2	  0.2	0.648	0.000	0.000
36	  T	 10.2	  0.0	1.759	0.000	0.000
37	  L	  8.9	  0.0	1.759	0.000	0.000
38	  E	  1.8	  0.0	1.759	0.000	0.000
39	  M	  1.0	  0.0	1.615	0.000	0.000
40	  L	  0.3	  0.3	1.615	0.000	0.000
41	  A	  0.3	  0.3	1.615	0.000	0.000
42	  G	  0.0	  0.3	1.471	0.000	0.000
43	  D	  0.0	  0.5	0.323	0.000	0.000
44	  P	  0.0	  0.2	0.175	0.000	0.000
45	  L	  0.5	  0.2	0.175	0.000	0.000
46	  L	  0.5	  0.3	0.175	0.000	0.000
47	  S	  0.6	  0.1	0.175	0.000	0.000
48	  E	  0.1	  0.1	0.175	0.000	0.000
49	  D	  0.1	  0.1	0.000	0.000	0.000
50	  P	  0.0	  0.0	0.000	0.000	0.000
51	  E	  0.0	  0.6	0.000	0.000	0.000
52	  P	  0.0	  0.6	0.000	0.000	0.000
53	  D	  0.1	  0.6	0.000	0.000	0.000
54	  K	  0.1	  0.6	0.000	0.000	0.000
55	  T	  0.1	  0.3	0.000	0.000	0.000
56	  P	  0.1	  0.3	0.000	0.000	0.000
57	  T	  1.2	  0.3	0.000	0.000	0.000
58	  A	  1.8	  0.3	0.000	0.000	0.000
59	  T	 13.0	  0.0	0.000	0.000	0.000
60	  V	 13.6	  0.0	0.000	0.000	0.000
61	  T	 13.0	  0.0	0.000	0.000	0.000
62	  N	  1.9	  0.1	0.000	0.000	0.000
63	  E	  0.2	  0.2	0.000	0.000	0.000
64	  A	  0.6	  0.2	0.000	0.000	0.000
65	  S	  2.9	  0.2	0.000	0.000	0.000
66	  C	  5.5	  0.3	0.000	0.000	0.000
67	  W	  5.2	  0.2	0.000	0.000	0.000
68	  S	  3.0	  0.4	0.000	0.000	0.000
69	  G	  0.2	  0.4	0.000	0.000	0.000
70	  P	  0.0	  0.2	0.000	0.000	0.000
71	  S	  0.0	  1.2	0.000	0.000	0.000
72	  P	  0.0	  1.0	0.000	0.000	0.000
73	  E	  0.0	  1.1	0.000	0.000	0.000
74	  G	  0.0	  1.1	0.000	0.000	0.000
75	  P	  0.0	  0.0	0.000	0.000	0.000
76	  V	  0.0	  0.0	0.000	0.000	0.000
77	  P	  0.0	  0.0	0.000	0.000	0.000
78	  L	  0.2	  0.1	0.000	0.000	0.000
79	  T	  0.2	  0.2	2.750	0.000	0.000
80	  G	  0.2	  0.3	4.822	0.000	0.000
81	  E	  0.0	  0.3	5.505	0.000	0.000
82	  E	  0.7	  0.3	5.996	0.000	0.000
83	  L	  1.7	  0.2	5.996	0.000	0.000
84	  D	  2.0	  0.1	8.486	0.000	0.000
85	  L	  2.8	  0.1	8.349	0.000	0.000
86	  R	  2.4	  0.0	8.216	0.000	0.000
87	  L	  2.2	  0.0	7.832	0.000	0.000
88	  I	  1.8	  0.0	7.372	0.000	0.000
89	  R	  1.4	  0.1	7.372	0.000	0.000
90	  T	  1.3	  0.4	2.824	0.000	0.000
91	  K	  0.3	  1.9	2.824	0.000	0.000
92	  G	  0.1	  1.9	0.658	0.000	0.000
93	  G	  0.1	  1.9	0.363	0.000	0.000
94	  V	  0.7	  1.6	0.363	0.000	0.000
95	  D	  0.7	  0.0	2.547	0.000	0.000
96	  A	  0.7	  0.0	2.547	0.000	0.000
97	  A	  0.2	  0.0	2.547	0.000	0.000
98	  L	  1.0	  0.0	2.653	0.000	0.000
99	  E	  1.1	  0.0	2.772	0.000	0.000
100	  Y	  1.5	  0.0	2.772	0.000	0.000
101	  A	  0.8	  0.0	1.600	0.000	0.000
102	  K	  0.9	  0.0	1.410	0.000	0.000
103	  T	 23.1	  0.0	0.824	0.000	0.000
104	  W	 23.8	  0.0	0.824	0.000	0.000
105	  S	 23.5	  0.0	3.438	0.000	0.000
106	  R	  1.6	  0.0	2.755	0.000	0.000
107	  Y	  0.8	  0.0	2.615	0.210	0.210
108	  A	  0.7	  0.1	2.615	0.210	0.210
109	  K	  0.6	  0.1	2.615	0.210	0.210
110	  E	  0.2	  0.1	2.615	0.210	0.210
111	  L	  0.4	  0.1	2.411	22.266	22.266
112	  L	  0.5	  0.0	2.063	22.266	22.266
113	  A	  0.7	  0.0	1.554	22.266	22.266
114	  W	  1.2	  0.0	0.928	22.266	22.266
115	  T	  1.2	  0.1	0.555	22.056	22.056
116	  E	  1.1	  0.1	0.555	0.000	0.000
117	  K	  0.6	  0.1	0.555	0.000	0.000
118	  R	  0.5	  0.3	0.412	0.000	0.000
119	  A	  1.0	  0.2	0.412	0.000	0.000
120	  S	  7.7	  0.2	0.860	0.000	0.000
121	  Y	  9.8	  0.2	0.635	0.000	0.000
122	  E	  9.3	  0.0	0.448	0.000	0.000
123	  L	  3.2	  0.0	0.448	0.000	0.000
124	  E	  1.2	  0.0	0.448	0.000	0.000
125	  F	  1.6	  0.0	0.448	0.000	0.000
126	  A	  1.0	  0.1	0.300	0.000	0.000
127	  K	  1.3	  0.1	0.146	0.000	0.000
128	  S	  0.9	  0.1	0.000	0.000	0.000
129	  T	  4.5	  0.1	0.296	0.000	0.000
130	  M	  5.9	  0.1	0.296	0.000	0.000
131	  K	  7.1	  0.0	0.804	0.000	0.000
132	  I	  4.0	  0.0	0.804	0.000	0.000
133	  A	  1.8	  0.1	0.804	0.000	0.000
134	  E	  0.4	  0.4	0.804	0.000	0.000
135	  A	  0.0	  0.4	0.804	0.000	0.000
136	  G	  0.0	  0.4	0.804	0.000	0.000
137	  K	  1.3	  0.3	0.425	0.000	0.000
138	  V	  5.0	  0.0	0.000	0.000	0.000
139	  S	  5.3	  0.0	0.000	0.000	0.000
140	  I	  4.5	  0.0	0.000	0.000	0.000
141	  Q	  1.1	  0.1	0.000	0.000	0.000
142	  Q	  0.8	  0.1	0.000	0.000	0.000
143	  Q	  0.7	  0.2	0.000	0.000	0.000
144	  S	  0.7	  0.2	0.000	0.000	0.000
145	  H	  0.7	  0.1	0.000	0.000	0.000
146	  M	  0.5	  0.0	0.000	0.000	0.000
147	  P	  0.1	  0.0	0.000	0.188	0.188
148	  L	  1.6	  0.0	0.000	13.063	13.063
149	  Q	  2.1	  0.0	0.000	15.397	15.397
150	  Y	  2.8	  0.0	0.000	74.645	74.645
151	  I	  2.6	  0.0	0.000	91.254	91.254
152	  Y	  6.9	  0.0	0.000	92.538	92.538
153	  T	  7.3	  0.0	0.000	92.408	92.408
154	  L	  6.6	  0.0	0.000	92.317	92.317
155	  F	  2.6	  0.0	0.000	89.840	89.840
156	  L	  1.7	  0.1	0.000	76.131	76.131
157	  E	  1.3	  0.1	0.000	0.000	0.000
158	  H	  0.8	  0.2	0.000	0.000	0.000
159	  D	  0.7	  0.5	0.000	0.000	0.000
160	  L	  2.1	  0.5	0.000	0.000	0.000
161	  S	  2.1	  0.5	2.891	0.000	0.000
162	  L	  1.9	  0.5	2.891	0.000	0.000
163	  G	  0.2	  0.3	3.023	0.000	0.000
164	  T	  0.5	  0.1	3.023	0.000	0.000
165	  L	  0.8	  0.1	3.023	0.000	0.000
166	  A	  0.9	  0.0	3.023	0.000	0.000
167	  M	  0.5	  0.1	3.023	0.000	0.000
168	  E	  0.2	  0.1	1.159	0.000	0.000
169	  T	  4.2	  0.1	0.427	0.000	0.000
170	  V	  5.6	  0.1	0.427	0.000	0.000
171	  A	  5.7	  0.0	0.427	0.000	0.000
172	  Q	  1.9	  0.1	0.427	0.000	0.000
173	  Q	  0.6	  0.1	0.427	0.000	0.000
174	  K	  0.6	  0.5	0.256	0.000	0.000
175	  R	  0.5	  0.4	0.116	0.000	0.000
176	  D	  1.4	  0.4	0.116	0.000	0.000
177	  Y	  5.9	  0.4	0.000	0.000	0.000
178	  Y	  6.1	  0.0	0.000	0.000	0.000
179	  Q	  5.1	  0.0	0.246	0.000	0.000
180	  P	  0.5	  0.0	0.246	0.000	0.000
181	  L	  0.1	  0.0	0.246	0.000	0.000
182	  A	  0.2	  0.0	0.246	0.000	0.000
183	  A	  0.3	  0.0	0.246	0.000	0.000
184	  K	  0.7	  0.1	0.246	0.000	0.000
185	  R	  0.7	  0.1	0.000	0.000	0.000
186	  T	  0.7	  0.1	5.440	0.000	0.000
187	  E	  1.0	  0.1	7.038	0.000	0.000
188	  I	  1.5	  0.0	8.407	0.000	0.000
189	  E	  1.5	  0.0	9.573	0.000	0.000
190	  K	  1.3	  0.0	9.573	0.000	0.000
191	  W	  1.4	  0.0	9.573	0.000	0.000
192	  R	  1.4	  0.1	8.860	0.000	0.000
193	  K	  1.0	  0.1	8.488	0.000	0.000
194	  E	  3.2	  0.1	7.912	0.000	0.000
195	  F	  3.7	  0.1	7.545	0.000	0.000
196	  K	  3.6	  0.0	7.199	0.000	0.000
197	  E	  0.9	  0.0	6.334	0.000	0.000
198	  Q	  0.9	  0.0	6.334	0.000	0.000
199	  W	  1.4	  0.0	6.392	0.000	0.000
200	  M	  1.3	  0.0	6.392	0.000	0.000
201	  K	  0.7	  0.1	5.814	0.000	0.000
202	  E	  0.4	  0.1	6.793	0.000	0.000
203	  Q	  0.6	  0.2	6.793	0.000	0.000
204	  K	  0.6	  0.1	4.568	0.000	0.000
205	  R	  3.0	  0.1	2.880	0.000	0.000
206	  M	  2.8	  0.0	2.346	0.000	0.000
207	  N	  2.7	  0.0	5.870	0.000	0.000
208	  E	  0.1	  0.0	6.600	0.000	0.000
209	  A	  0.5	  0.0	6.766	0.000	0.000
210	  V	  1.6	  0.0	6.612	0.000	0.000
211	  Q	  1.8	  0.0	6.612	0.000	0.000
212	  A	  1.6	  0.0	6.372	0.000	0.000
213	  L	  0.6	  0.0	6.372	0.000	0.000
214	  R	  0.5	  0.0	5.545	0.000	0.000
215	  R	  0.4	  0.0	4.432	0.000	0.000
216	  A	  0.5	  0.1	2.725	0.000	0.000
217	  Q	  1.4	  0.0	2.460	0.000	0.000
218	  L	  2.9	  0.0	1.510	0.000	0.000
219	  Q	  4.2	  0.0	1.280	0.000	0.000
220	  Y	  4.5	  0.0	0.679	0.000	0.000
221	  V	  3.9	  0.0	0.152	0.000	0.000
222	  Q	  2.6	  0.1	0.152	0.000	0.000
223	  R	  1.3	  0.1	0.000	0.000	0.000
224	  S	  0.4	  2.1	0.974	0.000	0.000
225	  E	  0.2	  2.1	1.426	0.000	0.000
226	  D	  0.4	  2.1	5.336	0.000	0.000
227	  L	  0.8	  2.0	5.336	0.000	0.000
228	  R	  0.9	  0.0	5.336	0.000	0.000
229	  A	  0.7	  0.1	5.336	0.000	0.000
230	  R	  0.6	  0.3	5.180	0.000	0.000
231	  S	  0.5	  0.8	4.721	0.000	0.000
232	  Q	  0.4	  0.8	2.101	0.000	0.000
233	  G	  0.0	  0.7	0.413	0.000	0.000
234	  S	  0.0	  1.0	0.135	0.000	0.000
235	  P	  0.0	  0.8	0.000	0.000	0.000
236	  E	  0.0	  0.8	0.000	0.000	0.000
237	  D	  0.1	  0.8	0.000	0.000	0.000
238	  S	  0.2	  0.4	0.000	0.000	0.000
239	  A	  0.1	  0.3	0.000	0.000	0.000
240	  P	  0.1	  0.3	0.000	0.000	0.000
241	  Q	  0.4	  0.3	0.000	0.000	0.000
242	  A	  0.4	  0.3	0.000	0.000	0.000
243	  S	  0.4	  0.0	0.000	0.000	0.000
244	  P	  0.0	  0.1	0.000	0.000	0.000
245	  G	  0.0	  0.7	0.000	0.000	0.000
246	  P	  0.0	  0.8	0.000	0.000	0.000
247	  S	  0.2	  0.8	0.000	0.000	0.000
248	  K	  0.4	  0.8	0.261	0.000	0.000
249	  Q	  0.7	  0.2	0.261	0.000	0.000
250	  Q	  0.5	  0.2	0.563	0.000	0.000
251	  E	  0.6	  0.1	0.789	0.000	0.000
252	  R	  0.7	  0.1	0.789	0.000	0.000
253	  R	  1.0	  0.1	0.789	0.000	0.000
254	  R	  1.1	  0.2	0.657	0.000	0.000
255	  R	  1.0	  0.2	0.657	0.000	0.000
256	  S	  0.7	  0.2	4.335	0.000	0.000
257	  R	  0.4	  0.2	4.282	0.000	0.000
258	  E	  0.2	  0.2	5.571	0.000	0.000
259	  E	  0.1	  0.1	6.869	0.000	0.000
260	  A	  0.2	  0.1	6.999	0.000	0.000
261	  Q	  0.4	  0.0	6.999	0.000	0.000
262	  A	  0.3	  0.0	6.400	0.000	0.000
263	  K	  0.4	  0.0	6.296	0.000	0.000
264	  A	  0.2	  0.1	4.811	0.000	0.000
265	  Q	  0.2	  0.1	4.320	0.000	0.000
266	  E	  0.1	  0.1	2.699	0.000	0.000
267	  A	  0.1	  0.1	2.296	0.000	0.000
268	  E	  0.1	  0.0	2.169	0.000	0.000
269	  A	  0.2	  0.0	1.874	0.000	0.000
270	  L	  0.5	  0.0	1.874	0.000	0.000
271	  Y	  2.9	  0.0	1.605	0.000	0.000
272	  Q	  2.9	  0.0	0.596	0.000	0.000
273	  A	  2.8	  0.0	0.000	0.000	0.000
274	  C	  2.0	  0.0	0.433	0.000	0.000
275	  V	  2.3	  0.0	0.589	0.000	0.000
276	  R	  2.1	  0.1	1.035	0.000	0.000
277	  E	  0.6	  0.3	1.035	0.000	0.000
278	  A	  0.1	  0.3	1.035	0.000	0.000
279	  N	  0.2	  0.4	1.195	0.000	0.000
280	  A	  0.3	  0.4	1.067	0.000	0.000
281	  R	  0.7	  0.2	1.409	0.000	0.000
282	  Q	  0.7	  0.4	1.083	0.000	0.000
283	  Q	  0.6	  0.3	0.503	0.000	0.000
284	  D	  0.5	  0.2	3.040	0.000	0.000
285	  L	  1.7	  0.2	3.968	0.000	0.000
286	  E	  2.4	  0.0	4.131	0.000	0.000
287	  I	  2.6	  0.0	4.131	0.000	0.000
288	  A	  1.3	  0.1	4.131	0.000	0.000
289	  K	  0.7	  0.1	4.131	0.000	0.000
290	  Q	  0.6	  0.1	3.406	0.000	0.000
291	  R	  5.3	  0.1	0.783	0.000	0.000
292	  I	  8.1	  0.0	0.000	0.000	0.000
293	  V	  9.9	  0.0	0.000	0.000	0.000
294	  S	  5.5	  0.0	0.147	0.000	0.000
295	  H	  4.1	  0.0	0.147	0.000	0.000
296	  V	  2.6	  0.0	0.147	0.000	0.000
297	  R	  2.5	  0.0	0.147	0.000	0.000
298	  K	  1.6	  0.0	0.147	0.000	0.000
299	  L	  2.2	  0.0	0.147	1.208	1.208
300	  V	  5.9	  0.0	0.147	1.208	1.208
301	  F	  5.8	  0.2	0.147	1.208	1.208
302	  Q	  4.5	  0.7	0.000	1.208	1.208
303	  G	  0.4	  0.7	1.853	1.208	1.208
304	  D	  0.0	  0.7	5.505	0.000	0.000
305	  E	  0.5	  0.5	5.505	0.000	0.000
306	  V	  2.2	  0.0	5.505	0.000	0.000
307	  L	  2.3	  0.0	5.505	0.000	0.000
308	  R	  2.6	  0.0	5.505	0.000	0.000
309	  R	  2.8	  0.0	5.505	0.000	0.000
310	  V	  9.5	  0.0	3.234	3.036	3.036
311	  T	 13.8	  0.0	2.932	3.596	3.596
312	  L	 13.4	  0.1	2.932	4.068	4.068
313	  S	  7.4	  0.1	2.696	4.068	4.068
314	  L	  2.1	  0.1	1.294	4.068	4.068
315	  F	  0.6	  0.2	1.137	3.872	3.872
316	  G	  0.3	  0.1	0.513	0.901	0.901
317	  L	  0.4	  0.2	0.116	0.901	0.901
318	  R	  0.3	  0.3	0.116	0.000	0.000
319	  G	  0.3	  0.2	0.911	0.000	0.000
320	  A	  0.1	  0.2	1.053	0.000	0.000
321	  Q	  0.3	  0.0	1.053	0.000	0.000
322	  A	  0.4	  0.2	1.053	0.000	0.000
323	  E	  0.3	  0.2	1.053	0.000	0.000
324	  R	  0.1	  0.2	1.053	0.000	0.000
325	  G	  0.0	  0.5	0.702	0.000	0.000
326	  P	  0.0	  0.3	0.000	0.000	0.000
327	  R	  0.3	  0.3	0.000	0.000	0.000
328	  A	  0.5	  0.3	0.000	10.577	10.577
329	  F	  1.3	  0.0	0.000	16.085	16.085
330	  A	  1.1	  0.0	0.000	16.085	16.085
331	  A	  1.0	  0.0	0.000	16.085	16.085
332	  L	  0.2	  0.0	0.000	16.085	16.085
333	  A	  0.1	  0.0	0.000	10.166	10.166
334	  E	  0.9	  0.0	0.000	0.000	0.000
335	  C	 40.7	  0.0	0.000	0.000	0.000
336	  C	 40.8	  0.0	0.000	0.000	0.000
337	  A	 40.0	  0.0	0.000	0.000	0.000
338	  P	  0.2	  0.0	0.000	0.000	0.000
339	  F	  0.4	  0.0	0.000	0.000	0.000
340	  E	  0.4	  1.3	0.310	0.000	0.000
341	  P	  0.4	  1.3	0.310	0.000	0.000
342	  G	  0.0	  1.4	1.204	0.000	0.000
343	  Q	  0.8	  1.4	1.204	0.000	0.000
344	  R	  2.1	  0.1	1.204	0.000	0.000
345	  Y	  3.2	  0.1	1.204	0.000	0.000
346	  Q	  2.7	  0.0	1.204	0.000	0.000
347	  E	  1.6	  0.0	1.204	0.000	0.000
348	  F	  2.1	  0.0	1.204	0.000	0.000
349	  V	  3.0	  0.0	1.056	0.000	0.000
350	  R	  3.1	  0.0	1.056	0.000	0.000
351	  A	  2.0	  0.0	0.926	0.000	0.000
352	  L	  0.9	  0.0	0.926	0.000	0.000
353	  R	  0.7	  0.2	0.453	0.000	0.000
354	  P	  0.2	  0.2	0.000	0.000	0.000
355	  E	  0.0	  0.2	0.000	0.000	0.000
356	  A	  0.0	  0.2	0.000	0.000	0.000
357	  P	  0.0	  0.0	0.000	0.000	0.000
358	  P	  0.0	  0.0	0.000	0.000	0.000
359	  P	  0.0	  0.0	0.000	0.000	0.000
360	  P	  0.0	  0.0	0.000	0.000	0.000
361	  P	  0.0	  0.1	0.000	0.000	0.000
362	  P	  0.0	  0.1	0.000	0.000	0.000
363	  A	  0.5	  0.1	0.000	0.000	0.000
364	  F	  7.1	  0.1	0.000	0.000	0.000
365	  S	 10.2	  0.0	0.259	0.000	0.000
366	  F	 10.8	  0.0	0.259	0.000	0.000
367	  Q	  4.7	  0.0	0.259	0.000	0.000
368	  E	  1.6	  0.0	0.259	0.000	0.000
369	  F	  0.7	  0.0	0.259	0.000	0.000
370	  L	  0.3	  0.3	0.259	0.000	0.000
371	  P	  0.2	  0.4	0.000	0.000	0.000
372	  S	  3.0	  1.0	0.000	0.000	0.000
373	  L	  3.4	  1.1	0.000	0.000	0.000
374	  N	  3.6	  0.7	0.000	0.000	0.000
375	  S	  0.7	  0.7	0.000	0.000	0.000
376	  S	  0.2	  0.3	1.057	0.000	0.000
377	  P	  0.0	  0.3	1.057	0.000	0.000
378	  L	  2.5	  0.3	1.057	0.000	0.000
379	  D	  4.4	  0.3	5.050	0.000	0.000
380	  I	  5.1	  0.0	5.050	0.000	0.000
381	  R	  2.8	  0.1	5.050	0.000	0.000
382	  K	  0.9	  0.1	4.786	0.000	0.000
383	  K	  0.6	  0.2	4.603	0.000	0.000
384	  L	  0.7	  0.2	4.404	0.000	0.000
385	  S	  0.6	  0.3	3.662	0.000	0.000
386	  G	  0.2	  0.3	2.082	0.000	0.000
387	  P	  0.0	  0.1	0.000	0.000	0.000
388	  L	  0.0	  0.1	0.000	0.000	0.000
389	  P	  0.0	  0.2	0.000	0.000	0.000
390	  P	  0.0	  0.3	0.000	0.000	0.000
391	  R	  2.1	  0.4	0.000	0.000	0.000
392	  L	  2.1	  0.5	0.000	0.000	0.000
393	  D	  2.1	  3.5	0.274	0.000	0.000
394	  E	  0.1	  3.4	0.274	0.000	0.000
395	  N	  0.1	  3.3	0.274	0.000	0.000
396	  S	  1.1	  3.3	0.274	0.000	0.000
397	  A	  1.0	  0.1	0.274	0.000	0.000
398	  E	  1.0	  0.0	0.274	0.000	0.000
399	  P	  0.0	  0.0	0.000	0.000	0.000
400	  G	  0.0	  0.2	0.000	0.000	0.000
401	  P	  0.0	  0.2	0.000	0.000	0.000
402	  W	  0.9	  0.2	0.000	0.000	0.000
403	  E	  0.9	  0.2	0.000	0.000	0.000
404	  D	  0.9	  2.8	0.134	0.000	0.000
405	  P	  0.0	  3.0	0.134	0.000	0.000
406	  G	  0.0	  3.2	0.134	0.000	0.000
407	  T	  0.1	  3.2	0.134	0.000	0.000
408	  G	  0.1	  0.4	0.134	0.000	0.000
409	  W	  1.5	  0.2	0.134	0.000	0.000
410	  R	  2.4	  0.0	0.134	0.000	0.000
411	  W	  2.4	  0.2	0.000	0.000	0.000
412	  Q	  1.0	  0.2	0.000	0.000	0.000
413	  G	  0.1	  0.2	0.000	0.000	0.000
414	  T	  0.0	  0.2	0.000	0.000	0.000
415	  P	  0.0	  0.1	0.000	0.000	0.000
416	  G	  0.0	  0.1	0.000	0.000	0.000
417	  P	  0.0	  0.1	0.000	0.000	0.000
418	  T	  0.0	  2.3	0.000	0.000	0.000
419	  P	  0.0	  2.6	0.000	0.000	0.000
420	  G	  0.0	  2.9	0.000	0.000	0.000
421	  S	  0.0	  2.9	0.000	0.000	0.000
422	  D	  0.7	  1.3	0.000	0.000	0.000
423	  V	  1.8	  1.0	0.000	0.000	0.000
424	  D	  2.0	  0.7	0.000	0.000	0.000
425	  S	  1.6	  0.8	0.000	0.000	0.000
426	  V	  0.6	  0.5	0.000	0.000	0.000
427	  G	  0.4	  0.5	0.000	0.000	0.000
428	  G	  0.1	  0.8	0.000	0.000	0.000
429	  G	  0.0	  0.7	0.000	0.000	0.000
430	  S	  0.2	  1.3	0.000	0.000	0.000
431	  E	  0.2	  1.3	0.000	0.000	0.000
432	  S	  1.8	  1.6	0.000	0.000	0.000
433	  R	  2.2	  1.6	0.000	0.000	0.000
434	  S	  4.6	  1.4	0.000	0.000	0.000
435	  L	  3.5	  1.4	0.000	0.000	0.000
436	  D	  3.0	  0.8	0.000	0.000	0.000
437	  S	  0.6	  1.1	0.000	0.000	0.000
438	  P	  0.0	  0.4	0.000	0.000	0.000
439	  T	  2.5	  0.4	0.000	0.000	0.000
440	  S	  2.5	  0.4	0.000	0.000	0.000
441	  S	  2.5	  2.3	0.000	0.000	0.000
442	  P	  0.0	  2.5	0.000	0.000	0.000
443	  G	  0.0	  2.8	0.450	0.000	0.000
444	  A	  0.0	  2.9	0.450	0.000	0.000
445	  G	  0.0	  0.7	0.590	0.000	0.000
446	  T	  1.6	  0.5	0.729	0.000	0.000
447	  R	  2.3	  0.2	0.729	0.000	0.000
448	  Q	  3.1	  0.1	0.729	0.000	0.000
449	  L	  2.2	  0.1	0.729	0.000	0.000
450	  V	  3.6	  0.0	0.550	0.000	0.000
451	  K	  2.9	  0.1	0.550	0.000	0.000
452	  A	  2.5	  0.2	0.000	0.000	0.000
453	  S	  0.6	  0.6	0.000	0.000	0.000
454	  S	  0.6	  0.7	0.000	0.000	0.000
455	  T	  0.5	  0.7	0.000	0.000	0.000
456	  G	  0.2	  0.6	0.000	0.000	0.000
457	  T	  0.3	  0.4	0.000	0.000	0.000
458	  E	  0.3	  0.4	0.000	0.000	0.000
459	  S	  0.4	  2.6	0.000	0.000	0.000
460	  S	  0.2	  4.0	0.000	0.000	0.000
461	  D	  0.1	  3.9	0.000	0.000	0.000
462	  D	  1.6	  3.8	0.000	0.000	0.000
463	  F	  2.2	  1.5	0.000	0.000	0.000
464	  E	  2.2	  0.1	0.000	0.000	0.000
465	  E	  1.1	  0.1	0.000	0.000	0.000
466	  R	  0.4	  0.1	0.000	0.000	0.000
467	  D	  0.4	  5.4	0.000	0.000	0.000
468	  P	  0.0	  5.4	0.000	0.000	0.000
469	  D	  0.0	  5.7	0.000	0.000	0.000
470	  L	  0.0	  7.4	0.000	0.000	0.000
471	  G	  0.0	  2.2	0.000	0.000	0.000
472	  D	  0.0	  2.2	0.000	0.000	0.000
473	  G	  0.0	  1.9	0.000	0.000	0.000
474	  L	  0.1	  0.9	0.000	0.000	0.000
475	  E	  0.1	  2.1	0.000	0.000	0.000
476	  N	  0.1	  2.2	0.000	0.000	0.000
477	  G	  0.0	  2.4	0.000	0.000	0.000
478	  L	  0.1	  1.7	0.000	0.000	0.000
479	  G	  0.1	  0.3	0.000	0.000	0.000
480	  S	  0.1	  0.7	0.000	0.000	0.000
481	  P	  0.0	  0.7	0.000	0.000	0.000
482	  F	  0.1	  0.7	0.000	0.000	0.000
483	  G	  0.1	  0.7	0.409	0.000	0.000
484	  K	  2.3	  0.3	0.409	0.000	0.000
485	  W	  5.0	  0.0	0.409	0.000	0.000
486	  T	 10.5	  0.0	0.409	0.000	0.000
487	  L	  8.7	  0.1	0.409	0.000	0.000
488	  S	  6.1	  0.2	0.409	0.000	0.000
489	  S	  0.5	  0.1	0.114	0.000	0.000
490	  A	  0.2	  0.1	0.000	0.000	0.000
491	  A	  0.2	  0.1	0.000	0.000	0.000
492	  Q	  0.3	  0.1	0.000	0.000	0.000
493	  T	  3.0	  0.1	0.147	0.000	0.000
494	  H	  3.6	  0.1	0.291	0.000	0.000
495	  Q	  4.3	  0.1	0.291	0.000	0.000
496	  L	  1.7	  0.1	0.291	0.000	0.000
497	  R	  1.4	  0.1	0.291	0.000	0.000
498	  R	  1.2	  0.1	0.291	0.000	0.000
499	  L	  1.2	  0.1	0.144	0.000	0.000
500	  R	  0.8	  0.0	0.144	0.000	0.000
501	  G	  0.2	  0.1	0.144	0.000	0.000
502	  P	  0.0	  0.3	0.000	0.000	0.000
503	  A	  0.1	  0.3	0.000	0.000	0.000
504	  K	  1.0	  0.3	0.000	0.000	0.000
505	  C	  1.4	  0.3	0.196	0.000	0.000
506	  R	  1.2	  0.2	0.318	0.000	0.000
507	  E	  0.8	  0.2	0.318	0.000	0.000
508	  C	  4.5	  0.2	0.318	0.000	0.000
509	  E	  4.6	  0.1	0.318	0.000	0.000
510	  A	  4.5	  0.1	0.318	0.371	0.371
511	  F	  1.7	  0.1	0.318	0.371	0.371
512	  M	  2.5	  0.0	0.000	0.371	0.371
513	  V	  2.8	  0.1	0.000	0.371	0.371
514	  S	  1.6	  0.3	0.000	0.371	0.371
515	  G	  0.7	  0.3	0.000	0.000	0.000
516	  T	  0.3	  0.4	0.000	0.000	0.000
517	  E	  0.7	  0.3	0.000	0.000	0.000
518	  C	  1.2	  0.3	0.000	0.000	0.000
519	  E	  1.0	  0.3	0.000	0.000	0.000
520	  E	  1.0	  0.2	0.000	0.000	0.000
521	  C	  2.1	  0.2	0.000	0.396	0.396
522	  F	  2.5	  0.0	0.000	0.396	0.396
523	  L	  6.7	  0.0	0.000	0.396	0.396
524	  T	  8.5	  0.0	0.000	0.396	0.396
525	  C	 10.1	  0.0	0.000	0.396	0.396
526	  H	  5.9	  0.2	0.000	0.396	0.396
527	  K	  3.0	  0.2	0.000	0.000	0.000
528	  R	  2.0	  0.2	0.000	0.000	0.000
529	  C	  2.6	  0.2	1.641	0.000	0.000
530	  L	  2.2	  0.1	1.641	0.000	0.000
531	  E	  1.1	  0.1	1.641	0.000	0.000
532	  T	  0.9	  0.1	2.342	21.166	21.166
533	  L	  1.7	  0.1	2.342	30.652	30.652
534	  L	  3.0	  0.0	2.342	30.743	30.743
535	  I	  4.0	  0.0	2.342	30.743	30.743
536	  L	  3.3	  0.0	2.342	30.743	30.743
537	  C	  2.1	  0.1	2.119	15.220	15.220
538	  G	  0.3	  0.1	1.523	6.454	6.454
539	  H	  0.7	  0.2	0.623	0.480	0.480
540	  R	  1.4	  0.2	0.000	0.000	0.000
541	  R	  1.5	  0.1	0.000	0.000	0.000
542	  L	  1.0	  0.1	0.000	0.000	0.000
543	  P	  0.1	  0.0	0.000	0.000	0.000
544	  A	  0.1	  0.0	0.000	0.000	0.000
545	  R	  0.1	  0.0	0.000	0.000	0.000
546	  T	  0.2	  0.2	0.000	0.000	0.000
547	  P	  0.1	  0.2	0.000	0.152	0.152
548	  L	  0.2	  0.2	0.000	0.152	0.152
549	  F	  0.4	  0.2	0.000	0.152	0.152
550	  G	  0.4	  0.0	0.000	0.152	0.152
551	  V	  2.3	  0.0	0.000	0.152	0.152
552	  D	  2.1	  0.0	0.000	0.000	0.000
553	  F	  2.9	  0.0	0.000	0.000	0.000
554	  L	  4.1	  0.0	0.000	0.000	0.000
555	  Q	  4.2	  0.0	0.000	0.000	0.000
556	  L	  3.4	  0.2	0.000	0.000	0.000
557	  P	  0.1	  0.5	0.000	0.000	0.000
558	  R	  0.4	  0.5	0.000	0.000	0.000
559	  D	  0.4	  0.5	0.000	0.000	0.000
560	  F	  0.4	  0.5	0.000	0.000	0.000
561	  P	  0.1	  0.3	0.000	0.000	0.000
562	  E	  0.0	  0.3	0.000	0.000	0.000
563	  E	  0.3	  0.3	0.000	0.000	0.000
564	  V	  0.3	  0.1	0.000	0.000	0.000
565	  P	  0.2	  0.0	0.000	1.970	1.970
566	  F	  2.2	  0.0	0.000	1.970	1.970
567	  V	  4.9	  0.0	0.000	1.970	1.970
568	  V	  6.6	  0.0	0.000	1.970	1.970
569	  T	  6.0	  0.0	0.000	1.970	1.970
570	  K	  6.0	  0.0	0.000	0.000	0.000
571	  C	 10.0	  0.0	0.000	0.000	0.000
572	  T	  8.8	  0.0	0.125	0.000	0.000
573	  A	  6.3	  0.0	0.125	0.000	0.000
574	  E	  1.4	  0.0	0.125	0.000	0.000
575	  I	  1.6	  0.0	0.125	0.000	0.000
576	  E	  1.6	  0.0	0.125	0.000	0.000
577	  H	  1.1	  0.1	0.125	0.000	0.000
578	  R	  0.7	  0.1	0.125	0.000	0.000
579	  A	  0.6	  0.0	0.000	0.000	0.000
580	  L	  2.6	  0.0	0.000	0.000	0.000
581	  D	  3.1	  0.0	0.117	0.000	0.000
582	  V	  3.2	  0.1	0.117	0.269	0.269
583	  Q	  0.9	  0.1	0.117	0.269	0.269
584	  G	  0.2	  0.1	0.117	0.269	0.269
585	  I	  1.5	  0.1	0.117	0.269	0.269
586	  Y	  5.7	  0.1	0.117	0.269	0.269
587	  R	  6.9	  0.0	0.000	0.000	0.000
588	  V	  6.1	  0.1	0.000	0.000	0.000
589	  S	  2.2	  0.8	0.000	0.000	0.000
590	  G	  0.9	  0.9	0.000	0.000	0.000
591	  S	  0.4	  0.9	0.109	0.000	0.000
592	  R	  1.8	  0.8	0.109	0.000	0.000
593	  V	 11.0	  0.1	0.109	0.000	0.000
594	  R	 12.7	  0.0	0.109	0.000	0.000
595	  V	 12.6	  0.0	0.109	0.000	0.000
596	  E	  3.7	  0.1	0.109	0.000	0.000
597	  R	  1.5	  0.1	0.000	0.000	0.000
598	  L	  0.3	  0.1	0.000	0.000	0.000
599	  C	  2.6	  0.1	0.118	0.000	0.000
600	  Q	  2.9	  0.0	0.118	0.000	0.000
601	  A	  3.0	  0.0	0.118	0.000	0.000
602	  F	  1.6	  0.9	0.118	0.000	0.000
603	  E	  1.1	  5.1	0.118	0.000	0.000
604	  N	  0.9	  5.2	0.118	0.000	0.000
605	  G	  0.1	  5.2	0.438	0.000	0.000
606	  R	  0.2	  4.4	0.438	0.000	0.000
607	  A	  0.5	  0.1	0.438	0.000	0.000
608	  L	  0.6	  0.0	0.438	0.000	0.000
609	  V	  5.1	  0.0	0.438	0.000	0.000
610	  E	  5.3	  0.1	0.438	0.000	0.000
611	  L	  5.2	  0.2	0.308	0.000	0.000
612	  S	  0.7	  2.8	0.308	0.000	0.000
613	  G	  0.2	  2.8	0.111	0.000	0.000
614	  N	  0.1	  2.7	0.111	0.000	0.000
615	  S	  0.0	  3.0	0.000	0.000	0.000
616	  P	  0.0	  0.5	0.000	0.000	0.000
617	  H	  0.5	  0.5	0.000	0.000	0.000
618	  D	  1.3	  0.8	0.259	0.000	0.000
619	  V	  2.7	  0.4	0.259	0.643	0.643
620	  S	  2.4	  0.3	1.213	0.643	0.643
621	  S	  2.1	  0.3	1.704	0.643	0.643
622	  V	  1.9	  0.1	1.704	0.643	0.643
623	  L	  1.8	  0.1	1.704	0.643	0.643
624	  K	  1.5	  0.1	1.704	0.000	0.000
625	  R	  0.9	  0.1	1.582	0.000	0.000
626	  F	  1.7	  0.1	0.845	0.000	0.000
627	  L	  1.5	  0.0	0.000	0.000	0.000
628	  Q	  1.0	  0.1	0.000	0.000	0.000
629	  E	  0.8	  0.1	0.000	0.000	0.000
630	  L	  0.9	  0.1	0.000	0.000	0.000
631	  T	  0.8	  0.0	0.000	0.000	0.000
632	  E	  0.2	  0.0	0.000	0.000	0.000
633	  P	  0.0	  0.0	0.000	0.000	0.000
634	  V	  0.7	  0.0	0.000	0.000	0.000
635	  I	  0.7	  0.0	0.000	0.000	0.000
636	  P	  0.7	  0.0	0.000	0.000	0.000
637	  F	  1.6	  0.0	0.000	0.000	0.000
638	  H	  2.1	  0.0	0.000	0.000	0.000
639	  L	  2.5	  0.0	0.000	0.264	0.264
640	  Y	  1.8	  0.0	0.000	0.264	0.264
641	  D	  1.3	  0.0	0.144	0.264	0.264
642	  A	  1.3	  0.0	0.144	17.937	17.937
643	  F	  1.5	  0.1	0.144	27.610	27.610
644	  I	  5.1	  0.1	0.144	27.610	27.610
645	  S	  4.9	  0.1	0.307	27.610	27.610
646	  L	  4.0	  0.1	0.307	27.610	27.610
647	  A	  0.3	  0.1	0.307	18.034	18.034
648	  K	  0.4	  0.1	0.307	0.264	0.264
649	  T	  1.6	  0.1	0.162	0.264	0.264
650	  L	  1.9	  0.1	0.162	0.264	0.264
651	  H	  1.9	  0.0	0.162	0.000	0.000
652	  A	  0.6	  0.0	0.000	0.000	0.000
653	  D	  0.2	  4.2	0.000	0.000	0.000
654	  P	  0.0	  5.1	0.000	0.000	0.000
655	  G	  0.0	  5.1	0.000	0.000	0.000
656	  D	  0.0	  5.1	0.000	0.000	0.000
657	  D	  0.0	  3.6	0.000	0.000	0.000
658	  P	  0.0	  2.7	0.000	0.000	0.000
659	  G	  0.0	  2.7	0.000	0.000	0.000
660	  T	  0.1	  2.7	0.000	0.000	0.000
661	  P	  0.1	  0.0	0.000	0.000	0.000
662	  S	  0.2	  0.0	0.000	0.000	0.000
663	  P	  0.1	  0.0	0.000	0.000	0.000
664	  S	  0.1	  0.3	1.132	0.000	0.000
665	  P	  0.0	  0.3	1.132	0.000	0.000
666	  E	  0.4	  0.3	1.132	0.000	0.000
667	  V	  3.8	  0.3	1.132	0.000	0.000
668	  I	  5.3	  0.0	1.132	0.000	0.000
669	  R	  5.4	  0.1	1.132	0.000	0.000
670	  S	  2.5	  0.1	4.665	0.000	0.000
671	  L	  1.1	  0.1	4.417	0.000	0.000
672	  K	  0.8	  0.1	4.243	0.000	0.000
673	  T	  1.1	  0.1	3.761	0.179	0.179
674	  L	  1.7	  0.1	3.761	0.179	0.179
675	  L	  1.8	  0.0	3.761	0.179	0.179
676	  V	  9.7	  0.0	3.301	0.179	0.179
677	  Q	  9.0	  0.0	3.175	0.179	0.179
678	  L	  8.7	  0.6	0.787	0.000	0.000
679	  P	  0.1	  0.8	0.000	0.000	0.000
680	  D	  0.0	  2.2	0.000	0.000	0.000
681	  S	  0.0	  2.2	0.000	0.000	0.000
682	  N	  1.0	  1.9	0.662	0.000	0.000
683	  Y	  1.8	  1.8	0.662	0.000	0.000
684	  N	  1.9	  0.5	0.662	0.000	0.000
685	  T	  3.3	  0.5	0.937	0.000	0.000
686	  L	  3.2	  0.1	0.937	0.000	0.000
687	  R	  3.6	  0.1	0.937	0.000	0.000
688	  H	  2.1	  0.0	0.663	0.000	0.000
689	  L	  2.2	  0.0	0.528	0.203	0.203
690	  V	  3.6	  0.0	0.528	0.203	0.203
691	  A	  3.1	  0.0	0.528	0.203	0.203
692	  H	  2.7	  0.0	0.279	0.203	0.203
693	  L	  0.9	  0.0	0.279	0.203	0.203
694	  F	  4.8	  0.0	0.436	0.203	0.203
695	  R	  5.2	  0.0	0.157	0.000	0.000
696	  V	  6.3	  0.0	0.157	0.000	0.000
697	  A	  2.3	  0.0	0.157	0.000	0.000
698	  A	  1.5	  0.0	0.157	0.000	0.000
699	  R	  1.0	  0.0	0.157	0.000	0.000
700	  F	  1.7	  0.0	0.000	0.000	0.000
701	  M	  1.6	  0.3	0.000	0.000	0.000
702	  E	  1.0	  0.3	0.000	0.000	0.000
703	  N	  0.2	  0.3	0.269	0.000	0.000
704	  K	  0.7	  0.3	0.269	0.000	0.000
705	  M	  1.4	  0.0	0.269	0.000	0.000
706	  S	  1.9	  2.6	0.269	0.000	0.000
707	  A	  1.3	  2.7	0.269	0.000	0.000
708	  N	  0.5	  2.8	0.269	0.000	0.000
709	  N	  0.0	  2.7	0.000	1.342	1.342
710	  L	  0.1	  0.1	0.000	33.197	33.197
711	  G	  0.2	  0.1	0.000	33.197	33.197
712	  I	  5.5	  0.0	0.000	33.197	33.197
713	  V	  6.4	  0.0	0.000	33.197	33.197
714	  F	  6.3	  0.4	0.000	33.096	33.096
715	  G	  1.1	  0.7	0.158	0.000	0.000
716	  P	  0.0	  0.7	0.158	0.000	0.000
717	  T	  0.8	  0.7	0.158	0.000	0.000
718	  L	  1.1	  0.4	0.158	0.000	0.000
719	  L	  1.1	  0.0	0.158	0.000	0.000
720	  R	  0.3	  0.0	0.158	0.000	0.000
721	  P	  0.0	  3.6	0.000	0.000	0.000
722	  P	  0.0	  3.6	0.000	0.000	0.000
723	  D	  0.0	  3.6	0.000	0.000	0.000
724	  G	  0.0	  3.9	0.320	0.000	0.000
725	  P	  0.0	  0.4	0.320	0.000	0.000
726	  R	  0.1	  0.4	0.320	0.000	0.000
727	  A	  0.2	  0.5	0.320	0.000	0.000
728	  A	  0.3	  0.2	0.320	0.000	0.000
729	  S	  0.7	  0.2	0.320	0.000	0.000
730	  A	  0.7	  0.2	0.000	0.000	0.000
731	  I	  0.6	  0.0	0.000	0.000	0.000
732	  P	  0.1	  0.0	0.000	0.000	0.000
733	  V	  7.5	  0.0	0.000	0.937	0.937
734	  T	  9.6	  0.0	0.000	0.937	0.937
735	  C	 10.7	  0.0	0.000	0.937	0.937
736	  L	  3.7	  0.0	0.000	0.937	0.937
737	  L	  1.8	  0.2	0.000	0.937	0.937
738	  D	  0.6	  1.1	0.000	0.000	0.000
739	  S	  0.3	  1.2	0.000	0.000	0.000
740	  G	  0.1	  1.3	0.000	0.000	0.000
741	  H	  0.4	  1.1	0.000	0.000	0.000
742	  Q	  0.5	  0.2	0.000	0.000	0.000
743	  A	  0.8	  0.1	0.000	0.000	0.000
744	  Q	  1.3	  0.1	0.000	0.000	0.000
745	  L	  1.3	  0.0	0.000	0.000	0.000
746	  V	  4.6	  0.0	0.000	0.000	0.000
747	  E	  3.9	  0.0	0.000	0.000	0.000
748	  F	  4.5	  0.0	0.000	5.255	5.255
749	  L	  2.3	  0.0	0.000	5.642	5.642
750	  I	  3.9	  0.0	0.000	5.642	5.642
751	  V	  7.5	  0.0	0.000	5.642	5.642
752	  H	  9.6	  0.0	0.226	5.642	5.642
753	  Y	  8.8	  0.1	0.226	5.133	5.133
754	  E	  4.6	  0.1	0.226	0.000	0.000
755	  Q	  2.3	  0.1	0.226	0.000	0.000
756	  I	  2.3	  0.1	0.226	0.000	0.000
757	  F	  2.5	  0.0	0.226	0.000	0.000
758	  G	  1.3	  0.2	0.226	0.000	0.000
759	  M	  0.3	  0.2	0.000	0.000	0.000
760	  D	  0.1	  0.2	0.000	0.000	0.000
761	  E	  0.1	  0.2	0.000	0.000	0.000
762	  L	  0.0	  0.2	0.000	0.000	0.000
763	  P	  0.0	  0.2	0.000	0.000	0.000
764	  Q	  0.2	  0.2	0.000	0.000	0.000
765	  A	  0.3	  0.2	0.000	0.000	0.000
766	  T	  0.3	  0.0	0.000	0.000	0.000
767	  E	  0.1	  0.0	0.000	0.000	0.000
768	  P	  0.0	  0.0	0.000	0.000	0.000
769	  P	  0.0	  0.4	0.000	0.000	0.000
770	  P	  0.0	  0.6	0.000	0.000	0.000
771	  Q	  0.1	  0.7	0.000	0.000	0.000
772	  D	  0.2	  0.7	0.000	0.000	0.000
773	  S	  0.2	  0.3	0.000	0.000	0.000
774	  S	  0.1	  0.1	0.000	0.000	0.000
775	  P	  0.0	  0.0	0.000	0.000	0.000
776	  A	  0.0	  0.0	0.000	0.000	0.000
777	  P	  0.0	  0.1	0.000	0.000	0.000
778	  G	  0.0	  0.2	0.000	0.000	0.000
779	  P	  0.0	  0.2	0.000	0.000	0.000
780	  L	  0.3	  0.2	0.000	0.000	0.000
781	  T	  3.4	  0.2	0.000	0.000	0.000
782	  T	  4.8	  0.2	0.000	0.000	0.000
783	  S	  4.9	  0.2	0.000	0.000	0.000
784	  S	  1.9	  0.2	0.000	0.000	0.000
785	  Q	  0.4	  0.1	0.000	0.000	0.000
786	  P	  0.0	  0.0	0.000	0.000	0.000
787	  P	  0.0	  0.0	0.000	0.000	0.000
788	  P	  0.0	  0.3	0.000	0.000	0.000
789	  P	  0.0	  0.3	0.000	0.000	0.000
790	  H	  1.3	  0.3	0.000	0.000	0.000
791	  L	  1.3	  0.3	0.000	0.000	0.000
792	  D	  1.3	 10.5	0.000	0.000	0.000
793	  P	  0.1	 10.6	0.000	0.000	0.000
794	  D	  0.1	 10.6	0.000	0.000	0.000
795	  S	  0.1	 10.6	0.000	0.000	0.000
796	  Q	  0.1	  0.1	0.000	0.000	0.000
797	  P	  0.0	  0.0	0.000	0.000	0.000
798	  P	  0.0	  0.0	0.000	0.000	0.000
799	  V	  1.2	  0.0	0.000	0.000	0.000
800	  L	  1.4	  0.2	0.000	0.000	0.000
801	  A	  1.4	  0.2	0.000	0.000	0.000
802	  S	  0.2	  0.2	0.000	0.000	0.000
803	  D	  0.0	  0.2	0.000	0.000	0.000
804	  P	  0.0	  0.1	0.000	0.000	0.000
805	  G	  0.0	  0.1	0.000	0.000	0.000
806	  P	  0.0	  0.1	0.000	0.000	0.000
807	  D	  0.0	  0.8	0.000	0.000	0.000
808	  P	  0.0	  0.8	0.000	0.000	0.000
809	  Q	  0.4	  0.8	0.000	0.000	0.000
810	  H	  0.6	  0.8	0.000	0.000	0.000
811	  H	  0.7	  0.3	0.000	0.000	0.000
812	  S	  0.5	  0.2	0.189	0.000	0.000
813	  T	  1.3	  0.2	0.189	0.000	0.000
814	  L	  1.3	  0.2	0.189	0.000	0.000
815	  E	  1.8	  0.1	0.189	0.000	0.000
816	  Q	  0.7	  0.1	0.189	0.000	0.000
817	  H	  0.7	  0.7	0.189	0.000	0.000
818	  P	  0.1	  0.6	0.000	0.000	0.000
819	  T	  2.1	  0.6	0.000	0.000	0.000
820	  A	  2.2	  0.6	0.000	0.000	0.000
821	  T	  2.2	  0.3	0.000	0.000	0.000
822	  P	  0.1	  0.3	0.000	0.000	0.000
823	  T	  0.3	  0.3	0.000	0.000	0.000
824	  E	  0.4	  0.3	0.000	0.000	0.000
825	  I	  0.4	  0.0	0.000	0.000	0.000
826	  P	  0.2	  0.0	0.000	0.000	0.000
827	  T	  0.1	  0.2	0.000	0.000	0.000
828	  P	  0.0	  0.4	0.000	0.000	0.000
829	  Q	  0.0	  0.6	0.000	0.000	0.000
830	  S	  0.0	  0.6	0.000	0.000	0.000
831	  D	  0.2	  0.5	0.000	0.000	0.000
832	  Q	  0.4	  0.4	0.000	0.000	0.000
833	  R	  0.5	  0.7	0.000	0.000	0.000
834	  E	  0.3	  0.6	0.000	0.000	0.000
835	  D	  0.3	  0.5	0.000	0.000	0.000
836	  V	  1.0	  0.5	0.000	0.000	0.000
837	  A	  1.0	  0.2	0.000	0.000	0.000
838	  E	  0.8	  0.3	0.000	0.000	0.000
839	  D	  0.4	  0.3	0.000	0.000	0.000
840	  T	  0.8	  1.3	0.000	0.000	0.000
841	  K	  0.7	  1.2	0.000	0.000	0.000
842	  D	  0.5	  1.4	0.000	0.000	0.000
843	  G	  0.0	  1.6	0.000	0.000	0.000
844	  G	  0.0	  0.7	0.000	0.000	0.000
845	  G	  0.0	  0.5	0.000	0.000	0.000
846	  E	  3.1	  0.3	0.000	0.000	0.000
847	  V	  4.5	  0.1	0.000	0.000	0.000
848	  S	  4.6	  0.4	0.000	0.000	0.000
849	  S	  1.6	  0.4	0.000	0.000	0.000
850	  Q	  0.2	  0.4	0.000	0.000	0.000
851	  G	  0.0	  0.7	0.000	0.000	0.000
852	  P	  0.0	  0.8	0.000	0.000	0.000
853	  E	  0.0	  0.8	0.000	0.000	0.000
854	  D	  0.0	  0.8	0.000	0.000	0.000
855	  S	  0.3	  0.5	0.000	0.000	0.000
856	  L	  0.3	  0.1	0.000	0.000	0.000
857	  L	  0.3	  0.1	0.000	0.000	0.000
858	  G	  0.1	  0.1	0.000	0.000	0.000
859	  T	  2.4	  0.2	0.000	0.000	0.000
860	  Q	  2.5	  0.3	0.000	0.000	0.000
861	  S	  2.6	  0.6	0.000	0.000	0.000
862	  R	  0.3	  0.6	0.000	0.000	0.000
863	  G	  0.2	  0.5	0.000	0.000	0.000
864	  H	  3.8	  0.4	0.000	0.000	0.000
865	  F	  5.5	  0.1	0.000	0.000	0.000
866	  S	  6.0	  0.0	0.000	0.000	0.000
867	  R	  2.4	  0.0	0.000	0.000	0.000
868	  Q	  0.6	  0.0	0.000	0.000	0.000
869	  P	  0.1	  0.0	0.000	0.000	0.000
870	  V	  5.3	  0.0	0.000	0.000	0.000
871	  K	  5.3	  0.0	0.000	0.000	0.000
872	  Y	  5.4	  0.5	0.000	0.000	0.000
873	  P	  0.1	  0.7	0.000	0.000	0.000
874	  R	  0.0	  1.8	0.000	0.000	0.000
875	  G	  0.0	  1.8	0.000	0.000	0.000
876	  G	  0.1	  1.3	0.000	0.000	0.000
877	  V	  0.5	  1.1	0.000	0.000	0.000
878	  R	  0.5	  0.0	0.000	0.000	0.000
879	  P	  0.4	  0.0	0.000	0.000	0.000
880	  V	  4.8	  0.0	0.000	0.000	0.000
881	  T	  7.4	  0.0	0.000	0.000	0.000
882	  H	  8.1	  0.1	0.000	0.000	0.000
883	  Q	  4.1	  0.1	0.000	0.000	0.000
884	  L	  1.7	  0.2	0.000	1.629	1.629
885	  S	  1.1	  0.2	1.002	1.884	1.884
886	  S	  0.5	  0.2	1.958	4.577	4.577
887	  L	  0.5	  0.2	1.958	10.337	10.337
888	  A	  0.7	  0.1	1.958	10.453	10.453
889	  L	  1.5	  0.0	1.958	10.453	10.453
890	  V	  3.6	  0.0	1.958	10.453	10.453
891	  A	  3.5	  0.1	1.958	6.897	6.897
892	  S	  2.7	  0.2	1.504	0.752	0.752
893	  K	  0.9	  0.2	0.820	0.000	0.000
894	  L	  0.9	  0.2	0.124	0.000	0.000
895	  C	  1.2	  0.2	0.124	0.000	0.000
896	  E	  0.7	  0.1	0.124	0.000	0.000
897	  E	  0.6	  0.1	0.124	0.000	0.000
898	  T	  0.1	  0.1	0.000	0.000	0.000
899	  P	  0.0	  0.0	0.000	0.000	0.000
900	  I	  2.7	  0.0	0.000	0.000	0.000
901	  T	  4.2	  0.0	0.000	0.000	0.000
902	  S	  4.4	  0.0	0.000	0.000	0.000
903	  V	  1.8	  0.3	0.000	0.000	0.000
904	  P	  0.2	  0.5	0.000	0.000	0.000
905	  R	  0.1	  0.7	0.000	0.000	0.000
906	  G	  0.0	  0.7	0.000	0.000	0.000
907	  S	  2.1	  0.4	0.142	0.000	0.000
908	  L	  2.3	  0.4	0.142	0.000	0.000
909	  R	  2.3	  0.3	0.142	0.000	0.000
910	  G	  0.3	  0.3	0.142	0.000	0.000
911	  R	  0.1	  0.3	0.142	0.000	0.000
912	  G	  0.0	  0.1	0.142	0.000	0.000
913	  P	  0.0	  0.0	0.000	0.000	0.000
914	  S	  0.0	  0.2	0.406	0.000	0.000
915	  P	  0.0	  0.2	0.406	0.000	0.000
916	  A	  0.0	  0.2	0.406	0.000	0.000
917	  A	  0.2	  0.2	0.406	0.000	0.000
918	  A	  0.3	  0.0	0.406	0.000	0.000
919	  S	  0.2	  1.0	0.406	0.000	0.000
920	  P	  0.0	  1.8	0.000	0.000	0.000
921	  E	  0.0	  1.8	0.000	0.000	0.000
922	  G	  0.0	  1.8	0.000	0.000	0.000
923	  S	  0.0	  0.9	0.222	0.000	0.000
924	  P	  0.0	  0.2	0.222	0.000	0.000
925	  L	  0.2	  0.2	0.222	0.000	0.000
926	  R	  0.7	  0.2	0.222	0.000	0.000
927	  R	  0.7	  0.0	0.222	0.000	0.000
928	  T	  0.6	  0.0	0.222	0.000	0.000
929	  P	  0.1	  0.0	0.000	0.000	0.000
930	  L	  0.0	  0.1	0.000	0.000	0.000
931	  P	  0.0	  0.2	0.000	0.000	0.000
932	  K	  0.2	  0.2	0.000	0.000	0.000
933	  H	  3.5	  0.2	0.000	0.000	0.000
934	  F	  8.7	  0.1	0.000	0.000	0.000
935	  E	 11.7	  0.0	0.000	0.000	0.000
936	  I	 12.2	  0.0	0.000	0.000	0.000
937	  T	  7.8	  0.0	4.462	0.000	0.000
938	  Q	  4.1	  0.1	5.064	0.000	0.000
939	  E	  0.5	  0.1	5.559	0.000	0.000
940	  T	  0.9	  0.1	6.309	0.000	0.000
941	  A	  1.0	  0.1	6.309	0.000	0.000
942	  R	  1.4	  0.0	6.309	0.000	0.000
943	  L	  1.1	  0.0	5.887	0.000	0.000
944	  L	  1.1	  0.1	5.601	0.000	0.000
945	  S	  0.9	  0.1	4.711	0.000	0.000
946	  K	  1.0	  0.3	2.411	0.000	0.000
947	  L	  1.1	  0.3	0.338	0.000	0.000
948	  D	  1.0	  0.5	0.180	0.000	0.000
949	  S	  0.4	  0.5	0.000	0.000	0.000
950	  E	  0.1	  0.3	0.000	0.000	0.000
951	  A	  0.1	  0.2	0.000	0.000	0.000
952	  V	  0.1	  0.0	0.000	0.000	0.000
953	  P	  0.1	  0.0	0.000	0.000	0.000
954	  R	  0.2	  0.1	0.000	0.000	0.000
955	  A	  0.5	  0.2	0.000	0.000	0.000
956	  T	 16.3	  0.2	0.000	0.000	0.000
957	  C	 17.1	  0.1	0.000	0.000	0.000
958	  C	 16.8	  1.3	0.000	0.000	0.000
959	  P	  1.0	  1.3	0.000	0.000	0.000
960	  D	  1.3	  1.3	0.000	0.000	0.000
961	  V	  1.7	  1.3	0.000	0.000	0.000
962	  Q	  1.7	  0.1	0.000	0.000	0.000
963	  P	  0.4	  0.2	0.000	0.000	0.000
964	  E	  0.0	  0.2	0.000	0.000	0.000
965	  E	  0.1	  0.2	0.000	0.000	0.000
966	  A	  0.1	  0.4	0.000	0.000	0.000
967	  E	  0.2	  0.4	0.000	0.000	0.000
968	  D	  0.1	  0.4	0.000	0.000	0.000
969	  H	  0.1	  0.4	0.000	0.000	0.000
970	  L	  0.0	  0.0	0.000	0.000	0.000
