res	aa	Beta	Turn	Helix	Aggregation	Conc-Stab_Aggregation
01	  M	  0.9	  0.0	0.000	0.001	0.001
02	  K	  1.3	  0.0	0.000	8.065	8.065
03	  W	  2.5	  0.0	0.000	8.065	8.065
04	  V	  3.1	  0.1	0.000	8.065	8.065
05	  E	  2.7	  0.1	0.000	8.065	8.065
06	  S	  1.8	  0.1	0.881	16.295	16.295
07	  I	  1.7	  0.1	0.881	82.523	82.523
08	  F	  2.5	  0.0	1.125	98.720	98.720
09	  L	  2.7	  0.0	1.125	99.880	99.880
10	  I	  2.7	  0.0	1.125	99.931	99.931
11	  F	  2.6	  0.0	1.125	99.914	99.914
12	  L	  2.6	  0.2	0.958	98.214	98.214
13	  L	  3.0	  0.2	0.958	86.954	86.954
14	  N	  3.8	  0.2	0.958	24.592	24.592
15	  F	  4.5	  0.2	0.465	22.156	22.156
16	  T	  3.0	  0.2	0.000	8.287	8.287
17	  E	  1.5	  0.2	0.000	0.036	0.036
18	  S	  0.6	  0.3	0.000	0.036	0.036
19	  R	  0.6	  0.3	0.000	0.036	0.036
20	  T	  1.9	  0.1	0.000	0.035	0.035
21	  L	  1.8	  0.1	0.000	0.034	0.034
22	  H	  1.7	  0.4	0.000	0.000	0.000
23	  R	  0.4	  0.4	0.000	0.000	0.000
24	  N	  0.3	  0.7	0.000	0.000	0.000
25	  E	  0.1	  0.7	0.000	0.000	0.000
26	  Y	  0.5	  0.5	0.000	0.173	0.173
27	  G	  0.9	  0.5	0.262	0.173	0.173
28	  I	  2.0	  0.1	0.262	1.704	1.704
29	  A	  2.1	  0.1	0.262	1.704	1.704
30	  S	  1.9	  0.0	0.369	1.704	1.704
31	  I	  1.2	  0.1	0.369	1.704	1.704
32	  L	  1.0	  0.2	0.369	1.704	1.704
33	  D	  1.2	  0.3	0.369	0.000	0.000
34	  S	  3.8	  0.3	0.245	0.000	0.000
35	  Y	 10.2	  0.3	0.106	0.000	0.000
36	  Q	 10.4	  0.1	0.000	0.000	0.000
37	  C	 12.9	  0.0	0.000	0.000	0.000
38	  T	  6.5	  0.0	0.000	0.000	0.000
39	  A	  5.8	  0.0	0.000	0.000	0.000
40	  E	  1.7	  0.0	0.000	0.000	0.000
41	  I	  4.5	  0.0	0.000	0.000	0.000
42	  S	  4.5	  0.0	6.116	0.000	0.000
43	  L	  3.3	  0.3	6.116	0.000	0.000
44	  A	  0.2	  0.3	6.116	0.000	0.000
45	  D	  0.1	  0.3	12.107	0.000	0.000
46	  L	  0.1	  0.3	12.107	40.464	40.464
47	  A	  0.8	  0.0	12.107	47.730	47.730
48	  T	  3.2	  0.0	10.501	65.501	65.501
49	  I	  4.1	  0.0	10.261	87.232	87.232
50	  F	  4.8	  0.0	10.261	89.195	89.195
51	  F	  2.9	  0.0	5.383	88.532	88.532
52	  A	  2.2	  0.0	3.376	77.085	77.085
53	  Q	  2.2	  0.0	2.791	62.562	62.562
54	  F	  3.1	  0.0	1.532	61.674	61.674
55	  V	  3.4	  0.0	0.727	50.431	50.431
56	  Q	  1.9	  0.0	0.619	1.896	1.896
57	  E	  0.7	  0.0	0.127	0.000	0.000
58	  A	  1.0	  0.0	0.127	0.000	0.000
59	  T	 14.5	  0.0	0.501	0.000	0.000
60	  Y	 15.0	  0.1	0.501	0.000	0.000
61	  K	 14.7	  0.1	0.501	0.000	0.000
62	  E	  3.9	  0.1	0.501	0.000	0.000
63	  V	  3.9	  0.1	0.501	0.000	0.000
64	  S	  3.6	  0.0	0.642	0.000	0.000
65	  K	  1.6	  0.0	0.393	0.000	0.000
66	  M	  1.6	  0.0	0.272	0.000	0.000
67	  V	  2.9	  0.1	0.140	0.000	0.000
68	  K	  2.3	  0.2	0.140	0.000	0.000
69	  D	  1.5	  0.2	0.888	0.000	0.000
70	  A	  0.2	  0.2	0.888	10.576	10.576
71	  L	  1.0	  0.0	0.888	10.576	10.576
72	  T	  1.4	  0.0	0.748	10.576	10.576
73	  A	  1.4	  0.0	0.748	10.576	10.576
74	  I	  1.9	  0.0	0.748	10.576	10.576
75	  E	  1.5	  0.0	0.748	0.000	0.000
76	  K	  1.4	  0.7	0.422	0.000	0.000
77	  P	  0.0	  0.8	0.000	0.000	0.000
78	  T	  0.0	  1.6	0.000	0.000	0.000
79	  G	  0.0	  1.7	0.000	0.000	0.000
80	  D	  0.0	  1.2	0.000	0.000	0.000
81	  E	  0.1	  1.2	0.000	0.000	0.000
82	  Q	  0.2	  0.6	0.000	0.000	0.000
83	  S	  0.2	  1.2	0.000	0.000	0.000
84	  S	  0.2	  1.7	0.000	0.000	0.000
85	  G	  0.1	  1.6	0.000	0.000	0.000
86	  C	  1.2	  1.4	0.000	0.000	0.000
87	  L	  1.2	  0.9	0.000	0.000	0.000
88	  E	  1.3	  0.2	0.000	0.000	0.000
89	  N	  0.2	  0.2	0.000	0.000	0.000
90	  Q	  0.2	  0.2	0.000	0.000	0.000
91	  L	  0.2	  0.2	0.000	0.000	0.000
92	  P	  0.1	  0.2	0.000	0.000	0.000
93	  A	  0.4	  0.2	0.000	0.000	0.000
94	  F	  1.1	  0.2	0.000	0.000	0.000
95	  L	  1.1	  0.1	0.000	0.000	0.000
96	  E	  0.7	  0.1	0.000	0.000	0.000
97	  E	  0.2	  0.1	0.000	0.000	0.000
98	  L	  0.8	  0.1	0.000	0.000	0.000
99	  C	  1.9	  0.1	0.132	0.000	0.000
100	  H	  2.0	  0.1	0.829	0.000	0.000
101	  E	  1.4	  0.2	1.118	0.000	0.000
102	  K	  0.8	  0.2	1.243	0.000	0.000
103	  E	  0.7	  0.1	1.243	0.000	0.000
104	  I	  1.4	  0.0	1.243	0.000	0.000
105	  L	  1.1	  0.1	1.243	0.000	0.000
106	  E	  1.1	  0.1	1.243	0.000	0.000
107	  K	  0.6	  0.1	1.243	0.000	0.000
108	  Y	  0.6	  0.4	0.465	0.000	0.000
109	  G	  0.4	  0.3	0.000	0.000	0.000
110	  H	  0.2	  1.2	0.000	0.000	0.000
111	  S	  0.0	  1.3	0.000	0.000	0.000
112	  D	  1.2	  1.0	0.000	0.000	0.000
113	  C	 10.2	  0.9	0.000	0.000	0.000
114	  C	 12.0	  0.2	0.000	0.000	0.000
115	  S	 12.3	  0.6	0.000	0.000	0.000
116	  Q	  3.7	  0.6	0.000	0.000	0.000
117	  S	  1.7	  0.9	0.466	0.000	0.000
118	  E	  0.1	  1.1	0.466	0.000	0.000
119	  E	  0.0	  1.0	0.466	0.000	0.000
120	  G	  0.0	  1.1	0.466	0.000	0.000
121	  R	  1.2	  0.8	0.466	0.000	0.000
122	  H	  1.7	  0.6	0.466	0.000	0.000
123	  N	  4.1	  0.2	0.839	0.000	0.000
124	  C	  4.6	  0.1	0.987	0.000	0.000
125	  F	  4.8	  0.0	0.812	0.000	0.000
126	  L	  2.5	  0.0	0.681	0.000	0.000
127	  A	  1.0	  0.0	0.681	0.000	0.000
128	  H	  0.7	  0.0	0.681	0.000	0.000
129	  K	  0.6	  0.0	0.544	0.000	0.000
130	  K	  0.5	  0.0	0.134	0.000	0.000
131	  P	  0.1	  0.0	0.000	0.000	0.000
132	  T	  0.0	  0.0	0.000	0.000	0.000
133	  P	  0.0	  0.2	0.000	0.000	0.000
134	  A	  0.8	  0.2	0.000	0.000	0.000
135	  S	  1.0	  0.2	0.000	0.000	0.000
136	  I	  1.0	  0.3	0.000	0.000	0.000
137	  P	  0.2	  0.2	0.000	0.000	0.000
138	  L	  0.3	  0.2	0.000	0.000	0.000
139	  F	  4.6	  0.2	0.000	0.000	0.000
140	  Q	  4.7	  0.0	0.000	0.000	0.000
141	  V	  4.5	  0.0	0.000	0.000	0.000
142	  P	  0.1	  0.0	0.000	0.000	0.000
143	  E	  0.0	  0.0	0.000	0.000	0.000
144	  P	  0.0	  0.0	0.000	0.000	0.000
145	  V	  2.6	  0.0	0.000	0.000	0.000
146	  T	  4.7	  0.1	0.221	0.000	0.000
147	  S	 13.6	  0.1	0.221	0.000	0.000
148	  C	 14.7	  0.1	0.221	0.000	0.000
149	  E	 12.8	  0.1	0.221	0.000	0.000
150	  A	  4.2	  0.1	0.221	0.000	0.000
151	  Y	  0.7	  0.1	0.221	0.000	0.000
152	  E	  0.6	  0.2	0.000	0.000	0.000
153	  E	  0.5	  0.2	0.110	0.000	0.000
154	  D	  0.0	  0.2	29.800	0.000	0.000
155	  R	  0.0	  0.2	29.911	0.000	0.000
156	  E	  0.2	  0.1	29.911	0.000	0.000
157	  T	  2.5	  0.1	32.533	0.153	0.153
158	  F	  3.3	  0.1	32.637	1.076	1.076
159	  M	  3.3	  0.1	32.855	1.076	1.076
160	  N	  1.1	  0.1	33.802	1.076	1.076
161	  K	  0.5	  0.1	33.010	1.250	1.250
162	  F	  0.8	  0.0	32.533	1.250	1.250
163	  I	  1.2	  0.0	28.938	1.250	1.250
164	  Y	  4.5	  0.0	29.571	1.250	1.250
165	  E	  4.5	  0.0	29.141	1.250	1.250
166	  I	  4.9	  0.0	28.853	1.250	1.250
167	  A	  1.5	  0.0	28.853	0.218	0.218
168	  R	  1.4	  0.0	27.864	0.000	0.000
169	  R	  0.6	  0.0	24.126	0.000	0.000
170	  H	  0.5	  0.2	9.161	0.000	0.000
171	  P	  0.1	  0.1	0.000	0.000	0.000
172	  F	  0.7	  0.1	0.000	0.000	0.000
173	  L	  1.5	  0.1	0.000	0.000	0.000
174	  Y	  1.6	  0.0	0.000	0.000	0.000
175	  A	  1.0	  0.2	0.000	0.000	0.000
176	  P	  0.2	  0.2	0.000	0.484	0.484
177	  T	  2.8	  0.2	0.714	34.701	34.701
178	  I	  5.8	  0.2	0.714	55.683	55.683
179	  L	  6.3	  0.0	0.970	56.572	56.572
180	  L	  3.8	  0.0	1.374	56.572	56.572
181	  W	  1.1	  0.0	1.489	56.508	56.508
182	  A	  0.7	  0.0	1.489	34.510	34.510
183	  A	  0.7	  0.0	1.308	16.456	16.456
184	  R	  4.0	  0.1	1.174	0.000	0.000
185	  Y	  4.4	  0.2	1.033	0.000	0.000
186	  D	  4.2	  0.2	0.591	0.000	0.000
187	  K	  2.9	  0.2	0.000	0.000	0.000
188	  I	  2.8	  0.1	0.000	0.000	0.000
189	  I	  2.7	  0.3	0.000	0.000	0.000
190	  P	  0.4	  0.3	0.000	0.000	0.000
191	  S	 10.8	  0.3	0.000	0.000	0.000
192	  C	 18.5	  0.3	0.000	0.000	0.000
193	  C	 19.4	  0.1	0.000	0.000	0.000
194	  K	  9.2	  0.0	0.000	0.000	0.000
195	  A	  1.5	  0.3	0.000	0.000	0.000
196	  E	  0.3	  0.3	0.000	0.000	0.000
197	  N	  0.1	  0.2	0.000	0.000	0.000
198	  A	  0.4	  0.2	0.000	0.000	0.000
199	  V	  4.0	  0.0	0.000	0.000	0.000
200	  E	  4.4	  0.0	0.000	0.000	0.000
201	  C	 10.6	  0.0	0.000	0.000	0.000
202	  F	  7.5	  0.1	0.000	0.000	0.000
203	  Q	  7.2	  0.1	0.000	0.000	0.000
204	  T	  1.1	  0.1	0.000	0.000	0.000
205	  K	  0.8	  0.1	0.000	0.000	0.000
206	  A	  0.6	  0.0	0.000	0.187	0.187
207	  A	  0.8	  0.0	0.000	0.187	0.187
208	  T	 11.9	  0.0	0.000	0.187	0.187
209	  V	 13.5	  0.0	0.000	0.187	0.187
210	  T	 13.5	  0.1	0.604	0.187	0.187
211	  K	  2.6	  0.1	0.604	0.000	0.000
212	  E	  0.9	  0.1	0.604	0.000	0.000
213	  L	  0.3	  0.1	0.604	0.000	0.000
214	  R	  0.3	  0.2	0.604	0.000	0.000
215	  E	  0.1	  0.2	0.604	0.000	0.000
216	  S	  0.2	  0.3	0.603	0.000	0.000
217	  S	  0.4	  0.3	0.435	0.000	0.000
218	  L	  0.8	  0.1	0.435	0.000	0.000
219	  L	  0.9	  0.1	0.435	0.000	0.000
220	  N	  0.8	  0.1	0.563	0.000	0.000
221	  Q	  0.4	  0.1	0.563	0.000	0.000
222	  H	  0.5	  0.1	0.262	0.000	0.000
223	  A	  0.5	  0.1	0.128	0.000	0.000
224	  C	  1.6	  0.0	0.128	0.000	0.000
225	  A	  2.2	  0.0	0.128	0.000	0.000
226	  V	  3.5	  0.0	0.128	0.000	0.000
227	  M	  2.5	  0.5	0.128	0.000	0.000
228	  K	  1.7	  0.5	0.000	0.000	0.000
229	  N	  0.4	  0.7	0.000	0.000	0.000
230	  F	  0.2	  1.0	0.000	0.000	0.000
231	  G	  0.1	  0.5	0.115	0.000	0.000
232	  T	  0.6	  0.6	0.115	0.000	0.000
233	  R	  1.7	  0.4	0.115	0.000	0.000
234	  T	 18.5	  0.1	0.115	0.153	0.153
235	  F	 19.6	  0.1	0.115	0.563	0.563
236	  Q	 18.5	  0.0	0.115	0.563	0.563
237	  A	  2.4	  0.0	0.000	1.439	1.439
238	  I	 14.9	  0.0	0.000	1.439	1.439
239	  T	 23.8	  0.0	0.249	1.439	1.439
240	  V	 25.0	  0.0	0.249	1.439	1.439
241	  T	 12.3	  0.0	0.249	1.029	1.029
242	  K	  2.5	  0.0	0.249	0.000	0.000
243	  L	  1.2	  0.1	0.249	0.000	0.000
244	  S	  0.7	  0.1	0.249	0.000	0.000
245	  Q	  1.0	  0.1	0.158	0.000	0.000
246	  K	  3.9	  0.1	0.000	0.000	0.000
247	  F	  7.6	  0.1	0.000	0.000	0.000
248	  T	  8.6	  0.0	0.000	0.000	0.000
249	  K	  7.3	  0.0	0.000	0.000	0.000
250	  V	  6.1	  0.0	0.000	0.208	0.208
251	  N	  5.7	  0.0	1.931	0.208	0.208
252	  F	  5.2	  0.0	1.931	0.208	0.208
253	  T	  2.7	  0.0	3.385	0.208	0.208
254	  E	  1.9	  0.0	3.385	0.208	0.208
255	  I	  1.0	  0.0	3.385	0.208	0.208
256	  Q	  1.1	  0.0	3.385	0.208	0.208
257	  K	  1.1	  0.0	3.195	0.957	0.957
258	  L	  2.8	  0.0	2.785	0.957	0.957
259	  V	  5.2	  0.0	2.088	0.957	0.957
260	  L	  6.7	  0.0	2.088	0.957	0.957
261	  D	  5.0	  0.0	1.389	0.749	0.749
262	  V	  4.1	  0.0	0.945	0.749	0.749
263	  A	  2.3	  0.0	0.945	0.343	0.343
264	  H	  3.8	  0.0	0.461	0.000	0.000
265	  V	  3.3	  0.0	0.000	0.000	0.000
266	  H	  3.2	  0.2	0.000	0.000	0.000
267	  E	  1.8	  0.2	0.000	0.000	0.000
268	  H	  4.2	  0.2	0.000	0.000	0.000
269	  C	 12.7	  0.2	0.000	0.000	0.000
270	  C	 12.8	  0.3	0.000	0.000	0.000
271	  R	  9.3	  0.4	0.000	0.000	0.000
272	  G	  0.5	  0.4	0.000	0.000	0.000
273	  D	  0.1	  0.4	0.000	0.000	0.000
274	  V	  3.0	  0.1	0.000	0.000	0.000
275	  L	  5.3	  0.0	0.000	0.000	0.000
276	  D	  5.2	  0.0	0.000	0.000	0.000
277	  C	  4.9	  0.0	0.000	0.000	0.000
278	  L	  2.7	  0.5	0.000	0.000	0.000
279	  Q	  2.6	  0.7	0.000	0.000	0.000
280	  D	  0.2	  0.8	0.000	0.000	0.000
281	  G	  0.0	  0.8	0.000	0.000	0.000
282	  E	  0.1	  0.3	0.000	0.000	0.000
283	  K	  0.7	  0.1	0.000	0.000	0.000
284	  I	  2.3	  0.1	0.000	10.273	10.273
285	  M	  5.0	  0.1	0.000	10.273	10.273
286	  S	  5.3	  0.1	0.000	10.273	10.273
287	  Y	  5.1	  0.1	0.000	10.273	10.273
288	  I	  3.0	  0.0	0.000	10.273	10.273
289	  C	  4.0	  0.1	0.000	1.965	1.965
290	  S	  2.7	  0.2	0.000	0.217	0.217
291	  Q	  2.3	  0.3	0.000	0.000	0.000
292	  Q	  0.6	  0.3	0.000	0.000	0.000
293	  D	  0.3	  0.3	0.114	0.000	0.000
294	  T	  5.6	  0.2	0.114	0.000	0.000
295	  L	  5.5	  0.3	0.114	0.000	0.000
296	  S	  5.5	  0.2	0.114	0.000	0.000
297	  N	  0.2	  0.2	0.646	0.000	0.000
298	  K	  5.0	  0.2	0.646	0.000	0.000
299	  I	  5.7	  0.0	0.532	0.000	0.000
300	  T	  5.7	  0.1	0.776	0.000	0.000
301	  E	  1.9	  0.1	0.776	0.000	0.000
302	  C	  9.0	  0.1	0.776	0.000	0.000
303	  C	  9.3	  0.1	0.389	0.000	0.000
304	  K	 10.0	  0.1	0.389	0.000	0.000
305	  L	  2.7	  0.1	0.244	0.000	0.000
306	  T	  2.9	  0.1	0.861	0.000	0.000
307	  T	  2.1	  0.0	1.059	0.000	0.000
308	  L	  1.9	  0.2	1.059	0.000	0.000
309	  E	  1.2	  0.3	1.059	0.000	0.000
310	  R	  0.1	  0.3	1.059	0.000	0.000
311	  G	  0.1	  0.3	1.059	0.000	0.000
312	  Q	  0.4	  0.2	0.547	0.000	0.000
313	  C	  3.7	  0.0	0.000	0.000	0.000
314	  I	  4.7	  0.0	0.000	0.000	0.000
315	  I	  5.4	  0.0	0.000	0.000	0.000
316	  H	  2.3	  0.2	0.000	0.000	0.000
317	  A	  1.2	  0.5	0.000	0.000	0.000
318	  E	  0.2	  0.6	0.000	0.000	0.000
319	  N	  0.1	  0.7	0.000	0.000	0.000
320	  D	  0.1	  0.5	0.000	0.000	0.000
321	  E	  0.1	  0.1	0.000	0.000	0.000
322	  K	  0.1	  0.6	0.000	0.000	0.000
323	  P	  0.0	  0.8	0.000	0.000	0.000
324	  E	  0.0	  0.8	0.000	0.000	0.000
325	  G	  0.1	  0.8	0.000	0.000	0.000
326	  L	  0.2	  0.3	0.000	0.000	0.000
327	  S	  0.2	  5.4	0.169	0.000	0.000
328	  P	  0.1	  5.3	0.169	0.000	0.000
329	  N	  0.3	  6.2	0.169	0.000	0.000
330	  L	  0.4	  6.2	0.169	0.000	0.000
331	  N	  0.5	  0.9	0.169	0.000	0.000
332	  R	  0.7	  0.9	0.169	0.000	0.000
333	  F	  1.1	  0.0	0.000	0.000	0.000
334	  L	  1.0	  0.8	0.000	0.000	0.000
335	  G	  0.4	  0.9	0.000	0.000	0.000
336	  D	  0.0	  2.2	0.000	0.000	0.000
337	  R	  0.2	  2.2	0.000	0.000	0.000
338	  D	  0.7	  1.8	0.000	0.000	0.000
339	  F	  2.3	  1.7	0.000	0.000	0.000
340	  N	  3.2	  0.4	0.000	0.000	0.000
341	  Q	  5.1	  0.4	0.000	0.000	0.000
342	  F	  5.2	  0.4	0.000	0.000	0.000
343	  S	  4.0	  0.8	0.000	0.000	0.000
344	  S	  1.7	  0.9	0.000	0.000	0.000
345	  G	  0.1	  1.0	0.000	0.000	0.000
346	  E	  0.3	  0.7	0.000	0.000	0.000
347	  K	  0.6	  0.4	0.000	0.000	0.000
348	  N	  2.9	  0.2	0.000	1.814	1.814
349	  I	  4.0	  0.1	0.000	93.744	93.744
350	  F	  4.3	  0.0	0.000	95.115	95.115
351	  L	  2.2	  0.3	0.000	95.205	95.205
352	  A	  1.4	  0.3	0.000	95.205	95.205
353	  S	  1.7	  0.3	0.000	95.009	95.009
354	  F	  2.9	  0.3	0.000	94.901	94.901
355	  V	  3.7	  0.0	0.000	93.320	93.320
356	  H	  3.3	  0.0	1.222	0.678	0.678
357	  E	  3.3	  0.0	1.425	0.000	0.000
358	  Y	  3.6	  0.1	1.425	0.000	0.000
359	  S	  3.6	  0.1	1.425	0.000	0.000
360	  R	  2.9	  0.1	1.425	0.000	0.000
361	  R	  1.3	  0.1	1.425	0.000	0.000
362	  H	  0.8	  0.5	1.274	0.000	0.000
363	  P	  0.1	  0.5	0.000	0.000	0.000
364	  Q	  0.1	  0.5	0.000	1.627	1.627
365	  L	  0.4	  0.5	0.000	48.371	48.371
366	  A	  0.9	  0.0	0.000	56.612	56.612
367	  V	  8.9	  0.0	0.000	64.849	64.849
368	  S	  9.6	  0.0	0.905	64.849	64.849
369	  V	 15.9	  0.0	0.905	64.849	64.849
370	  I	 10.0	  0.0	0.905	63.042	63.042
371	  L	 10.7	  0.0	0.905	54.559	54.559
372	  R	  5.0	  0.0	0.905	0.000	0.000
373	  V	  3.5	  0.0	0.905	0.000	0.000
374	  A	  1.6	  0.3	0.905	0.000	0.000
375	  K	  0.7	  0.3	0.552	0.000	0.000
376	  G	  0.1	  0.3	1.713	0.000	0.000
377	  Y	  1.2	  0.4	1.504	0.000	0.000
378	  Q	  1.3	  0.1	1.504	0.000	0.000
379	  E	  1.3	  0.1	1.504	0.000	0.000
380	  L	  0.2	  0.1	1.504	0.000	0.000
381	  L	  0.2	  0.1	1.504	0.000	0.000
382	  E	  0.4	  0.1	1.504	0.000	0.000
383	  K	  1.0	  0.1	1.309	0.000	0.000
384	  C	  7.6	  0.1	0.625	0.000	0.000
385	  F	  7.8	  0.1	0.398	0.000	0.000
386	  Q	  7.3	  0.1	0.142	0.000	0.000
387	  T	  0.7	  0.1	0.000	0.000	0.000
388	  E	  0.2	  0.1	0.000	0.000	0.000
389	  N	  0.1	  0.3	0.139	0.000	0.000
390	  P	  0.0	  0.3	0.139	0.000	0.000
391	  L	  1.2	  0.3	0.139	0.000	0.000
392	  E	  1.7	  0.3	0.139	0.000	0.000
393	  C	  2.2	  0.4	0.139	0.000	0.000
394	  Q	  1.1	  0.5	0.139	0.000	0.000
395	  D	  0.6	  1.6	1.256	0.000	0.000
396	  K	  0.1	  1.7	1.256	0.000	0.000
397	  G	  0.0	  1.3	7.302	0.000	0.000
398	  E	  0.0	  1.3	7.652	0.000	0.000
399	  E	  0.0	  0.2	8.964	0.000	0.000
400	  E	  0.3	  0.1	9.694	0.000	0.000
401	  L	  0.5	  0.1	9.694	0.000	0.000
402	  Q	  1.1	  0.1	9.694	0.000	0.000
403	  K	  1.2	  0.1	8.955	0.000	0.000
404	  Y	  1.5	  0.1	7.353	0.000	0.000
405	  I	  1.0	  0.0	4.682	0.000	0.000
406	  Q	  0.6	  0.1	5.261	0.000	0.000
407	  E	  0.3	  0.1	4.572	0.000	0.000
408	  S	  0.2	  0.2	7.426	0.000	0.000
409	  Q	  0.3	  0.2	6.607	0.000	0.000
410	  A	  0.3	  0.1	6.373	0.000	0.000
411	  L	  0.3	  0.0	6.373	0.000	0.000
412	  A	  0.2	  0.0	6.373	0.000	0.000
413	  K	  0.4	  0.2	6.373	0.000	0.000
414	  R	  0.5	  0.3	2.163	0.000	0.000
415	  S	  1.5	  0.3	0.474	0.000	0.000
416	  C	  1.5	  0.3	0.000	0.000	0.000
417	  G	  1.4	  0.1	0.000	0.000	0.000
418	  L	  0.5	  0.0	0.000	0.000	0.000
419	  F	  2.3	  0.1	0.000	0.000	0.000
420	  Q	  2.6	  0.2	0.000	0.000	0.000
421	  K	  2.4	  0.2	0.000	0.000	0.000
422	  L	  0.5	  0.6	0.000	0.000	0.000
423	  G	  0.2	  0.5	0.671	0.000	0.000
424	  E	  0.5	  0.4	0.671	0.000	0.000
425	  Y	  1.6	  0.4	0.671	13.307	13.307
426	  Y	  2.5	  0.0	0.671	17.188	17.188
427	  L	  2.2	  0.2	0.671	17.509	17.509
428	  Q	  1.1	  0.2	0.671	17.509	17.509
429	  N	  0.5	  0.2	0.652	19.131	19.131
430	  A	  0.6	  0.2	0.346	47.503	47.503
431	  F	  1.6	  0.0	0.346	67.821	67.821
432	  L	  2.3	  0.0	0.117	68.117	68.117
433	  V	  3.8	  0.0	0.117	68.117	68.117
434	  A	  3.1	  0.0	0.117	66.886	66.886
435	  Y	  6.5	  0.0	0.117	54.645	54.645
436	  T	  5.7	  0.1	0.000	9.991	9.991
437	  K	  5.5	  0.1	0.000	0.000	0.000
438	  K	  1.3	  0.1	0.000	0.000	0.000
439	  A	  0.2	  0.3	0.000	0.000	0.000
440	  P	  0.0	  0.2	0.000	0.000	0.000
441	  Q	  0.9	  0.2	0.000	0.000	0.000
442	  L	  1.5	  0.2	0.000	0.000	0.000
443	  T	  2.8	  0.2	3.577	0.000	0.000
444	  S	  2.0	  0.2	4.201	0.000	0.000
445	  S	  1.5	  0.3	4.861	0.000	0.000
446	  E	  0.2	  0.3	5.016	0.000	0.000
447	  L	  0.3	  0.2	5.016	1.995	1.995
448	  M	  0.7	  0.1	5.270	1.995	1.995
449	  A	  1.1	  0.0	4.882	1.995	1.995
450	  I	  4.9	  0.0	4.670	1.995	1.995
451	  T	  5.5	  0.0	4.801	1.995	1.995
452	  R	  5.4	  0.0	4.801	0.000	0.000
453	  K	  1.8	  0.0	3.997	0.000	0.000
454	  M	  0.8	  0.0	0.779	0.000	0.000
455	  A	  0.5	  0.0	0.525	0.000	0.000
456	  A	  0.3	  0.0	0.384	0.000	0.000
457	  T	  0.4	  0.0	0.098	0.000	0.000
458	  A	  0.4	  0.1	0.098	0.000	0.000
459	  A	  0.5	  0.1	0.098	0.000	0.000
460	  T	 10.3	  0.1	0.000	0.000	0.000
461	  C	 23.2	  0.1	0.000	0.000	0.000
462	  C	 24.1	  0.1	0.000	0.000	0.000
463	  Q	 15.1	  0.0	0.000	0.000	0.000
464	  L	  2.2	  0.1	0.000	0.000	0.000
465	  S	  0.7	  2.0	1.191	0.000	0.000
466	  E	  0.1	  1.9	1.315	0.000	0.000
467	  D	  0.1	  2.0	1.918	0.000	0.000
468	  K	  0.3	  2.0	1.918	0.000	0.000
469	  L	  0.5	  0.1	1.918	0.000	0.000
470	  L	  0.8	  0.1	1.918	0.000	0.000
471	  A	  0.6	  0.0	1.709	0.000	0.000
472	  C	  0.5	  0.2	1.430	0.000	0.000
473	  G	  0.2	  0.8	0.137	0.000	0.000
474	  E	  0.1	  0.9	0.000	0.000	0.000
475	  G	  0.0	  0.9	0.000	0.000	0.000
476	  A	  0.1	  1.0	0.000	0.000	0.000
477	  A	  0.2	  0.4	0.000	0.000	0.000
478	  D	  1.7	  0.3	0.000	0.000	0.000
479	  I	  7.2	  0.3	0.000	35.423	35.423
480	  I	  9.1	  0.0	0.000	38.668	38.668
481	  I	  7.6	  0.1	0.000	38.668	38.668
482	  G	  2.1	  0.2	0.000	38.668	38.668
483	  H	  0.6	  0.2	0.000	38.668	38.668
484	  L	  2.2	  0.2	0.000	38.668	38.668
485	  C	  5.9	  0.0	0.000	38.668	38.668
486	  I	  6.2	  0.0	0.000	35.426	35.426
487	  R	  5.0	  0.0	0.000	0.000	0.000
488	  H	  1.6	  0.0	0.000	0.000	0.000
489	  E	  1.9	  0.0	0.000	0.000	0.000
490	  M	  1.7	  0.0	0.000	0.000	0.000
491	  T	  1.4	  0.0	0.000	0.000	0.000
492	  P	  0.2	  0.0	0.000	0.000	0.000
493	  V	  0.3	  0.0	0.000	0.000	0.000
494	  N	  0.3	  1.2	0.000	0.000	0.000
495	  P	  0.3	  1.2	0.000	0.000	0.000
496	  G	  0.0	  1.4	0.000	0.000	0.000
497	  V	  0.1	  1.5	0.000	0.000	0.000
498	  G	  0.2	  0.4	0.000	0.000	0.000
499	  Q	  2.1	  0.3	0.000	0.000	0.000
500	  C	  4.7	  0.1	0.000	0.000	0.000
501	  C	  6.1	  0.1	0.000	0.000	0.000
502	  T	  5.5	  0.2	0.000	0.000	0.000
503	  S	  3.1	  0.2	0.293	0.000	0.000
504	  S	  2.3	  0.2	0.749	0.000	0.000
505	  Y	  1.2	  0.4	0.749	0.000	0.000
506	  A	  0.9	  0.3	0.749	0.000	0.000
507	  N	  0.4	  0.3	0.749	0.000	0.000
508	  R	  0.2	  0.3	0.749	0.000	0.000
509	  R	  0.2	  0.1	0.574	0.000	0.000
510	  P	  0.1	  0.1	0.000	0.154	0.154
511	  C	  3.8	  0.1	0.000	2.239	2.239
512	  F	  5.3	  0.4	0.000	3.573	3.573
513	  S	  5.4	  0.3	0.000	3.573	3.573
514	  S	  2.0	  0.3	0.000	3.573	3.573
515	  L	  2.3	  0.3	0.000	3.573	3.573
516	  V	  5.8	  0.1	0.000	3.573	3.573
517	  V	  5.6	  0.0	0.000	2.929	2.929
518	  D	  3.8	  0.1	0.000	0.000	0.000
519	  E	  0.4	  0.1	0.000	0.000	0.000
520	  T	  8.3	  0.1	0.000	0.000	0.000
521	  Y	  8.3	  0.1	0.000	0.000	0.000
522	  V	  8.1	  0.0	0.000	0.000	0.000
523	  P	  0.0	  0.1	0.000	0.000	0.000
524	  P	  0.0	  0.1	0.000	0.000	0.000
525	  A	  0.5	  0.1	0.000	0.000	0.000
526	  F	  0.8	  0.5	0.000	0.000	0.000
527	  S	  0.8	  1.7	0.000	0.000	0.000
528	  D	  0.3	  1.8	0.190	0.000	0.000
529	  D	  0.1	  1.8	0.190	0.450	0.450
530	  K	  0.6	  1.4	0.190	0.450	0.450
531	  F	  1.3	  0.1	0.190	0.450	0.450
532	  I	  1.6	  0.0	0.190	0.450	0.450
533	  F	  2.5	  0.0	0.190	0.450	0.450
534	  H	  2.0	  0.6	0.000	0.000	0.000
535	  K	  1.6	  0.6	0.000	0.000	0.000
536	  D	  0.4	  0.6	0.000	0.000	0.000
537	  L	  0.3	  0.6	0.000	0.000	0.000
538	  C	  2.8	  0.1	0.000	0.000	0.000
539	  Q	  2.9	  0.2	0.000	0.000	0.000
540	  A	  2.7	  0.4	0.000	0.000	0.000
541	  Q	  0.3	  0.4	0.000	0.000	0.000
542	  G	  0.3	  0.4	0.000	0.000	0.000
543	  V	  3.7	  0.2	0.000	0.000	0.000
544	  A	  3.9	  0.0	0.161	0.000	0.000
545	  L	  3.7	  0.0	0.161	0.000	0.000
546	  Q	  0.5	  0.0	0.161	0.000	0.000
547	  T	  3.7	  0.0	1.047	0.000	0.000
548	  M	  3.7	  0.1	1.315	0.000	0.000
549	  K	  3.8	  0.1	3.113	0.000	0.000
550	  Q	  0.7	  0.1	3.914	0.000	0.000
551	  E	  0.7	  0.1	3.914	0.000	0.000
552	  F	  1.2	  0.0	4.148	72.429	72.429
553	  L	  1.4	  0.0	4.268	77.874	77.874
554	  I	  5.4	  0.0	4.268	77.874	77.874
555	  N	  4.9	  0.0	4.469	77.874	77.874
556	  L	  4.9	  0.0	4.361	77.874	77.874
557	  V	  3.0	  0.0	4.361	72.201	72.201
558	  K	  3.1	  0.0	4.361	0.000	0.000
559	  Q	  2.6	  0.0	1.382	0.000	0.000
560	  K	  0.6	  0.2	0.777	0.000	0.000
561	  P	  0.0	  0.1	0.000	0.000	0.000
562	  Q	  2.0	  0.1	0.000	0.000	0.000
563	  I	  2.8	  0.1	0.000	0.000	0.000
564	  T	  2.8	  0.1	0.723	0.000	0.000
565	  E	  0.8	  0.1	0.723	0.000	0.000
566	  E	  0.1	  0.1	0.723	0.000	0.000
567	  Q	  1.5	  0.1	0.856	0.000	0.000
568	  L	  1.6	  0.1	0.856	0.000	0.000
569	  E	  1.6	  0.0	0.856	0.000	0.000
570	  A	  1.3	  0.0	0.731	0.000	0.000
571	  V	  5.3	  0.0	0.614	0.000	0.000
572	  I	  5.3	  0.4	0.614	0.000	0.000
573	  A	  4.3	  0.4	0.614	0.000	0.000
574	  D	  0.8	  1.2	0.486	0.000	0.000
575	  F	  2.0	  1.5	0.000	0.252	0.252
576	  S	  2.0	  1.1	0.131	0.252	0.252
577	  G	  1.4	  1.1	0.237	0.252	0.252
578	  L	  0.1	  0.3	0.237	0.252	0.252
579	  L	  0.2	  0.1	0.237	0.252	0.252
580	  E	  0.4	  0.1	0.237	0.000	0.000
581	  K	  3.3	  0.1	0.237	0.000	0.000
582	  C	 17.3	  0.1	0.106	0.000	0.000
583	  C	 17.2	  0.7	0.000	0.000	0.000
584	  Q	 14.3	  0.7	0.000	0.000	0.000
585	  G	  0.1	  0.7	0.000	0.000	0.000
586	  Q	  0.1	  0.8	0.000	0.000	0.000
587	  E	  0.1	  0.1	0.000	0.000	0.000
588	  Q	  0.4	  0.1	0.000	0.000	0.000
589	  E	  1.3	  0.1	0.000	0.000	0.000
590	  V	  2.4	  0.0	0.000	0.000	0.000
591	  C	  8.3	  0.0	0.000	0.000	0.000
592	  F	  7.8	  0.0	0.000	0.000	0.000
593	  A	  6.7	  0.2	0.000	0.000	0.000
594	  E	  0.4	  0.5	0.316	0.000	0.000
595	  E	  0.0	  0.6	0.316	0.000	0.000
596	  G	  0.0	  0.7	0.650	0.000	0.000
597	  Q	  0.3	  0.5	0.650	0.000	0.000
598	  K	  0.9	  0.1	0.650	0.000	0.000
599	  L	  1.4	  0.1	0.650	0.000	0.000
600	  I	  1.7	  0.0	0.650	0.000	0.000
601	  S	  1.8	  0.1	1.544	0.000	0.000
602	  K	  1.6	  0.2	1.235	0.000	0.000
603	  T	  1.2	  0.2	1.074	0.000	0.000
604	  R	  0.6	  0.2	1.074	0.000	0.000
605	  A	  0.5	  0.2	1.074	0.000	0.000
606	  A	  0.3	  0.2	1.074	0.000	0.000
607	  L	  0.3	  0.2	1.074	0.000	0.000
608	  G	  0.1	  0.2	0.912	0.000	0.000
609	  V	  0.1	  0.0	0.000	0.000	0.000
