res	aa	Beta	Turn	Helix	Aggregation	Conc-Stab_Aggregation
01	  M	  0.1	  0.0	1.785	0.060	0.060
02	  W	  1.1	  0.1	14.493	0.060	0.060
03	  E	  1.1	  0.1	24.356	0.060	0.060
04	  L	  1.7	  0.1	25.273	79.842	79.842
05	  V	  3.2	  0.1	26.091	94.452	94.452
06	  A	  3.4	  0.0	26.459	96.715	96.715
07	  L	  3.4	  0.0	26.459	99.388	99.388
08	  L	  1.5	  0.0	26.717	99.877	99.877
09	  L	  1.5	  0.0	26.663	99.964	99.964
10	  L	  2.5	  0.0	25.859	99.964	99.964
11	  T	  2.1	  0.0	24.937	99.876	99.876
12	  L	  2.1	  0.0	24.838	99.824	99.824
13	  A	  0.7	  0.0	24.143	99.517	99.517
14	  Y	  1.0	  0.0	21.345	99.256	99.256
15	  L	  1.5	  0.0	15.675	98.358	98.358
16	  F	  1.4	  0.0	13.854	93.453	93.453
17	  W	  0.8	  0.1	7.700	33.307	33.307
18	  P	  0.1	  0.2	0.155	8.059	8.059
19	  K	  0.3	  0.2	0.155	0.000	0.000
20	  R	  0.4	  0.2	0.155	0.000	0.000
21	  R	  0.5	  0.1	0.155	0.000	0.000
22	  C	  0.3	  3.0	0.155	0.000	0.000
23	  P	  0.1	  3.0	0.000	0.000	0.000
24	  G	  0.0	  3.0	0.000	0.000	0.000
25	  A	  0.3	  3.0	0.000	0.000	0.000
26	  K	  0.4	  0.1	0.000	0.000	0.000
27	  Y	  0.4	  0.2	0.000	0.000	0.000
28	  P	  0.1	  0.3	0.000	0.000	0.000
29	  K	  0.2	  0.3	0.000	0.000	0.000
30	  S	  0.4	  0.3	0.000	0.000	0.000
31	  L	  0.9	  0.2	0.000	0.000	0.000
32	  L	  4.4	  0.0	0.000	0.000	0.000
33	  S	  4.4	  0.0	0.000	0.000	0.000
34	  L	  3.9	  0.0	0.000	0.000	0.000
35	  P	  0.1	  0.0	0.000	0.000	0.000
36	  L	  0.2	  0.1	0.000	0.000	0.000
37	  V	  0.3	  0.7	0.000	0.000	0.000
38	  G	  0.3	  0.7	0.000	0.000	0.000
39	  S	  0.3	  0.7	0.000	0.000	0.000
40	  L	  0.2	  0.6	0.000	0.000	0.000
41	  P	  0.1	  0.0	0.000	0.000	0.000
42	  F	  0.2	  0.0	0.000	0.000	0.000
43	  L	  0.2	  0.2	0.000	0.000	0.000
44	  P	  0.2	  0.4	0.000	0.000	0.000
45	  R	  0.2	  0.9	0.000	0.000	0.000
46	  H	  0.3	  1.1	0.000	0.000	0.000
47	  G	  0.3	  1.0	0.000	0.000	0.000
48	  H	  0.8	  0.8	0.000	0.000	0.000
49	  M	  1.0	  0.3	0.000	0.000	0.000
50	  H	  1.1	  0.2	0.000	0.000	0.000
51	  N	  0.5	  0.2	0.000	0.000	0.000
52	  N	  2.1	  0.2	0.000	0.000	0.000
53	  F	  3.4	  0.2	0.000	0.000	0.000
54	  F	  4.6	  0.0	0.000	0.000	0.000
55	  K	  3.3	  0.0	0.000	0.000	0.000
56	  L	  2.2	  0.1	0.000	0.000	0.000
57	  Q	  0.9	  0.1	0.000	0.000	0.000
58	  K	  0.4	  0.1	0.000	0.000	0.000
59	  K	  0.5	  0.1	0.000	0.000	0.000
60	  Y	  0.3	  0.2	0.000	0.000	0.000
61	  G	  0.2	  0.2	0.000	0.000	0.000
62	  P	  0.0	  0.2	0.000	0.000	0.000
63	  I	  1.1	  0.2	0.000	0.000	0.000
64	  Y	  6.1	  0.0	0.000	0.000	0.000
65	  S	  9.6	  0.0	0.000	0.000	0.000
66	  V	 12.4	  0.0	0.000	0.000	0.000
67	  R	  7.7	  0.0	0.000	0.000	0.000
68	  M	  4.1	  0.1	0.000	0.000	0.000
69	  G	  0.3	  0.1	0.000	0.000	0.000
70	  T	  1.3	  0.1	0.000	0.000	0.000
71	  K	  2.1	  0.2	0.000	0.000	0.000
72	  T	  3.9	  0.1	0.000	11.739	11.739
73	  T	  5.9	  0.1	0.000	13.356	13.356
74	  V	 19.0	  0.0	0.000	13.356	13.356
75	  I	 19.6	  0.0	0.000	13.356	13.356
76	  V	 16.8	  0.1	0.000	13.356	13.356
77	  G	  3.0	  0.1	0.000	2.580	2.580
78	  H	  0.7	  0.2	0.000	0.000	0.000
79	  H	  1.2	  0.2	0.726	0.000	0.000
80	  Q	  1.3	  0.1	1.236	0.000	0.000
81	  L	  0.8	  0.1	1.516	0.000	0.000
82	  A	  0.2	  0.1	2.368	0.000	0.000
83	  K	  0.6	  0.0	2.496	0.000	0.000
84	  E	  1.0	  0.0	2.496	0.000	0.000
85	  V	  4.0	  0.0	2.496	0.000	0.000
86	  L	  3.8	  0.0	2.496	0.000	0.000
87	  I	  3.8	  0.1	2.496	0.000	0.000
88	  K	  0.8	  1.3	2.496	0.000	0.000
89	  K	  0.5	  1.4	1.318	0.000	0.000
90	  G	  0.1	  1.8	0.545	0.000	0.000
91	  K	  0.1	  1.8	0.000	0.000	0.000
92	  D	  0.7	  1.3	0.000	0.000	0.000
93	  F	  2.2	  1.5	0.000	0.000	0.000
94	  S	  2.3	  1.1	0.000	0.000	0.000
95	  G	  1.7	  1.1	0.000	0.000	0.000
96	  R	  0.2	  0.5	0.000	0.000	0.000
97	  P	  0.0	  0.2	0.000	0.000	0.000
98	  Q	  0.1	  0.2	0.000	0.000	0.000
99	  M	  0.2	  0.2	0.000	0.000	0.000
100	  A	  0.7	  0.0	0.000	0.000	0.000
101	  T	  2.1	  0.0	0.000	0.000	0.000
102	  L	  4.5	  0.0	0.000	0.000	0.000
103	  D	  4.3	  0.0	0.000	0.000	0.000
104	  I	  3.9	  0.1	0.000	0.000	0.000
105	  A	  1.3	  0.4	0.000	0.000	0.000
106	  S	  1.2	  0.8	0.000	0.000	0.000
107	  N	  0.1	  0.8	0.000	0.000	0.000
108	  N	  0.1	  1.0	0.000	0.000	0.000
109	  R	  0.1	  1.0	0.000	0.000	0.000
110	  K	  0.1	  0.6	0.000	0.000	0.000
111	  G	  0.6	  0.6	0.000	0.530	0.530
112	  I	  2.5	  0.3	0.000	0.530	0.530
113	  A	  2.6	  0.0	0.000	0.530	0.530
114	  F	  2.3	  0.4	0.000	0.530	0.530
115	  A	  0.4	  0.6	0.000	0.530	0.530
116	  D	  0.3	  1.3	0.000	0.000	0.000
117	  S	  0.0	  1.7	0.000	0.000	0.000
118	  G	  0.0	  1.4	0.000	0.000	0.000
119	  A	  0.4	  1.2	0.000	0.000	0.000
120	  H	  2.8	  0.5	0.000	0.000	0.000
121	  W	  4.8	  0.1	0.000	0.000	0.000
122	  Q	  5.0	  0.0	0.000	0.000	0.000
123	  L	  2.8	  0.0	0.000	0.000	0.000
124	  H	  1.3	  0.1	0.290	0.000	0.000
125	  R	  1.1	  0.1	0.290	0.000	0.000
126	  R	  1.1	  0.1	0.290	0.000	0.000
127	  L	  0.9	  0.1	0.290	11.813	11.813
128	  A	  0.6	  0.0	0.290	17.673	17.673
129	  M	  0.5	  0.2	0.290	36.595	36.595
130	  A	  1.0	  0.2	0.000	53.093	53.093
131	  T	  4.7	  0.2	0.156	72.396	72.396
132	  F	  5.3	  0.2	0.156	72.396	72.396
133	  A	  4.6	  0.0	0.156	72.284	72.284
134	  L	  1.1	  0.0	0.156	72.118	72.118
135	  F	  0.8	  0.9	0.156	71.547	71.547
136	  K	  0.7	  1.1	0.156	0.051	0.051
137	  D	  0.5	  1.7	0.000	0.051	0.051
138	  G	  0.0	  1.8	0.538	0.000	0.000
139	  D	  0.1	  1.0	1.491	0.000	0.000
140	  Q	  0.4	  0.8	1.491	0.000	0.000
141	  K	  2.0	  0.1	1.491	0.000	0.000
142	  L	  2.0	  0.1	1.491	0.000	0.000
143	  E	  1.8	  0.1	1.491	0.000	0.000
144	  K	  1.7	  0.0	1.296	0.000	0.000
145	  I	  3.6	  0.0	0.563	0.000	0.000
146	  I	  4.2	  0.0	0.563	0.000	0.000
147	  C	  3.1	  0.1	0.563	0.000	0.000
148	  Q	  1.2	  0.1	0.401	0.000	0.000
149	  E	  1.9	  0.1	0.000	0.000	0.000
150	  I	  2.4	  0.1	0.000	0.000	0.000
151	  S	  2.5	  0.1	0.000	0.000	0.000
152	  T	  2.5	  0.1	0.000	0.000	0.000
153	  L	  1.7	  0.1	0.000	0.000	0.000
154	  C	  2.1	  0.1	0.000	0.000	0.000
155	  D	  0.8	  0.1	0.141	0.000	0.000
156	  M	  0.8	  0.1	0.141	0.000	0.000
157	  L	  0.3	  0.0	0.141	0.000	0.000
158	  A	  0.8	  0.0	0.141	0.000	0.000
159	  T	  1.4	  0.2	0.141	0.000	0.000
160	  H	  1.4	  3.8	0.141	0.000	0.000
161	  N	  0.9	  3.9	0.000	0.000	0.000
162	  G	  0.1	  3.9	0.000	0.000	0.000
163	  Q	  0.1	  3.8	0.000	0.000	0.000
164	  S	  2.9	  0.4	0.000	0.000	0.000
165	  I	  7.9	  0.3	0.000	0.000	0.000
166	  D	  8.4	  0.4	0.000	0.000	0.000
167	  I	 11.7	  0.4	0.000	0.000	0.000
168	  S	  7.0	  0.1	0.000	0.000	0.000
169	  F	  6.3	  0.1	0.000	0.000	0.000
170	  P	  0.2	  0.0	0.000	1.106	1.106
171	  V	  5.5	  0.0	0.000	91.358	91.358
172	  F	  7.9	  0.0	0.000	98.940	98.940
173	  V	 14.3	  0.0	0.000	99.554	99.554
174	  A	  9.5	  0.0	0.000	99.606	99.606
175	  V	  8.5	  0.0	0.000	99.666	99.666
176	  T	  2.6	  0.0	0.000	98.635	98.635
177	  N	  5.2	  0.0	0.000	97.977	97.977
178	  V	  7.8	  0.0	0.000	98.165	98.165
179	  I	 10.5	  0.0	0.000	97.871	97.871
180	  S	  7.9	  0.0	0.000	94.508	94.508
181	  L	  4.7	  0.0	0.000	94.091	94.091
182	  I	  2.5	  0.0	0.000	91.975	91.975
183	  C	  5.2	  0.1	0.000	68.793	68.793
184	  F	  5.2	  0.1	0.000	63.906	63.906
185	  N	  4.2	  0.2	0.000	3.987	3.987
186	  T	  2.7	  0.2	0.000	1.652	1.652
187	  S	  3.4	  0.2	0.000	0.277	0.277
188	  Y	  3.7	  0.8	0.000	0.213	0.213
189	  K	  2.2	  1.5	0.000	0.000	0.000
190	  N	  0.6	  1.5	0.000	0.000	0.000
191	  G	  0.0	  1.5	0.000	0.000	0.000
192	  D	  0.0	  1.1	0.134	0.000	0.000
193	  P	  0.0	  0.3	0.134	0.000	0.000
194	  E	  0.9	  0.3	0.134	0.000	0.000
195	  L	  4.1	  0.3	0.134	0.000	0.000
196	  N	  7.4	  0.1	0.134	0.000	0.000
197	  V	  8.6	  0.0	0.134	0.000	0.000
198	  I	  5.5	  0.2	0.134	0.000	0.000
199	  Q	  2.8	  0.2	0.134	0.000	0.000
200	  N	  1.7	  0.7	0.000	0.000	0.000
201	  Y	  1.9	  0.7	0.000	0.000	0.000
202	  N	  1.3	  0.8	0.000	0.000	0.000
203	  E	  0.3	  0.8	0.000	0.000	0.000
204	  G	  0.1	  0.3	0.000	0.000	0.000
205	  I	  1.0	  0.3	0.000	0.000	0.000
206	  I	  1.1	  0.1	0.000	0.000	0.000
207	  D	  1.0	  0.1	0.000	0.000	0.000
208	  N	  0.4	  0.6	0.000	0.000	0.000
209	  L	  0.6	  0.7	0.000	0.000	0.000
210	  S	  1.1	  2.3	0.000	0.000	0.000
211	  K	  0.9	  2.4	0.000	0.000	0.000
212	  D	  0.6	  1.9	0.000	0.000	0.000
213	  S	  0.4	  1.9	0.000	0.000	0.000
214	  L	  0.9	  0.1	0.000	0.000	0.000
215	  V	  3.3	  0.1	0.000	0.000	0.000
216	  D	  3.2	  0.0	0.000	0.000	0.000
217	  L	  2.8	  0.0	0.000	0.000	0.000
218	  V	  0.4	  0.0	0.824	0.000	0.000
219	  P	  0.1	  0.0	1.952	0.000	0.000
220	  W	  0.5	  0.0	1.952	0.000	0.000
221	  L	  2.3	  0.0	1.952	0.000	0.000
222	  K	  2.9	  0.0	1.952	0.000	0.000
223	  I	  2.6	  0.0	1.952	0.000	0.000
224	  F	  0.8	  0.9	1.952	0.000	0.000
225	  P	  0.1	  0.9	0.000	0.000	0.000
226	  N	  0.1	  1.0	0.272	0.000	0.000
227	  K	  0.3	  1.0	0.272	0.000	0.000
228	  T	  1.4	  0.1	0.813	0.000	0.000
229	  L	  1.5	  0.1	0.813	0.000	0.000
230	  E	  1.3	  0.1	0.813	0.000	0.000
231	  K	  1.3	  0.1	0.813	0.000	0.000
232	  L	  1.5	  0.2	0.659	0.000	0.000
233	  K	  1.7	  0.2	0.659	0.000	0.000
234	  S	  1.0	  0.1	0.320	0.000	0.000
235	  H	  2.7	  0.1	0.122	0.000	0.000
236	  V	  9.8	  0.0	0.000	0.000	0.000
237	  K	 10.8	  0.0	0.000	0.000	0.000
238	  I	  9.0	  0.1	0.000	0.000	0.000
239	  R	  1.9	  0.2	0.000	0.000	0.000
240	  N	  0.3	  0.2	0.852	0.000	0.000
241	  D	  0.1	  0.2	3.255	0.000	0.000
242	  L	  0.5	  0.1	3.407	0.000	0.000
243	  L	  0.6	  0.0	3.407	0.000	0.000
244	  N	  0.7	  0.0	3.940	0.000	0.000
245	  K	  0.9	  0.0	3.940	0.000	0.000
246	  I	  1.4	  0.0	3.612	0.000	0.000
247	  L	  1.3	  0.6	3.612	0.000	0.000
248	  E	  0.8	  0.5	3.444	0.000	0.000
249	  N	  0.9	  0.5	6.041	0.000	0.000
250	  Y	  1.5	  0.6	3.589	0.000	0.000
251	  K	  1.7	  0.1	2.957	0.000	0.000
252	  E	  1.1	  0.1	2.957	0.000	0.000
253	  K	  1.3	  0.1	2.957	0.000	0.000
254	  F	  2.9	  0.2	2.957	0.000	0.000
255	  R	  2.9	  0.6	1.391	0.000	0.000
256	  S	  2.1	  1.0	0.435	0.000	0.000
257	  D	  0.4	  1.0	0.544	0.000	0.000
258	  S	  3.3	  0.9	0.531	0.000	0.000
259	  I	  3.8	  0.4	0.531	0.000	0.000
260	  T	  3.8	  0.0	0.531	0.000	0.000
261	  N	  0.8	  0.0	1.852	0.000	0.000
262	  M	  0.7	  0.1	1.852	0.000	0.000
263	  L	  0.7	  0.1	1.605	0.000	0.000
264	  D	  0.7	  0.1	1.983	0.000	0.000
265	  T	  1.1	  0.1	2.484	0.000	0.000
266	  L	  1.1	  0.1	2.686	0.000	0.000
267	  M	  1.5	  0.0	2.806	0.000	0.000
268	  Q	  0.8	  0.0	2.620	0.000	0.000
269	  A	  0.9	  0.0	2.427	0.000	0.000
270	  K	  1.3	  0.0	2.427	0.000	0.000
271	  M	  1.6	  0.0	1.142	0.000	0.000
272	  N	  1.4	  2.9	0.977	0.000	0.000
273	  S	  0.5	  6.1	0.000	0.000	0.000
274	  D	  0.0	  7.5	0.000	0.000	0.000
275	  N	  0.0	  8.1	0.000	0.000	0.000
276	  G	  0.0	  5.2	0.000	0.000	0.000
277	  N	  0.0	  2.1	0.000	0.000	0.000
278	  A	  0.0	  0.8	0.000	0.000	0.000
279	  G	  0.0	  1.2	0.000	0.000	0.000
280	  P	  0.0	  1.2	0.000	0.000	0.000
281	  D	  0.1	  3.7	0.000	0.000	0.000
282	  Q	  0.1	  3.7	0.000	0.000	0.000
283	  D	  0.2	  2.7	0.000	0.000	0.000
284	  S	  0.2	  2.7	0.164	0.000	0.000
285	  E	  0.1	  0.2	0.164	0.000	0.000
286	  L	  0.5	  0.2	0.164	0.000	0.000
287	  L	  0.6	  0.3	0.164	0.000	0.000
288	  S	  0.5	  1.3	0.164	0.000	0.000
289	  D	  0.1	  1.4	0.164	0.000	0.000
290	  N	  0.6	  1.4	0.000	0.000	0.000
291	  H	  5.5	  1.1	0.000	0.000	0.000
292	  I	  7.2	  0.0	0.000	6.679	6.679
293	  L	  6.9	  0.0	0.000	6.679	6.679
294	  T	  3.2	  0.0	0.000	6.679	6.679
295	  T	  1.8	  0.1	0.000	6.679	6.679
296	  I	  1.5	  0.8	0.000	6.679	6.679
297	  G	  0.4	  0.8	0.000	0.551	0.551
298	  D	  1.3	  0.8	0.000	0.000	0.000
299	  I	  2.3	  0.7	0.000	0.000	0.000
300	  F	  2.5	  0.8	0.000	0.000	0.000
301	  G	  1.3	  1.2	0.000	0.000	0.000
302	  A	  0.2	  1.2	0.000	0.622	0.622
303	  G	  0.1	  1.2	0.000	1.358	1.358
304	  V	  0.7	  0.4	0.000	9.814	9.814
305	  E	  0.8	  0.0	0.000	10.508	10.508
306	  T	  2.5	  0.1	0.000	10.743	10.743
307	  T	  4.6	  0.1	0.130	11.138	11.138
308	  T	  5.3	  0.1	0.524	11.138	11.138
309	  S	  4.5	  0.0	1.525	11.138	11.138
310	  V	  4.2	  0.0	1.817	11.138	11.138
311	  V	  5.8	  0.0	2.650	11.138	11.138
312	  K	  7.0	  0.0	3.140	10.508	10.508
313	  W	  7.0	  0.0	3.478	39.510	39.510
314	  T	  5.0	  0.0	6.485	46.363	46.363
315	  L	  3.1	  0.0	6.485	73.001	73.001
316	  A	  0.9	  0.0	6.485	73.036	73.036
317	  F	  1.2	  0.0	6.485	73.036	73.036
318	  L	  1.5	  0.0	6.485	72.009	72.009
319	  L	  1.5	  0.0	6.485	65.024	65.024
320	  H	  0.8	  0.0	6.325	0.501	0.501
321	  N	  0.4	  0.2	5.997	0.000	0.000
322	  P	  0.0	  0.2	0.400	0.000	0.000
323	  Q	  1.0	  0.2	0.400	0.000	0.000
324	  V	  1.7	  0.2	0.400	0.000	0.000
325	  K	  1.8	  0.1	0.400	0.000	0.000
326	  K	  0.8	  0.1	0.400	0.000	0.000
327	  K	  0.4	  0.1	0.212	0.000	0.000
328	  L	  0.5	  0.1	0.000	0.000	0.000
329	  Y	  1.1	  0.1	0.000	0.000	0.000
330	  E	  0.8	  0.1	0.000	0.000	0.000
331	  E	  3.8	  0.1	0.000	0.000	0.000
332	  I	  4.3	  0.1	0.000	0.000	0.000
333	  D	  4.3	  0.9	0.000	0.000	0.000
334	  Q	  1.8	  0.9	0.000	0.000	0.000
335	  N	  0.6	  1.0	0.000	0.000	0.000
336	  V	  0.7	  1.0	0.000	0.000	0.000
337	  G	  0.3	  0.1	0.000	0.000	0.000
338	  F	  2.0	  0.2	0.000	0.000	0.000
339	  S	  2.2	  0.0	0.000	0.000	0.000
340	  R	  2.2	  0.0	0.000	0.000	0.000
341	  T	  0.5	  0.2	0.000	0.000	0.000
342	  P	  0.1	  0.2	0.000	0.000	0.000
343	  T	 12.3	  0.2	0.000	0.000	0.000
344	  I	 12.4	  0.3	0.000	0.000	0.000
345	  S	 12.4	  0.2	4.673	0.000	0.000
346	  D	  0.0	  1.9	6.802	0.000	0.000
347	  R	  0.0	  1.9	6.802	0.000	0.000
348	  N	  0.0	  1.8	8.131	0.000	0.000
349	  R	  0.4	  1.8	8.131	0.198	0.198
350	  L	  1.2	  0.0	8.131	0.739	0.739
351	  L	  2.1	  0.0	7.823	0.739	0.739
352	  L	  1.7	  0.0	7.551	0.739	0.739
353	  L	  1.1	  0.0	7.675	0.739	0.739
354	  E	  0.4	  0.0	7.418	0.739	0.739
355	  A	  1.0	  0.0	6.042	0.739	0.739
356	  T	  7.1	  0.0	10.256	0.739	0.739
357	  I	  7.2	  0.0	10.256	0.739	0.739
358	  R	  6.7	  0.0	10.684	0.541	0.541
359	  E	  0.9	  0.0	10.411	0.000	0.000
360	  V	  2.3	  0.0	10.159	0.000	0.000
361	  L	  3.5	  0.0	10.159	0.000	0.000
362	  R	  4.2	  0.0	9.748	0.000	0.000
363	  L	  2.7	  0.0	8.451	0.000	0.000
364	  R	  1.3	  0.0	4.115	0.000	0.000
365	  P	  0.1	  0.0	0.000	0.000	0.000
366	  V	  0.5	  0.0	0.000	0.000	0.000
367	  A	  0.5	  0.0	0.000	0.000	0.000
368	  P	  0.5	  0.0	0.000	0.000	0.000
369	  M	  1.9	  0.0	0.000	0.000	0.000
370	  L	  2.0	  0.0	0.000	0.000	0.000
371	  I	  2.0	  0.0	0.000	0.000	0.000
372	  P	  0.1	  0.0	0.000	0.000	0.000
373	  H	  0.3	  0.1	0.000	0.000	0.000
374	  K	  0.4	  0.3	0.000	0.000	0.000
375	  A	  0.5	  0.3	0.000	0.000	0.000
376	  N	  1.5	  0.8	0.000	0.000	0.000
377	  V	  2.5	  0.7	0.000	0.000	0.000
378	  D	  2.5	  1.1	0.000	0.000	0.000
379	  S	  1.3	  1.1	0.000	0.000	0.000
380	  S	  0.4	  0.8	0.000	0.000	0.000
381	  I	  0.4	  1.4	0.000	0.000	0.000
382	  G	  0.3	  0.8	0.000	0.000	0.000
383	  E	  0.4	  0.8	0.000	0.000	0.000
384	  F	  1.7	  0.6	0.000	0.000	0.000
385	  A	  1.9	  0.0	0.000	0.000	0.000
386	  V	  1.8	  0.1	0.000	0.000	0.000
387	  D	  0.5	  0.8	0.713	0.000	0.000
388	  K	  0.3	  0.8	0.713	0.000	0.000
389	  G	  0.0	  0.9	1.056	0.000	0.000
390	  T	  0.4	  0.8	1.376	0.000	0.000
391	  E	  0.7	  0.1	1.376	0.000	0.000
392	  V	  7.6	  0.0	1.376	60.892	60.892
393	  I	  8.2	  0.0	1.376	65.866	65.866
394	  I	 11.8	  0.0	1.376	66.920	66.920
395	  N	  5.4	  0.0	3.244	67.002	67.002
396	  L	  4.6	  0.0	2.633	67.002	67.002
397	  W	  1.1	  0.0	2.509	64.815	64.815
398	  A	  0.9	  0.0	1.868	55.005	55.005
399	  L	  1.3	  0.0	1.868	46.551	46.551
400	  H	  1.3	  0.1	1.868	0.308	0.308
401	  H	  1.0	  0.1	1.288	0.000	0.000
402	  N	  0.5	  0.3	0.614	0.000	0.000
403	  E	  0.2	  0.2	0.248	0.000	0.000
404	  K	  0.3	  0.1	0.144	0.000	0.000
405	  E	  2.9	  0.1	0.144	0.000	0.000
406	  W	  4.4	  0.0	0.144	0.000	0.000
407	  H	  4.3	  0.0	0.144	0.000	0.000
408	  Q	  1.7	  0.6	0.000	0.000	0.000
409	  P	  0.1	  0.7	0.000	0.000	0.000
410	  D	  0.6	  0.7	0.000	0.000	0.000
411	  Q	  3.0	  0.7	0.000	0.000	0.000
412	  F	  3.2	  0.1	0.000	0.000	0.000
413	  M	  2.6	  0.2	0.186	0.000	0.000
414	  P	  0.2	  0.3	1.201	0.000	0.000
415	  E	  0.2	  0.3	1.201	0.000	0.000
416	  R	  0.9	  0.3	1.201	0.000	0.000
417	  F	  2.8	  0.1	1.201	0.000	0.000
418	  L	  2.6	  0.0	1.201	0.000	0.000
419	  N	  2.0	  0.6	1.201	0.000	0.000
420	  P	  0.1	  0.9	0.000	0.000	0.000
421	  A	  0.0	  1.0	0.000	0.000	0.000
422	  G	  0.0	  1.0	0.000	0.000	0.000
423	  T	  1.0	  0.4	0.000	0.000	0.000
424	  Q	  1.3	  0.1	0.000	0.000	0.000
425	  L	  2.0	  0.0	0.000	0.000	0.000
426	  I	  1.3	  0.0	0.000	0.000	0.000
427	  S	  1.0	  2.0	0.000	0.000	0.000
428	  P	  0.3	  2.0	0.000	0.000	0.000
429	  S	 10.6	  2.2	0.000	0.000	0.000
430	  V	 14.4	  2.2	0.000	0.000	0.000
431	  S	 15.4	  0.2	0.000	0.000	0.000
432	  Y	  5.4	  0.2	0.000	0.000	0.000
433	  L	  1.2	  0.2	0.000	0.000	0.000
434	  P	  0.1	  0.4	0.000	0.000	0.000
435	  F	  0.2	  1.2	0.000	0.000	0.000
436	  G	  0.2	  1.2	0.000	0.000	0.000
437	  A	  0.2	  1.1	0.000	0.000	0.000
438	  G	  0.0	  1.1	0.000	0.000	0.000
439	  P	  0.0	  0.4	0.000	0.000	0.000
440	  R	  0.1	  0.4	0.000	0.000	0.000
441	  S	  2.4	  0.4	1.190	0.000	0.000
442	  C	  2.8	  0.3	8.305	0.000	0.000
443	  I	  2.7	  0.2	8.754	0.000	0.000
444	  G	  0.5	  0.2	19.145	0.000	0.000
445	  E	  0.2	  0.2	20.169	0.000	0.000
446	  I	  0.7	  0.1	21.420	0.133	0.133
447	  L	  0.7	  0.0	23.851	0.145	0.145
448	  A	  0.7	  0.0	30.688	0.145	0.145
449	  R	  0.3	  0.0	32.138	0.146	0.146
450	  Q	  0.3	  0.1	32.446	0.147	0.147
451	  E	  0.3	  0.1	33.754	0.179	0.179
452	  L	  0.6	  0.0	33.842	84.166	84.166
453	  F	  1.0	  0.0	35.606	99.529	99.529
454	  L	  1.8	  0.0	36.187	99.786	99.786
455	  I	  2.0	  0.0	37.029	99.830	99.830
456	  M	  1.6	  0.0	37.142	99.832	99.832
457	  A	  0.9	  0.0	36.875	99.731	99.731
458	  W	  0.6	  0.0	36.789	99.630	99.630
459	  L	  0.5	  0.0	36.387	99.198	99.198
460	  L	  0.4	  0.0	35.281	96.825	96.825
461	  Q	  0.7	  0.0	32.421	3.689	3.689
462	  R	  2.9	  0.0	17.317	0.041	0.041
463	  F	  3.6	  0.1	8.425	0.039	0.039
464	  D	  3.3	  0.0	1.085	0.008	0.008
465	  L	  3.3	  0.0	0.500	0.006	0.006
466	  E	  2.8	  0.0	0.500	0.000	0.000
467	  V	  2.6	  0.6	0.269	0.000	0.000
468	  P	  0.2	  1.3	0.000	0.000	0.000
469	  D	  0.0	  2.3	0.000	0.000	0.000
470	  D	  0.0	  2.4	0.000	0.000	0.000
471	  G	  0.0	  1.8	0.000	0.000	0.000
472	  Q	  0.1	  1.1	0.000	0.000	0.000
473	  L	  0.1	  0.4	0.000	0.000	0.000
474	  P	  0.1	  0.4	0.000	0.000	0.000
475	  S	  1.1	  0.5	0.000	0.000	0.000
476	  L	  1.1	  0.7	0.000	0.000	0.000
477	  E	  1.1	  0.4	0.000	0.000	0.000
478	  G	  0.0	  0.3	0.000	0.000	0.000
479	  I	  0.0	  0.2	0.000	0.000	0.000
480	  P	  0.0	  0.0	0.000	0.000	0.000
481	  K	  2.0	  0.0	0.000	0.095	0.095
482	  V	  5.6	  0.0	0.000	99.404	99.404
483	  V	  9.1	  0.0	0.000	99.417	99.417
484	  F	  7.9	  0.0	0.000	99.419	99.419
485	  L	  4.7	  0.0	0.000	99.419	99.419
486	  I	  2.0	  0.1	0.000	99.419	99.419
487	  D	  1.6	  0.1	0.645	0.264	0.264
488	  S	  2.6	  0.1	2.126	0.205	0.205
489	  F	  4.1	  0.1	2.126	0.202	0.202
490	  K	  7.1	  0.0	2.126	0.170	0.170
491	  V	 12.1	  0.0	2.126	0.156	0.156
492	  K	 12.2	  0.0	2.126	0.000	0.000
493	  I	 15.4	  0.0	1.899	0.000	0.000
494	  K	 10.6	  0.0	1.899	0.000	0.000
495	  V	 10.3	  0.0	0.540	0.000	0.000
496	  R	  3.8	  0.0	0.540	0.000	0.000
497	  Q	  2.6	  0.0	0.111	0.000	0.000
498	  A	  0.8	  0.0	0.000	0.000	0.000
499	  W	  1.0	  0.0	0.000	0.000	0.000
500	  R	  0.7	  0.1	0.000	0.000	0.000
501	  E	  0.5	  0.1	0.000	0.000	0.000
502	  A	  0.2	  0.1	0.000	0.000	0.000
503	  Q	  0.4	  0.2	0.000	0.000	0.000
504	  A	  0.3	  0.8	0.000	0.000	0.000
505	  E	  0.2	  2.3	0.000	0.000	0.000
506	  G	  0.1	  2.3	0.000	0.000	0.000
507	  S	  0.1	  2.1	0.000	0.000	0.000
508	  T	  0.1	  1.5	0.000	0.000	0.000
