res	aa	Beta	Turn	Helix	Aggregation	Conc-Stab_Aggregation
01	  M	  0.0	  0.2	0.000	0.000	0.000
02	  P	  0.0	  0.3	0.000	0.000	0.000
03	  R	  1.7	  0.3	0.000	0.000	0.000
04	  S	  2.3	  0.3	0.000	0.000	0.000
05	  F	  3.4	  0.1	0.000	0.000	0.000
06	  L	  2.3	  0.0	0.000	0.000	0.000
07	  V	  2.3	  0.0	0.000	0.000	0.000
08	  K	  1.3	  0.1	0.000	0.000	0.000
09	  K	  0.9	  0.1	0.000	0.000	0.000
10	  H	  3.4	  0.1	0.000	0.000	0.000
11	  F	  4.6	  0.1	0.000	0.000	0.000
12	  N	  4.4	  1.5	0.000	0.000	0.000
13	  A	  1.6	  1.6	0.000	0.000	0.000
14	  S	  0.5	  1.6	0.000	0.000	0.000
15	  K	  0.5	  1.6	0.000	0.000	0.000
16	  K	  0.3	  0.8	0.000	0.000	0.000
17	  P	  0.0	  0.7	0.000	0.000	0.000
18	  N	  1.2	  1.0	0.000	0.000	0.000
19	  Y	  1.8	  1.1	0.000	0.000	0.000
20	  S	  1.8	  0.5	0.000	0.000	0.000
21	  E	  1.4	  0.5	0.000	0.000	0.000
22	  L	  0.9	  0.3	0.000	0.000	0.000
23	  D	  1.0	  0.2	0.000	0.000	0.000
24	  T	  2.9	  0.1	0.000	0.000	0.000
25	  H	  5.0	  0.1	0.000	0.140	0.140
26	  T	  8.2	  0.0	0.000	0.140	0.140
27	  V	 12.5	  0.0	0.000	0.140	0.140
28	  I	 13.5	  0.0	0.000	0.140	0.140
29	  I	 10.5	  0.0	0.000	0.140	0.140
30	  S	  3.8	  0.2	0.000	0.000	0.000
31	  P	  0.2	  0.2	0.000	0.000	0.000
32	  Y	  0.6	  0.2	0.000	0.000	0.000
33	  L	  0.7	  0.2	0.000	0.000	0.000
34	  Y	  1.7	  0.1	0.000	0.000	0.000
35	  E	  1.3	  0.1	0.000	0.000	0.000
36	  S	 22.5	  0.3	0.000	0.000	0.000
37	  Y	 26.8	  0.3	0.000	0.000	0.000
38	  S	 26.7	  0.1	0.000	0.000	0.000
39	  M	  7.1	  0.1	0.000	0.000	0.000
40	  P	  0.1	  0.0	0.000	0.000	0.000
41	  V	  0.6	  0.0	0.000	0.000	0.000
42	  I	  0.7	  0.0	0.000	0.000	0.000
43	  P	  0.7	  0.0	0.000	0.000	0.000
44	  Q	  0.0	  0.0	0.000	0.000	0.000
45	  P	  0.0	  0.0	0.000	0.000	0.000
46	  E	  0.2	  0.0	0.000	0.000	0.000
47	  I	  1.7	  0.0	0.000	0.000	0.000
48	  L	  2.1	  0.3	0.000	0.000	0.000
49	  S	  1.9	  0.7	0.000	0.000	0.000
50	  S	  0.4	  1.2	0.000	0.000	0.000
51	  G	  0.1	  1.2	0.000	0.000	0.000
52	  A	  0.8	  0.9	0.000	0.000	0.000
53	  Y	  1.1	  0.5	0.000	0.000	0.000
54	  S	  1.1	  0.0	0.370	0.000	0.000
55	  P	  0.3	  0.0	0.370	0.299	0.299
56	  I	 17.6	  0.0	0.370	19.635	19.635
57	  T	 21.8	  0.0	0.370	20.561	20.561
58	  V	 23.4	  0.0	0.370	21.274	21.274
59	  W	  7.2	  0.0	0.370	21.274	21.274
60	  T	  3.0	  0.0	0.000	21.087	21.087
61	  T	  2.0	  0.0	0.000	11.760	11.760
62	  A	  1.3	  0.0	0.000	5.774	5.774
63	  A	  0.7	  0.0	0.000	0.000	0.000
64	  P	  0.0	  0.0	0.000	0.000	0.000
65	  F	  1.8	  0.0	0.000	0.000	0.000
66	  H	  2.0	  0.2	0.000	0.000	0.000
67	  A	  2.6	  0.2	0.000	0.000	0.000
68	  Q	  1.0	  0.2	0.000	0.000	0.000
69	  L	  0.7	  2.3	0.000	0.000	0.000
70	  P	  0.1	  2.5	0.000	0.000	0.000
71	  N	  0.0	  2.5	0.000	0.000	0.000
72	  G	  0.1	  2.5	0.000	0.000	0.000
73	  L	  0.2	  0.4	0.000	0.000	0.000
74	  S	  0.2	  0.3	0.000	0.000	0.000
75	  P	  0.1	  0.4	0.000	0.000	0.000
76	  L	  0.2	  0.8	0.000	0.000	0.000
77	  S	  0.2	  0.8	0.000	0.000	0.000
78	  G	  0.3	  0.6	0.000	0.000	0.000
79	  Y	  1.8	  0.5	0.000	0.000	0.000
80	  S	  2.7	  0.9	0.000	0.000	0.000
81	  S	  2.7	  1.1	0.000	0.000	0.000
82	  S	  1.2	  1.4	0.000	0.000	0.000
83	  L	  0.3	  1.3	0.000	0.000	0.000
84	  G	  0.2	  0.5	0.000	0.000	0.000
85	  R	  2.5	  0.3	0.000	0.000	0.000
86	  V	  2.5	  0.0	0.000	0.000	0.000
87	  S	  2.4	  0.0	0.000	0.000	0.000
88	  P	  0.0	  0.0	0.000	0.000	0.000
89	  P	  0.0	  0.0	0.000	0.000	0.000
90	  P	  0.0	  0.7	0.000	0.000	0.000
91	  P	  0.0	  0.9	0.000	0.000	0.000
92	  S	  0.0	  1.0	0.000	0.000	0.000
93	  D	  0.2	  1.4	0.000	0.000	0.000
94	  T	  1.5	  0.9	0.000	0.000	0.000
95	  S	  1.7	  0.7	0.000	0.000	0.000
96	  S	  2.0	  2.5	0.000	0.000	0.000
97	  K	  0.7	  2.1	0.000	0.000	0.000
98	  D	  0.6	  3.0	0.000	0.000	0.000
99	  H	  0.1	  3.6	0.000	0.000	0.000
100	  S	  0.3	  2.4	0.000	0.000	0.000
101	  G	  0.3	  2.4	0.000	0.000	0.000
102	  S	  0.6	  1.4	0.000	0.000	0.000
103	  E	  0.4	  0.7	0.000	0.000	0.000
104	  S	  0.4	  0.1	0.000	0.000	0.000
105	  P	  0.0	  0.0	0.000	0.000	0.000
106	  I	  0.0	  0.1	0.000	0.000	0.000
107	  S	  0.0	  0.2	3.873	0.000	0.000
108	  D	  0.0	  0.3	8.376	0.000	0.000
109	  E	  0.0	  0.4	9.085	0.000	0.000
110	  E	  0.0	  0.3	9.717	0.000	0.000
111	  E	  0.1	  0.2	9.903	0.000	0.000
112	  R	  0.5	  0.1	9.903	0.000	0.000
113	  L	  0.7	  0.1	9.903	0.000	0.000
114	  Q	  0.9	  0.1	9.123	0.000	0.000
115	  S	  0.6	  0.2	6.335	0.000	0.000
116	  K	  0.8	  0.2	3.665	0.000	0.000
117	  L	  0.7	  0.1	0.875	0.000	0.000
118	  S	  0.5	  0.1	0.588	0.000	0.000
119	  D	  0.1	  0.7	0.522	0.000	0.000
120	  P	  0.0	  0.7	0.403	0.000	0.000
121	  H	  0.7	  0.7	0.544	0.000	0.000
122	  A	  0.9	  0.7	0.544	0.000	0.000
123	  I	  1.9	  0.0	0.762	0.000	0.000
124	  E	  1.2	  0.0	0.762	0.000	0.000
125	  A	  1.1	  0.1	0.762	0.000	0.000
126	  E	  0.3	  0.1	0.762	0.000	0.000
127	  K	  1.2	  0.1	0.486	0.000	0.000
128	  F	  8.3	  0.1	0.351	0.000	0.000
129	  Q	  8.5	  0.0	0.000	0.000	0.000
130	  C	  8.3	  0.1	0.000	0.000	0.000
131	  N	  1.4	  0.1	0.000	0.000	0.000
132	  L	  1.1	  0.0	0.000	0.000	0.000
133	  C	  0.8	  0.0	0.000	0.000	0.000
134	  N	  0.6	  0.1	0.000	0.000	0.000
135	  K	  0.8	  0.1	0.000	0.000	0.000
136	  T	 23.7	  0.1	0.000	0.000	0.000
137	  Y	 24.1	  0.1	0.000	0.000	0.000
138	  S	 24.2	  0.0	0.000	0.000	0.000
139	  T	 24.7	  0.0	0.000	0.000	0.000
140	  F	 24.7	  0.2	0.000	0.000	0.000
141	  S	 24.3	  0.2	0.281	0.000	0.000
142	  G	  1.3	  0.2	0.375	0.000	0.000
143	  L	  0.1	  0.2	0.375	0.000	0.000
144	  A	  0.2	  0.1	0.375	0.000	0.000
145	  K	  0.4	  0.1	0.375	0.000	0.000
146	  H	  0.7	  0.2	0.375	0.000	0.000
147	  K	  0.7	  0.2	0.094	0.000	0.000
148	  Q	  1.1	  0.2	0.000	0.000	0.000
149	  L	  2.6	  0.2	0.000	0.000	0.000
150	  H	  3.2	  0.2	0.000	0.000	0.000
151	  C	  3.4	  0.2	0.416	0.000	0.000
152	  D	  1.6	  0.5	0.852	0.000	0.000
153	  A	  0.9	  0.5	0.852	0.000	0.000
154	  Q	  0.2	  0.4	0.852	0.000	0.000
155	  S	  0.2	  0.4	0.852	0.000	0.000
156	  R	  0.3	  0.2	0.852	0.000	0.000
157	  K	  0.5	  0.1	0.721	0.000	0.000
158	  S	 21.7	  0.3	0.281	0.000	0.000
159	  F	 36.5	  0.2	0.091	0.000	0.000
160	  S	 37.1	  0.2	0.000	0.000	0.000
161	  C	 20.6	  0.3	0.000	0.000	0.000
162	  K	  1.9	  0.1	0.000	0.000	0.000
163	  Y	  1.9	  0.2	0.000	0.000	0.000
164	  C	  2.1	  0.2	0.000	0.000	0.000
165	  D	  1.6	  0.2	0.000	0.000	0.000
166	  K	  0.5	  0.2	0.000	0.000	0.000
167	  E	  0.3	  0.1	0.000	0.000	0.000
168	  Y	  1.9	  0.1	0.000	1.065	1.065
169	  V	  6.4	  0.1	0.000	1.596	1.596
170	  S	  6.4	  0.3	1.952	1.596	1.596
171	  L	  4.9	  0.4	1.952	1.596	1.596
172	  G	  0.2	  0.3	2.316	1.596	1.596
173	  A	  0.2	  0.3	2.316	1.200	1.200
174	  L	  1.5	  0.1	2.316	1.200	1.200
175	  K	  2.1	  0.0	2.316	0.000	0.000
176	  M	  5.8	  0.0	2.316	0.000	0.000
177	  H	 10.1	  0.0	1.104	0.000	0.000
178	  I	 10.5	  0.0	0.516	0.000	0.000
179	  R	  7.0	  0.0	0.516	0.000	0.000
180	  T	  4.0	  0.1	0.000	0.000	0.000
181	  H	  5.1	  0.1	0.000	0.000	0.000
182	  T	  5.0	  0.0	0.000	0.000	0.000
183	  L	  2.5	  0.0	0.000	0.000	0.000
184	  P	  0.3	  0.0	0.000	0.000	0.000
185	  C	  0.9	  0.0	0.000	0.000	0.000
186	  V	  1.2	  0.0	0.000	0.000	0.000
187	  C	  1.8	  0.0	0.000	0.000	0.000
188	  K	  1.6	  0.0	0.000	0.000	0.000
189	  I	  2.3	  0.4	0.000	0.000	0.000
190	  C	  1.9	  0.5	0.000	0.000	0.000
191	  G	  1.2	  0.5	0.000	0.000	0.000
192	  K	  0.4	  0.5	0.000	0.000	0.000
193	  A	  0.7	  0.1	0.000	0.000	0.000
194	  F	  4.1	  0.0	0.000	0.000	0.000
195	  S	  4.1	  0.0	0.000	0.000	0.000
196	  R	  3.6	  0.0	0.000	0.000	0.000
197	  P	  0.1	  0.0	0.000	0.000	0.000
198	  W	  0.5	  0.0	0.000	0.000	0.000
199	  L	  0.6	  0.0	0.000	0.000	0.000
200	  L	  0.7	  0.3	0.000	0.000	0.000
201	  Q	  0.2	  0.3	0.000	0.000	0.000
202	  G	  0.1	  0.3	0.000	0.000	0.000
203	  H	  6.3	  0.3	0.000	0.000	0.000
204	  I	  7.4	  0.0	0.000	0.000	0.000
205	  R	  7.6	  0.0	0.000	0.000	0.000
206	  T	  4.2	  0.1	0.000	0.000	0.000
207	  H	  3.3	  0.3	0.000	0.000	0.000
208	  T	  3.0	  0.4	0.000	0.000	0.000
209	  G	  0.2	  0.4	0.000	0.000	0.000
210	  E	  0.1	  0.3	0.000	0.000	0.000
211	  K	  0.0	  0.1	0.000	0.000	0.000
212	  P	  0.0	  0.0	0.000	0.000	0.000
213	  F	 27.0	  0.0	0.000	0.000	0.000
214	  S	 27.3	  0.0	0.000	0.000	0.000
215	  C	 27.3	  0.6	0.000	0.000	0.000
216	  P	  0.4	  0.6	0.000	0.000	0.000
217	  H	  0.7	  0.7	0.000	0.000	0.000
218	  C	  0.9	  0.7	0.000	0.000	0.000
219	  N	  0.9	  0.2	0.189	0.000	0.000
220	  R	  0.5	  0.2	0.189	0.000	0.000
221	  A	  0.5	  0.1	0.189	0.000	0.000
222	  F	  0.7	  0.4	0.189	0.000	0.000
223	  A	  0.4	  0.4	0.189	0.000	0.000
224	  D	  0.3	  1.8	0.348	0.000	0.000
225	  R	  0.2	  2.1	0.159	0.000	0.000
226	  S	  0.2	  1.7	0.159	0.000	0.000
227	  N	  0.9	  1.7	0.524	0.000	0.000
228	  L	  1.1	  0.3	0.524	0.000	0.000
229	  R	  1.3	  0.0	0.524	0.000	0.000
230	  A	  0.9	  0.0	0.365	0.000	0.000
231	  H	  1.1	  0.0	0.365	0.000	0.000
232	  L	  1.0	  0.1	0.365	0.000	0.000
233	  Q	  0.9	  0.1	0.365	0.000	0.000
234	  T	  2.2	  0.1	0.000	0.000	0.000
235	  H	  2.2	  0.6	0.000	0.000	0.000
236	  S	  2.0	  0.5	0.604	0.000	0.000
237	  D	  1.3	  0.5	1.171	0.000	0.000
238	  V	  1.9	  0.6	1.171	0.000	0.000
239	  K	  2.0	  0.1	1.171	0.000	0.000
240	  K	  1.6	  0.1	1.171	0.000	0.000
241	  Y	  8.0	  0.1	1.171	0.000	0.000
242	  Q	  8.3	  0.0	0.801	0.000	0.000
243	  C	  7.6	  0.7	0.158	0.000	0.000
244	  K	  0.9	  0.7	0.000	0.000	0.000
245	  N	  0.8	  0.9	0.000	0.000	0.000
246	  C	  1.9	  1.0	0.000	0.000	0.000
247	  S	  2.2	  0.4	0.000	0.000	0.000
248	  K	  2.3	  0.4	0.000	0.000	0.000
249	  T	 30.6	  0.1	0.000	0.000	0.000
250	  F	 31.3	  0.2	0.000	0.000	0.000
251	  S	 30.9	  0.1	0.654	0.000	0.000
252	  R	  2.3	  0.1	0.654	0.000	0.000
253	  M	  1.9	  0.1	0.654	0.000	0.000
254	  S	  2.1	  0.0	0.654	0.000	0.000
255	  L	  2.2	  0.0	0.654	0.000	0.000
256	  L	  0.9	  0.0	0.654	0.000	0.000
257	  H	  1.0	  0.1	0.469	0.000	0.000
258	  K	  0.9	  0.1	0.185	0.000	0.000
259	  H	  0.8	  0.3	0.000	0.000	0.000
260	  E	  0.6	  0.5	0.000	0.000	0.000
261	  E	  0.1	  0.6	0.000	0.000	0.000
262	  S	  0.1	  0.9	0.000	0.000	0.000
263	  G	  0.2	  0.8	0.000	0.000	0.000
264	  C	 10.2	  0.6	0.000	0.000	0.000
265	  C	 15.6	  0.4	0.000	0.000	0.000
266	  V	 17.2	  0.0	0.000	0.000	0.000
267	  A	  8.2	  0.0	0.000	0.000	0.000
268	  H	  1.8	  0.0	0.000	0.000	0.000
