res	aa	Beta	Turn	Helix	Aggregation	Conc-Stab_Aggregation
01	  M	  0.1	  0.0	0.000	0.000	0.000
02	  A	  0.1	  0.2	0.000	0.000	0.000
03	  Q	  0.3	  0.2	0.000	0.000	0.000
04	  N	  0.5	  0.2	1.144	0.000	0.000
05	  L	  0.6	  0.4	1.144	0.000	0.000
06	  K	  0.5	  0.3	1.144	0.000	0.000
07	  D	  0.2	  0.3	1.144	0.000	0.000
08	  L	  0.1	  0.7	1.144	0.000	0.000
09	  A	  0.1	  0.6	1.144	0.000	0.000
10	  G	  0.1	  0.6	1.002	0.000	0.000
11	  R	  0.1	  0.6	0.562	0.000	0.000
12	  L	  0.1	  0.4	0.287	0.000	0.000
13	  P	  0.1	  0.2	0.000	0.000	0.000
14	  A	  0.0	  0.3	0.000	0.000	0.000
15	  G	  0.0	  1.1	0.000	0.000	0.000
16	  P	  0.0	  1.1	0.000	0.000	0.000
17	  R	  0.1	  1.1	0.000	0.000	0.000
18	  G	  0.1	  1.0	1.998	0.000	0.000
19	  M	  0.1	  0.3	1.998	0.000	0.000
20	  G	  0.2	  0.1	3.673	0.000	0.000
21	  T	  0.6	  0.1	5.306	0.000	0.000
22	  A	  0.8	  0.1	5.480	0.000	0.000
23	  L	  2.0	  0.0	5.480	0.000	0.000
24	  K	  1.8	  0.0	5.480	0.000	0.000
25	  L	  2.5	  0.0	5.054	2.955	2.955
26	  L	  1.3	  0.0	4.744	3.380	3.380
27	  L	  1.0	  0.2	4.298	3.539	3.539
28	  G	  0.1	  0.7	4.272	3.539	3.539
29	  A	  0.0	  0.7	2.381	3.976	3.976
30	  G	  0.0	  0.7	1.508	4.253	4.253
31	  A	  0.4	  0.5	0.551	8.619	8.619
32	  V	  2.3	  0.0	0.551	13.837	13.837
33	  A	  2.4	  0.0	0.551	13.625	13.625
34	  Y	  2.2	  0.0	0.551	13.447	13.447
35	  G	  0.4	  0.0	0.328	12.492	12.492
36	  V	  0.7	  0.0	0.000	12.492	12.492
37	  R	  0.5	  0.1	0.000	0.000	0.000
38	  E	  0.5	  0.1	0.000	0.000	0.000
39	  S	  0.9	  0.1	0.000	7.257	7.257
40	  V	  3.4	  0.1	0.000	7.257	7.257
41	  F	 13.8	  0.0	0.000	7.257	7.257
42	  T	 19.1	  0.0	0.000	7.257	7.257
43	  V	 16.9	  0.1	0.000	7.257	7.257
44	  E	  6.8	  0.9	0.000	0.000	0.000
45	  G	  0.2	  1.0	0.000	0.000	0.000
46	  G	  0.0	  1.0	0.000	0.000	0.000
47	  H	  0.3	  0.9	0.000	0.000	0.000
48	  R	  0.7	  0.1	0.000	0.000	0.000
49	  A	  0.9	  0.0	0.000	0.397	0.397
50	  I	  1.7	  0.0	0.000	0.397	0.397
51	  F	  3.3	  0.0	0.000	0.397	0.397
52	  F	  3.6	  0.1	0.000	0.397	0.397
53	  N	  2.7	  0.1	0.000	0.397	0.397
54	  R	  1.3	  0.1	0.000	0.000	0.000
55	  I	  1.0	  2.0	0.000	0.000	0.000
56	  G	  0.8	  1.9	0.000	0.000	0.000
57	  G	  0.1	  1.9	0.000	0.000	0.000
58	  V	  1.5	  2.0	0.000	0.000	0.000
59	  Q	  1.6	  0.1	0.000	0.000	0.000
60	  Q	  1.7	  0.2	0.000	0.000	0.000
61	  D	  1.0	  0.2	0.330	0.000	0.000
62	  T	  3.7	  0.1	0.330	0.000	0.000
63	  I	  4.4	  0.0	0.330	0.000	0.000
64	  L	  3.7	  0.2	0.330	0.000	0.000
65	  A	  0.9	  0.4	0.330	0.000	0.000
66	  E	  0.0	  0.4	0.330	0.000	0.000
67	  G	  0.0	  0.4	0.127	0.000	0.000
68	  L	  1.4	  0.2	0.000	0.000	0.000
69	  H	  4.5	  0.1	0.000	0.000	0.000
70	  F	 14.5	  0.0	0.000	0.000	0.000
71	  R	 13.5	  0.0	0.000	0.000	0.000
72	  I	 10.7	  0.1	0.000	0.000	0.000
73	  P	  0.4	  0.1	0.000	0.000	0.000
74	  W	  1.2	  0.1	0.000	0.000	0.000
75	  F	 10.2	  0.1	0.000	0.000	0.000
76	  Q	 10.3	  0.0	0.000	0.000	0.000
77	  Y	  9.3	  0.0	0.000	0.000	0.000
78	  P	  0.2	  0.0	0.000	0.000	0.000
79	  I	  2.0	  0.0	0.000	0.000	0.000
80	  I	  2.3	  0.0	0.000	0.000	0.000
81	  Y	  5.7	  0.0	0.154	0.000	0.000
82	  D	  5.6	  0.0	0.154	0.000	0.000
83	  I	  6.7	  0.0	0.154	0.000	0.000
84	  R	  3.7	  0.0	0.154	0.000	0.000
85	  A	  1.7	  0.0	0.154	0.000	0.000
86	  R	  0.3	  0.2	0.154	0.000	0.000
87	  P	  0.0	  0.2	0.000	0.000	0.000
88	  R	  0.7	  0.2	0.000	0.000	0.000
89	  K	  1.5	  0.2	0.000	0.000	0.000
90	  I	  2.7	  0.0	0.000	0.000	0.000
91	  S	  2.0	  0.0	0.000	0.000	0.000
92	  S	  1.2	  1.3	0.000	0.000	0.000
93	  P	  0.0	  1.5	0.000	0.000	0.000
94	  T	  0.2	  1.8	0.000	0.000	0.000
95	  G	  0.2	  1.9	0.000	0.000	0.000
96	  S	  0.7	  2.4	0.124	0.000	0.000
97	  K	  0.6	  2.3	0.124	0.000	0.000
98	  D	  0.7	  1.9	0.124	0.000	0.000
99	  L	  1.7	  1.8	0.124	0.203	0.203
100	  Q	  2.5	  0.0	0.124	0.203	0.203
101	  M	  3.1	  0.0	0.124	0.203	0.203
102	  V	  7.9	  0.0	0.000	0.203	0.203
103	  N	  8.2	  0.0	0.468	0.203	0.203
104	  I	 10.8	  0.0	0.468	0.203	0.203
105	  S	  6.3	  0.0	1.181	0.000	0.000
106	  L	  7.0	  0.0	1.181	0.000	0.000
107	  R	  5.4	  0.0	1.181	0.000	0.000
108	  V	  6.3	  0.0	1.181	0.000	0.000
109	  L	  4.6	  0.0	1.181	0.000	0.000
110	  S	  3.1	  0.0	1.008	0.000	0.000
111	  R	  0.3	  0.8	0.527	0.000	0.000
112	  P	  0.1	  0.8	0.000	0.000	0.000
113	  N	  0.1	  1.0	0.000	0.000	0.000
114	  A	  0.1	  1.0	0.000	0.000	0.000
115	  Q	  0.3	  0.2	0.000	0.000	0.000
116	  E	  0.3	  0.2	0.000	0.000	0.000
117	  L	  0.2	  0.4	0.000	0.000	0.000
118	  P	  0.0	  0.3	0.000	0.000	0.000
119	  S	  0.4	  0.3	0.124	0.000	0.000
120	  M	  0.7	  0.3	0.124	0.000	0.000
121	  Y	  2.9	  0.1	0.124	0.000	0.000
122	  Q	  2.8	  0.2	0.124	0.000	0.000
123	  R	  2.6	  0.2	0.124	0.000	0.000
124	  L	  0.5	  0.2	0.124	0.000	0.000
125	  G	  0.3	  0.3	0.124	0.000	0.000
126	  L	  1.5	  0.2	0.000	0.000	0.000
127	  D	  2.8	  0.2	0.541	0.000	0.000
128	  Y	  3.4	  0.2	0.541	0.000	0.000
129	  E	  2.2	  0.1	0.541	0.000	0.000
130	  E	  0.8	  0.1	0.541	0.000	0.000
131	  R	  3.6	  0.1	0.541	0.000	0.000
132	  V	  4.0	  0.0	0.541	0.000	0.000
133	  L	  3.9	  0.3	0.541	0.000	0.000
134	  P	  0.5	  0.3	0.000	0.000	0.000
135	  S	  0.6	  0.3	0.000	0.000	0.000
136	  I	  1.8	  0.3	0.000	0.578	0.578
137	  V	  2.0	  0.0	0.000	0.578	0.578
138	  N	  1.5	  0.0	1.889	0.578	0.578
139	  E	  0.8	  0.0	1.889	0.578	0.578
140	  V	  1.7	  0.0	1.889	0.578	0.578
141	  L	  2.0	  0.1	1.889	0.578	0.578
142	  K	  2.0	  0.1	1.889	0.578	0.578
143	  S	  1.8	  0.1	2.052	0.578	0.578
144	  V	  5.7	  0.1	1.238	0.578	0.578
145	  V	  6.0	  0.0	1.238	0.578	0.578
146	  A	  5.2	  0.0	1.238	0.265	0.265
147	  K	  1.7	  0.0	1.037	0.000	0.000
148	  F	  2.2	  0.0	0.449	0.000	0.000
149	  N	  2.1	  1.2	0.000	0.000	0.000
150	  A	  1.5	  1.3	0.000	0.000	0.000
151	  S	  0.4	  1.3	0.000	0.000	0.000
152	  Q	  0.6	  1.3	0.000	0.000	0.000
153	  L	  0.8	  0.1	0.000	0.000	0.000
154	  I	  5.1	  0.0	0.000	0.000	0.000
155	  T	  6.1	  0.1	0.000	0.000	0.000
156	  Q	  5.7	  0.1	0.000	0.000	0.000
157	  R	  1.5	  0.1	0.000	0.000	0.000
158	  A	  0.3	  0.1	0.000	0.000	0.000
159	  Q	  0.8	  0.0	0.000	0.000	0.000
160	  V	  5.3	  0.0	0.000	3.829	3.829
161	  S	  5.4	  0.0	1.026	3.829	3.829
162	  L	  5.7	  0.0	1.026	3.829	3.829
163	  L	  1.2	  0.0	1.026	3.829	3.829
164	  I	  3.3	  0.0	1.282	3.829	3.829
165	  R	  2.6	  0.1	1.282	0.000	0.000
166	  R	  2.5	  0.1	1.282	0.000	0.000
167	  E	  0.8	  0.1	0.807	0.000	0.000
168	  L	  0.7	  0.1	0.541	0.000	0.000
169	  T	  0.8	  0.1	2.906	0.000	0.000
170	  E	  0.3	  0.1	3.035	0.000	0.000
171	  R	  0.4	  0.1	3.035	0.000	0.000
172	  A	  0.2	  0.4	2.737	0.000	0.000
173	  K	  0.2	  0.3	2.737	0.000	0.000
174	  D	  0.7	  0.3	2.495	0.000	0.000
175	  F	  3.9	  0.4	1.526	9.913	9.913
176	  S	  4.1	  0.1	0.434	9.913	9.913
177	  L	  4.8	  0.1	0.158	9.913	9.913
178	  I	  2.1	  0.1	0.000	9.913	9.913
179	  L	  1.8	  0.2	0.000	9.913	9.913
180	  D	  0.6	  0.2	0.000	0.000	0.000
181	  D	  0.3	  0.2	0.000	0.000	0.000
182	  V	  3.7	  0.1	0.000	0.000	0.000
183	  A	  4.1	  0.0	0.000	0.000	0.000
184	  I	  4.5	  0.0	0.000	0.000	0.000
185	  T	  1.1	  0.0	0.000	0.000	0.000
186	  E	  0.9	  0.0	0.000	0.000	0.000
187	  L	  2.5	  0.0	0.000	0.000	0.000
188	  S	 22.9	  0.1	0.000	0.000	0.000
189	  F	 23.9	  0.1	0.000	0.000	0.000
190	  S	 22.1	  0.2	0.173	0.000	0.000
191	  R	  1.9	  0.2	0.173	0.000	0.000
192	  E	  2.2	  0.1	0.173	0.000	0.000
193	  Y	  7.4	  0.1	0.173	1.042	1.042
194	  T	  7.5	  0.0	1.203	1.042	1.042
195	  A	  5.8	  0.0	1.335	1.042	1.042
196	  A	  0.8	  0.0	1.335	1.042	1.042
197	  V	  2.1	  0.0	1.335	1.042	1.042
198	  E	  2.4	  0.0	2.031	0.000	0.000
199	  A	  2.2	  0.1	2.031	0.000	0.000
200	  K	  0.8	  0.1	2.031	0.000	0.000
201	  Q	  0.5	  0.1	1.001	0.000	0.000
202	  V	  1.9	  0.1	0.823	0.000	0.000
203	  A	  1.8	  0.0	1.374	0.000	0.000
204	  Q	  1.9	  0.1	1.517	0.000	0.000
205	  Q	  0.4	  0.1	1.832	0.000	0.000
206	  E	  0.4	  0.1	2.218	0.000	0.000
207	  A	  0.3	  0.1	2.218	0.000	0.000
208	  Q	  0.3	  0.1	2.218	0.000	0.000
209	  R	  0.3	  0.1	1.955	0.000	0.000
210	  A	  0.5	  0.1	1.955	1.563	1.563
211	  Q	  1.5	  0.0	1.955	1.563	1.563
212	  F	  2.5	  0.0	0.687	1.563	1.563
213	  L	  2.4	  0.0	0.000	1.563	1.563
214	  V	  2.4	  0.0	1.130	1.563	1.563
215	  E	  1.5	  0.0	1.470	0.000	0.000
216	  K	  1.5	  0.0	1.470	0.000	0.000
217	  A	  0.5	  0.1	1.470	0.000	0.000
218	  K	  0.7	  0.1	1.470	0.000	0.000
219	  Q	  0.5	  0.1	1.470	0.000	0.000
220	  E	  0.4	  0.2	1.206	0.000	0.000
221	  Q	  0.6	  0.1	0.841	0.000	0.000
222	  R	  0.9	  0.1	0.355	0.000	0.000
223	  Q	  1.0	  0.1	0.147	0.000	0.000
224	  K	  2.1	  0.1	0.000	0.000	0.000
225	  I	  5.3	  0.0	0.000	0.000	0.000
226	  V	  6.3	  0.0	0.000	0.000	0.000
227	  Q	  4.9	  0.2	0.000	0.000	0.000
228	  A	  1.4	  0.6	0.353	0.000	0.000
229	  E	  0.2	  0.7	0.353	0.000	0.000
230	  G	  0.0	  0.7	3.863	0.000	0.000
231	  E	  0.1	  0.5	5.209	0.000	0.000
232	  A	  0.1	  0.2	6.280	0.000	0.000
233	  E	  0.1	  0.1	6.859	0.000	0.000
234	  A	  0.1	  0.0	6.859	0.000	0.000
235	  A	  0.4	  0.0	6.859	0.000	0.000
236	  K	  0.6	  0.0	6.583	0.000	0.000
237	  M	  0.7	  0.0	5.181	0.000	0.000
238	  L	  0.4	  0.1	2.974	0.000	0.000
239	  G	  0.2	  0.1	3.199	0.000	0.000
240	  E	  0.1	  0.1	3.237	0.000	0.000
241	  A	  0.3	  0.1	1.996	0.000	0.000
242	  L	  0.6	  0.1	1.996	0.000	0.000
243	  S	  1.6	  0.1	1.996	0.000	0.000
244	  K	  1.3	  0.1	1.996	0.000	0.000
245	  N	  1.1	  1.3	1.365	0.000	0.000
246	  P	  0.0	  1.2	0.116	0.000	0.000
247	  G	  0.0	  1.2	0.404	0.000	0.000
248	  Y	  1.3	  1.2	0.404	0.000	0.000
249	  I	  6.7	  0.0	0.404	0.000	0.000
250	  K	  7.4	  0.0	0.404	0.000	0.000
251	  L	  6.4	  0.0	0.404	0.000	0.000
252	  R	  1.7	  0.0	0.404	0.000	0.000
253	  K	  2.3	  0.0	0.283	0.000	0.000
254	  I	  3.4	  0.0	0.000	0.000	0.000
255	  R	  2.9	  0.0	0.000	0.000	0.000
256	  A	  1.5	  0.0	0.000	0.000	0.000
257	  A	  0.2	  0.1	0.000	0.000	0.000
258	  Q	  0.3	  0.1	0.000	0.000	0.000
259	  N	  1.5	  0.4	0.000	0.000	0.000
260	  I	  2.1	  0.4	0.000	0.000	0.000
261	  S	  2.5	  0.3	0.000	0.000	0.000
262	  K	  2.1	  0.3	0.000	0.000	0.000
263	  T	  4.3	  0.1	0.000	0.000	0.000
264	  I	  4.8	  0.1	0.000	0.000	0.000
265	  A	  4.2	  0.0	0.000	0.000	0.000
266	  T	  2.5	  0.1	0.000	0.000	0.000
267	  S	  2.1	  1.2	0.000	0.000	0.000
268	  Q	  1.9	  1.2	0.000	0.000	0.000
269	  N	  1.0	  1.2	0.000	0.000	0.000
270	  R	  3.3	  1.1	0.000	0.000	0.000
271	  I	  4.7	  0.0	0.000	14.779	14.779
272	  Y	  5.0	  0.0	0.000	14.779	14.779
273	  L	  2.7	  0.0	0.000	14.779	14.779
274	  T	  1.5	  0.5	0.000	14.779	14.779
275	  A	  1.0	  0.6	0.000	14.779	14.779
276	  D	  0.2	  0.6	0.000	0.000	0.000
277	  N	  0.3	  0.6	0.371	0.000	0.000
278	  L	  2.3	  0.2	0.371	0.613	0.613
279	  V	  5.8	  0.1	0.371	0.613	0.613
280	  L	  7.0	  0.1	0.371	0.613	0.613
281	  N	  5.2	  0.1	0.371	0.613	0.613
282	  L	  2.0	  0.2	0.371	0.613	0.613
283	  Q	  0.5	  0.2	0.245	0.000	0.000
284	  D	  0.2	  1.0	0.000	0.000	0.000
285	  E	  0.2	  1.0	0.000	0.000	0.000
286	  S	  8.1	  0.9	0.000	0.000	0.000
287	  F	 11.1	  0.9	0.000	0.000	0.000
288	  T	 11.0	  0.3	0.000	0.000	0.000
289	  R	  3.3	  0.4	0.000	0.000	0.000
290	  G	  0.1	  0.7	0.000	0.000	0.000
291	  S	  0.1	  1.2	0.000	0.000	0.000
292	  D	  0.1	  1.0	0.278	0.000	0.000
293	  S	  0.4	  0.9	0.837	0.000	0.000
294	  L	  0.7	  0.6	0.837	0.000	0.000
295	  I	  1.8	  1.6	0.837	0.000	0.000
296	  K	  1.5	  1.6	0.837	0.000	0.000
297	  G	  1.1	  1.6	0.837	0.000	0.000
298	  K	  0.0	  1.6	0.689	0.000	0.000
299	  K	  0.0	  0.1	0.000	0.000	0.000
