res	aa	Beta	Turn	Helix	Aggregation	Conc-Stab_Aggregation
01	  M	  0.1	  0.1	0.000	0.000	0.000
02	  D	  0.1	  0.3	0.000	0.000	0.000
03	  N	  0.1	  0.5	0.000	0.000	0.000
04	  Q	  0.0	  0.5	0.000	0.000	0.000
05	  G	  0.1	  0.4	0.000	0.000	0.000
06	  V	  2.4	  0.2	0.000	0.000	0.000
07	  I	  3.5	  0.0	0.000	0.000	0.000
08	  Y	  3.7	  0.6	0.000	0.000	0.000
09	  S	  1.4	  0.6	0.000	0.000	0.000
10	  D	  0.4	  1.2	0.000	0.000	0.000
11	  L	  3.4	  1.2	0.000	0.000	0.000
12	  N	  3.4	  0.6	0.000	0.000	0.000
13	  L	  3.2	  0.6	0.000	0.000	0.000
14	  P	  0.0	  0.0	0.000	0.000	0.000
15	  P	  0.0	  0.0	0.000	0.000	0.000
16	  N	  0.0	  0.4	0.428	0.000	0.000
17	  P	  0.0	  0.5	0.428	0.000	0.000
18	  K	  0.4	  0.5	0.428	0.000	0.000
19	  R	  0.8	  0.5	0.428	0.000	0.000
20	  Q	  1.0	  0.2	0.428	0.000	0.000
21	  Q	  1.3	  0.1	0.428	0.000	0.000
22	  R	  0.9	  0.1	0.000	0.000	0.000
23	  K	  0.7	  0.5	0.000	0.000	0.000
24	  P	  0.1	  0.7	0.000	0.000	0.000
25	  K	  0.0	  1.2	0.000	0.000	0.000
26	  G	  0.0	  1.2	0.000	0.000	0.000
27	  N	  0.0	  2.8	0.000	0.000	0.000
28	  K	  0.1	  2.6	0.000	0.000	0.000
29	  N	  0.4	  2.1	0.000	0.000	0.000
30	  S	  0.7	  2.1	0.000	0.619	0.619
31	  I	  1.5	  0.0	0.000	0.619	0.619
32	  L	  1.2	  0.0	0.000	0.619	0.619
33	  A	  1.0	  0.0	0.000	0.619	0.619
34	  T	  0.2	  0.1	0.090	0.619	0.619
35	  E	  0.2	  0.1	0.090	0.000	0.000
36	  Q	  0.2	  0.1	0.090	0.000	0.000
37	  E	  3.1	  0.1	0.090	0.000	0.000
38	  I	 16.7	  0.0	0.090	0.000	0.000
39	  T	 19.4	  0.0	11.106	0.000	0.000
40	  Y	 16.8	  0.1	11.106	0.000	0.000
41	  A	  3.3	  0.2	11.202	0.000	0.000
42	  E	  1.0	  0.2	11.202	0.000	0.000
43	  L	  2.0	  0.2	11.202	0.000	0.000
44	  N	  2.2	  0.1	11.926	0.000	0.000
45	  L	  1.7	  0.1	9.709	0.000	0.000
46	  Q	  0.4	  0.1	7.499	0.000	0.000
47	  K	  0.4	  0.0	4.415	0.000	0.000
48	  A	  0.4	  0.1	1.737	0.000	0.000
49	  S	  1.0	  1.6	1.324	0.000	0.000
50	  Q	  1.3	  1.6	0.519	0.000	0.000
51	  D	  1.7	  1.6	0.108	0.000	0.000
52	  F	  1.5	  1.6	0.108	0.000	0.000
53	  Q	  1.0	  0.8	0.000	0.000	0.000
54	  G	  0.5	  0.9	0.000	0.000	0.000
55	  N	  0.0	  1.0	0.176	0.000	0.000
56	  D	  0.0	  0.9	0.176	0.000	0.000
57	  K	  0.6	  0.3	0.176	0.000	0.000
58	  T	  8.2	  0.2	0.176	0.000	0.000
59	  Y	 12.9	  0.1	0.176	0.000	0.000
60	  H	 12.8	  0.0	0.176	0.000	0.000
61	  C	  5.8	  0.5	0.000	0.000	0.000
62	  K	  0.8	  0.5	0.000	0.000	0.000
63	  D	  0.3	  0.5	0.000	0.000	0.000
64	  L	  0.1	  0.9	0.000	0.000	0.000
65	  P	  0.0	  0.4	0.000	0.000	0.000
66	  S	  0.1	  0.4	0.000	0.000	0.000
67	  A	  0.1	  0.6	0.000	0.000	0.000
68	  P	  0.1	  0.3	0.000	0.000	0.000
69	  E	  0.1	  0.3	0.000	0.002	0.002
70	  K	  0.6	  0.3	0.000	0.002	0.002
71	  L	  2.2	  0.1	0.000	14.033	14.033
72	  I	  5.2	  0.0	0.000	14.537	14.537
73	  V	  5.1	  0.1	0.000	15.098	15.098
74	  G	  3.6	  0.1	0.519	15.581	15.581
75	  I	  1.6	  0.1	0.519	77.788	77.788
76	  L	  1.3	  0.1	0.519	83.869	83.869
77	  G	  1.4	  0.0	2.003	85.040	85.040
78	  I	  2.2	  0.0	2.003	98.058	98.058
79	  I	  3.7	  0.0	2.003	99.248	99.248
80	  C	  4.6	  0.0	2.323	99.347	99.347
81	  L	  4.0	  0.0	2.323	99.862	99.862
82	  I	  5.4	  0.0	2.323	99.945	99.945
83	  L	  4.6	  0.0	2.323	99.830	99.830
84	  M	  3.5	  0.0	1.794	99.152	99.152
85	  A	  0.8	  0.0	1.075	98.377	98.377
86	  S	  1.3	  0.0	0.386	97.722	97.722
87	  V	  3.4	  0.0	0.000	97.655	97.655
88	  V	 10.9	  0.0	0.000	96.698	96.698
89	  T	 14.2	  0.0	0.000	85.421	85.421
90	  I	 19.7	  0.0	0.000	85.169	85.169
91	  V	 22.0	  0.0	0.000	84.155	84.155
92	  V	 18.4	  0.0	0.000	77.337	77.337
93	  I	 11.2	  0.1	0.000	2.181	2.181
94	  P	  0.5	  0.2	0.000	0.805	0.805
95	  S	  0.2	  0.2	0.000	0.000	0.000
96	  T	  0.7	  0.2	0.000	0.000	0.000
97	  L	  0.9	  0.1	0.000	0.000	0.000
98	  I	  1.2	  0.0	0.000	0.000	0.000
99	  Q	  0.9	  0.1	0.000	0.000	0.000
100	  R	  2.1	  0.1	0.000	0.000	0.000
101	  H	  1.7	  0.3	0.000	0.000	0.000
102	  N	  1.4	  0.5	0.000	0.000	0.000
103	  N	  0.2	  1.0	0.000	0.000	0.000
104	  S	  0.2	  1.0	0.000	0.000	0.000
105	  S	  3.1	  1.4	0.122	0.000	0.000
106	  L	  3.4	  1.1	0.122	0.000	0.000
107	  N	  3.9	  0.6	0.633	0.000	0.000
108	  T	  1.6	  0.6	0.633	0.000	0.000
109	  R	  1.5	  0.1	0.633	0.000	0.000
110	  T	  2.9	  0.1	0.633	0.000	0.000
111	  Q	  2.3	  0.1	0.633	0.000	0.000
112	  K	  2.2	  0.1	0.633	0.000	0.000
113	  A	  0.5	  0.1	0.128	0.000	0.000
114	  R	  0.5	  0.1	0.128	0.000	0.000
115	  H	  0.7	  0.1	0.000	0.000	0.000
116	  C	  0.7	  0.2	0.000	0.000	0.000
117	  G	  0.6	  0.1	0.000	0.000	0.000
118	  H	  0.4	  0.0	0.000	0.000	0.000
119	  C	  0.2	  0.3	0.000	0.000	0.000
120	  P	  0.1	  0.3	0.000	0.000	0.000
121	  E	  0.0	  0.3	0.000	0.000	0.000
122	  E	  0.1	  0.3	0.000	0.000	0.000
123	  W	  0.4	  0.0	0.000	0.583	0.583
124	  I	 14.3	  0.0	0.000	0.583	0.583
125	  T	 40.4	  0.0	0.000	0.583	0.583
126	  Y	 40.3	  0.1	0.000	0.583	0.583
127	  S	 28.8	  0.3	0.000	0.583	0.583
128	  N	  0.7	  0.4	0.000	0.381	0.381
129	  S	  2.2	  0.4	0.000	0.381	0.381
130	  C	  3.2	  0.2	0.000	0.760	0.760
131	  Y	  4.0	  0.0	0.000	0.760	0.760
132	  Y	  2.6	  0.2	0.000	0.760	0.760
133	  I	  1.6	  0.3	0.000	0.760	0.760
134	  G	  0.5	  0.4	0.000	0.379	0.379
135	  K	  0.2	  0.4	0.000	0.000	0.000
136	  E	  0.3	  0.3	0.000	0.000	0.000
137	  R	  0.6	  0.1	0.000	0.000	0.000
138	  R	  1.6	  0.1	0.000	0.000	0.000
139	  T	  9.4	  0.0	0.152	0.000	0.000
140	  W	  9.5	  0.1	0.152	0.000	0.000
141	  E	  8.4	  0.1	0.266	0.000	0.000
142	  E	  0.5	  0.2	0.266	0.000	0.000
143	  S	  0.2	  0.2	0.266	0.000	0.000
144	  L	  0.5	  0.1	0.266	0.492	0.492
145	  L	  0.8	  0.0	0.266	0.492	0.492
146	  A	  0.7	  0.0	0.266	0.492	0.492
147	  C	  2.0	  0.1	0.266	0.492	0.492
148	  T	  3.0	  0.1	0.000	0.492	0.492
149	  S	  3.5	  1.6	0.000	0.000	0.000
150	  K	  2.1	  1.7	0.000	0.000	0.000
151	  N	  0.8	  2.1	0.000	0.000	0.000
152	  S	  0.2	  2.1	0.000	0.000	0.000
153	  S	  0.4	  0.6	0.000	0.000	0.000
154	  L	  0.7	  0.6	0.000	0.000	0.000
155	  L	  2.4	  0.1	0.000	0.000	0.000
156	  S	  5.2	  0.4	0.000	0.000	0.000
157	  I	  4.9	  0.5	0.000	0.000	0.000
158	  D	  3.3	  0.5	0.000	0.000	0.000
159	  N	  0.1	  0.7	2.052	0.000	0.000
160	  E	  0.0	  0.3	2.052	0.000	0.000
161	  E	  0.0	  0.2	2.052	0.000	0.000
162	  E	  1.5	  0.2	2.052	0.000	0.000
163	  M	  2.5	  0.0	2.052	0.000	0.000
164	  K	  2.7	  0.0	2.052	0.000	0.000
165	  F	  2.3	  0.0	1.630	17.882	17.882
166	  L	  2.8	  0.0	0.900	17.882	17.882
167	  S	  3.1	  0.0	0.623	17.882	17.882
168	  I	  5.9	  0.0	0.258	17.882	17.882
169	  I	  4.6	  0.0	0.258	17.882	17.882
170	  S	  4.0	  2.6	0.258	0.000	0.000
171	  P	  0.3	  2.7	0.000	0.000	0.000
172	  S	  0.3	  2.7	0.000	0.173	0.173
173	  S	  0.9	  2.7	0.000	1.688	1.688
174	  W	  0.9	  0.4	0.000	12.966	12.966
175	  I	  0.9	  0.3	0.000	12.966	12.966
176	  G	  0.3	  0.3	0.000	12.966	12.966
177	  V	  2.7	  0.3	0.000	12.966	12.966
178	  F	  3.4	  0.2	0.000	12.850	12.850
179	  R	  3.4	  0.2	0.000	0.000	0.000
180	  N	  1.1	  1.4	0.000	0.000	0.000
181	  S	  0.4	  1.5	0.000	0.000	0.000
182	  S	  1.2	  1.3	0.000	0.000	0.000
183	  H	  1.2	  1.3	0.000	0.000	0.000
184	  H	  1.0	  0.3	0.000	0.000	0.000
185	  P	  0.1	  0.2	0.000	0.000	0.000
186	  W	  0.5	  0.2	0.000	0.133	0.133
187	  V	  8.5	  0.2	0.000	0.133	0.133
188	  T	 10.4	  0.4	0.000	0.133	0.133
189	  M	 10.0	  0.9	0.000	0.133	0.133
190	  N	  2.3	  1.0	0.117	0.133	0.133
191	  G	  0.2	  1.0	0.117	0.133	0.133
192	  L	  0.3	  0.6	0.117	0.133	0.133
193	  A	  0.6	  0.0	0.117	0.133	0.133
194	  F	  1.0	  0.1	0.117	0.133	0.133
195	  K	  1.2	  0.1	0.117	0.000	0.000
196	  H	  2.1	  0.1	0.000	0.000	0.000
197	  E	  8.0	  0.1	0.000	0.000	0.000
198	  I	  7.8	  0.1	0.000	0.000	0.000
199	  K	  6.8	  0.2	0.000	0.000	0.000
200	  D	  0.3	  4.1	0.000	0.000	0.000
201	  S	  0.1	  5.1	0.000	0.000	0.000
202	  D	  0.0	  5.0	0.000	0.000	0.000
203	  N	  0.1	  4.9	0.552	0.000	0.000
204	  A	  0.1	  1.1	0.552	0.000	0.000
205	  E	  1.0	  0.1	0.552	0.000	0.000
206	  L	  4.3	  0.1	0.552	0.174	0.174
207	  N	  4.4	  0.1	1.086	0.174	0.174
208	  C	  4.6	  0.0	1.086	0.174	0.174
209	  A	  2.1	  0.0	0.758	0.831	0.831
210	  V	  4.4	  0.0	0.648	0.831	0.831
211	  L	  4.1	  0.0	0.648	0.831	0.831
212	  Q	  3.8	  0.0	0.533	0.831	0.831
213	  V	  1.7	  0.0	0.201	0.831	0.831
214	  N	  0.9	  0.1	0.201	0.000	0.000
215	  R	  0.7	  0.1	0.000	0.000	0.000
216	  L	  0.7	  0.2	0.000	0.000	0.000
217	  K	  1.1	  0.2	0.000	0.000	0.000
218	  S	  1.1	  0.4	0.000	0.000	0.000
219	  A	  0.8	  0.4	0.000	0.000	0.000
220	  Q	  0.5	  0.3	0.000	0.000	0.000
221	  C	  0.3	  0.7	0.000	0.000	0.000
222	  G	  0.2	  0.6	0.000	0.000	0.000
223	  S	  0.3	  0.6	0.000	0.336	0.336
224	  S	  0.8	  0.6	0.000	0.336	0.336
225	  I	  3.0	  0.1	0.000	0.848	0.848
226	  I	  3.2	  0.0	0.000	0.848	0.848
227	  Y	  7.5	  0.0	0.000	0.848	0.848
228	  H	  5.9	  0.0	0.000	0.512	0.512
229	  C	  5.7	  0.1	0.000	0.512	0.512
230	  K	  1.1	  0.2	0.000	0.000	0.000
231	  H	  1.0	  0.1	0.000	0.000	0.000
232	  K	  0.7	  0.1	0.000	0.000	0.000
233	  L	  0.5	  0.0	0.000	0.000	0.000
