res	aa	Beta	Turn	Helix	Aggregation	Conc-Stab_Aggregation
01	  M	  1.4	  0.0	0.000	0.000	0.000
02	  K	  1.8	  0.0	0.000	0.002	0.002
03	  L	  2.4	  0.0	0.000	14.728	14.728
04	  C	  1.4	  0.0	0.950	20.313	20.313
05	  V	 16.8	  0.0	1.084	82.652	82.652
06	  T	 18.9	  0.0	6.710	87.943	87.943
07	  V	 20.7	  0.0	7.058	97.509	97.509
08	  L	  6.5	  0.0	7.182	98.320	98.320
09	  S	  3.6	  0.0	11.281	98.463	98.463
10	  L	  2.2	  0.0	11.281	99.646	99.646
11	  L	  1.8	  0.0	11.377	99.828	99.828
12	  M	  2.6	  0.0	11.553	99.759	99.759
13	  L	  2.6	  0.0	11.136	99.669	99.669
14	  V	  2.8	  0.0	10.873	99.022	99.022
15	  A	  1.9	  0.0	10.873	91.301	91.301
16	  A	  1.4	  0.0	8.418	84.753	84.753
17	  F	  4.0	  0.0	7.383	79.375	79.375
18	  C	  4.1	  0.0	1.701	13.359	13.359
19	  S	  3.9	  0.1	0.791	0.021	0.021
20	  P	  0.2	  0.1	0.159	0.010	0.010
21	  A	  0.3	  0.1	0.159	0.000	0.000
22	  L	  1.8	  0.1	0.159	0.000	0.000
23	  S	  1.9	  0.0	0.159	0.000	0.000
24	  A	  1.7	  0.3	0.159	0.000	0.000
25	  P	  0.1	  0.5	0.000	0.000	0.000
26	  M	  0.1	  1.0	0.000	0.000	0.000
27	  G	  0.1	  1.0	0.000	0.000	0.000
28	  S	  0.1	  0.7	0.000	0.000	0.000
29	  D	  0.0	  0.4	0.000	0.000	0.000
30	  P	  0.0	  0.3	0.000	0.000	0.000
31	  P	  0.0	  0.3	0.000	0.000	0.000
32	  T	  0.5	  0.3	0.000	0.000	0.000
33	  A	  0.8	  0.3	0.000	0.000	0.000
34	  C	  5.9	  0.0	0.000	0.000	0.000
35	  C	  8.6	  0.0	0.000	0.000	0.000
36	  F	 14.1	  0.0	0.000	0.000	0.000
37	  S	 15.8	  0.0	0.594	0.000	0.000
38	  Y	 17.2	  0.0	0.594	0.000	0.000
39	  T	 12.4	  0.0	0.594	0.000	0.000
40	  A	  5.5	  0.0	0.594	0.000	0.000
41	  R	  1.5	  0.0	0.594	0.000	0.000
42	  K	  0.8	  0.0	0.594	0.000	0.000
43	  L	  0.7	  0.2	0.275	0.000	0.000
44	  P	  0.1	  0.4	0.000	0.000	0.000
45	  R	  0.3	  0.4	0.000	0.000	0.000
46	  N	  1.0	  0.4	0.000	0.000	0.000
47	  F	  3.2	  0.2	0.000	0.000	0.000
48	  V	  6.7	  0.1	0.000	0.000	0.000
49	  V	  8.0	  0.1	0.000	0.000	0.000
50	  D	  6.8	  0.1	0.000	0.000	0.000
51	  Y	  5.3	  0.1	0.000	0.000	0.000
52	  Y	  3.7	  0.1	0.000	0.000	0.000
53	  E	  2.8	  0.1	0.000	0.000	0.000
54	  T	  1.8	  0.2	0.000	0.000	0.000
55	  S	  1.5	  0.3	0.000	0.000	0.000
56	  S	  2.0	  0.2	0.000	0.000	0.000
57	  L	  1.2	  0.2	0.000	0.000	0.000
58	  C	  5.1	  0.1	0.000	0.000	0.000
59	  S	  4.5	  0.0	0.000	0.000	0.000
60	  Q	  4.1	  0.0	0.000	0.000	0.000
61	  P	  0.1	  0.0	0.000	1.065	1.065
62	  A	  0.7	  0.0	0.000	2.558	2.558
63	  V	  4.4	  0.0	0.000	2.870	2.870
64	  V	  8.7	  0.0	0.000	2.870	2.870
65	  F	  8.4	  0.1	0.000	2.870	2.870
66	  Q	  5.0	  0.1	0.000	1.805	1.805
67	  T	  2.0	  0.1	0.000	0.576	0.576
68	  K	  1.7	  0.2	0.000	0.000	0.000
69	  R	  1.7	  0.2	0.000	0.000	0.000
70	  S	  0.7	  0.3	0.000	0.000	0.000
71	  K	  0.7	  0.2	0.000	0.000	0.000
72	  Q	  0.7	  0.1	0.000	0.000	0.000
73	  V	  1.2	  0.1	0.000	0.000	0.000
74	  C	  1.4	  0.0	0.000	0.000	0.000
75	  A	  1.2	  0.0	0.000	0.000	0.000
76	  D	  0.4	  4.4	0.000	0.000	0.000
77	  P	  0.0	  4.5	0.000	0.000	0.000
78	  S	  0.2	  5.4	0.000	0.000	0.000
79	  E	  0.3	  5.4	0.000	0.000	0.000
80	  S	  1.0	  1.0	0.000	0.000	0.000
81	  W	  1.6	  0.9	0.000	0.000	0.000
82	  V	  2.1	  0.1	0.000	0.000	0.000
83	  Q	  1.8	  0.1	0.000	0.000	0.000
84	  E	  1.1	  0.1	0.000	0.000	0.000
85	  Y	  2.2	  0.1	0.000	0.000	0.000
86	  V	  5.1	  0.0	0.000	0.000	0.000
87	  Y	  6.2	  0.1	0.000	0.000	0.000
88	  D	  4.7	  0.1	0.000	0.000	0.000
89	  L	  2.1	  0.1	0.000	0.000	0.000
90	  E	  1.4	  0.1	0.000	0.000	0.000
91	  L	  1.1	  0.0	0.000	0.000	0.000
92	  N	  0.5	  0.0	0.000	0.000	0.000
