res	aa	Beta	Turn	Helix	Aggregation	Conc-Stab_Aggregation
01	  M	  0.0	  0.0	0.000	0.000	0.000
02	  P	  0.0	  0.1	0.000	0.000	0.000
03	  P	  0.0	  0.1	0.000	0.212	0.212
04	  Y	 10.3	  0.1	0.000	39.676	39.676
05	  T	 15.4	  0.1	0.000	40.790	40.790
06	  V	 18.6	  0.0	0.000	41.200	41.200
07	  V	 11.6	  0.0	0.000	41.200	41.200
08	  Y	  6.4	  0.0	0.000	41.200	41.200
09	  F	  3.1	  0.0	0.000	5.344	5.344
10	  P	  0.2	  0.0	0.000	1.471	1.471
11	  V	  0.8	  0.2	0.000	0.000	0.000
12	  R	  0.8	  0.2	0.000	0.000	0.000
13	  G	  0.8	  0.2	0.653	0.000	0.000
14	  R	  0.6	  0.2	0.653	0.000	0.000
15	  C	  2.1	  0.1	1.684	0.000	0.000
16	  A	  2.2	  0.0	1.684	0.000	0.000
17	  A	  2.0	  0.0	1.878	0.000	0.000
18	  L	  2.1	  0.0	1.878	0.000	0.000
19	  R	  2.4	  0.0	1.723	0.000	0.000
20	  M	  3.3	  0.0	1.597	0.000	0.000
21	  L	  1.9	  0.0	0.993	0.000	0.000
22	  L	  1.4	  0.3	0.993	0.000	0.000
23	  A	  0.3	  0.4	0.993	0.000	0.000
24	  D	  0.1	  1.5	0.235	0.000	0.000
25	  Q	  0.0	  1.6	0.000	0.000	0.000
26	  G	  0.0	  1.5	0.000	0.000	0.000
27	  Q	  0.8	  1.3	0.000	0.000	0.000
28	  S	  1.9	  0.2	0.000	0.000	0.000
29	  W	  2.3	  0.2	0.000	0.000	0.000
30	  K	  1.7	  0.1	0.000	0.000	0.000
31	  E	  0.6	  0.1	0.000	0.000	0.000
32	  E	  0.6	  0.1	0.000	0.000	0.000
33	  V	  3.0	  0.0	0.000	0.000	0.000
34	  V	 19.2	  0.0	0.000	0.000	0.000
35	  T	 23.7	  0.0	0.000	0.000	0.000
36	  V	 21.9	  0.0	0.000	0.000	0.000
37	  E	  6.4	  0.0	0.000	0.000	0.000
38	  T	 12.3	  0.0	0.000	0.000	0.000
39	  W	 12.4	  0.1	0.000	0.000	0.000
40	  Q	 12.2	  0.5	0.000	0.000	0.000
41	  E	  0.7	  1.1	0.000	0.000	0.000
42	  G	  0.0	  1.1	0.307	0.000	0.000
43	  S	  0.5	  1.0	0.307	0.000	0.000
44	  L	  0.9	  0.7	0.307	0.000	0.000
45	  K	  1.0	  0.3	0.307	0.000	0.000
46	  A	  1.0	  0.3	0.307	0.000	0.000
47	  S	  1.9	  0.3	0.307	0.000	0.000
48	  C	  2.3	  0.4	0.000	0.000	0.000
49	  L	  1.9	  0.3	0.000	0.000	0.000
50	  Y	  0.8	  0.6	0.000	0.000	0.000
51	  G	  0.3	  0.6	0.000	0.000	0.000
52	  Q	  0.3	  0.5	0.000	0.000	0.000
53	  L	  0.1	  0.7	0.000	0.000	0.000
54	  P	  0.1	  0.4	0.000	0.000	0.000
55	  K	  1.0	  0.4	0.000	0.000	0.000
56	  F	  2.4	  1.1	0.000	0.000	0.000
57	  Q	  2.4	  0.8	0.000	0.000	0.000
58	  D	  1.4	  1.3	0.000	0.000	0.000
59	  G	  0.0	  1.3	1.034	0.000	0.000
60	  D	  0.2	  0.7	1.219	0.000	0.000
61	  L	  2.5	  0.5	1.219	0.000	0.000
62	  T	  3.6	  0.0	1.219	0.000	0.000
63	  L	  3.7	  0.0	1.219	0.000	0.000
64	  Y	  2.9	  0.1	1.219	0.000	0.000
65	  Q	  1.7	  0.2	0.480	0.000	0.000
66	  S	  1.5	  0.2	0.000	0.000	0.000
67	  N	  1.3	  0.2	0.155	0.000	0.000
68	  T	  4.1	  0.1	0.389	0.000	0.000
69	  I	  6.4	  0.0	0.389	0.000	0.000
70	  L	  5.9	  0.0	0.389	0.000	0.000
71	  R	  3.7	  0.1	0.389	0.000	0.000
72	  H	  1.4	  0.3	0.389	0.000	0.000
73	  L	  0.6	  0.7	0.234	0.000	0.000
74	  G	  0.2	  0.7	0.234	0.000	0.000
75	  R	  0.3	  0.8	0.117	0.000	0.000
76	  T	  0.5	  0.5	0.000	0.000	0.000
77	  L	  0.5	  0.2	0.000	0.000	0.000
78	  G	  0.2	  0.2	0.000	0.000	0.000
79	  L	  0.3	  0.3	0.000	0.000	0.000
80	  Y	  0.3	  0.7	0.000	0.000	0.000
81	  G	  0.3	  0.9	0.000	0.000	0.000
82	  K	  0.2	  0.9	0.000	0.000	0.000
83	  D	  0.2	  0.9	0.534	0.000	0.000
84	  Q	  0.5	  0.5	0.534	0.000	0.000
85	  Q	  0.4	  0.2	0.534	0.000	0.000
86	  E	  0.4	  0.2	0.534	0.000	0.000
87	  A	  0.2	  0.1	0.534	0.000	0.000
88	  A	  0.5	  0.0	0.534	0.000	0.000
89	  L	  1.0	  0.0	0.385	0.000	0.000
90	  V	  3.5	  0.0	0.153	0.000	0.000
91	  D	  3.4	  0.0	0.153	0.000	0.000
92	  M	  3.6	  0.0	0.000	0.000	0.000
93	  V	  1.6	  0.1	0.000	0.000	0.000
94	  N	  1.3	  0.3	0.000	0.000	0.000
95	  D	  0.5	  0.3	0.000	0.000	0.000
96	  G	  0.1	  0.3	0.355	0.000	0.000
97	  V	  0.9	  0.3	0.355	0.000	0.000
98	  E	  0.9	  0.2	0.355	0.000	0.000
99	  D	  1.2	  0.2	1.995	0.000	0.000
100	  L	  3.7	  0.2	1.995	0.000	0.000
101	  R	  4.0	  0.0	1.995	0.000	0.000
102	  C	  3.9	  0.0	1.995	0.000	0.000
103	  K	  1.1	  0.0	1.826	0.000	0.000
104	  Y	  1.6	  0.0	1.826	34.630	34.630
105	  I	  5.0	  0.1	0.457	42.957	42.957
106	  S	  4.9	  0.1	0.457	43.467	43.467
107	  L	  4.4	  0.1	0.225	43.672	43.672
108	  I	  2.3	  0.0	0.225	43.672	43.672
109	  Y	  3.9	  0.1	0.225	39.556	39.556
110	  T	  4.0	  0.1	0.246	22.239	22.239
111	  N	  5.2	  0.1	0.385	11.222	11.222
112	  Y	  5.5	  0.1	0.385	8.744	8.744
113	  E	  4.9	  0.4	0.385	0.000	0.000
114	  A	  2.3	  0.5	0.385	0.000	0.000
115	  G	  0.0	  1.0	0.385	0.000	0.000
116	  K	  0.1	  1.2	0.268	0.000	0.000
117	  D	  0.1	  0.9	0.267	0.000	0.000
118	  D	  0.5	  0.8	1.307	0.000	0.000
119	  Y	  2.6	  0.3	1.307	0.000	0.000
120	  V	  4.7	  0.0	1.307	0.000	0.000
121	  K	  4.5	  0.0	1.307	0.000	0.000
122	  A	  2.4	  0.0	1.307	0.000	0.000
123	  L	  0.3	  1.8	1.307	0.000	0.000
124	  P	  0.0	  1.8	0.000	0.000	0.000
125	  G	  0.0	  1.8	0.000	0.000	0.000
126	  Q	  2.0	  1.8	0.000	0.000	0.000
127	  L	  2.1	  0.1	0.000	0.000	0.000
128	  K	  2.1	  0.0	0.000	0.000	0.000
129	  P	  0.1	  0.0	0.000	0.000	0.000
130	  F	  0.5	  0.2	0.000	0.000	0.000
131	  E	  0.5	  0.2	0.000	0.000	0.000
132	  T	  1.3	  0.2	0.000	0.000	0.000
133	  L	  1.3	  0.2	0.000	0.000	0.000
134	  L	  1.5	  0.1	0.000	0.000	0.000
135	  S	  1.5	  1.1	0.000	0.000	0.000
136	  Q	  1.3	  1.1	0.000	0.000	0.000
137	  N	  1.1	  1.5	0.000	0.000	0.000
138	  Q	  0.3	  2.5	0.000	0.000	0.000
139	  G	  0.0	  1.7	0.000	0.000	0.000
140	  G	  0.0	  1.7	0.000	0.000	0.000
141	  K	  0.7	  1.3	0.000	0.000	0.000
142	  T	  3.1	  0.3	0.000	12.361	12.361
143	  F	  4.8	  0.1	0.000	12.361	12.361
144	  I	  7.2	  0.0	0.000	12.361	12.361
145	  V	  4.9	  0.8	0.000	12.361	12.361
146	  G	  3.1	  0.8	0.000	12.361	12.361
147	  D	  0.3	  0.8	0.000	0.000	0.000
148	  Q	  1.1	  0.8	0.000	0.000	0.000
149	  I	  5.4	  0.0	0.000	0.000	0.000
150	  S	  5.7	  0.0	1.410	0.000	0.000
151	  F	  5.0	  0.4	1.410	0.000	0.000
152	  A	  0.9	  0.4	1.410	0.000	0.000
153	  D	  0.7	  0.7	1.615	0.000	0.000
154	  Y	  2.0	  0.7	1.615	0.000	0.000
155	  N	  2.0	  0.3	12.719	0.000	0.000
156	  L	  1.9	  0.3	12.090	0.000	0.000
157	  L	  1.2	  0.0	11.843	0.000	0.000
158	  D	  1.2	  0.0	12.237	0.000	0.000
159	  L	  1.7	  0.0	12.237	0.000	0.000
160	  L	  1.6	  0.0	12.237	0.000	0.000
161	  L	  2.1	  0.0	11.621	0.000	0.000
162	  I	  1.7	  0.0	9.343	0.000	0.000
163	  H	  2.0	  0.0	9.127	0.000	0.000
164	  E	  1.9	  0.0	3.341	0.000	0.000
165	  V	  3.9	  0.0	1.979	0.000	0.000
166	  L	  2.9	  0.0	1.866	0.000	0.000
167	  A	  2.5	  2.4	1.059	0.000	0.000
168	  P	  0.0	  2.6	0.000	0.000	0.000
169	  G	  0.0	  2.6	0.503	0.000	0.000
170	  C	  1.5	  2.9	0.503	0.000	0.000
171	  L	  1.7	  0.5	0.503	0.000	0.000
172	  D	  1.9	  0.3	0.503	0.000	0.000
173	  A	  0.4	  0.3	0.503	0.000	0.000
174	  F	  0.2	  0.4	0.503	0.000	0.000
175	  P	  0.1	  0.3	0.000	0.000	0.000
176	  L	  0.5	  0.3	0.000	3.606	3.606
177	  L	  1.1	  0.4	0.000	4.108	4.108
178	  S	  1.4	  0.1	0.000	4.108	4.108
179	  A	  1.3	  0.1	0.000	4.108	4.108
180	  Y	  1.4	  0.2	0.000	4.108	4.108
181	  V	  1.2	  0.4	0.000	3.472	3.472
182	  G	  0.9	  0.4	0.240	0.245	0.245
183	  R	  0.5	  0.4	0.240	0.000	0.000
184	  L	  1.1	  0.3	0.240	0.000	0.000
185	  S	  2.7	  0.1	0.240	0.000	0.000
186	  A	  2.3	  0.0	0.240	0.000	0.000
187	  R	  1.6	  0.2	0.240	0.000	0.000
188	  P	  0.0	  0.2	0.000	0.000	0.000
189	  K	  1.1	  0.2	0.000	0.000	0.000
190	  L	  1.4	  0.3	0.000	0.000	0.000
191	  K	  1.6	  0.1	0.000	0.000	0.000
192	  A	  0.8	  0.1	0.000	0.000	0.000
193	  F	  1.1	  0.1	0.000	0.000	0.000
194	  L	  1.3	  0.0	0.000	0.000	0.000
195	  A	  1.0	  0.0	0.000	0.000	0.000
196	  S	  0.3	  0.3	0.000	0.000	0.000
197	  P	  0.0	  0.3	0.000	0.000	0.000
198	  E	  0.1	  0.3	0.000	0.000	0.000
199	  Y	  1.9	  0.4	0.000	0.000	0.000
200	  V	  8.9	  0.1	0.000	0.000	0.000
201	  N	  8.8	  0.1	0.000	0.000	0.000
202	  L	  7.1	  0.1	0.000	0.000	0.000
203	  P	  0.1	  0.2	0.000	0.000	0.000
204	  I	  1.0	  1.6	0.000	0.000	0.000
205	  N	  1.0	  3.5	0.000	0.000	0.000
206	  G	  1.0	  5.5	0.000	0.000	0.000
207	  N	  0.0	  5.5	0.000	0.000	0.000
208	  G	  0.0	  4.1	0.000	0.000	0.000
209	  K	  0.0	  2.2	0.000	0.000	0.000
210	  Q	  0.0	  0.1	0.000	0.000	0.000
