res	aa	Beta	Turn	Helix	Aggregation	Conc-Stab_Aggregation
01	  M	  0.1	  0.3	0.000	0.000	0.000
02	  E	  0.1	  0.3	0.000	0.000	0.000
03	  D	  0.2	  0.3	0.000	0.000	0.000
04	  L	  1.0	  0.3	0.000	7.748	7.748
05	  C	  7.0	  0.0	0.000	11.588	11.588
06	  V	  7.6	  0.1	0.000	17.753	17.753
07	  A	  6.8	  0.1	0.000	18.174	18.174
08	  N	  0.9	  0.1	0.152	18.653	18.653
09	  T	  1.2	  0.1	0.861	31.672	31.672
10	  L	  1.5	  0.0	0.861	42.971	42.971
11	  F	  2.2	  0.0	1.078	44.965	44.965
12	  A	  1.2	  0.0	1.078	44.549	44.549
13	  L	  2.5	  0.0	1.078	44.134	44.134
14	  N	  2.3	  0.0	1.274	34.613	34.613
15	  L	  2.3	  0.0	1.149	33.867	33.867
16	  F	  1.3	  0.2	1.033	31.360	31.360
17	  K	  0.8	  0.2	0.378	0.000	0.000
18	  H	  0.9	  0.2	0.196	0.000	0.000
19	  L	  0.4	  0.2	0.196	0.000	0.000
20	  A	  0.4	  0.0	0.196	0.000	0.000
21	  K	  0.4	  0.0	0.196	0.000	0.000
22	  A	  0.4	  0.0	0.000	0.000	0.000
23	  S	  0.3	  0.4	0.000	0.000	0.000
24	  P	  0.1	  0.4	0.000	0.000	0.000
25	  T	  0.7	  0.6	0.000	0.000	0.000
26	  Q	  0.9	  0.6	0.000	0.000	0.000
27	  N	  1.4	  0.2	0.000	0.000	0.000
28	  L	  1.5	  0.2	0.000	0.000	0.000
29	  F	  3.2	  0.0	0.000	0.000	0.000
30	  L	  2.7	  0.0	0.000	0.000	0.000
31	  S	  2.0	  0.2	0.000	0.000	0.000
32	  P	  0.1	  0.2	0.000	0.000	0.000
33	  W	  2.1	  0.2	0.000	0.568	0.568
34	  S	  8.0	  0.3	0.000	0.568	0.568
35	  I	  8.6	  0.2	0.000	1.084	1.084
36	  S	  7.0	  0.3	0.000	1.084	1.084
37	  S	  1.1	  0.3	0.000	1.466	1.466
38	  T	  1.0	  0.1	0.263	4.961	4.961
39	  M	  1.1	  0.1	0.263	10.132	10.132
40	  A	  1.2	  0.0	0.263	12.547	12.547
41	  M	  2.3	  0.0	0.263	12.547	12.547
42	  V	  5.8	  0.0	0.263	12.547	12.547
43	  Y	  6.2	  0.2	0.263	12.128	12.128
44	  M	  4.7	  0.5	0.149	7.583	7.583
45	  G	  0.9	  0.7	0.000	0.000	0.000
46	  S	  0.2	  1.1	0.000	0.000	0.000
47	  R	  0.1	  1.2	0.000	0.000	0.000
48	  G	  0.2	  0.9	0.000	0.000	0.000
49	  S	  0.3	  0.7	0.319	0.000	0.000
50	  T	  0.3	  0.7	0.486	0.000	0.000
51	  E	  0.3	  0.4	0.641	0.000	0.000
52	  D	  0.1	  0.3	5.346	0.000	0.000
53	  Q	  0.2	  0.3	5.482	0.000	0.000
54	  M	  0.2	  0.0	5.482	0.000	0.000
55	  A	  0.5	  0.0	5.482	0.000	0.000
56	  K	  1.2	  0.0	5.482	0.000	0.000
57	  V	  3.6	  0.0	5.482	0.194	0.194
58	  L	  4.8	  0.0	5.276	0.194	0.194
59	  Q	  5.9	  0.0	4.636	0.194	0.194
60	  F	  3.9	  0.0	3.287	0.194	0.194
61	  N	  2.3	  0.0	0.648	0.194	0.194
62	  E	  0.5	  0.0	0.381	0.000	0.000
63	  V	  0.3	  0.4	0.381	0.000	0.000
64	  G	  0.2	  0.8	0.381	0.000	0.000
65	  A	  0.1	  0.8	0.381	0.000	0.000
66	  N	  0.1	  0.8	0.381	0.000	0.000
67	  A	  0.9	  0.5	0.000	0.000	0.000
68	  V	  1.5	  0.0	0.000	0.000	0.000
69	  T	  1.4	  0.0	0.000	0.000	0.000
70	  P	  0.6	  0.0	0.000	0.000	0.000
71	  M	  0.2	  0.0	0.000	0.000	0.000
72	  T	  0.2	  0.3	0.000	0.000	0.000
73	  P	  0.2	  0.6	0.000	0.000	0.000
74	  E	  0.1	  0.6	0.000	0.000	0.000
75	  N	  1.6	  0.6	0.000	0.000	0.000
76	  F	  4.8	  0.4	0.000	0.000	0.000
77	  T	  6.9	  0.2	0.000	0.000	0.000
78	  S	  6.5	  0.2	0.000	0.000	0.000
79	  C	  3.6	  0.2	0.000	0.000	0.000
80	  G	  1.3	  0.1	0.000	0.000	0.000
81	  F	  1.1	  0.0	0.000	0.000	0.000
82	  M	  1.1	  0.0	0.000	0.000	0.000
83	  Q	  1.3	  0.0	0.000	0.000	0.000
84	  Q	  1.2	  0.0	0.000	0.000	0.000
85	  I	  1.2	  0.1	0.000	0.000	0.000
86	  Q	  1.0	  0.5	0.000	0.000	0.000
87	  K	  0.2	  0.9	0.000	0.000	0.000
88	  G	  0.1	  0.9	0.000	0.000	0.000
89	  S	  0.4	  0.9	0.000	0.000	0.000
90	  Y	  0.4	  1.4	0.000	0.000	0.000
91	  P	  0.3	  1.0	0.177	0.000	0.000
92	  D	  0.1	  1.0	1.086	0.000	0.000
93	  A	  0.7	  1.0	1.086	0.000	0.000
94	  I	  2.2	  0.0	1.086	0.000	0.000
95	  L	  2.5	  0.0	1.086	0.000	0.000
96	  Q	  2.1	  0.0	1.086	0.000	0.000
97	  A	  0.6	  0.0	1.086	0.000	0.000
98	  Q	  0.3	  0.0	0.808	0.000	0.000
99	  A	  0.1	  0.4	0.148	0.000	0.000
100	  A	  0.1	  0.4	0.148	0.000	0.000
101	  D	  0.1	  0.4	0.148	0.000	0.000
102	  K	  1.1	  0.4	0.000	0.000	0.000
103	  I	  1.4	  0.0	0.000	0.000	0.000
104	  H	  1.4	  0.3	0.000	0.000	0.000
105	  S	  0.7	  0.3	0.000	0.000	0.000
106	  S	  6.7	  0.3	0.000	0.000	0.000
107	  F	  8.4	  0.5	0.000	0.000	0.000
108	  R	  8.6	  0.2	0.000	0.000	0.000
109	  S	  7.6	  0.5	0.000	0.000	0.000
110	  L	  6.0	  0.6	0.000	0.000	0.000
111	  S	  5.6	  0.5	0.118	0.000	0.000
112	  S	  0.7	  0.4	0.336	0.000	0.000
113	  A	  0.6	  0.1	0.336	0.000	0.000
114	  I	  1.6	  0.0	0.336	0.000	0.000
115	  N	  1.4	  1.1	0.550	0.000	0.000
116	  A	  1.2	  1.3	0.550	0.000	0.000
117	  S	  0.3	  1.4	0.550	0.000	0.000
118	  T	  0.2	  3.3	0.214	0.000	0.000
119	  G	  0.1	  2.2	0.214	0.000	0.000
120	  N	  0.1	  1.9	0.331	0.000	0.000
121	  Y	  0.8	  1.9	0.117	0.000	0.000
122	  L	  0.9	  0.0	0.117	0.000	0.000
123	  L	  0.9	  0.1	0.117	0.000	0.000
124	  E	  0.2	  0.1	0.117	0.000	0.000
125	  S	  5.5	  0.4	0.424	0.000	0.000
126	  V	  5.7	  0.4	0.308	0.000	0.000
127	  N	  5.7	  0.4	0.308	0.000	0.000
128	  K	  0.6	  0.4	0.308	0.000	0.000
129	  L	  0.4	  0.2	0.308	0.000	0.000
130	  F	  0.5	  0.4	0.308	0.000	0.000
131	  G	  0.3	  0.4	0.248	0.000	0.000
132	  E	  0.3	  0.5	0.248	0.000	0.000
133	  K	  0.6	  0.4	0.248	0.000	0.000
134	  S	  3.3	  1.2	0.714	0.000	0.000
135	  A	  3.6	  1.1	0.714	0.000	0.000
136	  S	  9.1	  1.0	3.234	0.000	0.000
137	  F	  6.9	  1.1	4.038	0.000	0.000
138	  R	  6.3	  0.1	8.410	0.000	0.000
139	  E	  0.6	  0.1	9.180	0.000	0.000
140	  E	  0.1	  0.1	9.665	0.000	0.000
141	  Y	  1.3	  0.1	9.665	0.000	0.000
142	  I	  5.1	  0.0	9.562	0.000	0.000
143	  R	  5.1	  0.0	9.562	0.000	0.000
144	  L	  4.1	  0.0	9.562	0.000	0.000
145	  C	  1.4	  0.1	9.248	0.000	0.000
146	  Q	  2.0	  0.1	8.590	0.000	0.000
147	  K	  2.1	  0.1	5.275	0.000	0.000
148	  Y	  3.0	  0.1	2.122	0.000	0.000
149	  Y	  3.9	  0.1	0.400	0.000	0.000
150	  S	  3.9	  0.1	0.093	0.000	0.000
151	  S	  1.8	  0.1	0.000	0.000	0.000
152	  E	  0.3	  0.2	0.000	0.000	0.000
153	  P	  0.0	  0.2	0.000	0.000	0.000
154	  Q	  0.3	  0.2	0.000	0.000	0.000
155	  A	  0.6	  0.2	0.000	0.000	0.000
156	  V	  2.6	  0.1	0.000	0.000	0.000
157	  D	  2.3	  0.1	0.468	0.000	0.000
158	  F	  2.6	  0.1	0.699	0.000	0.000
159	  L	  1.6	  0.0	1.208	0.000	0.000
160	  E	  1.8	  0.0	2.220	0.000	0.000
161	  C	  1.5	  0.1	12.269	0.000	0.000
162	  A	  0.5	  0.2	15.196	0.000	0.000
163	  E	  0.3	  0.2	16.621	0.000	0.000
164	  E	  0.1	  0.2	16.970	0.000	0.000
165	  A	  0.2	  0.1	16.970	0.000	0.000
166	  R	  0.2	  0.1	16.970	0.000	0.000
167	  K	  0.3	  0.1	16.231	0.000	0.000
168	  K	  1.5	  0.1	12.329	0.000	0.000
169	  I	  2.5	  0.0	5.765	0.000	0.000
170	  N	  3.1	  0.0	5.635	0.000	0.000
171	  S	  2.4	  0.0	2.701	0.000	0.000
172	  W	  2.6	  0.0	1.141	0.000	0.000
173	  V	  3.3	  0.0	0.182	0.000	0.000
174	  K	  3.0	  0.0	0.182	0.000	0.000
175	  T	  2.7	  0.1	0.000	0.000	0.000
176	  Q	  1.4	  0.1	0.000	0.000	0.000
177	  T	  1.1	  0.8	0.000	0.000	0.000
178	  K	  0.3	  0.8	0.000	0.000	0.000
179	  G	  0.2	  0.8	0.000	0.000	0.000
180	  K	  0.2	  0.7	0.000	0.000	0.000
181	  I	  0.2	  0.4	0.000	0.000	0.000
182	  P	  0.2	  0.4	0.000	0.000	0.000
183	  N	  0.1	  0.4	0.000	0.000	0.000
184	  L	  0.1	  0.4	0.000	0.000	0.000
185	  L	  0.1	  0.5	0.000	0.000	0.000
186	  P	  0.1	  1.2	0.000	0.000	0.000
187	  E	  0.0	  1.4	0.000	0.000	0.000
188	  G	  0.0	  1.4	0.000	0.000	0.000
189	  S	  4.3	  1.9	0.000	0.000	0.000
190	  V	  4.5	  1.4	0.000	0.000	0.000
191	  D	  4.5	  3.2	0.457	0.000	0.000
192	  G	  0.2	  3.3	0.613	0.000	0.000
193	  D	  0.3	  2.3	0.764	0.190	0.190
194	  T	  0.7	  2.1	0.764	0.190	0.190
195	  R	  1.3	  0.1	0.764	0.190	0.190
196	  M	  3.5	  0.0	0.764	34.873	34.873
197	  V	  9.5	  0.0	0.443	65.279	65.279
198	  L	  9.5	  0.0	0.443	72.317	72.317
199	  V	  8.0	  0.0	0.443	73.534	73.534
200	  N	  1.6	  0.0	0.614	73.630	73.630
201	  A	  1.5	  0.0	0.171	73.432	73.432
202	  V	  2.8	  0.0	0.171	73.112	73.112
203	  Y	  4.0	  0.0	0.171	68.959	68.959
204	  F	  3.8	  1.6	0.171	63.781	63.781
205	  K	  1.7	  1.6	0.171	0.000	0.000
206	  G	  0.4	  1.6	0.000	0.000	0.000
207	  K	  0.8	  1.6	0.000	0.000	0.000
208	  W	  1.2	  0.0	0.000	0.000	0.000
209	  K	  1.2	  0.0	0.000	0.000	0.000
210	  T	  0.5	  0.0	1.564	0.000	0.000
211	  P	  0.1	  0.0	1.564	0.000	0.000
212	  F	  2.1	  0.1	1.564	0.000	0.000
213	  E	  2.5	  0.1	1.564	0.000	0.000
214	  K	  2.6	  0.1	1.564	0.000	0.000
215	  K	  1.3	  0.4	1.564	0.000	0.000
216	  L	  0.9	  1.7	1.261	0.000	0.000
217	  N	  0.9	  1.7	1.261	0.000	0.000
218	  G	  0.1	  1.7	0.793	0.000	0.000
219	  L	  0.1	  1.4	0.444	0.000	0.000
220	  Y	  0.1	  0.0	0.284	0.000	0.000
221	  P	  0.1	  0.0	0.000	0.000	0.000
222	  F	  4.3	  0.0	0.000	0.000	0.000
223	  R	 10.8	  0.0	0.000	0.000	0.000
224	  V	 12.3	  0.0	0.000	0.000	0.000
225	  N	  8.4	  0.1	0.000	0.000	0.000
226	  S	  1.9	  0.2	0.000	0.000	0.000
227	  A	  0.4	  0.2	0.000	0.000	0.000
228	  Q	  0.7	  0.2	0.000	0.000	0.000
229	  R	  0.5	  0.1	0.000	0.000	0.000
230	  T	  0.4	  0.0	0.000	0.000	0.000
231	  P	  0.1	  0.0	0.000	0.000	0.000
232	  V	  5.0	  0.0	0.000	1.882	1.882
233	  Q	  5.6	  0.0	0.000	2.042	2.042
234	  M	  6.4	  0.0	0.000	2.042	2.042
235	  M	  2.4	  0.0	0.000	2.042	2.042
236	  Y	  2.7	  0.0	0.457	2.042	2.042
237	  L	  2.0	  0.0	0.457	2.042	2.042
238	  R	  1.1	  0.1	0.457	0.000	0.000
239	  E	  0.1	  0.1	0.457	0.000	0.000
240	  K	  0.9	  0.1	0.457	0.000	0.000
241	  L	  4.6	  0.1	0.457	0.170	0.170
242	  N	  4.5	  0.0	1.212	0.170	0.170
243	  I	  3.9	  0.0	0.989	0.170	0.170
244	  G	  0.2	  0.0	1.419	0.170	0.170
245	  Y	  1.2	  0.0	1.185	0.170	0.170
246	  I	  1.2	  0.2	1.529	0.170	0.170
247	  E	  1.2	  0.2	2.537	0.000	0.000
248	  D	  0.3	  0.2	4.505	0.000	0.000
249	  L	  0.5	  0.2	4.505	0.000	0.000
250	  K	  0.6	  0.0	4.505	0.000	0.000
251	  A	  0.8	  0.0	4.195	0.000	0.000
252	  Q	  1.4	  0.0	4.195	0.000	0.000
253	  I	  1.9	  0.0	3.016	0.000	0.000
254	  L	  3.0	  0.0	3.016	0.000	0.000
255	  E	  2.1	  0.0	2.286	0.000	0.000
256	  L	  1.4	  0.1	1.632	0.000	0.000
257	  P	  0.1	  0.1	0.000	0.000	0.000
258	  Y	  0.4	  0.5	0.000	0.000	0.000
259	  A	  0.4	  0.7	0.000	0.000	0.000
260	  G	  0.4	  0.6	0.000	0.000	0.000
261	  D	  0.8	  0.7	0.303	0.000	0.000
262	  V	  5.8	  0.4	0.303	13.966	13.966
263	  S	  6.1	  0.1	0.839	14.958	14.958
264	  M	  6.2	  0.1	0.839	15.373	15.373
265	  F	  2.0	  0.0	0.839	15.373	15.373
266	  L	  3.5	  0.0	0.839	15.373	15.373
267	  L	  2.7	  0.0	0.839	13.236	13.236
268	  L	  2.0	  0.7	0.722	0.576	0.576
269	  P	  0.1	  0.7	0.000	0.115	0.115
270	  D	  0.0	  0.7	0.000	0.000	0.000
271	  E	  0.8	  0.7	0.000	0.000	0.000
272	  I	  0.9	  0.2	0.000	0.000	0.000
273	  A	  1.0	  0.2	0.000	0.000	0.000
274	  D	  1.1	  0.4	0.000	0.000	0.000
275	  V	  1.9	  0.5	0.000	0.000	0.000
276	  S	  1.9	  0.4	0.000	0.000	0.000
277	  T	  1.1	  0.5	0.000	0.000	0.000
278	  G	  0.1	  0.2	0.121	0.000	0.000
279	  L	  0.8	  0.2	0.121	0.000	0.000
280	  E	  0.8	  0.1	0.121	0.000	0.000
281	  L	  0.8	  0.0	0.121	0.000	0.000
282	  L	  0.2	  0.1	0.121	0.000	0.000
283	  E	  0.2	  0.1	0.121	0.000	0.000
284	  S	  0.2	  0.1	0.496	0.000	0.000
285	  E	  3.2	  0.1	0.496	0.000	0.000
286	  I	 18.1	  0.0	0.496	0.000	0.000
287	  T	 24.3	  0.0	1.822	0.000	0.000
288	  Y	 21.7	  0.1	1.822	0.000	0.000
289	  D	  7.2	  0.2	2.017	0.000	0.000
290	  K	  1.0	  0.2	1.759	0.000	0.000
291	  L	  0.7	  0.2	1.759	0.000	0.000
292	  N	  0.9	  0.1	1.903	0.000	0.000
293	  K	  2.4	  0.0	1.297	0.000	0.000
294	  W	  4.0	  0.0	0.556	0.000	0.000
295	  T	  5.2	  0.1	0.506	0.000	0.000
296	  S	  3.5	  2.0	0.506	0.000	0.000
297	  K	  1.9	  2.0	0.506	0.000	0.000
298	  D	  0.6	  2.0	0.873	0.000	0.000
299	  K	  0.4	  1.9	0.873	0.000	0.000
300	  M	  0.4	  0.0	0.873	0.000	0.000
301	  A	  0.4	  0.2	0.618	0.000	0.000
302	  E	  0.0	  0.2	0.618	0.000	0.000
303	  D	  0.0	  0.2	0.718	0.000	0.000
304	  E	  1.9	  0.2	0.232	0.000	0.000
305	  V	 20.3	  0.0	0.100	0.000	0.000
306	  E	 21.8	  0.0	0.100	0.000	0.000
307	  V	 23.7	  0.0	0.100	0.000	0.000
308	  Y	  6.0	  0.0	0.100	0.000	0.000
309	  I	  3.8	  0.2	0.000	0.000	0.000
310	  P	  0.1	  0.2	0.000	0.000	0.000
311	  Q	  2.1	  0.2	0.000	0.000	0.000
312	  F	  3.5	  0.2	0.000	0.000	0.000
313	  K	  5.0	  0.0	0.000	0.000	0.000
314	  L	  3.0	  0.1	0.000	0.000	0.000
315	  E	  1.7	  0.1	0.000	0.000	0.000
316	  E	  0.6	  0.1	0.000	0.000	0.000
317	  H	  4.3	  0.1	0.509	0.000	0.000
318	  Y	  6.4	  0.1	0.509	0.000	0.000
319	  E	  6.2	  0.0	1.747	0.000	0.000
320	  L	  3.1	  0.1	1.747	0.000	0.000
321	  R	  1.5	  0.1	1.747	0.000	0.000
322	  S	  1.5	  0.1	1.747	0.000	0.000
323	  I	  3.4	  0.1	1.598	0.000	0.000
324	  L	  3.2	  0.1	1.598	0.000	0.000
325	  R	  3.5	  0.1	1.456	0.000	0.000
326	  S	  1.4	  0.3	1.039	0.000	0.000
327	  M	  1.1	  0.3	0.478	0.000	0.000
328	  G	  0.6	  0.2	3.504	0.000	0.000
329	  M	  0.4	  0.5	3.322	0.000	0.000
330	  E	  0.1	  0.3	3.322	0.000	0.000
331	  D	  0.2	  0.4	4.103	0.000	0.000
332	  A	  0.4	  0.4	4.103	0.000	0.000
333	  F	  1.0	  0.2	4.103	0.000	0.000
334	  N	  0.9	  1.3	4.056	0.000	0.000
335	  K	  0.7	  1.2	3.204	0.000	0.000
336	  G	  0.1	  1.3	1.952	0.000	0.000
337	  R	  0.3	  1.5	0.958	0.000	0.000
338	  A	  0.4	  0.4	0.266	0.000	0.000
339	  N	  1.5	  0.9	0.266	0.000	0.000
340	  F	  2.6	  1.5	0.266	0.000	0.000
341	  S	  2.6	  1.2	0.000	0.000	0.000
342	  G	  1.5	  1.2	0.000	0.000	0.000
343	  M	  0.1	  0.7	0.000	0.000	0.000
344	  S	  0.2	  0.2	0.000	0.000	0.000
345	  E	  0.4	  0.3	0.000	0.000	0.000
346	  R	  0.5	  0.4	0.000	0.000	0.000
347	  N	  0.4	  0.4	0.000	0.000	0.000
348	  D	  0.4	  0.3	0.000	0.000	0.000
349	  L	  1.1	  0.2	0.000	0.000	0.000
350	  F	  2.1	  0.0	0.000	0.000	0.000
351	  L	  1.8	  0.0	0.000	0.000	0.000
352	  S	  1.1	  0.0	0.000	0.000	0.000
353	  E	  2.0	  0.0	0.000	0.000	0.000
354	  V	  5.1	  0.0	0.000	0.000	0.000
355	  F	  6.3	  0.0	0.000	0.000	0.000
356	  H	  4.7	  0.0	0.000	0.000	0.000
357	  Q	  1.7	  0.0	0.000	0.000	0.000
358	  A	  0.7	  0.0	0.000	0.000	0.000
359	  M	  1.1	  0.0	0.000	0.000	0.000
360	  V	  9.8	  0.0	0.000	0.000	0.000
361	  D	 10.3	  0.5	0.000	0.000	0.000
362	  V	 10.0	  0.5	0.000	0.000	0.000
363	  N	  1.3	  0.9	0.000	0.000	0.000
364	  E	  0.3	  1.0	0.000	0.000	0.000
365	  E	  0.0	  0.7	0.000	0.000	0.000
366	  G	  0.0	  0.8	0.577	0.000	0.000
367	  T	  0.1	  0.4	1.275	0.000	0.000
368	  E	  0.1	  0.2	1.275	0.000	0.000
369	  A	  0.1	  0.1	1.275	0.000	0.000
370	  A	  0.1	  0.3	1.275	0.000	0.000
371	  A	  0.1	  0.5	1.275	0.000	0.000
372	  G	  0.0	  0.6	1.067	0.000	0.000
373	  T	  0.0	  1.1	0.000	0.000	0.000
374	  G	  0.0	  0.9	0.000	0.000	0.000
375	  G	  0.0	  0.6	0.304	0.000	0.000
376	  V	  2.0	  0.5	0.304	0.000	0.000
377	  M	  2.2	  0.1	0.304	0.000	0.000
378	  T	  2.2	  0.6	0.304	0.000	0.000
379	  G	  0.3	  0.9	0.304	0.000	0.000
380	  R	  0.1	  1.0	0.304	0.000	0.000
381	  T	  0.1	  1.1	0.000	0.000	0.000
382	  G	  0.1	  0.8	0.000	0.000	0.000
383	  H	  0.1	  0.5	0.000	0.000	0.000
384	  G	  0.0	  0.4	0.000	0.000	0.000
385	  G	  0.0	  0.5	0.000	0.000	0.000
386	  P	  0.0	  0.4	0.000	0.000	0.000
387	  Q	  1.6	  0.4	0.000	0.000	0.000
388	  F	  4.3	  0.3	0.000	0.000	0.000
389	  V	  5.0	  0.2	0.000	0.000	0.000
390	  A	  3.4	  0.2	0.000	0.000	0.000
391	  D	  0.7	  0.2	0.000	0.000	0.000
392	  H	  0.1	  0.4	0.263	0.000	0.000
393	  P	  0.0	  0.2	0.263	2.946	2.946
394	  F	  0.8	  0.2	0.263	95.153	95.153
395	  L	  1.5	  0.2	0.263	97.640	97.640
396	  F	  2.4	  0.0	0.263	97.644	97.644
397	  L	  3.0	  0.0	0.263	97.644	97.644
398	  I	  2.9	  0.0	0.263	97.606	97.606
399	  M	  2.3	  0.0	0.263	32.237	32.237
400	  H	  2.4	  0.0	0.263	0.240	0.240
401	  K	  6.9	  0.0	0.118	0.000	0.000
402	  I	  7.2	  0.1	0.000	2.389	2.389
403	  T	  6.4	  0.1	0.000	2.586	2.586
404	  N	  2.6	  0.1	0.131	3.782	3.782
405	  C	  4.8	  0.1	0.131	29.244	29.244
406	  I	  5.8	  0.0	0.131	41.701	41.701
407	  L	  4.9	  0.0	0.131	41.701	41.701
408	  F	  3.1	  0.2	0.131	41.701	41.701
409	  F	  1.7	  0.8	0.131	41.091	41.091
410	  G	  1.1	  0.8	0.000	14.805	14.805
411	  R	  1.3	  0.8	0.000	0.000	0.000
412	  F	  4.0	  0.6	0.000	0.000	0.000
413	  S	  4.0	  0.0	0.000	0.000	0.000
414	  S	  2.9	  0.0	0.000	0.000	0.000
415	  P	  0.0	  0.0	0.000	0.000	0.000
