res	aa	Beta	Turn	Helix	Aggregation	Conc-Stab_Aggregation
01	  M	  0.7	  0.0	0.000	0.000	0.000
02	  T	  2.0	  0.2	0.000	0.000	0.000
03	  S	  2.1	  0.2	0.000	0.000	0.000
04	  S	  1.8	  0.2	0.000	0.000	0.000
05	  K	  4.6	  0.2	0.000	0.000	0.000
06	  I	 10.1	  0.1	0.000	0.000	0.000
07	  E	  9.8	  0.0	0.000	0.000	0.000
08	  M	  5.9	  1.1	0.000	0.000	0.000
09	  P	  0.0	  1.1	0.000	0.000	0.000
10	  G	  0.0	  1.1	0.000	0.000	0.000
11	  E	 13.8	  1.1	0.000	0.000	0.000
12	  V	 15.7	  0.0	0.000	0.000	0.000
13	  K	 15.7	  0.0	0.000	0.000	0.000
14	  A	  2.2	  0.0	0.000	0.000	0.000
15	  D	  0.1	  0.3	3.535	0.000	0.000
16	  P	  0.0	  0.2	3.535	0.000	0.000
17	  A	  0.1	  0.2	3.535	0.000	0.000
18	  A	  0.4	  0.2	3.535	0.182	0.182
19	  L	  0.7	  0.0	3.535	0.398	0.398
20	  M	  0.7	  0.1	3.535	0.398	0.398
21	  A	  0.9	  0.2	2.511	0.398	0.398
22	  S	  1.2	  0.2	2.092	0.398	0.398
23	  L	  2.2	  0.2	1.508	0.398	0.398
24	  H	  2.9	  0.0	1.088	0.000	0.000
25	  L	  2.4	  0.0	0.469	0.000	0.000
26	  L	  1.3	  0.0	0.148	0.000	0.000
27	  P	  0.1	  0.0	0.000	0.000	0.000
28	  S	  0.0	  0.0	0.000	0.000	0.000
29	  P	  0.0	  0.0	0.000	0.000	0.000
30	  T	  0.0	  0.8	0.000	0.000	0.000
31	  P	  0.0	  0.8	0.000	0.000	0.000
32	  N	  0.4	  0.8	0.305	0.000	0.000
33	  L	  1.7	  0.8	0.305	0.000	0.000
34	  E	  7.9	  0.0	0.305	0.000	0.000
35	  I	 10.4	  0.0	0.305	0.000	0.000
36	  K	 12.1	  0.0	0.305	0.000	0.000
37	  Y	  9.7	  0.0	0.305	0.000	0.000
38	  T	  7.6	  0.0	0.000	0.000	0.000
39	  K	  4.9	  0.0	0.000	0.000	0.000
40	  I	  2.1	  0.0	0.000	0.384	0.384
41	  F	  2.7	  0.1	0.000	0.384	0.384
42	  I	  2.5	  0.1	0.000	0.384	0.384
43	  N	  1.6	  0.1	0.000	0.384	0.384
44	  N	  0.2	  0.1	0.000	0.384	0.384
45	  E	  1.1	  0.0	0.000	0.000	0.000
46	  W	  2.0	  0.2	0.000	0.000	0.000
47	  Q	  2.1	  0.2	0.000	0.000	0.000
48	  N	  1.2	  0.3	0.000	0.000	0.000
49	  S	  0.4	  3.1	0.000	0.000	0.000
50	  E	  0.3	  3.1	0.000	0.000	0.000
51	  S	  0.3	  3.2	0.000	0.000	0.000
52	  G	  0.1	  3.1	0.000	0.000	0.000
53	  R	  4.3	  0.3	0.000	0.000	0.000
54	  V	  4.5	  0.1	0.000	0.000	0.000
55	  F	  4.5	  0.0	0.000	0.000	0.000
56	  P	  0.4	  0.0	0.000	0.000	0.000
57	  V	  6.2	  0.0	0.000	0.000	0.000
58	  Y	  6.4	  0.0	0.000	0.000	0.000
59	  N	  6.4	  0.1	0.308	0.000	0.000
60	  P	  0.2	  0.5	0.308	0.000	0.000
61	  A	  0.0	  0.6	0.308	0.000	0.000
62	  T	  0.1	  0.7	0.308	0.000	0.000
63	  G	  0.1	  0.6	0.308	0.000	0.000
64	  E	  0.1	  0.3	0.308	0.000	0.000
65	  Q	  0.3	  0.2	0.000	0.000	0.000
66	  V	  1.3	  0.1	0.000	0.000	0.000
67	  C	  8.0	  0.0	0.000	0.000	0.000
68	  E	 10.4	  0.0	0.000	0.000	0.000
69	  V	  9.9	  0.0	0.000	0.000	0.000
70	  Q	  3.5	  0.0	0.000	0.000	0.000
71	  E	  0.7	  0.2	0.000	0.000	0.000
72	  A	  0.1	  0.3	0.000	0.000	0.000
73	  D	  0.1	  0.3	5.298	0.000	0.000
74	  K	  0.1	  0.7	5.298	0.000	0.000
75	  A	  0.2	  0.5	5.298	0.000	0.000
76	  D	  0.9	  1.1	7.587	0.000	0.000
77	  I	  1.1	  1.1	7.750	0.000	0.000
78	  D	  1.0	  0.7	10.033	0.000	0.000
79	  K	  0.5	  0.7	9.980	0.000	0.000
80	  A	  0.7	  0.0	9.729	0.000	0.000
81	  V	  1.8	  0.0	9.661	0.000	0.000
82	  Q	  1.6	  0.0	9.974	0.000	0.000
83	  A	  1.2	  0.0	9.314	0.000	0.000
84	  A	  0.3	  0.0	8.800	0.000	0.000
85	  R	  0.4	  0.0	7.436	0.000	0.000
86	  L	  0.5	  0.0	5.802	0.791	0.791
87	  A	  0.8	  0.0	4.880	0.791	0.791
88	  F	  3.8	  0.1	4.211	0.791	0.791
89	  S	  3.7	  0.3	0.797	0.791	0.791
90	  L	  3.2	  0.4	0.300	0.791	0.791
91	  G	  0.2	  0.4	0.300	0.000	0.000
92	  S	  0.8	  0.3	0.438	0.000	0.000
93	  V	  2.4	  0.1	0.438	0.000	0.000
94	  W	  3.5	  0.1	0.438	0.000	0.000
95	  R	  3.2	  0.1	0.438	0.000	0.000
96	  R	  3.8	  0.3	0.269	0.000	0.000
97	  M	  2.9	  0.4	0.138	0.000	0.000
98	  D	  2.6	  1.9	0.709	0.000	0.000
99	  A	  0.3	  2.0	0.709	0.000	0.000
100	  S	  0.2	  2.0	3.143	0.000	0.000
101	  E	  0.1	  2.1	3.267	0.000	0.000
102	  R	  0.2	  0.5	3.267	0.000	0.000
103	  G	  0.1	  0.5	3.457	0.000	0.000
104	  R	  0.5	  0.2	3.115	0.000	0.000
105	  L	  0.8	  0.1	2.748	0.000	0.000
106	  L	  0.9	  0.1	2.494	0.000	0.000
107	  D	  0.5	  0.2	3.375	0.000	0.000
108	  K	  0.4	  0.2	3.033	0.000	0.000
109	  L	  0.4	  0.4	2.376	0.000	0.000
110	  A	  0.4	  0.4	2.259	0.000	0.000
111	  D	  0.2	  0.3	2.020	0.000	0.000
112	  L	  0.4	  0.3	1.673	0.000	0.000
113	  V	  2.0	  0.1	2.375	0.000	0.000
114	  E	  2.1	  0.2	2.375	0.000	0.000
115	  R	  1.9	  0.2	1.579	0.000	0.000
116	  D	  0.2	  0.2	1.794	0.000	0.000
117	  R	  0.3	  0.2	1.325	0.000	0.000
118	  A	  1.1	  0.1	1.325	3.266	3.266
119	  V	  2.3	  0.0	1.013	8.860	8.860
120	  L	  2.1	  0.0	1.013	8.860	8.860
121	  A	  1.7	  0.0	0.762	8.860	8.860
122	  T	  1.7	  0.0	0.708	8.860	8.860
123	  M	  1.8	  0.1	0.708	7.318	7.318
124	  E	  1.4	  0.1	0.580	0.000	0.000
125	  S	  3.1	  2.2	0.248	0.000	0.000
126	  L	  3.0	  2.8	0.248	0.000	0.000
127	  N	  3.0	  3.7	0.248	0.000	0.000
128	  G	  0.1	  3.6	0.129	0.000	0.000
129	  G	  0.0	  1.6	0.000	0.000	0.000
130	  K	  0.0	  1.0	0.000	0.000	0.000
131	  P	  0.0	  0.0	0.000	0.800	0.800
132	  F	  0.9	  0.0	0.000	66.461	66.461
133	  L	  1.2	  0.0	0.000	67.179	67.179
134	  Q	  1.6	  0.0	0.000	67.300	67.300
135	  A	  1.1	  0.0	0.000	67.391	67.391
136	  F	  2.2	  0.0	0.000	67.499	67.499
137	  Y	  3.2	  0.1	0.000	67.293	67.293
138	  V	  5.3	  0.1	0.000	62.046	62.046
139	  D	  4.0	  0.4	0.201	0.286	0.286
140	  L	  2.6	  0.5	0.201	0.431	0.431
141	  Q	  0.2	  0.4	0.201	0.431	0.431
142	  G	  0.1	  0.4	0.201	0.431	0.431
143	  V	  2.4	  0.2	0.201	0.431	0.431
144	  I	  3.7	  0.1	0.201	0.431	0.431
145	  K	  4.2	  0.1	0.201	0.286	0.286
146	  T	 14.0	  0.1	0.201	0.286	0.286
147	  F	 15.1	  0.1	0.201	0.286	0.286
148	  R	 15.6	  0.0	0.000	0.000	0.000
149	  Y	  5.4	  0.0	0.000	3.567	3.567
150	  Y	  3.0	  0.3	0.000	3.567	3.567
151	  A	  1.9	  0.3	0.000	3.567	3.567
152	  G	  0.5	  0.3	0.000	3.567	3.567
153	  W	  0.3	  0.7	0.000	3.567	3.567
154	  A	  0.3	  0.4	0.000	0.841	0.841
155	  D	  0.2	  0.4	0.000	0.000	0.000
156	  K	  1.1	  0.4	0.000	0.000	0.000
157	  I	  2.4	  0.3	0.000	0.000	0.000
158	  H	  2.4	  0.3	0.000	0.000	0.000
159	  G	  1.5	  0.3	0.000	0.000	0.000
160	  M	  8.1	  0.3	0.000	0.000	0.000
161	  T	  8.5	  0.0	0.000	0.000	0.000
162	  I	  8.5	  0.0	0.000	0.000	0.000
163	  P	  0.6	  0.2	0.000	0.000	0.000
164	  V	  0.3	  0.3	0.000	0.000	0.000
165	  D	  0.2	  0.9	0.000	0.000	0.000
166	  G	  0.2	  0.9	0.000	0.000	0.000
167	  D	  0.7	  0.7	0.000	0.000	0.000
168	  Y	  1.6	  0.5	0.000	23.776	23.776
169	  F	 12.9	  0.0	0.000	23.776	23.776
170	  T	 29.4	  0.0	0.000	23.776	23.776
171	  F	 30.8	  0.0	0.000	23.776	23.776
172	  T	 21.1	  0.0	0.000	23.776	23.776
173	  R	  3.9	  0.0	0.000	0.000	0.000
174	  H	  1.3	  0.0	0.000	0.000	0.000
175	  E	  0.7	  0.0	0.000	0.000	0.000
176	  P	  0.1	  0.0	0.000	0.000	0.000
177	  I	  0.2	  0.0	0.000	0.000	0.000
178	  G	  0.2	  0.0	0.000	0.000	0.000
179	  V	  0.6	  0.3	0.000	0.000	0.000
180	  C	  0.7	  0.3	0.000	0.000	0.000
181	  G	  0.7	  0.3	0.000	0.000	0.000
182	  Q	  1.3	  0.3	0.000	0.000	0.000
183	  I	  1.5	  0.0	0.000	0.000	0.000
184	  I	  1.5	  0.0	0.000	0.000	0.000
185	  P	  0.5	  0.0	0.000	0.000	0.000
186	  W	  3.3	  0.0	0.000	0.000	0.000
187	  N	  3.4	  0.0	0.000	0.000	0.000
188	  F	  3.4	  0.3	0.000	0.000	0.000
189	  P	  0.1	  0.3	0.000	0.497	0.497
190	  L	  1.0	  0.3	0.000	28.675	28.675
191	  L	  1.6	  0.3	0.000	32.830	32.830
192	  M	  2.1	  0.0	0.000	32.830	32.830
193	  F	  1.8	  0.0	0.000	32.830	32.830
194	  A	  1.3	  0.0	0.000	32.612	32.612
195	  W	  2.1	  0.0	0.000	27.122	27.122
196	  K	  4.7	  0.0	0.000	0.000	0.000
197	  I	  4.9	  0.0	0.000	0.000	0.000
198	  A	  3.7	  0.0	0.000	0.000	0.000
199	  P	  0.3	  0.0	0.000	0.000	0.000
200	  A	  0.1	  0.0	0.000	0.000	0.000
201	  L	  5.3	  0.0	0.000	0.000	0.000
202	  C	  8.4	  0.0	0.000	0.000	0.000
203	  C	  8.3	  1.3	0.000	0.000	0.000
204	  G	  3.2	  1.3	0.000	0.000	0.000
205	  N	  0.9	  1.3	0.000	0.921	0.921
206	  T	  6.0	  1.3	0.000	0.921	0.921
207	  V	 13.1	  0.0	0.000	0.921	0.921
208	  V	 17.2	  0.0	0.000	0.921	0.921
209	  I	 12.6	  0.0	0.000	0.921	0.921
210	  K	  5.4	  0.0	0.000	0.000	0.000
211	  P	  0.4	  0.0	0.000	0.000	0.000
212	  A	  0.0	  0.1	0.000	0.000	0.000
213	  E	  0.1	  0.1	0.000	0.000	0.000
214	  Q	  0.2	  0.1	0.000	0.000	0.000
215	  T	  0.1	  0.2	0.580	0.000	0.000
216	  P	  0.0	  0.1	0.580	0.000	0.000
217	  L	  0.7	  0.2	0.580	7.294	7.294
218	  S	  0.8	  0.2	0.733	8.548	8.548
219	  A	  1.0	  0.0	0.733	18.013	18.013
220	  L	  1.1	  0.0	0.733	29.206	29.206
221	  Y	  1.8	  0.0	1.293	31.233	31.233
222	  M	  1.7	  0.1	1.089	31.371	31.371
223	  G	  0.9	  0.1	1.785	30.764	30.764
224	  A	  0.4	  0.1	1.631	30.764	30.764
225	  L	  0.7	  0.1	1.757	30.764	30.764
226	  I	  1.5	  0.0	1.902	30.514	30.514
227	  K	  1.3	  0.1	1.902	0.000	0.000
228	  E	  0.9	  0.3	1.594	0.000	0.000
229	  A	  0.2	  0.3	1.405	0.000	0.000
230	  G	  0.1	  0.3	1.282	0.000	0.000
231	  F	  0.0	  0.2	0.857	0.000	0.000
232	  P	  0.0	  1.2	0.000	0.000	0.000
233	  P	  0.0	  1.2	0.000	0.000	0.000
234	  G	  0.0	  1.2	0.000	0.300	0.300
235	  V	  6.0	  1.2	0.000	0.554	0.554
236	  I	 13.4	  0.0	0.000	0.554	0.554
237	  N	 13.6	  0.0	0.000	0.554	0.554
238	  I	  8.3	  0.0	0.000	0.554	0.554
239	  L	  0.6	  2.1	0.000	0.254	0.254
240	  P	  0.3	  2.1	0.000	0.129	0.129
241	  G	  0.0	  2.1	0.000	0.000	0.000
242	  Y	  0.0	  2.5	0.000	0.000	0.000
243	  G	  0.0	  0.8	0.000	0.000	0.000
244	  P	  0.0	  0.8	0.000	0.000	0.000
245	  T	  0.1	  1.2	0.362	0.000	0.000
246	  A	  0.1	  0.9	0.362	0.000	0.000
247	  G	  0.1	  0.5	0.735	0.000	0.000
248	  A	  0.2	  0.5	0.735	0.000	0.000
249	  A	  0.5	  0.1	0.735	0.000	0.000
250	  I	  1.6	  0.0	0.735	0.000	0.000
251	  A	  1.8	  0.1	0.735	0.000	0.000
252	  S	  2.5	  0.1	0.735	0.000	0.000
253	  H	  2.6	  0.2	0.311	0.000	0.000
254	  I	  2.5	  0.3	0.000	0.000	0.000
255	  G	  1.7	  0.3	0.358	0.000	0.000
256	  I	  0.8	  0.3	0.358	0.000	0.000
257	  D	  0.6	  0.1	0.358	0.000	0.000
258	  K	  1.7	  0.0	0.358	0.000	0.000
259	  I	  3.3	  0.0	0.358	1.017	1.017
260	  A	  3.6	  0.0	0.358	1.017	1.017
261	  F	  3.8	  0.2	0.358	1.017	1.017
262	  T	  2.0	  1.2	0.000	1.017	1.017
263	  G	  1.7	  1.3	0.000	1.017	1.017
264	  S	  0.4	  1.4	0.000	0.000	0.000
265	  T	  0.6	  1.2	0.514	0.000	0.000
266	  E	  0.7	  0.1	0.514	0.000	0.000
267	  V	  0.6	  0.2	0.514	0.000	0.000
268	  G	  0.2	  0.2	0.514	0.000	0.000
269	  K	  0.6	  0.2	0.514	0.000	0.000
270	  L	  0.7	  0.2	0.514	0.000	0.000
271	  I	  0.8	  0.1	0.816	0.000	0.000
272	  Q	  0.3	  0.0	0.816	0.000	0.000
273	  E	  0.2	  0.0	0.585	0.000	0.000
274	  A	  0.1	  0.5	0.585	0.000	0.000
275	  A	  0.1	  0.7	0.585	0.000	0.000
276	  G	  0.1	  0.9	0.708	0.000	0.000
277	  R	  0.3	  1.1	0.442	0.000	0.000
278	  S	  0.2	  0.6	0.123	0.000	0.000
279	  N	  0.5	  0.4	0.255	0.000	0.000
280	  L	  0.4	  0.3	0.255	0.000	0.000
281	  K	  0.9	  0.1	0.255	0.000	0.000
282	  R	  2.9	  0.0	0.132	0.000	0.000
283	  V	  9.9	  0.0	0.132	0.000	0.000
284	  T	 10.4	  0.0	0.244	0.000	0.000
285	  L	  8.8	  0.1	0.244	0.000	0.000
286	  E	  1.7	  0.1	0.244	0.000	0.000
287	  L	  0.7	  2.2	0.244	0.000	0.000
288	  G	  0.0	  2.3	0.244	0.000	0.000
289	  G	  0.0	  2.2	0.244	0.000	0.000
290	  K	  0.1	  2.2	0.000	0.000	0.000
291	  S	  0.1	  4.1	0.000	0.000	0.000
292	  P	  0.1	  4.0	0.000	0.000	0.000
293	  N	  2.8	  4.0	0.000	1.035	1.035
294	  I	  4.9	  4.0	0.000	1.035	1.035
295	  I	  5.6	  0.0	0.000	1.035	1.035
296	  F	  3.1	  0.4	0.000	1.035	1.035
297	  A	  1.0	  0.4	0.000	1.035	1.035
298	  D	  0.2	  2.4	0.000	0.000	0.000
299	  A	  0.1	  2.5	0.000	0.000	0.000
300	  D	  0.2	  2.8	0.129	0.000	0.000
301	  L	  1.4	  2.8	0.129	0.000	0.000
302	  D	  1.4	  0.8	0.707	0.000	0.000
303	  Y	  2.5	  0.8	0.707	0.000	0.000
304	  A	  1.6	  0.0	0.707	0.000	0.000
305	  V	  2.8	  0.0	0.707	0.000	0.000
306	  E	  1.6	  0.0	0.707	0.000	0.000
307	  Q	  1.4	  0.0	0.707	0.000	0.000
308	  A	  0.4	  0.1	0.584	0.000	0.000
309	  H	  0.4	  0.5	0.260	0.000	0.000
310	  Q	  0.2	  0.5	0.000	0.344	0.344
311	  G	  0.1	  0.5	0.000	0.688	0.688
312	  V	  2.2	  0.4	0.000	0.856	0.856
313	  F	  4.2	  0.0	0.000	0.856	0.856
314	  F	  5.7	  0.1	0.000	0.856	0.856
315	  N	  3.5	  0.8	0.000	0.511	0.511
316	  Q	  1.5	  0.9	0.000	0.168	0.168
317	  G	  0.0	  0.9	0.000	0.000	0.000
318	  Q	  1.9	  0.8	0.000	0.000	0.000
319	  C	  4.6	  0.1	0.000	0.000	0.000
320	  C	 10.5	  0.1	0.000	0.000	0.000
321	  T	  8.7	  0.5	0.000	0.000	0.000
322	  A	  6.1	  0.9	0.000	0.000	0.000
323	  G	  0.1	  0.9	0.000	0.000	0.000
324	  S	  0.4	  0.9	0.000	0.000	0.000
325	  R	  3.6	  0.4	0.000	0.000	0.000
326	  I	  5.1	  0.1	0.000	0.000	0.000
327	  F	  6.7	  0.0	0.000	0.000	0.000
328	  V	  4.2	  0.0	0.000	0.000	0.000
329	  E	  2.6	  0.1	0.000	0.000	0.000
330	  E	  0.6	  0.1	0.000	0.000	0.000
331	  S	  0.3	  0.1	2.199	0.000	0.000
332	  I	  1.2	  0.1	2.857	0.000	0.000
333	  Y	  1.8	  0.1	3.648	0.000	0.000
334	  E	  1.6	  0.1	3.990	0.000	0.000
335	  E	  0.8	  0.1	3.990	0.000	0.000
336	  F	  1.7	  0.1	3.990	0.000	0.000
337	  V	  2.9	  0.0	3.990	0.000	0.000
338	  R	  3.0	  0.1	3.990	0.000	0.000
339	  R	  2.3	  0.1	3.990	0.000	0.000
340	  S	  4.8	  0.1	3.727	0.000	0.000
341	  V	  6.0	  0.1	2.392	0.000	0.000
342	  E	  5.3	  0.0	2.698	0.000	0.000
343	  R	  1.7	  0.0	2.578	0.000	0.000
344	  A	  0.3	  0.1	2.417	0.000	0.000
345	  K	  0.5	  0.1	2.276	0.000	0.000
346	  R	  1.3	  0.1	1.428	0.000	0.000
347	  R	  3.5	  0.1	0.936	0.000	0.000
348	  V	  4.3	  0.0	0.000	0.000	0.000
349	  V	  3.7	  0.0	0.000	0.000	0.000
350	  G	  1.4	  0.0	0.000	0.000	0.000
351	  S	  0.3	  0.2	0.000	0.000	0.000
352	  P	  0.0	  0.2	0.000	0.000	0.000
353	  F	  0.2	  0.2	0.000	0.000	0.000
354	  D	  0.2	  0.8	0.624	0.000	0.000
355	  P	  0.2	  0.6	0.624	0.000	0.000
356	  T	  0.3	  0.6	0.624	0.000	0.000
357	  T	  0.5	  0.9	0.624	0.000	0.000
358	  E	  0.5	  0.3	0.624	0.000	0.000
359	  Q	  0.1	  0.3	0.624	0.000	0.000
360	  G	  0.0	  0.5	0.401	0.000	0.000
361	  P	  0.0	  0.3	0.160	0.000	0.000
362	  Q	  1.1	  0.3	0.160	0.000	0.000
363	  I	  1.4	  0.3	0.160	0.000	0.000
364	  D	  1.4	  0.2	0.842	0.000	0.000
365	  K	  0.4	  0.2	0.842	0.000	0.000
366	  K	  0.3	  0.2	0.842	0.000	0.000
367	  Q	  2.4	  0.2	0.682	0.000	0.000
368	  Y	  3.0	  0.1	0.682	0.000	0.000
369	  N	  2.9	  0.0	2.073	0.000	0.000
370	  K	  1.4	  0.0	1.945	0.545	0.545
371	  I	  1.5	  0.0	1.765	0.545	0.545
372	  L	  2.0	  0.0	1.765	0.545	0.545
373	  E	  1.4	  0.0	1.765	0.545	0.545
374	  L	  0.8	  0.0	1.765	0.545	0.545
375	  I	  0.4	  0.2	1.532	0.545	0.545
376	  Q	  0.4	  0.3	1.532	0.000	0.000
377	  S	  0.3	  0.3	0.466	0.000	0.000
378	  G	  0.3	  0.3	0.228	0.000	0.000
379	  V	  1.0	  0.2	0.000	0.000	0.000
380	  A	  1.0	  0.4	0.124	0.000	0.000
381	  E	  0.8	  0.6	0.124	0.000	0.000
382	  G	  0.0	  0.6	0.124	0.000	0.000
383	  A	  0.3	  0.6	0.124	0.000	0.000
384	  K	  1.9	  0.2	0.124	0.000	0.000
385	  L	  3.0	  0.1	0.124	0.000	0.000
386	  E	  2.8	  0.1	0.124	0.000	0.000
387	  C	  1.3	  3.2	0.000	0.000	0.000
388	  G	  0.1	  3.4	0.000	0.000	0.000
389	  G	  0.1	  3.5	0.000	0.000	0.000
390	  K	  0.0	  3.6	0.000	0.000	0.000
391	  G	  0.0	  0.7	0.000	0.000	0.000
392	  L	  0.0	  0.6	0.000	0.000	0.000
393	  G	  0.0	  0.5	0.000	0.000	0.000
394	  R	  0.1	  0.9	0.000	0.000	0.000
395	  K	  0.1	  0.7	0.000	0.000	0.000
396	  G	  0.1	  0.6	0.000	0.000	0.000
397	  F	  1.2	  0.4	0.000	0.000	0.000
398	  F	  3.8	  0.0	0.000	0.000	0.000
399	  I	  4.1	  0.0	0.000	0.000	0.000
400	  E	  3.0	  0.1	0.000	0.000	0.000
401	  P	  0.4	  0.1	0.000	0.000	0.000
402	  T	  5.8	  0.1	0.000	0.000	0.000
403	  V	 10.1	  0.1	0.000	0.187	0.187
404	  F	 10.4	  0.4	0.000	0.187	0.187
405	  S	  4.9	  0.4	0.000	0.187	0.187
406	  N	  2.2	  0.4	0.000	0.187	0.187
407	  V	  3.3	  0.5	0.000	0.187	0.187
408	  T	  3.4	  0.2	0.428	0.000	0.000
409	  D	  1.5	  0.2	1.197	0.000	0.000
410	  D	  0.4	  0.2	2.104	0.000	0.000
411	  M	  5.5	  0.2	2.104	0.000	0.000
412	  R	  7.2	  0.0	2.104	0.000	0.000
413	  I	  7.3	  0.0	2.104	0.000	0.000
414	  A	  2.3	  0.0	2.104	0.000	0.000
415	  K	  0.7	  0.1	1.766	0.000	0.000
416	  E	  0.2	  0.1	1.043	0.000	0.000
417	  E	  0.7	  0.1	0.441	0.000	0.000
418	  I	  1.6	  0.0	0.000	0.000	0.000
419	  F	  1.6	  0.1	0.000	0.000	0.000
420	  G	  1.0	  0.1	1.444	0.000	0.000
421	  P	  0.0	  0.1	2.006	0.000	0.000
422	  V	  0.6	  0.1	2.248	0.000	0.000
423	  Q	  0.7	  0.0	3.021	0.000	0.000
424	  E	  0.9	  0.0	3.170	0.000	0.000
425	  I	  2.7	  0.0	3.170	0.000	0.000
426	  L	  3.9	  0.0	3.170	0.000	0.000
427	  R	  4.2	  0.0	3.170	0.000	0.000
428	  F	  2.2	  0.2	2.951	0.000	0.000
429	  K	  1.1	  0.2	0.609	0.000	0.000
430	  T	  2.2	  0.3	0.997	0.000	0.000
431	  M	  1.8	  0.3	0.997	0.000	0.000
432	  D	  1.6	  0.2	2.675	0.000	0.000
433	  E	  0.5	  0.2	2.675	0.000	0.000
434	  V	  3.7	  0.0	2.799	0.000	0.000
435	  I	  5.2	  0.0	3.015	0.000	0.000
436	  E	  4.9	  0.0	3.015	0.000	0.000
437	  R	  1.9	  0.4	3.015	0.000	0.000
438	  A	  0.4	  0.4	2.645	0.000	0.000
439	  N	  0.3	  0.8	2.001	0.000	0.000
440	  N	  0.0	  2.1	1.445	0.000	0.000
441	  S	  0.1	  1.8	0.326	0.000	0.000
442	  D	  0.0	  1.7	0.211	0.000	0.000
443	  F	  0.2	  1.4	0.211	22.624	22.624
444	  G	  0.2	  0.1	1.046	24.437	24.437
445	  L	  1.1	  0.1	1.046	79.931	79.931
446	  V	  2.2	  0.1	1.046	89.469	89.469
447	  A	  2.3	  0.0	1.046	89.613	89.613
448	  A	  2.0	  0.0	1.046	89.473	89.473
449	  V	  3.6	  0.0	1.046	89.354	89.354
450	  F	  5.4	  0.1	1.046	84.383	84.383
451	  T	  4.9	  0.1	0.000	15.672	15.672
452	  N	  2.2	  0.1	0.254	0.592	0.592
453	  D	  1.1	  0.7	0.428	0.022	0.022
454	  I	  1.4	  0.6	0.428	0.022	0.022
455	  N	  1.3	  0.6	0.428	0.022	0.022
456	  K	  0.5	  0.6	0.428	0.022	0.022
457	  A	  0.2	  0.0	0.428	0.022	0.022
458	  L	  3.5	  0.0	0.299	0.022	0.022
459	  T	 21.1	  0.0	0.000	0.022	0.022
460	  V	 22.1	  0.1	0.000	0.022	0.022
461	  S	 19.1	  0.1	0.119	0.000	0.000
462	  S	  1.6	  0.1	0.119	0.000	0.000
463	  A	  0.4	  0.1	0.119	0.000	0.000
464	  M	  0.7	  0.1	0.119	0.000	0.000
465	  Q	  0.6	  0.2	0.119	0.000	0.000
466	  A	  0.4	  0.3	0.119	1.511	1.511
467	  G	  0.1	  0.3	0.119	3.155	3.155
468	  T	  4.8	  0.2	0.000	6.782	6.782
469	  V	  6.5	  0.0	0.000	12.074	12.074
470	  W	  7.2	  0.0	0.000	12.366	12.366
471	  I	  6.7	  0.0	0.000	12.244	12.244
472	  N	  7.1	  0.0	0.306	9.550	9.550
473	  C	  9.4	  0.1	0.306	8.925	8.925
474	  Y	  6.6	  0.1	0.306	7.337	7.337
475	  N	  4.2	  0.3	0.997	1.230	1.230
476	  A	  1.4	  0.3	0.997	1.096	1.096
477	  L	  0.5	  0.1	0.997	0.983	0.983
478	  N	  0.5	  0.3	0.997	0.000	0.000
479	  A	  0.5	  0.2	0.838	0.000	0.000
480	  Q	  0.2	  0.2	0.838	0.000	0.000
481	  S	  0.2	  0.7	0.000	0.000	0.000
482	  P	  0.0	  0.6	0.000	0.000	0.000
483	  F	  0.1	  0.9	0.000	0.000	0.000
484	  G	  0.1	  0.9	0.000	0.000	0.000
485	  G	  0.1	  0.5	0.000	0.000	0.000
486	  F	  1.5	  0.3	0.000	0.000	0.000
487	  K	  2.0	  0.2	0.000	0.000	0.000
488	  M	  2.2	  0.3	0.000	0.000	0.000
489	  S	  0.8	  4.2	0.000	0.000	0.000
490	  G	  0.2	  5.5	0.000	0.000	0.000
491	  N	  0.1	  5.5	0.000	0.000	0.000
492	  G	  0.0	  5.5	0.000	0.000	0.000
493	  R	  0.1	  1.6	0.000	0.000	0.000
494	  E	  0.1	  0.2	0.000	0.000	0.000
495	  M	  0.1	  0.4	0.000	0.000	0.000
496	  G	  0.1	  0.5	0.137	0.000	0.000
497	  E	  0.1	  0.5	0.137	0.000	0.000
498	  F	  0.3	  0.6	0.137	0.000	0.000
499	  G	  0.3	  0.2	0.324	0.000	0.000
500	  L	  0.3	  0.2	0.324	0.000	0.000
501	  R	  0.2	  0.2	0.324	0.000	0.000
502	  E	  1.5	  0.1	0.324	0.000	0.000
503	  Y	  2.0	  0.2	0.324	0.000	0.000
504	  S	  1.9	  0.1	0.186	0.000	0.000
505	  E	 11.0	  0.1	0.078	0.000	0.000
506	  V	 11.4	  0.1	0.078	0.000	0.000
507	  K	 11.8	  0.0	0.078	0.000	0.000
508	  T	  9.1	  0.0	0.000	0.000	0.000
509	  V	 21.9	  0.0	0.000	0.000	0.000
510	  T	 33.6	  0.0	0.000	0.000	0.000
511	  V	 35.0	  0.0	0.000	0.000	0.000
512	  K	 22.0	  0.0	0.000	0.000	0.000
513	  I	  9.5	  0.0	0.000	0.000	0.000
514	  P	  0.1	  0.0	0.000	0.000	0.000
515	  Q	  0.1	  0.2	0.000	0.000	0.000
516	  K	  0.2	  0.2	0.000	0.000	0.000
517	  N	  0.2	  0.2	0.000	0.000	0.000
518	  S	  0.1	  0.2	0.000	0.000	0.000
