res	aa	Beta	Turn	Helix	Aggregation	Conc-Stab_Aggregation
01	  M	  0.4	  0.1	0.000	0.000	0.000
02	  S	  1.4	  0.8	0.000	0.000	0.000
03	  S	  1.5	  0.9	0.000	0.000	0.000
04	  S	  1.1	  1.0	0.000	0.000	0.000
05	  E	  0.2	  0.9	0.000	0.000	0.000
06	  E	  2.9	  0.2	0.000	0.000	0.000
07	  V	  6.3	  0.1	0.000	25.490	25.490
08	  S	  6.9	  0.0	0.672	31.394	31.394
09	  W	  4.6	  0.0	0.672	65.208	65.208
10	  I	  4.4	  0.0	0.672	66.684	66.684
11	  S	  4.6	  0.0	0.672	66.684	66.684
12	  W	  6.9	  0.0	0.672	66.849	66.849
13	  F	  5.2	  0.2	0.672	66.763	66.763
14	  C	  4.5	  0.2	0.497	60.039	60.039
15	  G	  1.8	  0.2	0.369	29.717	29.717
16	  L	  0.4	  0.3	0.000	25.178	25.178
17	  R	  0.3	  0.3	0.000	0.000	0.000
18	  G	  0.3	  0.3	0.000	0.000	0.000
19	  N	  0.1	  0.3	0.000	0.000	0.000
20	  E	  0.5	  0.2	0.000	0.000	0.000
21	  F	  4.9	  0.0	0.000	0.000	0.000
22	  F	  8.0	  0.0	0.000	0.000	0.000
23	  C	 13.8	  0.0	0.000	0.000	0.000
24	  E	 13.8	  0.0	0.000	0.000	0.000
25	  V	 10.9	  0.0	0.000	0.000	0.000
26	  D	  4.9	  1.9	0.255	0.000	0.000
27	  E	  0.2	  1.9	0.255	0.000	0.000
28	  D	  0.5	  1.9	0.255	0.000	0.000
29	  Y	  1.0	  1.8	0.255	0.000	0.000
30	  I	  1.0	  0.1	0.255	0.000	0.000
31	  Q	  0.6	  0.1	0.255	0.000	0.000
32	  D	  0.2	  0.1	0.114	0.000	0.000
33	  K	  1.0	  0.1	0.114	0.000	0.000
34	  F	  2.8	  0.0	0.114	0.000	0.000
35	  N	  3.1	  0.2	0.000	0.000	0.000
36	  L	  2.4	  0.3	0.000	0.000	0.000
37	  T	  0.6	  0.4	0.000	0.000	0.000
38	  G	  0.3	  0.3	0.000	0.000	0.000
39	  L	  0.2	  0.1	0.000	0.000	0.000
40	  N	  0.1	  0.2	0.000	0.000	0.000
41	  E	  0.1	  0.1	0.000	0.000	0.000
42	  Q	  0.1	  0.1	0.000	0.000	0.000
43	  V	  0.1	  0.3	0.000	0.000	0.000
44	  P	  0.1	  0.3	0.000	0.000	0.000
45	  H	  3.2	  0.3	0.000	0.000	0.000
46	  Y	  5.4	  0.3	0.000	0.000	0.000
47	  R	  5.6	  0.1	0.000	0.000	0.000
48	  Q	  2.6	  0.1	0.000	0.000	0.000
49	  A	  0.5	  0.2	0.000	0.000	0.000
50	  L	  1.4	  0.1	0.000	0.000	0.000
51	  D	  1.5	  0.1	0.122	0.000	0.000
52	  M	  3.0	  0.1	0.122	0.000	0.000
53	  I	  2.4	  0.1	0.122	0.000	0.000
54	  L	  3.2	  0.1	0.122	0.000	0.000
55	  D	  2.2	  0.1	0.122	0.000	0.000
56	  L	  1.8	  0.1	0.122	0.000	0.000
57	  E	  0.8	  0.5	0.122	0.000	0.000
58	  P	  0.1	  0.5	0.000	0.000	0.000
59	  D	  0.0	  0.6	0.242	0.000	0.000
60	  E	  0.0	  0.6	0.373	0.000	0.000
61	  E	  0.2	  0.2	0.373	0.000	0.000
62	  L	  0.2	  0.4	0.373	0.000	0.000
63	  E	  0.3	  0.3	0.373	0.000	0.000
64	  D	  0.1	  0.3	0.373	0.000	0.000
65	  N	  0.0	  6.5	0.373	0.000	0.000
66	  P	  0.0	  6.2	0.000	0.000	0.000
67	  N	  0.1	  7.2	0.000	0.000	0.000
68	  Q	  0.1	  7.4	0.000	0.000	0.000
69	  S	  0.1	  1.3	0.000	0.000	0.000
70	  D	  0.2	  1.3	0.173	0.000	0.000
71	  L	  0.3	  0.2	0.173	0.000	0.000
72	  I	  0.9	  0.1	0.719	0.000	0.000
73	  E	  0.8	  0.1	0.898	0.000	0.000
74	  Q	  0.7	  0.1	1.030	0.000	0.000
75	  A	  0.1	  0.1	1.187	0.000	0.000
76	  A	  0.2	  0.0	1.187	0.000	0.000
77	  E	  0.2	  0.0	1.187	0.000	0.000
78	  M	  0.8	  0.0	1.047	3.311	3.311
79	  L	  0.9	  0.0	0.885	6.018	6.018
80	  Y	  1.0	  0.1	0.885	6.018	6.018
81	  G	  0.4	  0.1	1.070	6.018	6.018
82	  L	  0.8	  0.1	0.186	6.018	6.018
83	  I	  1.7	  0.1	0.186	5.797	5.797
84	  H	  1.9	  0.2	0.349	1.245	1.245
85	  A	  1.6	  0.2	0.349	0.568	0.568
86	  R	  1.4	  0.2	0.349	0.000	0.000
87	  Y	  2.1	  0.2	0.163	0.000	0.000
88	  I	  3.7	  0.0	0.163	0.000	0.000
89	  L	  3.2	  0.1	0.163	0.000	0.000
90	  T	  2.2	  0.1	0.163	0.000	0.000
91	  N	  0.4	  0.2	0.917	0.000	0.000
92	  R	  0.3	  0.2	0.754	0.000	0.000
93	  G	  0.7	  0.2	2.557	0.000	0.000
94	  I	  1.6	  0.1	2.557	0.136	0.136
95	  A	  1.7	  0.0	2.557	0.136	0.136
96	  Q	  1.9	  0.0	2.557	0.136	0.136
97	  M	  1.0	  0.0	2.557	0.136	0.136
98	  L	  0.9	  0.1	2.406	0.136	0.136
99	  E	  0.4	  0.1	2.406	0.000	0.000
100	  K	  1.3	  0.1	2.257	0.000	0.000
101	  Y	  3.0	  0.3	1.028	0.000	0.000
102	  Q	  2.8	  0.3	0.607	0.000	0.000
103	  Q	  1.9	  1.2	0.138	0.000	0.000
104	  G	  0.0	  1.2	0.000	0.000	0.000
105	  D	  0.0	  1.3	0.000	0.000	0.000
106	  F	  0.3	  1.1	0.000	0.000	0.000
107	  G	  0.3	  0.2	0.000	0.000	0.000
108	  Y	  0.6	  0.2	0.000	0.000	0.000
109	  C	  0.4	  0.3	0.000	0.000	0.000
110	  P	  0.3	  0.3	0.000	0.000	0.000
111	  R	  2.7	  0.3	0.000	0.000	0.000
112	  V	  6.7	  0.3	0.000	0.000	0.000
113	  Y	 10.0	  0.0	0.000	0.000	0.000
114	  C	  8.0	  0.4	0.000	0.000	0.000
115	  E	  4.2	  0.4	0.000	0.000	0.000
116	  N	  0.8	  0.4	0.000	0.000	0.000
117	  Q	  0.2	  0.4	0.000	0.000	0.000
118	  P	  0.0	  0.0	0.000	0.000	0.000
119	  M	  0.1	  0.0	0.000	0.000	0.000
120	  L	  0.1	  0.0	0.000	0.000	0.000
121	  P	  0.1	  0.0	0.000	0.000	0.000
122	  I	  0.3	  0.1	0.000	0.000	0.000
123	  G	  0.3	  0.1	0.000	0.000	0.000
124	  L	  0.3	  0.3	0.000	0.000	0.000
125	  S	  0.1	  0.3	0.000	0.000	0.000
126	  D	  0.2	  0.2	0.000	0.000	0.000
127	  I	  0.1	  0.9	0.234	0.000	0.000
128	  P	  0.1	  0.8	0.836	0.000	0.000
129	  G	  0.1	  0.8	3.417	0.000	0.000
130	  E	  0.1	  0.8	4.275	0.000	0.000
131	  A	  0.3	  0.1	4.736	0.000	0.000
132	  M	  1.0	  0.0	4.884	0.000	0.000
133	  V	  7.8	  0.0	4.884	0.000	0.000
134	  K	  7.7	  0.0	4.884	0.000	0.000
135	  L	  9.5	  0.0	4.717	0.000	0.000
136	  Y	  3.0	  0.0	4.564	0.000	0.000
137	  C	  2.7	  0.5	3.919	0.000	0.000
138	  P	  0.3	  0.5	0.000	0.000	0.000
139	  K	  0.5	  0.5	0.000	0.000	0.000
140	  C	  2.1	  0.7	0.000	0.000	0.000
141	  M	  4.7	  0.3	0.000	0.000	0.000
142	  D	  6.5	  0.2	0.000	0.000	0.000
143	  V	  9.5	  0.2	0.000	0.000	0.000
144	  Y	  7.6	  0.0	0.000	0.000	0.000
145	  T	  5.3	  0.2	0.000	0.000	0.000
146	  P	  0.6	  0.3	0.000	0.000	0.000
147	  K	  0.2	  0.4	0.000	0.000	0.000
148	  S	  0.5	  0.5	0.000	0.000	0.000
149	  S	  0.7	  0.4	0.000	0.000	0.000
150	  R	  1.1	  0.3	0.000	0.000	0.000
151	  H	  1.6	  0.2	0.000	0.000	0.000
152	  H	  2.0	  0.2	0.000	0.000	0.000
153	  H	  1.8	  0.6	0.000	0.000	0.000
154	  T	  1.1	  0.9	0.000	0.000	0.000
155	  D	  0.4	  0.9	0.000	0.000	0.000
156	  G	  0.0	  0.9	0.000	0.000	0.000
157	  A	  0.3	  0.4	0.000	0.000	0.000
158	  Y	  1.3	  0.1	0.000	0.000	0.000
159	  F	  1.4	  0.8	0.000	0.000	0.000
160	  G	  1.1	  1.0	0.000	0.000	0.000
161	  T	  0.2	  1.0	0.000	0.000	0.000
162	  G	  0.1	  1.0	0.000	0.000	0.000
163	  F	  0.1	  0.7	0.000	0.000	0.000
164	  P	  0.0	  0.5	0.000	0.000	0.000
165	  H	  0.7	  0.5	0.000	0.300	0.300
166	  M	  1.3	  0.5	0.000	36.518	36.518
167	  L	  2.1	  0.0	0.000	36.518	36.518
168	  F	  2.7	  0.0	0.000	36.518	36.518
169	  M	  4.2	  0.0	0.000	36.518	36.518
170	  V	  3.8	  0.0	0.000	36.518	36.518
171	  H	  2.5	  0.5	0.000	0.000	0.000
172	  P	  0.4	  0.5	0.000	0.000	0.000
173	  E	  1.5	  0.5	0.000	0.000	0.000
174	  Y	  1.9	  0.5	0.000	0.000	0.000
175	  R	  1.9	  0.2	0.000	0.000	0.000
176	  P	  0.4	  0.2	0.000	0.000	0.000
177	  K	  0.1	  0.2	0.000	0.000	0.000
178	  R	  0.1	  0.2	0.000	0.000	0.000
179	  P	  0.1	  0.3	0.000	0.000	0.000
180	  A	  0.0	  0.4	0.000	0.000	0.000
181	  N	  1.2	  0.4	0.000	0.000	0.000
182	  Q	  3.8	  0.4	0.000	0.000	0.000
183	  F	  3.9	  0.0	0.000	0.000	0.000
184	  V	  2.8	  0.0	0.000	0.000	0.000
185	  P	  0.2	  0.0	0.000	0.000	0.000
186	  R	  0.6	  0.0	0.000	0.000	0.000
187	  L	  0.8	  0.3	0.000	0.000	0.000
188	  Y	  1.0	  0.3	0.000	0.000	0.000
189	  G	  0.4	  0.2	0.000	0.000	0.000
190	  F	  2.4	  0.2	0.000	0.000	0.000
191	  K	  3.9	  0.0	0.000	0.000	0.000
192	  I	  4.0	  0.0	0.000	0.000	0.000
193	  H	  2.0	  0.2	0.000	0.000	0.000
194	  P	  0.2	  0.2	0.000	0.000	0.000
195	  M	  0.3	  0.2	0.000	0.000	0.000
196	  A	  0.8	  0.2	0.000	0.000	0.000
197	  Y	  4.2	  0.0	0.000	0.000	0.000
198	  Q	  5.0	  0.0	0.000	0.000	0.000
199	  L	  6.1	  0.0	0.000	0.000	0.000
200	  Q	  3.7	  0.0	0.321	0.000	0.000
201	  L	  2.9	  0.0	0.469	0.000	0.000
202	  Q	  1.4	  0.0	0.469	0.000	0.000
203	  A	  0.5	  0.2	0.469	0.000	0.000
204	  A	  0.2	  0.5	0.469	0.000	0.000
205	  S	  0.1	  0.5	0.469	0.000	0.000
206	  N	  0.9	  0.5	0.469	0.000	0.000
207	  F	  2.6	  0.3	0.137	0.000	0.000
208	  K	  2.7	  0.0	0.000	0.000	0.000
209	  S	  1.9	  0.0	0.000	0.000	0.000
210	  P	  0.1	  0.0	0.000	0.000	0.000
211	  V	  1.5	  0.0	0.000	0.000	0.000
212	  K	  2.4	  0.0	0.000	0.000	0.000
213	  T	  8.1	  0.0	0.000	0.000	0.000
214	  I	  6.6	  0.0	0.000	0.000	0.000
215	  R	  5.7	  0.0	0.000	0.000	0.000
