res	aa	Beta	Turn	Helix	Aggregation	Conc-Stab_Aggregation
01	  M	  0.1	  0.0	0.000	0.000	0.000
02	  T	  0.1	  0.1	0.919	0.000	0.000
03	  E	  1.5	  0.1	1.228	0.000	0.000
04	  L	  1.8	  0.1	1.228	0.000	0.000
05	  K	  2.0	  0.3	1.228	0.000	0.000
06	  A	  0.6	  0.2	1.228	0.000	0.000
07	  K	  0.3	  0.2	1.228	0.000	0.000
08	  G	  0.0	  0.5	0.714	0.000	0.000
09	  P	  0.0	  0.3	0.000	0.000	0.000
10	  R	  0.0	  0.3	0.000	0.000	0.000
11	  A	  0.0	  0.5	0.000	0.000	0.000
12	  P	  0.0	  0.2	0.000	0.000	0.000
13	  H	  1.7	  0.2	0.000	0.000	0.000
14	  V	  2.3	  0.2	0.000	0.000	0.000
15	  A	  2.3	  0.0	0.000	0.000	0.000
16	  G	  0.7	  0.0	0.000	0.000	0.000
17	  G	  0.0	  0.0	0.000	0.000	0.000
18	  P	  0.0	  0.0	0.000	0.000	0.000
19	  P	  0.0	  0.0	0.000	0.000	0.000
20	  S	  0.0	  0.3	0.000	0.000	0.000
21	  P	  0.0	  0.3	0.000	0.000	0.000
22	  E	  0.1	  0.3	0.000	0.000	0.000
23	  V	  0.4	  0.3	0.000	0.000	0.000
24	  G	  0.4	  0.0	0.000	0.000	0.000
25	  S	  0.3	  0.2	0.236	0.000	0.000
26	  P	  0.0	  0.2	0.236	0.000	0.000
27	  L	  1.3	  0.2	0.236	0.000	0.000
28	  L	  1.5	  0.2	0.236	0.000	0.000
29	  C	  1.8	  0.0	0.236	0.000	0.000
30	  R	  0.5	  0.0	0.236	0.000	0.000
31	  P	  0.2	  0.1	0.000	0.000	0.000
32	  A	  0.0	  0.1	0.000	0.000	0.000
33	  A	  0.0	  0.2	0.000	0.000	0.000
34	  G	  0.0	  0.2	0.000	0.000	0.000
35	  P	  0.0	  0.1	0.000	0.000	0.000
36	  F	  0.0	  2.3	0.000	0.000	0.000
37	  P	  0.0	  2.4	0.000	0.000	0.000
38	  G	  0.0	  2.4	0.000	0.000	0.000
39	  S	  0.4	  2.5	0.000	0.000	0.000
40	  Q	  0.5	  0.4	0.000	0.000	0.000
41	  T	  0.5	  0.4	0.000	0.000	0.000
42	  S	  0.2	  0.4	0.000	0.000	0.000
43	  D	  0.1	  0.3	0.000	0.000	0.000
44	  T	  0.3	  0.3	0.000	0.000	0.000
45	  L	  0.3	  0.2	0.000	0.000	0.000
46	  P	  0.2	  0.1	0.000	0.000	0.000
47	  E	  3.1	  0.1	0.000	0.000	0.000
48	  V	  5.2	  0.1	0.000	0.000	0.000
49	  S	  5.7	  0.0	0.000	0.000	0.000
50	  A	  2.7	  0.0	0.000	0.000	0.000
51	  I	  0.6	  0.0	0.000	0.000	0.000
52	  P	  0.1	  0.0	0.000	0.000	0.000
53	  I	  3.9	  0.0	0.000	0.000	0.000
54	  S	  6.2	  2.4	0.000	0.000	0.000
55	  L	  6.3	  2.6	0.000	0.000	0.000
56	  D	  2.6	  2.6	0.000	0.000	0.000
57	  G	  0.1	  2.6	0.000	0.000	0.000
58	  L	  0.9	  0.2	0.000	0.000	0.000
59	  L	  0.9	  0.0	0.000	0.000	0.000
60	  F	  1.0	  0.0	0.000	0.000	0.000
61	  P	  0.1	  0.0	0.000	0.000	0.000
62	  R	  0.0	  0.0	0.000	0.000	0.000
63	  P	  0.0	  0.0	0.000	0.000	0.000
64	  C	  0.1	  0.8	0.000	0.000	0.000
65	  Q	  0.1	  0.8	0.000	0.000	0.000
66	  G	  0.1	  0.8	0.000	0.000	0.000
67	  Q	  0.1	  0.8	0.000	0.000	0.000
68	  D	  0.1	  6.5	0.000	0.000	0.000
69	  P	  0.0	  6.7	0.000	0.000	0.000
70	  S	  0.0	  6.8	0.000	0.000	0.000
71	  D	  0.0	  6.9	0.706	0.000	0.000
72	  E	  0.3	  0.5	0.706	0.000	0.000
73	  K	  0.7	  0.2	0.706	0.000	0.000
74	  T	  1.3	  0.4	0.706	0.000	0.000
75	  Q	  1.1	  0.3	0.706	0.000	0.000
76	  D	  0.8	  0.4	0.706	0.000	0.000
77	  Q	  0.4	  0.4	0.320	0.000	0.000
78	  Q	  0.4	  0.2	0.147	0.000	0.000
79	  S	  5.9	  0.6	0.000	0.000	0.000
80	  L	  5.8	  0.7	0.000	0.000	0.000
81	  S	  5.6	  0.6	0.000	0.000	0.000
82	  D	  2.4	  0.6	0.000	0.000	0.000
83	  V	  2.6	  0.4	0.000	0.000	0.000
84	  E	  2.6	  0.6	0.000	0.000	0.000
85	  G	  0.2	  0.6	0.191	0.000	0.000
86	  A	  0.5	  0.6	0.191	0.000	0.000
87	  Y	  2.2	  0.4	0.191	0.000	0.000
88	  S	  2.3	  0.1	1.671	0.000	0.000
89	  R	  1.9	  0.1	1.671	0.000	0.000
90	  A	  0.2	  0.1	1.671	0.000	0.000
91	  E	  0.3	  0.0	1.671	0.000	0.000
92	  A	  0.5	  0.1	1.479	0.000	0.000
93	  T	  0.5	  0.3	1.479	0.000	0.000
94	  R	  0.3	  0.3	1.479	0.000	0.000
95	  G	  0.1	  0.7	0.970	0.000	0.000
96	  A	  0.0	  0.8	0.225	0.000	0.000
97	  G	  0.0	  1.1	0.000	0.000	0.000
98	  G	  0.0	  1.2	0.000	0.000	0.000
99	  S	  1.0	  1.7	0.000	0.000	0.000
100	  S	  2.7	  1.5	0.000	0.000	0.000
101	  S	  2.7	  1.0	0.000	0.000	0.000
102	  S	  1.8	  0.8	0.000	0.000	0.000
103	  P	  0.0	  0.3	0.000	0.000	0.000
104	  P	  0.0	  0.4	0.000	0.000	0.000
105	  E	  0.2	  0.5	0.000	0.000	0.000
106	  K	  0.3	  0.7	0.000	0.000	0.000
107	  D	  0.3	  0.6	0.000	0.000	0.000
108	  S	  0.1	  0.6	0.000	0.000	0.000
109	  G	  0.0	  0.5	0.000	0.000	0.000
110	  L	  0.4	  0.3	0.000	0.000	0.000
111	  L	  0.7	  0.1	0.000	0.000	0.000
112	  D	  0.8	  0.1	0.000	0.000	0.000
113	  S	  1.0	  0.1	0.131	0.000	0.000
114	  V	  3.6	  0.1	0.131	0.000	0.000
115	  L	  3.6	  0.1	0.131	0.000	0.000
116	  D	  3.1	  0.1	0.131	0.000	0.000
117	  T	  1.1	  0.1	0.131	0.000	0.000
118	  L	  1.4	  0.1	0.131	0.000	0.000
119	  L	  1.4	  0.0	0.131	0.000	0.000
120	  A	  0.6	  1.3	0.131	0.000	0.000
121	  P	  0.0	  1.3	0.000	0.000	0.000
122	  S	  0.0	  1.6	0.000	0.000	0.000
123	  G	  0.0	  4.6	0.000	0.000	0.000
124	  P	  0.0	  3.3	0.000	0.000	0.000
125	  G	  0.0	  3.5	0.000	0.000	0.000
126	  Q	  0.5	  3.2	0.000	0.000	0.000
127	  S	  0.6	  0.2	0.000	0.000	0.000
128	  Q	  0.6	  0.1	0.000	0.000	0.000
129	  P	  0.1	  0.0	0.000	0.000	0.000
130	  S	  0.0	  0.0	0.000	0.000	0.000
131	  P	  0.0	  0.2	0.000	0.000	0.000
132	  P	  0.0	  0.2	0.000	0.000	0.000
133	  A	  0.1	  0.2	0.000	0.000	0.000
134	  C	  6.7	  0.2	0.000	0.000	0.000
135	  E	 11.6	  0.0	0.000	0.000	0.000
136	  V	 14.1	  0.0	0.000	0.542	0.542
137	  T	  9.1	  0.1	0.000	0.542	0.542
138	  S	  4.0	  0.1	0.000	0.770	0.770
139	  S	  3.5	  0.1	0.114	2.611	2.611
140	  W	  3.6	  0.1	0.114	2.611	2.611
141	  C	  3.9	  0.0	0.114	2.611	2.611
142	  L	  2.1	  0.0	0.114	2.611	2.611
143	  F	  0.7	  0.1	0.114	2.611	2.611
144	  G	  0.2	  0.4	0.114	0.000	0.000
145	  P	  0.0	  0.4	0.000	0.000	0.000
146	  E	  0.0	  0.4	0.000	0.000	0.000
147	  L	  0.0	  0.5	0.000	0.000	0.000
148	  P	  0.0	  0.2	0.000	0.000	0.000
149	  E	  0.0	  0.2	0.000	0.000	0.000
150	  D	  0.0	  0.2	0.000	0.000	0.000
151	  P	  0.0	  0.0	0.000	0.000	0.000
152	  P	  0.0	  0.0	0.000	0.000	0.000
153	  A	  0.0	  0.0	0.000	0.000	0.000
154	  A	  0.0	  0.0	0.000	0.000	0.000
155	  P	  0.0	  0.0	0.000	0.000	0.000
156	  A	  0.3	  0.0	0.000	0.000	0.000
157	  T	  1.5	  0.1	0.000	0.000	0.000
158	  Q	  2.0	  0.1	0.000	0.000	0.000
159	  R	  3.5	  0.1	0.000	0.000	0.000
160	  V	  7.6	  0.0	0.000	0.000	0.000
161	  L	  7.1	  0.0	0.000	0.000	0.000
162	  S	  5.5	  0.2	0.000	0.000	0.000
163	  P	  0.1	  0.2	0.000	0.000	0.000
164	  L	  0.5	  0.2	0.000	0.000	0.000
165	  M	  0.6	  0.2	0.000	0.000	0.000
166	  S	  2.2	  2.0	0.000	0.000	0.000
167	  R	  1.9	  2.3	0.000	0.000	0.000
168	  S	  1.8	  2.8	0.000	0.000	0.000
169	  G	  0.2	  2.8	0.000	0.000	0.000
170	  C	  1.0	  0.8	0.000	0.000	0.000
171	  K	  1.4	  0.5	0.000	0.000	0.000
172	  V	  1.4	  1.7	0.000	0.000	0.000
173	  G	  0.4	  1.8	0.000	0.000	0.000
174	  D	  0.1	  6.4	0.000	0.000	0.000
175	  S	  0.1	  6.6	1.410	0.000	0.000
176	  S	  0.2	  5.1	1.545	0.000	0.000
177	  G	  0.2	  5.0	1.970	0.000	0.000
178	  T	  0.5	  0.5	2.372	0.000	0.000
179	  A	  0.5	  0.2	2.372	0.000	0.000
180	  A	  0.5	  0.0	2.372	0.000	0.000
181	  A	  0.3	  0.0	2.372	0.000	0.000
182	  H	  1.5	  0.0	2.082	0.000	0.000
183	  K	  3.3	  0.0	1.018	0.000	0.000
184	  V	  3.6	  0.0	0.000	0.000	0.000
185	  L	  2.4	  0.5	0.000	0.000	0.000
186	  P	  0.5	  0.6	0.000	0.000	0.000
187	  R	  0.1	  0.6	0.000	0.000	0.000
188	  G	  0.1	  0.6	0.000	0.000	0.000
189	  L	  0.2	  0.1	0.000	0.000	0.000
190	  S	  0.2	  0.2	0.578	0.000	0.000
191	  P	  0.1	  0.1	0.578	0.000	0.000
192	  A	  0.2	  0.2	0.578	0.000	0.000
193	  R	  0.9	  0.2	0.578	0.000	0.000
194	  Q	  1.5	  0.1	0.578	0.000	0.000
195	  L	  3.3	  0.1	0.578	0.000	0.000
196	  L	  2.7	  0.0	0.370	0.000	0.000
197	  L	  2.1	  0.0	0.234	0.000	0.000
198	  P	  0.1	  0.2	0.000	0.000	0.000
199	  A	  0.0	  0.2	0.000	0.000	0.000
200	  S	  0.4	  0.2	0.000	0.000	0.000
201	  E	  0.4	  0.2	0.000	0.000	0.000
202	  S	  0.4	  0.4	0.000	0.000	0.000
203	  P	  0.0	  0.4	0.000	0.000	0.000
204	  H	  2.6	  0.6	0.000	0.000	0.000
205	  W	  2.9	  0.9	0.000	0.000	0.000
206	  S	  2.9	  0.5	0.000	0.000	0.000
207	  G	  0.3	  0.5	0.000	0.000	0.000
208	  A	  0.0	  0.2	0.000	0.000	0.000
209	  P	  0.0	  0.0	0.000	0.000	0.000
210	  V	  0.7	  0.0	0.000	0.000	0.000
211	  K	  0.7	  0.0	0.000	0.000	0.000
212	  P	  0.7	  0.0	0.000	0.000	0.000
213	  S	  0.0	  0.4	0.111	0.000	0.000
214	  P	  0.0	  0.4	0.111	0.000	0.000
215	  Q	  0.0	  0.4	0.111	0.000	0.000
216	  A	  0.1	  0.4	0.111	0.000	0.000
217	  A	  0.2	  0.0	0.111	0.000	0.000
218	  A	  0.4	  0.0	0.111	0.000	0.000
219	  V	 19.9	  0.0	0.000	0.000	0.000
220	  E	 21.6	  0.0	0.000	0.000	0.000
221	  V	 21.8	  0.0	0.000	0.000	0.000
222	  E	  3.2	  0.1	0.000	0.000	0.000
223	  E	  0.5	  0.5	0.000	0.000	0.000
224	  E	  0.0	  0.7	0.000	0.000	0.000
225	  D	  0.0	  1.0	0.000	0.000	0.000
226	  G	  0.0	  1.0	0.000	0.000	0.000
227	  S	  0.2	  1.4	0.124	0.000	0.000
228	  E	  0.2	  1.3	0.124	0.000	0.000
229	  S	  0.2	  1.1	0.482	0.000	0.000
230	  E	  0.1	  1.1	0.482	0.000	0.000
231	  E	  0.1	  0.3	0.482	0.000	0.000
232	  S	  0.2	  0.2	0.482	0.000	0.000
233	  A	  0.2	  0.2	0.482	0.000	0.000
234	  G	  0.1	  0.3	1.001	0.000	0.000
235	  P	  0.0	  0.3	0.519	0.000	0.000
236	  L	  0.2	  0.3	0.519	0.000	0.000
237	  L	  0.3	  1.3	0.519	0.000	0.000
238	  K	  0.4	  1.1	0.519	0.000	0.000
239	  G	  0.1	  1.1	0.519	0.000	0.000
240	  K	  0.1	  1.2	0.201	0.000	0.000
241	  P	  0.0	  0.2	0.000	0.000	0.000
242	  R	  0.2	  0.3	0.000	0.000	0.000
243	  A	  0.2	  0.3	0.000	0.000	0.000
244	  L	  0.2	  0.7	0.000	0.000	0.000
245	  G	  0.1	  0.8	0.208	0.000	0.000
246	  G	  0.1	  0.6	0.405	0.000	0.000
247	  A	  0.1	  0.6	0.405	0.000	0.000
248	  A	  0.1	  0.4	0.405	0.000	0.000
249	  A	  0.1	  0.4	0.405	0.000	0.000
250	  G	  0.0	  0.6	0.405	0.000	0.000
251	  G	  0.0	  0.7	0.197	0.000	0.000
252	  G	  0.1	  0.4	0.000	0.000	0.000
253	  A	  0.1	  0.3	0.000	0.000	0.000
254	  A	  0.3	  0.1	0.000	0.000	0.000
255	  A	  0.3	  0.0	0.000	0.000	0.000
256	  V	  0.3	  0.0	0.000	0.000	0.000
257	  P	  0.0	  1.8	0.000	0.000	0.000
258	  P	  0.0	  1.9	0.000	0.000	0.000
259	  G	  0.0	  1.9	0.186	0.000	0.000
260	  A	  0.1	  1.9	0.186	0.000	0.000
261	  A	  0.1	  0.3	0.186	0.000	0.000
262	  A	  0.1	  1.1	0.186	0.000	0.000
263	  G	  0.0	  1.1	0.186	0.000	0.000
264	  G	  0.2	  1.1	0.186	0.000	0.000
265	  V	  3.9	  0.9	0.000	0.536	0.536
266	  A	  4.3	  0.0	0.000	0.536	0.536
267	  L	  4.2	  0.0	0.000	0.536	0.536
268	  V	  0.7	  0.0	0.000	0.536	0.536
269	  P	  0.1	  0.1	0.000	0.536	0.536
270	  K	  0.1	  0.5	0.000	0.000	0.000
271	  E	  0.1	  0.6	0.000	0.000	0.000
272	  D	  0.2	  0.7	0.000	0.000	0.000
273	  S	  0.3	  0.6	0.000	0.000	0.000
274	  R	  1.3	  0.1	0.000	0.000	0.000
275	  F	 10.2	  0.1	0.000	0.000	0.000
276	  S	 10.1	  0.0	0.000	0.000	0.000
277	  A	  9.1	  0.1	0.000	0.000	0.000
278	  P	  0.1	  0.1	0.000	0.000	0.000
279	  R	  0.9	  0.1	0.000	0.000	0.000
280	  V	  4.5	  0.1	0.000	0.000	0.000
281	  A	  4.8	  0.0	0.000	0.000	0.000
282	  L	  4.1	  0.0	0.000	0.000	0.000
283	  V	  1.8	  0.0	0.000	0.000	0.000
284	  E	  1.6	  0.2	0.000	0.000	0.000
285	  Q	  1.4	  0.2	0.000	0.000	0.000
286	  D	  0.2	  0.2	0.000	0.000	0.000
287	  A	  0.1	  0.1	0.000	0.000	0.000
288	  P	  0.0	  0.0	0.000	0.000	0.000
289	  M	  0.1	  0.0	0.000	0.000	0.000
290	  A	  0.0	  1.9	0.000	0.000	0.000
291	  P	  0.0	  2.1	0.000	0.000	0.000
292	  G	  0.0	  2.1	0.000	0.000	0.000
293	  R	  0.1	  2.1	0.000	0.000	0.000
294	  S	  0.1	  0.4	0.000	0.000	0.000
295	  P	  0.1	  0.2	0.000	0.000	0.000
296	  L	  0.1	  0.2	0.000	0.927	0.927
297	  A	  0.2	  0.2	0.000	0.927	0.927
298	  T	  2.4	  0.0	0.000	0.927	0.927
299	  T	  6.4	  0.0	0.000	0.927	0.927
300	  V	  9.2	  0.2	0.000	0.927	0.927
301	  M	  8.4	  0.2	0.000	0.494	0.494
302	  D	  4.8	  0.2	0.000	0.000	0.000
303	  F	  2.5	  0.2	0.000	0.000	0.000
304	  I	  6.6	  0.0	0.000	0.000	0.000
305	  H	  6.3	  0.0	0.000	0.000	0.000
306	  V	  5.7	  0.0	0.000	0.000	0.000
307	  P	  0.2	  0.0	0.000	0.000	0.000
308	  I	  0.4	  0.0	0.000	0.000	0.000
309	  L	  0.4	  0.1	0.000	0.000	0.000
310	  P	  0.4	  0.3	0.217	0.000	0.000
311	  L	  0.5	  0.3	0.217	0.000	0.000
312	  N	  0.4	  0.3	1.796	0.000	0.000
313	  H	  0.8	  0.1	2.246	0.000	0.000
314	  A	  0.6	  0.0	2.444	0.352	0.352
315	  L	  0.8	  0.0	2.444	0.352	0.352
316	  L	  0.6	  0.0	2.444	0.352	0.352
317	  A	  0.4	  0.0	2.825	0.352	0.352
318	  A	  0.2	  0.1	2.675	0.352	0.352
319	  R	  0.3	  0.1	1.963	0.000	0.000
320	  T	  1.9	  0.1	0.975	0.000	0.000
321	  R	  2.6	  0.1	0.975	0.000	0.000
322	  Q	  2.9	  0.1	0.975	0.000	0.000
323	  L	  1.4	  0.1	0.818	0.000	0.000
324	  L	  0.7	  0.2	0.818	0.000	0.000
325	  E	  0.1	  0.2	0.818	0.000	0.000
326	  D	  0.1	  1.1	0.818	0.000	0.000
327	  E	  0.2	  1.1	0.000	0.000	0.000
328	  S	  7.7	  2.2	0.000	0.000	0.000
329	  Y	  8.1	  2.4	0.000	0.000	0.000
330	  D	  7.9	  2.2	0.000	0.000	0.000
331	  G	  0.4	  2.4	0.000	0.000	0.000
332	  G	  0.0	  1.6	0.223	0.000	0.000
333	  A	  0.0	  1.5	0.223	0.000	0.000
334	  G	  0.1	  0.8	0.477	0.000	0.000
335	  A	  0.2	  0.7	0.477	0.000	0.000
336	  A	  0.3	  0.3	0.477	0.000	0.000
337	  S	  0.5	  0.2	0.477	0.000	0.000
338	  A	  0.8	  0.2	0.477	0.000	0.000
339	  F	  0.7	  0.0	0.477	0.000	0.000
340	  A	  0.4	  0.0	0.000	0.000	0.000
341	  P	  0.0	  0.2	0.000	0.000	0.000
342	  P	  0.0	  0.3	0.000	0.000	0.000
343	  R	  0.4	  0.3	0.000	0.000	0.000
344	  S	  0.4	  0.3	0.000	0.000	0.000
345	  S	  0.4	  0.3	0.000	0.000	0.000
346	  P	  0.0	  0.2	0.000	0.000	0.000
347	  C	  0.8	  0.5	0.000	0.000	0.000
348	  A	  1.0	  0.6	0.000	0.000	0.000
349	  S	  1.5	  0.4	0.000	0.000	0.000
350	  S	  0.7	  0.4	0.000	0.000	0.000
351	  T	  0.6	  0.1	0.000	0.000	0.000
352	  P	  0.1	  0.0	0.000	0.000	0.000
353	  V	  7.1	  0.0	0.000	0.000	0.000
354	  A	  7.2	  0.0	0.000	0.000	0.000
355	  V	  7.2	  3.7	0.000	0.000	0.000
356	  G	  0.2	  3.7	0.000	0.000	0.000
357	  D	  0.1	  3.7	0.000	0.000	0.000
358	  F	  0.1	  5.4	0.000	0.000	0.000
359	  P	  0.1	  1.6	0.000	0.000	0.000
360	  D	  0.1	  1.6	0.000	0.000	0.000
361	  C	  0.7	  1.6	0.000	0.000	0.000
362	  A	  0.7	  0.0	0.000	0.000	0.000
363	  Y	  0.6	  0.0	0.000	0.000	0.000
364	  P	  0.0	  1.3	0.000	0.000	0.000
365	  P	  0.0	  1.3	0.000	0.000	0.000
366	  D	  0.1	  1.3	0.000	0.000	0.000
367	  A	  0.1	  1.3	0.000	0.000	0.000
368	  E	  0.2	  0.2	0.000	0.000	0.000
369	  P	  0.1	  0.6	0.000	0.000	0.000
370	  K	  0.1	  0.9	0.000	0.000	0.000
371	  D	  0.0	  0.9	0.000	0.000	0.000
372	  D	  0.2	  0.8	0.000	0.000	0.000
373	  A	  0.2	  0.4	0.000	0.000	0.000
374	  Y	  0.2	  0.2	0.000	0.000	0.000
375	  P	  0.1	  0.1	0.000	0.000	0.000
376	  L	  0.7	  0.1	0.000	0.000	0.000
377	  Y	  0.9	  0.5	0.000	0.000	0.000
378	  S	  0.9	  0.3	0.000	0.000	0.000
379	  D	  1.6	  0.3	0.000	0.000	0.000
380	  F	  1.3	  0.3	0.000	0.000	0.000
381	  Q	  1.3	  0.0	0.000	0.000	0.000
382	  P	  0.0	  0.0	0.000	0.000	0.000
383	  P	  0.0	  0.0	0.000	0.000	0.000
384	  A	  0.2	  0.0	0.000	0.000	0.000
385	  L	  2.0	  0.0	0.000	0.000	0.000
386	  K	  4.8	  0.0	0.000	0.000	0.000
387	  I	  5.3	  0.0	0.000	0.000	0.000
388	  K	  3.7	  0.1	0.000	0.000	0.000
389	  E	  1.0	  0.1	0.000	0.000	0.000
390	  E	  0.2	  0.2	0.000	0.000	0.000
391	  E	  0.0	  0.4	0.684	0.000	0.000
392	  E	  0.0	  0.6	0.684	0.000	0.000
393	  G	  0.0	  0.5	2.910	0.000	0.000
394	  A	  0.0	  0.4	3.081	0.000	0.000
395	  E	  0.2	  0.2	3.081	0.000	0.000
396	  A	  0.4	  0.1	3.081	0.000	0.000
397	  S	  1.1	  0.1	3.081	0.000	0.000
398	  A	  1.2	  0.0	2.908	0.000	0.000
399	  R	  1.1	  0.0	2.606	0.000	0.000
400	  S	  0.4	  0.3	1.719	0.000	0.000
401	  P	  0.1	  0.4	0.000	0.000	0.000
402	  R	  1.7	  0.4	0.000	0.000	0.000
403	  S	  2.2	  0.4	0.000	0.514	0.514
404	  Y	  3.3	  0.1	0.000	1.200	1.200
405	  L	  2.6	  0.0	0.000	1.450	1.450
406	  V	  2.7	  0.2	0.000	1.450	1.450
407	  A	  1.6	  0.4	0.000	1.450	1.450
408	  G	  0.7	  0.4	0.000	0.936	0.936
409	  A	  0.0	  0.4	0.000	0.564	0.564
410	  N	  0.0	  0.5	0.000	0.000	0.000
411	  P	  0.0	  0.2	0.000	0.000	0.000
412	  A	  0.2	  0.2	0.000	0.000	0.000
413	  A	  0.2	  0.2	0.000	0.000	0.000
414	  F	  0.2	  1.2	0.000	0.000	0.000
415	  P	  0.0	  1.2	0.000	0.000	0.000
416	  D	  0.1	  1.2	0.000	0.000	0.000
417	  F	  0.1	  1.6	0.000	0.000	0.000
418	  P	  0.1	  0.5	0.000	0.000	0.000
419	  L	  0.0	  0.5	0.000	0.000	0.000
420	  G	  0.0	  0.5	0.000	0.000	0.000
421	  P	  0.0	  0.0	0.000	0.000	0.000
422	  P	  0.0	  0.0	0.000	0.000	0.000
423	  P	  0.0	  0.0	0.000	0.000	0.000
424	  P	  0.0	  0.0	0.000	0.000	0.000
425	  L	  0.0	  0.0	0.000	0.000	0.000
426	  P	  0.0	  0.2	0.000	0.000	0.000
427	  P	  0.0	  0.3	0.000	0.000	0.000
428	  R	  0.4	  0.3	0.000	0.000	0.000
429	  A	  0.4	  0.3	0.000	0.000	0.000
430	  T	  0.5	  0.5	0.000	0.000	0.000
431	  P	  0.1	  0.5	0.000	0.000	0.000
432	  S	  0.1	  0.5	0.000	0.000	0.000
433	  R	  0.0	  1.9	0.000	0.000	0.000
434	  P	  0.0	  1.5	0.000	0.000	0.000
435	  G	  0.0	  1.5	0.000	0.000	0.000
436	  E	  0.1	  1.5	0.000	0.000	0.000
437	  A	  0.2	  0.1	0.000	0.000	0.000
438	  A	  0.6	  0.0	0.000	0.000	0.000
439	  V	  3.8	  0.0	0.000	0.000	0.000
440	  T	  4.4	  0.0	0.000	0.000	0.000
441	  A	  4.0	  0.0	0.000	0.000	0.000
442	  A	  0.8	  0.0	0.000	0.000	0.000
443	  P	  0.0	  0.2	0.000	0.000	0.000
444	  A	  0.1	  0.2	0.000	0.000	0.000
445	  S	  3.1	  1.0	0.000	0.000	0.000
446	  A	  3.5	  1.0	0.000	0.000	0.000
447	  S	 13.5	  0.9	0.000	0.000	0.000
448	  V	 11.8	  1.0	0.000	0.000	0.000
449	  S	 11.4	  0.2	0.000	0.000	0.000
450	  S	  4.0	  1.1	0.000	0.000	0.000
451	  A	  2.9	  1.1	0.000	0.000	0.000
452	  S	  3.7	  3.4	0.000	0.000	0.000
453	  S	  1.1	  3.8	0.000	0.000	0.000
454	  S	  1.2	  4.7	0.000	0.000	0.000
455	  G	  0.3	  4.7	0.000	0.000	0.000
456	  S	  0.4	  2.4	0.659	0.000	0.000
457	  T	  1.2	  1.9	2.136	0.000	0.000
458	  L	  2.2	  0.1	2.136	0.000	0.000
459	  E	  2.2	  0.0	2.136	0.000	0.000
460	  C	  4.0	  0.0	2.136	0.000	0.000
461	  I	  4.5	  0.0	2.136	0.000	0.000
462	  L	  4.6	  0.0	2.136	0.000	0.000
463	  Y	  2.9	  0.0	2.136	0.000	0.000
464	  K	  1.7	  0.2	0.888	0.000	0.000
465	  A	  1.5	  0.6	0.239	0.000	0.000
466	  E	  0.3	  0.6	0.128	0.000	0.000
467	  G	  0.0	  0.6	0.000	0.000	0.000
468	  A	  0.0	  0.4	0.000	0.000	0.000
469	  P	  0.0	  0.2	0.000	0.000	0.000
470	  P	  0.0	  0.4	0.000	0.000	0.000
471	  Q	  0.0	  0.4	0.000	0.000	0.000
472	  Q	  0.0	  0.5	0.000	0.000	0.000
473	  G	  0.0	  0.4	0.000	0.000	0.000
474	  P	  0.0	  0.2	0.000	0.000	0.000
475	  F	  0.0	  0.2	0.000	0.000	0.000
476	  A	  0.0	  0.1	0.000	0.000	0.000
477	  P	  0.0	  0.0	0.000	0.000	0.000
478	  P	  0.0	  0.2	0.000	0.000	0.000
479	  P	  0.0	  0.2	0.000	0.000	0.000
480	  C	  2.5	  0.2	0.000	0.000	0.000
481	  K	  2.6	  0.2	0.000	0.000	0.000
482	  A	  2.6	  1.4	0.000	0.000	0.000
483	  P	  0.0	  1.6	0.000	0.000	0.000
484	  G	  0.0	  2.2	0.000	0.000	0.000
485	  A	  0.1	  2.6	0.000	0.000	0.000
486	  S	  0.1	  1.9	0.000	0.000	0.000
487	  G	  0.1	  1.7	0.000	0.000	0.000
488	  C	  2.6	  1.1	0.000	0.000	0.000
489	  L	  2.6	  0.7	0.000	0.000	0.000
490	  L	  2.6	  0.2	0.000	0.000	0.000
491	  P	  0.1	  1.0	0.000	0.000	0.000
492	  R	  0.0	  1.2	0.000	0.000	0.000
493	  D	  0.0	  1.2	0.000	0.000	0.000
494	  G	  0.0	  1.0	0.000	0.000	0.000
495	  L	  0.0	  0.4	0.000	0.000	0.000
496	  P	  0.0	  0.3	0.000	0.000	0.000
497	  S	  2.1	  0.6	0.000	0.000	0.000
498	  T	  2.5	  0.6	0.120	0.000	0.000
499	  S	  5.6	  1.5	0.972	0.000	0.000
500	  A	  3.7	  1.4	0.972	0.000	0.000
501	  S	  3.4	  1.2	2.022	0.000	0.000
502	  A	  0.3	  1.2	2.022	0.000	0.000
503	  A	  0.2	  0.0	2.022	0.000	0.000
504	  A	  0.1	  0.4	2.022	0.000	0.000
505	  A	  0.1	  0.5	1.871	0.000	0.000
506	  G	  0.1	  0.5	1.634	0.000	0.000
507	  A	  0.1	  0.5	0.610	0.000	0.000
508	  A	  0.1	  0.1	0.152	0.000	0.000
509	  P	  0.0	  0.0	0.000	0.000	0.000
510	  A	  0.3	  0.0	0.000	0.000	0.000
511	  L	  0.4	  0.0	0.000	0.000	0.000
512	  Y	  0.4	  0.2	0.000	0.000	0.000
513	  P	  0.1	  0.4	0.000	0.000	0.000
514	  A	  0.1	  0.4	0.000	0.000	0.000
515	  L	  0.1	  0.5	0.000	0.000	0.000
516	  G	  0.2	  0.7	0.000	0.000	0.000
517	  L	  0.3	  2.0	0.000	0.000	0.000
518	  N	  0.2	  2.0	0.000	0.000	0.000
519	  G	  0.1	  1.9	0.000	0.000	0.000
520	  L	  0.0	  1.6	0.000	0.000	0.000
521	  P	  0.0	  0.3	0.000	0.000	0.000
522	  Q	  0.1	  0.3	0.000	0.000	0.000
523	  L	  0.1	  0.3	0.000	0.498	0.498
524	  G	  0.2	  0.1	0.893	0.498	0.498
525	  Y	  2.7	  0.0	0.893	1.512	1.512
526	  Q	  2.6	  0.0	0.893	1.807	1.807
527	  A	  2.7	  0.0	0.893	1.807	1.807
528	  A	  1.1	  0.0	0.893	1.807	1.807
529	  V	  2.2	  0.0	0.893	1.807	1.807
530	  L	  2.1	  0.2	0.893	1.807	1.807
531	  K	  1.3	  0.3	0.648	0.000	0.000
532	  E	  0.1	  0.3	0.399	0.000	0.000
533	  G	  0.0	  0.3	0.148	0.000	0.000
534	  L	  0.0	  0.3	0.000	0.000	0.000
535	  P	  0.0	  0.2	0.000	0.000	0.000
536	  Q	  1.9	  0.2	0.000	0.000	0.000
537	  V	  1.9	  0.2	0.000	0.000	0.000
538	  Y	  1.9	  0.0	0.000	0.000	0.000
539	  P	  0.0	  0.2	0.000	0.000	0.000
540	  P	  0.0	  0.2	0.000	0.000	0.000
541	  Y	  1.2	  0.3	0.000	0.302	0.302
542	  L	  3.0	  0.3	0.000	0.302	0.302
543	  N	  3.1	  0.1	0.000	0.302	0.302
544	  Y	  4.1	  0.1	0.000	0.302	0.302
545	  L	  2.4	  0.0	0.000	0.302	0.302
546	  R	  2.4	  1.6	0.000	0.000	0.000
547	  P	  0.2	  1.7	0.000	0.000	0.000
548	  D	  0.1	  1.9	0.127	0.000	0.000
549	  S	  0.1	  1.9	0.301	0.000	0.000
550	  E	  0.2	  0.3	0.301	0.000	0.000
551	  A	  0.4	  0.3	0.301	0.000	0.000
552	  S	  3.3	  0.1	0.301	0.000	0.000
553	  Q	  3.2	  0.1	0.301	0.000	0.000
554	  S	  3.0	  0.4	0.174	0.000	0.000
555	  P	  0.0	  0.3	0.000	0.000	0.000
556	  Q	  2.2	  0.3	0.000	0.000	0.000
557	  Y	  8.8	  0.3	0.000	0.000	0.000
558	  S	 15.3	  0.0	0.000	0.000	0.000
559	  F	 14.3	  0.3	0.000	0.000	0.000
560	  E	  8.2	  0.3	0.000	0.000	0.000
561	  S	  1.4	  0.3	0.000	0.000	0.000
562	  L	  0.2	  0.5	0.000	0.000	0.000
563	  P	  0.1	  0.2	0.000	0.000	0.000
564	  Q	  0.2	  0.2	0.000	0.000	0.000
565	  K	  0.9	  0.2	0.000	0.000	0.000
566	  I	  2.7	  0.0	0.000	4.181	4.181
567	  C	  3.5	  0.0	0.000	4.181	4.181
568	  L	  3.8	  0.0	0.000	4.181	4.181
569	  I	  3.0	  0.0	0.000	4.181	4.181
570	  C	  2.0	  0.5	0.000	4.181	4.181
571	  G	  1.0	  0.6	0.000	0.133	0.133
572	  D	  0.1	  0.7	0.000	0.000	0.000
573	  E	  0.2	  1.0	0.000	0.000	0.000
574	  A	  0.2	  0.8	0.000	0.000	0.000
575	  S	  0.3	  1.7	0.000	0.000	0.000
576	  G	  0.2	  1.6	0.000	0.000	0.000
577	  C	  1.5	  1.3	0.000	0.000	0.000
578	  H	  2.3	  1.1	0.000	0.000	0.000
579	  Y	  2.4	  0.2	0.000	0.916	0.916
580	  G	  1.0	  0.2	0.000	0.916	0.916
581	  V	  1.9	  0.2	0.000	0.916	0.916
582	  L	  6.6	  0.1	0.000	0.916	0.916
583	  T	  7.0	  0.0	0.000	0.916	0.916
584	  C	  5.5	  0.2	0.000	0.145	0.145
585	  G	  0.7	  0.3	0.000	0.000	0.000
586	  S	  1.5	  0.3	0.000	0.000	0.000
587	  C	  2.4	  0.3	0.000	0.000	0.000
588	  K	  3.3	  0.0	0.000	0.000	0.000
589	  V	  4.1	  0.0	0.000	0.000	0.000
590	  F	  4.4	  0.0	0.000	0.000	0.000
591	  F	  4.4	  0.1	0.129	0.000	0.000
592	  K	  2.5	  0.1	0.129	0.000	0.000
593	  R	  1.4	  0.1	0.129	0.000	0.000
594	  A	  0.5	  0.1	0.129	0.000	0.000
595	  M	  0.3	  0.6	0.129	0.000	0.000
596	  E	  0.1	  0.7	0.129	0.000	0.000
597	  G	  0.0	  0.8	0.129	0.000	0.000
598	  Q	  0.2	  0.8	0.129	0.000	0.000
599	  H	  0.7	  0.2	0.000	0.000	0.000
600	  N	  0.8	  0.1	0.146	0.000	0.000
601	  Y	  2.6	  0.0	0.146	0.000	0.000
602	  L	  2.5	  0.0	0.146	0.000	0.000
603	  C	  2.7	  0.9	0.146	0.000	0.000
604	  A	  0.7	  1.2	0.146	0.000	0.000
605	  G	  0.3	  1.5	0.146	0.000	0.000
606	  R	  0.1	  1.7	0.000	0.000	0.000
607	  N	  0.2	  0.8	0.220	0.000	0.000
608	  D	  1.0	  0.5	1.295	0.000	0.000
609	  C	  5.6	  0.2	3.696	0.000	0.000
610	  I	  6.4	  0.0	3.866	0.154	0.154
611	  V	  5.8	  0.0	4.265	0.154	0.154
612	  D	  1.2	  0.0	5.118	0.154	0.154
613	  K	  1.6	  0.0	5.118	0.154	0.154
614	  I	  3.7	  0.0	5.118	0.154	0.154
615	  R	  3.8	  0.1	5.118	0.000	0.000
616	  R	  3.0	  0.4	4.496	0.000	0.000
617	  K	  1.1	  0.4	3.669	0.000	0.000
618	  N	  0.9	  0.4	0.681	0.000	0.000
619	  C	  0.4	  0.6	1.344	0.000	0.000
620	  P	  0.1	  0.3	1.047	0.000	0.000
621	  A	  0.2	  0.3	1.047	0.000	0.000
622	  C	  1.3	  0.3	1.047	0.000	0.000
623	  R	  1.8	  0.0	1.047	0.000	0.000
624	  L	  1.9	  0.1	1.047	0.000	0.000
625	  R	  0.8	  0.1	0.748	0.000	0.000
626	  K	  3.1	  0.1	0.360	0.000	0.000
627	  C	 17.3	  0.1	0.000	0.000	0.000
628	  C	 19.3	  0.1	0.000	0.000	0.000
629	  Q	 16.5	  0.3	0.000	0.000	0.000
630	  A	  2.9	  0.3	0.000	0.315	0.315
631	  G	  0.1	  0.3	0.110	0.315	0.315
632	  M	  2.5	  0.2	0.110	0.315	0.315
633	  V	  3.1	  0.0	0.110	0.315	0.315
634	  L	  3.1	  1.5	0.110	0.315	0.315
635	  G	  0.6	  1.7	0.110	0.000	0.000
636	  G	  0.0	  1.7	0.110	0.000	0.000
637	  R	  0.6	  1.7	0.000	0.000	0.000
638	  K	  1.6	  0.2	0.000	0.000	0.000
639	  F	  2.1	  0.1	0.000	0.000	0.000
640	  K	  1.6	  0.1	0.000	0.000	0.000
641	  K	  1.3	  0.1	0.000	0.000	0.000
642	  F	  1.5	  0.1	0.000	0.000	0.000
643	  N	  1.5	  0.0	0.000	0.000	0.000
644	  K	  2.3	  0.0	0.000	0.000	0.000
645	  V	 10.7	  0.0	0.000	0.000	0.000
646	  R	 12.7	  0.0	0.000	0.000	0.000
647	  V	 13.7	  0.0	0.000	0.000	0.000
648	  V	  6.1	  0.0	0.000	0.000	0.000
649	  R	  3.9	  0.0	0.000	0.000	0.000
650	  A	  1.4	  0.0	0.000	0.000	0.000
651	  L	  0.5	  0.0	0.000	0.000	0.000
652	  D	  0.4	  0.0	0.000	0.000	0.000
653	  A	  0.6	  0.0	0.000	0.000	0.000
654	  V	  7.6	  0.0	0.000	0.000	0.000
655	  A	  7.6	  0.0	0.000	0.000	0.000
656	  L	  7.3	  0.0	0.000	0.000	0.000
657	  P	  0.1	  0.0	0.000	0.000	0.000
658	  Q	  0.0	  0.0	0.000	0.000	0.000
659	  P	  0.0	  0.0	0.000	0.000	0.000
660	  V	  0.7	  0.0	0.000	0.000	0.000
661	  G	  0.7	  0.0	0.000	0.000	0.000
662	  V	  0.7	  0.3	0.000	0.000	0.000
663	  P	  0.0	  0.4	0.000	0.000	0.000
664	  N	  0.0	  1.5	0.000	0.000	0.000
665	  E	  0.1	  1.5	0.000	0.000	0.000
666	  S	  0.2	  1.2	0.781	0.000	0.000
667	  Q	  0.4	  1.2	0.781	0.000	0.000
668	  A	  0.5	  0.1	0.781	0.000	0.000
669	  L	  0.6	  0.1	0.781	0.000	0.000
670	  S	  0.8	  0.1	0.781	0.000	0.000
671	  Q	  1.0	  0.1	0.781	0.000	0.000
672	  R	  1.8	  0.1	0.224	0.000	0.000
673	  F	 11.3	  0.0	0.096	0.000	0.000
674	  T	 49.8	  0.0	0.000	0.000	0.000
675	  F	 49.1	  0.0	0.000	0.000	0.000
676	  S	 41.8	  1.8	0.000	0.000	0.000
677	  P	  0.3	  1.8	0.000	0.000	0.000
678	  G	  0.0	  1.9	0.000	0.000	0.000
679	  Q	  0.2	  1.9	0.000	0.000	0.000
680	  D	  0.5	  0.1	0.000	0.000	0.000
681	  I	  2.0	  0.1	0.000	0.000	0.000
682	  Q	  2.3	  0.0	0.000	0.000	0.000
683	  L	  2.0	  0.0	0.000	0.000	0.000
684	  I	  0.5	  0.0	0.000	0.000	0.000
685	  P	  0.0	  0.1	0.000	0.000	0.000
686	  P	  0.0	  0.1	0.000	0.000	0.000
687	  L	  0.6	  0.1	0.000	10.436	10.436
688	  I	  4.9	  0.1	0.000	11.618	11.618
689	  N	  4.9	  0.0	0.000	11.618	11.618
690	  L	  5.2	  0.0	0.000	12.536	12.536
691	  L	  1.5	  0.0	0.000	12.536	12.536
692	  M	  3.5	  0.0	0.000	8.749	8.749
693	  S	  6.8	  0.0	0.000	3.637	3.637
694	  I	  6.7	  0.0	0.000	3.442	3.442
695	  E	  4.8	  0.4	0.000	0.000	0.000
696	  P	  0.4	  0.4	0.000	0.000	0.000
697	  D	  1.8	  0.4	0.116	0.000	0.000
698	  V	  4.1	  0.4	0.116	0.274	0.274
699	  I	  4.9	  0.0	0.116	0.274	0.274
700	  Y	  3.5	  0.4	0.116	0.274	0.274
701	  A	  1.2	  0.5	0.116	0.274	0.274
702	  G	  0.5	  0.6	0.116	0.274	0.274
703	  H	  0.1	  0.9	0.000	0.000	0.000
704	  D	  0.1	  0.5	0.000	0.000	0.000
705	  N	  1.1	  0.4	0.000	0.000	0.000
706	  T	  1.2	  0.3	0.000	0.000	0.000
707	  K	  1.2	  1.2	0.000	0.000	0.000
708	  P	  0.2	  1.2	0.000	0.000	0.000
709	  D	  0.1	  1.6	0.000	0.000	0.000
710	  T	  1.6	  1.7	0.000	0.000	0.000
711	  S	  2.5	  1.4	0.000	0.000	0.000
712	  S	  2.4	  1.4	0.000	0.000	0.000
713	  S	  1.3	  1.0	0.595	0.000	0.000
714	  L	  0.5	  0.9	0.595	0.724	0.724
715	  L	  1.0	  0.1	0.595	0.724	0.724
716	  T	  1.3	  0.1	0.595	0.724	0.724
717	  S	  4.1	  0.7	0.595	0.724	0.724
718	  L	  3.7	  0.7	0.595	0.724	0.724
719	  N	  3.3	  0.8	0.407	0.000	0.000
720	  Q	  0.3	  0.8	0.254	0.000	0.000
721	  L	  0.1	  0.3	0.000	0.000	0.000
722	  G	  0.1	  0.4	2.140	0.000	0.000
723	  E	  0.4	  0.2	2.140	0.000	0.000
724	  R	  1.1	  0.2	2.140	0.000	0.000
725	  Q	  1.6	  0.1	2.140	1.152	1.152
726	  L	  1.7	  0.1	2.140	5.091	5.091
727	  L	  2.8	  0.0	2.140	5.091	5.091
728	  S	  3.1	  0.0	2.065	5.091	5.091
729	  V	  5.4	  0.0	1.478	5.091	5.091
730	  V	  6.1	  0.0	1.478	5.091	5.091
731	  K	  5.7	  0.0	1.478	0.000	0.000
732	  W	  4.3	  0.0	0.775	0.000	0.000
733	  S	  4.0	  0.8	0.467	0.000	0.000
734	  K	  3.9	  0.8	0.000	0.000	0.000
735	  S	  2.8	  0.8	0.000	0.000	0.000
736	  L	  0.5	  3.6	0.000	0.000	0.000
737	  P	  0.1	  2.8	0.000	0.000	0.000
738	  G	  0.1	  2.8	0.000	0.000	0.000
739	  F	  0.9	  3.2	0.000	0.000	0.000
740	  R	  1.0	  0.4	0.000	0.000	0.000
741	  N	  1.0	  0.4	0.000	0.000	0.000
742	  L	  3.6	  0.4	0.000	0.000	0.000
743	  H	  8.7	  0.1	0.000	0.000	0.000
744	  I	  8.7	  0.2	0.000	0.000	0.000
745	  D	  5.4	  0.2	0.000	0.000	0.000
746	  D	  0.3	  0.2	1.221	0.000	0.000
747	  Q	  2.0	  0.1	1.221	0.439	0.439
748	  I	 12.1	  0.0	1.221	52.690	52.690
749	  T	 12.4	  0.0	1.221	59.551	59.551
750	  L	 10.8	  0.0	1.221	71.037	71.037
751	  I	  1.9	  0.0	1.221	73.105	73.105
752	  Q	  3.4	  0.0	1.221	73.267	73.267
753	  Y	  8.6	  0.0	0.661	78.100	78.100
754	  S	  7.8	  0.0	0.353	78.601	78.601
755	  W	  6.3	  0.1	0.155	83.891	83.891
756	  M	  3.0	  0.2	0.155	84.961	84.961
757	  S	  2.8	  0.2	0.155	85.798	85.798
758	  L	  3.2	  0.2	0.155	89.263	89.263
759	  M	  2.8	  0.0	0.155	89.643	89.643
760	  V	  3.7	  0.0	0.155	89.495	89.495
761	  F	  2.8	  0.2	0.155	86.722	86.722
762	  G	  1.2	  0.3	0.000	51.970	51.970
763	  L	  0.2	  0.4	0.000	48.381	48.381
764	  G	  0.1	  0.4	0.000	28.259	28.259
765	  W	  1.3	  0.3	0.000	22.717	22.717
766	  R	  2.9	  0.1	0.000	0.000	0.000
767	  S	  4.4	  0.1	0.000	0.000	0.000
768	  Y	  3.8	  0.2	0.000	0.000	0.000
769	  K	  2.3	  0.1	0.000	0.000	0.000
770	  H	  2.4	  0.3	0.000	0.000	0.000
771	  V	  2.5	  0.4	0.000	0.000	0.000
772	  S	  2.3	  0.5	0.000	0.000	0.000
773	  G	  0.7	  0.5	0.149	0.000	0.000
774	  Q	  0.7	  0.3	0.149	0.625	0.625
775	  M	  1.3	  0.2	0.149	0.625	0.625
776	  L	  1.9	  0.0	0.149	0.625	0.625
777	  Y	  5.3	  0.0	0.149	0.625	0.625
778	  F	  4.8	  0.0	0.149	0.625	0.625
779	  A	  4.2	  0.9	0.000	0.000	0.000
780	  P	  0.2	  0.9	0.000	0.000	0.000
781	  D	  0.2	  0.9	0.199	0.000	0.000
782	  L	  1.5	  0.9	0.199	0.000	0.000
783	  I	  2.1	  0.0	0.199	0.000	0.000
784	  L	  1.9	  0.0	0.199	0.000	0.000
785	  N	  0.6	  0.2	2.925	0.000	0.000
786	  E	  0.1	  0.2	3.113	0.000	0.000
787	  Q	  0.4	  0.2	2.914	0.000	0.000
788	  R	  0.7	  0.2	2.914	0.000	0.000
789	  M	  0.7	  0.1	2.914	0.000	0.000
790	  K	  0.5	  0.2	2.914	0.000	0.000
791	  E	  0.2	  0.2	2.524	0.000	0.000
792	  S	  0.4	  0.2	2.175	0.703	0.703
793	  S	  1.5	  0.2	0.650	1.464	1.464
794	  F	  3.7	  0.1	0.224	22.192	22.192
795	  Y	  6.5	  0.1	0.000	23.690	23.690
796	  S	  6.0	  0.1	0.000	24.095	24.095
797	  L	  4.9	  0.1	0.000	27.666	27.666
798	  C	  2.2	  0.1	0.000	28.271	28.271
799	  L	  3.9	  0.0	0.000	28.028	28.028
800	  T	  3.8	  0.0	0.000	26.595	26.595
801	  M	  3.6	  0.0	0.000	25.807	25.807
802	  W	  5.4	  0.0	0.000	24.734	24.734
803	  Q	  4.4	  0.0	0.000	0.786	0.786
804	  I	  4.2	  0.0	0.000	0.000	0.000
805	  P	  0.1	  0.1	0.105	0.000	0.000
806	  Q	  0.3	  0.1	0.105	0.000	0.000
807	  E	  0.4	  0.1	0.105	0.000	0.000
808	  F	  2.6	  0.1	0.105	0.000	0.000
809	  V	  9.4	  0.0	0.105	0.000	0.000
810	  K	  9.8	  0.0	0.105	0.000	0.000
811	  L	  8.4	  0.0	0.105	0.000	0.000
812	  Q	  1.8	  0.0	0.105	0.000	0.000
813	  V	  2.9	  0.0	0.000	0.000	0.000
814	  S	  2.5	  0.1	2.814	0.000	0.000
815	  Q	  2.1	  0.1	2.814	0.000	0.000
816	  E	  0.4	  0.1	3.174	0.000	0.000
817	  E	  0.2	  0.1	3.384	3.010	3.010
818	  F	  1.9	  0.1	3.951	3.010	3.010
819	  L	  3.0	  0.0	4.211	3.010	3.010
820	  C	  5.3	  0.0	8.947	3.010	3.010
821	  M	  5.3	  0.0	8.942	3.010	3.010
822	  K	  5.0	  0.0	8.908	3.010	3.010
823	  V	  6.1	  0.0	8.462	70.186	70.186
824	  L	  5.0	  0.0	8.462	70.572	70.572
825	  L	  5.0	  0.0	8.289	70.634	70.634
826	  L	  2.1	  0.1	8.182	70.555	70.555
827	  L	  1.5	  0.1	6.849	70.124	70.124
828	  N	  2.8	  0.1	5.635	5.249	5.249
829	  T	  2.9	  0.1	0.116	2.515	2.515
830	  I	  2.7	  0.0	0.116	0.828	0.828
831	  P	  0.6	  0.0	0.377	0.720	0.720
832	  L	  0.1	  0.2	0.377	0.000	0.000
833	  E	  0.0	  0.2	0.377	0.000	0.000
834	  G	  0.1	  0.2	0.377	0.000	0.000
835	  L	  0.6	  0.3	0.377	0.000	0.000
836	  R	  0.9	  0.2	0.377	0.000	0.000
837	  S	  1.2	  0.2	0.247	0.000	0.000
838	  Q	  0.9	  0.2	0.247	0.000	0.000
839	  T	  3.0	  0.1	0.247	0.000	0.000
840	  Q	  9.6	  0.1	0.247	0.000	0.000
841	  F	 10.0	  0.2	0.247	0.000	0.000
842	  E	  7.7	  0.1	0.247	0.000	0.000
843	  E	  0.9	  0.1	0.247	0.000	0.000
844	  M	  0.9	  0.2	0.247	0.000	0.000
845	  R	  1.1	  0.2	0.247	0.000	0.000
846	  S	  1.1	  0.2	0.682	0.000	0.000
847	  S	  1.4	  0.2	2.170	0.000	0.000
848	  Y	  2.5	  0.1	2.804	0.000	0.000
849	  I	  2.5	  0.0	3.785	0.000	0.000
850	  R	  1.7	  0.1	4.516	0.000	0.000
851	  E	  0.4	  0.1	5.223	0.000	0.000
852	  L	  0.4	  0.1	5.223	0.000	0.000
853	  I	  1.9	  0.0	5.223	0.000	0.000
854	  K	  2.1	  0.0	5.223	0.000	0.000
855	  A	  1.9	  0.0	4.465	0.000	0.000
856	  I	  0.6	  0.1	4.465	0.000	0.000
857	  G	  0.3	  0.1	4.614	0.000	0.000
858	  L	  0.5	  0.1	1.958	0.000	0.000
859	  R	  0.6	  0.2	0.989	0.000	0.000
860	  Q	  0.6	  0.4	0.150	0.000	0.000
861	  K	  0.3	  0.4	0.150	0.000	0.000
862	  G	  0.1	  0.4	0.150	0.000	0.000
863	  V	  4.7	  0.3	0.000	0.000	0.000
864	  V	  6.0	  0.1	0.000	0.000	0.000
865	  S	  6.9	  0.7	0.000	0.000	0.000
866	  S	  2.5	  0.8	0.000	0.000	0.000
867	  S	  1.8	  0.9	0.000	0.000	0.000
868	  Q	  1.6	  0.8	0.000	0.000	0.000
869	  R	  2.7	  0.2	0.000	0.000	0.000
870	  F	  4.2	  0.1	0.000	0.000	0.000
871	  Y	  6.8	  0.0	0.000	0.000	0.000
872	  Q	  6.4	  0.0	0.000	0.000	0.000
873	  L	  4.8	  0.0	0.000	0.000	0.000
874	  T	  2.3	  0.1	0.120	0.000	0.000
875	  K	  1.6	  0.1	0.120	0.000	0.000
876	  L	  1.5	  0.2	0.120	0.000	0.000
877	  L	  0.8	  0.3	0.120	0.000	0.000
878	  D	  0.5	  0.3	0.120	0.000	0.000
879	  N	  0.2	  0.3	0.346	0.000	0.000
880	  L	  0.3	  0.2	0.226	0.000	0.000
881	  H	  0.5	  0.1	0.529	0.000	0.000
882	  D	  0.5	  0.1	1.394	0.000	0.000
883	  L	  0.9	  0.1	1.394	0.000	0.000
884	  V	  2.9	  0.1	1.394	0.000	0.000
885	  K	  2.9	  0.1	1.394	0.000	0.000
886	  Q	  2.9	  0.1	1.168	0.000	0.000
887	  L	  1.8	  0.1	1.024	2.745	2.745
888	  H	  2.2	  0.0	0.830	4.035	4.035
889	  L	  3.2	  0.0	0.291	7.416	7.416
890	  Y	  4.5	  0.0	0.174	7.984	7.984
891	  C	  5.6	  0.1	0.000	8.170	8.170
892	  L	  4.3	  0.2	0.000	9.051	9.051
893	  N	  5.1	  0.2	0.000	8.111	8.111
894	  T	  5.7	  0.2	0.000	8.111	8.111
895	  F	  5.9	  0.0	0.000	8.111	8.111
896	  I	  3.1	  0.0	0.000	7.649	7.649
897	  Q	  0.8	  0.1	0.000	0.000	0.000
898	  S	  0.4	  0.1	0.000	0.000	0.000
899	  R	  0.3	  0.1	0.000	0.000	0.000
900	  A	  0.4	  0.1	0.000	0.000	0.000
901	  L	  2.3	  0.0	0.000	0.000	0.000
902	  S	  6.0	  0.0	0.000	0.000	0.000
903	  V	 11.4	  0.0	0.000	0.000	0.000
904	  E	  9.7	  0.0	0.000	0.000	0.000
905	  F	  5.8	  0.4	0.000	0.000	0.000
906	  P	  0.1	  0.4	0.000	0.000	0.000
907	  E	  0.1	  0.4	0.000	0.000	0.000
908	  M	  0.7	  0.4	0.000	0.000	0.000
909	  M	  0.7	  0.0	0.000	0.000	0.000
910	  S	  0.7	  0.0	2.105	0.000	0.000
911	  E	  0.6	  0.0	2.280	0.000	0.000
912	  V	  4.8	  0.0	2.438	0.000	0.000
913	  I	  5.6	  0.0	2.438	0.000	0.000
914	  A	  5.3	  0.0	2.438	0.000	0.000
915	  A	  1.6	  0.0	2.438	0.000	0.000
916	  Q	  0.7	  0.0	2.169	0.000	0.000
917	  L	  0.7	  0.0	0.837	0.000	0.000
918	  P	  0.1	  0.0	0.365	0.000	0.000
919	  K	  0.6	  0.0	0.365	0.000	0.000
920	  I	  1.5	  0.0	0.365	0.503	0.503
921	  L	  1.5	  0.3	0.365	0.503	0.503
922	  A	  1.0	  0.3	0.365	0.503	0.503
923	  G	  0.1	  0.3	0.365	0.503	0.503
924	  M	  1.6	  0.3	0.142	0.503	0.503
925	  V	  2.2	  0.0	0.000	0.503	0.503
926	  K	  2.2	  0.0	0.000	0.000	0.000
927	  P	  0.7	  0.0	0.000	0.000	0.000
928	  L	  0.6	  0.0	0.000	0.000	0.000
929	  L	  1.1	  0.0	0.000	0.000	0.000
930	  F	  2.5	  0.0	0.000	0.000	0.000
931	  H	  2.4	  0.0	0.000	0.000	0.000
932	  K	  1.8	  0.0	0.000	0.000	0.000
933	  K	  0.4	  0.0	0.000	0.000	0.000
