res	aa	Beta	Turn	Helix	Aggregation	Conc-Stab_Aggregation
01	  M	  2.1	  0.0	0.000	0.000	0.000
02	  S	  2.4	  0.0	0.122	0.000	0.000
03	  I	  3.2	  0.0	0.122	0.000	0.000
04	  L	  2.9	  0.0	0.122	0.000	0.000
05	  K	  3.6	  0.0	0.122	0.000	0.000
06	  I	  3.8	  0.0	0.122	0.000	0.000
07	  H	  2.4	  0.1	0.122	0.000	0.000
08	  A	  1.4	  0.2	0.000	0.000	0.000
09	  R	  0.5	  0.2	0.000	0.000	0.000
10	  E	  0.8	  0.2	0.000	0.000	0.000
11	  I	  1.0	  0.1	0.000	0.000	0.000
12	  F	  1.8	  0.1	0.000	0.000	0.000
13	  D	  1.4	  0.6	0.000	0.000	0.000
14	  S	  1.2	  0.7	0.000	0.000	0.000
15	  R	  0.3	  0.7	0.000	0.000	0.000
16	  G	  0.2	  0.6	0.000	0.000	0.000
17	  N	  0.1	  0.3	0.000	0.000	0.000
18	  P	  0.0	  0.2	0.000	0.000	0.000
19	  T	  6.2	  0.2	0.000	0.000	0.000
20	  V	 24.6	  0.2	0.000	0.000	0.000
21	  E	 28.4	  0.0	0.000	0.000	0.000
22	  V	 24.8	  0.0	0.000	0.000	0.000
23	  D	  7.5	  0.0	0.302	0.000	0.000
24	  L	  2.3	  0.0	0.302	0.000	0.000
25	  F	  3.4	  0.1	0.302	0.000	0.000
26	  T	  4.5	  0.2	0.302	0.000	0.000
27	  S	  4.3	  0.5	0.302	0.000	0.000
28	  K	  1.4	  0.6	0.302	0.000	0.000
29	  G	  0.1	  0.5	0.086	0.000	0.000
30	  L	  0.2	  0.3	0.000	0.000	0.000
31	  F	  2.1	  0.1	0.000	0.000	0.000
32	  R	  2.1	  0.0	0.000	0.000	0.000
33	  A	  2.2	  0.0	0.000	0.000	0.000
34	  A	  0.4	  0.0	0.000	0.000	0.000
35	  V	  0.3	  0.6	0.000	0.000	0.000
36	  P	  0.1	  0.9	0.000	0.000	0.000
37	  S	  0.0	  1.4	0.000	0.000	0.000
38	  G	  0.0	  1.5	0.000	0.000	0.000
39	  A	  0.2	  1.1	0.000	0.000	0.000
40	  S	  0.2	  0.9	0.000	0.000	0.000
41	  T	  0.2	  0.6	0.000	0.000	0.000
42	  G	  0.2	  0.4	0.000	0.000	0.000
43	  I	  1.0	  0.2	0.000	0.000	0.000
44	  Y	  3.3	  0.2	0.000	0.000	0.000
45	  E	  3.3	  0.1	0.000	0.000	0.000
46	  A	  2.5	  0.1	0.000	0.000	0.000
47	  L	  0.8	  0.1	0.000	0.000	0.000
48	  E	  1.0	  0.0	0.000	0.000	0.000
49	  L	  1.0	  0.2	0.000	0.000	0.000
50	  R	  0.4	  0.4	0.000	0.000	0.000
51	  D	  0.2	  1.2	0.000	0.000	0.000
52	  N	  0.1	  1.2	15.360	0.000	0.000
53	  D	  0.0	  1.2	16.117	0.000	0.000
54	  K	  0.3	  1.1	16.117	0.000	0.000
55	  T	  1.0	  0.2	16.117	0.000	0.000
56	  R	  1.6	  0.2	16.117	0.000	0.000
57	  Y	  2.0	  0.2	16.117	0.000	0.000
58	  M	  1.3	  0.3	9.910	0.000	0.000
59	  G	  0.7	  0.7	7.485	0.000	0.000
60	  K	  0.1	  0.7	2.271	0.000	0.000
61	  G	  0.1	  0.5	0.819	0.000	0.000
62	  V	  1.0	  0.4	0.000	0.000	0.000
63	  S	  1.1	  0.1	0.000	0.000	0.000
64	  K	  1.3	  0.1	0.000	0.000	0.000
65	  A	  0.6	  0.1	0.000	0.000	0.000
66	  V	  3.3	  0.1	0.000	0.000	0.000
67	  E	  3.2	  0.0	0.000	0.000	0.000
68	  H	  9.1	  0.0	0.000	0.000	0.000
69	  I	  6.7	  0.0	0.000	0.000	0.000
70	  N	  6.6	  0.1	0.000	0.000	0.000
71	  K	  1.2	  0.1	0.000	0.000	0.000
72	  T	  7.2	  0.1	0.000	0.000	0.000
73	  I	  7.5	  0.1	0.000	0.000	0.000
74	  A	  6.7	  0.0	0.136	0.000	0.000
75	  P	  0.4	  0.0	0.136	0.000	0.000
76	  A	  0.3	  0.0	0.136	0.000	0.000
77	  L	  1.0	  0.0	0.136	0.000	0.000
78	  V	  2.0	  0.0	0.136	0.000	0.000
79	  S	  1.8	  0.1	0.136	0.000	0.000
80	  K	  1.1	  0.1	0.000	0.000	0.000
81	  K	  0.9	  0.1	0.000	0.000	0.000
82	  L	  3.7	  0.1	0.000	0.000	0.000
83	  N	  5.5	  0.0	0.000	0.000	0.000
84	  V	  5.5	  0.0	0.000	0.000	0.000
85	  T	  2.7	  0.1	10.355	0.000	0.000
86	  E	  0.8	  0.1	10.471	0.000	0.000
87	  Q	  0.2	  0.1	10.471	0.000	0.000
88	  E	  0.2	  0.1	10.471	0.000	0.000
89	  K	  1.3	  0.1	10.471	0.000	0.000
90	  I	  1.5	  0.0	10.471	0.000	0.000
91	  D	  1.4	  0.1	10.780	0.000	0.000
92	  K	  0.5	  0.1	8.268	0.000	0.000
93	  L	  1.1	  0.1	6.972	0.000	0.000
94	  M	  1.3	  0.0	4.802	0.000	0.000
95	  I	  4.0	  0.0	2.615	0.000	0.000
96	  E	  3.9	  0.2	2.615	0.000	0.000
97	  M	  3.8	  0.4	1.861	0.000	0.000
98	  D	  1.0	  0.5	0.456	0.000	0.000
99	  G	  0.1	  0.5	0.355	0.000	0.000
100	  T	  0.1	  0.6	0.530	0.000	0.000
101	  E	  0.2	  0.4	0.530	0.000	0.000
102	  N	  0.2	  1.5	0.530	0.000	0.000
103	  K	  0.7	  1.6	0.530	0.000	0.000
104	  S	  0.8	  1.4	0.530	0.000	0.000
105	  K	  1.0	  1.5	0.329	0.000	0.000
106	  F	  0.7	  1.0	0.000	0.088	0.088
107	  G	  0.4	  1.4	0.190	0.088	0.088
108	  A	  0.2	  1.3	0.190	0.310	0.310
109	  N	  0.2	  1.2	0.190	0.665	0.665
110	  A	  0.7	  0.5	0.190	14.085	14.085
111	  I	  1.9	  0.0	0.190	27.163	27.163
112	  L	  1.8	  0.0	0.190	28.333	28.333
113	  G	  1.3	  0.0	0.340	28.468	28.468
114	  V	  4.9	  0.0	0.150	30.221	30.221
115	  S	  4.9	  0.0	0.608	27.756	27.756
116	  L	  5.2	  0.0	0.608	27.114	27.114
117	  A	  0.7	  0.0	0.608	23.429	23.429
118	  V	  0.8	  0.0	0.608	20.540	20.540
119	  C	  1.5	  0.2	0.608	2.863	2.863
120	  K	  1.4	  0.5	0.458	0.000	0.000
121	  A	  1.2	  0.5	0.308	0.000	0.000
122	  G	  0.1	  0.5	0.308	0.000	0.000
123	  A	  0.3	  0.3	0.000	0.000	0.000
124	  V	  1.5	  0.1	0.000	0.000	0.000
125	  E	  1.5	  0.7	0.000	0.000	0.000
126	  K	  1.2	  0.7	0.000	0.000	0.000
127	  G	  0.0	  0.7	0.000	0.000	0.000
128	  V	  0.1	  0.7	0.000	0.000	0.000
129	  P	  0.0	  0.2	0.000	0.000	0.000
130	  L	  0.2	  0.2	0.000	0.000	0.000
131	  Y	  1.9	  0.2	0.000	0.000	0.000
132	  R	  4.3	  0.1	0.000	0.000	0.000
133	  H	  8.8	  0.1	0.000	0.000	0.000
134	  I	  7.3	  0.2	0.000	0.000	0.000
135	  A	  4.9	  0.2	0.000	0.000	0.000
136	  D	  0.2	  0.2	0.000	0.000	0.000
137	  L	  0.1	  0.3	0.000	0.000	0.000
138	  A	  0.1	  1.2	0.000	0.000	0.000
139	  G	  0.0	  1.2	0.000	0.000	0.000
140	  N	  0.1	  1.3	0.000	0.000	0.000
141	  S	  0.1	  1.1	0.000	0.000	0.000
142	  E	  0.6	  0.1	0.000	0.000	0.000
143	  V	 15.2	  0.0	0.000	0.000	0.000
144	  I	 15.4	  0.0	0.000	0.000	0.000
145	  L	 15.1	  0.0	0.000	0.000	0.000
146	  P	  0.4	  0.0	0.000	0.000	0.000
147	  V	  0.0	  0.0	0.000	0.000	0.000
148	  P	  0.0	  0.0	0.000	0.000	0.000
149	  A	  0.2	  0.0	0.000	3.335	3.335
150	  F	  5.5	  0.0	0.000	3.483	3.483
151	  N	  8.7	  0.0	0.000	3.483	3.483
152	  V	 14.1	  0.1	0.000	3.483	3.483
153	  I	 10.0	  0.8	0.000	3.483	3.483
154	  N	  6.7	  1.0	0.000	0.273	0.273
155	  G	  1.0	  1.4	0.000	0.000	0.000
156	  G	  0.0	  1.5	0.000	0.000	0.000
157	  S	  0.2	  0.7	0.000	0.000	0.000
158	  H	  0.3	  1.0	0.000	0.000	0.000
159	  A	  0.3	  1.2	0.000	0.000	0.000
160	  G	  0.1	  1.1	0.000	0.000	0.000
161	  N	  0.0	  1.2	0.209	0.000	0.000
162	  K	  0.4	  0.8	0.209	0.000	0.000
163	  L	  0.7	  0.1	0.209	0.000	0.000
164	  A	  1.0	  0.1	0.209	0.000	0.000
165	  M	  0.7	  0.1	0.209	0.000	0.000
166	  Q	  0.6	  0.1	0.209	0.000	0.000
167	  E	  0.5	  0.1	0.000	0.000	0.000
168	  F	  1.4	  0.1	0.000	0.141	0.141
169	  M	  4.5	  0.0	0.000	0.141	0.141
170	  I	  4.7	  0.0	0.000	0.141	0.141
171	  L	  3.8	  0.0	0.000	0.141	0.141
172	  P	  0.4	  0.1	0.129	0.141	0.141
173	  V	  0.1	  0.3	0.129	0.000	0.000
174	  G	  0.1	  0.3	0.129	0.000	0.000
175	  A	  0.2	  0.6	0.129	0.000	0.000
176	  A	  0.2	  0.5	0.129	0.000	0.000
177	  N	  2.3	  0.3	0.943	0.000	0.000
178	  F	  2.8	  0.4	0.943	0.000	0.000
179	  R	  2.7	  0.1	0.814	0.000	0.000
180	  E	  0.6	  0.1	0.814	0.000	0.000
181	  A	  0.3	  0.1	0.814	0.000	0.000
182	  M	  5.6	  0.0	0.814	0.000	0.000
183	  R	  6.2	  0.0	0.560	0.000	0.000
184	  I	  6.0	  0.2	0.227	0.000	0.000
185	  G	  0.8	  0.2	0.687	0.000	0.000
186	  A	  0.3	  0.2	0.460	0.000	0.000
187	  E	  2.1	  0.2	0.460	0.000	0.000
188	  V	  5.2	  0.0	0.460	0.000	0.000
189	  Y	  5.9	  0.1	0.460	0.000	0.000
190	  H	  4.3	  0.1	0.460	0.000	0.000
191	  N	  1.4	  0.1	0.579	0.000	0.000
192	  L	  0.7	  0.3	0.407	0.000	0.000
193	  K	  0.8	  0.2	0.407	0.000	0.000
194	  N	  3.9	  0.2	0.256	0.000	0.000
195	  V	  6.4	  0.2	0.120	0.000	0.000
196	  I	  6.8	  0.0	0.120	0.000	0.000
197	  K	  3.7	  0.1	0.120	0.000	0.000
198	  E	  1.2	  0.1	0.000	0.000	0.000
199	  K	  0.7	  0.3	0.000	0.000	0.000
200	  Y	  0.6	  0.6	0.000	0.000	0.000
201	  G	  0.4	  1.0	0.000	0.000	0.000
202	  K	  0.2	  1.0	0.000	0.000	0.000
203	  D	  0.1	  1.2	0.000	0.000	0.000
204	  A	  0.2	  0.8	0.000	0.000	0.000
205	  T	  0.8	  0.4	0.000	0.000	0.000
206	  N	  0.8	  0.7	0.000	0.000	0.000
207	  V	  0.8	  1.3	0.000	0.000	0.000
208	  G	  0.1	  1.4	0.000	0.000	0.000
209	  D	  0.1	  2.3	0.000	0.000	0.000
210	  E	  0.0	  2.2	0.000	0.000	0.000
211	  G	  0.0	  1.3	0.000	0.000	0.000
212	  G	  0.4	  1.1	0.000	0.000	0.000
213	  F	  0.6	  0.2	0.000	0.000	0.000
214	  A	  0.6	  0.6	0.000	0.000	0.000
215	  P	  0.2	  0.6	0.000	0.000	0.000
216	  N	  0.1	  0.6	0.174	0.000	0.000
217	  I	  0.9	  0.6	0.174	0.000	0.000
218	  L	  1.0	  0.2	0.174	0.000	0.000
219	  E	  0.9	  0.2	0.174	0.000	0.000
220	  N	  0.3	  0.6	1.891	0.000	0.000
221	  K	  0.2	  0.8	2.015	0.000	0.000
222	  E	  0.1	  0.6	1.841	0.000	0.000
223	  G	  0.0	  0.6	4.331	0.000	0.000
224	  L	  0.7	  0.2	4.495	0.372	0.372
225	  E	  0.7	  0.1	4.680	0.372	0.372
226	  L	  0.9	  0.0	4.817	0.372	0.372
227	  L	  0.4	  0.1	4.817	0.372	0.372
228	  K	  0.8	  0.1	4.645	0.372	0.372
229	  T	  1.0	  0.1	3.032	0.372	0.372
230	  A	  0.9	  0.2	3.032	0.372	0.372
231	  I	  0.6	  0.3	2.906	0.372	0.372
232	  G	  0.2	  0.4	2.906	0.000	0.000
233	  K	  0.2	  0.7	0.682	0.000	0.000
234	  A	  0.2	  0.5	0.000	0.000	0.000
235	  G	  0.2	  0.4	0.000	0.000	0.000
236	  Y	  1.8	  0.3	0.000	0.292	0.292
237	  T	  2.0	  0.1	0.000	0.292	0.292
238	  D	  1.9	  0.1	0.000	0.435	0.435
239	  K	  2.2	  0.1	0.000	0.435	0.435
240	  V	  9.4	  0.0	0.000	9.490	9.490
241	  V	 10.3	  0.0	0.000	9.490	9.490
242	  I	  8.6	  0.0	0.000	9.490	9.490
243	  G	  1.3	  0.2	0.000	9.055	9.055
244	  M	  2.8	  0.2	0.000	9.055	9.055
245	  D	  2.8	  0.2	0.310	0.000	0.000
246	  V	  4.0	  0.2	0.310	0.000	0.000
247	  A	  1.6	  0.1	0.310	0.000	0.000
248	  A	  1.4	  0.2	0.310	0.000	0.000
249	  S	  0.2	  0.2	0.509	0.000	0.000
250	  E	  0.6	  0.2	0.509	0.000	0.000
251	  F	  2.6	  0.1	0.359	0.000	0.000
252	  F	  4.5	  0.3	0.199	0.000	0.000
253	  R	  4.1	  0.6	0.199	0.000	0.000
254	  S	  2.1	  1.0	0.199	0.000	0.000
255	  G	  0.2	  1.0	0.000	0.000	0.000
256	  K	  0.7	  0.8	0.000	0.000	0.000
257	  Y	  1.9	  0.5	0.000	0.000	0.000
258	  D	  2.0	  0.8	0.000	0.000	0.000
259	  L	  2.5	  0.8	0.000	0.000	0.000
260	  D	  1.7	  0.7	0.000	0.000	0.000
261	  F	  3.2	  0.7	0.000	0.000	0.000
262	  K	  2.1	  0.0	0.000	0.000	0.000
263	  S	  1.7	  7.2	0.000	0.000	0.000
264	  P	  0.1	  7.2	0.000	0.000	0.000
265	  D	  0.0	  7.2	0.000	0.000	0.000
266	  D	  0.0	 11.9	0.000	0.000	0.000
267	  P	  0.0	  4.8	0.000	0.000	0.000
268	  S	  0.2	  4.8	0.000	0.000	0.000
269	  R	  1.0	  4.8	0.000	0.000	0.000
270	  Y	  2.6	  0.1	0.000	0.000	0.000
271	  I	  2.7	  0.0	0.000	0.000	0.000
272	  S	  1.9	  5.2	1.433	0.000	0.000
273	  P	  0.2	  5.2	1.433	0.000	0.000
274	  D	  0.0	  5.3	2.915	0.000	0.000
275	  Q	  0.1	  5.3	3.067	0.000	0.000
276	  L	  0.2	  0.4	3.067	0.135	0.135
277	  A	  0.2	  0.4	3.067	0.135	0.135
278	  D	  0.4	  0.3	3.545	0.135	0.135
279	  L	  0.5	  0.3	3.545	0.135	0.135
280	  Y	  1.5	  0.2	3.417	0.135	0.135
281	  K	  1.6	  0.1	2.729	0.135	0.135
282	  S	  2.3	  0.1	1.583	0.135	0.135
283	  F	  2.6	  0.1	1.061	0.135	0.135
284	  I	  2.4	  0.3	0.596	0.135	0.135
285	  K	  1.6	  0.3	0.596	0.000	0.000
286	  D	  0.4	  0.3	0.353	0.000	0.000
287	  Y	  0.2	  0.3	0.353	0.000	0.000
288	  P	  0.1	  0.0	0.000	0.000	0.000
289	  V	  4.7	  0.0	0.000	0.000	0.000
290	  V	  8.3	  0.0	0.000	0.000	0.000
291	  S	 10.0	  0.0	0.000	0.000	0.000
292	  I	  5.7	  0.0	0.000	0.000	0.000
293	  E	  2.1	  0.0	0.000	0.000	0.000
294	  D	  0.2	  0.3	0.000	0.000	0.000
295	  P	  0.0	  0.3	0.000	0.000	0.000
296	  F	  1.0	  0.4	0.000	0.000	0.000
297	  D	  1.1	  3.6	0.000	0.000	0.000
298	  Q	  1.1	  3.4	0.000	0.000	0.000
299	  D	  0.1	  3.6	0.550	0.000	0.000
300	  D	  0.1	  4.0	2.091	0.000	0.000
301	  W	  0.2	  0.8	2.091	0.000	0.000
302	  G	  0.1	  0.7	2.563	0.000	0.000
303	  A	  0.4	  0.5	2.563	0.000	0.000
304	  W	  1.3	  0.0	2.563	0.000	0.000
305	  Q	  2.0	  0.0	2.563	0.000	0.000
306	  K	  4.6	  0.0	2.563	0.000	0.000
307	  F	  9.1	  0.0	1.411	0.575	0.575
308	  T	 11.0	  0.2	0.391	0.575	0.575
309	  A	  8.3	  0.2	0.391	0.575	0.575
310	  S	  3.2	  0.6	0.391	0.575	0.575
311	  A	  0.3	  0.6	0.000	0.575	0.575
312	  G	  0.2	  0.4	0.000	0.575	0.575
313	  I	  1.0	  0.3	0.000	0.575	0.575
314	  Q	  1.7	  0.0	0.000	0.575	0.575
315	  V	  2.8	  0.0	0.000	0.575	0.575
316	  V	  1.9	  1.4	0.000	0.575	0.575
317	  G	  1.2	  1.6	0.000	0.000	0.000
318	  D	  0.1	  1.6	0.000	0.000	0.000
319	  D	  0.2	  1.6	0.000	0.000	0.000
320	  L	  3.6	  0.3	0.000	0.000	0.000
321	  T	 14.4	  0.1	0.000	0.000	0.000
322	  V	 16.9	  0.0	0.000	0.000	0.000
323	  T	 13.7	  0.0	0.000	0.000	0.000
324	  N	  2.9	  0.3	0.156	0.000	0.000
325	  P	  0.0	  0.4	0.156	0.000	0.000
326	  K	  1.0	  0.4	0.156	0.000	0.000
327	  R	  2.8	  0.4	0.156	0.000	0.000
328	  I	  3.3	  0.0	0.156	0.000	0.000
329	  A	  2.4	  0.0	0.156	0.000	0.000
330	  K	  0.9	  0.0	0.156	0.000	0.000
331	  A	  0.7	  0.0	0.000	0.000	0.000
332	  V	  0.8	  0.0	0.000	0.000	0.000
333	  N	  0.6	  0.1	0.457	0.000	0.000
334	  E	  0.5	  0.2	0.457	0.000	0.000
335	  K	  1.3	  0.3	0.457	0.000	0.000
336	  S	  9.6	  0.9	0.457	0.000	0.000
337	  C	 10.6	  0.8	0.457	0.000	0.000
338	  N	  9.6	  0.7	1.415	0.000	0.000
339	  C	  2.6	  0.7	1.325	0.000	0.000
340	  L	  2.0	  0.0	1.145	0.000	0.000
341	  L	  2.1	  0.0	1.145	0.000	0.000
342	  L	  2.8	  0.0	1.145	0.000	0.000
343	  K	  3.7	  0.0	1.145	0.000	0.000
344	  V	  5.3	  0.0	0.554	0.000	0.000
345	  N	  4.0	  0.0	0.554	0.000	0.000
346	  Q	  2.4	  0.0	0.105	0.000	0.000
347	  I	  0.7	  0.2	0.000	0.000	0.000
348	  G	  0.2	  0.2	0.000	0.000	0.000
349	  S	  3.9	  0.2	0.301	0.000	0.000
350	  V	  4.6	  0.2	0.301	0.000	0.000
351	  T	  4.8	  0.2	0.457	0.000	0.000
352	  E	  1.0	  0.2	0.457	0.000	0.000
353	  S	  0.9	  0.2	1.755	0.000	0.000
354	  L	  1.0	  0.2	1.755	0.000	0.000
355	  Q	  1.1	  0.0	1.909	0.000	0.000
356	  A	  0.6	  0.0	1.752	0.000	0.000
357	  C	  0.8	  0.1	1.752	0.000	0.000
358	  K	  1.0	  0.1	1.452	0.000	0.000
359	  L	  0.9	  0.1	1.144	0.000	0.000
360	  A	  0.4	  0.1	0.968	0.000	0.000
361	  Q	  0.2	  0.8	0.815	0.000	0.000
362	  A	  0.1	  1.6	0.238	0.000	0.000
363	  N	  0.1	  1.6	0.117	0.000	0.000
364	  G	  0.0	  1.7	0.000	0.321	0.321
365	  W	  0.1	  1.0	0.000	4.055	4.055
366	  G	  0.1	  0.2	0.000	4.055	4.055
367	  V	  7.5	  0.2	0.000	4.055	4.055
368	  M	  8.2	  0.0	0.000	4.055	4.055
369	  V	 10.5	  0.0	0.000	4.055	4.055
370	  S	  4.3	  0.0	0.000	0.161	0.161
371	  H	  3.9	  0.6	0.000	0.000	0.000
372	  R	  1.7	  0.8	0.000	0.000	0.000
373	  S	  0.7	  1.3	0.000	0.000	0.000
374	  G	  0.2	  1.4	0.000	0.000	0.000
375	  E	  0.1	  0.9	0.000	0.000	0.000
376	  T	  0.1	  0.9	0.000	0.000	0.000
377	  E	  0.1	  0.4	0.000	0.000	0.000
378	  D	  1.9	  0.3	0.000	0.000	0.000
379	  T	  4.4	  0.3	0.000	0.000	0.000
380	  F	  5.9	  0.0	0.000	0.000	0.000
381	  I	  4.2	  0.2	0.000	0.000	0.000
382	  A	  1.8	  0.2	0.000	0.000	0.000
383	  D	  0.3	  0.2	0.000	0.000	0.000
384	  L	  2.1	  0.2	0.000	9.984	9.984
385	  V	  3.2	  0.0	0.000	10.432	10.432
386	  V	  3.4	  0.0	0.000	10.432	10.432
387	  G	  1.5	  0.0	0.302	10.432	10.432
388	  L	  0.6	  0.0	0.302	10.432	10.432
389	  C	  0.6	  0.4	0.302	3.156	3.156
390	  T	  0.7	  0.3	0.302	1.342	1.342
391	  G	  0.5	  0.3	0.302	0.262	0.262
392	  Q	  2.0	  0.3	0.302	0.262	0.262
393	  I	  3.5	  0.1	0.000	0.262	0.262
394	  K	  3.5	  0.2	0.000	0.000	0.000
395	  T	  1.7	  0.2	0.000	0.000	0.000
396	  G	  0.1	  0.2	0.000	0.000	0.000
397	  A	  0.1	  0.1	0.000	0.000	0.000
398	  P	  0.0	  0.0	0.000	0.000	0.000
399	  C	  1.2	  0.2	0.515	0.000	0.000
400	  R	  1.3	  0.2	0.515	0.000	0.000
401	  S	  1.4	  0.3	2.312	0.000	0.000
402	  E	  0.3	  0.3	2.541	0.000	0.000
403	  R	  0.3	  0.2	2.541	0.000	0.000
404	  L	  0.2	  0.3	2.541	0.000	0.000
405	  A	  0.4	  0.2	2.541	0.000	0.000
406	  K	  1.1	  0.1	2.541	0.000	0.000
407	  Y	  2.5	  0.2	1.505	0.000	0.000
408	  N	  2.4	  0.1	0.471	0.000	0.000
409	  Q	  2.0	  0.1	0.272	0.000	0.000
410	  L	  0.7	  0.1	0.117	0.000	0.000
411	  L	  5.0	  0.0	0.117	0.000	0.000
412	  R	  7.6	  0.0	0.117	0.000	0.000
413	  I	  7.7	  0.0	0.117	0.000	0.000
414	  E	  3.5	  0.1	0.117	0.000	0.000
415	  E	  0.2	  0.1	0.000	0.000	0.000
416	  E	  0.0	  0.1	0.203	0.000	0.000
417	  L	  0.0	  0.4	0.203	0.000	0.000
418	  G	  0.1	  0.4	0.715	0.000	0.000
419	  S	  0.1	  0.4	0.715	0.000	0.000
420	  K	  0.4	  0.4	0.715	0.000	0.000
421	  A	  0.6	  0.1	0.715	0.000	0.000
422	  K	  1.0	  0.0	0.715	0.000	0.000
423	  F	  1.2	  0.5	0.513	0.000	0.000
424	  A	  1.0	  0.8	0.000	0.000	0.000
425	  G	  0.5	  1.1	0.000	0.000	0.000
426	  R	  0.4	  1.1	0.000	0.000	0.000
427	  N	  2.5	  0.6	0.000	0.000	0.000
428	  F	  3.9	  0.3	0.000	0.000	0.000
429	  R	  3.6	  0.0	0.000	0.000	0.000
430	  N	  1.5	  0.3	0.000	0.000	0.000
431	  P	  0.0	  0.3	0.000	0.000	0.000
432	  L	  0.1	  0.3	0.000	0.000	0.000
433	  A	  0.1	  0.3	0.000	0.000	0.000
434	  K	  0.1	  0.0	0.000	0.000	0.000
