res	aa	Beta	Turn	Helix	Aggregation	Conc-Stab_Aggregation
01	  M	  0.1	  0.0	0.000	0.000	0.000
02	  S	  0.4	  0.1	0.000	0.000	0.000
03	  R	  0.6	  0.2	0.000	0.000	0.000
04	  Q	  0.6	  0.2	0.000	0.000	0.000
05	  S	  0.5	  0.2	0.000	0.000	0.000
06	  S	 10.3	  0.3	0.000	0.000	0.000
07	  V	 14.1	  0.2	0.000	0.000	0.000
08	  S	 19.8	  0.2	0.000	0.000	0.000
09	  F	 11.8	  0.4	0.000	0.000	0.000
10	  R	  7.8	  0.4	0.000	0.000	0.000
11	  S	  1.9	  0.5	0.000	0.000	0.000
12	  G	  0.1	  0.8	0.000	0.000	0.000
13	  G	  0.0	  0.6	0.000	0.000	0.000
14	  S	  1.3	  1.0	0.000	0.000	0.000
15	  R	  2.9	  0.8	0.000	0.000	0.000
16	  S	 23.1	  0.7	0.000	0.000	0.000
17	  F	 22.5	  0.7	0.000	0.000	0.000
18	  S	 21.2	  0.2	0.000	0.000	0.000
19	  T	  3.3	  0.3	0.000	0.000	0.000
20	  A	  2.5	  0.2	0.000	0.000	0.000
21	  S	  2.7	  0.2	0.000	0.000	0.000
22	  A	  1.1	  0.2	0.000	0.000	0.000
23	  I	  1.7	  0.0	0.000	0.000	0.000
24	  T	  1.5	  0.4	0.000	0.000	0.000
25	  P	  0.8	  0.4	0.000	0.000	0.000
26	  S	 10.7	  0.5	0.000	0.000	0.000
27	  V	 11.4	  0.5	0.000	0.000	0.000
28	  S	 11.6	  0.2	0.000	0.000	0.000
29	  R	  1.2	  0.2	0.000	0.000	0.000
30	  T	  1.6	  0.1	0.000	0.000	0.000
31	  S	  8.3	  0.1	0.000	0.000	0.000
32	  F	 10.8	  0.1	0.000	0.000	0.000
33	  T	 10.4	  0.1	0.000	0.000	0.000
34	  S	 12.9	  0.2	0.000	0.000	0.000
35	  V	 11.0	  0.2	0.000	0.000	0.000
36	  S	 11.6	  1.8	0.000	0.000	0.000
37	  R	  2.4	  1.9	0.000	0.000	0.000
38	  S	  1.6	  2.1	0.000	0.000	0.000
39	  G	  0.1	  2.3	0.000	0.000	0.000
40	  G	  0.0	  0.7	0.000	0.000	0.000
41	  G	  0.0	  0.8	0.000	0.000	0.000
42	  G	  0.0	  0.6	0.000	0.000	0.000
43	  G	  0.0	  0.5	0.000	0.000	0.000
44	  G	  0.0	  0.4	0.000	0.000	0.000
45	  G	  0.0	  0.5	0.000	0.000	0.000
46	  F	  0.2	  0.7	0.000	0.000	0.000
47	  G	  0.2	  0.6	0.225	0.000	0.000
48	  R	  1.5	  0.6	0.225	0.000	0.000
49	  V	  6.1	  0.4	0.225	0.000	0.000
50	  S	  6.2	  0.0	0.225	0.000	0.000
51	  L	  5.0	  0.3	0.225	0.000	0.000
52	  A	  0.2	  0.4	0.225	0.000	0.000
53	  G	  0.1	  0.6	0.225	0.000	0.000
54	  A	  0.1	  0.6	0.000	0.000	0.000
55	  C	  0.3	  0.3	0.000	0.000	0.000
56	  G	  0.3	  0.2	0.000	0.000	0.000
57	  V	  0.3	  3.9	0.000	0.000	0.000
58	  G	  0.1	  3.9	0.000	0.000	0.000
59	  G	  0.1	  4.1	0.000	0.000	0.000
60	  Y	  0.2	  5.2	0.000	0.000	0.000
61	  G	  0.2	  1.4	0.000	0.000	0.000
62	  S	  1.7	  1.9	0.000	0.000	0.000
63	  R	  2.1	  1.8	0.000	0.000	0.000
64	  S	  2.4	  0.7	0.000	0.000	0.000
65	  L	  1.3	  0.6	0.000	0.000	0.000
66	  Y	  2.6	  0.1	0.000	0.000	0.000
67	  N	  2.2	  0.2	0.000	0.000	0.000
68	  L	  1.8	  0.5	0.000	0.000	0.000
69	  G	  0.0	  0.8	0.000	0.000	0.000
70	  G	  0.0	  0.8	0.000	0.000	0.000
71	  S	  0.7	  0.7	0.000	0.000	0.000
72	  K	  1.7	  0.4	0.000	0.000	0.000
73	  R	  3.8	  0.1	0.000	0.000	0.000
74	  I	  5.8	  0.1	0.000	0.000	0.000
75	  S	 10.4	  0.1	0.000	0.000	0.000
76	  I	  9.2	  0.1	0.000	0.000	0.000
77	  S	  8.7	  0.7	0.000	0.000	0.000
78	  T	  3.0	  0.9	0.000	0.000	0.000
79	  S	  2.0	  1.0	0.000	0.000	0.000
80	  G	  0.1	  1.4	0.000	0.000	0.000
81	  G	  0.1	  0.8	0.000	0.000	0.000
82	  S	  6.8	  0.7	0.162	0.000	0.000
83	  F	  7.6	  0.6	0.162	0.000	0.000
84	  R	  7.6	  0.2	0.162	0.000	0.000
85	  N	  1.0	  0.3	0.162	0.000	0.000
86	  R	  0.4	  0.5	0.162	0.000	0.000
87	  F	  0.6	  1.1	0.162	0.000	0.000
88	  G	  0.5	  1.6	0.000	0.000	0.000
89	  A	  0.2	  1.7	0.000	0.000	0.000
90	  G	  0.0	  1.9	0.000	0.000	0.000
91	  A	  0.0	  1.3	0.000	0.000	0.000
92	  G	  0.0	  1.2	0.000	0.000	0.000
93	  G	  0.0	  0.9	0.000	0.000	0.000
94	  G	  0.0	  0.7	0.000	0.000	0.000
95	  Y	  0.3	  0.6	0.000	0.000	0.000
96	  G	  0.3	  0.4	0.000	0.000	0.000
97	  F	  0.4	  0.8	0.000	0.000	0.000
98	  G	  0.1	  0.8	0.000	0.000	0.000
99	  G	  0.1	  1.1	0.000	0.000	0.000
100	  G	  0.0	  1.6	0.000	0.000	0.000
101	  A	  0.0	  1.9	0.000	0.000	0.000
102	  G	  0.0	  2.1	0.000	0.000	0.000
103	  S	  0.1	  1.9	0.000	0.000	0.000
104	  G	  0.1	  1.4	0.000	0.000	0.000
105	  F	  0.3	  0.6	0.000	0.000	0.000
106	  G	  0.3	  0.4	0.000	0.000	0.000
107	  F	  0.4	  0.9	0.000	0.000	0.000
108	  G	  0.1	  0.8	0.000	0.000	0.000
109	  G	  0.1	  1.1	0.000	0.000	0.000
110	  G	  0.0	  1.3	0.000	0.000	0.000
111	  A	  0.0	  1.0	0.000	0.000	0.000
112	  G	  0.0	  0.9	0.000	0.000	0.000
113	  G	  0.0	  0.6	0.000	0.000	0.000
114	  G	  0.0	  0.3	0.000	0.000	0.000
115	  F	  0.2	  0.3	0.000	0.000	0.000
116	  G	  0.2	  0.2	0.000	0.000	0.000
117	  L	  0.2	  0.4	0.000	0.000	0.000
118	  G	  0.0	  0.6	0.000	0.000	0.000
119	  G	  0.0	  0.6	0.000	0.000	0.000
120	  G	  0.0	  1.2	0.000	0.000	0.000
121	  A	  0.0	  1.0	0.000	0.000	0.000
122	  G	  0.1	  1.0	0.000	0.000	0.000
123	  F	  0.2	  1.2	0.000	0.000	0.000
124	  G	  0.1	  0.7	0.000	0.000	0.000
125	  G	  0.1	  0.7	0.000	0.000	0.000
126	  G	  0.0	  0.7	0.000	0.000	0.000
127	  F	  0.1	  0.3	0.000	0.000	0.000
128	  G	  0.1	  0.3	0.000	0.000	0.000
129	  G	  0.1	  2.5	0.000	0.000	0.000
130	  P	  0.0	  2.3	0.000	0.000	0.000
131	  G	  0.0	  2.3	0.000	0.000	0.000
132	  F	  0.0	  2.2	0.000	0.000	0.000
133	  P	  0.0	  0.0	0.000	0.000	0.000
134	  V	  0.0	  0.0	0.000	0.000	0.000
135	  C	  0.0	  0.0	0.000	0.000	0.000
136	  P	  0.0	  1.3	0.000	0.000	0.000
137	  P	  0.0	  1.5	0.000	0.000	0.000
138	  G	  0.0	  1.5	0.000	0.000	0.000
139	  G	  0.0	  1.5	0.000	0.000	0.000
140	  I	  0.1	  0.2	0.000	0.000	0.000
141	  Q	  0.4	  0.0	0.000	0.000	0.000
142	  E	  5.0	  0.0	0.000	0.000	0.000
143	  V	 22.7	  0.0	0.000	0.000	0.000
144	  T	 27.1	  0.0	0.000	0.000	0.000
145	  V	 24.2	  0.0	0.000	0.000	0.000
146	  N	  6.8	  0.3	0.000	0.000	0.000
147	  Q	  1.7	  0.3	0.000	0.000	0.000
148	  S	  0.5	  0.3	0.000	0.000	0.000
149	  L	  0.7	  0.3	0.000	0.000	0.000
150	  L	  0.7	  0.0	0.000	0.000	0.000
151	  T	  0.5	  0.2	0.384	0.000	0.000
152	  P	  0.2	  0.2	0.384	0.000	0.000
153	  L	  1.6	  0.2	0.384	0.000	0.000
154	  N	  1.8	  0.2	0.384	0.000	0.000
155	  L	  3.4	  0.0	0.384	0.000	0.000
156	  Q	  3.8	  0.0	0.384	0.000	0.000
157	  I	  3.9	  0.0	0.000	0.000	0.000
158	  D	  2.3	  1.9	0.165	0.000	0.000
159	  P	  0.3	  1.9	0.165	0.000	0.000
160	  S	  0.4	  1.9	0.295	0.000	0.000
161	  I	  0.9	  1.9	0.295	0.000	0.000
162	  Q	  1.5	  0.0	0.295	0.000	0.000
163	  R	  2.8	  0.0	0.295	0.000	0.000
164	  V	  3.0	  0.0	0.130	0.000	0.000
165	  R	  2.5	  0.0	0.130	0.000	0.000
166	  T	  0.8	  0.1	0.326	0.000	0.000
167	  E	  0.1	  0.1	0.326	0.000	0.000
168	  E	  0.1	  0.1	0.326	0.000	0.000
169	  R	  0.1	  0.2	0.326	0.000	0.000
170	  E	  0.1	  0.1	0.326	0.000	0.000
171	  Q	  1.9	  0.1	0.326	0.000	0.000
172	  I	  3.4	  0.1	0.146	0.000	0.000
173	  K	  3.6	  0.0	0.146	0.000	0.000
174	  T	  3.6	  0.2	0.000	0.000	0.000
175	  L	  2.2	  0.2	0.000	0.000	0.000
176	  N	  2.0	  0.2	0.000	0.000	0.000
177	  N	  0.3	  0.2	0.000	0.000	0.000
178	  K	  0.8	  0.1	0.000	0.000	0.000
179	  F	  1.6	  0.2	0.000	9.636	9.636
180	  A	  2.0	  0.2	0.000	9.636	9.636
181	  S	  2.4	  0.2	0.809	9.636	9.636
182	  F	  2.6	  0.2	0.809	9.636	9.636
183	  I	  2.3	  0.1	0.809	9.636	9.636
184	  D	  1.4	  0.1	2.331	0.000	0.000
185	  K	  2.0	  0.1	2.331	0.000	0.000
186	  V	  4.1	  0.0	2.331	0.000	0.000
187	  R	  4.6	  0.0	2.331	0.000	0.000
188	  F	  3.6	  0.0	2.044	0.000	0.000
189	  L	  1.3	  0.1	1.791	0.000	0.000
190	  E	  0.8	  0.1	1.653	0.000	0.000
191	  Q	  0.3	  0.2	1.468	0.000	0.000
192	  Q	  0.3	  0.2	0.832	0.000	0.000
193	  N	  0.4	  0.2	0.358	0.000	0.000
194	  K	  1.2	  0.1	0.169	0.000	0.000
195	  V	  3.9	  0.0	0.000	0.778	0.778
196	  L	  3.9	  0.1	0.000	0.778	0.778
197	  D	  3.2	  0.1	0.000	0.778	0.778
198	  T	  1.6	  0.1	0.000	0.778	0.778
199	  K	  3.6	  0.0	0.000	0.778	0.778
200	  W	  6.1	  0.0	0.000	1.270	1.270
201	  T	  5.9	  0.0	0.000	1.270	1.270
202	  L	  3.8	  0.0	0.000	1.270	1.270
203	  L	  1.0	  0.1	0.000	1.270	1.270
204	  Q	  0.3	  0.2	0.000	0.492	0.492
205	  E	  0.1	  0.3	0.000	0.000	0.000
206	  Q	  0.1	  0.4	0.000	0.000	0.000
207	  G	  0.0	  0.3	0.152	0.000	0.000
208	  T	  1.5	  0.2	0.152	0.000	0.000
209	  K	  2.3	  0.1	0.152	0.000	0.000
210	  T	  9.9	  0.1	0.152	0.000	0.000
211	  V	 10.8	  0.1	0.152	0.000	0.000
212	  R	 11.3	  0.2	0.152	0.000	0.000
213	  Q	  4.0	  0.2	0.000	0.000	0.000
214	  N	  2.5	  0.2	0.000	0.000	0.000
215	  L	  1.2	  0.1	0.000	0.000	0.000
216	  E	  1.0	  0.0	1.119	0.000	0.000
217	  P	  0.1	  0.0	3.371	0.000	0.000
218	  L	  0.1	  0.0	5.579	0.000	0.000
219	  F	  1.2	  0.1	7.015	0.000	0.000
220	  E	  1.3	  0.1	7.141	0.000	0.000
221	  Q	  1.7	  0.1	7.141	0.000	0.000
222	  Y	  2.0	  0.1	7.141	0.000	0.000
223	  I	  2.0	  0.1	7.141	0.000	0.000
224	  N	  1.5	  0.1	7.565	0.000	0.000
225	  N	  0.8	  0.1	7.853	0.000	0.000
226	  L	  0.8	  0.1	6.643	0.000	0.000
227	  R	  1.2	  0.1	5.454	0.000	0.000
228	  R	  1.3	  0.1	2.799	0.000	0.000
229	  Q	  1.8	  0.1	1.274	0.000	0.000
230	  L	  1.7	  0.1	0.520	0.000	0.000
231	  D	  1.1	  0.1	0.520	0.000	0.000
232	  S	  1.1	  0.1	0.337	0.000	0.000
233	  I	  3.9	  0.1	0.000	0.000	0.000
234	  V	  3.8	  0.1	0.000	0.000	0.000
235	  G	  3.2	  0.4	0.811	0.000	0.000
236	  E	  0.1	  0.5	1.071	0.000	0.000
237	  R	  0.1	  0.6	1.071	0.000	0.000
238	  G	  0.1	  0.5	1.345	0.000	0.000
239	  R	  2.2	  0.4	1.345	0.000	0.000
240	  L	  2.4	  0.4	1.345	0.000	0.000
241	  D	  2.4	  0.4	1.816	0.000	0.000
242	  S	  0.4	  0.4	3.208	0.000	0.000
243	  E	  0.3	  0.2	3.089	0.000	0.000
244	  L	  0.5	  0.3	3.089	0.000	0.000
245	  R	  0.6	  0.2	3.089	0.000	0.000
246	  N	  0.6	  0.1	6.745	0.000	0.000
247	  M	  0.6	  0.3	5.916	0.000	0.000
248	  Q	  0.6	  0.2	4.805	0.000	0.000
249	  D	  0.5	  0.2	5.156	0.000	0.000
250	  L	  0.5	  0.2	5.129	0.000	0.000
251	  V	  1.2	  0.4	5.656	0.000	0.000
252	  E	  1.1	  0.3	5.656	0.000	0.000
253	  D	  1.3	  0.3	6.856	0.000	0.000
254	  F	  0.9	  0.6	6.720	0.000	0.000
255	  K	  1.0	  0.2	6.341	0.000	0.000
256	  N	  0.7	  0.2	10.073	0.000	0.000
257	  K	  3.3	  0.2	8.599	0.000	0.000
258	  Y	  3.8	  0.2	7.572	0.000	0.000
259	  E	  3.7	  0.2	6.356	0.000	0.000
260	  D	  0.7	  0.2	8.732	0.000	0.000
261	  E	  3.4	  0.2	8.732	0.000	0.000
262	  I	  3.7	  0.0	8.628	0.000	0.000
263	  N	  3.8	  0.1	8.628	0.000	0.000
264	  K	  0.9	  0.1	7.534	0.000	0.000
265	  R	  0.8	  0.1	5.889	0.000	0.000
266	  T	  1.4	  0.1	0.276	0.000	0.000
267	  T	  1.2	  0.1	0.126	0.000	0.000
268	  A	  1.0	  0.2	0.126	0.000	0.000
269	  E	  0.4	  0.2	0.126	0.000	0.000
270	  N	  0.1	  0.2	0.738	0.000	0.000
271	  E	  0.2	  0.2	0.738	0.140	0.140
272	  F	  2.0	  0.0	0.878	0.140	0.140
273	  V	  6.4	  0.0	0.878	0.140	0.140
274	  M	  6.5	  0.0	0.878	0.140	0.140
275	  L	  4.9	  0.1	0.878	0.140	0.140
276	  K	  0.4	  0.4	0.878	0.140	0.140
277	  K	  0.3	  0.4	0.683	0.000	0.000
278	  D	  1.0	  1.1	0.259	0.000	0.000
279	  V	  1.5	  1.1	0.141	0.000	0.000
280	  D	  1.3	  0.7	1.038	0.000	0.000
281	  A	  0.7	  0.7	1.038	0.000	0.000
282	  A	  0.4	  0.0	1.038	0.000	0.000
283	  Y	  1.6	  0.1	1.038	0.000	0.000
284	  M	  1.6	  0.1	0.897	0.000	0.000
285	  N	  1.4	  0.1	5.374	0.000	0.000
286	  K	  7.1	  0.1	4.822	0.000	0.000
287	  V	 11.1	  0.0	4.600	0.000	0.000
288	  E	 11.1	  0.0	4.600	0.000	0.000
289	  L	  4.6	  0.0	4.600	0.000	0.000
290	  E	  0.7	  0.0	4.600	0.000	0.000
291	  A	  0.9	  0.0	3.713	0.000	0.000
292	  K	  2.1	  0.0	2.914	0.000	0.000
293	  V	  2.3	  0.0	0.353	0.000	0.000
294	  D	  2.0	  0.0	0.353	0.000	0.000
295	  A	  0.9	  0.0	0.128	0.000	0.000
296	  L	  0.7	  0.0	0.128	0.000	0.000
297	  M	  0.7	  0.0	0.000	0.000	0.000
298	  D	  0.4	  0.0	1.036	0.000	0.000
299	  E	  3.7	  0.1	1.036	0.000	0.000
300	  I	  8.1	  0.1	1.036	0.000	0.000
301	  N	  8.1	  0.0	1.522	0.000	0.000
302	  F	  5.5	  0.0	1.522	0.000	0.000
303	  M	  2.6	  0.0	1.522	0.000	0.000
304	  K	  2.8	  0.0	1.190	0.000	0.000
305	  M	  2.7	  0.0	0.929	0.000	0.000
306	  F	  2.6	  0.1	0.929	0.000	0.000
307	  F	  3.2	  0.1	0.491	0.000	0.000
308	  D	  2.5	  0.1	0.667	0.000	0.000
309	  A	  1.0	  0.1	0.667	0.000	0.000
310	  E	  0.5	  0.1	0.667	0.000	0.000
311	  L	  0.7	  0.1	0.667	0.000	0.000
312	  S	  0.8	  0.1	0.667	0.000	0.000
313	  Q	  1.6	  0.0	0.667	0.000	0.000
314	  M	  1.5	  0.1	0.340	0.000	0.000
315	  Q	  1.5	  0.1	0.172	0.000	0.000
316	  T	  2.1	  0.1	0.000	0.000	0.000
317	  H	  3.7	  0.1	0.000	0.000	0.000
318	  V	  3.7	  0.1	0.000	0.000	0.000
319	  S	  1.9	  0.2	0.000	0.000	0.000
320	  D	  0.4	  0.3	0.000	0.000	0.000
321	  T	  1.0	  0.3	0.000	1.234	1.234
322	  S	  1.8	  0.2	0.000	1.234	1.234
323	  V	  9.2	  0.1	0.000	3.580	3.580
324	  V	 11.2	  0.0	0.000	3.580	3.580
325	  L	 12.1	  0.0	0.000	3.580	3.580
326	  S	  7.2	  1.1	0.000	2.346	2.346
327	  M	  4.4	  1.2	0.000	2.346	2.346
328	  D	  2.6	  1.9	0.000	0.000	0.000
329	  N	  0.1	  2.0	0.000	0.000	0.000
330	  N	  0.0	  1.6	0.000	0.000	0.000
331	  R	  0.1	  1.5	0.000	0.000	0.000
332	  N	  0.4	  1.2	0.000	0.000	0.000
333	  L	  1.4	  1.2	0.000	0.000	0.000
334	  D	  1.4	  1.8	2.002	0.000	0.000
335	  L	  1.4	  1.8	2.002	0.000	0.000
336	  D	  0.6	  1.4	2.873	0.000	0.000
337	  S	  1.0	  1.4	3.230	0.000	0.000
338	  I	  3.3	  0.1	3.230	0.000	0.000
339	  I	  3.5	  0.0	3.342	0.000	0.000
340	  A	  3.1	  0.0	3.435	0.000	0.000
341	  E	 13.0	  0.0	3.338	0.000	0.000
342	  V	 14.3	  0.0	2.859	0.000	0.000
343	  K	 14.3	  0.0	2.974	0.000	0.000
344	  A	  2.3	  0.0	2.206	0.000	0.000
345	  Q	  6.1	  0.0	2.486	0.000	0.000
346	  Y	  6.6	  0.1	2.403	0.000	0.000
347	  E	  6.4	  0.1	2.782	0.000	0.000
348	  E	  1.4	  0.1	3.001	0.000	0.000
349	  I	  0.8	  0.2	3.001	0.000	0.000
350	  A	  0.8	  0.2	3.001	0.000	0.000
351	  N	  0.2	  1.0	3.001	0.000	0.000
352	  R	  0.3	  1.0	2.709	0.000	0.000
353	  S	  0.6	  0.9	1.529	0.000	0.000
354	  R	  0.6	  0.9	0.227	0.000	0.000
355	  T	  0.4	  0.2	0.609	0.000	0.000
356	  E	  0.2	  0.1	0.609	0.000	0.000
357	  A	  0.1	  0.2	0.609	0.000	0.000
358	  E	  0.2	  0.2	0.609	0.000	0.000
359	  S	  1.0	  0.1	0.609	0.000	0.000
360	  W	  2.2	  0.1	0.382	0.000	0.000
361	  Y	  2.6	  0.1	0.141	0.000	0.000
362	  Q	  1.9	  0.1	0.000	0.000	0.000
363	  T	  2.1	  0.1	0.536	0.000	0.000
364	  K	  5.2	  0.1	0.699	0.000	0.000
365	  Y	  5.6	  0.2	0.699	0.000	0.000
366	  E	  4.3	  0.2	0.699	0.000	0.000
367	  E	  1.0	  0.2	0.699	0.000	0.000
368	  L	  0.5	  0.2	0.699	0.000	0.000
369	  Q	  0.6	  0.1	0.699	0.000	0.000
370	  Q	  0.3	  0.1	0.556	0.000	0.000
371	  T	  0.3	  0.6	0.000	0.000	0.000
372	  A	  0.2	  0.8	0.000	0.000	0.000
373	  G	  0.1	  1.0	0.000	0.000	0.000
374	  R	  0.2	  1.1	0.000	0.000	0.000
375	  H	  0.2	  2.5	0.000	0.000	0.000
376	  G	  0.2	  2.5	0.000	0.000	0.000
377	  D	  0.0	  2.4	0.000	0.000	0.000
378	  D	  0.4	  2.2	0.136	0.000	0.000
379	  L	  0.6	  0.4	0.136	0.000	0.000
380	  R	  0.7	  0.2	0.136	0.000	0.000
381	  N	  0.9	  0.2	0.136	0.000	0.000
382	  T	  1.3	  0.2	0.136	0.000	0.000
383	  K	  1.5	  0.1	0.136	0.000	0.000
384	  H	  2.0	  0.1	0.000	0.000	0.000
385	  E	  2.5	  0.1	0.000	0.000	0.000
386	  I	  2.3	  0.0	0.000	0.000	0.000
387	  S	  1.4	  0.0	14.110	0.000	0.000
388	  E	  1.1	  0.1	14.320	0.000	0.000
389	  M	  0.9	  0.1	14.320	0.000	0.000
390	  N	  0.9	  0.1	16.081	0.000	0.000
391	  R	  0.7	  0.1	16.081	0.000	0.000
392	  M	  0.7	  0.0	16.081	0.000	0.000
393	  I	  1.1	  0.0	14.076	0.000	0.000
394	  Q	  0.8	  0.0	14.076	0.000	0.000
395	  R	  1.2	  0.0	13.208	0.000	0.000
396	  L	  1.1	  0.0	10.833	0.000	0.000
397	  R	  0.9	  0.0	9.679	0.000	0.000
398	  A	  0.6	  0.0	8.434	0.000	0.000
399	  E	  3.0	  0.0	7.596	0.000	0.000
400	  I	  3.0	  0.1	6.467	0.000	0.000
401	  D	  2.9	  0.1	7.285	0.000	0.000
402	  N	  2.4	  0.1	6.993	0.000	0.000
403	  V	  2.9	  0.1	5.861	0.000	0.000
404	  K	  2.9	  0.1	5.688	0.000	0.000
405	  K	  0.9	  0.1	3.981	0.000	0.000
406	  Q	  0.4	  0.1	2.971	0.000	0.000
407	  C	  0.6	  0.7	1.251	0.000	0.000
408	  A	  0.5	  0.6	0.850	0.000	0.000
409	  N	  0.6	  0.6	0.850	0.000	0.000
410	  L	  0.5	  0.8	0.211	0.000	0.000
411	  Q	  0.5	  0.2	0.000	0.000	0.000
412	  N	  0.4	  0.2	0.311	0.000	0.000
413	  A	  0.4	  0.2	0.311	0.000	0.000
414	  I	  0.5	  0.2	0.311	0.000	0.000
415	  A	  0.4	  0.2	0.311	0.000	0.000
416	  D	  0.2	  0.4	0.311	0.000	0.000
417	  A	  0.1	  0.5	0.311	0.000	0.000
418	  E	  0.1	  0.4	0.311	0.000	0.000
419	  Q	  0.1	  0.5	0.182	0.000	0.000
420	  R	  0.1	  0.3	0.000	0.000	0.000
421	  G	  0.1	  0.3	0.742	0.000	0.000
422	  E	  0.1	  0.2	0.742	0.000	0.000
423	  L	  0.4	  0.1	0.742	0.000	0.000
424	  A	  0.6	  0.1	0.844	0.000	0.000
425	  L	  0.7	  0.2	0.844	0.000	0.000
426	  K	  0.4	  0.2	0.844	0.000	0.000
427	  D	  0.2	  0.4	3.356	0.000	0.000
428	  A	  0.1	  0.5	3.215	0.000	0.000
429	  R	  0.1	  0.3	3.289	0.000	0.000
430	  N	  0.1	  0.4	15.022	0.000	0.000
431	  K	  0.2	  0.2	18.128	0.000	0.000
432	  L	  0.2	  0.1	19.534	0.000	0.000
433	  A	  0.3	  0.1	21.435	0.000	0.000
434	  E	  0.1	  0.0	26.154	0.000	0.000
435	  L	  0.1	  0.1	30.156	0.000	0.000
436	  E	  0.1	  0.1	34.769	0.000	0.000
437	  E	  0.0	  0.0	37.870	0.000	0.000
438	  A	  0.1	  0.0	38.169	0.000	0.000
439	  L	  0.2	  0.0	38.616	0.000	0.000
440	  Q	  0.3	  0.0	38.691	0.000	0.000
441	  K	  0.3	  0.0	37.877	0.000	0.000
442	  A	  0.2	  0.1	35.608	0.000	0.000
443	  K	  0.2	  0.2	34.415	0.000	0.000
444	  Q	  0.1	  0.2	32.792	0.000	0.000
445	  D	  0.1	  0.2	49.228	0.000	0.000
446	  M	  0.1	  0.1	49.023	0.000	0.000
447	  A	  0.1	  0.0	48.678	0.000	0.000
448	  R	  0.3	  0.0	48.581	0.000	0.000
449	  L	  0.4	  0.0	48.239	0.000	0.000
450	  L	  0.3	  0.1	46.902	0.000	0.000
451	  R	  0.2	  0.0	45.563	0.000	0.000
452	  E	  0.8	  0.0	42.268	0.000	0.000
453	  Y	  1.3	  0.1	39.507	0.000	0.000
454	  Q	  1.3	  0.1	35.704	0.000	0.000
455	  E	  0.6	  0.1	32.925	0.000	0.000
456	  L	  0.4	  0.1	31.601	0.000	0.000
457	  M	  0.5	  0.1	30.438	0.000	0.000
458	  N	  0.8	  0.1	28.995	0.000	0.000
459	  T	  1.0	  0.1	12.640	0.000	0.000
460	  K	  1.0	  0.0	12.403	0.000	0.000
461	  L	  0.9	  0.0	5.607	0.000	0.000
462	  A	  0.5	  0.0	3.767	0.000	0.000
463	  L	  2.1	  0.0	3.255	0.000	0.000
464	  D	  4.0	  0.0	2.903	0.000	0.000
465	  V	  9.9	  0.0	2.220	0.000	0.000
466	  E	  8.8	  0.0	2.596	0.000	0.000
467	  I	  7.6	  0.1	2.205	0.000	0.000
468	  A	  2.3	  0.1	2.205	0.000	0.000
469	  T	 12.9	  0.1	2.534	0.000	0.000
470	  Y	 13.2	  0.2	2.534	0.000	0.000
471	  R	 12.8	  0.1	1.743	0.000	0.000
472	  K	  1.9	  0.1	1.184	0.000	0.000
473	  L	  0.6	  0.1	0.843	0.000	0.000
474	  L	  0.3	  0.4	0.843	0.000	0.000
475	  E	  0.1	  0.5	0.843	0.000	0.000
476	  G	  0.0	  0.6	2.836	0.000	0.000
477	  E	  0.0	  0.6	2.163	0.000	0.000
478	  E	  0.4	  0.3	2.163	0.000	0.000
479	  C	  1.5	  0.2	2.163	0.000	0.000
480	  R	  1.9	  0.2	2.163	0.000	0.000
481	  L	  1.8	  0.4	2.163	0.000	0.000
482	  S	  0.7	  0.9	1.450	0.000	0.000
483	  G	  0.2	  1.3	0.537	0.000	0.000
484	  E	  0.1	  1.2	0.176	0.000	0.000
485	  G	  0.0	  1.0	0.000	0.000	0.000
486	  V	  0.0	  0.5	0.000	0.000	0.000
487	  G	  0.0	  0.1	0.000	0.000	0.000
488	  P	  0.0	  0.0	0.000	0.000	0.000
489	  V	  6.6	  0.0	0.000	8.410	8.410
490	  N	  7.7	  0.0	0.000	9.023	9.023
491	  I	 11.9	  0.0	0.000	16.797	16.797
492	  S	  6.3	  0.0	0.096	16.797	16.797
493	  V	  7.4	  0.0	0.096	17.577	17.577
494	  V	  5.7	  0.0	0.096	17.192	17.192
495	  T	  5.9	  0.1	0.096	12.286	12.286
496	  S	  3.7	  0.1	0.096	3.510	3.510
497	  S	 11.6	  0.2	0.096	2.452	2.452
498	  V	 11.6	  0.4	0.000	2.452	2.452
499	  S	 11.5	  0.6	0.000	0.131	0.131
500	  S	  1.4	  0.6	0.000	0.000	0.000
501	  G	  0.1	  0.6	0.000	0.000	0.000
502	  Y	  0.2	  2.8	0.000	0.000	0.000
503	  G	  0.2	  2.9	0.000	0.000	0.000
504	  S	  0.4	  4.7	0.000	0.000	0.000
505	  G	  0.3	  4.7	0.000	0.000	0.000
506	  S	  0.3	  2.5	0.000	0.000	0.000
507	  G	  0.1	  2.0	0.000	0.000	0.000
508	  Y	  0.2	  0.8	0.000	0.000	0.000
509	  G	  0.1	  0.7	0.000	0.000	0.000
510	  G	  0.1	  0.7	0.000	0.000	0.000
511	  G	  0.0	  0.7	0.000	0.000	0.000
512	  L	  0.0	  0.4	0.000	0.000	0.000
513	  G	  0.0	  0.4	0.000	0.000	0.000
514	  G	  0.0	  0.4	0.000	0.000	0.000
515	  G	  0.0	  0.4	0.000	0.000	0.000
516	  L	  0.0	  0.4	0.000	0.000	0.000
517	  G	  0.0	  0.4	0.000	0.000	0.000
518	  G	  0.0	  0.4	0.000	0.000	0.000
519	  G	  0.0	  0.4	0.000	0.000	0.000
520	  L	  0.0	  0.4	0.000	0.000	0.000
521	  G	  0.0	  0.4	0.000	0.000	0.000
522	  G	  0.0	  0.4	0.000	0.000	0.000
523	  G	  0.1	  0.4	0.000	0.000	0.000
524	  L	  0.1	  0.4	0.000	0.000	0.000
525	  A	  0.1	  0.5	0.000	0.000	0.000
526	  G	  0.0	  0.9	0.000	0.000	0.000
527	  G	  0.0	  1.4	0.000	0.000	0.000
528	  S	  0.1	  1.7	0.000	0.000	0.000
529	  S	  0.3	  2.9	0.000	0.000	0.000
530	  G	  0.4	  2.4	0.000	0.000	0.000
531	  S	  1.4	  1.9	0.000	0.000	0.000
532	  Y	  3.4	  1.4	0.000	0.000	0.000
533	  Y	  4.9	  0.1	0.000	0.000	0.000
534	  S	  4.7	  0.9	0.000	0.000	0.000
535	  S	  3.3	  3.4	0.000	0.000	0.000
536	  S	  1.9	  3.6	0.000	0.000	0.000
537	  S	  1.0	  4.1	0.000	0.000	0.000
538	  G	  0.1	  3.4	0.000	0.000	0.000
539	  G	  0.0	  0.9	0.000	0.000	0.000
540	  V	  0.3	  0.7	0.000	0.000	0.000
541	  G	  0.3	  0.1	0.000	0.000	0.000
542	  L	  0.3	  0.3	0.000	0.000	0.000
543	  G	  0.0	  0.5	0.000	0.000	0.000
544	  G	  0.0	  0.4	0.000	0.000	0.000
545	  G	  0.0	  0.4	0.000	0.000	0.000
546	  L	  2.0	  0.2	0.000	0.000	0.000
547	  S	  2.4	  0.2	0.000	0.000	0.000
548	  V	  2.4	  0.6	0.000	0.000	0.000
549	  G	  0.4	  1.3	0.000	0.000	0.000
550	  G	  0.1	  1.6	0.000	0.000	0.000
551	  S	  0.0	  1.5	0.000	0.000	0.000
552	  G	  0.1	  1.0	0.000	0.000	0.000
553	  F	  4.3	  0.3	0.000	0.000	0.000
554	  S	  7.3	  1.0	0.000	0.000	0.000
555	  A	  7.4	  1.4	0.000	0.000	0.000
556	  S	  3.7	  1.8	0.000	0.000	0.000
557	  S	  0.3	  2.5	0.000	0.000	0.000
558	  G	  0.1	  1.7	0.000	0.000	0.000
559	  R	  0.2	  1.3	0.000	0.000	0.000
560	  G	  0.1	  0.9	0.000	0.000	0.000
561	  L	  0.1	  0.2	0.000	0.142	0.142
562	  G	  0.1	  0.2	0.000	0.142	0.142
563	  V	  0.2	  0.2	0.000	0.142	0.142
564	  G	  0.2	  0.5	0.000	0.142	0.142
565	  F	  0.3	  2.8	0.000	0.142	0.142
566	  G	  0.2	  2.8	0.000	0.000	0.000
567	  S	  0.2	  3.2	0.000	0.000	0.000
568	  G	  0.0	  3.0	0.000	0.000	0.000
569	  G	  0.0	  1.1	0.000	0.000	0.000
570	  G	  0.0	  1.1	0.000	0.000	0.000
571	  S	  0.9	  1.5	0.000	0.000	0.000
572	  S	  1.8	  2.1	0.000	0.000	0.000
573	  S	  2.0	  1.6	0.000	0.000	0.000
574	  S	  2.7	  1.4	0.000	0.000	0.000
575	  V	  4.9	  0.7	0.000	0.000	0.000
576	  K	  5.3	  0.0	0.000	0.000	0.000
577	  F	  5.2	  0.0	0.000	0.145	0.145
578	  V	  3.0	  0.0	0.000	0.145	0.145
579	  S	  3.1	  0.1	0.000	0.145	0.145
580	  T	  4.5	  0.1	0.000	0.145	0.145
581	  T	  5.0	  0.2	0.000	0.145	0.145
582	  S	  5.2	  1.0	0.000	0.000	0.000
583	  S	  2.7	  1.0	0.000	0.000	0.000
584	  S	  1.4	  1.1	0.000	0.000	0.000
585	  R	  0.6	  1.1	0.000	0.000	0.000
586	  K	  0.7	  0.3	0.000	0.000	0.000
587	  S	  2.2	  0.2	0.000	0.000	0.000
588	  F	  3.1	  0.1	0.000	0.000	0.000
589	  K	  2.6	  0.0	0.000	0.000	0.000
590	  S	  1.0	  0.0	0.000	0.000	0.000
