res	aa	Beta	Turn	Helix	Aggregation	Conc-Stab_Aggregation
01	  E	  0.2	  0.0	0.000	0.000	0.000
02	  L	  0.5	  0.0	0.000	0.000	0.000
03	  C	  0.6	  0.5	0.000	0.000	0.000
04	  D	  0.4	  0.5	0.000	0.000	0.000
05	  D	  0.1	  0.5	0.000	0.000	0.000
06	  D	  0.0	  0.5	0.000	0.000	0.000
07	  P	  0.0	  0.2	0.000	0.000	0.000
08	  P	  0.0	  0.2	0.000	0.000	0.000
09	  E	  0.1	  0.2	0.000	0.000	0.000
10	  I	  0.1	  0.2	0.000	0.000	0.000
11	  P	  0.1	  0.0	0.000	0.000	0.000
12	  H	  0.2	  0.2	0.000	0.000	0.000
13	  A	  1.0	  0.2	0.000	0.000	0.000
14	  T	 15.3	  0.2	0.494	0.000	0.000
15	  F	 16.1	  0.3	0.494	0.000	0.000
16	  K	 15.4	  0.1	0.494	0.000	0.000
17	  A	  1.5	  0.1	0.494	0.000	0.000
18	  M	  0.4	  0.1	0.494	0.000	0.000
19	  A	  0.6	  0.0	0.494	0.000	0.000
20	  Y	  1.3	  0.2	0.494	0.000	0.000
21	  K	  1.0	  0.4	0.245	0.000	0.000
22	  E	  0.8	  0.7	0.000	0.000	0.000
23	  G	  0.0	  0.7	0.000	0.000	0.000
24	  T	  0.9	  0.6	0.000	0.000	0.000
25	  M	  1.4	  0.5	0.000	0.000	0.000
26	  L	  4.8	  0.1	0.000	0.000	0.000
27	  N	  5.9	  0.1	2.147	0.000	0.000
28	  C	  7.7	  0.2	2.734	0.000	0.000
29	  E	  5.5	  0.1	2.924	0.000	0.000
30	  C	  3.7	  0.4	2.924	0.000	0.000
31	  K	  1.6	  0.5	2.924	0.000	0.000
32	  R	  0.6	  0.4	2.924	0.000	0.000
33	  G	  0.3	  0.4	2.590	0.000	0.000
34	  F	  2.1	  0.2	1.602	0.000	0.000
35	  R	  3.7	  0.1	0.173	0.000	0.000
36	  R	  6.2	  0.1	0.000	0.000	0.000
37	  I	  5.7	  0.2	0.000	0.000	0.000
38	  K	  4.0	  0.4	0.000	0.000	0.000
39	  S	  1.7	  1.3	0.000	0.000	0.000
40	  G	  0.4	  1.3	0.000	0.000	0.000
41	  S	  0.6	  1.1	0.000	0.968	0.968
42	  L	  1.1	  0.9	0.000	3.126	3.126
43	  Y	  2.0	  0.1	0.000	3.272	3.272
44	  M	  3.2	  0.0	0.000	3.272	3.272
45	  L	  2.6	  0.0	0.000	3.272	3.272
46	  C	  2.1	  0.1	0.000	2.472	2.472
47	  T	  0.6	  1.6	0.000	0.946	0.946
48	  G	  0.4	  1.6	0.000	0.000	0.000
49	  N	  0.1	  2.7	0.000	0.000	0.000
50	  S	  0.3	  2.7	0.000	0.000	0.000
51	  S	  1.6	  1.4	0.000	0.000	0.000
52	  H	  1.6	  1.6	0.000	0.000	0.000
53	  S	  1.7	  0.5	0.000	0.000	0.000
54	  S	  5.7	  1.0	0.000	0.000	0.000
55	  W	  5.8	  1.0	0.000	0.000	0.000
56	  D	  5.6	  0.8	0.000	0.000	0.000
57	  N	  0.4	  0.9	0.000	0.000	0.000
58	  Q	  1.0	  0.2	0.000	0.000	0.000
59	  C	  2.2	  0.2	0.000	0.000	0.000
60	  Q	  2.8	  0.1	0.000	0.000	0.000
61	  C	  3.5	  0.1	0.000	0.000	0.000
62	  T	  3.6	  0.2	0.000	0.000	0.000
63	  S	  2.9	  0.2	0.641	0.000	0.000
64	  S	  2.3	  0.4	0.641	0.000	0.000
65	  A	  1.1	  0.3	0.641	0.000	0.000
66	  T	  1.3	  0.3	0.641	0.000	0.000
67	  R	  0.6	  0.3	0.641	0.000	0.000
68	  N	  0.8	  0.2	0.641	0.000	0.000
69	  T	  3.3	  0.2	0.000	0.000	0.000
70	  T	  4.6	  0.1	0.000	0.000	0.000
71	  K	  4.4	  0.1	0.000	0.000	0.000
72	  Q	  2.8	  0.1	0.000	0.000	0.000
73	  V	  2.0	  0.1	0.000	0.000	0.000
74	  T	  1.8	  0.0	0.000	0.000	0.000
75	  P	  0.6	  0.0	0.000	0.000	0.000
76	  Q	  0.1	  0.1	0.000	0.000	0.000
77	  P	  0.0	  0.2	0.292	0.000	0.000
78	  E	  0.0	  0.2	1.112	0.000	0.000
79	  E	  0.3	  0.3	1.497	0.000	0.000
80	  Q	  0.8	  0.2	1.497	0.000	0.000
81	  K	  1.0	  0.2	1.497	0.000	0.000
82	  E	  1.5	  0.1	1.497	0.000	0.000
83	  R	  1.3	  0.2	1.497	0.000	0.000
84	  K	  2.0	  0.1	1.314	0.000	0.000
85	  T	  1.5	  0.1	0.000	0.000	0.000
86	  T	  1.4	  0.1	0.000	0.000	0.000
87	  E	  0.8	  0.0	0.000	0.000	0.000
88	  M	  1.1	  0.0	0.000	0.000	0.000
89	  Q	  1.0	  0.0	0.000	0.000	0.000
90	  S	  0.6	  0.1	0.000	0.000	0.000
91	  P	  0.0	  0.1	0.000	0.000	0.000
92	  M	  0.1	  0.1	0.000	0.000	0.000
93	  Q	  0.1	  0.1	0.000	0.000	0.000
94	  P	  0.1	  0.0	0.000	0.000	0.000
95	  V	  1.3	  0.0	0.000	0.000	0.000
96	  D	  1.3	  0.1	0.000	0.000	0.000
97	  Q	  1.5	  0.1	0.000	0.000	0.000
98	  A	  1.2	  0.1	0.000	0.000	0.000
99	  S	  1.3	  0.1	0.000	0.000	0.000
100	  L	  1.1	  1.6	0.000	0.000	0.000
101	  P	  0.1	  1.7	0.000	0.000	0.000
102	  G	  0.0	  1.7	0.000	0.000	0.000
103	  H	  0.6	  1.7	0.000	0.000	0.000
104	  C	  1.3	  0.1	0.000	0.000	0.000
105	  K	  1.3	  0.0	0.000	0.000	0.000
106	  E	  0.7	  0.0	0.000	0.000	0.000
107	  P	  0.0	  0.0	0.000	0.000	0.000
108	  P	  0.0	  0.1	0.000	0.000	0.000
109	  P	  0.0	  0.1	0.000	0.000	0.000
110	  W	  0.6	  0.4	0.000	0.000	0.000
111	  E	  0.6	  0.4	0.000	0.000	0.000
112	  N	  0.6	  0.3	3.028	0.000	0.000
113	  E	  0.2	  0.3	3.028	0.000	0.000
114	  A	  0.2	  0.1	3.028	0.000	0.000
115	  T	  0.4	  0.1	3.139	0.000	0.000
116	  E	  0.3	  0.1	3.139	0.010	0.010
117	  R	  3.2	  0.1	3.139	0.010	0.010
118	  I	  3.4	  0.0	2.232	83.058	83.058
119	  Y	  6.4	  0.0	2.232	84.155	84.155
120	  H	  5.7	  0.0	0.799	84.557	84.557
121	  F	  7.4	  0.0	0.500	91.513	91.513
122	  V	  5.4	  0.0	0.000	92.061	92.061
123	  V	  3.3	  0.1	0.000	90.692	90.692
124	  G	  1.2	  0.1	0.000	74.037	74.037
125	  Q	  1.0	  0.1	0.000	72.567	72.567
126	  M	  2.3	  0.1	0.000	72.598	72.598
127	  V	  4.3	  0.0	0.000	72.576	72.576
128	  Y	  5.5	  0.0	0.000	71.409	71.409
129	  Y	 10.8	  0.0	0.000	62.846	62.846
130	  Q	  9.4	  0.0	0.000	23.313	23.313
131	  C	  9.9	  0.0	0.000	21.743	21.743
132	  V	  3.3	  0.3	0.000	20.121	20.121
133	  Q	  2.7	  0.2	0.000	0.850	0.850
134	  G	  0.2	  0.2	0.564	0.122	0.122
135	  Y	  1.9	  0.3	0.564	0.098	0.098
136	  R	  2.1	  0.0	0.564	0.000	0.000
137	  A	  2.4	  0.0	0.564	0.000	0.000
138	  L	  0.6	  0.1	0.564	0.000	0.000
139	  H	  0.6	  0.0	0.564	0.000	0.000
140	  R	  0.3	  0.0	0.195	0.000	0.000
141	  G	  0.2	  0.0	0.000	0.000	0.000
142	  P	  0.0	  0.0	0.000	0.000	0.000
143	  A	  0.0	  0.1	0.000	0.000	0.000
144	  E	  0.1	  0.1	0.000	0.000	0.000
145	  S	  0.9	  0.1	0.138	0.000	0.000
146	  V	  1.1	  0.1	0.138	0.000	0.000
147	  C	  1.7	  0.0	0.138	0.000	0.000
148	  K	  3.1	  0.0	0.138	0.000	0.000
149	  M	  4.3	  0.1	0.138	0.000	0.000
150	  T	  3.9	  0.6	0.138	0.000	0.000
151	  H	  1.8	  0.9	0.138	0.000	0.000
152	  G	  0.3	  1.0	0.138	0.000	0.000
153	  K	  0.4	  1.0	0.000	0.000	0.000
154	  T	  1.0	  0.5	0.000	0.000	0.000
155	  R	  2.3	  0.1	0.000	0.000	0.000
156	  W	  7.1	  0.0	0.000	0.000	0.000
157	  T	  6.6	  0.0	0.000	0.000	0.000
158	  Q	  5.3	  0.2	0.000	0.000	0.000
159	  P	  0.2	  0.2	0.000	0.000	0.000
160	  Q	  0.3	  0.2	0.000	0.000	0.000
161	  L	  1.3	  0.2	0.000	0.000	0.000
162	  I	  2.2	  0.0	0.000	0.000	0.000
163	  C	  2.3	  0.2	0.000	0.000	0.000
164	  T	  1.3	  0.4	0.000	0.000	0.000
165	  G	  0.4	  0.4	0.000	0.000	0.000
166	  E	  0.2	  0.4	0.000	0.000	0.000
167	  M	  0.2	  0.3	0.000	0.000	0.000
168	  E	  0.3	  0.1	0.000	0.000	0.000
169	  T	  1.4	  0.2	0.000	0.000	0.000
170	  S	  2.1	  0.2	0.000	0.000	0.000
171	  Q	  2.2	  0.1	0.000	0.000	0.000
172	  F	  1.0	  1.7	0.000	0.000	0.000
173	  P	  0.2	  1.7	0.000	0.000	0.000
174	  G	  0.0	  1.8	0.000	0.000	0.000
175	  E	  0.3	  1.8	0.000	0.000	0.000
176	  E	  0.4	  0.2	0.000	0.000	0.000
177	  K	  0.4	  0.3	0.000	0.000	0.000
178	  P	  0.0	  0.2	0.000	0.000	0.000
179	  Q	  0.4	  0.2	0.000	0.000	0.000
180	  A	  0.4	  0.2	0.000	0.000	0.000
181	  S	  0.4	  1.1	0.000	0.000	0.000
182	  P	  0.0	  1.7	0.000	0.000	0.000
183	  E	  0.0	  1.7	0.000	0.000	0.000
184	  G	  0.0	  1.7	0.000	0.000	0.000
185	  R	  0.0	  0.9	0.000	0.000	0.000
186	  P	  0.0	  0.3	0.000	0.000	0.000
187	  E	  0.0	  0.4	0.000	0.000	0.000
188	  S	  0.1	  0.5	0.000	0.000	0.000
189	  E	  0.1	  0.3	0.000	0.000	0.000
190	  T	  2.3	  0.2	0.000	0.000	0.000
191	  S	  3.5	  0.2	0.000	0.000	0.000
192	  C	  5.0	  0.1	0.000	0.000	0.000
193	  L	  3.3	  0.0	0.000	0.291	0.291
194	  V	  3.9	  0.0	0.000	0.291	0.291
195	  T	  3.9	  0.0	0.000	0.291	0.291
196	  T	  3.9	  0.1	0.000	0.291	0.291
197	  T	  2.5	  0.1	0.000	0.291	0.291
198	  D	  1.4	  0.1	0.000	0.000	0.000
199	  F	  5.1	  0.1	0.000	0.000	0.000
200	  Q	  5.5	  0.0	0.000	0.000	0.000
201	  I	  5.1	  0.0	0.000	0.000	0.000
202	  Q	  1.1	  0.0	0.000	0.000	0.000
203	  T	  0.4	  0.0	0.000	0.000	0.000
204	  E	  0.3	  0.0	0.000	0.000	0.000
205	  M	  0.3	  0.0	0.000	0.000	0.000
206	  A	  0.3	  0.0	0.000	0.000	0.000
207	  A	  0.7	  0.0	0.000	0.000	0.000
208	  T	  1.8	  0.0	0.000	0.000	0.000
209	  M	  1.8	  0.1	0.000	0.000	0.000
210	  E	  1.4	  0.1	0.000	0.000	0.000
211	  T	  0.5	  0.1	0.000	0.000	0.000
212	  S	  0.8	  0.1	0.000	0.000	0.000
213	  I	  2.2	  0.0	0.000	0.000	0.000
214	  F	  3.5	  0.0	0.000	0.000	0.000
215	  T	  3.5	  0.0	0.000	0.000	0.000
216	  T	  2.2	  0.0	0.000	0.000	0.000
217	  E	  1.8	  0.0	0.000	0.000	0.000
218	  Y	  4.0	  0.0	0.000	2.062	2.062
219	  Q	  4.0	  0.0	0.000	2.720	2.720
220	  V	  9.8	  0.0	0.000	49.016	49.016
221	  A	  7.6	  0.0	0.000	53.166	53.166
222	  V	  8.0	  0.3	0.000	58.198	58.198
223	  A	  1.0	  0.4	0.000	58.824	58.824
224	  G	  0.6	  0.4	0.000	59.568	59.568
225	  C	  0.8	  0.4	0.126	67.832	67.832
226	  V	  4.3	  0.1	0.126	97.238	97.238
227	  F	  5.0	  0.0	0.126	99.730	99.730
228	  L	  5.0	  0.0	0.481	99.948	99.948
229	  L	  2.0	  0.0	0.481	99.984	99.984
230	  I	  5.5	  0.0	0.481	99.974	99.974
231	  S	  5.3	  0.0	1.193	99.700	99.700
232	  V	  8.6	  0.0	1.193	99.667	99.667
233	  L	  5.2	  0.0	1.193	99.256	99.256
234	  L	  5.1	  0.1	1.193	97.013	97.013
235	  L	  1.5	  0.2	1.193	84.763	84.763
236	  S	  0.6	  0.3	1.164	17.849	17.849
237	  G	  0.2	  0.3	0.445	9.753	9.753
238	  L	  3.1	  0.2	0.266	9.030	9.030
239	  T	 17.4	  0.1	1.742	7.151	7.151
240	  W	 18.3	  0.0	1.742	6.139	6.139
241	  Q	 15.6	  0.1	1.742	0.097	0.097
242	  Q	  1.8	  0.1	1.476	0.004	0.004
243	  R	  1.0	  0.1	1.476	0.000	0.000
244	  Q	  1.1	  0.1	1.476	0.000	0.000
245	  R	  0.9	  0.2	0.956	0.000	0.000
246	  K	  0.7	  0.2	0.580	0.000	0.000
247	  S	  0.9	  0.2	0.103	0.000	0.000
248	  R	  1.0	  0.2	0.000	0.000	0.000
249	  R	  1.5	  0.1	0.000	0.000	0.000
250	  T	  1.0	  0.1	0.000	0.000	0.000
251	  I	  0.7	  0.0	0.000	0.000	0.000
