res	aa	Beta	Turn	Helix	Aggregation	Conc-Stab_Aggregation
01	  M	  0.0	  0.6	0.000	0.000	0.000
02	  P	  0.0	  0.6	0.000	0.000	0.000
03	  G	  0.0	  0.6	0.000	0.000	0.000
04	  L	  5.9	  0.6	0.000	0.000	0.000
05	  S	 12.9	  0.1	0.121	0.000	0.000
06	  C	 13.5	  0.0	0.121	0.000	0.000
07	  R	  9.1	  0.0	0.121	0.000	0.000
08	  F	  3.8	  0.0	0.121	0.000	0.000
09	  Y	  4.8	  0.0	0.121	0.000	0.000
10	  Q	  4.1	  0.1	0.121	0.000	0.000
11	  H	  3.2	  0.1	0.121	0.000	0.000
12	  K	  1.6	  0.1	0.121	0.000	0.000
13	  F	  1.1	  0.4	0.121	0.000	0.000
14	  P	  0.1	  0.4	0.000	0.000	0.000
15	  E	  2.0	  0.4	0.000	0.000	0.000
16	  V	  2.8	  0.5	0.000	0.000	0.000
17	  E	  2.8	  0.1	0.000	0.000	0.000
18	  D	  1.7	  0.1	0.000	0.000	0.000
19	  V	  7.8	  0.1	0.000	34.010	34.010
20	  V	 13.6	  0.0	0.000	41.275	41.275
21	  M	 13.3	  0.0	0.000	41.275	41.275
22	  V	 17.3	  0.0	0.000	41.275	41.275
23	  N	 13.7	  0.0	2.472	41.275	41.275
24	  V	 14.7	  0.0	2.472	38.583	38.583
25	  R	  5.4	  0.0	2.472	0.000	0.000
26	  S	  2.6	  0.0	4.067	0.000	0.000
27	  I	  1.3	  0.0	4.067	0.000	0.000
28	  A	  0.7	  0.0	4.067	0.000	0.000
29	  E	  0.5	  0.0	3.967	0.000	0.000
30	  M	  0.2	  0.4	3.716	0.000	0.000
31	  G	  0.1	  0.4	2.939	0.000	0.000
32	  A	  0.4	  0.4	1.531	3.152	3.152
33	  Y	  1.9	  0.5	1.090	6.329	6.329
34	  V	  6.4	  0.1	0.000	6.329	6.329
35	  S	  6.3	  0.1	0.381	6.329	6.329
36	  L	  4.8	  0.1	0.381	6.329	6.329
37	  L	  1.0	  0.0	0.381	5.836	5.836
38	  E	  3.1	  0.0	0.381	0.000	0.000
39	  Y	  3.6	  0.1	0.381	0.000	0.000
40	  N	  3.0	  0.1	0.381	0.000	0.000
41	  N	  3.7	  0.1	0.245	0.000	0.000
42	  I	  3.4	  0.3	0.245	0.000	0.000
43	  E	  3.3	  0.2	0.245	0.000	0.000
44	  G	  0.3	  0.2	0.994	0.271	0.271
45	  M	  1.5	  0.2	0.994	0.646	0.646
46	  I	  4.4	  0.0	0.994	0.646	0.646
47	  L	  4.8	  0.0	1.483	0.646	0.646
48	  L	  3.4	  0.0	1.483	0.646	0.646
49	  S	  0.5	  0.1	6.736	0.374	0.374
50	  E	  0.4	  0.1	6.382	0.000	0.000
51	  L	  0.5	  0.1	6.382	0.000	0.000
52	  S	  0.9	  0.2	6.504	0.000	0.000
53	  R	  0.9	  0.1	6.384	0.000	0.000
54	  R	  2.4	  0.1	6.114	0.000	0.000
55	  R	  5.4	  0.1	3.515	0.000	0.000
56	  I	  6.4	  0.1	0.856	0.000	0.000
57	  R	  5.6	  0.0	0.856	0.000	0.000
58	  S	  5.6	  0.3	0.280	0.000	0.000
59	  I	  4.6	  0.3	0.000	0.000	0.000
60	  N	  3.9	  0.3	0.214	0.000	0.000
61	  K	  0.9	  0.3	0.214	0.000	0.000
62	  L	  0.7	  0.0	0.214	0.000	0.000
63	  I	  9.8	  0.0	0.214	0.000	0.000
64	  R	 10.0	  0.1	0.214	0.000	0.000
65	  I	  9.9	  0.7	0.214	0.000	0.000
66	  G	  0.8	  0.8	0.214	0.000	0.000
67	  R	  0.1	  0.8	0.000	0.000	0.000
68	  N	  0.1	  0.7	0.000	0.000	0.000
69	  E	  0.1	  0.2	0.000	0.364	0.364
70	  C	  1.9	  0.0	0.000	85.310	85.310
71	  V	 12.8	  0.0	0.000	86.211	86.211
72	  V	 18.7	  0.0	0.000	86.421	86.421
73	  V	 19.7	  0.0	0.000	86.440	86.440
74	  I	 15.1	  0.0	0.000	86.440	86.440
75	  R	 12.9	  0.0	0.000	1.686	1.686
76	  V	 10.3	  0.0	0.000	1.617	1.617
77	  D	  4.9	  0.2	0.210	1.322	1.322
78	  K	  0.5	  0.3	0.210	0.000	0.000
79	  E	  0.3	  0.8	0.210	0.000	0.000
80	  K	  0.3	  0.8	0.210	0.000	0.000
81	  G	  0.0	  0.6	0.551	0.000	0.000
82	  Y	  1.2	  0.6	0.551	0.000	0.000
83	  I	  4.1	  0.1	0.341	0.000	0.000
84	  D	  4.2	  0.8	0.753	0.000	0.000
85	  L	  3.4	  0.8	0.753	0.000	0.000
86	  S	  1.2	  0.8	0.753	0.000	0.000
87	  K	  1.3	  0.8	0.604	0.000	0.000
88	  R	  1.9	  0.1	0.412	0.000	0.000
89	  R	  3.5	  0.1	0.412	0.000	0.000
90	  V	  3.5	  0.0	0.000	0.000	0.000
91	  S	  2.7	  0.3	1.753	0.000	0.000
92	  P	  0.4	  0.3	1.753	0.000	0.000
93	  E	  0.0	  0.4	1.753	0.000	0.000
94	  E	  0.0	  0.4	1.753	0.000	0.000
95	  A	  0.5	  0.1	1.753	0.000	0.000
96	  I	  4.5	  0.0	1.753	0.000	0.000
97	  K	  8.5	  0.0	1.753	0.000	0.000
98	  C	  8.5	  0.6	0.890	0.000	0.000
99	  E	  4.9	  0.6	0.414	0.000	0.000
100	  D	  0.7	  0.6	1.693	0.000	0.000
101	  K	  3.0	  0.6	1.693	0.000	0.000
102	  F	  7.1	  0.0	1.693	0.000	0.000
103	  T	 10.0	  0.1	1.693	0.000	0.000
104	  K	  7.6	  0.2	1.693	0.000	0.000
105	  S	  4.1	  0.2	1.693	0.000	0.000
106	  K	  1.7	  0.2	0.402	0.000	0.000
107	  T	  6.6	  0.1	0.112	2.007	2.007
108	  V	 10.3	  0.1	0.112	4.983	4.983
109	  Y	 12.7	  0.0	0.112	4.983	4.983
110	  S	  7.8	  0.0	0.112	4.983	4.983
111	  I	  5.6	  0.0	0.112	4.983	4.983
112	  L	  3.1	  0.0	0.112	4.718	4.718
113	  R	  3.7	  0.0	0.112	0.811	0.811
114	  H	  3.2	  0.0	0.235	0.811	0.811
115	  V	  3.1	  0.0	0.122	0.811	0.811
116	  A	  2.5	  0.0	0.122	0.811	0.811
117	  E	  1.4	  0.0	0.122	0.811	0.811
118	  V	  2.1	  0.0	0.122	0.811	0.811
119	  L	  2.6	  0.0	0.122	0.811	0.811
120	  E	  4.5	  0.0	0.122	0.000	0.000
121	  Y	  7.4	  0.0	0.122	0.000	0.000
122	  T	  7.0	  0.3	0.000	0.000	0.000
123	  K	  4.7	  0.3	0.000	0.000	0.000
124	  D	  0.5	  0.4	1.520	0.000	0.000
125	  E	  0.1	  0.4	1.520	0.000	0.000
126	  Q	  1.5	  0.1	1.520	0.000	0.000
127	  L	  1.6	  0.2	1.520	0.000	0.000
128	  E	  1.6	  0.2	1.520	0.000	0.000
129	  S	  0.5	  0.1	1.520	0.000	0.000
130	  L	  0.6	  0.1	1.257	0.000	0.000
131	  F	  2.7	  0.1	1.087	0.000	0.000
132	  Q	  2.6	  0.1	0.657	0.000	0.000
133	  R	  2.5	  0.1	0.195	0.000	0.000
134	  T	  1.0	  0.1	0.000	16.252	16.252
135	  A	  1.0	  0.0	0.000	16.252	16.252
136	  W	  1.9	  0.0	0.000	16.252	16.252
137	  V	  4.5	  0.0	0.116	16.252	16.252
138	  F	  4.6	  0.2	0.116	16.252	16.252
139	  D	  3.6	  0.3	1.005	0.000	0.000
140	  D	  0.4	  0.4	1.005	0.000	0.000
141	  K	  1.2	  0.4	1.005	0.000	0.000
142	  Y	  3.2	  0.2	1.005	0.000	0.000
143	  K	  3.1	  0.1	1.005	0.000	0.000
144	  R	  2.1	  1.1	0.889	0.000	0.000
145	  P	  0.1	  1.1	0.000	0.000	0.000
146	  G	  0.0	  1.3	0.000	0.000	0.000
147	  Y	  0.2	  2.0	0.000	0.000	0.000
148	  G	  0.2	  0.8	0.641	0.000	0.000
149	  A	  0.4	  0.8	0.641	0.000	0.000
150	  Y	  1.1	  0.7	0.641	0.000	0.000
151	  D	  1.2	  0.0	0.641	0.000	0.000
152	  A	  1.3	  0.0	0.641	0.000	0.000
153	  F	  0.9	  0.1	0.641	0.000	0.000
154	  K	  1.0	  0.1	0.407	0.000	0.000
155	  H	  1.2	  0.1	0.152	0.000	0.000
156	  A	  1.3	  0.1	0.000	0.000	0.000
157	  V	  1.6	  0.0	0.000	0.000	0.000
158	  S	  1.0	  0.0	0.000	0.000	0.000
159	  D	  0.4	  2.0	0.000	0.000	0.000
160	  P	  0.0	  2.0	0.000	0.000	0.000
161	  S	  0.3	  2.0	0.000	0.000	0.000
162	  I	  0.8	  2.0	0.000	0.000	0.000
163	  L	  1.1	  0.1	0.000	0.000	0.000
164	  D	  0.8	  0.3	0.182	0.000	0.000
165	  S	  2.6	  1.0	0.182	0.000	0.000
166	  L	  3.2	  0.9	0.182	0.000	0.000
167	  D	  3.4	  1.8	0.182	0.000	0.000
168	  L	  1.2	  1.7	0.182	0.000	0.000
169	  N	  0.2	  3.2	5.875	0.000	0.000
170	  E	  0.0	  3.2	5.799	0.000	0.000
171	  D	  0.0	  2.4	7.427	0.000	0.000
172	  E	  0.1	  2.4	7.821	0.000	0.000
173	  R	  0.3	  0.2	7.977	0.000	0.000
174	  E	  0.7	  0.2	7.977	0.000	0.000
175	  V	  3.4	  0.0	7.350	0.856	0.856
176	  L	  3.8	  0.0	7.350	1.015	1.015
177	  I	  3.5	  0.1	6.968	1.015	1.015
178	  N	  0.8	  0.1	7.178	1.015	1.015
179	  N	  1.9	  0.4	2.005	1.015	1.015
180	  I	  2.3	  0.4	1.116	0.844	0.844
181	  N	  2.2	  0.4	1.116	0.000	0.000
182	  R	  1.1	  0.4	0.583	0.000	0.000
183	  R	  1.6	  0.1	0.363	0.000	0.000
184	  L	  1.7	  0.1	0.000	0.000	0.000
185	  T	  1.3	  0.3	0.481	0.000	0.000
186	  P	  0.2	  0.3	0.481	0.000	0.000
187	  Q	  0.3	  0.3	0.481	0.000	0.000
188	  A	  1.0	  0.3	0.481	0.000	0.000
189	  V	  8.5	  0.0	0.481	0.000	0.000
190	  K	  9.6	  0.0	0.481	0.000	0.000
191	  I	 10.1	  0.0	0.115	0.000	0.000
192	  R	  2.9	  0.4	0.115	0.000	0.000
193	  A	  1.5	  0.4	0.000	0.000	0.000
194	  D	  1.9	  0.4	0.159	0.000	0.000
195	  I	  9.8	  0.4	0.159	0.000	0.000
196	  E	 11.2	  0.0	0.159	0.000	0.000
197	  V	 11.3	  0.1	0.159	0.000	0.000
198	  A	  3.5	  0.1	0.159	0.000	0.000
199	  C	  2.6	  0.2	0.159	0.000	0.000
200	  Y	  1.2	  0.2	0.159	0.000	0.000
201	  G	  1.1	  0.2	0.000	0.000	0.000
202	  Y	  0.6	  0.7	0.000	0.000	0.000
203	  E	  0.4	  0.6	0.000	0.000	0.000
204	  G	  0.5	  0.6	2.276	0.000	0.000
205	  I	  0.8	  0.6	3.027	0.000	0.000
206	  D	  0.9	  0.1	10.589	0.000	0.000
207	  A	  1.3	  0.0	11.398	0.000	0.000
208	  V	  2.1	  0.0	12.201	0.000	0.000
209	  K	  2.2	  0.0	13.129	0.000	0.000
210	  E	  1.6	  0.0	13.135	0.000	0.000
211	  A	  0.4	  0.0	13.135	0.000	0.000
212	  L	  0.6	  0.1	12.826	0.000	0.000
213	  R	  0.6	  0.2	12.221	0.000	0.000
214	  A	  0.4	  0.2	10.075	0.000	0.000
215	  G	  0.2	  0.4	8.070	0.000	0.000
216	  L	  3.3	  0.4	1.939	0.000	0.000
217	  N	  3.9	  0.5	1.138	0.000	0.000
218	  C	  4.0	  0.5	0.000	0.000	0.000
219	  S	  1.1	  0.4	0.000	0.000	0.000
220	  T	  0.5	  0.6	0.000	0.000	0.000
221	  E	  0.3	  0.4	0.000	0.000	0.000
222	  N	  0.1	  0.3	0.000	0.000	0.000
223	  M	  0.1	  0.3	0.000	0.000	0.000
224	  P	  0.1	  0.0	0.000	0.000	0.000
225	  I	  5.3	  0.0	0.000	0.000	0.000
226	  K	  6.8	  0.0	0.000	0.000	0.000
227	  I	 11.0	  0.0	0.000	0.000	0.000
228	  N	  6.2	  0.0	0.000	0.000	0.000
229	  L	  5.9	  0.0	0.000	0.000	0.000
230	  I	  1.8	  0.0	0.000	0.000	0.000
231	  A	  1.3	  0.0	0.000	0.000	0.000
232	  P	  0.0	  0.2	0.000	0.000	0.000
233	  P	  0.0	  0.2	0.000	0.000	0.000
234	  R	  0.9	  0.2	0.000	0.000	0.000
235	  Y	  2.7	  0.2	0.000	3.551	3.551
236	  V	  4.5	  0.0	0.000	4.425	4.425
237	  M	  4.1	  0.0	0.000	4.558	4.558
238	  T	  4.0	  0.0	0.000	4.558	4.558
239	  T	  3.9	  0.1	0.000	4.558	4.558
240	  T	  4.3	  0.1	0.000	4.184	4.184
241	  T	  3.7	  0.0	0.000	3.962	3.962
242	  L	  2.0	  0.1	0.000	2.687	2.687
243	  E	  1.4	  0.1	0.000	0.000	0.000
244	  R	  0.4	  0.1	0.000	0.000	0.000
245	  T	  0.3	  0.3	0.000	0.000	0.000
246	  E	  0.1	  0.4	0.000	0.000	0.000
247	  G	  0.0	  0.4	0.000	0.102	0.102
248	  L	  2.0	  0.3	0.000	1.621	1.621
249	  S	  2.6	  0.1	0.000	2.188	2.188
250	  V	  5.6	  0.0	0.000	6.763	6.763
251	  L	  3.8	  0.1	0.000	7.153	7.153
252	  S	  3.3	  0.1	0.190	7.153	7.153
253	  Q	  0.5	  0.1	0.190	7.626	7.626
254	  A	  0.3	  0.1	0.190	22.300	22.300
255	  M	  0.7	  0.0	0.190	22.300	22.300
256	  A	  1.7	  0.0	0.190	22.300	22.300
257	  V	  4.2	  0.0	0.190	22.300	22.300
258	  I	  4.5	  0.0	0.190	22.017	22.017
259	  K	  3.6	  0.1	0.190	0.000	0.000
260	  E	  1.1	  0.1	0.000	0.000	0.000
261	  K	  4.4	  0.1	0.252	0.000	0.000
262	  I	  4.3	  0.1	0.252	0.000	0.000
263	  E	  4.4	  0.1	0.252	0.000	0.000
264	  E	  0.5	  0.2	0.252	0.000	0.000
265	  K	  0.4	  0.3	0.252	0.000	0.000
266	  R	  0.3	  0.2	0.252	0.000	0.000
267	  G	  0.2	  0.2	0.108	0.000	0.000
268	  V	  3.8	  0.1	0.000	0.988	0.988
269	  F	  8.7	  0.0	0.000	0.988	0.988
270	  N	  9.8	  0.0	0.000	0.988	0.988
271	  V	 11.1	  0.0	0.000	0.988	0.988
272	  Q	  9.6	  0.0	0.000	0.988	0.988
273	  M	  8.4	  0.0	0.000	0.527	0.527
274	  E	  4.1	  0.0	0.000	0.000	0.000
275	  P	  0.1	  0.0	0.000	0.000	0.000
276	  K	  1.9	  0.0	0.000	0.000	0.000
277	  V	  4.9	  0.0	0.000	0.000	0.000
278	  V	  6.4	  0.0	0.000	0.000	0.000
279	  T	  4.9	  0.1	0.000	0.000	0.000
280	  D	  1.9	  0.7	0.000	0.000	0.000
281	  T	  0.5	  0.7	0.510	0.000	0.000
282	  D	  0.1	  0.9	4.063	0.000	0.000
283	  E	  0.0	  0.8	4.372	0.000	0.000
284	  T	  0.1	  0.2	22.892	0.000	0.000
285	  E	  0.1	  0.2	23.562	0.000	0.000
286	  L	  0.2	  0.0	23.562	0.000	0.000
287	  A	  0.2	  0.1	23.562	0.000	0.000
288	  R	  0.8	  0.0	23.562	0.000	0.000
289	  Q	  2.1	  0.0	22.764	0.000	0.000
290	  M	  2.0	  0.1	14.351	0.000	0.000
291	  E	  1.4	  0.1	10.963	0.000	0.000
292	  R	  0.4	  0.1	8.555	0.000	0.000
293	  L	  0.4	  0.1	7.360	0.000	0.000
294	  E	  0.4	  0.1	5.394	0.000	0.000
295	  R	  0.2	  0.3	3.568	0.000	0.000
296	  E	  0.1	  0.3	2.866	0.000	0.000
297	  N	  0.2	  0.3	1.530	0.000	0.000
298	  A	  0.3	  0.2	0.564	0.000	0.000
299	  E	  5.2	  0.1	0.315	0.000	0.000
300	  V	  5.3	  0.2	0.000	0.000	0.000
301	  D	  5.1	  1.3	0.000	0.000	0.000
302	  G	  0.2	  1.6	0.000	0.000	0.000
303	  D	  0.0	  3.9	0.000	0.000	0.000
304	  D	  0.0	  3.8	0.160	0.000	0.000
305	  D	  0.0	  2.9	0.758	0.000	0.000
306	  A	  0.0	  2.7	0.964	0.000	0.000
307	  E	  0.1	  0.3	1.183	0.000	0.000
308	  E	  0.2	  0.3	1.183	0.000	0.000
309	  M	  0.4	  0.1	1.183	0.000	0.000
310	  E	  0.9	  0.0	1.183	0.000	0.000
311	  A	  0.8	  0.1	1.183	0.000	0.000
312	  K	  0.8	  0.1	1.183	0.000	0.000
313	  A	  0.4	  0.0	0.124	0.000	0.000
314	  E	  0.3	  0.0	0.000	0.000	0.000
315	  D	  0.0	  0.0	0.000	0.000	0.000
