res	aa	Beta	Turn	Helix	Aggregation	Conc-Stab_Aggregation
01	  M	  0.0	  0.2	0.000	0.000	0.000
02	  P	  0.0	  0.2	0.000	1.547	1.547
03	  M	  0.9	  0.2	0.000	4.652	4.652
04	  F	  2.6	  0.2	0.000	6.738	6.738
05	  I	  3.8	  0.0	0.000	6.738	6.738
06	  V	  4.3	  0.0	0.000	6.738	6.738
07	  N	  2.6	  0.3	0.000	5.191	5.191
08	  T	  2.6	  0.3	0.000	3.244	3.244
09	  N	  1.5	  0.2	0.000	0.000	0.000
10	  V	  1.3	  0.2	0.000	0.000	0.000
11	  P	  0.2	  0.0	0.000	0.000	0.000
12	  R	  0.2	  0.1	0.000	0.000	0.000
13	  A	  1.0	  0.1	0.000	0.000	0.000
14	  S	  1.2	  0.1	0.000	0.000	0.000
15	  V	  1.0	  1.6	0.000	0.000	0.000
16	  P	  0.2	  1.7	0.000	0.000	0.000
17	  D	  0.0	  1.7	0.000	0.000	0.000
18	  G	  0.0	  1.7	0.000	0.000	0.000
19	  F	  1.0	  0.3	0.000	0.000	0.000
20	  L	  1.0	  0.0	0.000	0.000	0.000
21	  S	  1.0	  0.1	3.764	0.000	0.000
22	  E	  0.7	  0.1	4.057	0.000	0.000
23	  L	  0.9	  0.1	4.057	0.000	0.000
24	  T	  2.6	  0.1	5.580	0.000	0.000
25	  Q	  2.3	  0.1	5.580	0.000	0.000
26	  Q	  2.1	  0.1	5.580	0.000	0.000
27	  L	  0.5	  0.1	4.697	0.000	0.000
28	  A	  0.2	  0.0	4.697	0.000	0.000
29	  Q	  0.3	  0.2	4.404	0.000	0.000
30	  A	  0.3	  0.4	1.633	0.000	0.000
31	  T	  0.4	  0.4	0.769	0.000	0.000
32	  G	  0.3	  0.4	0.769	0.000	0.000
33	  K	  0.2	  0.2	0.610	0.000	0.000
34	  P	  0.0	  0.3	0.000	0.000	0.000
35	  P	  0.0	  0.3	0.000	0.000	0.000
36	  Q	  0.5	  0.3	0.000	1.022	1.022
37	  Y	  1.9	  0.3	0.000	6.552	6.552
38	  I	  5.2	  0.0	0.000	7.084	7.084
39	  A	  5.6	  0.0	0.000	7.084	7.084
40	  V	 13.2	  0.0	0.000	7.084	7.084
41	  H	 13.2	  0.0	0.000	6.256	6.256
42	  V	 12.8	  0.0	0.000	5.834	5.834
43	  V	  4.2	  0.3	0.000	0.145	0.145
44	  P	  0.5	  0.4	0.000	0.000	0.000
45	  D	  0.0	  0.4	0.492	0.000	0.000
46	  Q	  0.6	  0.4	0.492	0.000	0.000
47	  L	  0.9	  0.1	0.492	0.000	0.000
48	  M	  1.2	  0.0	0.492	0.000	0.000
49	  A	  0.7	  0.0	0.492	0.000	0.000
50	  F	  0.5	  0.5	0.492	0.000	0.000
51	  G	  0.2	  1.0	0.154	0.000	0.000
52	  G	  0.1	  1.2	0.000	0.000	0.000
53	  S	  0.3	  1.2	0.000	0.000	0.000
54	  S	  0.3	  0.7	0.000	0.000	0.000
55	  E	  0.3	  0.2	0.000	0.000	0.000
56	  P	  0.0	  0.0	0.000	0.000	0.000
57	  C	  0.7	  0.2	0.000	0.000	0.000
58	  A	  0.8	  0.2	0.000	0.000	0.000
59	  L	  1.3	  0.2	0.000	0.000	0.000
60	  C	  2.1	  0.3	0.000	0.000	0.000
61	  S	  2.6	  0.1	0.000	0.000	0.000
62	  L	  2.3	  0.1	0.000	0.000	0.000
63	  H	  1.1	  0.1	0.000	0.000	0.000
64	  S	  0.7	  0.3	0.000	0.000	0.000
65	  I	  0.5	  0.4	0.000	0.000	0.000
66	  G	  0.3	  0.4	0.000	0.000	0.000
67	  K	  0.3	  0.4	0.000	0.000	0.000
68	  I	  0.4	  0.9	0.000	0.000	0.000
69	  G	  0.4	  0.9	0.000	0.000	0.000
70	  G	  0.1	  1.0	0.096	0.000	0.000
71	  A	  0.1	  1.1	0.096	0.000	0.000
72	  Q	  0.1	  0.3	0.096	0.000	0.000
73	  N	  0.1	  0.6	0.096	0.000	0.000
74	  R	  1.6	  0.5	0.096	0.000	0.000
75	  S	 22.4	  0.5	0.096	0.000	0.000
76	  Y	 24.2	  0.6	0.096	0.000	0.000
77	  S	 23.0	  0.3	0.100	0.000	0.000
78	  K	  2.7	  0.3	0.100	0.000	0.000
79	  L	  1.3	  0.1	0.100	3.174	3.174
80	  L	  1.3	  0.0	0.100	3.755	3.755
81	  C	  1.3	  0.0	0.399	3.755	3.755
82	  G	  0.3	  0.0	1.349	3.755	3.755
83	  L	  0.4	  0.0	1.829	3.755	3.755
84	  L	  0.2	  0.0	2.177	3.755	3.755
85	  A	  0.3	  0.1	2.338	0.885	0.885
86	  E	  0.1	  0.1	2.338	0.000	0.000
87	  R	  0.7	  0.1	2.157	0.000	0.000
88	  L	  4.6	  0.1	1.834	0.000	0.000
89	  R	  8.4	  0.0	1.570	0.000	0.000
90	  I	  8.1	  0.0	0.727	0.000	0.000
91	  S	  4.2	  5.3	0.891	0.000	0.000
92	  P	  0.2	  5.3	0.164	0.000	0.000
93	  D	  0.0	  5.3	0.164	0.000	0.000
94	  R	  2.5	  5.3	0.164	0.000	0.000
95	  V	  4.9	  0.0	0.164	12.072	12.072
96	  Y	  6.1	  0.0	0.164	14.264	14.264
97	  I	  8.0	  0.0	0.000	14.264	14.264
98	  N	  7.3	  0.0	0.861	14.264	14.264
99	  Y	  7.5	  0.2	0.861	14.264	14.264
100	  Y	  4.5	  0.1	0.861	11.551	11.551
101	  D	  2.9	  1.7	1.205	0.000	0.000
102	  M	  1.8	  1.7	1.205	0.000	0.000
103	  N	  0.6	  1.6	1.428	0.000	0.000
104	  A	  0.4	  1.8	1.182	0.000	0.000
105	  A	  0.2	  0.3	1.069	0.000	0.000
106	  N	  0.2	  0.4	0.827	0.000	0.000
107	  V	  0.3	  0.4	0.223	0.000	0.000
108	  G	  0.3	  0.3	0.223	0.000	0.000
109	  W	  0.6	  0.3	0.000	0.000	0.000
110	  N	  0.4	  0.4	0.000	0.000	0.000
111	  N	  0.5	  0.5	0.000	0.000	0.000
112	  S	  0.9	  0.4	0.000	0.000	0.000
113	  T	  4.7	  0.3	0.000	0.000	0.000
114	  F	  4.5	  0.1	0.000	0.000	0.000
115	  A	  3.8	  0.0	0.000	0.000	0.000
