res	aa	Beta	Turn	Helix	Aggregation	Conc-Stab_Aggregation
01	  M	  0.5	  0.1	0.000	0.000	0.000
02	  K	  0.9	  0.1	0.000	0.000	0.000
03	  S	  1.0	  0.1	0.107	0.000	0.000
04	  L	  0.6	  0.1	0.107	0.000	0.000
05	  P	  0.1	  0.0	1.843	1.095	1.095
06	  I	  3.1	  0.0	1.843	89.930	89.930
07	  L	  3.9	  0.0	1.843	97.823	97.823
08	  L	  4.7	  0.0	1.843	99.259	99.259
09	  L	  2.8	  0.0	1.843	99.502	99.502
10	  L	  2.6	  0.0	1.843	99.538	99.538
11	  C	  7.4	  0.0	1.575	96.934	96.934
12	  V	 12.6	  0.0	1.041	96.336	96.336
13	  A	 12.0	  0.0	1.041	89.181	89.181
14	  V	  7.7	  0.0	0.367	83.547	83.547
15	  C	  4.8	  0.1	0.367	17.199	17.199
16	  S	  5.0	  0.1	0.000	3.214	3.214
17	  A	  4.2	  0.1	0.000	1.496	1.496
18	  Y	  0.5	  0.2	0.000	0.043	0.043
19	  P	  0.0	  0.6	0.000	0.009	0.009
20	  L	  0.1	  0.8	0.000	0.000	0.000
21	  D	  0.1	  0.9	0.352	0.000	0.000
22	  G	  0.1	  0.8	0.617	0.000	0.000
23	  A	  0.1	  0.6	0.617	0.000	0.000
24	  A	  0.2	  0.5	0.617	0.000	0.000
25	  R	  0.2	  0.4	0.617	0.000	0.000
26	  G	  0.1	  0.7	0.617	0.000	0.000
27	  E	  0.1	  0.5	0.407	0.000	0.000
28	  D	  0.2	  0.6	0.000	0.000	0.000
29	  T	  0.8	  0.5	0.124	0.000	0.000
30	  S	  4.1	  1.0	0.377	0.000	0.000
31	  M	  5.7	  1.0	0.377	0.000	0.000
32	  N	  5.5	  0.8	1.245	0.000	0.000
33	  L	  2.5	  0.8	1.245	0.000	0.000
34	  V	  1.3	  0.1	1.245	0.000	0.000
35	  Q	  1.6	  0.0	1.245	0.000	0.000
36	  K	  1.6	  0.0	0.869	0.000	0.000
37	  Y	  1.6	  0.0	0.869	0.000	0.000
38	  L	  1.0	  0.6	0.725	0.000	0.000
39	  E	  0.8	  0.6	0.725	0.000	0.000
40	  N	  2.0	  0.6	0.603	0.000	0.000
41	  Y	  3.5	  0.7	0.359	0.000	0.000
42	  Y	  4.7	  0.2	0.222	0.000	0.000
43	  D	  3.0	  0.2	0.419	0.000	0.000
44	  L	  1.5	  0.2	0.419	0.000	0.000
45	  K	  0.3	  0.4	0.419	0.000	0.000
46	  K	  0.3	  0.4	0.419	0.000	0.000
47	  D	  1.6	  0.4	0.560	0.000	0.000
48	  V	  3.7	  0.4	0.560	0.000	0.000
49	  K	  3.7	  0.1	0.560	0.000	0.000
50	  Q	  3.9	  0.1	0.271	0.000	0.000
51	  F	  3.4	  0.1	0.271	0.000	0.000
52	  V	  4.4	  0.0	0.141	0.000	0.000
53	  R	  3.1	  0.1	0.141	0.000	0.000
54	  R	  2.0	  0.5	0.000	0.000	0.000
55	  K	  0.7	  0.7	0.000	0.000	0.000
56	  D	  0.5	  0.7	0.000	0.000	0.000
57	  S	  0.1	  0.7	0.000	0.000	0.000
58	  G	  0.0	  0.2	0.475	0.000	0.000
59	  P	  0.0	  0.0	0.475	0.000	0.000
60	  V	  2.9	  0.0	0.475	0.000	0.000
61	  V	  3.6	  0.0	0.475	0.000	0.000
62	  K	  3.8	  0.0	0.475	0.000	0.000
63	  K	  2.3	  0.0	0.475	0.000	0.000
64	  I	  2.0	  0.0	0.319	0.000	0.000
65	  R	  1.9	  0.0	0.512	0.000	0.000
66	  E	  0.8	  0.0	0.716	0.000	0.000
67	  M	  0.7	  0.1	0.716	0.000	0.000
68	  Q	  1.3	  0.1	0.530	0.000	0.000
69	  K	  1.2	  0.1	0.397	0.000	0.000
70	  F	  1.3	  0.2	0.397	0.000	0.000
71	  L	  0.7	  0.1	0.204	0.000	0.000
72	  G	  0.5	  0.1	0.204	0.000	0.000
73	  L	  1.9	  0.1	0.000	0.000	0.000
74	  E	  7.2	  0.0	0.000	0.000	0.000
75	  V	  7.8	  0.1	0.000	0.000	0.000
76	  T	  6.2	  0.2	0.000	0.000	0.000
77	  G	  0.8	  0.2	0.000	0.000	0.000
78	  K	  0.6	  0.4	0.000	0.000	0.000
79	  L	  0.8	  0.4	0.000	0.000	0.000
80	  D	  0.8	  2.5	7.621	0.000	0.000
81	  S	  0.3	  2.5	8.474	0.000	0.000
82	  D	  0.1	  2.4	9.632	0.000	0.000
83	  T	  1.0	  2.3	11.511	0.000	0.000
84	  L	  2.5	  0.1	11.730	0.000	0.000
85	  E	  2.9	  0.0	11.730	0.000	0.000
86	  V	  4.0	  0.0	11.217	0.000	0.000
87	  M	  3.0	  0.0	11.217	0.000	0.000
88	  R	  2.6	  0.0	10.116	0.000	0.000
89	  K	  0.6	  0.2	8.881	0.000	0.000
90	  P	  0.0	  0.3	0.000	0.000	0.000
91	  R	  0.4	  0.4	0.000	0.000	0.000
92	  C	  0.7	  0.4	0.000	0.000	0.000
93	  G	  0.7	  0.2	0.000	0.000	0.000
94	  V	  0.3	  0.5	0.000	0.000	0.000
95	  P	  0.0	  0.4	0.000	0.000	0.000
96	  D	  0.0	  0.9	0.000	0.000	0.000
97	  V	  0.2	  1.2	0.000	0.000	0.000
98	  G	  0.2	  0.8	0.000	0.000	0.000
99	  H	  3.2	  0.8	0.000	0.000	0.000
100	  F	  3.6	  0.4	0.000	0.000	0.000
101	  R	  5.7	  0.1	0.000	0.000	0.000
102	  T	  3.6	  0.1	0.000	0.000	0.000
103	  F	  3.1	  2.1	0.000	0.000	0.000
104	  P	  0.9	  2.1	0.000	0.000	0.000
105	  G	  0.0	  2.1	0.000	0.000	0.000
106	  I	  0.0	  2.3	0.000	0.000	0.000
107	  P	  0.0	  0.2	0.000	0.000	0.000
108	  K	  0.6	  0.2	0.000	0.000	0.000
109	  W	  1.4	  0.2	0.000	0.000	0.000
110	  R	  1.7	  0.1	0.000	0.000	0.000
111	  K	  1.5	  0.1	0.000	0.000	0.000
112	  T	  1.4	  0.1	0.000	0.000	0.000
113	  H	  1.7	  0.1	0.000	0.000	0.000
114	  L	  4.6	  0.0	0.000	0.000	0.000
115	  T	 15.3	  0.0	0.332	0.000	0.000
116	  Y	 19.9	  0.0	0.332	0.000	0.000
117	  R	 20.6	  0.0	0.332	0.000	0.000
118	  I	 10.8	  0.0	0.332	0.000	0.000
119	  V	  7.6	  0.0	0.332	0.000	0.000
120	  N	  5.6	  0.0	0.332	0.000	0.000
121	  Y	  5.3	  0.0	0.174	0.000	0.000
122	  T	  3.0	  1.0	0.000	0.000	0.000
123	  P	  0.6	  1.0	0.000	0.000	0.000
124	  D	  0.0	  1.0	0.000	0.000	0.000
125	  L	  0.0	  1.2	0.000	0.000	0.000
126	  P	  0.0	  0.6	0.000	0.000	0.000
127	  K	  0.1	  0.6	0.000	0.000	0.000
128	  D	  0.1	  0.6	0.000	0.000	0.000
129	  A	  0.4	  0.4	0.000	0.000	0.000
130	  V	  1.3	  0.1	0.000	0.000	0.000
131	  D	  1.3	  0.1	0.522	0.000	0.000
132	  S	  1.3	  0.1	9.154	0.000	0.000
133	  A	  0.6	  0.1	9.312	0.000	0.000
134	  V	  1.6	  0.1	9.457	0.000	0.000
135	  E	  1.4	  0.0	9.457	0.000	0.000
136	  K	  1.2	  0.0	9.457	0.000	0.000
137	  A	  0.4	  0.0	9.457	0.000	0.000
138	  L	  1.9	  0.0	8.553	0.000	0.000
139	  K	  2.5	  0.0	7.045	0.000	0.000
140	  V	  4.3	  0.0	2.411	0.000	0.000
141	  W	  3.1	  0.1	1.933	0.000	0.000
142	  E	  2.4	  0.1	1.030	0.000	0.000
143	  E	  8.5	  0.1	0.690	0.000	0.000
144	  V	  8.5	  0.1	0.111	0.000	0.000
145	  T	  8.5	  0.0	0.194	0.000	0.000
146	  P	  0.4	  0.0	0.083	0.000	0.000
147	  L	  3.1	  0.0	0.083	0.000	0.000
148	  T	 33.0	  0.0	0.179	0.000	0.000
149	  F	 34.2	  0.1	0.179	0.000	0.000
150	  S	 31.5	  0.1	0.179	0.000	0.000
151	  R	  2.4	  0.1	0.096	0.000	0.000
152	  L	  0.6	  0.1	0.096	0.000	0.000
153	  Y	  0.9	  0.4	0.096	0.000	0.000
154	  E	  0.5	  0.5	0.096	0.000	0.000
155	  G	  0.4	  0.6	0.000	0.000	0.000
156	  E	  0.1	  0.8	0.000	0.000	0.000
157	  A	  0.2	  0.3	0.000	0.000	0.000
158	  D	  0.3	  0.2	0.191	0.000	0.000
159	  I	  2.7	  0.2	0.191	53.779	53.779
160	  M	  3.2	  0.0	0.191	58.560	58.560
161	  I	  7.3	  0.0	0.191	67.840	67.840
162	  S	  5.4	  0.0	0.191	67.840	67.840
163	  F	  6.0	  0.0	0.191	67.840	67.840
164	  A	  2.4	  0.0	0.000	66.280	66.280
165	  V	  2.2	  0.0	0.000	55.540	55.540
166	  R	  1.1	  0.2	0.000	0.000	0.000
167	  E	  0.5	  0.4	0.000	0.000	0.000
168	  H	  0.1	  2.4	0.000	0.000	0.000
169	  G	  0.1	  2.4	0.000	0.000	0.000
170	  D	  1.7	  2.2	0.000	0.000	0.000
171	  F	  1.9	  2.1	0.000	0.000	0.000
172	  Y	  1.9	  0.0	0.000	0.000	0.000
173	  P	  0.2	  0.2	0.000	0.000	0.000
174	  F	  0.4	  0.2	0.000	0.000	0.000
175	  D	  0.4	  0.3	0.000	0.000	0.000
176	  G	  0.4	  1.3	0.000	0.000	0.000
177	  P	  0.0	  1.4	0.000	0.000	0.000
178	  G	  0.0	  1.4	0.000	0.000	0.000
179	  N	  0.2	  1.2	0.000	0.000	0.000
180	  V	  1.4	  0.2	0.000	0.199	0.199
181	  L	  1.5	  0.0	0.000	0.199	0.199
182	  A	  1.4	  0.0	0.000	0.199	0.199
183	  H	  0.7	  0.2	0.000	0.199	0.199
184	  A	  0.9	  0.2	0.000	0.199	0.199
185	  Y	  1.0	  0.2	0.000	0.199	0.199
186	  A	  0.6	  0.1	0.000	0.000	0.000
187	  P	  0.2	  0.1	0.000	0.000	0.000
188	  G	  0.0	  1.3	0.000	0.000	0.000
189	  P	  0.0	  1.4	0.000	0.000	0.000
190	  G	  0.3	  1.6	0.000	0.000	0.000
191	  I	  1.3	  2.4	0.000	0.000	0.000
192	  N	  1.3	  1.9	0.000	0.000	0.000
193	  G	  1.1	  1.9	0.000	0.000	0.000
194	  D	  0.0	  1.8	0.000	0.000	0.000
195	  A	  0.4	  0.9	0.000	0.000	0.000
196	  H	  2.9	  0.3	0.000	0.000	0.000
197	  F	  3.2	  0.5	0.000	0.000	0.000
198	  D	  2.8	  2.3	0.000	0.000	0.000
199	  D	  0.3	  2.3	0.161	0.000	0.000
200	  D	  0.0	  2.2	1.176	0.000	0.000
201	  E	  0.1	  2.0	1.176	0.000	0.000
202	  Q	  2.4	  0.1	1.176	0.000	0.000
203	  W	  4.9	  0.0	1.176	0.000	0.000
204	  T	  5.2	  0.2	1.176	0.000	0.000
205	  K	  3.2	  0.3	1.176	0.000	0.000
206	  D	  0.9	  0.5	0.961	0.000	0.000
207	  T	  0.6	  0.5	0.000	0.255	0.255
208	  T	  0.4	  0.6	0.000	0.255	0.255
209	  G	  0.2	  0.7	0.000	0.519	0.519
210	  T	  0.3	  0.5	0.000	3.578	3.578
211	  N	  0.8	  0.4	0.000	8.520	8.520
212	  L	  1.5	  0.1	0.000	75.312	75.312
213	  F	  2.4	  0.0	0.000	78.197	78.197
214	  L	  2.8	  0.0	0.000	78.197	78.197
215	  V	  3.3	  0.0	0.000	78.078	78.078
216	  A	  2.4	  0.0	0.000	74.091	74.091
217	  A	  1.5	  0.0	0.000	19.797	19.797
218	  H	  1.4	  0.0	0.000	0.117	0.117
219	  E	  1.3	  0.0	0.000	0.000	0.000
220	  I	  1.3	  0.2	0.000	0.000	0.000
221	  G	  0.1	  0.3	0.000	0.000	0.000
222	  H	  0.2	  0.5	0.000	0.000	0.000
223	  S	  0.4	  0.5	0.000	0.227	0.227
224	  L	  0.4	  0.4	0.000	0.227	0.227
225	  G	  0.3	  0.4	0.000	0.227	0.227
226	  L	  0.6	  0.1	0.000	0.227	0.227
227	  F	  1.1	  0.1	0.000	0.227	0.227
228	  H	  1.2	  0.1	0.000	0.000	0.000
229	  S	  1.2	  1.7	1.142	0.000	0.000
230	  A	  0.7	  1.7	1.142	0.000	0.000
231	  N	  0.8	  1.7	2.282	0.000	0.000
232	  T	  0.3	  1.6	2.748	0.000	0.000
233	  E	  0.3	  0.1	2.748	0.000	0.000
234	  A	  0.4	  0.1	2.748	0.000	0.000
235	  L	  1.3	  0.0	2.538	0.000	0.000
236	  M	  1.4	  0.0	2.386	0.000	0.000
237	  Y	  1.1	  0.1	1.677	0.000	0.000
238	  P	  0.1	  0.1	0.000	0.000	0.000
239	  L	  0.5	  0.1	0.000	0.000	0.000
240	  Y	  1.1	  0.2	0.000	0.000	0.000
241	  H	  1.3	  0.1	0.000	0.000	0.000
242	  S	  2.5	  0.1	0.298	0.000	0.000
243	  L	  2.1	  0.2	0.298	0.000	0.000
244	  T	  2.1	  0.1	2.572	0.000	0.000
245	  D	  0.6	  0.1	2.696	0.000	0.000
246	  L	  0.5	  0.1	2.696	0.000	0.000
247	  T	  1.2	  0.1	2.995	0.000	0.000
248	  R	  2.2	  0.0	2.995	0.000	0.000
249	  F	  4.0	  0.1	2.995	0.000	0.000
250	  R	  3.5	  0.0	0.971	0.000	0.000
251	  L	  2.6	  0.1	0.672	0.000	0.000
252	  S	  1.2	  1.7	0.708	0.000	0.000
253	  Q	  0.8	  1.8	0.383	0.000	0.000
254	  D	  0.7	  1.8	0.149	0.000	0.000
255	  D	  1.0	  3.4	0.149	0.000	0.000
256	  I	  2.0	  5.1	0.149	0.000	0.000
257	  N	  1.9	  5.0	0.149	0.000	0.000
258	  G	  1.1	  5.0	0.000	0.000	0.000
259	  I	  0.3	  3.3	0.000	0.000	0.000
260	  Q	  0.5	  0.1	0.000	0.000	0.000
261	  S	  0.8	  0.1	0.000	0.000	0.000
262	  L	  0.7	  0.1	0.000	0.000	0.000
263	  Y	  0.5	  0.0	0.000	0.000	0.000
264	  G	  0.1	  0.0	0.000	0.000	0.000
265	  P	  0.0	  0.0	0.000	0.000	0.000
266	  P	  0.0	  1.1	0.000	0.000	0.000
267	  P	  0.0	  1.1	0.000	0.000	0.000
268	  D	  0.0	  1.1	0.000	0.000	0.000
269	  S	  0.0	  1.4	0.000	0.000	0.000
270	  P	  0.0	  0.3	0.000	0.000	0.000
271	  E	  0.0	  0.3	0.000	0.000	0.000
272	  T	  0.0	  0.4	0.000	0.000	0.000
273	  P	  0.0	  0.1	0.000	0.000	0.000
274	  L	  0.1	  0.1	0.000	0.000	0.000
275	  V	  0.1	  0.1	0.000	0.000	0.000
276	  P	  0.1	  0.0	0.000	0.000	0.000
277	  T	  0.1	  0.0	0.000	0.000	0.000
278	  E	  0.0	  0.0	0.000	0.000	0.000
279	  P	  0.0	  0.0	0.000	0.000	0.000
280	  V	  0.0	  0.0	0.000	0.000	0.000
281	  P	  0.0	  0.0	0.000	0.000	0.000
282	  P	  0.0	  0.0	0.000	0.000	0.000
283	  E	  0.0	  0.6	0.000	0.000	0.000
284	  P	  0.0	  0.6	0.000	0.000	0.000
285	  G	  0.0	  0.6	0.000	0.000	0.000
286	  T	  0.0	  0.6	0.000	0.000	0.000
287	  P	  0.0	  0.6	0.000	0.000	0.000
288	  A	  0.1	  0.6	0.000	0.000	0.000
289	  N	  0.9	  0.6	0.000	0.000	0.000
290	  C	  0.9	  0.6	0.000	0.000	0.000
291	  D	  0.9	  0.1	0.445	0.000	0.000
292	  P	  0.1	  0.1	0.445	0.000	0.000
293	  A	  0.2	  0.1	0.445	0.000	0.000
294	  L	  2.5	  0.1	0.445	0.000	0.000
295	  S	 10.1	  0.3	0.445	0.000	0.000
296	  F	 10.6	  0.3	0.445	0.000	0.000
297	  D	  8.6	  0.3	0.000	0.000	0.000
298	  A	  1.4	  0.3	0.000	0.822	0.822
299	  V	  1.4	  0.1	0.000	0.986	0.986
300	  S	  1.5	  0.1	0.000	0.986	0.986
301	  T	  3.5	  0.1	0.000	1.294	1.294
302	  L	  2.8	  0.2	0.000	1.812	1.812
303	  R	  2.7	  0.2	0.000	1.128	1.128
304	  G	  0.3	  0.2	0.255	1.128	1.128
305	  E	  0.3	  0.2	0.255	2.347	2.347
306	  I	  2.6	  0.0	0.255	4.508	4.508
307	  L	  3.1	  0.0	0.255	4.706	4.706
308	  I	  3.3	  0.0	0.255	4.706	4.706
309	  F	  1.5	  0.3	0.255	4.706	4.706
310	  K	  0.9	  0.3	0.000	3.578	3.578
311	  D	  0.5	  0.4	0.000	2.359	2.359
312	  R	  1.8	  0.4	0.000	0.000	0.000
313	  H	  3.7	  0.1	0.000	0.000	0.000
314	  F	  5.0	  0.1	0.000	0.000	0.000
315	  W	  4.1	  0.0	0.000	0.000	0.000
316	  R	  2.4	  0.1	0.000	0.000	0.000
317	  K	  1.2	  0.2	0.000	0.000	0.000
318	  S	  2.3	  0.2	0.000	0.000	0.000
319	  L	  2.4	  0.2	0.000	0.000	0.000
320	  R	  2.5	  0.1	0.000	0.000	0.000
321	  K	  4.5	  0.1	0.000	0.000	0.000
322	  L	  4.3	  0.1	0.000	0.000	0.000
323	  E	  4.0	  0.0	0.000	0.000	0.000
324	  P	  0.1	  0.1	0.000	0.000	0.000
325	  E	  1.2	  0.1	0.000	0.000	0.000
326	  L	  2.4	  0.1	0.000	0.000	0.000
327	  H	  3.3	  0.1	0.000	0.000	0.000
328	  L	  2.6	  0.0	0.000	0.638	0.638
329	  I	  2.1	  0.2	0.000	0.638	0.638
330	  S	  1.4	  0.2	0.000	0.638	0.638
331	  S	  2.7	  0.2	0.000	0.638	0.638
332	  F	  2.3	  0.2	0.000	0.638	0.638
333	  W	  2.0	  0.9	0.000	0.000	0.000
334	  P	  0.2	  0.9	0.000	0.000	0.000
335	  S	  0.1	  0.9	0.000	0.000	0.000
336	  L	  0.1	  2.0	0.000	0.000	0.000
337	  P	  0.1	  1.3	0.000	0.000	0.000
338	  S	  0.0	  1.4	0.000	0.000	0.000
339	  G	  0.1	  1.4	0.000	0.000	0.000
340	  V	  0.7	  0.3	0.000	0.000	0.000
341	  D	  0.7	  0.0	0.000	0.000	0.000
342	  A	  0.7	  0.0	0.000	0.000	0.000
343	  A	  0.3	  0.0	0.000	0.000	0.000
344	  Y	  8.8	  0.0	0.000	0.000	0.000
345	  E	 13.5	  0.0	0.000	0.000	0.000
346	  V	 15.8	  0.0	0.000	0.406	0.406
347	  T	  9.1	  0.1	0.750	0.440	0.440
348	  S	  4.1	  1.6	0.750	0.448	0.448
349	  K	  1.7	  1.6	0.750	0.511	0.511
350	  D	  0.6	  1.6	1.217	0.574	0.574
351	  L	  1.5	  1.5	1.217	98.496	98.496
352	  V	  4.1	  0.0	1.217	98.496	98.496
353	  F	  4.6	  0.0	1.217	98.496	98.496
354	  I	  3.7	  0.0	0.829	98.496	98.496
355	  F	  1.4	  0.2	0.829	98.458	98.458
356	  K	  0.8	  0.6	0.367	0.064	0.064
357	  G	  0.3	  0.6	0.000	0.005	0.005
358	  N	  1.2	  0.6	0.000	0.000	0.000
359	  Q	  3.8	  0.4	0.000	0.424	0.424
360	  F	  4.9	  0.0	0.000	0.424	0.424
361	  W	  4.4	  0.0	0.000	0.424	0.424
362	  A	  2.2	  0.0	0.000	0.424	0.424
363	  I	  3.3	  0.0	0.000	0.424	0.424
364	  R	  2.8	  0.2	0.000	0.000	0.000
365	  G	  2.4	  0.2	0.000	0.000	0.000
366	  N	  0.2	  0.2	0.401	0.000	0.000
367	  E	  1.8	  0.2	0.521	0.000	0.000
368	  V	  3.1	  0.0	0.521	0.000	0.000
369	  R	  3.1	  0.3	0.521	0.000	0.000
370	  A	  1.4	  0.3	0.521	0.000	0.000
371	  G	  0.1	  0.3	0.521	0.000	0.000
372	  Y	  0.1	  0.8	0.326	0.000	0.000
373	  P	  0.0	  0.7	0.000	0.000	0.000
374	  R	  0.2	  0.7	0.000	0.000	0.000
375	  G	  0.2	  0.7	0.259	0.000	0.000
376	  I	  1.6	  0.2	0.259	0.000	0.000
377	  H	  2.6	  0.1	0.259	0.000	0.000
378	  T	  2.6	  0.1	0.259	0.000	0.000
379	  L	  1.4	  0.1	0.259	0.000	0.000
380	  G	  0.2	  0.1	0.259	0.000	0.000
381	  F	  0.1	  0.0	0.259	0.000	0.000
382	  P	  0.0	  0.2	0.000	0.000	0.000
383	  P	  0.0	  0.2	0.000	0.000	0.000
384	  T	  7.8	  0.2	0.000	0.000	0.000
385	  V	  8.6	  0.3	0.000	0.000	0.000
386	  R	  9.2	  0.0	0.000	0.000	0.000
387	  K	  2.6	  0.0	0.000	0.000	0.000
388	  I	  2.5	  0.0	0.000	0.000	0.000
389	  D	  1.9	  0.0	0.000	0.000	0.000
390	  A	  0.8	  0.0	0.000	0.000	0.000
391	  A	  0.5	  0.0	0.000	0.000	0.000
392	  I	  0.6	  0.1	0.000	0.000	0.000
393	  S	  0.4	  0.2	4.496	0.000	0.000
394	  D	  0.1	  0.4	4.904	0.000	0.000
395	  K	  0.3	  0.4	4.904	0.000	0.000
396	  E	  0.6	  0.4	4.904	0.000	0.000
397	  K	  0.6	  0.4	4.904	0.000	0.000
398	  N	  0.4	  0.3	4.904	0.050	0.050
399	  K	  0.7	  0.2	2.738	0.221	0.221
400	  T	  7.0	  0.1	0.599	68.498	68.498
401	  Y	  8.3	  0.1	0.599	68.617	68.617
402	  F	  9.1	  0.0	0.252	68.617	68.617
403	  F	  4.8	  0.0	0.000	68.617	68.617
404	  V	  4.2	  0.1	0.000	68.617	68.617
405	  E	  2.9	  0.2	0.000	0.411	0.411
406	  D	  1.0	  0.2	0.213	0.190	0.190
407	  K	  0.4	  0.2	0.213	0.190	0.190
408	  Y	  1.7	  0.0	0.213	0.190	0.190
409	  W	  3.3	  0.0	0.213	0.190	0.190
410	  R	  6.8	  0.0	0.213	0.190	0.190
411	  F	  5.7	  0.0	0.213	0.190	0.190
412	  D	  4.1	  0.2	0.453	0.000	0.000
413	  E	  0.4	  0.2	0.453	0.000	0.000
414	  K	  0.3	  0.4	0.453	0.000	0.000
415	  R	  0.3	  0.4	0.453	0.000	0.000
416	  N	  0.2	  0.2	0.453	0.000	0.000
417	  S	  3.2	  0.2	0.453	0.000	0.000
418	  M	  3.2	  0.0	0.175	0.000	0.000
419	  E	  3.2	  0.9	0.000	0.000	0.000
420	  P	  0.1	  0.9	0.000	0.000	0.000
421	  G	  0.0	  0.9	0.000	0.000	0.000
422	  F	  0.0	  1.1	0.000	0.000	0.000
423	  P	  0.0	  0.2	0.154	0.000	0.000
424	  K	  0.3	  0.2	0.154	0.000	0.000
425	  Q	  0.7	  0.2	0.154	0.000	0.000
426	  I	  1.1	  0.1	0.154	0.000	0.000
427	  A	  0.8	  0.4	0.154	0.000	0.000
428	  E	  0.5	  0.4	0.154	0.000	0.000
429	  D	  0.1	  0.4	0.154	0.000	0.000
430	  F	  0.1	  2.5	0.000	0.000	0.000
431	  P	  0.1	  2.2	0.000	0.000	0.000
432	  G	  0.2	  2.2	0.000	0.000	0.000
433	  I	  1.1	  2.3	0.000	0.000	0.000
434	  D	  1.1	  0.2	0.000	0.000	0.000
435	  S	  1.3	  0.1	0.000	0.000	0.000
436	  K	  1.7	  0.1	0.000	0.000	0.000
437	  I	  2.3	  0.1	0.000	0.000	0.000
438	  D	  2.0	  0.0	0.000	0.000	0.000
439	  A	  1.3	  0.0	0.000	0.000	0.000
440	  V	  4.1	  0.0	0.000	0.000	0.000
441	  F	  4.8	  0.1	0.000	0.000	0.000
442	  E	  4.2	  0.1	0.000	0.000	0.000
443	  E	  0.8	  0.1	0.000	0.000	0.000
444	  F	  0.3	  0.1	0.000	12.597	12.597
445	  G	  0.3	  0.0	0.000	15.395	15.395
446	  F	  1.7	  0.0	0.000	96.372	96.372
447	  F	  2.9	  0.0	0.000	98.988	98.988
448	  Y	  4.3	  0.0	0.000	99.007	99.007
449	  F	  4.1	  0.0	0.000	98.959	98.959
450	  F	  4.1	  0.1	0.000	98.239	98.239
451	  T	  2.8	  0.8	0.000	40.509	40.509
452	  G	  1.7	  0.9	0.000	3.789	3.789
453	  S	  0.4	  1.0	0.000	0.466	0.466
454	  S	  0.4	  0.9	0.144	0.054	0.054
455	  Q	  1.6	  0.3	0.144	0.003	0.003
456	  L	  2.2	  0.1	0.144	0.003	0.003
457	  E	  5.4	  0.0	0.144	0.000	0.000
458	  F	  4.3	  0.0	0.144	0.000	0.000
459	  D	  3.6	  9.1	1.602	0.000	0.000
460	  P	  0.2	  9.1	1.458	0.000	0.000
461	  N	  0.0	  9.2	1.458	0.000	0.000
462	  A	  0.1	  9.3	1.458	0.000	0.000
463	  K	  0.3	  0.2	1.458	0.000	0.000
464	  K	  5.0	  0.2	1.458	0.000	0.000
465	  V	  9.3	  0.0	0.000	0.000	0.000
466	  T	 11.7	  0.0	0.000	0.000	0.000
467	  H	  8.1	  0.0	0.000	0.000	0.000
468	  T	  6.6	  0.0	0.000	0.000	0.000
469	  L	  4.2	  0.2	0.000	0.000	0.000
470	  K	  3.2	  0.3	0.000	0.000	0.000
471	  S	  0.5	  0.5	0.000	0.000	0.000
472	  N	  1.0	  0.5	0.000	0.000	0.000
473	  S	  1.3	  0.4	0.000	0.000	0.000
474	  W	  1.9	  0.4	0.000	0.000	0.000
475	  L	  3.7	  0.2	0.000	0.000	0.000
476	  N	  3.3	  0.2	0.000	0.000	0.000
477	  C	  2.7	  0.2	0.000	0.000	0.000
