res	aa	Beta	Turn	Helix	Aggregation	Conc-Stab_Aggregation
01	  M	  0.4	  0.1	0.000	0.000	0.000
02	  S	  0.5	  0.2	0.216	0.000	0.000
03	  S	  0.6	  0.3	0.216	0.000	0.000
04	  A	  0.2	  0.7	0.216	0.000	0.000
05	  A	  0.2	  0.6	0.216	0.000	0.000
06	  G	  0.1	  0.6	0.216	0.000	0.000
07	  F	  3.0	  0.4	0.216	0.000	0.000
08	  C	  3.8	  0.3	0.000	0.000	0.000
09	  A	  4.0	  0.3	0.000	0.000	0.000
10	  S	  1.2	  0.3	0.000	0.000	0.000
11	  R	  0.4	  1.0	0.000	0.000	0.000
12	  P	  0.0	  0.7	0.000	0.028	0.028
13	  G	  0.0	  0.7	0.000	2.660	2.660
14	  L	  0.6	  0.7	0.000	78.564	78.564
15	  L	  1.3	  0.0	0.000	92.384	92.384
16	  F	  1.7	  0.1	0.288	94.845	94.845
17	  L	  1.2	  0.2	0.288	95.016	95.016
18	  G	  0.5	  0.2	0.288	94.883	94.883
19	  L	  1.1	  0.2	0.288	94.517	94.517
20	  L	  2.9	  0.0	0.288	92.097	92.097
21	  L	  3.0	  0.0	0.288	78.505	78.505
22	  L	  2.1	  0.0	0.288	4.366	4.366
23	  P	  0.1	  0.0	0.549	2.562	2.562
24	  L	  1.8	  0.0	0.549	71.910	71.910
25	  V	  6.3	  0.0	0.549	78.612	78.612
26	  V	  8.1	  0.0	0.549	78.659	78.659
27	  A	  6.5	  0.0	0.549	78.659	78.659
28	  F	  2.8	  0.2	0.549	78.646	78.646
29	  A	  1.1	  0.2	0.323	41.127	41.127
30	  S	  1.3	  0.3	0.289	3.193	3.193
31	  A	  0.6	  0.4	0.136	1.464	1.464
32	  E	  0.5	  0.2	0.136	0.000	0.000
33	  A	  0.1	  0.2	0.136	0.000	0.000
34	  E	  0.1	  0.7	0.136	0.000	0.000
35	  E	  0.0	  0.8	0.136	0.000	0.000
36	  D	  0.0	  1.3	0.000	0.000	0.000
37	  G	  0.0	  1.2	0.238	0.000	0.000
38	  D	  0.1	  0.8	0.834	0.000	0.000
39	  L	  1.7	  0.6	0.834	0.000	0.000
40	  Q	  2.3	  0.2	0.834	0.000	0.000
41	  C	  3.4	  0.1	0.834	0.000	0.000
42	  L	  2.6	  0.0	0.834	0.000	0.000
43	  C	  5.7	  0.0	0.834	0.000	0.000
44	  V	  5.9	  0.0	0.616	0.000	0.000
45	  K	  6.0	  0.0	0.616	0.000	0.000
46	  T	  5.2	  0.1	0.000	0.000	0.000
47	  T	  4.8	  0.1	0.000	0.000	0.000
48	  S	  4.1	  0.1	0.000	0.000	0.000
49	  Q	  2.3	  0.1	0.000	0.000	0.000
50	  V	  1.6	  0.1	0.000	0.000	0.000
51	  R	  1.4	  0.2	0.000	0.000	0.000
52	  P	  0.4	  0.2	0.000	0.000	0.000
53	  R	  2.2	  0.2	0.000	0.000	0.000
54	  H	  8.7	  0.2	0.000	0.000	0.000
55	  I	 10.9	  0.1	0.000	0.000	0.000
56	  T	  9.2	  0.0	2.506	0.000	0.000
57	  S	  3.7	  0.0	3.727	0.000	0.000
58	  L	  2.9	  0.0	3.863	0.000	0.000
59	  E	  2.9	  0.0	4.301	0.000	0.000
60	  V	  4.5	  0.0	4.301	0.000	0.000
61	  I	  4.4	  0.0	4.301	0.000	0.000
62	  K	  4.1	  0.0	4.301	0.000	0.000
63	  A	  1.5	  0.1	3.719	0.000	0.000
64	  G	  0.1	  0.6	3.092	0.000	0.000
65	  P	  0.0	  0.5	0.000	0.000	0.000
66	  H	  0.1	  0.5	0.000	0.000	0.000
67	  C	  0.1	  1.0	0.770	0.000	0.000
68	  P	  0.1	  0.6	1.197	0.000	0.000
69	  T	  1.1	  0.6	2.922	0.000	0.000
70	  A	  1.4	  0.6	2.922	0.000	0.000
71	  Q	  1.7	  0.0	3.035	0.128	0.128
72	  L	  1.1	  0.0	3.035	3.392	3.392
73	  I	  1.9	  0.0	3.035	3.392	3.392
74	  A	  2.1	  0.0	3.035	3.392	3.392
75	  T	  4.4	  0.0	3.145	3.392	3.392
76	  L	  3.5	  0.6	3.145	3.392	3.392
77	  K	  3.1	  5.9	3.145	0.000	0.000
78	  N	  0.2	  6.0	1.433	0.000	0.000
79	  G	  0.0	  6.0	0.603	0.000	0.000
80	  R	  0.6	  5.5	0.237	0.000	0.000
81	  K	  1.3	  0.2	0.000	0.000	0.000
82	  I	  2.9	  0.0	0.000	0.000	0.000
83	  C	  3.8	  0.2	0.000	0.000	0.000
84	  L	  4.2	  0.2	0.000	0.000	0.000
85	  D	  2.7	  0.2	0.000	0.000	0.000
86	  L	  2.0	  0.2	0.000	0.000	0.000
87	  Q	  1.0	  0.0	0.000	0.000	0.000
88	  A	  0.8	  0.2	0.000	0.000	0.000
89	  P	  0.0	  0.2	0.000	0.000	0.000
90	  L	  0.2	  0.2	0.000	0.000	0.000
91	  Y	  0.7	  0.2	0.000	0.000	0.000
92	  K	  0.8	  0.1	0.000	0.000	0.000
93	  K	  2.2	  0.1	0.000	0.000	0.000
94	  I	  3.7	  0.1	0.000	0.000	0.000
95	  I	  4.0	  0.0	0.000	0.000	0.000
96	  K	  2.5	  0.1	0.000	0.000	0.000
97	  K	  0.8	  0.1	0.000	0.000	0.000
98	  L	  0.4	  0.1	0.000	0.000	0.000
99	  L	  0.6	  0.0	0.000	0.000	0.000
100	  E	  0.3	  0.0	0.000	0.000	0.000
101	  S	  0.3	  0.0	0.000	0.000	0.000
