res	aa	Beta	Turn	Helix	Aggregation	Conc-Stab_Aggregation
01	  M	  0.0	  0.0	0.000	0.000	0.000
02	  A	  0.1	  0.4	0.000	0.000	0.000
03	  P	  0.1	  0.4	0.000	0.000	0.000
04	  S	  0.0	  0.4	0.000	0.000	0.000
05	  S	  0.1	  0.4	0.000	0.000	0.000
06	  P	  0.1	  0.0	0.000	0.000	0.000
07	  R	  0.0	  0.0	0.000	0.000	0.000
08	  P	  0.0	  0.0	0.000	0.000	0.000
09	  A	  0.0	  0.0	0.000	0.000	0.000
10	  L	  0.0	  0.0	0.788	0.000	0.000
11	  P	  0.0	  0.0	1.899	0.551	0.551
12	  A	  0.3	  0.0	2.321	44.667	44.667
13	  L	  1.2	  0.0	2.321	91.609	91.609
14	  L	  3.2	  0.0	2.321	94.973	94.973
15	  V	  6.8	  0.0	2.321	95.503	95.503
16	  L	  6.0	  0.0	2.321	95.527	95.527
17	  L	  4.0	  0.1	2.321	91.048	91.048
18	  G	  0.1	  0.1	2.321	38.015	38.015
19	  A	  0.3	  0.1	0.156	32.771	32.771
20	  L	  0.4	  0.1	0.000	28.264	28.264
21	  F	  0.4	  0.0	0.000	3.624	3.624
22	  P	  0.1	  0.1	0.000	1.550	1.550
23	  G	  0.0	  1.1	0.000	0.000	0.000
24	  P	  0.0	  1.7	0.000	0.000	0.000
25	  G	  0.0	  1.7	0.000	0.000	0.000
26	  N	  0.0	  1.7	0.000	0.000	0.000
27	  A	  0.1	  0.7	0.000	0.000	0.000
28	  Q	  0.2	  0.2	0.000	0.000	0.000
29	  T	  1.0	  0.2	0.000	0.000	0.000
30	  S	 18.6	  0.1	0.000	0.000	0.000
31	  V	 18.8	  0.0	0.000	0.000	0.000
32	  S	 18.1	  2.1	0.000	0.000	0.000
33	  P	  0.3	  2.2	0.000	0.000	0.000
34	  S	  0.3	  2.2	0.000	0.000	0.000
35	  K	  2.5	  2.2	0.000	0.000	0.000
36	  V	 16.6	  0.0	0.000	0.000	0.000
37	  I	 16.6	  0.0	0.000	0.000	0.000
38	  L	 14.5	  0.4	0.000	0.000	0.000
39	  P	  0.3	  0.5	0.000	0.000	0.000
40	  R	  0.0	  0.8	0.000	0.000	0.000
41	  G	  0.0	  0.9	0.000	0.000	0.000
42	  G	  0.0	  0.5	0.000	0.320	0.320
43	  S	  0.5	  0.3	0.000	3.827	3.827
44	  V	  6.1	  0.1	0.000	9.716	9.716
45	  L	  6.4	  0.0	0.000	9.716	9.716
46	  V	 12.6	  0.0	0.000	9.716	9.716
47	  T	 15.8	  0.0	0.000	9.515	9.515
48	  C	 15.6	  0.1	0.000	6.499	6.499
49	  S	 11.2	  0.4	0.000	0.947	0.947
50	  T	  3.7	  0.4	0.000	0.337	0.337
51	  S	  9.8	  0.8	0.000	0.000	0.000
52	  C	  9.7	  0.7	0.000	0.000	0.000
53	  D	  8.0	  0.4	0.000	0.000	0.000
54	  Q	  1.9	  0.5	0.000	0.000	0.000
55	  P	  0.0	  0.2	0.000	0.000	0.000
56	  K	  0.3	  0.2	0.000	0.000	0.000
57	  L	  0.4	  0.2	0.000	0.000	0.000
58	  L	  0.5	  0.1	0.000	0.000	0.000
59	  G	  0.3	  0.0	0.000	0.000	0.000
60	  I	  1.2	  0.0	0.000	0.000	0.000
61	  E	  1.0	  0.0	0.000	0.000	0.000
62	  T	  1.0	  0.0	0.000	0.000	0.000
63	  P	  0.0	  0.0	0.000	0.000	0.000
64	  L	  0.0	  0.2	0.000	0.000	0.000
65	  P	  0.0	  0.2	0.480	0.000	0.000
66	  K	  0.2	  0.3	0.480	0.000	0.000
67	  K	  0.3	  0.3	0.480	0.000	0.000
68	  E	  0.4	  0.1	0.480	0.000	0.000
69	  L	  2.1	  0.1	0.480	0.000	0.000
70	  L	  2.1	  0.0	0.480	0.000	0.000
71	  L	  2.1	  0.6	0.325	0.000	0.000
72	  P	  0.1	  1.8	0.000	0.000	0.000
73	  G	  0.0	  1.9	0.000	0.000	0.000
74	  N	  0.0	  2.0	0.000	0.000	0.000
75	  N	  0.0	  1.4	0.151	0.000	0.000
76	  R	  0.7	  0.1	0.151	0.000	0.000
77	  K	  1.6	  0.1	0.151	0.000	0.000
78	  V	  5.0	  0.0	0.151	0.000	0.000
79	  Y	  6.7	  0.0	0.151	0.000	0.000
80	  E	  6.1	  0.0	0.151	0.000	0.000
81	  L	  2.8	  0.2	0.151	0.000	0.000
82	  S	  0.5	  0.2	0.151	0.000	0.000
83	  N	  1.4	  0.2	0.151	0.000	0.000
84	  V	  2.0	  0.2	0.000	0.000	0.000
85	  Q	  2.0	  0.3	0.000	0.000	0.000
86	  E	  0.7	  0.3	0.000	0.000	0.000
87	  D	  0.2	  0.3	0.000	0.000	0.000
88	  S	  0.2	  0.3	0.000	0.000	0.000
89	  Q	  0.2	  0.0	0.000	0.000	0.000
90	  P	  0.1	  0.0	0.000	0.000	0.000
91	  M	  1.3	  0.0	0.000	0.000	0.000
92	  C	  5.0	  0.0	0.000	0.000	0.000
93	  Y	  5.3	  0.3	0.000	0.000	0.000
94	  S	  4.1	  0.3	0.000	0.000	0.000
95	  N	  0.4	  0.3	0.000	0.000	0.000
96	  C	  0.1	  5.8	0.000	0.000	0.000
97	  P	  0.1	  5.9	0.000	0.000	0.000
98	  D	  0.0	  6.0	0.000	0.000	0.000
99	  G	  0.0	  6.1	0.485	0.000	0.000
100	  Q	  0.2	  0.6	0.485	0.000	0.000
101	  S	  0.3	  0.2	0.485	0.000	0.000
102	  T	  1.6	  0.2	0.485	0.000	0.000
103	  A	  1.5	  0.1	0.485	0.000	0.000
104	  K	  2.0	  0.1	0.485	0.000	0.000
105	  T	  3.8	  0.1	0.000	29.472	29.472
106	  F	  4.1	  0.1	0.000	77.604	77.604
107	  L	  7.0	  0.0	0.000	87.007	87.007
108	  T	  9.5	  0.0	0.000	87.007	87.007
109	  V	 10.7	  0.0	0.000	87.032	87.032
110	  Y	  8.6	  0.0	0.000	86.193	86.193
111	  W	  3.3	  0.0	0.000	78.673	78.673
112	  T	  1.7	  0.2	0.323	2.720	2.720
113	  P	  0.3	  0.3	0.323	0.687	0.687
114	  E	  0.1	  0.3	0.323	0.000	0.000
115	  R	  2.2	  0.3	0.323	0.000	0.000
116	  V	  6.9	  0.1	0.323	0.000	0.000
117	  E	  7.0	  0.0	0.323	0.000	0.000
118	  L	  5.0	  0.0	0.175	0.000	0.000
119	  A	  0.3	  0.0	0.175	0.000	0.000
120	  P	  0.0	  0.0	0.000	0.000	0.000
121	  L	  0.0	  0.8	0.000	0.000	0.000
122	  P	  0.0	  0.8	0.000	0.000	0.000
123	  S	  4.8	  0.8	0.000	0.000	0.000
124	  W	  5.1	  0.8	0.000	0.000	0.000
125	  Q	  5.1	  0.0	0.000	0.000	0.000
126	  P	  0.3	  0.2	0.000	0.000	0.000
127	  V	  0.1	  0.5	0.000	0.000	0.000
128	  G	  0.1	  0.8	0.000	0.000	0.000
129	  K	  0.1	  0.8	0.000	0.000	0.000
130	  N	  0.4	  0.6	0.000	0.000	0.000
131	  L	  2.7	  0.3	0.000	0.000	0.000
132	  T	  5.0	  0.0	0.000	0.000	0.000
133	  L	  7.8	  0.0	0.000	0.000	0.000
134	  R	  6.6	  0.0	0.000	0.000	0.000
135	  C	  5.3	  0.0	0.000	0.000	0.000
136	  Q	  3.8	  0.0	0.000	0.000	0.000
137	  V	  3.0	  0.1	0.000	0.000	0.000
138	  E	  2.0	  0.7	0.000	0.000	0.000
139	  G	  0.2	  0.6	0.000	0.000	0.000
140	  G	  0.0	  0.6	0.000	0.000	0.000
141	  A	  0.0	  0.7	0.000	0.000	0.000
142	  P	  0.0	  0.2	0.000	0.000	0.000
143	  R	  0.3	  0.5	0.000	0.000	0.000
144	  A	  0.3	  0.5	0.000	0.883	0.883
145	  N	  0.6	  0.3	1.193	1.927	1.927
146	  L	  3.6	  0.2	1.193	69.989	69.989
147	  T	  8.7	  0.0	1.950	80.520	80.520
148	  V	 15.7	  0.0	1.950	80.520	80.520
149	  V	 15.8	  0.0	1.950	80.520	80.520
150	  L	 10.9	  0.0	1.950	80.381	80.381
151	  L	  3.8	  0.1	2.060	69.551	69.551
152	  R	  0.3	  0.1	1.902	0.031	0.031
153	  G	  0.2	  0.2	2.021	0.031	0.031
154	  E	  0.1	  0.2	1.458	0.031	0.031
155	  K	  0.2	  0.2	1.223	0.000	0.000
156	  E	  1.5	  0.1	1.223	0.000	0.000
157	  L	  1.5	  0.1	1.223	0.000	0.000
158	  K	  2.2	  0.1	1.112	0.000	0.000
159	  R	  0.9	  0.0	0.594	0.000	0.000
160	  E	  0.8	  0.0	0.194	0.000	0.000
161	  P	  0.0	  0.0	0.000	0.000	0.000
162	  A	  0.1	  0.1	0.000	0.000	0.000
163	  V	  0.3	  0.1	0.000	0.000	0.000
164	  G	  0.3	  0.1	0.000	0.000	0.000
165	  E	  0.2	  0.1	0.000	0.000	0.000
166	  P	  0.0	  0.0	0.000	0.000	0.000
167	  A	  0.2	  0.0	0.000	0.000	0.000
168	  E	  5.3	  0.0	0.000	0.098	0.098
169	  V	  6.9	  0.0	0.000	55.797	55.797
170	  T	  8.3	  0.0	0.234	60.508	60.508
171	  T	  5.2	  0.0	0.338	61.369	61.369
172	  T	  7.0	  0.0	0.338	61.369	61.369
173	  V	 11.5	  0.0	0.338	61.369	61.369
174	  L	  9.8	  0.0	0.338	61.112	61.112
175	  V	  7.6	  0.0	0.338	49.767	49.767
176	  R	  2.0	  0.4	0.338	0.098	0.098
177	  R	  1.8	  0.4	0.000	0.000	0.000
178	  D	  0.6	  0.5	0.000	0.000	0.000
179	  H	  0.3	  0.8	0.000	0.000	0.000
180	  H	  0.3	  0.8	0.000	0.000	0.000
181	  G	  0.3	  1.1	0.000	0.000	0.000
182	  A	  0.1	  1.0	0.000	0.000	0.000
183	  N	  1.0	  0.9	0.000	0.000	0.000
184	  F	 20.0	  0.6	0.000	0.000	0.000
185	  S	 26.0	  0.3	0.126	0.000	0.000
186	  C	 25.3	  0.3	0.126	0.000	0.000
187	  R	  7.7	  0.1	0.126	0.000	0.000
188	  T	  0.3	  0.1	0.894	0.000	0.000
189	  E	  0.8	  0.2	0.894	0.000	0.000
190	  L	  1.9	  0.1	0.894	0.000	0.000
191	  D	  2.5	  0.1	0.894	0.000	0.000
192	  L	  2.0	  0.1	0.894	0.000	0.000
193	  R	  1.0	  0.6	0.894	0.000	0.000
194	  P	  0.2	  0.8	0.000	0.000	0.000
195	  Q	  0.0	  0.8	0.000	0.000	0.000
196	  G	  0.0	  0.8	0.000	0.000	0.000
197	  L	  0.7	  0.3	0.000	0.000	0.000
198	  E	  0.9	  0.1	0.000	0.000	0.000
199	  L	  1.0	  0.1	0.000	0.000	0.000
200	  F	  1.3	  0.3	0.000	0.000	0.000
201	  E	  1.2	  0.2	0.000	0.000	0.000
202	  N	  1.4	  0.6	0.000	0.000	0.000
203	  T	  1.4	  0.6	0.000	0.000	0.000
204	  S	  1.4	  0.3	0.000	0.000	0.000
205	  A	  1.1	  0.5	0.000	0.000	0.000
206	  P	  0.1	  0.1	0.000	0.000	0.000
207	  Y	  3.3	  0.2	0.000	0.151	0.151
208	  Q	  4.3	  0.2	0.000	0.151	0.151
209	  L	  4.4	  0.1	0.000	1.274	1.274
210	  Q	  2.1	  0.1	0.000	1.274	1.274
211	  T	  6.2	  0.1	0.000	1.482	1.482
212	  F	  9.5	  0.1	0.000	1.482	1.482
213	  V	  9.0	  0.0	0.000	1.482	1.482
214	  L	  4.0	  0.0	0.000	0.208	0.208
215	  P	  0.5	  0.0	0.000	0.208	0.208
216	  A	  0.0	  0.0	0.000	0.000	0.000
217	  T	  0.0	  0.0	0.000	0.000	0.000
218	  P	  0.0	  0.3	0.000	0.000	0.000
219	  P	  0.0	  0.3	0.000	0.000	0.000
220	  Q	  0.8	  0.3	0.000	0.000	0.000
221	  L	  2.2	  0.3	0.000	0.000	0.000
222	  V	  2.6	  0.0	0.000	0.000	0.000
223	  S	  1.8	  0.2	0.000	0.000	0.000
224	  P	  0.4	  0.2	0.000	0.000	0.000
225	  R	  1.6	  0.2	0.000	0.000	0.000
226	  V	  3.0	  0.2	0.000	0.000	0.000
227	  L	  4.8	  0.0	0.000	0.000	0.000
228	  E	  8.1	  0.0	0.000	0.000	0.000
229	  V	  7.6	  0.0	0.000	0.000	0.000
230	  D	  6.0	  0.2	0.000	0.000	0.000
231	  T	  1.1	  0.3	0.000	0.000	0.000
232	  Q	  0.2	  0.4	0.000	0.000	0.000
233	  G	  0.1	  0.3	0.000	0.000	0.000
234	  T	  5.5	  0.2	0.000	0.240	0.240
235	  V	  7.9	  0.0	0.000	0.644	0.644
236	  V	  8.8	  0.0	0.000	0.644	0.644
237	  C	  4.8	  0.1	0.000	0.644	0.644
238	  S	  4.6	  2.3	0.260	0.644	0.644
239	  L	  3.7	  2.5	0.260	0.644	0.644
240	  D	  2.3	  2.5	0.260	0.000	0.000
241	  G	  0.1	  2.4	0.260	0.000	0.000
242	  L	  0.1	  0.2	0.260	0.000	0.000
243	  F	  0.1	  0.0	0.260	0.000	0.000
244	  P	  0.1	  0.0	0.000	0.000	0.000
245	  V	  0.4	  0.0	0.000	0.000	0.000
246	  S	  0.4	  0.1	0.122	0.000	0.000
247	  E	  0.5	  0.1	0.122	0.000	0.000
248	  A	  0.3	  0.1	0.122	0.000	0.000
249	  Q	  0.8	  0.0	0.122	0.000	0.000
250	  V	  5.4	  0.0	0.122	0.000	0.000
251	  H	  5.5	  0.0	0.122	0.000	0.000
252	  L	  5.3	  0.1	0.000	0.000	0.000
253	  A	  0.7	  0.1	0.000	0.000	0.000
254	  L	  0.4	  0.7	0.000	0.000	0.000
255	  G	  0.1	  0.7	0.291	0.000	0.000
256	  D	  0.2	  0.7	0.291	0.000	0.000
257	  Q	  0.5	  0.7	0.291	0.000	0.000
258	  R	  4.2	  0.1	0.291	0.000	0.000
259	  L	  4.1	  0.1	0.291	0.000	0.000
260	  N	  3.8	  0.2	0.291	0.000	0.000
261	  P	  0.1	  0.2	0.000	0.000	0.000
262	  T	 10.4	  0.2	0.000	0.000	0.000
263	  V	 18.4	  0.2	0.000	0.000	0.000
264	  T	 19.3	  0.0	0.000	0.000	0.000
265	  Y	  9.6	  2.0	0.000	0.000	0.000
266	  G	  0.9	  2.1	0.000	0.000	0.000
267	  N	  0.1	  2.4	0.000	0.000	0.000
268	  D	  0.5	  2.4	0.000	0.000	0.000
269	  S	 21.2	  0.5	0.693	0.000	0.000
270	  F	 24.3	  0.4	0.693	0.000	0.000
271	  S	 24.0	  0.1	0.693	0.000	0.000
272	  A	  4.3	  0.1	0.693	0.000	0.000
273	  K	  0.3	  0.0	0.693	0.000	0.000
274	  A	  0.5	  0.0	0.693	0.180	0.180
275	  S	 10.7	  0.1	0.460	0.393	0.393
276	  V	 18.6	  0.1	0.000	0.393	0.393
277	  S	 21.4	  0.1	0.000	0.393	0.393
278	  V	 14.6	  0.1	0.000	0.393	0.393
279	  T	  6.4	  0.0	0.000	0.393	0.393
280	  A	  2.8	  0.2	0.000	0.000	0.000
281	  E	  0.3	  0.3	0.000	0.000	0.000
282	  D	  0.0	  1.1	2.403	0.000	0.000
283	  E	  0.0	  1.2	2.403	0.000	0.000
284	  G	  0.0	  1.0	2.403	0.000	0.000
285	  T	  1.2	  1.0	2.403	0.000	0.000
286	  Q	  1.4	  0.2	2.403	0.000	0.000
287	  R	  2.1	  0.1	2.403	0.000	0.000
288	  L	  5.3	  0.1	2.403	8.682	8.682
289	  T	  6.5	  0.0	1.026	10.254	10.254
290	  C	  6.9	  0.0	1.026	16.435	16.435
291	  A	  3.6	  0.0	0.374	18.888	18.888
292	  V	  9.1	  0.0	0.000	19.001	19.001
293	  I	  9.1	  0.0	0.000	18.887	18.887
294	  L	  8.2	  0.5	0.000	17.421	17.421
295	  G	  1.2	  0.5	0.000	3.792	3.792
296	  N	  0.1	  1.2	0.000	0.113	0.113
297	  Q	  0.4	  1.2	0.000	0.000	0.000
298	  S	  0.7	  0.8	0.400	0.000	0.000
299	  Q	  0.6	  0.8	0.400	0.000	0.000
300	  E	  0.4	  0.2	0.400	0.000	0.000
301	  T	  2.4	  0.1	0.400	0.502	0.502
302	  L	  2.4	  0.1	0.400	1.351	1.351
303	  Q	  2.7	  0.0	0.400	1.682	1.682
304	  T	 10.0	  0.0	0.000	11.168	11.168
305	  V	 17.9	  0.0	0.000	13.077	13.077
306	  T	 19.7	  0.0	0.000	13.077	13.077
307	  I	 11.6	  0.0	0.000	13.077	13.077
308	  Y	 11.4	  0.0	0.000	12.773	12.773
309	  S	  9.4	  0.0	0.000	2.955	2.955
310	  F	  8.6	  0.0	0.000	0.148	0.148
311	  P	  0.3	  0.0	0.000	0.000	0.000
312	  A	  0.0	  0.5	0.000	0.000	0.000
313	  P	  0.0	  0.5	0.000	0.000	0.000
314	  N	  3.3	  0.5	0.110	0.370	0.370
315	  V	 10.7	  0.5	0.110	0.370	0.370
316	  I	 12.4	  0.0	0.110	0.370	0.370
317	  L	 10.1	  0.0	0.110	0.370	0.370
318	  T	  2.8	  0.0	0.110	0.370	0.370
319	  K	  1.1	  0.1	0.110	0.000	0.000
320	  P	  0.2	  0.1	0.000	0.000	0.000
321	  E	  3.1	  0.1	0.000	0.000	0.000
322	  V	  3.5	  0.2	0.000	0.000	0.000
323	  S	  3.5	  0.4	0.112	0.000	0.000
324	  E	  0.4	  0.5	0.112	0.000	0.000
325	  G	  0.0	  0.5	0.112	0.000	0.000
326	  T	  0.3	  0.5	0.195	0.000	0.000
327	  E	  4.2	  0.1	0.195	0.000	0.000
328	  V	 20.0	  0.0	0.195	0.000	0.000
329	  T	 31.8	  0.0	0.273	0.000	0.000
330	  V	 32.2	  0.0	0.273	0.000	0.000
331	  K	 20.6	  0.0	0.273	0.000	0.000
332	  C	 10.3	  0.0	0.078	0.000	0.000
333	  E	  6.8	  0.0	0.078	0.000	0.000
334	  A	  3.7	  0.0	0.078	0.000	0.000
335	  H	  1.0	  0.4	0.078	0.000	0.000
336	  P	  0.0	  0.4	0.000	0.000	0.000
337	  R	  0.1	  0.4	0.000	0.000	0.000
338	  A	  0.4	  0.4	0.000	0.000	0.000
339	  K	  5.7	  0.0	0.000	0.000	0.000
340	  V	 12.5	  0.0	0.000	0.000	0.000
341	  T	 13.8	  0.3	0.000	0.000	0.000
342	  L	  8.8	  3.7	0.000	0.000	0.000
343	  N	  1.9	  3.7	0.000	0.000	0.000
344	  G	  0.1	  3.7	0.000	0.000	0.000
345	  V	  0.0	  3.4	0.000	0.000	0.000
346	  P	  0.0	  0.0	0.000	0.000	0.000
347	  A	  0.0	  0.0	0.000	0.000	0.000
348	  Q	  0.0	  0.3	0.000	0.000	0.000
349	  P	  0.0	  0.3	0.000	0.000	0.000
350	  L	  0.0	  0.4	0.000	0.000	0.000
351	  G	  0.0	  0.7	0.746	0.000	0.000
352	  P	  0.0	  0.4	0.874	0.000	0.000
353	  R	  0.1	  0.4	0.874	0.000	0.000
354	  A	  0.4	  0.3	0.874	0.000	0.000
355	  Q	  1.0	  0.1	0.874	0.000	0.000
356	  L	  1.8	  0.0	0.874	0.000	0.000
357	  L	  1.8	  0.0	0.874	0.000	0.000
358	  L	  1.5	  0.0	0.738	0.000	0.000
359	  K	  1.4	  0.0	0.536	0.000	0.000
360	  A	  1.2	  0.0	0.000	0.000	0.000
361	  T	  0.9	  0.3	0.000	0.000	0.000
362	  P	  0.0	  0.7	0.000	0.000	0.000
363	  E	  0.0	  0.9	0.000	0.000	0.000
364	  D	  0.0	  4.8	0.000	0.000	0.000
365	  N	  0.0	  4.7	0.000	0.000	0.000
366	  G	  0.0	  4.3	0.000	0.000	0.000
367	  R	  1.0	  4.1	0.000	0.000	0.000
368	  S	 18.1	  0.3	0.000	0.000	0.000
369	  F	 32.7	  0.2	0.000	0.000	0.000
370	  S	 46.1	  0.3	0.000	0.000	0.000
371	  C	 35.2	  0.3	0.000	0.000	0.000
372	  S	 20.5	  0.2	0.000	0.000	0.000
373	  A	  4.4	  0.2	0.000	0.000	0.000
374	  T	  1.6	  0.1	0.151	0.000	0.000
375	  L	  2.7	  0.1	0.151	0.000	0.000
376	  E	  4.1	  0.0	0.151	0.000	0.000
377	  V	  4.0	  0.3	0.151	0.353	0.353
378	  A	  2.3	  0.3	0.151	0.353	0.353
379	  G	  0.6	  0.3	0.151	0.353	0.353
380	  Q	  0.3	  0.3	0.151	0.353	0.353
381	  L	  0.9	  0.1	0.000	0.353	0.353
382	  I	  1.5	  0.0	0.000	0.353	0.353
383	  H	  1.5	  0.5	0.000	0.000	0.000
384	  K	  1.0	  0.5	0.000	0.000	0.000
385	  N	  0.5	  0.6	0.183	0.000	0.000
386	  Q	  0.3	  0.6	0.183	0.000	0.000
387	  T	  0.4	  0.2	1.695	0.000	0.000
388	  R	  0.3	  0.2	1.695	0.000	0.000
389	  E	  0.5	  0.1	2.055	0.000	0.000
390	  L	  2.5	  0.1	2.055	0.000	0.000
391	  R	  4.1	  0.0	2.055	0.000	0.000
392	  V	  5.5	  0.0	2.055	0.000	0.000
393	  L	  3.4	  0.0	2.055	0.000	0.000
394	  Y	  1.7	  0.2	1.871	0.000	0.000
395	  G	  0.1	  0.4	1.567	0.000	0.000
396	  P	  0.0	  0.5	0.000	0.000	0.000
397	  R	  2.1	  0.6	0.000	0.000	0.000
398	  L	  2.1	  0.5	0.000	0.000	0.000
399	  D	  2.2	  0.5	0.000	0.000	0.000
400	  E	  0.2	  0.6	0.000	0.000	0.000
401	  R	  0.3	  0.5	0.000	0.000	0.000
402	  D	  0.3	  0.4	0.000	0.000	0.000
403	  C	  0.1	  1.5	0.000	0.000	0.000
404	  P	  0.0	  1.3	0.000	0.000	0.000
405	  G	  0.0	  1.3	0.000	0.000	0.000
406	  N	  1.0	  1.3	0.000	0.000	0.000
407	  W	 12.5	  0.0	0.000	0.000	0.000
408	  T	 13.2	  0.0	0.000	0.000	0.000
409	  W	 12.3	  0.2	0.000	0.000	0.000
410	  P	  0.7	  0.5	0.000	0.000	0.000
411	  E	  0.1	  0.5	0.000	0.000	0.000
412	  N	  0.2	  0.6	0.000	0.000	0.000
413	  S	  0.5	  0.5	0.000	0.000	0.000
414	  Q	  0.6	  0.2	0.000	0.000	0.000
415	  Q	  0.5	  0.2	0.000	0.000	0.000
416	  T	  0.3	  0.2	0.307	0.000	0.000
417	  P	  0.0	  0.2	0.307	0.000	0.000
418	  M	  0.2	  0.2	0.307	0.000	0.000
419	  C	  2.7	  0.2	0.749	0.000	0.000
420	  Q	  3.1	  0.0	0.749	0.000	0.000
421	  A	  3.0	  0.0	0.749	0.000	0.000
422	  W	  0.6	  0.0	0.749	0.000	0.000
423	  G	  0.1	  0.0	0.749	0.000	0.000
424	  N	  0.1	  0.0	0.749	0.000	0.000
425	  P	  0.0	  0.0	0.000	0.000	0.000
426	  L	  0.0	  0.2	0.000	0.000	0.000
427	  P	  0.0	  0.2	0.146	0.000	0.000
428	  E	  1.3	  0.2	0.146	0.000	0.000
429	  L	  3.5	  0.2	0.146	0.000	0.000
430	  K	  4.0	  0.1	0.146	0.000	0.000
431	  C	  5.1	  0.0	0.146	0.000	0.000
432	  L	  3.0	  0.7	0.146	0.000	0.000
433	  K	  2.5	  1.0	0.146	0.000	0.000
434	  D	  0.2	  1.1	0.000	0.000	0.000
435	  G	  0.1	  1.1	0.000	0.000	0.000
436	  T	  1.1	  0.4	0.000	0.000	0.000
437	  F	  1.1	  0.1	0.000	0.000	0.000
438	  P	  1.0	  0.0	0.000	0.000	0.000
439	  L	  0.1	  0.0	0.000	0.000	0.000
440	  P	  0.0	  0.1	0.000	0.000	0.000
441	  I	  0.1	  0.3	0.000	0.000	0.000
442	  G	  0.0	  0.4	0.000	0.000	0.000
443	  E	  0.1	  0.4	0.000	0.000	0.000
444	  S	  3.2	  0.3	0.000	0.376	0.376
445	  V	 21.0	  0.1	0.000	0.376	0.376
446	  T	 30.0	  0.0	0.000	0.376	0.376
447	  V	 28.4	  0.0	0.000	0.376	0.376
448	  T	 11.9	  0.2	0.000	0.376	0.376
449	  R	  1.6	  0.2	0.000	0.000	0.000
450	  D	  0.4	  0.4	0.000	0.000	0.000
451	  L	  0.3	  0.6	0.000	0.000	0.000
452	  E	  0.2	  0.8	0.000	0.000	0.000
453	  G	  0.1	  0.8	0.000	0.000	0.000
454	  T	  3.6	  0.6	0.427	0.000	0.000
455	  Y	  5.5	  0.4	0.427	0.000	0.000
456	  L	  5.5	  0.0	0.427	0.000	0.000
457	  C	  4.6	  0.0	0.427	0.000	0.000
458	  R	  2.7	  0.0	0.427	0.000	0.000
459	  A	  2.7	  0.1	0.427	0.000	0.000
460	  R	  0.7	  0.2	0.221	0.000	0.000
461	  S	  0.9	  0.2	0.000	0.000	0.000
462	  T	  0.8	  0.5	0.195	0.000	0.000
463	  Q	  0.4	  0.4	0.195	0.000	0.000
464	  G	  0.1	  0.4	2.114	0.000	0.000
465	  E	  4.9	  0.3	2.114	0.000	0.000
466	  V	  6.3	  0.0	2.114	0.000	0.000
467	  T	  7.0	  0.0	2.114	0.000	0.000
468	  R	  2.6	  0.0	2.114	0.000	0.000
469	  K	  5.4	  0.0	2.114	0.000	0.000
470	  V	 19.7	  0.0	0.263	0.586	0.586
471	  T	 23.6	  0.0	0.263	0.652	0.652
472	  V	 28.9	  0.0	0.263	0.652	0.652
473	  N	 14.2	  0.0	0.263	0.652	0.652
474	  V	 13.5	  0.0	0.000	0.652	0.652
475	  L	  4.0	  0.0	0.000	0.353	0.353
476	  S	  3.9	  0.3	0.000	0.000	0.000
477	  P	  0.1	  0.3	0.000	0.008	0.008
478	  R	  1.2	  0.3	0.000	0.668	0.668
479	  Y	  5.8	  0.3	0.000	0.668	0.668
480	  E	  6.0	  0.0	0.000	0.668	0.668
481	  I	 10.7	  0.0	0.000	89.628	89.628
482	  V	 11.2	  0.0	0.000	97.861	97.861
483	  I	 14.2	  0.0	0.000	99.777	99.777
484	  I	 23.5	  0.0	0.000	99.952	99.952
485	  T	 22.4	  0.0	0.161	99.968	99.968
486	  V	 22.5	  0.0	0.161	99.992	99.992
487	  V	  8.8	  0.0	0.161	99.952	99.952
488	  A	  4.3	  0.0	0.161	99.443	99.443
489	  A	  1.1	  0.0	0.161	99.012	99.012
490	  A	  1.2	  0.0	0.161	98.647	98.647
491	  V	  9.2	  0.0	0.000	98.338	98.338
492	  I	 11.4	  0.0	0.000	94.706	94.706
493	  M	 10.5	  0.1	0.000	55.017	55.017
494	  G	  2.7	  0.1	0.000	9.735	9.735
495	  T	  0.2	  0.3	0.000	5.660	5.660
496	  A	  0.2	  0.3	0.000	3.236	3.236
497	  G	  0.1	  0.3	0.525	1.200	1.200
498	  L	  0.3	  0.4	0.525	1.017	1.017
499	  S	  0.9	  0.2	0.525	0.017	0.017
500	  T	  4.4	  0.2	0.525	0.004	0.004
501	  Y	  4.9	  0.2	0.525	0.002	0.002
502	  L	  4.6	  0.0	0.525	0.002	0.002
503	  Y	  1.7	  0.0	0.525	0.001	0.001
504	  N	  1.0	  0.1	0.851	0.000	0.000
505	  R	  1.0	  0.1	0.718	0.000	0.000
506	  Q	  0.8	  0.2	0.718	0.000	0.000
507	  R	  1.4	  0.2	0.580	0.000	0.000
508	  K	  3.6	  0.1	0.580	0.000	0.000
509	  I	  3.8	  0.1	0.580	0.000	0.000
510	  K	  3.2	  0.1	0.580	0.000	0.000
511	  K	  1.4	  0.1	0.268	0.000	0.000
512	  Y	  2.9	  0.1	0.127	0.000	0.000
513	  R	  3.3	  0.0	0.000	0.000	0.000
514	  L	  2.6	  0.1	0.000	0.000	0.000
515	  Q	  0.7	  0.1	0.000	0.000	0.000
516	  Q	  0.4	  0.1	0.000	0.000	0.000
517	  A	  0.4	  0.2	0.000	0.000	0.000
518	  Q	  0.3	  0.3	0.000	0.000	0.000
519	  K	  0.2	  0.3	0.000	0.000	0.000
520	  G	  0.1	  0.3	0.000	0.000	0.000
521	  T	  0.1	  0.2	0.000	0.000	0.000
522	  P	  0.0	  0.0	0.000	0.000	0.000
523	  M	  0.1	  0.0	0.000	0.000	0.000
524	  K	  0.1	  0.5	0.000	0.000	0.000
525	  P	  0.1	  0.5	0.000	0.000	0.000
526	  N	  0.4	  0.6	0.000	0.000	0.000
527	  T	  0.9	  0.6	0.000	0.000	0.000
528	  Q	  1.2	  0.1	0.000	0.000	0.000
529	  A	  0.8	  0.1	0.000	0.000	0.000
530	  T	  0.4	  0.0	0.000	0.000	0.000
531	  P	  0.0	  0.0	0.000	0.000	0.000
532	  P	  0.0	  0.0	0.000	0.000	0.000
