res	aa	Beta	Turn	Helix	Aggregation	Conc-Stab_Aggregation
01	  M	  2.8	  0.0	0.000	0.000	0.000
02	  S	  6.1	  0.0	0.165	0.000	0.000
03	  Y	  6.6	  0.4	0.165	0.000	0.000
04	  Q	  3.8	  0.4	0.165	0.000	0.000
05	  G	  0.5	  0.5	0.165	0.000	0.000
06	  K	  0.1	  0.6	0.165	0.000	0.000
07	  K	  0.6	  0.3	0.165	0.000	0.000
08	  N	  0.8	  0.2	0.000	0.000	0.000
09	  I	  0.8	  0.1	0.000	0.000	0.000
10	  P	  0.2	  0.0	0.000	0.000	0.000
11	  R	  6.3	  0.0	0.000	0.000	0.000
12	  I	  8.8	  0.0	0.000	0.000	0.000
13	  T	  8.8	  0.3	0.420	0.000	0.000
14	  S	  2.6	  0.4	0.878	0.000	0.000
15	  D	  0.1	  0.4	1.462	0.000	0.000
16	  R	  0.4	  0.4	1.462	0.000	0.000
17	  L	  1.3	  0.1	1.462	0.000	0.000
18	  L	  1.6	  0.0	1.462	0.000	0.000
19	  I	  2.3	  0.1	1.347	0.000	0.000
20	  K	  1.4	  3.0	1.347	0.000	0.000
21	  G	  1.1	  3.1	0.486	0.000	0.000
22	  G	  0.0	  3.1	0.486	0.000	0.000
23	  K	  1.6	  2.9	0.000	0.000	0.000
24	  I	  2.7	  0.1	0.000	0.000	0.000
25	  V	  3.2	  0.1	0.000	0.000	0.000
26	  N	  1.6	  1.5	0.000	0.000	0.000
27	  D	  0.5	  1.6	0.000	0.000	0.000
28	  D	  0.1	  2.2	0.000	0.000	0.000
29	  Q	  1.0	  2.1	0.000	0.000	0.000
30	  S	  2.2	  0.7	0.134	0.000	0.000
31	  F	  3.7	  0.6	0.134	0.000	0.000
32	  Y	  3.1	  0.6	0.134	0.000	0.000
33	  A	  2.0	  0.6	0.134	0.000	0.000
34	  D	  1.6	  0.6	0.134	0.000	0.000
35	  I	  2.8	  0.6	0.134	0.000	0.000
36	  Y	  3.5	  0.0	0.134	0.000	0.000
37	  M	  2.4	  0.9	0.134	0.000	0.000
38	  E	  0.9	  1.0	0.130	0.000	0.000
39	  D	  0.1	  1.1	1.036	0.000	0.000
40	  G	  0.0	  1.1	1.959	0.000	0.000
41	  L	  0.4	  0.2	1.959	0.000	0.000
42	  I	  1.7	  0.0	1.959	0.000	0.000
43	  K	  2.0	  0.0	1.959	0.000	0.000
44	  Q	  1.7	  0.0	1.959	0.000	0.000
45	  I	  0.5	  0.4	1.378	0.000	0.000
46	  G	  0.1	  0.7	1.378	0.000	0.000
47	  E	  0.1	  0.7	1.001	0.000	0.000
48	  N	  0.4	  0.7	0.597	0.000	0.000
49	  L	  2.9	  0.4	0.000	0.000	0.000
50	  I	  3.5	  0.0	0.000	0.000	0.000
51	  V	  3.1	  0.5	0.000	0.000	0.000
52	  P	  0.6	  0.8	0.000	0.000	0.000
53	  G	  0.0	  0.8	0.000	0.000	0.000
54	  G	  0.0	  0.8	0.436	0.000	0.000
55	  V	  1.6	  0.4	0.436	0.000	0.000
56	  K	  2.4	  0.0	0.436	0.000	0.000
57	  T	  6.7	  0.0	0.436	0.000	0.000
58	  I	  6.1	  0.0	0.436	0.000	0.000
59	  E	  5.8	  0.0	0.436	0.000	0.000
60	  A	  1.6	  0.0	0.287	0.000	0.000
61	  H	  0.7	  0.1	0.287	0.000	0.000
62	  S	  0.2	  0.1	0.000	0.000	0.000
63	  R	  0.9	  0.1	0.000	0.000	0.000
64	  M	  5.9	  0.1	0.000	0.000	0.000
65	  V	  6.4	  0.0	0.000	0.000	0.000
66	  I	  5.8	  0.5	0.000	0.000	0.000
67	  P	  0.7	  0.6	0.000	0.000	0.000
68	  G	  0.0	  0.7	0.000	0.000	0.000
69	  G	  0.2	  0.7	0.000	0.000	0.000
70	  I	  7.0	  0.2	0.000	0.000	0.000
71	  D	  7.4	  0.1	0.922	0.000	0.000
72	  V	  8.7	  0.0	0.922	0.000	0.000
73	  H	  2.6	  0.0	0.922	0.000	0.000
74	  T	  2.9	  0.0	0.922	0.000	0.000
75	  R	  2.7	  0.0	0.922	0.000	0.000
76	  F	  8.9	  0.0	0.922	0.000	0.000
77	  Q	  8.2	  0.0	0.000	0.000	0.000
78	  M	  7.0	  0.7	0.000	0.000	0.000
79	  P	  0.1	  0.8	0.000	0.000	0.000
80	  D	  0.0	  1.2	0.000	0.000	0.000
81	  Q	  0.0	  1.2	0.000	0.000	0.000
82	  G	  0.1	  0.5	0.000	0.000	0.000
83	  M	  0.8	  0.4	0.000	0.000	0.000
84	  T	  1.2	  0.1	0.000	0.000	0.000
85	  S	  1.5	  3.1	0.000	0.000	0.000
86	  A	  0.8	  3.3	0.000	0.000	0.000
87	  D	  0.5	  3.2	0.000	0.000	0.000
88	  D	  1.1	  3.2	0.000	0.000	0.000
89	  F	  3.2	  0.2	0.000	0.000	0.000
90	  F	  3.6	  0.2	0.000	0.000	0.000
91	  Q	  2.6	  0.2	0.000	0.000	0.000
92	  G	  0.5	  0.3	0.199	0.000	0.000
93	  T	  0.5	  0.3	0.976	0.000	0.000
94	  K	  0.7	  0.1	0.976	0.000	0.000
95	  A	  0.8	  0.1	0.976	0.215	0.215
96	  A	  0.4	  0.0	0.976	0.470	0.470
97	  L	  0.2	  0.2	0.976	0.470	0.470
98	  A	  0.1	  0.6	0.976	0.470	0.470
99	  G	  0.1	  0.9	0.758	0.470	0.470
100	  G	  0.1	  0.9	0.184	0.470	0.470
101	  T	  1.0	  0.7	0.000	1.554	1.554
102	  T	  1.7	  0.3	0.000	1.554	1.554
103	  M	  3.5	  0.0	0.000	1.554	1.554
104	  I	  3.4	  0.0	0.000	1.554	1.554
105	  I	  3.0	  0.0	0.000	1.554	1.554
106	  D	  1.3	  0.0	0.000	0.000	0.000
107	  H	  4.1	  0.0	0.000	0.000	0.000
108	  V	  4.3	  0.0	0.000	0.000	0.000
109	  V	  4.3	  0.0	0.000	0.000	0.000
110	  P	  0.6	  0.0	0.000	0.000	0.000
111	  E	  0.0	  0.5	0.000	0.000	0.000
112	  P	  0.0	  0.7	0.000	0.000	0.000
113	  G	  0.0	  0.8	0.000	0.000	0.000
114	  T	  0.6	  0.8	0.289	0.407	0.407
115	  S	  0.8	  0.3	0.826	1.091	1.091
116	  L	  1.0	  0.1	0.826	6.606	6.606
117	  L	  0.5	  0.0	0.826	6.606	6.606
118	  A	  0.4	  0.0	0.826	6.606	6.606
119	  A	  0.4	  0.0	0.826	6.606	6.606
120	  F	  1.4	  0.0	0.694	6.606	6.606
121	  D	  1.8	  0.0	1.004	0.000	0.000
122	  Q	  3.1	  0.0	1.004	0.000	0.000
123	  W	  2.4	  0.0	1.004	0.000	0.000
124	  R	  2.0	  0.0	1.004	0.000	0.000
125	  E	  0.7	  0.0	1.004	0.000	0.000
126	  W	  0.5	  0.3	1.004	0.000	0.000
127	  A	  0.4	  0.4	0.882	0.000	0.000
128	  D	  0.2	  0.5	0.721	0.000	0.000
129	  S	  2.2	  1.6	0.378	0.000	0.000
130	  K	  3.1	  1.3	0.202	0.000	0.000
131	  S	 13.5	  1.3	0.000	0.000	0.000
132	  C	 16.6	  1.3	0.000	0.000	0.000
133	  C	 16.0	  0.2	0.000	0.000	0.000
134	  D	  6.2	  0.3	0.000	0.000	0.000
135	  Y	  3.5	  0.3	0.000	0.000	0.000
136	  S	  3.7	  0.2	0.000	0.000	0.000
137	  L	  4.4	  0.2	0.000	0.000	0.000
138	  H	  3.2	  0.0	0.000	0.000	0.000
139	  V	  7.1	  0.0	0.000	0.000	0.000
140	  D	  6.5	  0.2	0.140	0.000	0.000
141	  I	  5.4	  0.2	0.140	0.000	0.000
142	  S	  0.9	  0.2	0.390	0.000	0.000
143	  E	  2.7	  0.2	0.390	0.000	0.000
144	  W	  3.2	  0.0	0.390	0.000	0.000
145	  H	  3.3	  0.6	0.390	0.000	0.000
146	  K	  0.9	  0.6	0.250	0.000	0.000
147	  G	  0.2	  0.6	1.981	0.000	0.000
148	  I	  0.2	  0.6	1.930	0.000	0.000
149	  Q	  0.2	  0.1	2.084	0.000	0.000
150	  E	  0.2	  0.1	2.420	0.000	0.000
151	  E	  0.3	  0.1	2.919	0.000	0.000
152	  M	  0.4	  0.1	3.097	0.000	0.000
153	  E	  0.4	  0.0	3.097	0.000	0.000
154	  A	  0.5	  0.0	3.097	0.000	0.000
155	  L	  0.9	  0.0	3.097	0.000	0.000
156	  V	  2.4	  0.1	2.777	0.000	0.000
157	  K	  2.1	  0.2	2.777	0.000	0.000
158	  D	  1.5	  0.8	0.152	0.000	0.000
159	  H	  0.1	  0.8	0.000	0.021	0.021
160	  G	  0.2	  0.7	0.000	0.232	0.232
161	  V	  1.9	  0.6	0.000	4.299	4.299
162	  N	  2.8	  0.1	0.517	4.685	4.685
163	  S	  3.2	  0.0	1.053	14.515	14.515
164	  F	  2.7	  0.0	1.053	91.482	91.482
165	  L	  2.8	  0.0	1.053	97.546	97.546
166	  V	  6.1	  0.0	1.053	98.642	98.642
167	  Y	  5.8	  0.0	1.053	98.604	98.604
168	  M	  4.8	  0.0	1.053	98.189	98.189
169	  A	  1.3	  0.0	1.053	95.115	95.115
170	  F	  1.0	  0.3	0.820	94.074	94.074
171	  K	  0.7	  0.3	0.417	0.018	0.018
172	  D	  0.5	  0.3	0.000	0.018	0.018
173	  R	  1.4	  0.3	0.000	0.000	0.000
174	  F	  4.8	  0.1	0.000	0.000	0.000
175	  Q	  5.7	  0.0	0.000	0.000	0.000
176	  L	  4.7	  0.1	0.000	0.000	0.000
177	  T	  1.6	  0.1	0.000	0.000	0.000
178	  D	  0.9	  0.1	0.000	0.000	0.000
179	  C	  1.9	  0.1	0.000	0.000	0.000
180	  Q	  2.8	  0.0	0.000	0.000	0.000
181	  I	  3.3	  0.0	0.000	0.398	0.398
182	  Y	 10.2	  0.0	0.000	0.398	0.398
183	  E	  9.4	  0.0	0.000	0.398	0.398
184	  V	 11.4	  0.0	0.000	39.203	39.203
185	  L	  4.9	  0.0	0.000	39.203	39.203
186	  S	  5.5	  0.0	0.000	39.203	39.203
187	  V	  6.3	  0.0	0.000	39.203	39.203
188	  I	  4.7	  0.1	0.000	39.203	39.203
189	  R	  3.9	  0.1	0.000	0.477	0.477
190	  D	  0.5	  0.4	0.697	0.080	0.080
191	  I	  0.4	  0.5	0.697	1.940	1.940
192	  G	  0.1	  0.5	0.697	1.861	1.861
193	  A	  0.4	  0.4	0.697	2.079	2.079
194	  I	  1.2	  0.1	0.697	2.079	2.079
195	  A	  1.4	  0.0	0.697	2.079	2.079
196	  Q	  1.7	  0.0	0.697	0.801	0.801
197	  V	  2.6	  0.0	0.147	0.801	0.801
198	  H	  2.6	  0.2	0.147	0.000	0.000
199	  A	  2.1	  1.0	0.000	0.000	0.000
200	  E	  0.2	  1.6	0.000	0.000	0.000
201	  N	  0.0	  1.8	0.000	0.000	0.000
202	  G	  0.0	  1.6	0.000	0.000	0.000
203	  D	  1.5	  0.8	0.623	0.000	0.000
204	  I	  4.6	  0.2	0.770	0.000	0.000
205	  I	  4.9	  0.0	1.596	0.000	0.000
206	  A	  3.5	  0.1	2.567	0.000	0.000
207	  E	  0.4	  0.1	3.670	0.000	0.000
208	  E	  0.1	  0.1	4.420	0.000	0.000
209	  Q	  0.3	  0.1	4.399	0.000	0.000
210	  Q	  0.7	  0.1	4.399	0.000	0.000
211	  R	  3.6	  0.0	4.399	0.000	0.000
212	  I	  3.8	  0.1	4.399	0.000	0.000
213	  L	  4.4	  0.1	4.399	0.000	0.000
214	  D	  1.4	  0.1	4.399	0.000	0.000
215	  L	  1.1	  0.2	3.499	0.000	0.000
216	  G	  0.5	  0.2	2.408	0.000	0.000
217	  I	  3.1	  0.1	0.000	0.000	0.000
218	  T	  2.9	  0.2	0.000	0.000	0.000
219	  G	  2.6	  0.9	0.000	0.000	0.000
220	  P	  0.0	  1.5	0.000	0.000	0.000
221	  E	  0.0	  1.6	0.000	0.000	0.000
222	  G	  0.0	  1.5	0.000	0.000	0.000
223	  H	  1.8	  0.7	0.000	0.000	0.000
224	  V	  4.8	  0.0	0.000	0.000	0.000
225	  L	  5.0	  0.0	0.000	0.000	0.000
226	  S	  3.3	  0.0	0.000	0.000	0.000
227	  R	  0.3	  0.2	0.000	0.000	0.000
228	  P	  0.0	  0.2	0.000	0.000	0.000
229	  E	  0.0	  0.2	0.000	0.000	0.000
230	  E	  2.3	  0.2	0.000	0.000	0.000
231	  V	  4.0	  0.1	0.680	0.000	0.000
232	  E	  4.0	  0.0	1.224	0.000	0.000
233	  A	  1.8	  0.0	1.224	0.000	0.000
234	  E	  0.1	  0.0	1.224	0.000	0.000
235	  A	  0.4	  0.0	1.224	0.000	0.000
236	  V	  0.7	  0.0	1.224	0.000	0.000
237	  N	  0.6	  0.0	1.224	0.000	0.000
238	  R	  0.6	  0.0	0.773	0.000	0.000
239	  A	  0.7	  0.0	0.508	1.144	1.144
240	  I	 14.2	  0.0	0.000	1.144	1.144
241	  T	 16.5	  0.0	0.000	1.144	1.144
242	  I	 16.3	  0.1	0.000	1.144	1.144
243	  A	  3.0	  0.1	0.000	1.144	1.144
244	  N	  0.2	  0.3	0.000	0.000	0.000
245	  Q	  0.2	  0.3	0.000	0.000	0.000
246	  T	  1.0	  0.2	0.000	0.000	0.000
247	  N	  1.0	  0.2	0.000	0.000	0.000
248	  C	  1.0	  0.4	0.000	0.000	0.000
249	  P	  0.1	  0.3	0.000	0.000	0.000
250	  L	  0.7	  0.3	0.000	0.000	0.000
251	  Y	  1.5	  0.3	0.000	0.000	0.000
252	  I	  3.9	  0.0	0.000	0.000	0.000
253	  T	  5.0	  0.0	0.000	0.000	0.000
254	  K	  5.2	  0.0	0.000	0.000	0.000
255	  V	  5.9	  0.0	0.000	0.000	0.000
256	  M	  4.4	  0.0	0.000	0.000	0.000
257	  S	  5.6	  0.7	0.000	0.000	0.000
258	  K	  2.6	  0.8	0.000	0.000	0.000
259	  S	  2.4	  0.9	3.809	0.000	0.000
260	  S	  0.5	  0.8	5.955	0.000	0.000
261	  A	  0.6	  0.1	6.073	0.000	0.000
262	  E	  1.0	  0.0	6.373	0.000	0.000
263	  V	  4.7	  0.0	6.999	0.206	0.206
264	  I	  5.3	  0.0	7.695	0.206	0.206
265	  A	  4.9	  0.0	7.825	0.206	0.206
266	  Q	  1.1	  0.0	7.825	0.206	0.206
267	  A	  0.3	  0.1	6.794	0.206	0.206
268	  R	  0.3	  0.2	6.181	0.000	0.000
269	  K	  0.2	  0.4	4.299	0.000	0.000
270	  K	  0.1	  0.5	1.499	0.000	0.000
271	  G	  0.1	  0.4	0.252	1.560	1.560
272	  T	  5.8	  0.3	0.000	5.604	5.604
273	  V	  9.3	  0.0	0.000	5.604	5.604
274	  V	 10.3	  0.0	0.000	5.604	5.604
275	  Y	  5.0	  0.0	0.000	5.604	5.604
276	  G	  1.3	  0.0	0.000	4.173	4.173
277	  E	  0.3	  0.0	0.000	0.000	0.000
278	  P	  0.0	  0.0	0.000	0.000	0.000
279	  I	  4.6	  0.0	0.000	0.000	0.000
280	  T	  7.5	  0.2	0.000	0.000	0.000
281	  A	  7.9	  0.3	0.000	0.000	0.000
282	  S	  3.7	  0.3	0.000	0.000	0.000
283	  L	  0.7	  0.4	0.000	0.000	0.000
284	  G	  0.2	  0.6	0.000	0.000	0.000
285	  T	  0.0	  0.8	0.000	0.000	0.000
286	  D	  0.0	  1.4	0.000	0.000	0.000
287	  G	  0.0	  1.3	0.000	0.000	0.000
288	  S	  0.6	  1.0	0.000	0.000	0.000
289	  H	  2.5	  0.7	0.123	0.000	0.000
290	  Y	  4.1	  0.1	0.123	0.000	0.000
291	  W	  4.8	  0.1	0.123	0.000	0.000
292	  S	  3.6	  1.6	0.299	0.000	0.000
293	  K	  2.0	  1.6	0.299	0.000	0.000
294	  N	  0.8	  1.6	0.466	0.000	0.000
295	  W	  0.5	  1.6	0.758	0.000	0.000
296	  A	  0.5	  0.0	0.983	0.000	0.000
297	  K	  0.5	  0.0	0.983	0.000	0.000
298	  A	  0.2	  0.0	0.684	3.052	3.052
299	  A	  0.3	  0.0	0.684	4.397	4.397
300	  A	  0.5	  0.0	0.684	4.397	4.397
301	  F	  1.3	  0.0	0.684	4.397	4.397
302	  V	  6.3	  0.0	0.000	4.397	4.397
303	  T	  6.0	  0.0	0.000	2.482	2.482
304	  S	  5.1	  0.0	0.000	0.000	0.000
305	  P	  0.0	  0.2	0.000	0.000	0.000
306	  P	  0.0	  0.2	0.000	0.000	0.000
307	  L	  0.1	  0.2	0.000	0.000	0.000
308	  S	  0.1	  0.2	0.000	0.000	0.000
309	  P	  0.1	  0.0	0.000	0.000	0.000
310	  D	  0.0	  0.6	0.000	0.000	0.000
311	  P	  0.0	  0.6	0.000	0.000	0.000
312	  T	  0.2	  0.6	0.000	0.000	0.000
313	  T	  0.2	  1.8	0.000	0.000	0.000
314	  P	  0.2	  1.2	0.000	0.000	0.000
315	  D	  0.0	  1.2	0.000	0.000	0.000
316	  F	  1.2	  1.3	0.000	0.203	0.203
317	  L	  1.7	  0.1	0.000	0.203	0.203
318	  N	  1.6	  0.2	0.000	0.203	0.203
319	  S	  0.7	  0.2	0.000	0.203	0.203
320	  L	  0.7	  0.1	0.000	0.203	0.203
321	  L	  6.8	  0.1	0.000	0.203	0.203
322	  S	  7.8	  0.1	0.000	0.000	0.000
323	  C	  7.4	  0.8	0.000	0.000	0.000
324	  G	  1.3	  0.9	0.000	0.000	0.000
325	  D	  0.2	  0.8	0.000	0.000	0.000
326	  L	  1.0	  0.8	0.000	0.000	0.000
327	  Q	  1.7	  0.0	0.000	0.000	0.000
328	  V	  2.3	  0.1	0.000	0.000	0.000
329	  T	  1.6	  0.4	0.000	0.000	0.000
330	  G	  1.0	  0.5	0.000	0.000	0.000
331	  S	  0.6	  0.7	0.000	0.000	0.000
332	  A	  0.6	  0.6	0.000	0.000	0.000
333	  H	  1.4	  0.2	0.000	0.000	0.000
334	  C	  3.9	  0.2	0.000	0.000	0.000
335	  T	 12.7	  0.0	0.000	0.000	0.000
336	  F	 12.6	  0.0	0.000	0.000	0.000
337	  N	  9.9	  0.1	0.146	0.000	0.000
338	  T	  2.0	  0.1	0.450	0.000	0.000
339	  A	  1.2	  0.1	0.450	0.000	0.000
340	  Q	  1.2	  0.1	0.450	0.000	0.000
341	  K	  0.4	  0.1	0.450	0.000	0.000
342	  A	  0.5	  0.2	0.450	0.000	0.000
343	  V	  0.5	  0.4	0.450	0.000	0.000
344	  G	  0.2	  0.8	0.450	0.000	0.000
345	  K	  0.1	  0.9	0.000	0.000	0.000
346	  D	  0.1	  0.8	0.000	0.000	0.000
347	  N	  1.6	  0.6	0.000	0.000	0.000
348	  F	  6.5	  0.2	0.000	0.000	0.000
349	  T	  7.4	  0.0	0.000	0.000	0.000
350	  L	  5.9	  0.0	0.000	0.000	0.000
351	  I	  1.1	  0.3	0.000	0.000	0.000
352	  P	  0.1	  0.6	0.000	0.000	0.000
353	  E	  0.0	  1.0	0.000	0.000	0.000
354	  G	  0.0	  1.3	0.000	0.000	0.000
355	  T	  0.1	  1.6	0.000	0.000	0.000
356	  N	  0.1	  1.4	0.000	0.000	0.000
357	  G	  0.0	  1.0	0.000	0.000	0.000
358	  T	  0.1	  0.8	0.000	0.000	0.000
359	  E	  0.1	  0.2	0.000	0.000	0.000
360	  E	  0.1	  0.1	0.000	0.000	0.000
361	  R	  0.6	  0.1	0.000	0.000	0.000
362	  M	  2.9	  0.0	0.000	26.151	26.151
363	  S	  4.1	  0.0	0.000	26.346	26.346
364	  V	  5.5	  0.0	0.000	31.969	31.969
365	  I	  3.3	  0.0	0.000	32.336	32.336
366	  W	  2.3	  0.1	0.000	32.336	32.336
367	  D	  0.4	  0.1	0.167	8.354	8.354
368	  K	  0.5	  0.1	0.167	8.354	8.354
369	  A	  1.0	  0.1	0.167	8.704	8.704
370	  V	  4.1	  0.0	0.167	8.704	8.704
371	  V	  4.5	  0.1	0.167	8.195	8.195
372	  T	  3.9	  0.3	0.167	1.648	1.648
373	  G	  0.8	  0.3	0.167	0.350	0.350
374	  K	  0.8	  0.5	0.167	0.000	0.000
375	  M	  0.7	  0.4	0.000	0.000	0.000
376	  D	  0.7	  2.9	0.000	0.000	0.000
377	  E	  0.1	  2.9	0.000	0.000	0.000
378	  N	  1.1	  2.7	0.000	0.000	0.000
379	  Q	  2.5	  2.6	0.000	1.208	1.208
380	  F	  4.9	  0.0	0.000	38.960	38.960
381	  V	 10.4	  0.0	0.000	39.466	39.466
382	  A	  9.4	  0.0	0.000	39.466	39.466
383	  V	  9.6	  0.0	0.000	39.466	39.466
384	  T	  3.9	  0.1	0.175	38.709	38.709
385	  S	  4.0	  0.5	0.405	6.807	6.807
386	  T	  1.5	  0.5	0.590	2.596	2.596
387	  N	  0.7	  0.5	0.891	0.090	0.090
388	  A	  0.2	  0.4	0.891	0.000	0.000
389	  A	  0.4	  0.0	0.891	0.000	0.000
390	  K	  1.3	  0.0	0.891	0.000	0.000
391	  V	  5.2	  0.0	0.486	0.000	0.000
392	  F	  6.7	  0.0	0.486	0.000	0.000
393	  N	  6.6	  0.0	0.000	0.000	0.000
394	  L	  2.8	  0.0	0.000	0.000	0.000
395	  Y	  1.0	  0.2	0.000	0.000	0.000
396	  P	  0.1	  0.3	0.000	0.000	0.000
397	  R	  0.1	  0.9	0.000	0.000	0.000
398	  K	  0.1	  1.0	0.000	0.000	0.000
399	  G	  0.1	  0.8	0.000	0.000	0.000
400	  R	  1.9	  0.6	0.000	0.000	0.000
401	  I	  5.5	  0.0	0.000	0.201	0.201
402	  A	  5.6	  0.2	0.000	0.201	0.201
403	  V	  4.0	  0.8	0.000	0.201	0.201
404	  G	  0.3	  1.2	0.000	0.201	0.201
405	  S	  0.1	  1.2	0.000	0.201	0.201
406	  D	  0.0	  3.1	0.000	0.000	0.000
407	  A	  0.1	  2.5	0.000	0.000	0.000
408	  D	  0.2	  2.1	0.000	0.000	0.000
409	  L	  2.4	  2.1	0.000	0.000	0.000
410	  V	  4.0	  0.0	0.000	0.000	0.000
411	  I	  4.2	  0.0	0.000	0.000	0.000
412	  W	  2.1	  0.0	0.000	0.000	0.000
413	  D	  0.4	  9.7	0.674	0.000	0.000
414	  P	  0.1	  9.7	0.674	0.000	0.000
415	  D	  0.1	  9.7	0.674	0.000	0.000
416	  S	  1.5	  9.7	1.270	0.000	0.000
417	  V	  2.7	  0.1	1.270	0.000	0.000
418	  K	  3.3	  0.0	1.270	0.000	0.000
419	  T	 14.9	  0.0	0.886	0.000	0.000
420	  I	 15.0	  0.0	0.886	0.000	0.000
421	  S	 14.6	  0.0	1.112	0.000	0.000
422	  A	  1.9	  0.1	0.637	0.000	0.000
423	  K	  0.7	  0.1	0.637	0.000	0.000
424	  T	  1.4	  0.1	0.226	0.000	0.000
425	  H	  1.5	  0.2	0.226	0.000	0.000
426	  N	  1.2	  0.6	0.226	0.000	0.000
427	  S	  0.4	  0.7	0.000	0.000	0.000
428	  S	  1.2	  0.6	0.000	0.000	0.000
429	  L	  1.8	  0.6	0.000	0.000	0.000
430	  E	  4.1	  0.1	0.000	0.000	0.000
431	  Y	  7.9	  0.0	0.000	0.000	0.000
432	  N	  9.3	  0.0	0.000	0.000	0.000
433	  I	  7.8	  0.0	0.000	0.000	0.000
434	  F	  3.4	  1.0	0.000	0.000	0.000
435	  E	  1.1	  1.0	0.000	0.000	0.000
436	  G	  0.3	  1.0	0.550	0.000	0.000
437	  M	  1.4	  1.1	0.550	0.000	0.000
438	  E	  1.8	  0.0	0.550	0.000	0.000
439	  C	  2.2	  0.5	0.550	0.000	0.000
440	  R	  0.8	  0.5	0.550	0.000	0.000
441	  G	  0.5	  0.5	0.550	0.000	0.000
442	  S	  0.1	  0.6	0.266	0.000	0.000
443	  P	  0.0	  0.2	0.000	4.123	4.123
444	  L	  1.8	  0.2	0.000	41.890	41.890
445	  V	  9.3	  0.2	0.000	41.988	41.988
446	  V	 13.4	  0.0	0.000	41.988	41.988
447	  I	 12.7	  0.1	0.000	41.988	41.988
448	  S	  5.4	  0.6	0.000	38.320	38.320
449	  Q	  1.1	  0.6	0.000	0.713	0.713
450	  G	  0.1	  0.6	0.000	0.084	0.084
451	  K	  1.6	  0.5	0.000	0.084	0.084
452	  I	 10.2	  0.0	0.000	0.084	0.084
453	  V	 11.5	  0.0	0.000	0.084	0.084
454	  L	 10.1	  0.7	0.000	0.084	0.084
455	  E	  1.5	  0.9	0.000	0.084	0.084
456	  D	  0.1	  1.0	0.000	0.000	0.000
457	  G	  0.0	  1.0	0.000	0.000	0.000
458	  T	  1.3	  0.3	0.000	0.000	0.000
459	  L	  2.6	  0.1	0.000	0.000	0.000
460	  H	  4.2	  0.0	0.000	0.000	0.000
461	  V	  3.6	  0.0	0.000	0.000	0.000
462	  T	  2.3	  0.6	0.000	0.000	0.000
463	  E	  0.8	  1.9	0.000	0.000	0.000
464	  G	  0.0	  2.3	0.000	0.000	0.000
465	  S	  0.1	  2.9	0.000	0.000	0.000
466	  G	  0.1	  2.3	0.000	0.000	0.000
467	  R	  1.6	  1.0	0.000	0.000	0.000
468	  Y	  1.7	  0.6	0.000	0.000	0.000
469	  I	  1.7	  0.0	0.000	0.000	0.000
470	  P	  0.2	  0.0	0.000	0.000	0.000
471	  R	  0.1	  0.0	0.000	0.000	0.000
472	  K	  0.1	  0.0	0.000	0.000	0.000
473	  P	  0.1	  0.0	0.000	0.000	0.000
474	  F	  0.0	  1.1	0.000	0.000	0.000
475	  P	  0.0	  1.1	0.134	0.000	0.000
476	  D	  0.4	  1.1	1.435	0.000	0.000
477	  F	  2.1	  1.1	1.567	0.000	0.000
478	  V	  3.3	  0.0	1.567	0.000	0.000
479	  Y	  3.8	  0.1	1.567	0.000	0.000
480	  K	  3.1	  0.1	1.567	0.000	0.000
481	  R	  4.5	  0.1	1.567	0.000	0.000
482	  I	  5.0	  0.1	1.364	0.000	0.000
483	  K	  4.2	  0.0	1.364	0.000	0.000
484	  A	  1.8	  0.1	1.068	0.000	0.000
485	  R	  0.6	  0.1	0.882	0.000	0.000
486	  S	  0.5	  0.2	2.116	0.000	0.000
487	  R	  0.5	  0.2	2.161	0.000	0.000
488	  L	  0.2	  0.1	2.161	0.000	0.000
489	  A	  0.2	  0.1	2.161	0.000	0.000
490	  E	  0.4	  0.0	2.161	0.000	0.000
491	  L	  0.6	  0.2	2.161	0.000	0.000
492	  R	  0.6	  0.2	1.574	0.000	0.000
493	  G	  0.3	  0.1	0.606	0.000	0.000
494	  V	  0.1	  0.4	0.175	0.000	0.000
495	  P	  0.0	  0.4	0.000	0.000	0.000
496	  R	  0.1	  0.4	0.000	0.000	0.000
497	  G	  0.1	  0.4	0.000	0.000	0.000
498	  L	  0.5	  0.3	0.000	0.000	0.000
499	  Y	  0.8	  0.2	0.000	0.000	0.000
500	  D	  0.8	  0.2	0.000	0.000	0.000
501	  G	  0.4	  0.2	0.000	0.000	0.000
502	  P	  0.0	  0.0	0.000	0.000	0.000
503	  V	  0.9	  0.0	0.000	0.000	0.000
504	  C	  6.7	  0.0	0.000	0.000	0.000
505	  E	  9.3	  0.0	0.000	0.000	0.000
506	  V	 17.1	  0.0	0.000	0.000	0.000
507	  S	 16.8	  0.0	0.000	0.000	0.000
508	  V	 14.5	  0.0	0.000	0.000	0.000
509	  T	  6.6	  0.1	0.000	0.000	0.000
510	  P	  0.4	  0.2	0.000	0.000	0.000
511	  K	  0.7	  0.2	0.000	0.000	0.000
512	  T	 18.3	  0.2	0.000	0.000	0.000
513	  V	 18.8	  0.1	0.000	0.000	0.000
514	  T	 18.1	  0.0	0.108	0.000	0.000
515	  P	  0.6	  0.2	0.108	0.000	0.000
516	  A	  0.1	  0.3	0.108	0.000	0.000
517	  S	  0.2	  0.3	0.108	0.000	0.000
518	  S	  0.5	  0.3	0.108	0.000	0.000
519	  A	  0.4	  0.2	0.108	0.000	0.000
520	  K	  0.7	  0.1	0.108	0.000	0.000
521	  T	  0.5	  0.1	0.000	0.000	0.000
522	  S	  0.5	  0.2	0.273	0.000	0.000
523	  P	  0.1	  0.2	0.273	0.000	0.000
524	  A	  0.1	  0.2	0.273	0.000	0.000
525	  K	  0.2	  0.3	0.273	0.000	0.000
526	  Q	  0.4	  0.1	0.273	0.000	0.000
527	  Q	  0.3	  0.1	0.273	0.000	0.000
528	  A	  0.2	  0.0	0.000	0.000	0.000
529	  P	  0.0	  0.0	0.000	0.000	0.000
530	  P	  0.0	  0.0	0.000	0.000	0.000
531	  V	  1.0	  0.1	0.000	0.000	0.000
532	  R	  1.1	  0.1	0.000	0.000	0.000
533	  N	  1.3	  0.1	0.000	0.000	0.000
534	  L	  0.4	  0.1	0.000	0.000	0.000
535	  H	  0.6	  0.6	0.000	0.000	0.000
536	  Q	  0.5	  0.8	0.000	0.000	0.000
537	  S	  0.3	  0.8	0.000	0.000	0.000
538	  G	  0.1	  0.8	0.000	0.000	0.000
539	  F	  3.5	  0.2	0.000	0.000	0.000
540	  S	  9.0	  1.1	0.000	0.000	0.000
541	  L	  9.1	  1.2	0.000	0.000	0.000
542	  S	  6.1	  1.4	0.000	0.000	0.000
543	  G	  0.2	  1.4	0.000	0.000	0.000
544	  A	  0.3	  0.4	0.000	0.000	0.000
545	  Q	  1.4	  0.2	0.000	0.000	0.000
546	  I	  1.5	  0.1	0.000	0.000	0.000
547	  D	  1.2	  0.9	0.000	0.000	0.000
548	  D	  0.2	  0.9	0.000	0.000	0.000
549	  N	  0.3	  0.9	0.000	0.000	0.000
550	  I	  0.3	  0.8	0.000	0.000	0.000
551	  P	  0.2	  0.0	0.000	0.000	0.000
552	  R	  0.3	  0.1	0.000	0.000	0.000
553	  R	  0.6	  0.1	0.000	0.000	0.000
554	  T	  2.7	  0.1	0.000	0.000	0.000
555	  T	  3.5	  0.1	0.000	0.000	0.000
556	  Q	  3.6	  0.1	0.000	0.000	0.000
557	  R	  6.3	  0.0	0.000	0.000	0.000
558	  I	 15.0	  0.0	0.000	0.000	0.000
559	  V	 14.7	  0.0	0.000	0.000	0.000
560	  A	 10.1	  0.0	0.000	0.000	0.000
561	  P	  0.0	  1.1	0.000	0.000	0.000
562	  P	  0.0	  1.5	0.000	0.000	0.000
563	  G	  0.0	  1.6	0.000	0.000	0.000
564	  G	  0.1	  1.6	0.000	0.000	0.000
565	  R	  0.3	  0.7	0.000	0.000	0.000
566	  A	  0.5	  0.4	0.000	0.000	0.000
567	  N	  3.1	  0.3	0.000	0.000	0.000
568	  I	  5.5	  0.2	0.000	0.000	0.000
569	  T	  5.8	  0.2	0.000	0.000	0.000
570	  S	  3.3	  0.2	0.000	0.000	0.000
571	  L	  0.7	  0.2	0.000	0.000	0.000
572	  G	  0.2	  0.1	0.000	0.000	0.000
