res	aa	Beta	Turn	Helix	Aggregation	Conc-Stab_Aggregation
01	  M	  0.0	  0.0	0.000	0.000	0.000
02	  A	  0.1	  0.0	0.000	0.000	0.000
03	  P	  0.1	  0.0	0.000	0.000	0.000
04	  V	  0.7	  0.0	0.000	0.000	0.000
05	  K	  0.7	  0.1	0.000	0.000	0.000
06	  K	  1.3	  0.1	0.000	0.000	0.000
07	  L	  2.5	  0.1	0.000	0.000	0.000
08	  V	  5.3	  0.0	0.000	0.000	0.000
09	  V	  5.3	  0.1	0.000	0.000	0.000
10	  K	  3.4	  3.1	0.000	0.000	0.000
11	  G	  0.6	  3.1	0.000	0.000	0.000
12	  G	  0.0	  3.2	0.000	0.000	0.000
13	  K	  0.1	  3.1	0.000	0.000	0.000
14	  K	  0.2	  0.2	0.000	0.000	0.000
15	  K	  0.2	  0.2	0.000	0.000	0.000
16	  K	  0.3	  0.1	0.000	0.000	0.000
17	  Q	  0.7	  0.1	0.000	0.000	0.000
18	  V	  1.8	  0.0	0.000	0.000	0.000
19	  L	  2.4	  0.0	0.000	0.000	0.000
20	  K	  5.0	  0.0	0.000	0.000	0.000
21	  F	  8.3	  0.0	0.000	0.000	0.000
22	  T	  8.9	  0.2	0.000	0.000	0.000
23	  L	  8.0	  0.2	0.000	0.000	0.000
24	  D	  4.1	  0.2	0.000	0.000	0.000
25	  C	  6.5	  0.2	0.000	0.000	0.000
26	  T	  4.5	  0.0	0.000	0.000	0.000
27	  H	  4.1	  0.0	0.000	0.000	0.000
28	  P	  0.2	  0.0	0.000	0.000	0.000
29	  V	  0.9	  0.5	0.000	0.000	0.000
30	  E	  0.9	  0.8	0.000	0.000	0.000
31	  D	  0.9	  0.8	0.000	0.000	0.000
32	  G	  0.0	  0.8	0.000	0.000	0.000
33	  I	  0.6	  0.5	0.000	0.000	0.000
34	  M	  0.8	  0.1	0.000	0.000	0.000
35	  D	  0.8	  0.2	0.933	0.000	0.000
36	  A	  0.3	  0.6	0.933	0.000	0.000
37	  A	  0.1	  0.5	0.933	0.000	0.000
38	  N	  2.8	  0.5	1.228	0.000	0.000
39	  F	  3.8	  0.4	1.228	0.000	0.000
40	  E	  3.8	  0.1	1.228	0.000	0.000
41	  Q	  2.3	  0.1	1.072	0.000	0.000
42	  F	  2.0	  0.1	1.355	0.000	0.000
43	  L	  1.9	  0.0	1.470	0.000	0.000
44	  Q	  0.9	  0.1	1.651	0.000	0.000
45	  E	  0.2	  0.1	1.761	0.000	0.000
46	  R	  2.5	  0.1	1.761	0.000	0.000
47	  I	  9.6	  0.0	1.655	0.000	0.000
48	  K	 11.1	  0.0	1.655	0.000	0.000
49	  V	  9.1	  8.1	1.114	0.000	0.000
50	  N	  2.0	  8.2	1.114	0.000	0.000
51	  G	  0.3	  8.3	0.000	0.000	0.000
52	  K	  0.1	  8.4	0.000	0.000	0.000
53	  A	  0.1	  1.2	0.000	0.000	0.000
54	  G	  0.1	  1.1	0.000	0.000	0.000
55	  N	  0.0	  1.2	0.000	0.000	0.000
56	  L	  0.0	  1.2	0.000	0.551	0.551
57	  G	  0.0	  0.7	0.000	0.551	0.551
58	  G	  0.0	  0.7	0.000	1.674	1.674
59	  G	  0.0	  0.5	0.134	14.229	14.229
60	  V	  2.8	  0.4	0.134	14.229	14.229
61	  V	 12.3	  0.0	0.134	14.229	14.229
62	  T	 16.0	  0.0	0.408	14.229	14.229
63	  I	 14.7	  0.0	0.408	14.229	14.229
64	  E	  5.6	  0.1	0.408	0.000	0.000
65	  R	  1.8	  0.1	0.274	0.000	0.000
66	  S	  2.3	  0.7	0.274	0.000	0.000
67	  K	  2.4	  0.7	0.274	0.000	0.000
68	  S	  2.5	  0.6	0.095	0.000	0.000
69	  K	  5.0	  0.6	0.000	0.000	0.000
70	  I	 20.9	  0.0	0.000	1.014	1.014
71	  T	 29.5	  0.0	0.000	1.014	1.014
72	  V	 27.6	  0.0	0.000	1.014	1.014
73	  T	 12.3	  0.0	0.000	1.014	1.014
74	  S	  2.4	  0.0	0.000	1.014	1.014
75	  E	  0.4	  0.0	0.000	0.000	0.000
76	  V	  0.3	  0.0	0.000	0.000	0.000
77	  P	  0.2	  0.0	0.000	0.000	0.000
78	  F	  2.4	  0.1	0.000	0.000	0.000
79	  S	  3.1	  0.1	0.709	0.000	0.000
80	  K	  3.3	  0.1	0.709	0.000	0.000
81	  R	  1.7	  0.1	0.709	0.000	0.000
82	  Y	  1.7	  0.1	0.709	0.000	0.000
83	  L	  2.3	  0.0	0.709	0.000	0.000
84	  K	  1.9	  0.0	0.709	0.000	0.000
85	  Y	  1.6	  0.0	0.466	0.000	0.000
86	  L	  1.2	  0.0	0.313	0.000	0.000
87	  T	  2.0	  0.1	0.596	0.000	0.000
88	  K	  1.6	  0.1	0.596	0.000	0.000
89	  K	  1.4	  0.1	0.402	0.000	0.000
90	  Y	  1.2	  0.1	0.402	0.000	0.000
91	  L	  1.2	  0.1	0.402	0.000	0.000
92	  K	  1.0	  0.3	0.402	0.000	0.000
93	  K	  0.2	  0.3	0.125	0.000	0.000
94	  N	  0.1	  0.4	0.000	0.000	0.000
95	  N	  0.7	  0.3	1.225	0.000	0.000
96	  L	  0.9	  0.5	1.225	0.000	0.000
97	  R	  1.0	  0.4	1.379	0.000	0.000
98	  D	  0.4	  0.4	1.599	0.000	0.000
99	  W	  0.8	  0.4	1.599	0.000	0.000
100	  L	  2.7	  0.0	1.599	0.000	0.000
101	  R	  4.9	  0.0	1.475	0.000	0.000
102	  V	  8.7	  0.0	1.165	0.000	0.000
103	  V	  7.3	  0.1	1.165	0.000	0.000
104	  A	  5.2	  0.2	1.165	0.000	0.000
105	  N	  1.0	  0.2	1.048	0.000	0.000
106	  S	  0.6	  0.3	0.261	0.000	0.000
107	  K	  0.6	  0.3	0.112	0.000	0.000
108	  E	  0.6	  0.3	0.112	0.000	0.000
109	  S	  6.8	  0.2	4.695	0.000	0.000
110	  Y	  8.8	  0.1	4.695	0.000	0.000
111	  E	  8.8	  0.0	4.695	0.000	0.000
112	  L	  3.5	  0.0	4.695	0.000	0.000
113	  R	  2.5	  0.0	4.695	0.000	0.000
114	  Y	  4.2	  0.0	4.695	0.000	0.000
115	  F	  6.8	  0.0	3.548	0.000	0.000
116	  Q	  6.9	  0.0	0.877	0.000	0.000
117	  I	  6.5	  0.0	0.639	0.000	0.000
118	  N	  2.9	  1.5	0.639	0.000	0.000
119	  Q	  1.7	  1.6	0.382	0.000	0.000
120	  D	  0.2	  1.7	0.211	0.000	0.000
121	  E	  0.1	  1.8	0.000	0.000	0.000
122	  E	  0.0	  0.3	0.000	0.000	0.000
123	  E	  0.0	  0.3	0.000	0.000	0.000
124	  E	  0.0	  0.3	0.000	0.000	0.000
125	  E	  0.0	  0.3	0.000	0.000	0.000
126	  D	  0.0	  0.3	0.000	0.000	0.000
127	  E	  0.0	  0.2	0.000	0.000	0.000
128	  D	  0.0	  0.0	0.000	0.000	0.000
