res	aa	Beta	Turn	Helix	Aggregation	Conc-Stab_Aggregation
01	  M	  0.0	  0.0	0.000	0.000	0.000
02	  P	  0.0	  0.0	0.000	0.000	0.000
03	  V	  1.4	  0.1	0.000	0.000	0.000
04	  R	  1.5	  0.3	0.000	0.000	0.000
05	  R	  1.5	  0.3	0.000	0.000	0.000
06	  G	  0.2	  0.3	0.000	0.000	0.000
07	  H	  3.9	  0.2	0.000	0.000	0.000
08	  V	  4.3	  0.0	0.000	0.000	0.000
09	  A	  4.3	  0.2	0.000	0.000	0.000
10	  P	  0.5	  0.4	0.000	0.000	0.000
11	  Q	  0.2	  0.4	0.000	0.000	0.000
12	  N	  3.3	  0.4	0.148	0.000	0.000
13	  T	  6.6	  0.2	0.795	0.000	0.000
14	  F	  7.2	  0.1	0.903	0.000	0.000
15	  L	  4.3	  0.1	0.903	0.000	0.000
16	  D	  1.7	  0.1	1.377	0.000	0.000
17	  T	  3.1	  0.1	3.087	0.000	0.000
18	  I	  6.9	  0.0	3.087	0.000	0.000
19	  I	  6.9	  0.0	3.087	0.000	0.000
20	  R	  5.2	  0.0	3.087	0.000	0.000
21	  K	  4.5	  0.0	2.978	0.000	0.000
22	  F	  4.1	  0.7	2.061	0.000	0.000
23	  E	  3.6	  0.7	0.353	0.000	0.000
24	  G	  0.3	  0.8	1.097	0.000	0.000
25	  Q	  0.1	  0.9	1.097	0.000	0.000
26	  S	  0.2	  0.3	1.085	0.000	0.000
27	  R	  0.7	  0.2	1.085	0.000	0.000
28	  K	  1.1	  0.1	1.085	0.000	0.000
29	  F	  2.4	  0.1	1.085	0.146	0.146
30	  I	  5.1	  0.0	0.539	0.146	0.146
31	  I	  4.8	  0.2	0.539	0.146	0.146
32	  A	  3.4	  0.2	0.539	0.146	0.146
33	  N	  0.3	  0.2	0.539	0.146	0.146
34	  A	  0.4	  0.2	0.000	0.000	0.000
35	  R	  2.5	  0.0	0.000	0.000	0.000
36	  V	  3.5	  0.2	0.000	0.000	0.000
37	  E	  3.3	  0.2	0.000	0.000	0.000
38	  N	  1.3	  0.2	0.000	0.000	0.000
39	  C	  1.3	  0.2	0.000	1.497	1.497
40	  A	  2.3	  0.0	0.000	2.992	2.992
41	  V	  4.4	  0.0	0.000	2.992	2.992
42	  I	  4.8	  0.0	0.000	2.992	2.992
43	  Y	  5.6	  0.1	0.000	2.992	2.992
44	  C	  3.6	  0.5	0.000	1.496	1.496
45	  N	  2.1	  0.7	0.000	0.000	0.000
46	  D	  0.2	  0.8	0.000	0.000	0.000
47	  G	  0.1	  0.7	0.000	0.000	0.000
48	  F	  3.6	  0.3	0.000	0.000	0.000
49	  C	  5.3	  0.2	0.140	0.000	0.000
50	  E	  5.4	  0.1	0.140	0.000	0.000
51	  L	  2.1	  0.5	0.140	0.000	0.000
52	  C	  0.4	  0.5	0.140	0.000	0.000
53	  G	  0.3	  0.3	0.140	0.000	0.000
54	  Y	  1.8	  0.4	0.140	0.000	0.000
55	  S	  1.8	  0.1	3.340	0.000	0.000
56	  R	  1.8	  0.1	3.340	0.000	0.000
57	  A	  0.4	  0.1	3.340	0.000	0.000
58	  E	  0.8	  0.0	3.340	0.000	0.000
59	  V	  3.6	  0.0	3.340	0.000	0.000
60	  M	  3.6	  0.0	3.340	0.000	0.000
61	  Q	  3.1	  0.0	1.727	0.000	0.000
62	  R	  0.3	  0.0	0.849	0.000	0.000
63	  P	  0.1	  0.0	0.000	0.000	0.000
64	  C	  4.1	  0.0	0.000	0.000	0.000
65	  T	  6.2	  0.1	0.000	0.000	0.000
66	  C	  6.6	  0.1	0.000	0.000	0.000
67	  D	  2.6	  0.1	0.000	0.000	0.000
68	  F	  1.1	  0.1	0.000	0.000	0.000
69	  L	  0.8	  0.0	0.000	0.000	0.000
70	  H	  0.8	  0.1	0.000	0.000	0.000
71	  G	  0.2	  0.3	0.434	0.000	0.000
72	  P	  0.0	  0.4	0.434	0.000	0.000
73	  R	  0.3	  0.4	0.434	0.000	0.000
74	  T	  1.6	  0.3	0.562	0.000	0.000
75	  Q	  1.8	  0.2	0.562	0.000	0.000
76	  R	  1.7	  0.1	0.562	0.000	0.000
77	  R	  0.5	  0.1	0.127	0.000	0.000
78	  A	  0.2	  0.1	0.127	0.000	0.000
79	  A	  0.2	  0.0	0.127	0.000	0.000
80	  A	  0.4	  0.0	0.127	0.000	0.000
81	  Q	  0.8	  0.0	0.127	0.000	0.000
82	  I	  1.7	  0.0	0.000	0.562	0.562
83	  A	  1.4	  0.0	0.000	0.562	0.562
84	  Q	  1.2	  0.0	0.000	0.562	0.562
85	  A	  0.5	  0.0	0.000	0.562	0.562
86	  L	  0.6	  0.0	0.000	0.562	0.562
87	  L	  0.4	  0.1	0.000	0.562	0.562
88	  G	  0.1	  0.1	1.417	0.000	0.000
89	  A	  0.0	  0.1	1.417	0.000	0.000
90	  E	  0.0	  0.2	1.544	0.000	0.000
91	  E	  0.8	  0.1	1.687	0.000	0.000
92	  R	  1.3	  0.1	1.687	0.000	0.000
93	  K	  8.3	  0.0	1.687	0.460	0.460
94	  V	 14.4	  0.0	0.898	0.460	0.460
95	  E	 14.5	  0.0	0.898	0.460	0.460
96	  I	  9.4	  0.0	0.637	0.460	0.460
97	  A	  2.6	  0.0	0.637	0.460	0.460
98	  F	  3.7	  0.0	0.511	0.460	0.460
99	  Y	  3.5	  0.0	0.000	0.253	0.253
100	  R	  3.6	  1.4	0.000	0.000	0.000
101	  K	  1.8	  1.7	0.000	0.000	0.000
102	  D	  0.5	  2.0	0.000	0.000	0.000
103	  G	  0.1	  2.0	0.000	0.000	0.000
104	  S	  2.7	  0.6	0.000	0.138	0.138
105	  C	  4.3	  0.3	0.000	3.452	3.452
106	  F	  6.1	  0.1	0.000	18.132	18.132
107	  L	  4.6	  0.0	0.000	18.132	18.132
108	  C	  4.4	  0.0	0.000	18.132	18.132
109	  L	  3.1	  0.0	0.000	18.132	18.132
110	  V	 10.7	  0.0	0.000	17.873	17.873
111	  D	 10.9	  0.0	0.000	0.000	0.000
112	  V	 10.9	  0.0	0.000	0.000	0.000
113	  V	  2.7	  0.0	0.000	0.000	0.000
114	  P	  0.6	  0.0	0.000	0.000	0.000
115	  V	  1.8	  0.1	0.000	0.000	0.000
116	  K	  1.8	  0.1	0.000	0.000	0.000
117	  N	  1.8	  7.8	0.000	0.000	0.000
118	  E	  0.1	  7.9	0.000	0.000	0.000
119	  D	  0.0	  7.9	0.135	0.000	0.000
120	  G	  0.0	  7.9	0.932	0.729	0.729
121	  A	  1.0	  0.2	0.932	22.897	22.897
122	  V	  8.3	  0.0	0.932	93.795	93.795
123	  I	 10.0	  0.0	0.932	99.019	99.019
124	  M	  9.8	  0.0	0.932	99.095	99.095
125	  F	  3.4	  0.0	0.932	99.157	99.157
126	  I	  2.1	  0.1	0.803	98.881	98.881
127	  L	  2.9	  0.1	0.803	86.396	86.396
128	  N	  4.4	  0.1	0.710	13.837	13.837
129	  F	 11.5	  0.1	0.556	12.798	12.798
130	  E	 10.5	  0.0	0.146	0.000	0.000
131	  V	 15.8	  0.0	0.000	0.000	0.000
132	  V	  9.5	  0.0	0.000	0.000	0.000
133	  M	  9.1	  0.1	0.000	0.000	0.000
134	  E	  1.9	  0.2	0.000	0.000	0.000
135	  K	  0.4	  0.2	0.000	0.000	0.000
136	  D	  0.4	  0.2	0.000	0.000	0.000
137	  M	  0.5	  0.3	0.000	0.000	0.000
138	  V	  0.7	  0.2	0.000	0.000	0.000
139	  G	  0.5	  0.2	0.000	0.000	0.000
140	  S	  0.3	  0.3	0.000	0.000	0.000
141	  P	  0.0	  0.3	0.000	0.000	0.000
142	  A	  0.1	  0.3	0.000	0.000	0.000
143	  H	  0.2	  0.5	0.000	0.000	0.000
144	  D	  0.3	  1.2	0.000	0.000	0.000
145	  T	  0.4	  1.1	0.000	0.000	0.000
146	  N	  0.5	  1.1	0.000	0.000	0.000
147	  H	  0.6	  1.0	0.000	0.000	0.000
148	  R	  0.4	  0.1	0.000	0.000	0.000
149	  G	  0.2	  0.1	0.000	0.000	0.000
150	  P	  0.0	  0.3	0.000	0.000	0.000
151	  P	  0.0	  0.3	0.000	0.000	0.000
152	  T	  1.4	  0.3	0.000	0.000	0.000
153	  S	  1.8	  0.3	0.000	0.000	0.000
154	  W	  2.7	  0.0	0.000	0.000	0.000
155	  L	  1.3	  0.0	0.000	0.000	0.000
156	  A	  0.9	  1.9	0.000	0.000	0.000
157	  P	  0.0	  1.9	0.000	0.000	0.000
158	  G	  0.1	  2.0	0.122	0.000	0.000
159	  R	  0.1	  2.0	0.122	0.000	0.000
160	  A	  0.2	  0.2	0.122	0.000	0.000
161	  K	  0.7	  0.1	0.122	0.000	0.000
162	  T	 13.1	  0.1	0.279	0.000	0.000
163	  F	 14.8	  0.1	0.279	0.000	0.000
164	  R	 14.6	  0.0	0.157	0.000	0.000
165	  L	  4.9	  0.0	0.157	0.000	0.000
166	  K	  2.9	  0.0	0.157	0.000	0.000
167	  L	  2.6	  0.0	0.157	0.000	0.000
168	  P	  0.1	  0.0	0.474	0.000	0.000
169	  A	  0.3	  0.0	0.474	13.985	13.985
170	  L	  0.5	  0.0	0.474	24.149	24.149
171	  L	  0.9	  0.0	0.603	25.756	25.756
172	  A	  0.7	  0.0	0.603	25.756	25.756
173	  L	  1.3	  0.0	0.603	25.756	25.756
174	  T	  1.8	  0.0	0.470	20.352	20.352
175	  A	  1.7	  0.0	0.470	17.787	17.787
176	  R	  0.9	  0.2	0.470	0.000	0.000
177	  E	  0.1	  0.2	0.201	0.000	0.000
178	  S	  0.3	  0.2	0.201	0.000	0.000
179	  S	  4.0	  0.2	0.201	0.000	0.000
180	  V	  6.1	  0.2	0.000	0.000	0.000
181	  R	  6.0	  0.3	0.000	0.000	0.000
182	  S	  2.3	  0.5	0.000	0.000	0.000
183	  G	  0.1	  0.8	0.000	0.000	0.000
184	  G	  0.0	  1.0	0.000	0.000	0.000
185	  A	  0.0	  1.2	0.000	0.000	0.000
186	  G	  0.0	  1.2	0.000	0.000	0.000
187	  G	  0.0	  1.5	0.000	0.000	0.000
188	  A	  0.0	  1.1	0.000	0.000	0.000
189	  G	  0.0	  0.8	0.000	0.000	0.000
190	  A	  0.0	  1.7	0.000	0.000	0.000
191	  P	  0.0	  1.2	0.000	0.000	0.000
192	  G	  0.0	  1.2	0.000	2.723	2.723
193	  A	  0.7	  1.2	0.000	2.723	2.723
194	  V	 11.9	  0.0	0.000	2.723	2.723
195	  V	 15.4	  0.0	0.000	2.723	2.723
196	  V	 22.2	  0.0	0.000	2.723	2.723
197	  D	 11.8	  0.2	0.000	0.000	0.000
198	  V	 10.3	  0.3	0.000	0.000	0.000
199	  D	  3.0	  0.3	0.000	0.000	0.000
200	  L	  2.4	  0.3	0.000	0.000	0.000
201	  T	  0.5	  0.0	0.000	0.000	0.000
202	  P	  0.1	  0.0	0.000	0.000	0.000
203	  A	  0.0	  0.0	0.000	0.000	0.000
204	  A	  0.0	  0.4	0.000	0.000	0.000
205	  P	  0.0	  0.5	0.000	0.000	0.000
206	  S	  0.1	  0.6	0.000	0.000	0.000
207	  S	  0.3	  1.6	0.000	0.000	0.000
208	  E	  0.3	  1.2	0.000	0.000	0.000
209	  S	  0.3	  1.1	0.000	0.000	0.000
210	  L	  0.4	  1.0	0.000	0.000	0.000
211	  A	  0.5	  0.0	0.000	0.000	0.000
212	  L	  0.4	  0.0	0.000	0.000	0.000
213	  D	  0.2	  0.0	5.905	0.000	0.000
214	  E	  5.1	  0.0	5.905	0.000	0.000
215	  V	  8.0	  0.0	5.905	0.000	0.000
216	  T	  8.4	  0.0	6.052	0.000	0.000
217	  A	  3.5	  0.2	6.052	0.000	0.000
218	  M	  0.7	  0.3	6.052	0.000	0.000
219	  D	  0.3	  0.3	2.007	0.000	0.000
220	  N	  0.3	  0.3	1.209	0.000	0.000
221	  H	  1.8	  0.2	0.797	0.000	0.000
222	  V	  2.4	  0.0	0.000	0.000	0.000
223	  A	  2.3	  0.1	0.000	0.000	0.000
224	  G	  0.7	  0.1	0.000	0.000	0.000
225	  L	  0.0	  0.1	0.000	0.000	0.000
226	  G	  0.0	  0.1	1.300	0.000	0.000
227	  P	  0.0	  0.0	1.711	0.000	0.000
228	  A	  0.0	  0.1	2.236	0.000	0.000
229	  E	  0.0	  0.1	3.109	0.000	0.000
230	  E	  0.2	  0.1	3.496	0.000	0.000
231	  R	  0.3	  0.1	3.496	0.000	0.000
232	  R	  0.5	  0.1	3.236	0.000	0.000
233	  A	  0.6	  0.0	3.014	0.000	0.000
234	  L	  0.6	  0.0	2.858	0.000	0.000
235	  V	  0.5	  0.2	2.056	0.000	0.000
236	  G	  0.2	  2.9	2.056	0.000	0.000
237	  P	  0.0	  2.9	0.000	0.000	0.000
238	  G	  0.0	  2.9	0.000	0.000	0.000
239	  S	  0.0	  2.7	0.000	0.000	0.000
240	  P	  0.0	  0.2	0.000	0.000	0.000
241	  P	  0.0	  0.3	0.000	0.000	0.000
242	  R	  0.6	  0.3	0.000	0.000	0.000
243	  S	  0.7	  0.3	0.000	0.000	0.000
244	  A	  0.7	  2.3	0.000	0.000	0.000
245	  P	  0.1	  2.2	0.000	0.000	0.000
246	  G	  0.0	  2.2	0.000	0.000	0.000
247	  Q	  0.1	  2.2	0.000	0.000	0.000
248	  L	  0.1	  0.0	0.000	0.000	0.000
249	  P	  0.1	  0.0	0.000	0.000	0.000
250	  S	  0.0	  0.3	0.000	0.000	0.000
251	  P	  0.0	  0.3	0.000	0.000	0.000
252	  R	  0.2	  0.3	0.000	0.000	0.000
253	  A	  0.2	  0.4	0.000	0.000	0.000
254	  H	  0.4	  0.1	0.000	0.000	0.000
255	  S	  4.4	  0.1	0.000	0.000	0.000
256	  L	  4.5	  0.1	0.000	0.000	0.000
257	  N	  4.3	  8.0	0.000	0.000	0.000
258	  P	  0.1	  7.9	0.000	0.000	0.000
259	  D	  0.0	 12.2	0.000	0.000	0.000
260	  A	  0.1	 12.5	0.000	0.000	0.000
261	  S	  0.3	  5.4	0.000	0.000	0.000
262	  G	  0.3	  5.6	0.000	0.000	0.000
263	  S	  0.8	  1.3	0.000	0.000	0.000
264	  S	 20.3	  1.3	0.161	0.000	0.000
265	  C	 21.5	  0.5	0.161	0.000	0.000
266	  S	 21.0	  0.3	0.478	0.000	0.000
267	  L	  2.0	  0.2	0.478	0.000	0.000
268	  A	  0.2	  0.1	0.478	0.000	0.000
269	  R	  0.3	  0.1	0.478	0.000	0.000
270	  T	  2.6	  0.2	0.316	0.000	0.000
271	  R	  2.8	  0.2	0.316	0.000	0.000
272	  S	  2.8	  0.2	0.157	0.000	0.000
273	  R	  0.5	  0.4	0.000	0.000	0.000
274	  E	  0.4	  0.3	0.000	0.000	0.000
275	  S	  1.3	  0.3	0.000	0.000	0.000
276	  C	  2.0	  0.5	0.000	0.000	0.000
277	  A	  2.3	  0.3	0.000	0.000	0.000
278	  S	  4.9	  0.3	0.168	0.000	0.000
279	  V	  5.4	  0.3	0.168	0.000	0.000
280	  R	  5.1	  0.0	0.168	0.000	0.000
281	  R	  1.6	  0.2	0.168	0.000	0.000
282	  A	  0.4	  0.3	0.168	0.000	0.000
283	  S	  0.4	  0.3	0.168	0.000	0.000
284	  S	  0.6	  3.1	0.438	0.000	0.000
285	  A	  0.4	  3.1	0.438	0.000	0.000
286	  D	  0.4	  2.9	2.697	0.000	0.000
287	  D	  1.6	  2.9	7.808	0.000	0.000
288	  I	  2.5	  0.1	8.626	0.000	0.000
289	  E	  2.4	  0.0	9.195	0.000	0.000
290	  A	  1.2	  0.0	9.195	0.000	0.000
291	  M	  0.8	  0.1	9.195	0.000	0.000
292	  R	  0.8	  0.3	8.736	0.000	0.000
293	  A	  0.5	  0.3	7.588	0.000	0.000
294	  G	  0.1	  0.3	6.307	0.000	0.000
295	  V	  0.0	  0.2	0.833	0.000	0.000
296	  L	  0.0	  0.0	0.659	0.000	0.000
297	  P	  0.0	  0.0	0.000	0.000	0.000
298	  P	  0.0	  0.0	0.000	0.000	0.000
299	  P	  0.0	  0.2	0.000	0.000	0.000
300	  P	  0.0	  0.3	0.000	0.000	0.000
301	  R	  0.2	  0.3	0.000	0.000	0.000
302	  H	  0.6	  0.6	0.000	0.000	0.000
303	  A	  0.7	  0.6	0.000	0.000	0.000
304	  S	  0.6	  0.7	0.000	0.000	0.000
305	  T	  0.2	  1.0	0.000	0.000	0.000
306	  G	  0.1	  0.7	0.000	0.000	0.000
307	  A	  0.6	  0.5	0.000	0.000	0.000
308	  M	  0.7	  0.3	0.000	0.000	0.000
309	  H	  0.7	  0.3	0.000	0.000	0.000
310	  P	  0.1	  0.3	0.000	0.000	0.000
311	  L	  0.6	  0.5	0.000	0.000	0.000
312	  R	  0.7	  0.7	0.000	0.000	0.000
313	  S	  0.7	  0.4	0.000	0.000	0.000
314	  G	  0.1	  0.4	0.000	0.000	0.000
315	  L	  0.5	  0.2	0.000	0.000	0.000
316	  L	  0.9	  0.1	0.000	0.000	0.000
317	  N	  1.0	  0.2	0.000	0.000	0.000
318	  S	  2.6	  0.4	0.000	0.000	0.000
319	  T	  2.2	  0.7	0.000	0.000	0.000
320	  S	  2.1	  1.4	0.000	0.000	0.000
321	  D	  0.1	  2.7	0.136	0.000	0.000
322	  S	  0.1	  2.5	3.950	0.000	0.000
323	  D	  0.2	  2.2	4.498	0.000	0.000
324	  L	  0.4	  1.5	4.498	0.000	0.000
325	  V	  2.3	  0.0	4.498	0.000	0.000
326	  R	  3.1	  0.0	4.498	0.000	0.000
327	  Y	  3.3	  0.1	4.498	0.000	0.000
328	  R	  2.1	  0.1	2.115	0.000	0.000
329	  T	 13.6	  0.1	0.585	0.000	0.000
330	  I	 13.8	  0.1	0.585	0.000	0.000
331	  S	 13.7	  0.0	0.585	0.000	0.000
332	  K	  1.4	  0.0	0.124	0.000	0.000
333	  I	  0.7	  0.0	0.000	0.000	0.000
334	  P	  0.1	  0.0	0.178	0.000	0.000
335	  Q	  1.8	  0.0	0.178	0.168	0.168
336	  I	 12.2	  0.0	0.178	4.830	4.830
337	  T	 13.7	  0.1	0.178	5.224	5.224
338	  L	 13.6	  0.1	0.178	5.224	5.224
339	  N	  4.1	  0.1	0.671	5.224	5.224
340	  F	  3.5	  0.2	0.493	5.224	5.224
341	  V	  4.2	  0.1	0.493	4.857	4.857
342	  D	  3.8	  0.3	0.493	0.000	0.000
343	  L	  2.6	  0.7	0.493	0.000	0.000
344	  K	  0.3	  0.6	0.493	0.000	0.000
345	  G	  0.1	  0.5	0.158	0.000	0.000
346	  D	  0.0	  0.5	0.212	0.000	0.000
347	  P	  0.0	  0.1	0.212	0.000	0.000
348	  F	  0.7	  0.1	0.212	0.000	0.000
349	  L	  0.9	  0.1	0.212	0.000	0.000
350	  A	  1.0	  0.0	0.212	0.000	0.000
351	  S	  0.3	  0.4	0.212	0.000	0.000
352	  P	  0.1	  0.5	0.000	0.000	0.000
353	  T	  0.1	  0.8	0.000	0.000	0.000
354	  S	  0.1	  0.8	0.116	0.000	0.000
355	  D	  0.1	  0.4	0.116	0.000	0.000
356	  R	  0.2	  0.4	0.116	0.000	0.000
357	  E	  0.4	  0.1	0.116	0.000	0.000
358	  I	  7.7	  0.0	0.116	0.000	0.000
359	  I	  7.8	  0.0	0.116	0.000	0.000
360	  A	  7.6	  0.1	0.116	0.000	0.000
361	  P	  0.3	  0.1	0.000	0.000	0.000
362	  K	  2.6	  0.1	0.000	0.000	0.000
363	  I	  3.3	  0.2	0.000	0.000	0.000
364	  K	  3.5	  0.1	0.000	0.000	0.000
365	  E	  1.2	  0.1	0.000	0.000	0.000
366	  R	  0.8	  0.1	0.000	0.000	0.000
367	  T	  1.5	  0.1	0.000	0.000	0.000
368	  H	  2.0	  0.1	0.000	0.000	0.000
369	  N	  3.7	  0.1	0.000	0.000	0.000
370	  V	  3.6	  0.1	0.000	0.000	0.000
371	  T	  3.0	  0.1	0.000	0.000	0.000
372	  E	  1.0	  0.1	0.000	0.000	0.000
373	  K	  5.7	  0.1	0.000	0.000	0.000
374	  V	  8.9	  0.1	0.000	5.162	5.162
375	  T	  9.6	  0.0	0.000	5.162	5.162
376	  Q	  4.8	  0.0	0.000	5.162	5.162
377	  V	  4.1	  0.0	0.000	5.162	5.162
378	  L	  5.0	  0.1	0.000	5.162	5.162
379	  S	  4.7	  0.3	0.000	2.291	2.291
380	  L	  2.0	  0.4	0.000	1.936	1.936
381	  G	  0.2	  0.8	0.000	0.000	0.000
382	  A	  0.1	  0.7	0.000	0.000	0.000
383	  D	  0.3	  0.6	0.000	0.000	0.000
384	  V	  0.8	  0.4	0.000	0.000	0.000
385	  L	  0.7	  0.4	0.000	0.000	0.000
386	  P	  0.5	  0.4	0.362	0.000	0.000
387	  E	  3.2	  0.4	0.362	0.000	0.000
388	  Y	  4.6	  0.5	0.362	0.000	0.000
389	  K	  5.2	  0.0	0.362	0.000	0.000
390	  L	  2.8	  0.0	0.362	0.000	0.000
391	  Q	  1.4	  0.0	0.362	0.000	0.000
392	  A	  0.8	  0.1	0.162	0.000	0.000
393	  P	  0.0	  0.1	0.000	0.000	0.000
394	  R	  2.6	  0.1	0.000	0.000	0.000
395	  I	  4.0	  0.1	0.000	0.000	0.000
396	  H	  4.6	  0.0	0.000	0.000	0.000
397	  R	  3.2	  0.0	0.000	0.000	0.000
398	  W	  6.7	  0.0	0.000	0.000	0.000
399	  T	  8.5	  0.0	0.000	0.000	0.000
400	  I	  7.9	  0.0	0.000	0.000	0.000
401	  L	  4.4	  0.0	0.000	0.000	0.000
402	  H	  7.4	  0.0	0.000	0.000	0.000
403	  Y	  7.2	  0.0	0.000	0.000	0.000
404	  S	  6.0	  0.1	4.175	0.000	0.000
405	  P	  0.4	  0.1	4.916	0.048	0.048
406	  F	  1.0	  0.2	5.228	14.293	14.293
407	  K	  1.2	  0.2	5.391	25.780	25.780
408	  A	  1.6	  0.0	5.863	25.781	25.781
409	  V	  2.4	  0.0	6.091	25.781	25.781
410	  W	  3.0	  0.0	9.212	25.781	25.781
411	  D	  2.6	  0.0	17.771	25.781	25.781
412	  W	  1.2	  0.0	20.076	88.885	88.885
413	  L	  1.4	  0.0	20.192	96.022	96.022
414	  I	  3.6	  0.0	20.297	99.600	99.600
415	  L	  4.0	  0.0	20.297	99.927	99.927
416	  L	  3.6	  0.0	20.297	99.987	99.987
417	  L	  3.1	  0.0	20.191	99.997	99.997
418	  V	  4.0	  0.0	19.218	99.996	99.996
419	  I	  4.4	  0.0	18.992	99.959	99.959
420	  Y	  6.8	  0.0	18.884	99.557	99.557
421	  T	  5.8	  0.0	5.861	96.736	96.736
422	  A	  5.1	  0.0	5.140	95.058	95.058
423	  V	  5.2	  0.0	3.430	93.639	93.639
424	  F	  5.0	  0.0	3.289	77.066	77.066
425	  T	  4.6	  0.2	0.852	0.478	0.478
426	  P	  0.6	  0.2	0.373	0.210	0.210
427	  Y	  3.8	  0.2	0.373	0.004	0.004
428	  S	  3.9	  0.2	1.105	0.006	0.006
429	  A	  4.0	  0.0	1.105	25.653	25.653
430	  A	  0.5	  0.0	1.105	25.653	25.653
431	  F	  1.2	  0.0	1.105	25.653	25.653
432	  L	  1.3	  0.0	0.927	25.653	25.653
433	  L	  1.1	  0.0	0.733	25.653	25.653
434	  K	  0.5	  0.1	0.513	0.000	0.000
435	  E	  0.3	  0.1	0.139	0.000	0.000
436	  T	  0.3	  0.3	0.000	0.000	0.000
437	  E	  0.1	  0.3	0.000	0.000	0.000
438	  E	  0.0	  0.2	0.000	0.000	0.000
439	  G	  0.0	  0.2	0.000	0.000	0.000
440	  P	  0.0	  0.0	0.000	0.000	0.000
441	  P	  0.0	  0.0	0.000	0.000	0.000
442	  A	  0.0	  0.0	0.000	0.000	0.000
443	  T	  0.2	  0.2	0.000	0.000	0.000
444	  E	  0.2	  0.3	0.000	0.000	0.000
445	  C	  0.3	  0.3	0.000	0.000	0.000
446	  G	  0.3	  0.3	0.000	0.000	0.000
447	  Y	  1.8	  0.2	0.000	0.000	0.000
448	  A	  2.0	  0.0	0.000	0.000	0.000
449	  C	  2.0	  0.0	0.000	0.000	0.000
450	  Q	  0.5	  0.0	0.000	0.000	0.000
451	  P	  0.2	  0.0	0.000	0.167	0.167
452	  L	  0.4	  0.0	0.000	0.167	0.167
453	  A	  1.1	  0.0	0.000	0.167	0.167
454	  V	  5.1	  0.0	0.000	0.167	0.167
455	  V	  6.9	  0.0	0.000	0.167	0.167
456	  D	  6.4	  0.0	0.353	0.000	0.000
457	  L	  3.9	  0.0	0.353	0.000	0.000
458	  I	  2.5	  0.0	0.353	0.000	0.000
459	  V	  6.7	  0.0	0.353	0.000	0.000
460	  D	  5.4	  0.0	1.078	0.000	0.000
461	  I	  6.2	  0.0	1.078	71.489	71.489
462	  M	  2.5	  0.0	1.078	77.311	77.311
463	  F	  4.0	  0.0	0.953	91.280	91.280
464	  I	  3.3	  0.0	0.725	92.419	92.419
465	  V	  6.8	  0.0	0.725	92.508	92.508
466	  D	  5.2	  0.0	0.916	84.640	84.640
467	  I	  6.4	  0.0	0.916	87.193	87.193
468	  L	  2.6	  0.1	0.916	87.193	87.193
469	  I	  6.9	  0.1	0.797	87.193	87.193
470	  N	  6.8	  0.1	0.797	87.193	87.193
471	  F	  6.7	  0.1	0.398	87.193	87.193
472	  R	  2.8	  0.1	0.000	84.640	84.640
473	  T	  4.0	  0.1	0.000	79.991	79.991
474	  T	  8.5	  0.1	0.000	77.259	77.259
475	  Y	  9.9	  0.1	0.000	75.630	75.630
476	  V	  7.5	  0.0	0.000	69.973	69.973
477	  N	  2.5	  2.2	0.000	3.398	3.398
478	  A	  0.9	  2.2	0.000	0.808	0.808
479	  N	  0.0	  2.2	0.000	0.000	0.000
480	  E	  0.0	  2.2	0.000	0.000	0.000
481	  E	  0.6	  0.1	0.000	0.000	0.000
482	  V	  5.0	  0.1	0.000	0.000	0.000
483	  V	  8.8	  0.0	0.000	0.000	0.000
484	  S	  8.3	  0.0	0.000	0.000	0.000
485	  H	  4.0	  3.6	0.000	0.000	0.000
486	  P	  0.1	  3.6	0.000	0.000	0.000
487	  G	  0.1	  3.6	0.000	0.000	0.000
488	  R	  1.7	  3.6	0.000	0.000	0.000
489	  I	  5.1	  0.0	0.000	11.943	11.943
490	  A	  5.9	  0.0	0.000	13.057	13.057
491	  V	  8.5	  0.0	0.000	16.568	16.568
492	  H	  7.2	  0.0	0.000	16.844	16.844
493	  Y	  7.5	  0.0	0.000	45.406	45.406
494	  F	  3.7	  0.4	0.000	49.355	49.355
495	  K	  1.6	  0.4	0.000	49.420	49.420
496	  G	  0.4	  0.4	0.000	65.336	65.336
497	  W	  0.6	  0.4	0.000	65.336	65.336
498	  F	  1.5	  0.0	0.000	65.336	65.336
499	  L	  1.9	  0.0	0.000	65.336	65.336
500	  I	  4.4	  0.0	0.000	65.336	65.336
501	  D	  3.8	  0.0	0.377	49.420	49.420
502	  M	  4.4	  0.0	0.377	48.145	48.145
503	  V	  2.6	  0.0	0.377	46.690	46.690
504	  A	  2.7	  0.0	0.377	28.948	28.948
505	  A	  1.6	  0.0	0.377	13.949	13.949
506	  I	  0.4	  0.0	0.377	1.274	1.274
507	  P	  0.1	  0.0	0.137	0.356	0.356
508	  F	  1.2	  0.1	0.137	0.000	0.000
509	  D	  1.2	  0.1	0.283	0.000	0.000
510	  L	  2.1	  0.1	0.283	8.200	8.200
511	  L	  1.4	  0.1	0.283	8.363	8.363
512	  I	  2.4	  0.0	0.283	8.363	8.363
513	  F	  1.7	  2.2	0.283	8.363	8.363
514	  G	  1.2	  2.6	0.146	8.363	8.363
515	  S	  0.4	  3.2	0.000	1.053	1.053
516	  G	  0.3	  3.3	0.120	0.000	0.000
517	  S	  0.3	  1.2	1.791	0.000	0.000
518	  E	  0.0	  0.8	1.905	0.000	0.000
519	  E	  0.1	  0.2	2.509	0.000	0.000
520	  L	  0.2	  0.1	2.509	8.596	8.596
521	  I	  0.4	  0.1	2.509	8.596	8.596
522	  G	  0.4	  0.1	2.616	8.596	8.596
523	  L	  0.5	  0.1	2.496	8.596	8.596
524	  L	  0.4	  0.1	2.694	8.596	8.596
525	  K	  0.8	  0.1	2.821	0.000	0.000
526	  T	  1.4	  0.1	4.630	0.000	0.000
527	  A	  1.4	  0.1	4.630	0.000	0.000
528	  R	  1.4	  0.0	4.630	0.000	0.000
529	  L	  0.8	  0.0	4.329	0.000	0.000
530	  L	  1.9	  0.0	4.329	0.000	0.000
531	  R	  2.0	  0.0	4.329	0.000	0.000
532	  L	  2.1	  0.0	3.945	0.000	0.000
533	  V	  9.5	  0.0	3.606	0.000	0.000
534	  R	  9.9	  0.0	3.606	0.000	0.000
535	  V	 10.6	  0.0	1.850	0.000	0.000
536	  A	  2.1	  0.0	1.850	0.000	0.000
537	  R	  1.4	  0.1	0.832	0.000	0.000
538	  K	  1.0	  0.3	0.471	0.000	0.000
539	  L	  1.0	  0.3	0.000	0.000	0.000
540	  D	  0.7	  0.3	0.000	0.000	0.000
541	  R	  1.2	  0.3	0.000	0.000	0.000
542	  Y	  1.8	  0.1	0.000	0.000	0.000
543	  S	  1.8	  0.3	0.000	0.000	0.000
544	  E	  0.7	  0.3	0.000	0.000	0.000
545	  Y	  0.3	  0.6	0.000	0.124	0.124
546	  G	  0.3	  0.5	3.381	0.207	0.207
547	  A	  0.4	  0.3	3.381	10.100	10.100
548	  A	  1.0	  0.3	3.381	29.362	29.362
549	  V	  2.5	  0.0	3.381	57.535	57.535
550	  L	  3.1	  0.0	3.381	64.883	64.883
551	  F	  3.0	  0.0	3.381	83.214	83.214
552	  L	  2.4	  0.0	3.119	89.487	89.487
553	  L	  2.9	  0.0	2.968	91.372	91.372
554	  M	  2.4	  0.0	2.968	93.177	93.177
555	  C	  4.4	  0.0	2.843	94.870	94.870
556	  T	  6.6	  0.0	2.660	96.518	96.518
557	  F	  7.0	  0.0	2.660	99.299	99.299
558	  A	  4.4	  0.0	1.984	99.506	99.506
559	  L	  1.5	  0.0	1.595	99.763	99.763
560	  I	  1.3	  0.0	1.483	99.642	99.642
561	  A	  1.4	  0.0	1.483	97.748	97.748
562	  H	  2.0	  0.0	1.483	96.148	96.148
563	  W	  1.9	  0.0	1.148	95.834	95.834
564	  L	  1.8	  0.0	1.148	90.334	90.334
565	  A	  1.1	  0.0	1.148	62.682	62.682
566	  C	  1.4	  0.0	1.148	45.535	45.535
567	  I	  1.8	  0.0	0.705	39.595	39.595
568	  W	  2.4	  0.0	0.705	33.629	33.629
569	  Y	  2.7	  0.0	0.705	14.871	14.871
570	  A	  2.0	  0.0	0.000	8.497	8.497
571	  I	  1.1	  2.5	0.000	7.147	7.147
572	  G	  0.1	  2.5	0.000	0.476	0.476
573	  N	  0.5	  2.5	0.000	0.009	0.009
574	  M	  0.6	  2.5	0.000	0.004	0.004
575	  E	  0.7	  0.0	0.000	0.000	0.000
576	  Q	  0.2	  0.2	0.000	0.000	0.000
577	  P	  0.0	  0.2	0.000	0.000	0.000
578	  H	  0.8	  0.5	0.000	0.000	0.000
579	  M	  1.2	  0.5	0.000	0.000	0.000
580	  D	  1.3	  0.4	0.000	0.000	0.000
581	  S	  0.9	  0.5	0.000	0.000	0.000
582	  R	  1.3	  0.1	0.000	0.000	0.000
583	  I	  1.3	  0.1	0.000	0.000	0.000
584	  G	  0.9	  0.0	0.000	0.000	0.000
585	  W	  0.5	  0.0	0.000	0.000	0.000
586	  L	  0.6	  0.0	0.000	0.000	0.000
587	  H	  0.9	  0.1	0.000	0.000	0.000
588	  N	  0.5	  0.4	0.580	0.000	0.000
589	  L	  0.3	  0.9	0.580	0.000	0.000
590	  G	  0.0	  1.0	0.580	0.000	0.000
591	  D	  0.3	  0.9	0.580	0.000	0.000
592	  Q	  0.4	  0.8	0.580	0.000	0.000
593	  I	  0.5	  0.2	0.580	0.000	0.000
594	  G	  0.2	  0.2	0.580	0.000	0.000
595	  K	  0.1	  0.3	0.175	0.000	0.000
596	  P	  0.0	  0.2	0.000	0.000	0.000
597	  Y	  1.4	  0.2	0.000	0.000	0.000
598	  N	  1.5	  3.7	0.000	0.000	0.000
599	  S	  1.6	  3.8	0.000	0.000	0.000
600	  S	  0.2	  3.9	0.000	0.000	0.000
601	  G	  0.1	  3.9	0.000	0.000	0.000
602	  L	  0.0	  0.3	0.000	0.000	0.000
603	  G	  0.0	  0.2	0.000	0.000	0.000
604	  G	  0.0	  0.5	0.000	0.000	0.000
605	  P	  0.0	  0.5	0.000	0.000	0.000
606	  S	  0.9	  0.5	0.422	0.000	0.000
607	  I	  1.1	  0.6	0.422	0.000	0.000
608	  K	  1.2	  0.2	0.422	0.000	0.000
609	  D	  0.4	  0.2	0.422	0.015	0.015
610	  K	  0.7	  0.2	0.422	0.015	0.015
611	  Y	  1.5	  0.0	0.422	91.750	91.750
612	  V	  4.5	  0.0	0.000	95.415	95.415
613	  T	  4.4	  0.0	0.000	96.238	96.238
614	  A	  3.6	  0.0	0.000	97.520	97.520
615	  L	  0.9	  0.0	0.000	98.955	98.955
616	  Y	  1.3	  0.0	0.000	98.857	98.857
617	  F	 12.0	  0.0	0.000	98.237	98.237
618	  T	 38.6	  0.0	0.000	90.380	90.380
619	  F	 38.9	  0.2	0.000	85.639	85.639
620	  S	 29.9	  0.2	0.000	26.513	26.513
621	  S	  2.7	  0.2	0.000	19.157	19.157
622	  L	  1.5	  0.2	0.000	18.256	18.256
623	  T	  2.3	  0.0	0.000	13.271	13.271
624	  S	  1.7	  0.2	0.000	10.306	10.306
625	  V	  1.4	  0.2	0.000	9.939	9.939
626	  G	  0.5	  0.2	0.000	5.611	5.611
627	  F	  0.2	  1.9	0.000	5.223	5.223
628	  G	  0.1	  1.7	0.000	0.437	0.437
629	  N	  2.7	  1.7	0.000	0.008	0.008
630	  V	  3.0	  1.7	0.000	0.008	0.008
631	  S	  3.0	  3.9	0.136	0.000	0.000
632	  P	  0.3	  3.9	0.136	0.000	0.000
633	  N	  0.2	  4.5	0.136	0.000	0.000
634	  T	  1.0	  4.5	0.136	0.000	0.000
635	  N	  1.1	  0.7	0.136	0.000	0.000
636	  S	  1.0	  0.8	0.136	0.002	0.002
637	  E	  0.2	  0.2	0.000	0.031	0.031
638	  K	  0.5	  0.2	0.000	0.031	0.031
639	  I	  1.5	  0.1	0.000	94.614	94.614
640	  F	  4.8	  0.0	0.000	95.838	95.838
641	  S	  4.9	  0.0	0.344	96.111	96.111
642	  I	  5.1	  0.0	0.344	98.355	98.355
643	  C	  3.5	  0.0	0.578	98.557	98.557
644	  V	  7.3	  0.0	0.578	99.333	99.333
645	  M	  7.0	  0.0	0.578	99.141	99.141
646	  L	  5.5	  0.1	0.578	98.916	98.916
647	  I	  1.3	  0.8	0.578	97.269	97.269
648	  G	  0.2	  0.9	0.578	79.110	79.110
649	  S	  0.3	  0.9	0.285	77.475	77.475
650	  L	  0.9	  0.8	0.169	77.394	77.394
651	  M	  1.3	  0.0	0.169	76.310	76.310
652	  Y	  1.9	  0.3	0.169	75.066	75.066
653	  A	  1.7	  0.3	0.169	70.716	70.716
654	  S	  1.6	  0.3	0.169	67.038	67.038
655	  I	  1.8	  0.3	0.000	66.595	66.595
656	  F	  1.4	  1.7	0.000	61.606	61.606
657	  G	  1.1	  1.7	0.000	0.433	0.433
658	  N	  1.5	  1.9	0.920	0.160	0.160
659	  V	  3.5	  1.9	0.920	1.718	1.718
660	  S	  3.8	  0.2	1.566	1.628	1.628
661	  A	  3.0	  0.2	1.566	1.625	1.625
662	  I	  2.3	  0.0	1.566	1.622	1.622
663	  I	  2.5	  0.0	1.566	1.610	1.610
664	  Q	  2.1	  0.0	1.566	0.060	0.060
665	  R	  1.4	  0.0	1.345	0.000	0.000
666	  L	  1.5	  0.0	0.936	0.000	0.000
667	  Y	  2.7	  0.2	0.667	0.000	0.000
668	  S	  2.1	  0.4	0.155	0.000	0.000
669	  G	  1.6	  0.4	0.155	0.000	0.000
670	  T	  1.0	  0.4	0.155	0.000	0.000
671	  A	  1.2	  0.2	0.155	0.000	0.000
672	  R	  2.0	  0.0	0.155	0.000	0.000
673	  Y	  1.9	  0.0	0.155	0.000	0.000
674	  H	  2.6	  0.0	0.000	0.000	0.000
675	  T	  2.7	  0.0	0.319	0.000	0.000
676	  Q	  2.6	  0.0	0.319	0.000	0.000
677	  M	  1.8	  0.0	0.319	0.000	0.000
678	  L	  3.0	  0.0	0.319	0.000	0.000
679	  R	  4.0	  0.0	0.319	0.000	0.000
680	  V	  4.3	  0.1	0.319	0.000	0.000
681	  R	  2.3	  0.1	0.319	0.000	0.000
682	  E	  0.7	  0.1	0.177	0.000	0.000
683	  F	  1.5	  0.1	0.177	0.000	0.000
684	  I	  4.7	  0.0	0.000	0.000	0.000
685	  R	  5.6	  0.0	0.000	0.000	0.000
686	  F	  5.6	  0.0	0.000	0.000	0.000
687	  H	  4.3	  0.0	0.000	0.000	0.000
688	  Q	  3.5	  0.0	0.000	0.000	0.000
689	  I	  2.3	  0.0	0.000	0.000	0.000
690	  P	  0.1	  0.0	0.000	0.000	0.000
691	  N	  0.0	  0.3	1.623	0.000	0.000
692	  P	  0.0	  0.3	2.172	0.000	0.000
693	  L	  0.3	  0.3	2.172	0.000	0.000
694	  R	  0.8	  0.4	2.172	0.000	0.000
695	  Q	  1.1	  0.1	2.172	0.000	0.000
696	  R	  1.1	  0.1	2.172	0.000	0.000
697	  L	  0.7	  0.2	1.959	0.000	0.000
698	  E	  0.4	  0.2	1.959	0.000	0.000
699	  E	  0.6	  0.1	1.839	0.000	0.000
700	  Y	  2.8	  0.1	1.459	0.000	0.000
701	  F	  4.5	  0.1	0.739	0.000	0.000
702	  Q	  4.1	  0.1	0.204	0.000	0.000
703	  H	  2.2	  0.1	0.000	0.000	0.000
704	  A	  0.7	  0.1	0.000	0.000	0.000
705	  W	  4.4	  0.0	0.000	0.000	0.000
706	  S	 11.7	  0.0	0.000	0.000	0.000
707	  Y	 13.3	  0.2	0.000	0.000	0.000
708	  T	  9.8	  0.9	0.000	0.000	0.000
709	  N	  2.0	  0.9	0.000	0.000	0.000
710	  G	  0.2	  1.0	0.000	0.000	0.000
711	  I	  3.2	  0.8	0.000	0.000	0.000
712	  D	  3.4	  1.7	2.244	0.000	0.000
713	  M	  3.5	  1.6	2.244	0.387	0.387
714	  N	  0.7	  1.6	3.132	0.387	0.387
715	  A	  1.3	  1.6	3.132	0.387	0.387
716	  V	  2.1	  0.0	3.132	0.387	0.387
717	  L	  2.0	  0.8	3.132	0.387	0.387
718	  K	  1.2	  0.8	2.761	0.000	0.000
719	  G	  0.1	  0.8	2.194	0.000	0.000
720	  F	  0.0	  1.1	0.562	0.000	0.000
721	  P	  0.0	  0.4	0.000	0.000	0.000
722	  E	  0.1	  0.4	0.000	0.000	0.000
723	  C	  2.7	  0.4	0.000	0.000	0.000
724	  L	  3.0	  0.1	0.000	0.000	0.000
725	  Q	  3.0	  0.2	0.000	0.000	0.000
726	  A	  0.5	  0.2	0.000	0.000	0.000
727	  D	  0.6	  0.2	0.000	0.000	0.000
728	  I	  2.3	  0.2	0.000	2.358	2.358
729	  C	  3.5	  0.0	0.000	2.358	2.358
730	  L	  4.2	  0.0	0.000	2.358	2.358
731	  H	  3.3	  0.2	0.000	2.358	2.358
732	  L	  2.0	  0.2	0.000	2.358	2.358
733	  N	  0.9	  0.6	0.865	0.000	0.000
734	  R	  0.6	  0.6	0.865	0.000	0.000
735	  S	  0.8	  0.4	0.865	0.000	0.000
736	  L	  0.9	  0.4	0.865	0.000	0.000
737	  L	  0.9	  0.1	0.865	0.000	0.000
738	  Q	  1.2	  0.1	0.865	0.000	0.000
739	  H	  2.1	  0.1	0.369	0.000	0.000
740	  C	  1.7	  0.1	0.000	0.000	0.000
741	  K	  1.2	  0.0	0.000	0.000	0.000
742	  P	  0.1	  0.0	0.000	0.000	0.000
743	  F	  1.4	  0.2	0.000	0.000	0.000
744	  R	  1.4	  0.3	0.000	0.000	0.000
745	  G	  1.4	  0.4	0.000	0.000	0.000
746	  A	  0.3	  0.5	0.000	0.000	0.000
747	  T	  0.4	  1.1	0.398	0.000	0.000
748	  K	  0.4	  1.2	0.398	0.000	0.000
749	  G	  0.1	  1.0	0.398	0.000	0.000
750	  C	  1.7	  1.0	2.857	0.000	0.000
751	  L	  2.1	  0.2	3.227	0.000	0.000
752	  R	  2.3	  0.0	3.458	0.000	0.000
753	  A	  0.7	  0.0	3.458	0.000	0.000
754	  L	  0.6	  0.0	3.458	0.000	0.000
755	  A	  0.6	  0.0	3.458	0.000	0.000
756	  M	  1.6	  0.0	3.261	0.000	0.000
757	  K	  2.3	  0.0	1.895	0.000	0.000
758	  F	  2.5	  0.1	0.710	0.000	0.000
759	  K	  2.4	  0.1	0.354	0.000	0.000
760	  T	  2.7	  0.1	0.000	0.000	0.000
761	  T	  4.0	  0.1	0.000	0.000	0.000
762	  H	  3.1	  0.0	0.000	0.000	0.000
763	  A	  1.7	  0.0	0.000	0.000	0.000
764	  P	  0.0	  1.7	0.000	0.000	0.000
765	  P	  0.0	  3.4	0.000	0.000	0.000
766	  G	  0.0	  3.4	0.000	0.000	0.000
767	  D	  0.0	  3.4	0.000	0.000	0.000
768	  T	  1.3	  1.7	0.000	0.000	0.000
769	  L	  2.3	  0.1	0.000	0.000	0.000
770	  V	  4.0	  0.0	0.000	0.000	0.000
771	  H	  2.9	  0.7	0.000	0.000	0.000
772	  A	  1.8	  1.6	0.000	0.000	0.000
773	  G	  0.1	  1.6	0.142	0.000	0.000
774	  D	  0.0	  1.6	7.306	0.002	0.002
775	  L	  0.2	  0.9	7.442	82.498	82.498
776	  L	  1.0	  0.0	7.442	97.604	97.604
777	  T	  1.4	  0.0	7.442	98.052	98.052
778	  A	  1.3	  0.0	7.442	98.666	98.666
779	  L	  1.2	  0.0	7.442	98.747	98.747
780	  Y	  1.8	  0.0	6.550	98.726	98.726
781	  F	  2.6	  0.0	4.620	98.640	98.640
782	  I	  3.0	  0.1	1.081	97.509	97.509
783	  S	  2.0	  0.4	1.441	10.899	10.899
784	  R	  1.1	  0.4	0.916	0.076	0.076
785	  G	  0.1	  0.4	0.743	0.074	0.074
786	  S	  1.8	  0.4	0.886	0.074	0.074
787	  I	  6.1	  0.0	0.886	0.074	0.074
788	  E	  6.3	  0.0	0.886	0.074	0.074
789	  I	  6.9	  0.0	0.886	0.330	0.330
790	  L	  2.6	  0.1	0.886	0.342	0.342
791	  R	  2.5	  0.2	0.886	0.279	0.279
792	  G	  0.2	  0.2	1.152	0.280	0.280
793	  D	  1.0	  0.2	1.996	0.292	0.292
794	  V	 12.6	  0.1	2.351	91.781	91.781
795	  V	 16.5	  0.0	2.531	99.384	99.384
796	  V	 18.4	  0.0	2.531	99.391	99.391
797	  A	  7.5	  0.0	2.531	99.391	99.391
798	  I	  4.4	  0.0	2.531	99.391	99.391
799	  L	  1.5	  0.2	2.531	97.374	97.374
800	  G	  1.0	  0.5	2.404	8.061	8.061
801	  K	  0.1	  0.6	1.521	0.016	0.016
802	  N	  0.2	  0.6	0.000	0.003	0.003
803	  D	  1.4	  0.5	0.000	0.003	0.003
804	  I	  2.4	  0.1	0.000	0.003	0.003
805	  F	  2.6	  0.0	0.000	0.003	0.003
806	  G	  1.4	  0.0	0.000	0.000	0.000
807	  E	  0.3	  0.0	0.000	0.000	0.000
808	  P	  0.0	  0.0	0.000	0.000	0.000
809	  L	  1.6	  0.0	0.000	0.562	0.562
810	  N	  2.2	  0.0	0.000	0.562	0.562
811	  L	  2.5	  0.0	0.000	0.562	0.562
812	  Y	  2.2	  0.0	0.000	0.562	0.562
813	  A	  1.6	  0.0	0.000	0.562	0.562
814	  R	  1.3	  2.1	0.000	0.000	0.000
815	  P	  0.0	  2.2	0.000	0.000	0.000
816	  G	  0.0	  2.4	0.000	0.000	0.000
817	  K	  0.1	  3.0	0.000	0.000	0.000
818	  S	  0.1	  1.2	0.000	0.000	0.000
819	  N	  0.0	  1.3	0.000	0.000	0.000
820	  G	  0.0	  1.0	0.000	0.000	0.000
821	  D	  1.8	  0.4	0.161	0.000	0.000
822	  V	  2.9	  0.1	0.161	0.000	0.000
823	  R	  3.0	  0.0	0.161	0.000	0.000
824	  A	  1.4	  0.0	0.161	0.304	0.304
825	  L	  4.0	  0.0	0.161	0.304	0.304
826	  T	 12.7	  0.0	2.451	0.304	0.304
827	  Y	 13.9	  0.1	2.451	0.304	0.304
828	  C	 10.7	  0.2	2.290	0.304	0.304
829	  D	  2.0	  0.2	2.527	0.000	0.000
830	  L	  0.7	  0.2	2.527	0.000	0.000
831	  H	  1.6	  0.1	2.527	0.000	0.000
832	  K	  2.6	  0.0	1.574	0.000	0.000
833	  I	  3.8	  0.0	0.643	0.000	0.000
834	  H	  2.6	  0.6	0.643	0.000	0.000
835	  R	  1.7	  0.9	0.101	0.000	0.000
836	  D	  0.3	  0.9	0.606	0.000	0.000
837	  D	  0.1	  0.9	0.606	0.000	0.000
838	  L	  0.1	  0.4	0.606	0.000	0.000
839	  L	  1.8	  0.0	0.606	0.000	0.000
840	  E	  2.3	  0.0	0.606	0.000	0.000
841	  V	  5.1	  0.1	0.606	0.000	0.000
842	  L	  4.5	  0.1	0.606	0.000	0.000
843	  D	  4.5	  0.1	0.606	0.000	0.000
844	  M	  1.8	  0.1	0.606	0.000	0.000
845	  Y	  0.7	  0.2	0.204	0.000	0.000
846	  P	  0.1	  0.2	0.000	0.000	0.000
847	  E	  1.5	  0.2	0.000	0.000	0.000
848	  F	  1.7	  0.5	0.000	0.000	0.000
849	  S	  1.7	  0.4	0.000	0.000	0.000
850	  D	  0.6	  0.4	0.000	0.000	0.000
851	  H	  2.2	  0.4	0.000	0.000	0.000
852	  F	  3.8	  0.1	0.000	0.000	0.000
853	  W	  4.3	  0.2	0.000	0.000	0.000
854	  S	  2.6	  0.3	0.967	0.000	0.000
855	  S	  1.7	  0.3	1.356	0.000	0.000
856	  L	  2.0	  0.3	1.356	0.000	0.000
857	  E	  4.9	  0.0	1.356	0.000	0.000
858	  I	 18.6	  0.0	1.356	1.030	1.030
859	  T	 25.0	  0.0	1.356	1.030	1.030
860	  F	 23.5	  0.0	1.356	1.030	1.030
861	  N	 10.0	  0.0	1.252	1.030	1.030
862	  L	  2.2	  0.1	0.410	1.030	1.030
863	  R	  0.8	  0.2	0.316	0.000	0.000
864	  D	  0.3	  0.5	0.000	0.000	0.000
865	  T	  0.4	  0.5	0.000	0.000	0.000
866	  N	  1.1	  0.4	0.000	0.000	0.000
867	  M	  1.1	  0.4	0.000	0.000	0.000
868	  I	  0.9	  1.0	0.000	0.000	0.000
869	  P	  0.1	  1.0	0.000	0.000	0.000
870	  G	  0.0	  1.0	0.000	0.000	0.000
871	  S	  0.0	  4.2	0.000	0.000	0.000
872	  P	  0.0	  3.9	0.000	0.000	0.000
873	  G	  0.0	  4.0	0.000	0.000	0.000
874	  S	  0.3	  4.0	0.000	0.000	0.000
875	  T	  0.3	  0.9	0.168	0.000	0.000
876	  E	  0.5	  0.2	0.168	0.000	0.000
877	  L	  0.3	  0.3	0.168	0.000	0.000
878	  E	  0.2	  0.5	0.168	0.000	0.000
879	  G	  0.0	  0.4	0.168	0.000	0.000
880	  G	  0.1	  0.4	0.168	0.000	0.000
881	  F	  1.8	  0.2	0.000	0.000	0.000
882	  S	  2.1	  0.1	0.729	0.000	0.000
883	  R	  2.5	  0.2	0.729	0.000	0.000
884	  Q	  1.0	  0.2	0.729	0.000	0.000
885	  R	  1.0	  0.2	0.729	0.000	0.000
886	  K	  0.9	  0.1	0.729	0.000	0.000
887	  R	  0.9	  0.1	0.729	0.000	0.000
888	  K	  1.1	  0.1	0.390	0.000	0.000
889	  L	  3.0	  0.1	0.153	0.000	0.000
890	  S	  9.2	  0.0	0.153	0.000	0.000
891	  F	 10.6	  0.0	0.153	0.000	0.000
892	  R	  8.9	  0.1	0.000	0.000	0.000
893	  R	  2.6	  0.1	0.000	0.000	0.000
894	  R	  1.1	  0.3	0.000	0.000	0.000
895	  T	  0.9	  0.3	0.000	0.000	0.000
896	  D	  0.6	  2.8	0.461	0.000	0.000
897	  K	  0.5	  2.7	0.461	0.000	0.000
898	  D	  0.4	  2.7	0.461	0.000	0.000
899	  T	  0.7	  2.6	0.461	0.000	0.000
900	  E	  0.4	  0.1	0.461	0.000	0.000
901	  Q	  0.3	  1.1	0.461	0.000	0.000
902	  P	  0.0	  1.1	0.000	0.000	0.000
903	  G	  0.0	  1.1	0.142	0.000	0.000
904	  E	  3.1	  1.1	0.142	0.000	0.000
905	  V	  5.1	  0.0	0.142	0.000	0.000
906	  S	  5.2	  0.3	0.142	0.000	0.000
907	  A	  2.3	  0.3	0.142	0.000	0.000
908	  L	  0.2	  0.4	0.142	0.000	0.000
909	  G	  0.0	  2.9	0.268	0.000	0.000
910	  P	  0.0	  2.8	0.126	0.000	0.000
911	  G	  0.1	  2.9	0.126	0.000	0.000
912	  R	  0.1	  3.1	0.126	0.000	0.000
913	  A	  0.1	  0.8	0.126	0.000	0.000
914	  G	  0.1	  0.7	0.126	0.000	0.000
915	  A	  0.0	  0.7	0.126	0.000	0.000
916	  G	  0.0	  0.9	0.126	0.000	0.000
917	  P	  0.0	  0.8	0.000	0.000	0.000
918	  S	  0.3	  1.1	0.000	0.000	0.000
919	  S	  0.4	  1.4	0.000	0.000	0.000
920	  R	  0.5	  0.8	0.000	0.000	0.000
921	  G	  0.2	  0.6	0.000	0.000	0.000
922	  R	  0.1	  1.3	0.000	0.000	0.000
923	  P	  0.0	  1.0	0.000	0.000	0.000
924	  G	  0.0	  1.0	0.000	0.000	0.000
925	  G	  0.0	  1.6	0.000	0.000	0.000
926	  P	  0.0	  0.8	0.000	0.000	0.000
927	  W	  0.1	  0.9	0.000	0.000	0.000
928	  G	  0.1	  0.9	0.000	0.000	0.000
929	  E	  0.1	  0.3	0.000	0.000	0.000
930	  S	  0.1	  2.9	0.000	0.000	0.000
931	  P	  0.1	  3.2	0.000	0.000	0.000
932	  S	  0.1	  3.2	0.000	0.000	0.000
933	  S	  0.1	  3.4	0.000	0.000	0.000
934	  G	  0.1	  1.2	0.000	0.000	0.000
935	  P	  0.0	  0.7	0.000	0.000	0.000
936	  S	  0.0	  0.7	0.000	0.000	0.000
937	  S	  0.0	  0.9	0.000	0.000	0.000
938	  P	  0.0	  0.5	0.000	0.000	0.000
939	  E	  0.1	  0.5	0.000	0.000	0.000
940	  S	  0.2	  0.7	0.000	0.000	0.000
941	  S	  0.2	  2.2	0.000	0.000	0.000
942	  E	  0.2	  2.1	0.000	0.000	0.000
943	  D	  0.1	  2.0	0.000	0.000	0.000
944	  E	  0.0	  2.1	0.000	0.000	0.000
945	  G	  0.0	  2.8	0.000	0.000	0.000
946	  P	  0.0	  2.9	0.000	0.000	0.000
947	  G	  0.0	  3.1	0.000	0.000	0.000
948	  R	  0.2	  3.0	0.000	0.000	0.000
949	  S	  1.9	  0.4	0.000	0.000	0.000
950	  S	  1.9	  0.2	0.000	0.000	0.000
951	  S	  1.7	  0.3	0.000	0.000	0.000
952	  P	  0.0	  0.2	0.000	0.000	0.000
953	  L	  1.6	  0.2	0.000	0.000	0.000
954	  R	  2.6	  0.2	0.000	0.000	0.000
955	  L	  2.7	  0.0	0.000	0.000	0.000
956	  V	  1.1	  0.0	0.000	0.000	0.000
957	  P	  0.1	  0.0	0.000	0.000	0.000
958	  F	  3.0	  0.0	0.000	0.000	0.000
959	  S	  3.0	  0.0	0.000	0.000	0.000
960	  S	  3.0	  0.0	0.000	0.000	0.000
961	  P	  0.1	  0.0	0.000	0.000	0.000
962	  R	  0.0	  0.0	0.000	0.000	0.000
963	  P	  0.0	  1.9	0.000	0.000	0.000
964	  P	  0.0	  1.9	0.000	0.000	0.000
965	  G	  0.0	  1.9	0.000	0.000	0.000
966	  E	  0.0	  1.9	0.000	0.000	0.000
967	  P	  0.0	  1.3	0.000	0.000	0.000
968	  P	  0.0	  1.5	0.000	0.000	0.000
969	  G	  0.0	  1.5	0.000	0.000	0.000
970	  G	  0.0	  1.5	0.000	0.000	0.000
971	  E	  0.0	  0.2	0.000	0.000	0.000
972	  P	  0.0	  0.0	0.000	0.000	0.000
973	  L	  0.1	  0.0	0.000	0.000	0.000
974	  M	  0.2	  0.5	0.000	0.000	0.000
975	  E	  0.2	  0.5	0.000	0.000	0.000
976	  D	  1.3	  0.5	0.192	0.000	0.000
977	  C	  4.0	  0.6	0.192	0.000	0.000
978	  E	  4.2	  0.2	0.192	0.000	0.000
979	  K	  3.2	  0.3	0.192	0.000	0.000
980	  S	  0.5	  1.6	0.192	0.000	0.000
981	  S	  0.2	  1.6	0.192	0.000	0.000
982	  D	  0.5	  1.6	0.000	0.000	0.000
983	  T	  4.5	  1.5	0.000	0.000	0.000
984	  C	  4.6	  0.2	0.000	0.000	0.000
985	  N	  4.2	  0.3	0.000	0.000	0.000
986	  P	  0.1	  0.5	0.000	0.000	0.000
987	  L	  0.2	  0.7	0.000	0.000	0.000
988	  S	  0.2	  1.1	0.000	0.000	0.000
989	  G	  0.2	  0.8	0.000	0.000	0.000
990	  A	  0.5	  0.6	0.000	0.000	0.000
991	  F	  2.0	  0.9	0.000	0.118	0.118
992	  S	  2.0	  0.5	0.000	0.118	0.118
993	  G	  1.5	  0.5	0.000	0.118	0.118
994	  V	  0.3	  0.5	0.000	1.944	1.944
995	  S	  0.3	  0.1	0.000	1.944	1.944
996	  N	  2.4	  0.1	0.000	2.933	2.933
997	  I	  3.2	  0.1	0.000	19.597	19.597
998	  F	  9.7	  0.0	0.000	19.722	19.722
999	  S	  8.5	  0.0	0.000	19.339	19.339
1000	  F	  8.0	  0.2	0.000	19.339	19.339
1001	  W	  1.6	  1.1	0.000	18.368	18.368
1002	  G	  0.7	  1.2	0.000	1.491	1.491
1003	  D	  0.1	  1.7	0.000	0.000	0.000
1004	  S	  0.2	  1.9	0.519	0.000	0.000
1005	  R	  0.2	  0.9	0.519	0.000	0.000
1006	  G	  0.1	  0.9	0.519	0.000	0.000
1007	  R	  2.1	  0.4	0.519	0.000	0.000
1008	  Q	  6.0	  0.1	0.519	0.000	0.000
1009	  Y	  7.1	  0.2	0.519	0.000	0.000
1010	  Q	  5.3	  0.1	0.519	0.000	0.000
1011	  E	  1.3	  0.1	0.310	0.000	0.000
1012	  L	  0.2	  0.3	0.177	0.000	0.000
1013	  P	  0.0	  0.2	0.000	0.000	0.000
1014	  R	  0.1	  0.2	0.000	0.000	0.000
1015	  C	  0.2	  0.2	0.000	0.000	0.000
1016	  P	  0.2	  0.0	0.000	0.000	0.000
1017	  A	  0.1	  0.0	0.000	0.000	0.000
1018	  P	  0.0	  0.0	0.000	0.000	0.000
1019	  T	  0.1	  0.4	0.000	0.000	0.000
1020	  P	  0.0	  0.5	0.000	0.000	0.000
1021	  S	  0.3	  0.5	0.000	0.000	0.000
1022	  L	  0.7	  0.5	0.000	0.000	0.000
1023	  L	  7.1	  0.0	0.000	0.000	0.000
1024	  N	  7.0	  0.0	0.000	0.000	0.000
1025	  I	  6.6	  0.0	0.000	0.000	0.000
1026	  P	  0.2	  0.0	0.000	0.000	0.000
1027	  L	  0.6	  0.0	0.000	0.000	0.000
1028	  S	  0.6	  0.0	0.000	0.000	0.000
1029	  S	  0.6	  3.1	0.000	0.000	0.000
1030	  P	  0.0	  3.2	0.000	0.000	0.000
1031	  G	  0.0	  3.2	0.000	0.000	0.000
1032	  R	  0.1	  3.2	0.000	0.000	0.000
1033	  R	  0.1	  0.6	0.000	0.000	0.000
1034	  P	  0.1	  0.6	0.000	0.000	0.000
1035	  R	  0.1	  0.8	0.000	0.000	0.000
1036	  G	  0.1	  0.8	2.815	0.000	0.000
1037	  D	  1.9	  0.3	5.655	0.000	0.000
1038	  V	  3.0	  0.2	5.989	0.000	0.000
1039	  E	  3.0	  0.1	7.458	0.000	0.000
1040	  S	  1.2	  0.1	19.652	0.000	0.000
1041	  R	  1.6	  0.3	21.383	0.000	0.000
1042	  L	  1.7	  0.2	21.860	0.000	0.000
1043	  D	  1.6	  0.3	27.766	0.000	0.000
1044	  A	  0.3	  0.3	28.172	0.000	0.000
1045	  L	  0.2	  0.1	28.446	0.000	0.000
1046	  Q	  0.6	  0.1	28.289	0.000	0.000
1047	  R	  1.0	  0.1	27.406	0.000	0.000
1048	  Q	  1.6	  0.1	26.842	0.000	0.000
1049	  L	  1.2	  0.1	23.136	0.000	0.000
1050	  N	  0.7	  0.1	22.113	0.000	0.000
1051	  R	  0.3	  0.0	11.670	0.000	0.000
1052	  L	  0.3	  0.1	4.604	0.000	0.000
1053	  E	  0.4	  0.1	2.758	0.000	0.000
1054	  T	  0.5	  0.1	0.192	0.000	0.000
1055	  R	  0.7	  0.1	0.192	0.000	0.000
1056	  L	  1.2	  0.0	0.085	0.000	0.000
1057	  S	  1.0	  1.5	0.739	0.000	0.000
1058	  A	  0.8	  1.5	0.739	0.000	0.000
1059	  D	  0.3	  1.5	27.861	0.000	0.000
1060	  M	  0.1	  1.5	28.115	5.078	5.078
1061	  A	  0.5	  0.0	28.205	9.096	9.096
1062	  T	  3.2	  0.0	29.692	9.995	9.995
1063	  V	  4.8	  0.0	29.791	11.016	11.016
1064	  L	  5.4	  0.0	29.791	11.016	11.016
1065	  Q	  3.2	  0.0	29.340	10.522	10.522
1066	  L	  1.6	  0.0	28.707	10.522	10.522
1067	  L	  0.6	  0.0	27.864	10.024	10.024
1068	  Q	  0.5	  0.0	26.689	0.317	0.317
1069	  R	  1.0	  0.0	16.487	0.000	0.000
1070	  Q	  1.7	  0.0	8.812	0.000	0.000
1071	  M	  3.6	  0.0	3.331	0.000	0.000
1072	  T	  4.8	  0.0	1.231	0.000	0.000
1073	  L	  4.0	  0.0	1.231	0.000	0.000
1074	  V	  1.8	  0.0	0.833	0.000	0.000
1075	  P	  0.0	  0.1	0.000	0.000	0.000
1076	  P	  0.0	  0.1	0.000	0.000	0.000
1077	  A	  0.5	  0.1	0.000	0.357	0.357
1078	  Y	  4.5	  0.2	0.000	0.514	0.514
1079	  S	  4.7	  0.0	0.000	0.514	0.514
1080	  A	  4.7	  0.0	0.000	0.514	0.514
1081	  V	  3.8	  0.0	0.000	0.514	0.514
1082	  T	  3.7	  0.0	0.000	0.290	0.290
1083	  T	  3.2	  0.0	0.000	0.000	0.000
1084	  P	  0.2	  0.1	0.000	0.000	0.000
1085	  G	  0.0	  0.1	0.000	0.000	0.000
1086	  P	  0.0	  0.2	0.000	0.000	0.000
1087	  G	  0.0	  0.6	0.000	0.000	0.000
1088	  P	  0.0	  0.5	0.000	0.000	0.000
1089	  T	  0.9	  0.6	0.000	0.000	0.000
1090	  S	  4.8	  0.4	0.000	0.000	0.000
1091	  T	  4.9	  0.1	0.000	0.000	0.000
1092	  S	  4.0	  0.3	0.000	0.000	0.000
1093	  P	  0.1	  0.2	0.000	0.000	0.000
1094	  L	  0.1	  0.2	0.000	0.000	0.000
1095	  L	  0.1	  0.2	0.000	0.000	0.000
1096	  P	  0.1	  0.0	0.000	0.000	0.000
1097	  V	  0.4	  0.0	0.000	0.000	0.000
1098	  S	  0.4	  0.0	0.000	0.000	0.000
1099	  P	  0.4	  0.0	0.000	0.000	0.000
1100	  L	  0.0	  0.2	0.000	0.000	0.000
1101	  P	  0.0	  0.2	0.000	0.000	0.000
1102	  T	  3.0	  0.2	0.000	0.000	0.000
1103	  L	  5.2	  0.2	0.000	0.000	0.000
1104	  T	  6.6	  0.1	0.257	0.000	0.000
1105	  L	  3.9	  0.2	0.257	0.000	0.000
1106	  D	  1.7	  0.3	0.257	0.000	0.000
1107	  S	  5.7	  0.6	0.257	0.000	0.000
1108	  L	  5.6	  0.5	0.257	0.000	0.000
1109	  S	  5.8	  0.4	0.257	0.000	0.000
1110	  Q	  0.9	  0.3	0.129	0.000	0.000
1111	  V	  2.5	  0.1	0.000	0.000	0.000
1112	  S	  2.8	  0.1	0.000	0.000	0.000
1113	  Q	  3.5	  0.1	0.000	0.000	0.000
1114	  F	  2.4	  0.1	0.000	0.000	0.000
1115	  M	  2.3	  0.0	0.000	0.000	0.000
1116	  A	  1.3	  0.0	0.000	0.000	0.000
1117	  C	  1.0	  0.1	0.000	0.000	0.000
1118	  E	  0.6	  0.1	0.000	0.000	0.000
1119	  E	  0.5	  0.1	0.000	0.000	0.000
1120	  L	  0.0	  0.1	0.000	0.000	0.000
1121	  P	  0.0	  1.8	0.000	0.000	0.000
1122	  P	  0.0	  1.8	0.000	0.000	0.000
1123	  G	  0.0	  1.8	0.000	0.000	0.000
1124	  A	  0.0	  2.0	0.000	0.000	0.000
1125	  P	  0.0	  0.2	0.000	0.000	0.000
1126	  E	  0.0	  0.2	0.000	0.000	0.000
1127	  L	  0.0	  0.4	0.000	0.000	0.000
1128	  P	  0.0	  0.3	0.000	0.000	0.000
1129	  Q	  0.0	  0.3	0.000	0.000	0.000
1130	  E	  0.0	  0.6	0.000	0.000	0.000
1131	  G	  0.0	  0.8	1.220	0.000	0.000
1132	  P	  0.0	  0.6	1.220	0.000	0.000
1133	  T	  0.9	  0.6	1.220	0.000	0.000
1134	  R	  1.3	  0.4	1.220	0.000	0.000
1135	  R	  1.7	  0.1	1.220	0.000	0.000
1136	  L	  4.5	  0.1	1.220	0.000	0.000
1137	  S	  4.2	  0.0	0.897	0.000	0.000
1138	  L	  3.7	  1.8	0.382	0.000	0.000
1139	  P	  0.1	  1.8	0.000	0.000	0.000
1140	  G	  0.0	  1.9	0.000	0.000	0.000
1141	  Q	  0.1	  1.9	0.000	0.000	0.000
1142	  L	  0.1	  0.3	0.000	0.000	0.000
1143	  G	  0.1	  0.3	0.447	0.000	0.000
1144	  A	  0.2	  0.1	0.447	0.000	0.000
1145	  L	  0.8	  0.2	0.447	0.000	0.000
1146	  T	  3.3	  0.0	0.447	0.000	0.000
1147	  S	  3.2	  0.0	0.447	0.000	0.000
1148	  Q	  2.6	  0.0	0.447	0.000	0.000
1149	  P	  0.1	  0.0	0.000	0.000	0.000
1150	  L	  0.1	  0.0	0.000	0.000	0.000
1151	  H	  0.7	  0.3	0.000	0.000	0.000
1152	  R	  0.9	  0.5	0.000	0.000	0.000
1153	  H	  0.9	  1.3	0.000	0.000	0.000
1154	  G	  0.3	  1.3	0.000	0.000	0.000
1155	  S	  0.1	  1.0	0.000	0.000	0.000
1156	  D	  0.0	  6.6	0.000	0.000	0.000
1157	  P	  0.0	  5.8	0.000	0.000	0.000
1158	  G	  0.0	  5.8	0.000	0.000	0.000
1159	  S	  0.0	  5.8	0.000	0.000	0.000
