res	aa	Beta	Turn	Helix	Aggregation	Conc-Stab_Aggregation
01	  M	  0.4	  0.1	0.105	0.000	0.000
02	  K	  0.6	  0.1	0.902	0.000	0.000
03	  S	  0.9	  0.1	9.394	4.029	4.029
04	  L	  2.3	  0.1	9.515	69.222	69.222
05	  V	  5.5	  0.0	9.863	93.718	93.718
06	  L	  5.9	  0.0	10.009	95.732	95.732
07	  L	  5.2	  0.0	10.162	96.026	96.026
08	  L	  2.9	  0.0	10.162	95.963	95.963
09	  C	  4.0	  0.0	12.368	86.231	86.231
10	  L	  3.0	  0.0	11.862	83.816	83.816
11	  A	  2.2	  0.0	11.517	70.230	70.230
12	  Q	  1.1	  0.0	10.347	58.687	58.687
13	  L	  1.2	  0.2	4.760	58.237	58.237
14	  W	  1.2	  0.5	4.309	55.769	55.769
15	  G	  0.4	  0.5	3.538	5.798	5.798
16	  C	  0.9	  0.6	0.555	1.305	1.305
17	  H	  0.9	  0.4	0.000	0.495	0.495
18	  S	  0.9	  0.1	0.000	0.052	0.052
19	  A	  0.4	  0.8	0.000	0.000	0.000
20	  P	  0.1	  0.7	0.000	0.000	0.000
21	  H	  0.0	  0.9	0.000	0.000	0.000
22	  G	  0.0	  1.9	0.000	0.000	0.000
23	  P	  0.0	  1.2	0.000	0.000	0.000
24	  G	  0.0	  1.2	0.181	0.000	0.000
25	  L	  0.5	  1.0	0.181	0.000	0.000
26	  I	  2.0	  0.0	0.181	0.000	0.000
27	  Y	  6.6	  0.0	0.181	0.000	0.000
28	  R	  6.2	  0.0	0.181	0.000	0.000
29	  Q	  4.7	  0.9	0.181	0.000	0.000
30	  P	  0.1	  0.9	0.000	0.000	0.000
31	  N	  0.4	  1.8	0.000	0.000	0.000
32	  C	  0.6	  1.8	0.000	0.000	0.000
33	  D	  0.6	  0.9	0.000	0.000	0.000
34	  D	  0.2	  1.3	1.545	0.000	0.000
35	  P	  0.0	  0.5	1.545	0.000	0.000
36	  E	  0.0	  0.5	1.545	0.000	0.000
37	  T	  0.1	  0.6	2.784	0.000	0.000
38	  E	  0.1	  0.2	2.784	0.000	0.000
39	  E	  0.1	  0.1	2.784	0.000	0.000
40	  A	  0.2	  0.1	2.339	1.170	1.170
41	  A	  0.4	  0.0	2.339	4.955	4.955
42	  L	  1.3	  0.0	2.080	4.955	4.955
43	  V	  4.4	  0.0	1.128	4.955	4.955
44	  A	  4.4	  0.1	1.128	4.955	4.955
45	  I	  6.5	  0.1	0.422	4.955	4.955
46	  D	  3.7	  0.1	0.628	0.000	0.000
47	  Y	  4.8	  0.1	0.207	0.000	0.000
48	  I	  3.5	  0.0	0.207	0.000	0.000
49	  N	  3.1	  0.8	0.207	0.000	0.000
50	  Q	  2.1	  0.8	0.207	0.000	0.000
51	  N	  0.5	  0.7	0.207	0.000	0.000
52	  L	  0.4	  1.1	0.000	0.000	0.000
53	  P	  0.1	  0.5	0.000	0.000	0.000
54	  W	  0.1	  0.5	0.000	0.000	0.000
55	  G	  0.2	  0.5	0.000	0.000	0.000
56	  Y	  0.7	  0.2	0.000	0.000	0.000
57	  K	  1.1	  0.1	0.000	0.000	0.000
58	  H	  2.2	  0.1	0.000	0.000	0.000
59	  T	  3.5	  0.1	0.000	0.000	0.000
60	  L	  3.2	  0.1	0.000	0.000	0.000
61	  N	  2.5	  0.0	0.000	0.000	0.000
62	  Q	  1.4	  0.0	0.000	0.000	0.000
63	  I	  1.3	  0.0	0.000	0.000	0.000
64	  D	  0.9	  0.0	0.447	0.000	0.000
65	  E	 13.8	  0.0	0.447	0.000	0.000
66	  V	 27.2	  0.0	0.447	0.000	0.000
67	  K	 28.3	  0.0	0.447	0.000	0.000
68	  V	 16.7	  0.0	0.447	0.000	0.000
69	  W	  1.8	  0.1	0.447	0.000	0.000
70	  P	  0.2	  0.1	0.000	0.000	0.000
71	  Q	  0.1	  0.1	0.000	0.000	0.000
72	  Q	  0.1	  1.2	0.000	0.000	0.000
73	  P	  0.1	  1.3	0.000	0.000	0.000
74	  S	  0.1	  1.5	0.000	0.000	0.000
75	  G	  0.1	  1.6	0.000	0.000	0.000
76	  E	  0.2	  0.6	0.000	0.000	0.000
77	  L	  0.3	  0.3	0.000	0.000	0.000
78	  F	  5.5	  0.1	0.000	0.000	0.000
79	  E	  6.1	  0.0	0.000	0.000	0.000
80	  I	 10.4	  0.0	0.000	0.000	0.000
81	  E	  8.2	  0.0	0.000	0.000	0.000
82	  I	  8.6	  0.0	0.000	0.000	0.000
83	  D	  4.5	  0.1	0.000	0.000	0.000
84	  T	  2.3	  0.1	0.000	0.000	0.000
85	  L	  1.0	  0.1	0.000	0.000	0.000
86	  E	  1.2	  0.1	0.000	0.000	0.000
87	  T	  2.3	  0.1	0.000	0.000	0.000
88	  T	  5.6	  0.1	0.000	0.000	0.000
89	  C	  7.7	  0.0	0.000	0.000	0.000
90	  H	  7.2	  0.0	0.000	0.000	0.000
91	  V	  8.9	  0.0	0.000	0.000	0.000
92	  L	  6.7	  0.0	0.000	0.000	0.000
93	  D	  5.1	  0.0	0.000	0.000	0.000
94	  P	  0.1	  0.0	0.000	0.000	0.000
95	  T	  0.0	  0.0	0.558	0.000	0.000
96	  P	  0.0	  0.0	0.558	0.000	0.000
97	  V	  1.1	  0.0	0.558	0.000	0.000
98	  A	  1.2	  0.0	0.558	0.000	0.000
99	  R	  2.0	  0.0	0.558	0.000	0.000
100	  C	  3.3	  0.0	0.558	0.000	0.000
101	  S	  6.7	  0.0	0.171	0.000	0.000
102	  V	  8.2	  0.0	0.000	0.000	0.000
103	  R	  6.7	  0.0	0.000	0.000	0.000
104	  Q	  4.1	  0.0	0.000	0.000	0.000
105	  L	  1.7	  0.1	0.000	0.000	0.000
106	  K	  1.2	  0.1	0.000	0.000	0.000
107	  E	  0.4	  0.1	0.000	0.000	0.000
108	  H	  0.9	  0.1	0.000	0.000	0.000
109	  A	  1.0	  0.1	0.000	0.000	0.000
110	  V	  1.1	  0.2	0.000	0.000	0.000
111	  E	  0.5	  1.3	0.000	0.000	0.000
112	  G	  0.2	  1.3	0.000	0.000	0.000
113	  D	  0.2	  1.8	0.000	0.000	0.000
114	  C	  0.7	  1.6	0.000	0.000	0.000
115	  D	  1.2	  0.5	1.031	0.000	0.000
116	  F	  4.4	  0.6	1.031	0.000	0.000
117	  Q	  4.5	  0.1	1.031	0.000	0.000
118	  L	  4.1	  0.1	1.031	0.000	0.000
119	  L	  2.2	  0.1	1.031	0.000	0.000
120	  K	  2.2	  0.6	1.031	0.000	0.000
121	  L	  2.0	  1.5	0.741	0.000	0.000
122	  D	  0.7	  1.6	0.514	0.000	0.000
123	  G	  0.1	  1.5	0.289	0.000	0.000
124	  K	  0.7	  1.0	0.108	0.000	0.000
125	  F	  5.6	  0.1	0.000	10.245	10.245
126	  S	  6.4	  0.0	0.152	10.662	10.662
127	  V	  9.3	  0.0	0.152	10.662	10.662
128	  V	  6.4	  0.0	0.152	10.662	10.662
129	  Y	  6.0	  0.0	0.152	10.662	10.662
130	  A	  2.6	  0.0	0.152	5.485	5.485
131	  K	  1.2	  0.1	0.152	0.000	0.000
132	  C	  1.0	  0.3	0.000	0.000	0.000
133	  D	  1.0	  0.3	0.000	0.000	0.000
134	  S	  0.5	  0.3	0.000	0.000	0.000
135	  S	  0.1	  6.0	0.000	0.000	0.000
136	  P	  0.0	  6.0	0.000	0.000	0.000
137	  D	  0.0	  6.0	0.000	0.000	0.000
138	  S	  0.4	  6.2	1.162	0.000	0.000
139	  A	  0.4	  0.5	1.162	0.000	0.000
140	  E	  0.4	  0.4	1.162	0.000	0.000
141	  D	  1.8	  0.4	2.749	0.000	0.000
142	  V	  2.6	  0.3	2.749	0.000	0.000
143	  R	  3.1	  0.0	2.749	0.000	0.000
144	  K	  2.3	  0.0	2.605	0.000	0.000
145	  V	  2.4	  0.0	2.248	0.000	0.000
146	  C	  2.4	  0.7	2.248	0.000	0.000
147	  Q	  1.8	  0.7	1.664	0.000	0.000
148	  D	  0.9	  0.7	1.195	0.000	0.000
149	  C	  0.4	  0.9	0.749	0.000	0.000
150	  P	  0.0	  0.3	0.000	0.000	0.000
151	  L	  0.6	  0.3	0.000	0.000	0.000
152	  L	  0.6	  0.3	0.000	0.000	0.000
153	  A	  0.6	  0.2	0.000	0.000	0.000
154	  P	  0.0	  0.3	0.000	0.000	0.000
155	  L	  0.1	  0.4	0.000	0.000	0.000
156	  N	  0.2	  0.5	0.000	0.000	0.000
157	  D	  0.5	  0.3	0.147	0.000	0.000
158	  T	  1.3	  0.2	0.289	0.000	0.000
159	  R	  3.5	  0.1	0.289	0.000	0.000
160	  V	  8.1	  0.0	0.289	0.000	0.000
161	  V	  9.0	  0.0	0.399	0.000	0.000
162	  H	  7.0	  0.0	1.838	0.000	0.000
163	  A	  2.1	  0.0	2.050	0.000	0.000
164	  A	  0.3	  0.0	2.324	0.000	0.000
165	  K	  0.3	  0.0	2.501	0.000	0.000
166	  A	  0.3	  0.0	2.637	0.736	0.736
167	  A	  0.3	  0.0	2.637	1.606	1.606
168	  L	  0.3	  0.0	2.484	1.606	1.606
169	  A	  0.3	  0.0	2.280	1.606	1.606
170	  A	  0.5	  0.0	2.129	1.606	1.606
171	  F	  1.6	  0.0	1.892	1.606	1.606
172	  N	  1.6	  0.2	0.111	0.000	0.000
173	  A	  1.4	  0.4	0.000	0.000	0.000
174	  Q	  0.2	  0.6	0.000	0.000	0.000
175	  N	  0.1	  1.0	0.000	0.000	0.000
176	  N	  0.1	  1.5	0.000	0.000	0.000
177	  G	  0.0	  1.7	0.000	0.000	0.000
178	  S	  0.0	  1.5	0.000	0.000	0.000
179	  N	  1.1	  1.1	0.000	0.000	0.000
180	  F	  4.5	  0.4	0.000	0.000	0.000
181	  Q	  5.8	  0.0	0.561	0.000	0.000
182	  L	  4.8	  0.1	0.731	0.000	0.000
183	  E	  1.5	  0.1	1.308	0.000	0.000
184	  E	  1.4	  0.0	1.452	0.000	0.000
185	  I	  2.4	  0.1	1.452	0.000	0.000
186	  S	  2.5	  0.1	1.756	0.000	0.000
187	  R	  1.3	  0.1	1.756	0.000	0.000
188	  A	  0.5	  0.1	1.756	0.000	0.000
189	  Q	  1.7	  0.1	1.443	0.000	0.000
190	  L	  1.7	  0.0	0.419	0.000	0.000
191	  V	  1.5	  0.0	0.303	0.000	0.000
192	  P	  0.2	  0.0	0.000	0.000	0.000
193	  L	  0.1	  0.0	0.000	0.000	0.000
194	  P	  0.0	  0.4	0.000	0.000	0.000
195	  P	  0.0	  0.5	0.000	0.000	0.000
196	  S	  0.7	  0.5	0.000	0.000	0.000
197	  T	  5.2	  0.5	0.000	0.000	0.000
198	  Y	  6.7	  0.1	0.000	0.000	0.000
199	  V	  8.8	  0.0	0.000	0.000	0.000
200	  E	  6.2	  0.0	0.000	0.000	0.000
201	  F	 13.9	  0.0	0.000	0.000	0.000
202	  T	 26.6	  0.0	0.000	0.000	0.000
203	  V	 25.2	  0.0	0.000	0.000	0.000
204	  S	 16.9	  0.3	0.000	0.000	0.000
205	  G	  0.7	  0.4	0.000	0.000	0.000
206	  T	  0.4	  0.5	0.000	0.000	0.000
207	  D	  0.7	  0.4	0.280	0.000	0.000
208	  C	  6.7	  0.1	0.397	0.000	0.000
209	  V	  7.2	  0.0	0.397	0.000	0.000
210	  A	  6.8	  0.1	0.397	0.000	0.000
211	  K	  0.9	  0.1	0.397	0.000	0.000
212	  E	  0.4	  0.1	0.397	0.000	0.000
213	  A	  0.4	  0.1	0.228	0.000	0.000
214	  T	  0.3	  0.1	3.542	0.000	0.000
215	  E	  0.1	  0.1	3.542	0.000	0.000
216	  A	  0.2	  0.1	3.542	0.000	0.000
217	  A	  0.2	  0.1	3.542	0.000	0.000
218	  K	  0.9	  0.0	3.542	0.000	0.000
219	  C	  1.6	  0.1	3.314	0.000	0.000
220	  N	  1.5	  0.1	2.532	0.000	0.000
221	  L	  1.0	  0.0	1.698	0.000	0.000
222	  L	  0.3	  0.0	1.215	0.000	0.000
223	  A	  0.3	  0.1	0.850	0.000	0.000
224	  E	  0.2	  0.1	0.850	0.000	0.000
225	  K	  0.5	  0.1	0.662	0.000	0.000
226	  Q	  0.7	  0.1	0.159	0.000	0.000
227	  Y	  0.7	  0.0	0.000	0.000	0.000
228	  G	  0.5	  0.0	0.000	0.000	0.000
229	  F	  1.5	  0.0	0.000	0.000	0.000
230	  C	  2.3	  0.0	0.145	0.000	0.000
231	  K	  2.7	  0.0	0.145	0.000	0.000
232	  A	  2.0	  0.0	0.145	0.000	0.000
233	  T	  6.6	  0.0	0.486	0.000	0.000
234	  L	  6.1	  0.1	0.486	0.000	0.000
235	  S	  5.7	  0.2	0.486	0.000	0.000
236	  E	  0.1	  0.2	0.340	0.000	0.000
237	  K	  0.2	  0.2	0.340	0.000	0.000
238	  L	  0.2	  0.7	0.340	0.000	0.000
239	  G	  0.2	  0.7	0.340	0.000	0.000
240	  G	  0.0	  0.6	0.140	0.000	0.000
241	  A	  0.2	  0.6	0.000	0.000	0.000
242	  E	  1.8	  0.1	0.000	0.000	0.000
243	  V	  8.2	  0.0	0.000	32.405	32.405
244	  A	  8.4	  0.0	0.000	35.080	35.080
245	  V	 13.5	  0.0	0.000	43.913	43.913
246	  T	  9.0	  0.0	0.000	44.569	44.569
247	  C	 10.1	  0.0	0.000	44.569	44.569
248	  M	  5.2	  0.0	0.000	44.520	44.520
249	  V	  7.1	  0.0	0.000	44.326	44.326
250	  F	  5.9	  0.0	0.000	41.218	41.218
251	  Q	  4.9	  0.0	0.000	2.447	2.447
252	  T	  1.1	  0.0	0.000	0.954	0.954
253	  Q	  0.7	  0.0	0.000	0.000	0.000
254	  P	  0.2	  0.0	0.000	0.000	0.000
255	  V	  1.5	  0.1	0.000	0.000	0.000
256	  S	  1.8	  0.1	0.000	0.000	0.000
257	  S	  1.9	  0.1	0.000	0.000	0.000
258	  Q	  0.5	  0.1	0.000	0.000	0.000
259	  P	  0.1	  0.0	0.000	0.000	0.000
260	  Q	  0.0	  0.5	0.000	0.000	0.000
261	  P	  0.0	  1.0	0.000	0.000	0.000
262	  E	  0.0	  1.4	0.000	0.000	0.000
263	  G	  0.0	  1.8	0.000	0.000	0.000
264	  A	  0.0	  1.4	0.000	0.000	0.000
265	  N	  0.0	  0.9	0.000	0.000	0.000
266	  E	  0.1	  0.4	0.000	0.000	0.000
267	  A	  0.1	  0.0	0.000	0.000	0.000
268	  V	  0.2	  0.0	0.000	0.000	0.000
269	  P	  0.1	  0.0	0.000	0.000	0.000
270	  T	  0.0	  0.0	0.000	0.000	0.000
271	  P	  0.0	  0.0	0.000	0.000	0.000
272	  V	  6.8	  0.0	0.000	0.000	0.000
273	  V	  7.0	  0.0	0.000	0.000	0.000
274	  D	  7.0	 11.0	0.000	0.000	0.000
275	  P	  0.2	 11.0	0.000	0.000	0.000
276	  D	  0.0	 11.0	0.000	0.000	0.000
277	  A	  0.0	 11.0	0.000	0.000	0.000
278	  P	  0.0	  0.0	0.000	0.000	0.000
279	  P	  0.0	  0.0	0.000	0.000	0.000
280	  S	  0.0	  0.0	0.000	0.000	0.000
281	  P	  0.0	  0.5	0.000	0.000	0.000
282	  P	  0.0	  0.7	0.000	0.000	0.000
283	  L	  0.1	  0.7	0.000	0.000	0.000
284	  G	  0.1	  0.7	0.000	0.000	0.000
285	  A	  0.1	  0.9	0.000	0.000	0.000
286	  P	  0.0	  0.7	0.000	0.000	0.000
287	  G	  0.0	  0.7	0.000	0.000	0.000
288	  L	  0.0	  0.7	0.000	0.000	0.000
289	  P	  0.0	  0.4	0.000	0.000	0.000
290	  P	  0.0	  1.0	0.000	0.000	0.000
291	  A	  0.0	  1.0	0.000	0.000	0.000
292	  G	  0.0	  1.0	0.000	0.000	0.000
293	  S	  0.0	  0.6	0.000	0.000	0.000
294	  P	  0.0	  1.1	0.000	0.000	0.000
295	  P	  0.0	  1.2	0.000	0.000	0.000
296	  D	  0.0	  1.2	0.000	0.000	0.000
297	  S	  0.4	  1.2	0.000	0.000	0.000
298	  H	  2.1	  0.2	0.000	0.000	0.000
299	  V	  6.0	  0.1	0.000	0.000	0.000
300	  L	  5.9	  0.0	0.000	0.000	0.000
301	  L	  4.4	  0.0	0.000	0.000	0.000
302	  A	  0.5	  0.0	0.000	0.000	0.000
303	  A	  0.2	  0.0	0.000	0.000	0.000
304	  P	  0.0	  2.4	0.000	0.000	0.000
305	  P	  0.0	  2.5	0.000	0.000	0.000
306	  G	  0.0	  2.5	0.000	0.000	0.000
307	  H	  0.7	  2.5	0.000	0.000	0.000
308	  Q	  1.3	  0.1	0.000	0.000	0.000
309	  L	  1.4	  0.1	0.000	0.000	0.000
310	  H	  1.1	  0.1	0.000	0.000	0.000
311	  R	  0.6	  0.1	0.000	0.000	0.000
312	  A	  0.9	  0.1	0.000	0.000	0.000
313	  H	  3.2	  0.2	0.000	0.000	0.000
314	  Y	  4.2	  0.2	0.000	0.000	0.000
315	  D	  4.1	  0.2	0.000	0.000	0.000
316	  L	  2.3	  0.2	0.000	0.000	0.000
317	  R	  1.8	  0.1	0.000	0.000	0.000
318	  H	  4.5	  0.0	0.000	0.000	0.000
319	  T	  7.2	  0.0	0.000	3.102	3.102
320	  F	  7.3	  0.2	0.000	17.186	17.186
321	  M	  4.4	  0.2	0.000	17.633	17.633
322	  G	  0.9	  0.2	0.000	18.025	18.025
323	  V	  4.7	  0.2	0.000	18.416	18.416
324	  V	  8.8	  0.1	0.000	18.273	18.273
325	  S	  8.9	  0.3	0.000	8.806	8.806
326	  L	  4.6	  0.3	0.000	7.632	7.632
327	  G	  0.2	  0.3	0.000	0.831	0.831
328	  S	  0.1	  7.8	0.000	0.000	0.000
329	  P	  0.0	  7.9	0.000	0.000	0.000
330	  S	  0.1	  7.9	0.000	0.000	0.000
331	  G	  0.1	  7.9	0.000	0.000	0.000
332	  E	  2.9	  0.3	0.000	0.000	0.000
333	  V	  6.5	  0.1	0.000	0.000	0.000
334	  S	  6.5	  0.0	0.000	0.000	0.000
335	  H	  3.8	  0.4	0.000	0.000	0.000
336	  P	  0.1	  0.4	0.000	0.000	0.000
337	  R	  0.3	  0.5	0.000	0.000	0.000
338	  K	  0.5	  0.5	0.000	0.000	0.000
339	  T	  1.1	  0.1	0.000	0.000	0.000
340	  R	  1.5	  0.1	0.000	0.000	0.000
341	  T	  6.9	  0.1	0.000	0.000	0.000
342	  V	 14.2	  0.0	0.000	0.000	0.000
343	  V	 13.8	  0.0	0.000	0.000	0.000
344	  Q	  8.4	  0.2	0.000	0.000	0.000
345	  P	  0.3	  0.2	0.000	0.000	0.000
346	  S	  0.4	  0.4	0.411	0.000	0.000
347	  V	  0.5	  0.6	0.411	0.000	0.000
348	  G	  0.5	  0.3	0.411	0.000	0.000
349	  A	  0.2	  0.3	0.411	0.000	0.000
350	  A	  0.1	  0.1	0.411	0.000	0.000
351	  A	  0.1	  0.0	0.411	0.000	0.000
352	  G	  0.0	  0.0	0.411	0.000	0.000
353	  P	  0.0	  0.0	0.000	0.000	0.000
354	  V	  0.0	  0.0	0.000	0.000	0.000
355	  V	  0.0	  0.0	0.000	0.000	0.000
356	  P	  0.0	  0.0	0.000	0.000	0.000
357	  P	  0.0	  0.0	0.000	0.000	0.000
358	  C	  0.0	  3.6	0.000	0.000	0.000
359	  P	  0.0	  3.7	0.000	0.000	0.000
360	  G	  0.1	  3.7	0.000	0.000	0.000
361	  R	  3.7	  3.7	0.000	0.000	0.000
362	  I	  4.6	  0.1	0.000	0.000	0.000
363	  R	  6.2	  0.1	0.000	0.000	0.000
364	  H	  4.6	  0.1	0.000	0.000	0.000
365	  F	  5.3	  0.1	0.000	0.000	0.000
366	  K	  3.7	  0.0	0.000	0.000	0.000
367	  V	  1.7	  0.0	0.000	0.000	0.000
