res	aa	Beta	Turn	Helix	Aggregation	Conc-Stab_Aggregation
01	  M	  0.7	  0.0	0.000	0.000	0.000
02	  F	  2.9	  0.0	0.000	2.187	2.187
03	  F	  6.5	  0.0	0.507	2.187	2.187
04	  S	  5.9	  0.0	8.420	2.187	2.187
05	  A	  3.9	  0.0	8.420	2.187	2.187
06	  A	  0.5	  0.0	8.586	2.187	2.187
07	  L	  0.7	  0.0	8.735	1.848	1.848
08	  R	  0.8	  0.0	8.735	0.000	0.000
09	  A	  0.6	  0.0	8.582	0.000	0.000
10	  R	  0.3	  0.0	7.080	0.000	0.000
11	  A	  0.1	  0.2	4.855	0.000	0.000
12	  A	  0.1	  0.3	4.164	0.000	0.000
13	  G	  0.1	  0.2	3.320	0.000	0.000
14	  L	  0.9	  0.2	0.600	0.000	0.000
15	  T	  1.5	  0.1	0.000	0.000	0.000
16	  A	  1.8	  0.0	0.000	0.000	0.000
17	  H	  1.6	  0.5	0.000	0.000	0.000
18	  W	  1.0	  0.6	0.000	0.000	0.000
19	  G	  0.7	  0.7	0.000	0.000	0.000
20	  R	  1.0	  0.7	0.000	0.000	0.000
21	  H	  2.6	  0.3	0.000	0.000	0.000
22	  V	  3.6	  0.1	0.000	0.000	0.000
23	  R	  2.8	  0.1	0.000	0.000	0.000
24	  N	  1.2	  0.1	0.000	0.000	0.000
25	  L	  0.4	  0.1	0.000	0.000	0.000
26	  H	  0.6	  0.1	0.000	0.000	0.000
27	  K	  1.4	  0.1	0.000	0.000	0.000
28	  T	  5.3	  0.1	0.000	0.000	0.000
29	  V	  7.7	  0.1	0.000	0.000	0.000
30	  M	  7.2	  0.5	0.000	0.000	0.000
31	  Q	  3.1	  1.1	0.000	0.000	0.000
32	  N	  0.3	  1.4	0.000	0.000	0.000
33	  G	  0.0	  1.8	0.000	0.000	0.000
34	  A	  0.0	  1.6	0.000	0.000	0.000
35	  G	  0.0	  1.1	0.000	0.000	0.000
36	  G	  0.0	  0.8	0.000	1.339	1.339
37	  A	  0.2	  0.5	0.000	2.165	2.165
38	  L	  0.9	  0.1	0.000	2.165	2.165
39	  F	  2.4	  0.0	0.000	2.165	2.165
40	  V	  3.8	  0.0	0.000	2.165	2.165
41	  H	  3.3	  0.3	0.000	0.826	0.826
42	  R	  2.0	  0.3	0.000	0.000	0.000
43	  D	  0.4	  0.3	0.000	0.000	0.000
44	  T	  0.2	  0.6	0.000	0.000	0.000
45	  P	  0.0	  0.7	0.000	0.000	0.000
46	  E	  0.1	  0.7	0.000	0.000	0.000
47	  N	  0.1	  0.7	0.000	0.000	0.000
48	  N	  0.1	  6.6	0.000	0.000	0.000
49	  P	  0.0	  6.2	0.000	0.000	0.000
50	  D	  0.0	  6.2	0.000	0.000	0.000
51	  T	  0.0	  6.3	0.000	0.000	0.000
52	  P	  0.0	  0.1	0.000	0.000	0.000
53	  F	  2.3	  0.1	0.000	0.000	0.000
54	  D	  3.7	  0.1	0.000	0.000	0.000
55	  F	  4.4	  0.0	0.000	0.000	0.000
56	  T	  2.2	  0.3	1.556	0.000	0.000
57	  P	  0.6	  0.6	1.556	0.000	0.000
58	  E	  0.1	  0.6	1.556	0.000	0.000
59	  N	  0.8	  0.6	3.441	0.000	0.000
60	  Y	  1.8	  0.4	3.441	0.000	0.000
61	  K	  2.6	  0.1	3.553	0.000	0.000
62	  R	  4.9	  0.1	3.272	0.000	0.000
63	  I	  4.8	  0.1	3.044	0.000	0.000
64	  E	  3.9	  0.0	3.044	0.000	0.000
65	  A	  1.5	  0.0	2.654	0.000	0.000
66	  I	  3.4	  0.0	2.516	0.000	0.000
67	  V	  5.1	  0.3	2.516	0.000	0.000
68	  K	  4.7	  0.3	2.516	0.000	0.000
69	  N	  2.1	  0.3	1.278	0.000	0.000
70	  Y	  0.3	  0.8	0.385	0.000	0.000
71	  P	  0.1	  1.3	0.000	0.000	0.000
72	  E	  0.0	  1.4	0.000	0.000	0.000
73	  G	  0.0	  1.4	0.000	0.000	0.000
74	  H	  0.4	  0.9	0.000	0.000	0.000
75	  K	  0.5	  0.2	0.000	0.000	0.000
76	  A	  0.5	  0.1	0.000	0.000	0.000
77	  A	  0.3	  0.1	0.000	0.000	0.000
78	  A	  2.0	  0.0	0.000	0.000	0.000
79	  V	  2.4	  0.0	0.000	0.000	0.000
80	  L	  2.2	  0.0	0.000	0.000	0.000
81	  P	  0.5	  0.0	0.599	0.000	0.000
82	  V	  2.8	  0.1	0.599	0.000	0.000
83	  L	  3.8	  0.1	0.599	0.000	0.000
84	  D	  3.8	  0.1	3.600	0.000	0.000
85	  L	  1.1	  0.1	3.600	0.000	0.000
86	  A	  0.2	  0.1	3.600	0.000	0.000
87	  Q	  0.7	  0.1	3.600	0.000	0.000
88	  R	  2.1	  0.6	3.265	0.000	0.000
89	  Q	  2.0	  1.1	3.125	0.000	0.000
90	  N	  1.5	  1.1	1.668	0.000	0.000
91	  G	  0.0	  1.1	1.038	0.000	0.000
92	  W	  0.1	  0.6	0.191	0.000	0.000
93	  L	  0.1	  0.0	0.000	0.000	0.000
94	  P	  0.1	  0.0	0.000	0.000	0.000
95	  I	  1.7	  0.0	0.000	0.000	0.000
96	  S	  1.8	  0.0	0.000	0.000	0.000
97	  A	  2.0	  0.1	0.000	0.000	0.000
98	  M	  0.5	  0.2	0.000	0.000	0.000
99	  N	  0.5	  0.1	0.405	0.000	0.000
100	  K	  2.5	  0.1	0.405	0.000	0.000
101	  V	  3.0	  0.0	0.405	0.000	0.000
102	  A	  3.1	  0.0	0.405	0.000	0.000
103	  E	  1.5	  0.0	0.405	0.000	0.000
104	  V	  3.3	  0.0	0.405	0.000	0.000
105	  L	  4.3	  0.0	0.405	0.000	0.000
106	  Q	  3.8	  0.0	0.405	0.000	0.000
107	  V	  1.4	  0.0	0.158	0.000	0.000
108	  P	  0.0	  0.0	0.000	0.000	0.000
109	  P	  0.0	  0.0	0.000	0.000	0.000
110	  M	  2.4	  0.0	0.000	0.860	0.860
111	  R	  4.9	  0.0	0.000	1.614	1.614
112	  V	  8.1	  0.0	0.000	1.614	1.614
113	  Y	 13.3	  0.0	0.000	1.614	1.614
114	  E	 12.2	  0.0	0.000	1.614	1.614
115	  V	 10.0	  0.1	0.000	50.363	50.363
116	  A	  3.2	  0.1	0.000	54.274	54.274
117	  T	  7.4	  0.1	0.822	55.312	55.312
118	  F	  7.6	  0.1	0.822	56.286	56.286
119	  Y	 11.6	  0.0	0.822	56.148	56.148
120	  T	  7.0	  0.0	1.183	53.219	53.219
121	  M	  6.4	  0.0	1.183	51.370	51.370
122	  Y	  2.2	  0.0	1.183	48.800	48.800
123	  N	  1.0	  0.0	1.183	0.624	0.624
124	  R	  0.6	  0.0	0.832	0.000	0.000
125	  K	  0.1	  0.0	0.535	0.000	0.000
126	  P	  0.1	  0.2	0.000	0.000	0.000
127	  V	  0.1	  0.8	0.000	0.000	0.000
128	  G	  0.1	  0.8	0.000	0.000	0.000
129	  K	  0.8	  0.8	0.000	0.000	0.000
130	  Y	  6.0	  0.5	0.000	0.000	0.000
131	  H	  8.3	  0.0	0.000	0.000	0.000
132	  I	  8.5	  0.0	0.000	0.000	0.000
133	  Q	  3.5	  0.0	0.000	0.000	0.000
134	  V	  1.8	  0.0	0.000	0.000	0.000
135	  C	  1.3	  0.0	0.000	0.000	0.000
136	  T	  4.0	  0.0	0.000	0.000	0.000
137	  T	  3.6	  0.0	0.000	0.000	0.000
138	  T	  3.2	  0.0	0.000	0.000	0.000
139	  P	  0.2	  0.0	0.000	0.000	0.000
140	  C	  1.4	  0.0	0.000	0.000	0.000
141	  M	  1.5	  0.0	0.000	0.000	0.000
142	  L	  1.7	  0.1	0.000	0.000	0.000
143	  R	  0.4	  0.2	0.000	0.000	0.000
144	  N	  0.3	  2.2	0.647	0.000	0.000
145	  S	  0.1	  2.6	1.620	0.000	0.000
146	  D	  0.2	  2.4	5.283	0.000	0.000
147	  S	  0.5	  2.4	12.973	0.000	0.000
148	  I	  1.0	  0.4	14.788	0.000	0.000
149	  L	  1.0	  0.0	15.335	0.000	0.000
150	  E	  0.8	  0.0	16.695	0.000	0.000
151	  A	  0.3	  0.0	16.921	0.000	0.000
152	  I	  0.4	  0.0	16.921	0.000	0.000
153	  Q	  0.5	  0.0	16.921	0.000	0.000
154	  K	  0.4	  0.1	15.121	0.000	0.000
155	  K	  0.3	  0.1	12.744	0.000	0.000
156	  L	  0.3	  0.1	7.416	0.000	0.000
157	  G	  0.3	  0.1	6.518	0.000	0.000
158	  I	  7.6	  0.0	0.361	0.000	0.000
159	  K	  7.9	  0.0	0.361	0.000	0.000
160	  V	  7.9	  0.3	0.000	0.000	0.000
161	  G	  0.5	  0.4	0.000	0.000	0.000
162	  E	  0.3	  0.4	0.000	0.000	0.000
163	  T	  0.4	  0.4	0.000	0.000	0.000
164	  T	  0.4	  1.2	0.187	0.000	0.000
165	  P	  0.2	  1.1	0.187	0.000	0.000
166	  D	  0.0	  1.2	0.187	0.000	0.000
167	  K	  0.3	  1.2	0.187	0.217	0.217
168	  L	  0.5	  0.1	0.187	59.369	59.369
169	  F	  4.9	  0.1	0.187	59.369	59.369
170	  T	  5.1	  0.0	1.460	59.369	59.369
171	  L	  4.9	  0.0	1.460	59.369	59.369
172	  I	  8.4	  0.0	1.460	59.369	59.369
173	  E	  9.8	  0.0	1.460	0.217	0.217
174	  V	 13.1	  0.0	1.460	0.217	0.217
175	  E	  5.6	  0.0	1.460	0.000	0.000
176	  C	  3.8	  0.2	1.040	0.000	0.000
177	  L	  0.4	  0.3	1.040	0.000	0.000
178	  G	  0.3	  0.3	0.874	0.000	0.000
179	  A	  0.2	  0.3	0.338	0.000	0.000
180	  C	  1.9	  0.1	0.127	0.000	0.000
181	  V	  4.1	  0.0	0.127	0.000	0.000
182	  N	  3.9	  0.0	0.127	0.000	0.000
183	  A	  2.2	  0.0	0.000	0.000	0.000
184	  P	  0.0	  0.0	0.000	0.000	0.000
185	  M	  0.4	  0.0	0.000	0.000	0.000
186	  V	  4.4	  0.0	0.000	0.000	0.000
187	  Q	  5.7	  0.0	0.000	0.000	0.000
188	  I	  5.4	  0.0	0.000	0.000	0.000
189	  N	  1.5	  0.8	0.000	0.000	0.000
190	  D	  0.2	  0.8	0.000	0.000	0.000
191	  N	  1.9	  0.8	0.000	0.000	0.000
192	  Y	  4.4	  0.7	0.000	0.000	0.000
193	  Y	  5.0	  0.6	0.000	0.000	0.000
194	  E	  3.2	  0.7	0.117	0.000	0.000
195	  D	  0.9	  0.7	0.265	0.000	0.000
196	  L	  0.9	  0.7	0.265	0.000	0.000
197	  T	  2.2	  0.0	0.703	0.000	0.000
198	  A	  2.1	  0.2	0.703	0.000	0.000
199	  K	  1.5	  0.2	0.703	0.000	0.000
200	  D	  1.9	  0.2	2.899	0.000	0.000
201	  I	  2.1	  0.2	2.750	0.000	0.000
202	  E	  1.9	  0.0	2.750	0.000	0.000
203	  E	  0.4	  0.0	2.716	0.000	0.000
204	  I	  1.0	  0.0	2.862	0.000	0.000
205	  I	  1.1	  0.0	3.494	0.000	0.000
206	  D	  0.9	  0.2	6.883	0.000	0.000
207	  E	  1.4	  0.2	7.117	0.000	0.000
208	  L	  1.6	  0.2	7.117	0.000	0.000
209	  K	  1.6	  0.6	7.117	0.000	0.000
210	  A	  0.4	  0.5	6.674	0.000	0.000
211	  G	  0.1	  0.5	6.379	0.000	0.000
212	  K	  0.2	  0.5	2.244	0.000	0.000
213	  I	  0.2	  0.0	0.000	0.000	0.000
214	  P	  0.2	  0.0	0.000	0.000	0.000
215	  K	  0.0	  0.0	0.000	0.000	0.000
216	  P	  0.0	  0.0	0.000	0.000	0.000
217	  G	  0.0	  0.3	0.000	0.000	0.000
218	  P	  0.0	  0.6	0.000	0.000	0.000
219	  R	  0.1	  0.8	0.000	0.000	0.000
220	  S	  0.2	  1.0	0.000	0.000	0.000
221	  G	  0.2	  0.8	0.000	0.000	0.000
222	  R	  0.9	  0.5	0.000	0.000	0.000
223	  F	 20.0	  0.4	0.000	0.000	0.000
224	  S	 36.4	  0.0	0.000	0.000	0.000
225	  C	 36.0	  0.0	0.000	0.000	0.000
226	  E	 20.7	  0.1	0.000	0.000	0.000
227	  P	  0.4	  0.3	0.000	0.000	0.000
228	  A	  0.0	  0.6	0.000	0.000	0.000
229	  G	  0.0	  0.6	0.000	0.000	0.000
230	  G	  0.1	  0.5	0.000	0.000	0.000
231	  L	  0.6	  0.4	0.000	0.000	0.000
232	  T	  1.2	  0.1	0.000	0.000	0.000
233	  S	  2.8	  0.1	0.000	0.000	0.000
234	  L	  2.4	  0.1	0.000	0.000	0.000
235	  T	  1.9	  0.0	0.000	0.000	0.000
236	  E	  0.1	  0.0	0.000	0.000	0.000
237	  P	  0.0	  0.7	0.000	0.000	0.000
238	  P	  0.0	  0.7	0.000	0.000	0.000
239	  K	  0.0	  0.8	0.000	0.000	0.000
240	  G	  0.0	  2.9	0.000	0.000	0.000
241	  P	  0.0	  2.2	0.000	0.000	0.000
242	  G	  0.0	  2.4	0.000	0.000	0.000
243	  F	  0.2	  2.4	0.000	0.000	0.000
244	  G	  0.3	  0.2	0.000	0.000	0.000
245	  V	  1.5	  0.2	0.000	0.000	0.000
246	  Q	  1.3	  0.2	0.000	0.000	0.000
247	  A	  1.3	  0.2	0.000	0.000	0.000
248	  G	  0.1	  0.2	0.000	0.000	0.000
249	  L	  0.0	  0.1	0.000	0.000	0.000
