res	aa	Beta	Turn	Helix	Aggregation	Conc-Stab_Aggregation
01	  M	  0.7	  0.1	0.000	0.000	0.000
02	  R	  0.9	  0.2	0.000	0.000	0.000
03	  S	  2.1	  0.2	0.000	0.000	0.000
04	  C	  1.8	  0.2	0.000	0.000	0.000
05	  L	  1.7	  0.0	0.000	0.000	0.000
06	  W	  5.4	  0.0	0.000	0.000	0.000
07	  R	  6.1	  0.0	0.000	0.000	0.000
08	  C	  7.2	  0.1	0.000	0.000	0.000
09	  R	  2.9	  0.1	0.000	0.000	0.000
10	  H	  2.4	  0.1	0.000	0.000	0.000
11	  L	  1.4	  0.3	0.000	0.000	0.000
12	  S	  0.9	  0.5	0.783	0.003	0.003
13	  Q	  0.2	  0.5	0.783	0.040	0.040
14	  G	  0.1	  0.5	1.900	1.015	1.015
15	  V	  2.6	  0.3	2.196	12.027	12.027
16	  Q	  4.1	  0.0	2.895	12.962	12.962
17	  W	  5.7	  0.1	3.655	36.854	36.854
18	  S	  3.4	  0.1	10.180	42.636	42.636
19	  L	  2.6	  0.1	10.627	89.242	89.242
20	  L	  1.1	  0.1	11.122	97.778	97.778
21	  L	  1.2	  0.0	11.122	99.342	99.342
22	  A	  1.2	  0.0	11.122	99.628	99.628
23	  V	  6.8	  0.0	11.122	99.966	99.966
24	  L	  7.6	  0.0	11.122	99.995	99.995
25	  V	  8.6	  0.0	10.697	99.999	99.999
26	  F	  3.9	  0.0	10.697	99.995	99.995
27	  F	  3.2	  0.0	2.274	99.934	99.934
28	  L	  1.8	  0.0	0.758	99.190	99.190
29	  F	  2.3	  0.0	0.598	95.128	95.128
30	  A	  1.8	  0.0	0.240	45.321	45.321
31	  L	  1.5	  0.9	0.240	3.211	3.211
32	  P	  0.0	  0.9	0.000	1.630	1.630
33	  S	  0.9	  0.9	0.000	0.000	0.000
34	  F	  2.2	  0.9	0.000	0.000	0.000
35	  I	  4.1	  0.0	0.000	0.000	0.000
36	  K	  3.3	  0.0	0.000	0.000	0.000
37	  E	  2.0	  0.0	0.000	0.000	0.000
38	  P	  0.1	  0.1	0.000	0.000	0.000
39	  Q	  0.5	  0.1	0.000	0.000	0.000
40	  T	  0.7	  0.1	0.000	0.000	0.000
41	  K	  0.7	  0.4	0.000	0.000	0.000
42	  P	  0.2	  0.4	0.000	0.000	0.000
43	  S	  0.3	  0.5	0.000	0.000	0.000
44	  R	  0.7	  0.5	0.000	0.000	0.000
45	  H	  1.1	  0.2	0.000	0.000	0.000
46	  Q	  1.1	  0.2	0.000	0.000	0.000
47	  R	  0.7	  0.1	0.000	0.000	0.000
48	  T	  0.3	  0.4	0.000	0.000	0.000
49	  E	  0.1	  0.3	0.000	0.000	0.000
50	  N	  2.1	  0.3	1.425	0.000	0.000
51	  I	  2.8	  0.3	1.425	0.000	0.000
52	  K	  2.9	  0.1	1.425	0.000	0.000
53	  E	  1.2	  0.1	1.425	0.000	0.000
54	  R	  1.0	  0.2	1.425	0.000	0.000
55	  S	  1.4	  0.1	2.488	0.000	0.000
56	  L	  1.4	  0.2	1.871	0.000	0.000
57	  Q	  1.1	  0.1	1.681	0.000	0.000
58	  S	  0.6	  0.1	1.468	0.000	0.000
59	  L	  0.5	  0.1	1.293	0.000	0.000
60	  A	  0.3	  0.0	1.293	0.000	0.000
61	  K	  0.2	  0.1	1.150	0.000	0.000
62	  P	  0.0	  0.3	0.000	0.000	0.000
63	  K	  0.3	  0.3	0.000	0.000	0.000
64	  S	  0.5	  0.3	0.000	0.000	0.000
65	  Q	  0.5	  0.2	0.000	0.000	0.000
66	  A	  0.3	  0.3	0.000	0.000	0.000
67	  P	  0.0	  0.3	0.000	0.000	0.000
68	  T	  0.3	  0.3	0.000	0.000	0.000
69	  R	  0.4	  0.3	0.000	0.000	0.000
70	  A	  0.6	  0.1	0.000	0.000	0.000
71	  R	  0.6	  0.1	0.000	0.000	0.000
72	  R	  0.7	  0.1	0.000	0.000	0.000
73	  T	  1.7	  0.1	0.000	0.691	0.691
74	  T	  4.2	  0.1	0.000	0.691	0.691
75	  I	  4.7	  0.0	0.000	0.691	0.691
76	  Y	  4.5	  0.0	0.000	0.691	0.691
77	  A	  1.7	  0.0	0.000	0.691	0.691
78	  E	  0.9	  0.0	0.000	0.000	0.000
79	  P	  0.0	  0.0	0.000	0.000	0.000
80	  V	  0.0	  0.0	0.000	0.000	0.000
81	  P	  0.0	  0.4	0.000	0.000	0.000
82	  E	  0.1	  0.5	0.000	0.000	0.000
83	  N	  0.0	  0.5	0.000	0.000	0.000
84	  N	  0.1	  0.6	0.157	0.000	0.000
85	  A	  0.2	  0.3	0.157	0.000	0.000
86	  L	  0.5	  0.2	0.157	0.000	0.000
87	  N	  0.9	  0.3	0.157	0.000	0.000
88	  T	  1.5	  0.2	0.157	0.000	0.000
89	  Q	  1.7	  0.1	0.157	0.000	0.000
90	  T	  1.6	  0.1	0.000	0.000	0.000
91	  Q	  0.7	  0.2	0.000	0.000	0.000
92	  P	  0.2	  0.2	0.000	0.000	0.000
93	  K	  0.2	  0.2	0.000	0.000	0.000
94	  A	  0.3	  0.2	0.000	0.000	0.000
95	  H	  1.0	  0.2	0.000	0.000	0.000
96	  T	  0.9	  0.3	0.000	0.000	0.000
97	  T	  0.8	  1.4	0.000	0.000	0.000
98	  G	  0.1	  1.6	0.000	0.000	0.000
99	  D	  0.0	  2.2	1.537	0.000	0.000
100	  R	  0.0	  2.1	1.537	0.000	0.000
101	  G	  0.0	  1.0	1.717	0.000	0.000
102	  K	  0.2	  0.9	1.717	0.000	0.000
103	  E	  0.3	  0.3	1.717	0.000	0.000
104	  A	  0.3	  0.3	1.717	0.000	0.000
105	  N	  0.2	  0.2	1.717	0.000	0.000
106	  Q	  0.1	  0.2	1.052	0.000	0.000
107	  A	  0.1	  0.0	0.154	0.000	0.000
108	  P	  0.0	  0.2	0.000	0.000	0.000
109	  P	  0.0	  0.3	0.000	0.000	0.000
110	  E	  0.0	  0.3	0.000	0.000	0.000
111	  E	  0.1	  0.5	0.000	0.000	0.000
112	  Q	  0.2	  0.3	0.000	0.000	0.000
113	  D	  0.3	  0.2	0.000	0.000	0.000
114	  K	  0.4	  0.2	0.000	0.000	0.000
115	  V	  0.4	  0.0	0.000	0.000	0.000
116	  P	  0.2	  0.0	0.000	0.000	0.000
117	  H	  0.8	  0.0	0.000	0.000	0.000
118	  T	  2.0	  0.0	1.080	0.000	0.000
119	  A	  2.1	  0.1	1.080	0.000	0.000
120	  Q	  1.4	  0.1	1.080	0.000	0.000
121	  R	  0.3	  0.1	1.080	0.000	0.000
122	  A	  0.2	  0.1	1.080	0.000	0.000
123	  A	  0.4	  0.0	1.080	0.000	0.000
124	  W	  1.4	  0.0	0.855	0.000	0.000
125	  K	  1.3	  0.0	0.430	0.000	0.000
126	  S	  1.1	  0.3	0.181	0.000	0.000
127	  P	  0.1	  0.4	0.181	0.000	0.000
128	  E	  0.1	  0.4	0.181	0.000	0.000
129	  K	  0.4	  0.5	0.181	0.000	0.000
130	  E	  0.7	  0.2	0.181	0.000	0.000
131	  K	  0.9	  0.1	0.181	0.000	0.000
132	  T	  1.9	  0.1	0.000	0.169	0.169
133	  M	  2.3	  0.1	0.000	0.169	0.169
134	  V	  3.3	  0.0	0.000	0.169	0.169
135	  N	  2.0	  0.1	0.000	0.169	0.169
136	  T	 10.9	  0.1	0.000	0.169	0.169
137	  L	  9.8	  0.0	0.000	0.169	0.169
138	  S	  9.8	  0.9	0.000	0.000	0.000
139	  P	  0.1	  1.1	0.000	0.000	0.000
140	  R	  0.1	  1.1	0.000	0.000	0.000
141	  G	  0.1	  1.4	0.000	0.000	0.000
142	  Q	  0.1	  0.7	0.000	0.000	0.000
143	  D	  0.0	  0.9	0.294	0.000	0.000
144	  A	  0.1	  0.9	0.294	0.000	0.000
145	  G	  0.1	  0.6	0.294	0.000	0.000
146	  M	  0.3	  1.0	0.294	0.000	0.000
147	  A	  0.3	  0.8	0.294	0.000	0.000
148	  S	  0.3	  1.7	0.294	0.000	0.000
149	  G	  0.2	  1.7	0.294	0.000	0.000
150	  R	  0.2	  1.3	0.000	0.000	0.000
151	  T	  0.2	  1.0	0.000	0.000	0.000
152	  E	  0.2	  0.1	0.000	0.000	0.000
153	  A	  0.3	  0.0	0.000	0.000	0.000
154	  Q	  1.0	  0.0	0.000	0.000	0.000
155	  S	  2.0	  0.0	0.000	0.000	0.000
156	  W	  2.5	  0.1	0.000	0.000	0.000
157	  K	  2.0	  0.2	0.000	0.000	0.000
158	  S	  1.5	  1.2	0.000	0.000	0.000
159	  Q	  1.1	  1.2	0.000	0.000	0.000
160	  D	  1.1	  1.1	0.237	0.000	0.000
161	  T	  2.0	  1.1	0.237	0.000	0.000
162	  K	  2.7	  0.1	0.237	0.000	0.000
163	  T	  4.9	  0.2	0.237	0.000	0.000
164	  T	  3.4	  0.3	0.237	0.000	0.000
165	  Q	  2.4	  1.4	0.237	0.000	0.000
166	  G	  0.0	  1.6	0.000	0.000	0.000
167	  N	  0.0	  2.2	0.000	0.000	0.000
168	  G	  0.0	  2.1	0.217	0.000	0.000
169	  G	  0.0	  1.0	0.217	0.000	0.000
170	  Q	  0.1	  0.8	0.217	0.000	0.000
171	  T	  1.2	  0.2	0.341	0.000	0.000
172	  R	  1.5	  0.2	0.341	0.000	0.000
173	  K	  3.4	  0.1	0.341	0.000	0.000
174	  L	  3.1	  0.1	0.124	0.000	0.000
175	  T	  5.1	  0.2	0.124	0.000	0.000
176	  A	  3.3	  0.2	0.124	0.000	0.000
177	  S	  2.7	  0.2	0.124	0.000	0.000
178	  R	  1.0	  0.2	0.000	0.000	0.000
179	  T	 18.5	  0.1	0.000	0.000	0.000
180	  V	 18.6	  0.1	0.000	0.000	0.000
181	  S	 18.0	  0.1	0.000	0.000	0.000
182	  E	  0.9	  0.1	0.000	0.000	0.000
183	  K	  0.6	  0.2	0.000	0.000	0.000
184	  H	  0.7	  1.0	0.000	0.000	0.000
185	  Q	  0.2	  1.0	0.000	0.000	0.000
186	  G	  0.1	  1.0	0.000	0.000	0.000
187	  K	  0.2	  1.0	0.000	0.000	0.000
188	  A	  0.3	  0.1	0.000	0.000	0.000
189	  A	  0.4	  0.1	0.000	0.000	0.000
190	  T	  0.9	  0.0	0.000	0.000	0.000
191	  T	  2.2	  0.0	0.000	0.000	0.000
192	  A	  2.1	  0.1	0.000	0.000	0.000
193	  K	  1.7	  0.1	0.000	0.000	0.000
194	  T	  1.4	  0.1	0.000	0.000	0.000
195	  L	  1.4	  0.1	0.000	0.000	0.000
196	  I	  1.1	  0.0	0.000	0.000	0.000
197	  P	  0.1	  0.1	0.000	0.000	0.000
198	  K	  0.3	  0.2	0.000	0.000	0.000
199	  S	  0.6	  0.3	0.000	0.000	0.000
200	  Q	  1.0	  0.3	0.000	0.000	0.000
201	  H	  1.3	  0.1	0.000	0.000	0.000
202	  R	  1.5	  0.1	0.000	0.000	0.000
203	  M	  1.8	  0.0	0.000	0.000	0.000
204	  L	  1.2	  0.0	0.000	0.000	0.000
205	  A	  0.7	  0.8	0.000	0.000	0.000
206	  P	  0.0	  0.9	0.000	0.000	0.000
207	  T	  0.0	  1.0	0.000	0.000	0.000
208	  G	  0.0	  1.0	0.000	0.000	0.000
209	  A	  0.6	  0.2	0.000	0.000	0.000
210	  V	  1.5	  0.1	0.000	0.000	0.000
211	  S	  2.2	  0.1	2.304	0.000	0.000
212	  T	  2.3	  0.1	2.304	0.000	0.000
213	  R	  1.6	  0.1	2.304	0.000	0.000
214	  T	  2.5	  0.1	2.304	0.000	0.000
215	  R	  2.1	  0.2	2.304	0.000	0.000
216	  Q	  1.9	  0.4	2.304	0.000	0.000
217	  K	  0.3	  0.4	0.748	0.000	0.000
218	  G	  0.1	  0.4	0.343	0.000	0.000
219	  V	  2.0	  0.3	0.000	0.924	0.924
220	  T	  2.7	  0.0	0.000	0.924	0.924
221	  T	  3.5	  0.0	0.000	0.924	0.924
222	  A	  3.5	  0.0	0.000	0.924	0.924
223	  V	  2.8	  0.0	0.000	0.924	0.924
224	  I	  2.0	  0.0	0.000	0.000	0.000
225	  P	  0.0	  0.2	0.154	0.000	0.000
226	  P	  0.0	  0.3	0.154	0.000	0.000
227	  K	  0.3	  0.3	0.154	0.000	0.000
228	  E	  1.2	  0.3	0.154	0.000	0.000
229	  K	  1.2	  0.1	0.154	0.000	0.000
230	  K	  0.9	  0.3	0.154	0.000	0.000
231	  P	  0.0	  0.2	0.000	0.000	0.000
232	  Q	  0.4	  0.2	0.000	0.000	0.000
233	  A	  0.3	  0.2	0.000	0.000	0.000
234	  T	  0.3	  0.0	0.000	0.000	0.000
235	  P	  0.0	  0.0	0.000	0.000	0.000
236	  P	  0.0	  0.0	0.000	0.000	0.000
237	  P	  0.0	  0.0	0.000	0.000	0.000
238	  A	  0.0	  0.0	0.000	0.000	0.000
239	  P	  0.0	  0.0	0.000	0.000	0.000
240	  F	  2.8	  0.0	0.000	0.000	0.000
241	  Q	  2.8	  0.0	0.000	0.000	0.000
242	  S	  2.8	  0.3	0.327	0.000	0.000
243	  P	  0.0	  0.3	0.327	0.000	0.000
244	  T	  2.5	  0.3	0.462	0.000	0.000
245	  T	  3.7	  0.4	0.462	0.000	0.000
246	  Q	  3.8	  0.2	0.462	0.000	0.000
247	  R	  1.5	  0.2	0.462	0.000	0.000
248	  N	  0.6	  0.2	0.270	0.000	0.000
249	  Q	  0.7	  0.2	0.270	0.000	0.000
250	  R	  1.0	  0.1	0.000	0.000	0.000
251	  L	  1.0	  0.1	0.000	0.000	0.000
252	  K	  0.8	  0.0	0.000	0.000	0.000
253	  A	  0.5	  0.4	0.000	0.000	0.000
254	  A	  0.3	  0.4	0.000	0.000	0.000
255	  N	  0.9	  0.4	0.000	0.000	0.000
256	  F	  1.9	  0.5	0.000	0.000	0.000
257	  K	  2.5	  0.1	0.000	0.000	0.000
258	  S	  1.7	  0.1	0.000	0.000	0.000
259	  E	  0.7	  0.1	0.000	0.000	0.000
260	  P	  0.0	  0.0	0.000	0.000	0.000
261	  R	  2.7	  0.2	0.000	0.000	0.000
262	  W	  4.1	  0.2	0.000	0.000	0.000
263	  D	  5.5	  0.2	0.683	0.000	0.000
264	  F	  3.6	  0.2	0.683	0.000	0.000
265	  E	  2.3	  0.1	0.683	0.000	0.000
266	  E	  0.9	  0.1	0.683	0.000	0.000
267	  K	  0.9	  0.1	0.683	0.000	0.000
268	  Y	  7.1	  0.0	0.683	0.000	0.000
269	  S	 13.4	  0.0	0.430	0.000	0.000
270	  F	 17.6	  0.0	0.107	0.000	0.000
271	  E	 11.8	  0.0	0.000	0.000	0.000
272	  I	  5.2	  0.6	0.000	0.000	0.000
273	  G	  0.1	  0.6	0.000	0.000	0.000
274	  G	  0.1	  0.6	0.282	0.000	0.000
275	  L	  0.1	  0.6	0.282	0.000	0.000
276	  Q	  0.3	  0.1	0.282	0.000	0.000
277	  T	  3.7	  0.1	0.282	0.000	0.000
278	  T	  3.9	  0.1	0.282	0.000	0.000
279	  C	  3.8	  1.6	0.282	0.000	0.000
280	  P	  0.4	  1.6	0.000	0.000	0.000
281	  D	  0.1	  1.6	0.497	0.000	0.000
282	  S	  1.7	  1.6	2.228	0.000	0.000
283	  V	  9.0	  0.1	2.228	0.000	0.000
284	  K	 11.2	  0.0	2.228	0.000	0.000
285	  I	 11.1	  0.0	2.228	0.000	0.000
286	  K	  4.2	  0.1	2.228	0.000	0.000
287	  A	  1.7	  0.2	2.063	0.000	0.000
288	  S	  2.6	  0.9	1.745	0.000	0.000
289	  K	  2.6	  0.9	0.439	0.000	0.000
290	  S	  2.7	  0.8	0.304	0.000	0.000
291	  L	  1.0	  0.8	0.304	0.000	0.000
292	  W	  1.2	  0.0	0.913	0.000	0.000
293	  L	  1.2	  0.0	0.913	0.000	0.000
294	  Q	  1.0	  0.1	0.913	0.000	0.000
295	  K	  0.8	  0.1	0.913	0.000	0.000
296	  L	  2.1	  0.1	0.747	0.000	0.000
297	  F	  2.0	  0.0	0.747	0.000	0.000
298	  L	  1.7	  0.6	0.244	0.000	0.000
299	  P	  0.2	  0.7	0.000	0.000	0.000
300	  N	  0.3	  0.7	0.000	0.963	0.963
301	  L	  2.7	  0.7	0.000	21.896	21.896
302	  T	  3.8	  0.0	0.000	21.896	21.896
303	  L	  4.2	  0.0	0.000	21.896	21.896
304	  F	  2.9	  0.1	0.000	21.896	21.896
305	  L	  2.0	  0.2	0.000	21.747	21.747
306	  D	  1.3	  0.3	0.000	0.000	0.000
307	  S	  0.6	  0.4	0.000	0.000	0.000
308	  R	  2.1	  0.3	0.000	0.000	0.000
309	  H	  5.0	  0.2	0.000	0.000	0.000
310	  F	  6.2	  0.1	0.000	0.000	0.000
311	  N	  4.7	  0.7	0.699	0.000	0.000
312	  Q	  1.7	  0.7	0.699	0.000	0.000
313	  S	  0.3	  0.7	1.900	0.000	0.000
314	  E	  1.5	  0.7	1.900	0.000	0.000
315	  W	  1.6	  0.1	1.900	0.000	0.000
316	  D	  1.6	  0.2	2.090	0.000	0.000
317	  R	  0.6	  0.2	1.874	0.000	0.000
318	  L	  0.7	  0.3	1.745	0.000	0.000
319	  E	  1.2	  0.2	1.269	0.000	0.000
320	  H	  4.6	  0.2	0.573	0.000	0.000
321	  F	  4.2	  0.2	0.358	0.000	0.000
322	  A	  3.8	  0.0	0.000	0.000	0.000
323	  P	  0.0	  0.3	0.000	0.000	0.000
324	  P	  0.0	  0.6	0.000	0.000	0.000
325	  F	  0.2	  0.6	0.000	0.000	0.000
326	  G	  0.2	  0.6	0.478	0.000	0.000
327	  F	  1.0	  0.2	0.478	0.000	0.000
328	  M	  1.6	  0.1	0.478	0.000	0.000
329	  E	  2.5	  0.1	0.478	0.000	0.000
330	  L	  3.5	  0.1	0.478	0.961	0.961
331	  N	  3.8	  0.2	1.005	1.137	1.137
332	  Y	  6.0	  0.3	0.748	1.137	1.137
333	  S	  4.6	  0.2	0.641	1.137	1.137
334	  L	  3.7	  0.2	0.641	1.137	1.137
335	  V	  1.3	  0.1	0.641	1.137	1.137
336	  Q	  1.5	  0.0	0.641	0.000	0.000
337	  K	  3.2	  0.0	0.402	0.000	0.000
338	  V	  5.4	  0.0	0.114	0.000	0.000
339	  V	  6.6	  0.0	0.114	0.000	0.000
340	  T	  6.1	  0.0	0.114	0.000	0.000
341	  R	  3.2	  0.0	0.114	0.000	0.000
342	  F	  1.5	  0.0	0.000	0.000	0.000
343	  P	  0.0	  0.0	0.000	0.000	0.000
344	  P	  0.0	  0.0	0.000	0.000	0.000
345	  V	  0.0	  0.0	0.000	0.000	0.000
346	  P	  0.0	  0.1	0.248	0.000	0.000
347	  Q	  0.3	  0.1	0.248	0.000	0.000
348	  Q	  0.7	  0.1	0.248	0.000	0.000
349	  Q	  1.3	  0.1	0.248	0.330	0.330
350	  L	  1.9	  0.1	0.248	1.370	1.370
351	  L	  1.8	  0.0	0.248	1.370	1.370
352	  L	  1.3	  0.1	0.248	1.370	1.370
353	  A	  1.3	  0.1	0.248	1.370	1.370
354	  S	  1.2	  0.1	0.248	1.039	1.039
355	  L	  1.1	  0.4	0.000	0.000	0.000
356	  P	  0.1	  0.8	0.000	0.000	0.000
357	  A	  0.0	  1.2	0.000	0.000	0.000
358	  G	  0.0	  1.2	0.000	0.000	0.000
359	  S	  1.8	  1.0	0.000	0.000	0.000
360	  L	  4.8	  0.4	0.000	0.000	0.000
361	  R	  6.8	  0.1	0.000	0.000	0.000
362	  C	  6.3	  0.0	0.000	0.608	0.608
363	  I	 12.7	  0.0	0.000	4.859	4.859
364	  T	 12.0	  0.0	0.000	5.585	5.585
365	  C	 12.0	  0.0	0.000	5.585	5.585
366	  A	  3.3	  0.0	0.000	5.585	5.585
367	  V	  2.7	  0.0	0.000	5.585	5.585
368	  V	  1.7	  2.4	0.000	5.277	5.277
369	  G	  1.0	  2.6	0.000	0.325	0.325
370	  N	  0.1	  2.8	0.000	0.000	0.000
371	  G	  0.0	  2.8	0.000	0.000	0.000
372	  G	  0.0	  0.4	0.000	0.000	0.000
373	  I	  0.6	  0.3	0.000	0.000	0.000
374	  L	  0.8	  0.2	0.000	0.000	0.000
375	  N	  0.8	  0.4	0.000	0.000	0.000
376	  N	  0.3	  0.5	0.000	0.000	0.000
377	  S	  0.3	  0.4	0.000	0.000	0.000
378	  H	  0.6	  0.8	0.000	0.000	0.000
379	  M	  0.5	  0.5	0.000	0.000	0.000
380	  G	  0.4	  0.5	0.000	0.000	0.000
381	  Q	  0.1	  0.5	0.000	0.000	0.000
382	  E	  3.2	  0.1	0.000	0.000	0.000
383	  I	  4.0	  0.1	0.000	0.000	0.000
384	  D	  4.0	  0.3	0.000	0.000	0.000
385	  S	  1.7	  0.8	0.000	0.000	0.000
386	  H	  1.2	  0.7	0.000	0.000	0.000
387	  D	  1.5	  0.7	0.000	0.000	0.000
388	  Y	  2.4	  0.4	0.000	0.000	0.000
389	  V	  4.5	  0.0	0.000	0.000	0.000
390	  F	  6.1	  0.0	0.000	0.000	0.000
391	  R	  4.8	  0.2	0.000	0.000	0.000
392	  L	  2.6	  0.4	0.000	0.000	0.000
393	  S	  0.6	  0.7	0.152	0.000	0.000
394	  G	  0.2	  0.6	0.152	0.000	0.000
395	  A	  0.3	  0.5	0.152	0.000	0.000
396	  L	  0.7	  0.3	0.152	0.000	0.000
397	  I	  1.8	  1.8	0.152	0.000	0.000
398	  K	  1.5	  1.8	0.152	0.000	0.000
399	  G	  1.2	  1.8	0.000	0.000	0.000
400	  Y	  1.2	  1.9	0.000	0.000	0.000
401	  E	  1.3	  0.2	0.000	0.000	0.000
402	  Q	  1.6	  0.2	0.000	0.000	0.000
403	  D	  0.5	  0.4	0.133	0.000	0.000
404	  V	  0.5	  0.5	0.133	0.000	0.000
405	  G	  0.1	  0.4	0.329	0.000	0.000
406	  T	  0.8	  0.5	0.329	0.000	0.000
407	  R	  0.9	  0.3	0.329	0.000	0.000
408	  T	  2.5	  0.1	0.329	1.022	1.022
409	  S	  2.9	  0.1	0.329	2.789	2.789
410	  F	  3.7	  0.0	0.329	43.862	43.862
411	  Y	  2.3	  0.0	0.000	47.077	47.077
412	  G	  1.3	  0.0	0.000	47.974	47.974
413	  F	  5.7	  0.0	0.000	56.746	56.746
414	  T	  6.3	  0.0	0.000	57.380	57.380
415	  A	  6.6	  0.0	0.000	57.742	57.742
416	  F	  4.4	  0.0	0.000	58.275	58.275
417	  S	  5.1	  0.0	0.000	50.752	50.752
418	  L	  4.9	  0.0	0.000	50.387	50.387
419	  T	  4.2	  0.1	0.598	44.152	44.152
420	  Q	  2.7	  0.1	0.598	40.675	40.675
421	  S	  2.6	  0.1	1.088	46.235	46.235
422	  L	  1.3	  0.1	1.088	47.811	47.811
423	  L	  2.4	  0.0	1.088	47.746	47.746
424	  I	  3.4	  0.0	1.088	47.304	47.304
425	  L	  2.5	  0.8	1.088	41.302	41.302
426	  G	  1.2	  0.8	0.945	2.684	2.684
427	  N	  0.0	  1.0	0.549	0.059	0.059
428	  R	  0.1	  1.0	0.000	0.000	0.000
429	  G	  0.2	  0.2	0.000	0.000	0.000
430	  F	  0.8	  0.7	0.000	0.000	0.000
431	  K	  1.2	  0.5	0.000	0.000	0.000
432	  N	  1.3	  0.5	0.000	0.000	0.000
433	  V	  0.8	  0.7	0.000	0.000	0.000
434	  P	  0.2	  0.4	0.000	0.000	0.000
435	  L	  0.1	  0.5	0.000	0.000	0.000
436	  G	  0.0	  0.8	0.000	0.000	0.000
437	  K	  0.2	  0.6	0.000	0.000	0.000
438	  D	  2.1	  0.4	0.127	0.000	0.000
439	  V	  4.3	  0.3	0.127	0.000	0.000
440	  R	  4.7	  0.0	0.127	0.000	0.000
441	  Y	  3.5	  0.0	0.127	4.051	4.051
442	  L	  2.7	  0.0	0.127	4.051	4.051
443	  H	  3.7	  0.0	0.127	4.051	4.051
444	  F	  3.8	  0.0	0.000	4.051	4.051
445	  L	  2.3	  0.2	0.000	4.051	4.051
446	  E	  0.7	  0.4	0.000	0.000	0.000
447	  G	  0.0	  0.5	0.000	0.000	0.000
448	  T	  0.2	  0.7	0.302	0.000	0.000
449	  R	  0.5	  0.5	0.302	0.000	0.000
450	  D	  1.8	  0.3	1.792	0.000	0.000
451	  Y	  5.0	  0.2	2.182	0.000	0.000
452	  E	  4.8	  0.0	3.233	0.000	0.000
453	  W	  3.8	  0.0	6.006	0.000	0.000
454	  L	  0.6	  0.0	6.414	0.000	0.000
455	  E	  0.6	  0.0	6.609	0.000	0.000
456	  A	  0.5	  0.0	6.609	0.000	0.000
457	  L	  1.3	  0.0	6.609	0.000	0.000
458	  L	  1.7	  0.0	6.609	0.000	0.000
459	  M	  1.7	  0.0	6.284	0.000	0.000
460	  N	  0.8	  0.1	3.478	0.000	0.000
461	  Q	  0.7	  0.1	0.890	0.000	0.000
462	  T	  4.4	  0.1	0.000	0.000	0.000
463	  V	  7.6	  0.0	0.000	0.000	0.000
464	  M	  7.6	  0.1	0.000	0.000	0.000
465	  S	  4.3	  1.5	0.000	0.000	0.000
466	  K	  1.0	  1.5	0.000	0.000	0.000
467	  N	  1.2	  1.5	0.000	1.075	1.075
468	  L	  1.1	  1.5	0.000	1.075	1.075
469	  F	  2.0	  0.0	0.000	1.075	1.075
470	  W	  2.7	  0.0	0.000	1.075	1.075
471	  F	  3.9	  0.1	0.000	1.075	1.075
472	  R	  3.9	  0.1	0.000	0.000	0.000
473	  H	  2.9	  0.1	0.000	0.000	0.000
474	  R	  1.2	  0.2	0.000	0.000	0.000
475	  P	  0.1	  0.2	0.000	0.000	0.000
476	  Q	  0.0	  0.3	0.000	0.000	0.000
477	  E	  0.1	  0.3	0.000	0.000	0.000
478	  A	  0.6	  0.1	0.000	0.000	0.000
479	  F	  1.2	  0.1	0.000	0.000	0.000
480	  R	  1.1	  0.1	0.000	0.000	0.000
481	  E	  0.7	  0.1	0.000	0.000	0.000
482	  A	  0.3	  0.1	0.000	0.000	0.000
483	  L	  1.5	  0.0	0.000	0.000	0.000
484	  H	  2.2	  0.3	0.813	0.000	0.000
485	  M	  2.0	  0.4	0.927	0.000	0.000
486	  D	  0.9	  0.4	4.469	0.000	0.000
487	  R	  0.7	  0.4	4.588	0.000	0.000
488	  Y	  1.4	  0.1	4.588	0.000	0.000
489	  L	  2.2	  0.0	4.588	0.000	0.000
490	  L	  2.3	  0.0	4.588	0.000	0.000
491	  L	  1.7	  0.0	4.588	0.000	0.000
492	  H	  0.8	  2.0	6.004	0.000	0.000
493	  P	  0.1	  2.0	2.426	0.000	0.000
494	  D	  0.0	  2.0	6.006	0.000	0.000
495	  F	  1.1	  2.0	6.006	0.000	0.000
496	  L	  2.3	  0.0	6.006	0.000	0.000
497	  R	  2.9	  0.0	6.006	0.000	0.000
498	  Y	  2.8	  0.0	6.006	0.000	0.000
499	  M	  1.7	  0.2	5.859	0.000	0.000
500	  K	  1.1	  0.2	5.226	0.000	0.000
501	  N	  0.4	  0.2	3.561	0.000	0.000
502	  R	  0.7	  0.2	2.760	0.000	0.000
503	  F	  1.8	  0.0	1.703	0.000	0.000
504	  L	  2.2	  0.1	0.628	0.000	0.000
505	  R	  1.9	  0.1	0.260	0.000	0.000
506	  S	  1.5	  0.2	0.112	0.000	0.000
507	  K	  1.1	  0.2	0.000	0.000	0.000
508	  T	  2.4	  0.6	0.000	0.000	0.000
509	  L	  1.8	  0.7	0.000	0.000	0.000
510	  D	  1.6	  0.8	0.000	0.000	0.000
511	  G	  0.1	  0.9	0.372	0.000	0.000
512	  A	  0.3	  0.5	0.372	0.000	0.000
513	  H	  2.4	  0.3	0.372	0.000	0.000
514	  W	  6.0	  0.1	0.372	0.000	0.000
515	  R	  8.8	  0.0	0.372	0.000	0.000
516	  I	  9.6	  0.0	0.372	0.000	0.000
517	  Y	  6.4	  0.0	0.372	0.000	0.000
518	  R	  3.3	  0.2	0.215	0.000	0.000
519	  P	  0.4	  0.2	0.000	0.000	0.000
520	  T	  0.1	  0.4	0.147	0.808	0.808
521	  T	  0.1	  0.5	0.147	2.833	2.833
522	  G	  0.1	  0.4	0.550	6.265	6.265
523	  A	  0.3	  0.3	0.550	43.091	43.091
524	  L	  1.3	  0.2	0.550	78.257	78.257
525	  L	  2.2	  0.0	0.698	83.783	83.783
526	  L	  2.1	  0.0	0.822	84.641	84.641
527	  L	  2.0	  0.0	0.822	84.455	84.455
528	  T	  1.5	  0.0	0.842	76.250	76.250
529	  A	  1.4	  0.0	0.842	66.370	66.370
530	  L	  2.3	  0.0	0.842	57.243	57.243
531	  Q	  2.4	  0.0	0.842	6.631	6.631
532	  L	  2.4	  0.0	0.222	4.799	4.799
533	  C	  1.7	  0.1	0.222	0.812	0.812
534	  D	  1.2	  0.1	0.171	0.000	0.000
535	  Q	  1.4	  0.1	0.171	0.000	0.000
536	  V	  2.8	  0.1	0.171	0.649	0.649
537	  S	  2.9	  0.3	0.171	0.649	0.649
538	  A	  2.5	  0.3	0.171	1.868	1.868
539	  Y	  0.6	  0.3	0.171	2.406	2.406
540	  G	  0.4	  0.3	0.000	2.406	2.406
541	  F	  1.1	  0.0	0.000	2.406	2.406
542	  I	  1.6	  0.0	0.000	2.406	2.406
543	  T	  1.6	  0.7	0.164	1.235	1.235
544	  E	  0.8	  0.8	0.164	0.000	0.000
545	  G	  0.0	  0.8	0.164	0.000	0.000
546	  H	  0.3	  0.9	0.164	0.000	0.000
547	  E	  0.6	  0.3	0.164	0.000	0.000
548	  R	  1.6	  0.2	0.164	0.000	0.000
549	  F	  1.6	  0.4	0.164	0.000	0.000
550	  S	  1.3	  0.4	0.000	0.000	0.000
551	  D	  0.6	  0.4	0.000	0.000	0.000
552	  H	  2.5	  0.4	0.000	0.000	0.000
553	  Y	  4.1	  0.1	0.000	0.000	0.000
554	  Y	  4.4	  0.1	0.000	0.000	0.000
555	  D	  2.4	  0.3	0.000	0.000	0.000
556	  T	  2.0	  0.3	1.819	0.000	0.000
557	  S	  2.5	  0.2	2.025	0.000	0.000
558	  W	  2.9	  0.3	2.025	0.000	0.000
559	  K	  1.8	  0.1	2.025	0.000	0.000
560	  R	  1.3	  0.1	2.025	0.000	0.000
561	  L	  1.3	  0.1	2.025	68.362	68.362
562	  I	  2.2	  0.0	1.553	76.177	76.177
563	  F	  2.7	  0.0	1.553	76.177	76.177
564	  Y	  3.5	  0.0	0.596	76.177	76.177
565	  I	  3.0	  0.1	0.257	76.177	76.177
566	  N	  1.9	  0.3	0.257	23.425	23.425
567	  H	  0.8	  0.3	0.122	0.460	0.460
568	  D	  0.8	  0.3	0.974	0.000	0.000
569	  F	  2.2	  0.3	0.974	0.000	0.000
570	  K	  3.4	  0.0	0.974	0.000	0.000
571	  L	  3.1	  0.1	0.974	0.000	0.000
572	  E	  1.7	  0.1	1.099	0.000	0.000
573	  R	  0.3	  0.1	1.506	0.000	0.000
574	  E	  1.8	  0.1	1.367	0.000	0.000
575	  V	  2.7	  0.0	1.214	0.000	0.000
576	  W	  3.0	  0.1	1.214	0.000	0.000
577	  K	  1.6	  0.1	0.963	0.000	0.000
578	  R	  1.2	  0.1	0.832	0.000	0.000
579	  L	  0.8	  0.2	0.518	0.000	0.000
580	  H	  0.6	  0.3	0.518	0.000	0.000
581	  D	  0.2	  0.6	3.069	0.000	0.000
582	  E	  0.0	  0.6	3.069	0.000	0.000
583	  G	  0.1	  0.6	4.852	0.000	0.000
584	  I	  4.0	  0.4	4.728	0.000	0.000
585	  I	  8.0	  0.1	4.728	0.000	0.000
586	  R	  8.5	  0.0	4.728	0.000	0.000
587	  L	  4.9	  0.0	4.728	0.000	0.000
588	  Y	  4.7	  0.0	4.256	0.000	0.000
589	  Q	  4.1	  0.0	1.868	0.000	0.000
590	  R	  3.9	  0.0	0.589	0.000	0.000
591	  P	  0.1	  0.1	0.000	0.000	0.000
592	  G	  0.0	  1.3	0.182	0.000	0.000
593	  P	  0.0	  1.4	0.182	0.000	0.000
594	  G	  0.1	  1.4	0.314	0.000	0.000
595	  T	  1.5	  1.3	0.314	0.000	0.000
596	  A	  1.5	  0.1	0.314	0.000	0.000
597	  K	  1.7	  0.0	0.314	0.000	0.000
598	  A	  0.4	  0.0	0.314	0.000	0.000
599	  K	  0.3	  0.0	0.314	0.000	0.000
600	  N	  0.1	  0.0	0.000	0.000	0.000
