res	aa	Beta	Turn	Helix	Aggregation	Conc-Stab_Aggregation
01	  M	  0.1	  0.1	0.000	0.000	0.000
02	  S	  0.3	  0.3	0.000	0.000	0.000
03	  R	  0.6	  0.4	0.000	0.000	0.000
04	  Y	  0.6	  1.3	0.000	0.000	0.000
05	  G	  0.5	  1.3	0.000	0.000	0.000
06	  R	  0.5	  1.1	0.000	0.000	0.000
07	  Y	  0.4	  2.6	0.000	0.000	0.000
08	  G	  0.4	  2.0	0.000	0.000	0.000
09	  G	  0.1	  2.0	0.000	0.000	0.000
10	  E	  0.5	  2.0	0.000	0.000	0.000
11	  T	  2.2	  0.3	0.000	0.000	0.000
12	  K	  3.2	  0.1	0.000	0.000	0.000
13	  V	  8.7	  0.0	0.000	0.200	0.200
14	  Y	  7.7	  0.0	0.000	0.200	0.200
15	  V	  6.8	  1.2	0.000	0.200	0.200
16	  G	  0.8	  1.2	0.000	0.200	0.200
17	  N	  0.1	  1.4	0.000	0.200	0.200
18	  L	  0.0	  1.6	0.000	0.200	0.200
19	  G	  0.0	  0.6	0.000	0.000	0.000
20	  T	  0.0	  0.9	0.000	0.000	0.000
21	  G	  0.0	  1.5	0.000	0.000	0.000
22	  A	  0.0	  1.5	0.000	0.000	0.000
23	  G	  0.0	  1.9	1.366	0.000	0.000
24	  K	  0.1	  1.6	1.366	0.000	0.000
25	  G	  0.0	  0.9	2.646	0.000	0.000
26	  E	  0.2	  0.7	2.819	0.000	0.000
27	  L	  0.2	  0.2	2.819	0.000	0.000
28	  E	  0.3	  0.1	2.819	0.000	0.000
29	  R	  0.5	  0.1	2.819	0.000	0.000
30	  A	  0.9	  0.1	2.533	2.375	2.375
31	  F	  7.2	  0.0	2.022	2.375	2.375
32	  S	  8.0	  0.0	0.734	2.375	2.375
33	  Y	  8.5	  0.0	0.374	2.375	2.375
34	  Y	  2.1	  0.4	0.000	2.375	2.375
35	  G	  0.9	  0.6	0.141	0.000	0.000
36	  P	  0.0	  0.6	0.267	0.000	0.000
37	  L	  0.2	  0.6	0.267	0.000	0.000
38	  R	  0.9	  0.2	0.267	0.000	0.000
39	  T	  5.8	  0.0	0.670	2.140	2.140
40	  V	  7.5	  0.0	0.926	2.140	2.140
41	  W	  7.7	  0.0	0.926	2.140	2.140
42	  I	  4.0	  0.0	0.926	2.140	2.140
43	  A	  2.2	  0.0	0.926	2.140	2.140
44	  R	  1.3	  0.0	0.926	0.000	0.000
45	  N	  0.1	  0.0	0.926	0.000	0.000
46	  P	  0.0	  1.8	0.000	0.000	0.000
47	  P	  0.0	  1.9	0.000	0.000	0.000
48	  G	  0.2	  1.9	0.000	2.908	2.908
49	  F	  1.0	  1.9	0.000	2.908	2.908
50	  A	  1.3	  0.0	0.000	2.908	2.908
51	  F	  3.2	  0.0	0.000	2.908	2.908
52	  V	  6.0	  0.0	0.000	2.908	2.908
53	  E	  6.5	  0.0	0.000	0.000	0.000
54	  F	  5.9	  0.0	0.000	0.000	0.000
55	  E	  2.3	  0.0	0.000	0.000	0.000
56	  D	  1.4	  0.7	0.564	0.000	0.000
57	  P	  0.0	  0.9	0.564	0.000	0.000
58	  R	  0.0	  0.9	0.564	0.000	0.000
59	  D	  0.1	  1.2	1.363	0.000	0.000
60	  A	  0.1	  0.9	1.363	0.000	0.000
61	  E	  0.1	  0.6	1.363	0.000	0.000
62	  D	  0.1	  0.6	1.667	0.000	0.000
63	  A	  0.6	  0.3	1.508	0.000	0.000
64	  V	  1.4	  0.1	1.508	0.000	0.000
65	  R	  1.4	  0.1	1.508	0.000	0.000
66	  G	  0.9	  0.5	1.249	0.000	0.000
67	  L	  0.2	  1.5	1.024	0.000	0.000
68	  D	  0.1	  1.5	0.000	0.000	0.000
69	  G	  0.1	  1.5	0.000	0.000	0.000
70	  K	  2.4	  1.0	0.000	0.000	0.000
71	  V	  5.2	  0.0	0.000	0.000	0.000
72	  I	  6.1	  0.0	0.000	0.000	0.000
73	  C	  3.8	  0.3	0.000	0.000	0.000
74	  G	  1.1	  0.3	0.000	0.000	0.000
75	  S	  0.3	  0.3	0.131	0.000	0.000
76	  R	  1.7	  0.3	0.131	0.000	0.000
77	  V	 10.7	  0.1	0.131	0.000	0.000
78	  R	 12.4	  0.0	0.131	0.000	0.000
79	  V	 15.1	  0.0	0.131	0.000	0.000
80	  E	  6.8	  0.0	0.131	0.000	0.000
81	  L	  4.8	  0.2	0.131	0.000	0.000
82	  S	  0.7	  0.4	0.131	0.000	0.000
83	  T	  0.3	  0.4	0.000	0.000	0.000
84	  G	  0.1	  0.4	0.000	0.000	0.000
85	  M	  0.1	  0.3	0.000	0.000	0.000
86	  P	  0.0	  0.2	0.000	0.000	0.000
87	  R	  0.3	  0.3	0.000	0.000	0.000
88	  R	  0.6	  0.3	0.000	0.000	0.000
89	  S	  0.8	  0.2	0.000	0.000	0.000
90	  R	  4.3	  0.1	0.000	0.000	0.000
91	  F	  4.7	  0.1	0.000	0.000	0.000
92	  D	  4.6	  0.0	0.000	0.000	0.000
93	  R	  0.7	  0.0	0.000	0.000	0.000
94	  P	  0.0	  0.0	0.000	0.000	0.000
95	  P	  0.0	  0.0	0.000	0.000	0.000
96	  A	  0.3	  0.0	0.000	0.000	0.000
97	  R	  0.4	  0.0	0.000	0.000	0.000
98	  R	  0.4	  0.0	0.000	0.000	0.000
99	  P	  0.1	  0.0	0.000	0.000	0.000
100	  F	  0.2	  0.0	0.000	0.000	0.000
101	  D	  0.2	 11.2	0.327	0.000	0.000
102	  P	  0.2	 11.3	0.327	0.000	0.000
103	  N	  0.0	 11.4	0.327	0.000	0.000
104	  D	  0.0	 11.4	0.327	0.000	0.000
105	  R	  2.2	  0.2	0.327	0.000	0.000
106	  C	  5.6	  0.1	0.327	0.000	0.000
107	  Y	 12.9	  0.1	0.117	0.000	0.000
108	  E	 10.8	  0.1	0.000	0.000	0.000
109	  C	  7.5	  0.2	0.000	0.000	0.000
110	  G	  0.2	  0.4	0.000	0.000	0.000
111	  E	  0.1	  0.7	0.000	0.000	0.000
112	  K	  0.0	  0.8	0.000	0.000	0.000
113	  G	  0.1	  0.7	0.000	0.000	0.000
114	  H	  1.7	  0.5	0.000	0.000	0.000
115	  Y	  2.5	  0.1	0.000	0.000	0.000
116	  A	  2.6	  0.0	0.000	0.000	0.000
117	  Y	  6.3	  0.0	0.000	0.000	0.000
118	  D	  5.6	  0.0	0.170	0.000	0.000
119	  C	  6.8	  0.0	0.170	0.000	0.000
120	  H	  2.3	  0.0	0.170	0.000	0.000
121	  R	  3.1	  0.0	0.170	0.000	0.000
122	  Y	  3.5	  0.1	0.170	0.000	0.000
123	  S	  3.2	  0.1	0.560	0.000	0.000
124	  R	  2.6	  0.1	0.389	0.000	0.000
125	  R	  1.3	  0.2	0.389	0.000	0.000
126	  R	  1.1	  0.2	0.389	0.000	0.000
127	  R	  1.0	  0.2	0.389	0.000	0.000
128	  S	  2.2	  0.7	0.389	0.000	0.000
129	  R	  2.1	  0.8	0.000	0.000	0.000
130	  S	  3.4	  1.3	0.000	0.000	0.000
131	  R	  2.1	  1.3	0.000	0.000	0.000
132	  S	  3.4	  1.3	0.000	0.000	0.000
133	  R	  2.3	  1.3	0.000	0.000	0.000
134	  S	  3.4	  0.9	0.000	0.000	0.000
135	  H	  1.9	  0.9	0.000	0.000	0.000
136	  S	  3.1	  0.9	0.000	0.000	0.000
137	  R	  2.0	  1.0	0.000	0.000	0.000
138	  S	  2.0	  1.2	0.000	0.000	0.000
139	  R	  0.4	  1.1	0.000	0.000	0.000
140	  G	  0.1	  0.6	0.000	0.000	0.000
141	  R	  1.0	  0.4	0.000	0.000	0.000
142	  R	  2.0	  0.1	0.000	0.000	0.000
143	  Y	  3.7	  0.1	0.000	0.000	0.000
144	  S	  4.4	  0.6	0.000	0.000	0.000
145	  R	  3.6	  0.7	0.000	0.000	0.000
146	  S	  3.5	  1.3	0.000	0.000	0.000
147	  R	  2.1	  1.3	0.000	0.000	0.000
148	  S	  3.4	  1.3	0.000	0.000	0.000
149	  R	  2.1	  1.4	0.000	0.000	0.000
150	  S	  1.9	  1.1	0.000	0.000	0.000
151	  R	  0.4	  1.1	0.000	0.000	0.000
152	  G	  0.1	  0.6	0.000	0.000	0.000
153	  R	  0.4	  0.5	0.000	0.000	0.000
154	  R	  0.6	  0.2	0.000	0.000	0.000
155	  S	  2.1	  0.8	0.000	0.000	0.000
156	  R	  2.1	  0.8	0.000	0.000	0.000
157	  S	  7.4	  0.7	0.000	0.000	0.000
158	  A	  5.9	  0.7	0.000	0.000	0.000
159	  S	  5.7	  0.3	0.000	0.000	0.000
160	  P	  0.1	  0.3	0.000	0.000	0.000
161	  R	  0.3	  0.4	0.000	0.000	0.000
162	  R	  0.5	  0.4	0.000	0.000	0.000
163	  S	  2.0	  0.6	0.000	0.000	0.000
164	  R	  2.5	  0.6	0.000	0.000	0.000
165	  S	  8.0	  0.6	0.116	0.000	0.000
166	  I	 10.1	  0.6	0.116	0.000	0.000
167	  S	 11.1	  0.2	0.116	0.000	0.000
168	  L	  5.7	  0.2	0.116	0.000	0.000
169	  R	  2.3	  0.1	0.116	0.000	0.000
170	  R	  0.7	  0.1	0.116	0.000	0.000
171	  S	  2.1	  0.8	0.000	0.000	0.000
172	  R	  2.0	  0.8	0.000	0.000	0.000
173	  S	  4.9	  1.7	0.203	0.000	0.000
174	  A	  3.8	  1.7	0.203	0.000	0.000
175	  S	  5.4	  1.1	0.203	0.000	0.000
176	  L	  2.5	  1.1	0.203	0.000	0.000
177	  R	  2.3	  0.1	0.203	0.000	0.000
178	  R	  0.7	  0.2	0.203	0.000	0.000
179	  S	  2.2	  2.0	0.000	0.000	0.000
180	  R	  2.0	  2.3	0.000	0.000	0.000
181	  S	  2.0	  2.5	0.000	0.000	0.000
182	  G	  0.4	  2.5	0.000	0.000	0.000
183	  S	  1.2	  0.6	0.000	0.000	0.000
184	  I	  2.0	  0.6	0.000	0.000	0.000
185	  K	  1.9	  0.5	0.000	0.000	0.000
186	  G	  1.1	  0.6	0.000	0.000	0.000
187	  S	  0.2	  0.6	0.000	0.000	0.000
188	  R	  1.5	  0.3	0.000	0.000	0.000
189	  Y	  3.6	  0.1	0.000	0.000	0.000
190	  F	  6.1	  0.0	0.000	0.000	0.000
191	  Q	  4.9	  0.0	0.000	0.000	0.000
192	  S	  2.7	  2.6	0.000	0.000	0.000
193	  P	  0.1	  2.7	0.000	0.000	0.000
194	  S	  1.6	  3.2	0.000	0.000	0.000
195	  R	  1.8	  3.3	0.000	0.000	0.000
196	  S	  3.3	  1.2	0.000	0.000	0.000
197	  R	  2.1	  1.2	0.000	0.000	0.000
198	  S	  3.3	  1.2	0.000	0.000	0.000
199	  R	  2.0	  1.2	0.000	0.000	0.000
200	  S	  3.2	  1.1	0.000	0.000	0.000
201	  R	  2.5	  1.0	0.000	0.000	0.000
202	  S	  8.0	  0.6	0.000	0.000	0.000
203	  I	  8.6	  0.6	0.000	0.000	0.000
204	  S	  8.0	  0.2	0.000	0.000	0.000
205	  R	  2.3	  0.3	0.000	0.000	0.000
206	  P	  0.1	  0.2	0.000	0.000	0.000
207	  R	  0.2	  0.4	0.000	0.000	0.000
208	  S	  0.5	  0.4	0.000	0.000	0.000
209	  S	  2.1	  0.9	0.000	0.000	0.000
210	  R	  2.2	  0.9	0.000	0.000	0.000
211	  S	  4.2	  1.5	0.000	0.000	0.000
212	  K	  2.8	  1.5	0.000	0.000	0.000
213	  S	  5.4	  0.9	0.000	0.000	0.000
214	  R	  3.1	  0.8	0.000	0.000	0.000
215	  S	  3.0	  0.0	0.000	0.000	0.000
216	  P	  0.1	  0.0	0.000	0.000	0.000
217	  S	  0.1	  0.3	0.000	0.000	0.000
218	  P	  0.0	  0.3	0.000	0.000	0.000
219	  K	  0.2	  0.4	0.000	0.000	0.000
220	  R	  0.5	  0.5	0.000	0.000	0.000
221	  S	  3.2	  0.2	0.000	0.000	0.000
222	  R	  3.1	  0.1	0.000	0.000	0.000
223	  S	  2.9	  8.2	0.000	0.000	0.000
224	  P	  0.1	  8.6	0.000	0.000	0.000
225	  S	  0.5	  8.6	0.000	0.000	0.000
226	  G	  0.5	  8.6	0.000	0.000	0.000
227	  S	  0.5	  0.6	0.000	0.000	0.000
228	  P	  0.0	  0.3	0.000	0.000	0.000
229	  R	  0.3	  0.4	0.000	0.000	0.000
230	  R	  0.6	  0.4	0.000	0.000	0.000
231	  S	  6.3	  0.2	0.000	0.000	0.000
232	  A	  6.0	  0.1	0.000	0.000	0.000
233	  S	  5.8	  0.3	0.000	0.000	0.000
234	  P	  0.0	  0.4	0.000	0.000	0.000
235	  E	  0.1	  0.4	0.000	0.000	0.000
236	  R	  1.3	  0.4	0.000	0.000	0.000
237	  M	  1.3	  0.1	0.000	0.000	0.000
238	  D	  1.3	  0.0	0.000	0.000	0.000
