res	aa	Beta	Turn	Helix	Aggregation	Conc-Stab_Aggregation
01	  M	  0.2	  0.0	0.000	0.000	0.000
02	  G	  0.2	  0.0	0.000	0.000	0.000
03	  H	  0.2	  0.0	0.000	0.000	0.000
04	  P	  0.0	  0.2	0.000	0.000	0.000
05	  P	  0.0	  0.2	0.000	0.000	0.000
06	  L	  0.1	  0.2	0.000	0.000	0.000
07	  L	  0.1	  0.2	0.495	0.000	0.000
08	  P	  0.1	  0.0	2.384	1.037	1.037
09	  L	  1.0	  0.0	2.384	75.391	75.391
10	  L	  1.9	  0.0	2.384	75.875	75.875
11	  L	  2.8	  0.0	2.384	75.937	75.937
12	  L	  2.3	  0.0	2.384	75.937	75.937
13	  L	  1.6	  0.0	2.384	75.777	75.777
14	  H	  2.6	  0.0	1.760	3.447	3.447
15	  T	  6.0	  0.0	0.000	2.866	2.866
16	  C	  6.0	  0.0	0.000	2.520	2.520
17	  V	  4.2	  0.0	0.000	0.260	0.260
18	  P	  0.2	  0.2	0.000	0.110	0.110
19	  A	  0.5	  0.2	0.000	0.000	0.000
20	  S	  1.0	  0.3	1.035	0.000	0.000
21	  W	  1.1	  0.3	1.035	0.000	0.000
22	  G	  0.7	  0.1	1.784	0.000	0.000
23	  L	  3.3	  0.2	1.784	0.000	0.000
24	  R	  4.4	  0.0	1.784	0.000	0.000
25	  C	  7.2	  0.0	1.784	0.000	0.000
26	  M	  6.0	  0.0	1.784	0.000	0.000
27	  Q	  5.1	  0.0	1.408	0.000	0.000
28	  C	  2.5	  0.2	0.703	0.000	0.000
29	  K	  0.7	  0.4	0.332	0.000	0.000
30	  T	  0.3	  0.6	0.000	0.000	0.000
31	  N	  0.2	  1.2	0.000	0.000	0.000
32	  G	  0.0	  1.1	0.000	0.000	0.000
33	  D	  0.8	  0.9	0.000	0.000	0.000
34	  C	  3.3	  0.7	0.000	0.000	0.000
35	  R	  5.3	  0.0	0.000	0.000	0.000
36	  V	  5.1	  0.1	0.000	0.000	0.000
37	  E	  2.7	  0.1	0.000	0.000	0.000
38	  E	  0.8	  0.1	0.000	0.000	0.000
39	  C	  1.0	  0.4	0.000	0.000	0.000
40	  A	  1.0	  0.5	0.000	0.000	0.000
41	  L	  0.8	  0.5	0.000	0.000	0.000
42	  G	  0.1	  0.8	0.000	0.000	0.000
43	  Q	  0.2	  0.5	0.000	0.000	0.000
44	  D	  0.3	  0.4	0.000	0.000	0.000
45	  L	  0.4	  0.3	0.000	0.000	0.000
46	  C	  0.4	  0.1	0.000	0.000	0.000
47	  R	  0.5	  0.1	0.000	0.000	0.000
48	  T	  1.5	  0.1	0.000	0.000	0.000
49	  T	  6.3	  0.1	0.000	0.233	0.233
50	  I	 10.6	  0.0	0.000	0.233	0.233
51	  V	 13.1	  0.0	0.000	0.233	0.233
52	  R	  8.7	  0.0	0.000	0.233	0.233
53	  L	  4.2	  0.0	0.000	0.233	0.233
54	  W	  1.0	  0.2	0.000	0.233	0.233
55	  E	  0.5	  0.4	0.000	0.233	0.233
56	  E	  0.4	  0.6	0.000	0.000	0.000
57	  G	  0.0	  0.7	0.145	0.000	0.000
58	  E	  0.0	  0.5	0.145	0.000	0.000
59	  E	  0.2	  0.3	0.145	0.000	0.000
60	  L	  0.9	  0.1	0.145	0.000	0.000
61	  E	  0.9	  0.1	0.145	0.000	0.000
62	  L	  1.0	  0.0	0.145	0.000	0.000
63	  V	  1.3	  0.1	0.145	0.000	0.000
64	  E	  1.5	  0.1	0.145	0.000	0.000
65	  K	  2.3	  0.1	0.000	0.000	0.000
66	  S	  9.0	  0.1	0.000	0.000	0.000
67	  C	 11.1	  0.2	0.000	0.000	0.000
68	  T	 12.0	  0.1	0.000	0.000	0.000
69	  H	  4.4	  0.2	0.000	0.000	0.000
70	  S	  1.9	  0.2	0.470	0.000	0.000
71	  E	  0.4	  0.3	0.470	0.000	0.000
72	  K	  0.5	  0.3	0.470	0.000	0.000
73	  T	  0.6	  0.2	0.470	0.000	0.000
74	  N	  0.3	  0.2	0.470	0.000	0.000
75	  R	  0.4	  0.1	0.470	0.000	0.000
76	  T	  5.8	  0.1	0.000	0.000	0.000
77	  L	  7.9	  0.1	0.000	0.000	0.000
78	  S	 14.0	  0.0	0.305	0.000	0.000
79	  Y	  9.3	  0.1	0.305	0.000	0.000
80	  R	  6.9	  0.2	0.305	0.000	0.000
81	  T	  0.6	  0.2	0.305	0.000	0.000
82	  G	  0.1	  0.2	0.305	0.000	0.000
83	  L	  1.8	  0.1	0.305	0.286	0.286
84	  K	  7.2	  0.0	0.102	0.286	0.286
85	  I	  9.6	  0.0	0.000	0.729	0.729
86	  T	  8.4	  0.0	0.000	0.729	0.729
87	  S	  4.5	  0.0	0.159	0.729	0.729
88	  L	  2.1	  0.1	0.159	0.729	0.729
89	  T	  2.0	  0.0	0.159	0.729	0.729
90	  E	  1.0	  0.0	0.159	0.286	0.286
91	  V	  3.5	  0.0	0.159	0.286	0.286
92	  V	  3.5	  0.0	0.159	0.286	0.286
93	  C	  3.1	  0.0	0.159	0.000	0.000
94	  G	  0.6	  0.2	0.159	0.000	0.000
95	  L	  1.3	  0.2	0.000	0.000	0.000
96	  D	  1.2	  0.2	0.000	0.000	0.000
97	  L	  1.5	  0.2	0.000	0.000	0.000
98	  C	  1.7	  0.1	0.000	0.000	0.000
99	  N	  1.5	  0.4	0.000	0.000	0.000
100	  Q	  1.2	  1.2	0.000	0.000	0.000
101	  G	  0.0	  1.4	0.000	0.000	0.000
102	  N	  0.0	  1.8	0.000	0.000	0.000
103	  S	  0.1	  1.8	0.000	0.000	0.000
104	  G	  0.1	  0.9	0.000	0.000	0.000
105	  R	  0.3	  0.8	0.000	0.000	0.000
106	  A	  0.5	  0.2	0.000	0.000	0.000
107	  V	  7.9	  0.0	0.000	0.000	0.000
108	  T	 35.9	  0.0	0.000	0.000	0.000
109	  Y	 36.8	  0.0	0.000	0.000	0.000
110	  S	 31.5	  0.4	0.000	0.000	0.000
111	  R	  3.1	  0.5	0.000	0.000	0.000
112	  S	  1.4	  0.5	0.165	0.000	0.000
113	  R	  0.9	  0.4	0.165	0.000	0.000
114	  Y	  1.3	  0.0	0.165	0.000	0.000
115	  L	  2.3	  0.0	0.165	0.000	0.000
116	  E	  1.8	  0.0	0.165	0.000	0.000
117	  C	  4.0	  0.0	0.165	0.000	0.000
118	  I	  8.5	  0.1	0.080	0.000	0.000
119	  S	  9.5	  0.0	0.080	0.000	0.000
120	  C	  7.0	  0.4	0.000	0.000	0.000
121	  G	  1.3	  0.6	0.000	0.000	0.000
122	  S	  0.2	  1.9	0.000	0.000	0.000
123	  S	  0.1	  1.9	0.000	0.000	0.000
124	  D	  0.2	  2.7	0.000	0.000	0.000
125	  M	  7.1	  2.5	0.000	0.000	0.000
126	  S	 15.6	  1.1	0.310	0.000	0.000
127	  C	 16.9	  1.5	0.310	0.000	0.000
128	  E	 10.4	  0.4	0.310	0.000	0.000
129	  R	  1.7	  0.5	0.310	0.000	0.000
130	  G	  0.1	  0.5	0.310	0.000	0.000
131	  R	  0.5	  0.2	0.310	0.000	0.000
132	  H	  0.8	  0.3	0.121	0.000	0.000
133	  Q	  0.9	  0.3	0.000	0.000	0.000
134	  S	  1.2	  0.2	0.000	0.000	0.000
135	  L	  2.6	  0.2	0.000	0.000	0.000
136	  Q	  2.9	  0.0	0.000	0.000	0.000
137	  C	  4.3	  0.0	0.000	0.000	0.000
138	  R	  2.7	  0.0	0.000	0.000	0.000
139	  S	  2.2	  0.3	0.000	0.000	0.000
140	  P	  0.1	  0.3	0.000	0.000	0.000
141	  E	  0.0	  0.4	0.000	0.000	0.000
142	  E	  0.1	  0.4	0.000	0.000	0.000
143	  Q	  0.6	  0.2	0.000	0.000	0.000
144	  C	  2.0	  0.3	0.000	0.000	0.000
145	  L	  4.0	  0.2	0.000	0.000	0.000
146	  D	  4.5	  0.2	0.000	0.000	0.000
147	  V	  5.9	  0.2	0.000	0.230	0.230
148	  V	  8.3	  0.0	0.000	0.230	0.230
149	  T	  9.7	  0.0	0.000	0.230	0.230
150	  H	  8.7	  0.0	0.000	0.230	0.230
151	  W	  4.6	  0.0	0.000	0.230	0.230
152	  I	  2.2	  0.1	0.000	0.230	0.230
153	  Q	  0.4	  0.4	0.000	0.000	0.000
154	  E	  0.1	  0.5	0.000	0.000	0.000
155	  G	  0.0	  0.8	0.000	0.000	0.000
156	  E	  0.0	  1.1	0.000	0.000	0.000
157	  E	  0.0	  0.8	0.000	0.000	0.000
158	  G	  0.0	  0.6	0.000	0.000	0.000
159	  R	  0.0	  0.5	0.000	0.000	0.000
160	  P	  0.0	  0.6	0.000	0.000	0.000
161	  K	  0.0	  0.9	0.000	0.000	0.000
162	  D	  0.0	  1.0	0.725	0.000	0.000
163	  D	  0.0	  0.9	1.172	0.000	0.000
164	  R	  0.5	  0.5	1.172	0.000	0.000
165	  H	  1.3	  0.3	1.172	0.000	0.000
166	  L	  1.6	  0.5	1.172	0.000	0.000
167	  R	  1.1	  0.6	1.172	0.000	0.000
168	  G	  0.2	  0.6	0.989	0.000	0.000
169	  C	  0.1	  0.4	0.279	0.000	0.000
170	  G	  0.1	  0.2	0.000	0.000	0.000
171	  Y	  0.3	  0.0	0.000	0.000	0.000
172	  L	  0.2	  2.1	0.000	0.000	0.000
173	  P	  0.2	  2.1	0.000	0.000	0.000
174	  G	  0.0	  2.1	0.000	0.000	0.000
175	  C	  0.0	  6.0	0.000	0.000	0.000
176	  P	  0.0	  4.4	0.000	0.000	0.000
177	  G	  0.0	  5.4	0.000	0.000	0.000
178	  S	  0.0	  5.7	0.000	0.000	0.000
179	  N	  0.0	  1.8	0.000	0.000	0.000
180	  G	  0.1	  1.3	0.000	0.000	0.000
181	  F	  1.0	  0.3	0.000	0.000	0.000
182	  H	  1.0	  0.2	0.000	0.000	0.000
183	  N	  1.0	  0.7	0.000	0.000	0.000
184	  N	  0.1	  0.7	0.000	0.000	0.000
185	  D	  1.7	  0.7	0.000	0.000	0.000
186	  T	  8.9	  0.5	0.000	0.567	0.567
187	  F	 11.8	  0.1	0.000	0.567	0.567
188	  H	 11.6	  0.0	0.000	0.567	0.567
189	  F	  5.3	  0.0	0.000	0.567	0.567
190	  L	  4.0	  0.0	0.000	0.567	0.567
191	  K	  5.5	  0.0	0.000	0.000	0.000
192	  C	 11.5	  0.1	0.000	0.000	0.000
193	  C	  9.9	  0.1	0.000	0.000	0.000
194	  N	  7.3	  0.2	0.000	0.000	0.000
195	  T	  3.1	  0.2	0.000	0.000	0.000
196	  T	  4.5	  0.1	0.000	0.000	0.000
197	  K	  4.9	  0.1	0.000	0.000	0.000
198	  C	  2.5	  0.2	0.000	0.000	0.000
199	  N	  0.9	  0.1	0.000	0.000	0.000
200	  E	  0.1	  0.1	0.000	0.000	0.000
201	  G	  0.0	  0.1	0.000	0.000	0.000
202	  P	  0.0	  0.0	0.000	0.000	0.000
203	  I	  0.8	  0.0	0.000	0.000	0.000
204	  L	  1.5	  0.0	0.000	0.000	0.000
205	  E	  1.6	  0.0	0.000	0.000	0.000
206	  L	  1.0	  0.3	0.000	0.000	0.000
207	  E	  0.3	  0.3	0.000	0.000	0.000
208	  N	  0.2	  0.2	0.000	0.000	0.000
209	  L	  0.1	  0.4	0.000	0.000	0.000
210	  P	  0.0	  0.9	0.000	0.000	0.000
211	  Q	  0.0	  2.9	0.000	0.000	0.000
212	  N	  0.0	  3.0	0.000	0.000	0.000
213	  G	  0.0	  2.8	0.000	0.000	0.000
214	  R	  0.1	  2.2	0.000	0.000	0.000
215	  Q	  1.4	  0.2	0.000	0.000	0.000
216	  C	  4.9	  0.1	0.000	0.000	0.000
217	  Y	 23.3	  0.0	0.000	0.000	0.000
218	  S	 23.1	  0.0	0.000	0.000	0.000
219	  C	 20.1	  0.3	0.000	0.000	0.000
220	  K	  1.4	  1.0	0.000	0.000	0.000
221	  G	  0.1	  1.0	0.000	0.000	0.000
222	  N	  0.1	  1.2	0.000	0.000	0.000
223	  S	  0.6	  0.9	0.000	0.000	0.000
224	  T	  0.8	  0.6	0.000	0.000	0.000
225	  H	  0.8	  1.3	0.000	0.000	0.000
226	  G	  0.3	  1.1	0.000	0.000	0.000
227	  C	  0.9	  1.2	0.000	0.000	0.000
228	  S	  0.9	  1.0	0.000	0.000	0.000
229	  S	  0.9	  0.4	0.640	0.000	0.000
230	  E	  0.2	  0.4	0.640	0.000	0.000
231	  E	  0.3	  0.2	0.640	0.000	0.000
232	  T	  3.6	  0.1	0.640	0.000	0.000
233	  F	  4.4	  0.1	0.640	0.000	0.000
234	  L	  4.7	  0.0	0.640	0.000	0.000
235	  I	  4.3	  0.0	0.514	0.000	0.000
236	  D	  4.2	  0.1	0.514	0.000	0.000
237	  C	  4.2	  0.1	0.388	0.000	0.000
238	  R	  1.2	  0.2	0.388	0.000	0.000
239	  G	  0.4	  0.3	0.166	0.000	0.000
240	  P	  0.0	  0.3	0.000	0.000	0.000
241	  M	  0.3	  0.3	0.000	0.000	0.000
242	  N	  0.5	  0.3	0.000	0.000	0.000
243	  Q	  1.1	  0.2	0.000	0.000	0.000
244	  C	  2.5	  0.1	0.000	0.393	0.393
245	  L	  3.2	  0.0	0.000	0.561	0.561
246	  V	  3.8	  0.1	0.000	0.561	0.561
247	  A	  2.1	  0.2	0.000	0.561	0.561
248	  T	  1.2	  0.5	0.000	0.561	0.561
249	  G	  0.2	  0.5	0.000	0.168	0.168
250	  T	  2.7	  0.3	0.000	0.000	0.000
251	  H	  2.7	  0.3	0.000	0.000	0.000
252	  E	  2.7	  0.2	0.000	0.000	0.000
253	  P	  0.1	  0.4	0.000	0.000	0.000
254	  K	  0.1	  0.4	0.000	0.000	0.000
255	  N	  0.2	  0.8	0.000	0.000	0.000
256	  Q	  1.2	  0.7	0.000	0.000	0.000
257	  S	  1.7	  0.5	0.000	0.000	0.000
258	  Y	  2.8	  0.5	0.000	0.000	0.000
259	  M	  2.1	  0.0	0.000	0.000	0.000
260	  V	  2.3	  0.1	0.000	0.000	0.000
261	  R	  1.1	  0.2	0.000	0.000	0.000
262	  G	  1.0	  0.2	0.240	0.000	0.000
263	  C	  0.3	  0.4	0.240	0.000	0.000
264	  A	  0.5	  0.3	0.240	0.000	0.000
265	  T	  3.3	  0.4	0.240	0.000	0.000
266	  A	  3.6	  0.4	0.240	0.000	0.000
267	  S	  4.2	  0.2	0.240	0.000	0.000
268	  M	  1.5	  0.2	0.000	0.000	0.000
269	  C	  1.9	  0.1	0.000	0.000	0.000
270	  Q	  1.3	  0.1	0.000	0.000	0.000
271	  H	  1.4	  0.3	0.000	0.000	0.000
272	  A	  0.7	  0.3	0.000	0.000	0.000
273	  H	  0.8	  0.5	0.000	0.000	0.000
274	  L	  0.4	  1.0	0.000	0.000	0.000
275	  G	  0.2	  0.9	0.000	0.000	0.000
276	  D	  0.1	  0.8	0.000	0.000	0.000
277	  A	  0.6	  0.6	0.000	0.000	0.000
278	  F	  3.9	  0.0	0.000	0.000	0.000
279	  S	  6.8	  0.7	0.000	0.000	0.000
280	  M	  6.7	  0.7	0.000	0.000	0.000
281	  N	  4.1	  0.7	0.000	0.000	0.000
282	  H	  5.3	  0.7	0.000	0.000	0.000
283	  I	 10.1	  0.0	0.000	0.000	0.000
284	  D	 10.2	  0.3	0.000	0.000	0.000
285	  V	 12.4	  0.4	0.000	0.000	0.000
286	  S	 16.0	  0.4	0.533	0.000	0.000
287	  C	 17.3	  0.4	0.533	0.000	0.000
288	  C	 14.7	  0.0	0.533	0.000	0.000
289	  T	  7.9	  0.3	0.533	0.000	0.000
290	  K	  5.8	  0.6	0.533	0.000	0.000
291	  S	  2.9	  1.7	0.533	0.000	0.000
292	  G	  0.2	  1.6	0.000	0.000	0.000
293	  C	  0.8	  1.3	0.000	0.000	0.000
294	  N	  0.8	  1.0	0.000	0.000	0.000
295	  H	  0.7	  1.9	0.000	0.000	0.000
296	  P	  0.0	  1.9	0.000	0.000	0.000
297	  D	  0.1	  2.5	0.000	0.000	0.000
298	  L	  2.2	  2.5	0.000	0.000	0.000
299	  D	  2.9	  0.6	0.259	0.000	0.000
300	  V	  6.0	  0.5	0.259	0.000	0.000
301	  Q	  6.0	  0.0	0.259	0.000	0.000
302	  Y	  7.2	  0.3	0.259	0.000	0.000
303	  R	  4.1	  0.5	0.259	0.000	0.000
304	  S	  2.0	  0.7	0.259	0.000	0.000
305	  G	  0.2	  0.7	0.000	0.000	0.000
306	  A	  0.1	  0.4	0.000	0.000	0.000
307	  A	  0.1	  0.2	0.000	0.000	0.000
308	  P	  0.0	  0.0	0.000	0.000	0.000
309	  Q	  0.0	  0.0	0.000	0.000	0.000
310	  P	  0.0	  0.0	0.000	0.000	0.000
311	  G	  0.0	  0.2	0.000	0.000	0.000
312	  P	  0.0	  0.2	0.000	0.000	0.000
313	  A	  0.3	  0.2	0.000	0.107	0.107
314	  H	  0.9	  0.1	0.000	0.234	0.234
315	  L	  2.3	  0.0	0.000	20.758	20.758
316	  S	  3.4	  0.0	0.670	24.443	24.443
317	  L	  6.0	  0.0	0.670	57.307	57.307
318	  T	 15.2	  0.0	1.969	62.928	62.928
319	  I	 22.6	  0.0	1.969	68.733	68.733
320	  T	 20.1	  0.0	2.099	68.480	68.480
321	  L	 10.7	  0.0	2.099	68.311	68.311
322	  L	  1.7	  0.0	2.228	64.590	64.590
323	  M	  1.8	  0.0	2.121	42.010	42.010
324	  T	  1.9	  0.0	1.950	12.089	12.089
325	  A	  1.9	  0.0	1.950	5.545	5.545
326	  R	  1.6	  0.0	1.950	0.000	0.000
327	  L	  0.9	  0.0	0.865	4.894	4.894
328	  W	  0.6	  0.3	0.746	5.851	5.851
329	  G	  0.1	  0.4	0.301	5.851	5.851
330	  G	  0.0	  0.5	0.000	6.202	6.202
331	  T	  0.9	  0.5	0.000	6.202	6.202
332	  L	  1.3	  0.2	0.000	6.202	6.202
333	  L	  1.5	  0.0	0.000	6.202	6.202
334	  W	  0.6	  0.0	0.000	5.774	5.774
335	  T	  0.2	  0.0	0.000	0.000	0.000
