res	aa	Beta	Turn	Helix	Aggregation	Conc-Stab_Aggregation
01	  M	  2.0	  0.0	0.000	0.000	0.000
02	  R	  2.1	  0.0	0.152	0.000	0.000
03	  L	  2.1	  0.0	0.152	0.000	0.000
04	  A	  0.4	  0.1	0.152	0.000	0.000
05	  R	  0.7	  0.0	0.152	0.000	0.000
06	  L	  0.8	  0.0	0.152	0.000	0.000
07	  L	  0.8	  0.2	0.414	0.000	0.000
08	  R	  0.4	  0.2	0.414	0.000	0.000
09	  G	  0.3	  0.2	0.791	0.000	0.000
10	  A	  0.2	  0.2	0.791	0.000	0.000
11	  A	  0.3	  0.0	0.791	0.000	0.000
12	  L	  0.2	  0.0	0.791	0.000	0.000
13	  A	  0.1	  0.1	0.791	0.000	0.000
14	  G	  0.0	  0.1	0.791	0.000	0.000
15	  P	  0.0	  0.2	0.000	0.000	0.000
16	  G	  0.0	  1.2	0.639	0.000	0.000
17	  P	  0.0	  1.1	0.639	0.000	0.000
18	  G	  0.0	  1.1	1.203	0.000	0.000
19	  L	  0.5	  1.0	1.203	0.000	0.000
20	  R	  0.5	  0.0	1.203	0.000	0.000
21	  A	  0.5	  0.4	1.203	0.000	0.000
22	  A	  0.1	  0.4	1.203	0.000	0.000
23	  G	  0.1	  0.4	1.061	0.000	0.000
24	  F	  1.5	  0.4	0.535	0.000	0.000
25	  S	  2.7	  0.6	0.000	0.000	0.000
26	  R	  4.2	  0.6	0.000	0.000	0.000
27	  S	 22.7	  0.7	0.000	0.000	0.000
28	  F	 22.6	  0.7	0.000	0.000	0.000
29	  S	 21.3	  1.6	0.000	0.000	0.000
30	  S	  1.7	  2.9	0.000	0.000	0.000
31	  D	  0.1	  3.5	0.000	0.000	0.000
32	  S	  0.3	  4.6	0.000	0.000	0.000
33	  G	  0.3	  3.2	0.000	0.000	0.000
34	  S	  0.3	  1.9	0.000	0.000	0.000
35	  S	  0.1	  1.3	0.142	0.000	0.000
36	  P	  0.0	  0.3	0.142	0.000	0.000
37	  A	  0.0	  0.4	0.142	0.000	0.000
38	  S	  0.1	  0.7	0.142	0.000	0.000
39	  E	  0.2	  0.7	0.142	0.000	0.000
40	  R	  0.2	  0.5	0.142	0.000	0.000
41	  G	  0.1	  0.4	0.000	0.000	0.000
42	  V	  0.1	  1.2	0.000	0.000	0.000
43	  P	  0.0	  1.1	0.000	0.000	0.000
44	  G	  0.0	  1.1	0.000	0.000	0.000
45	  Q	  0.4	  1.1	0.000	0.000	0.000
46	  V	  2.5	  0.0	0.000	0.167	0.167
47	  D	  3.5	  0.0	0.780	0.167	0.167
48	  F	  4.7	  0.0	0.780	0.167	0.167
49	  Y	  3.3	  0.0	0.780	0.167	0.167
50	  A	  2.5	  0.0	0.780	0.167	0.167
51	  R	  2.8	  0.0	0.780	0.167	0.167
52	  F	  2.6	  0.0	0.780	0.167	0.167
53	  S	  2.4	  0.0	0.496	0.000	0.000
54	  P	  0.5	  0.0	0.000	0.000	0.000
55	  S	  0.1	  0.2	0.127	0.000	0.000
56	  P	  0.0	  0.2	0.127	0.000	0.000
57	  L	  2.0	  0.2	0.127	0.000	0.000
58	  S	  2.6	  0.2	0.549	0.000	0.000
59	  M	  2.7	  0.1	0.549	0.000	0.000
60	  K	  1.0	  0.1	0.549	0.000	0.000
61	  Q	  1.5	  0.1	0.422	0.000	0.000
62	  F	  2.3	  0.3	0.422	0.000	0.000
63	  L	  3.2	  0.1	0.422	0.000	0.000
64	  D	  2.2	  0.8	0.422	0.000	0.000
65	  F	  1.4	  1.5	0.422	0.000	0.000
66	  G	  0.2	  1.3	0.155	0.000	0.000
67	  S	  5.3	  1.7	0.000	0.000	0.000
68	  V	  6.0	  1.0	0.000	0.000	0.000
69	  N	  6.0	  0.3	0.245	0.000	0.000
70	  A	  1.0	  0.3	0.245	0.000	0.000
71	  C	  2.8	  0.1	0.245	0.000	0.000
72	  E	  3.1	  0.1	0.245	0.000	0.000
73	  K	  3.2	  0.2	0.245	0.000	0.000
74	  T	  2.2	  0.2	0.245	4.858	4.858
75	  S	  2.4	  0.1	0.245	5.784	5.784
76	  F	  3.0	  0.0	0.128	5.784	5.784
77	  M	  2.3	  0.0	0.000	5.784	5.784
78	  F	  2.9	  0.0	0.000	5.784	5.784
79	  L	  2.3	  0.0	0.000	5.032	5.032
80	  R	  1.6	  0.1	0.000	0.000	0.000
81	  Q	  0.7	  0.1	0.000	0.000	0.000
82	  E	  0.5	  0.1	0.000	0.000	0.000
83	  L	  0.2	  0.0	0.000	0.000	0.000
84	  P	  0.1	  0.0	0.214	0.000	0.000
85	  V	  3.9	  0.0	0.214	0.000	0.000
86	  R	  4.0	  0.0	0.214	0.000	0.000
87	  L	  4.1	  0.2	0.214	0.141	0.141
88	  A	  0.4	  0.2	0.214	0.141	0.141
89	  N	  0.4	  0.2	0.214	0.141	0.141
90	  I	  1.3	  0.2	0.000	0.141	0.141
91	  M	  1.2	  0.0	0.000	0.141	0.141
92	  K	  1.4	  0.0	0.000	0.000	0.000
93	  E	  1.9	  0.0	0.000	0.000	0.000
94	  I	  5.5	  0.1	0.000	0.000	0.000
95	  S	  5.5	  0.0	0.000	0.000	0.000
96	  L	  4.3	  0.0	0.000	0.000	0.000
97	  L	  0.6	  1.0	0.000	0.000	0.000
98	  P	  0.1	  1.1	0.196	0.000	0.000
99	  D	  0.0	  1.1	0.196	0.000	0.000
100	  N	  0.0	  1.1	0.196	0.000	0.000
101	  L	  0.2	  0.2	0.196	0.000	0.000
102	  L	  0.4	  0.0	0.196	0.000	0.000
103	  R	  0.5	  0.0	0.196	0.000	0.000
104	  T	  0.4	  0.4	0.000	0.000	0.000
105	  P	  0.1	  0.4	0.000	0.000	0.000
106	  S	  1.4	  0.4	0.158	0.520	0.520
107	  V	  6.0	  0.4	0.158	3.295	3.295
108	  Q	  6.8	  0.0	0.158	3.510	3.510
109	  L	  5.7	  0.0	0.158	9.745	9.745
110	  V	  2.3	  0.0	0.158	10.754	10.754
111	  Q	  2.2	  0.0	0.158	10.548	10.548
112	  S	  2.8	  0.0	0.000	10.548	10.548
113	  W	  2.2	  0.0	0.000	10.719	10.719
114	  Y	  1.9	  0.0	0.113	10.719	10.719
115	  I	  1.3	  0.0	0.113	9.948	9.948
116	  Q	  0.9	  0.1	0.113	0.386	0.386
117	  S	  1.1	  0.1	5.073	0.171	0.171
118	  L	  0.9	  0.1	5.073	0.171	0.171
119	  Q	  0.8	  0.1	5.073	0.000	0.000
120	  E	  0.2	  0.1	5.073	0.000	0.000
121	  L	  0.5	  0.3	5.073	0.000	0.000
122	  L	  1.6	  0.3	5.073	0.000	0.000
123	  D	  1.9	  0.2	5.828	0.000	0.000
124	  F	  2.0	  0.5	3.699	0.000	0.000
125	  K	  0.9	  0.3	2.012	0.000	0.000
126	  D	  0.5	  1.8	2.725	0.000	0.000
127	  K	  0.4	  1.8	2.604	0.000	0.000
128	  S	  0.7	  1.7	4.918	0.000	0.000
129	  A	  0.7	  2.0	4.421	0.000	0.000
130	  E	  0.4	  0.5	4.288	0.000	0.000
131	  D	  0.1	  0.7	5.172	0.000	0.000
132	  A	  0.1	  0.6	4.964	0.000	0.000
133	  K	  0.3	  0.2	4.789	0.000	0.000
134	  A	  0.5	  0.2	2.695	0.000	0.000
135	  I	  0.7	  0.1	1.986	0.000	0.000
136	  Y	  2.8	  0.1	1.986	0.000	0.000
137	  D	  3.4	  0.1	0.808	0.000	0.000
138	  F	  4.7	  0.1	0.513	0.515	0.515
139	  T	  2.8	  0.1	0.937	0.515	0.515
140	  D	  2.3	  0.1	1.078	0.515	0.515
141	  T	  3.9	  0.1	1.982	0.515	0.515
142	  V	  6.7	  0.0	1.982	0.515	0.515
143	  I	 14.6	  0.0	1.982	0.515	0.515
144	  R	 15.0	  0.0	1.982	0.515	0.515
145	  I	 12.1	  0.1	1.982	0.515	0.515
146	  R	  3.8	  0.1	1.982	0.000	0.000
147	  N	  0.2	  0.2	0.934	0.000	0.000
148	  R	  1.2	  0.3	0.388	0.000	0.000
149	  H	  1.2	  0.3	0.000	0.000	0.000
150	  N	  1.3	  0.3	0.000	0.000	0.000
151	  D	  3.4	  0.2	0.000	0.000	0.000
152	  V	  4.0	  0.1	0.000	0.000	0.000
153	  I	  4.0	  0.0	0.000	0.000	0.000
154	  P	  0.7	  0.0	0.000	0.000	0.000
155	  T	  0.5	  0.0	0.000	0.000	0.000
156	  M	  0.6	  0.2	0.000	0.000	0.000
157	  A	  0.6	  0.4	0.000	0.000	0.000
158	  Q	  0.1	  0.4	0.000	0.000	0.000
159	  G	  0.1	  0.4	0.000	0.000	0.000
160	  V	  3.4	  0.2	0.000	0.000	0.000
161	  I	  6.4	  0.0	0.000	0.000	0.000
162	  E	  9.4	  0.0	0.000	0.000	0.000
163	  Y	  6.8	  0.0	0.000	0.000	0.000
164	  K	  4.1	  0.2	0.000	0.000	0.000
165	  E	  1.0	  0.2	0.000	0.000	0.000
166	  S	  1.0	  0.4	0.000	0.000	0.000
167	  F	  1.2	  0.4	0.000	0.000	0.000
168	  G	  1.1	  0.2	0.000	0.000	0.000
169	  V	  0.6	  0.2	0.000	0.000	0.000
170	  D	  0.4	  0.0	0.616	0.000	0.000
171	  P	  0.2	  0.0	0.616	0.000	0.000
172	  V	  2.8	  0.0	0.616	0.000	0.000
173	  T	  3.9	  0.1	0.756	0.000	0.000
174	  S	  4.6	  1.0	1.075	0.000	0.000
175	  Q	  2.4	  1.0	1.075	0.000	0.000
176	  N	  2.5	  1.0	1.503	0.576	0.576
177	  V	  5.0	  0.9	1.503	15.482	15.482
178	  Q	  7.5	  0.0	1.503	15.482	15.482
179	  Y	  7.3	  0.0	1.503	15.848	15.848
180	  F	  5.0	  0.1	1.503	15.848	15.848
181	  L	  1.9	  0.2	1.503	15.848	15.848
182	  D	  1.0	  0.2	1.503	0.485	0.485
183	  R	  1.4	  0.2	1.329	0.485	0.485
184	  F	  2.4	  0.1	1.207	0.485	0.485
185	  Y	  3.5	  0.0	0.822	0.485	0.485
186	  M	  2.3	  0.0	0.000	0.108	0.108
187	  S	  1.6	  0.0	0.462	0.000	0.000
188	  R	  2.6	  0.0	0.462	0.000	0.000
189	  I	  5.0	  0.0	0.462	0.000	0.000
190	  S	  7.0	  0.0	3.378	0.000	0.000
191	  I	  9.2	  0.0	3.378	0.000	0.000
192	  R	  7.1	  0.0	3.378	0.000	0.000
193	  M	  5.8	  0.0	3.378	0.000	0.000
194	  L	  1.9	  0.0	3.378	0.000	0.000
195	  L	  1.7	  0.0	3.378	0.000	0.000
196	  N	  0.7	  0.1	3.988	0.000	0.000
197	  Q	  0.4	  0.1	2.072	0.000	0.000
198	  H	  0.4	  0.2	0.980	0.000	0.000
199	  S	  0.5	  0.2	0.777	0.000	0.000
200	  L	  0.9	  0.1	0.777	0.000	0.000
201	  L	  0.9	  0.1	0.777	0.000	0.000
202	  F	  0.8	  3.6	0.632	0.000	0.000
203	  G	  0.2	  3.8	0.325	0.000	0.000
204	  G	  0.1	  4.6	0.157	0.000	0.000
205	  K	  0.0	  4.8	0.000	0.000	0.000
206	  G	  0.0	  1.9	0.000	0.000	0.000
207	  K	  0.0	  1.7	0.000	0.000	0.000
208	  G	  0.0	  0.9	0.000	0.000	0.000
209	  S	  0.1	  3.6	0.000	0.000	0.000
210	  P	  0.0	  3.0	0.000	0.000	0.000
211	  S	  1.2	  3.0	0.000	0.000	0.000
212	  H	  1.5	  3.1	0.000	0.000	0.000
213	  R	  1.7	  0.2	0.000	0.000	0.000
214	  K	  1.1	  0.2	0.000	0.000	0.000
215	  H	  1.8	  0.4	0.000	0.000	0.000
216	  I	  1.8	  0.6	0.000	0.000	0.000
217	  G	  1.2	  0.6	0.000	0.000	0.000
218	  S	  5.5	  0.6	0.000	0.000	0.000
219	  I	  5.7	  0.3	0.000	0.000	0.000
220	  N	  5.6	 10.2	0.000	0.000	0.000
221	  P	  0.3	 10.2	0.000	0.000	0.000
222	  N	  0.4	 10.4	0.000	0.000	0.000
223	  C	  2.5	 10.4	0.000	0.000	0.000
224	  N	  2.6	  0.2	0.401	0.000	0.000
225	  V	  3.5	  0.2	0.401	0.381	0.381
226	  L	  3.2	  0.0	0.401	0.381	0.381
227	  E	  3.4	  0.0	0.401	0.381	0.381
228	  V	  4.8	  0.0	0.401	0.381	0.381
229	  I	  3.3	  0.4	0.401	0.381	0.381
230	  K	  2.8	  1.0	0.401	0.381	0.381
231	  D	  0.3	  1.0	0.313	0.000	0.000
232	  G	  0.1	  1.0	1.848	0.000	0.000
233	  Y	  1.0	  0.9	2.411	0.000	0.000
234	  E	  1.0	  0.3	2.651	0.000	0.000
235	  N	  1.0	  0.4	4.200	0.000	0.000
236	  A	  0.3	  0.5	4.200	0.000	0.000
237	  R	  0.7	  0.2	4.200	0.000	0.000
238	  R	  0.6	  0.2	3.953	0.000	0.000
239	  L	  0.7	  0.1	3.071	0.000	0.000
240	  C	  0.8	  0.1	2.396	0.000	0.000
241	  D	  1.0	  0.1	1.928	0.000	0.000
242	  L	  1.4	  0.1	1.720	0.562	0.562
243	  Y	  2.0	  0.1	1.561	0.562	0.562
244	  Y	  3.1	  0.0	0.397	0.562	0.562
245	  I	  4.6	  0.0	0.000	0.562	0.562
246	  N	  3.6	  0.0	0.000	0.562	0.562
247	  S	  2.2	  0.4	0.000	0.000	0.000
248	  P	  0.0	  0.4	0.000	0.000	0.000
249	  E	  0.2	  0.4	0.000	0.000	0.000
250	  L	  0.8	  0.4	0.195	0.000	0.000
251	  E	  1.0	  0.1	1.215	0.000	0.000
252	  L	  0.9	  0.1	1.463	0.000	0.000
253	  E	  0.2	  0.1	2.389	0.000	0.000
254	  E	  0.9	  0.1	2.389	0.000	0.000
255	  L	  1.2	  0.1	2.389	0.000	0.000
256	  N	  1.3	  0.2	2.389	0.000	0.000
257	  A	  0.6	  0.1	2.236	0.000	0.000
258	  K	  0.3	  0.1	2.080	0.000	0.000
259	  S	  0.3	  3.6	0.338	0.000	0.000
260	  P	  0.0	  3.5	0.000	0.000	0.000
261	  G	  0.0	  3.5	0.000	0.000	0.000
262	  Q	  0.0	  3.5	0.000	0.000	0.000
263	  P	  0.0	  0.0	0.000	0.131	0.131
264	  I	  0.8	  0.0	0.000	12.289	12.289
265	  Q	  1.5	  0.0	0.000	12.289	12.289
266	  V	  5.1	  0.0	0.000	13.812	13.812
267	  V	 13.5	  0.0	0.000	13.812	13.812
268	  Y	 13.0	  0.0	0.000	13.812	13.812
269	  V	  9.6	  0.2	0.000	3.017	3.017
270	  P	  0.2	  0.3	0.000	2.154	2.154
271	  S	  0.2	  0.3	0.000	0.000	0.000
272	  H	  0.7	  0.3	0.000	0.000	0.000
273	  L	  1.2	  0.1	0.000	2.340	2.340
274	  Y	  2.6	  0.0	0.000	2.644	2.644
275	  H	  2.9	  0.0	0.000	2.644	2.644
276	  M	  3.9	  0.0	0.000	4.136	4.136
277	  V	  5.7	  0.0	0.482	5.418	5.418
278	  F	  7.1	  0.1	1.068	5.405	5.405
279	  E	  5.7	  0.1	1.068	3.440	3.440
280	  L	  2.6	  0.1	1.068	3.440	3.440
281	  F	  0.9	  0.3	1.068	3.440	3.440
282	  K	  0.8	  0.3	1.068	3.440	3.440
283	  N	  0.6	  0.3	1.068	0.000	0.000
284	  A	  0.4	  0.3	0.610	0.000	0.000
285	  M	  0.8	  0.0	0.610	0.000	0.000
286	  R	  1.0	  0.0	0.351	0.000	0.000
287	  A	  1.2	  0.0	0.000	0.000	0.000
288	  T	  1.9	  0.0	0.160	0.000	0.000
289	  M	  2.2	  0.1	0.160	0.000	0.000
290	  E	  3.2	  0.1	0.160	0.000	0.000
291	  H	  2.4	  0.1	0.160	0.000	0.000
292	  H	  2.1	  0.8	0.160	0.000	0.000
293	  A	  0.6	  0.7	0.160	0.000	0.000
294	  N	  0.1	  0.9	0.160	0.000	0.000
295	  R	  0.1	  0.9	0.000	0.000	0.000
296	  G	  0.1	  0.2	0.000	0.000	0.000
297	  V	  0.1	  0.1	0.000	0.000	0.000
298	  Y	  0.1	  0.0	0.000	0.000	0.000
299	  P	  0.0	  0.0	0.000	0.000	0.000
300	  P	  0.0	  0.0	0.000	0.000	0.000
301	  I	  0.8	  0.0	0.000	0.000	0.000
302	  Q	  1.3	  0.0	0.000	0.000	0.000
303	  V	 10.1	  0.0	0.000	0.207	0.207
304	  H	 10.7	  0.0	0.000	0.207	0.207
305	  V	 16.8	  0.0	0.000	0.207	0.207
306	  T	  8.4	  0.0	0.000	0.207	0.207
307	  L	  6.8	  0.5	0.000	0.207	0.207
308	  G	  0.1	  0.5	0.000	0.000	0.000
309	  N	  0.0	  1.5	0.121	0.000	0.000
310	  E	  0.0	  1.5	0.121	0.000	0.000
311	  D	  0.2	  1.0	0.664	0.000	0.000
312	  L	  3.3	  1.0	0.664	0.000	0.000
313	  T	 18.6	  0.0	0.664	0.000	0.000
314	  V	 24.9	  0.0	0.664	0.000	0.000
315	  K	 22.4	  0.0	0.664	0.000	0.000
316	  M	  7.9	  0.2	0.543	0.000	0.000
317	  S	  0.6	  0.3	0.414	0.000	0.000
318	  D	  0.1	  0.7	0.000	0.000	0.000
319	  R	  0.0	  0.9	0.000	0.000	0.000
320	  G	  0.0	  1.1	0.000	0.000	0.000
321	  G	  0.0	  0.9	0.000	0.000	0.000
322	  G	  0.0	  0.6	0.000	0.000	0.000
323	  V	  0.0	  0.4	0.000	0.000	0.000
324	  P	  0.0	  0.0	0.000	0.000	0.000
325	  L	  0.3	  0.0	0.000	0.000	0.000
326	  R	  0.9	  0.0	0.000	0.000	0.000
327	  K	  2.2	  0.0	0.000	0.000	0.000
328	  I	  2.4	  0.0	0.000	0.000	0.000
329	  D	  1.8	  0.1	0.145	0.000	0.000
330	  R	  1.1	  0.1	0.145	0.000	0.000
331	  L	  1.1	  0.1	0.145	8.176	8.176
332	  F	  4.5	  0.1	0.145	8.311	8.311
333	  N	  4.0	  0.1	0.145	8.311	8.311
334	  Y	  4.4	  0.1	0.145	8.311	8.311
335	  M	  1.6	  0.0	0.000	8.311	8.311
336	  Y	  2.5	  0.1	0.000	6.716	6.716
337	  S	  2.0	  0.1	0.000	1.087	1.087
338	  T	  1.4	  0.1	0.000	0.406	0.406
339	  A	  0.5	  0.1	0.000	0.000	0.000
340	  P	  0.2	  0.0	0.000	0.000	0.000
341	  R	  0.0	  0.1	0.000	0.000	0.000
342	  P	  0.0	  0.1	0.000	0.000	0.000
343	  R	  2.2	  0.1	0.000	0.000	0.000
344	  V	  2.8	  0.2	0.000	0.000	0.000
345	  E	  2.9	  0.1	0.000	0.000	0.000
346	  T	  1.3	  0.1	0.000	0.000	0.000
347	  S	  0.7	  0.2	0.000	0.000	0.000
348	  R	  1.1	  0.1	0.000	0.000	0.000
349	  A	  0.6	  0.1	0.000	0.000	0.000
350	  V	  0.6	  0.0	0.000	0.000	0.000
351	  P	  0.1	  0.0	0.000	0.000	0.000
352	  L	  0.1	  0.8	0.000	0.000	0.000
353	  A	  0.1	  0.8	0.000	0.000	0.000
354	  G	  0.1	  1.0	0.000	0.000	0.000
355	  F	  0.3	  1.0	0.000	0.000	0.000
356	  G	  0.3	  0.2	0.000	0.000	0.000
357	  Y	  0.6	  0.2	0.000	0.000	0.000
358	  G	  0.4	  0.0	0.000	0.000	0.000
359	  L	  0.4	  0.0	0.000	0.000	0.000
360	  P	  0.0	  0.0	0.174	0.000	0.000
361	  I	  1.1	  0.0	0.174	0.000	0.000
362	  S	  1.2	  0.1	1.571	0.000	0.000
363	  R	  1.8	  0.1	1.571	0.000	0.000
364	  L	  1.0	  0.1	1.571	0.747	0.747
365	  Y	  1.5	  0.1	1.571	0.747	0.747
366	  A	  1.2	  0.0	1.397	0.747	0.747
367	  Q	  4.0	  0.0	1.397	0.747	0.747
368	  Y	  5.6	  0.0	0.825	0.747	0.747
369	  F	  5.7	  0.3	0.641	0.747	0.747
370	  Q	  2.6	  0.9	0.331	0.169	0.169
371	  G	  0.4	  0.9	0.154	0.000	0.000
372	  D	  0.2	  0.9	0.403	0.000	0.000
373	  L	  1.5	  0.7	0.403	0.000	0.000
374	  K	  1.8	  0.1	0.403	0.000	0.000
375	  L	  2.2	  0.1	0.403	0.000	0.000
376	  Y	  4.1	  0.1	0.403	0.000	0.000
377	  S	  4.9	  0.2	0.249	0.000	0.000
378	  L	  4.3	  0.8	0.000	0.000	0.000
379	  E	  1.1	  0.8	0.000	0.000	0.000
380	  G	  0.0	  0.8	0.000	0.000	0.000
381	  Y	  0.1	  1.2	0.000	0.000	0.000
382	  G	  0.1	  0.6	0.125	0.000	0.000
383	  T	  0.2	  0.6	0.246	0.197	0.197
384	  D	  0.1	  0.6	0.761	0.531	0.531
385	  A	  1.2	  0.1	0.761	87.430	87.430
386	  V	  3.4	  0.0	0.761	87.458	87.458
387	  I	  4.3	  0.0	0.761	87.458	87.458
388	  Y	  4.5	  0.0	0.761	87.458	87.458
389	  I	  3.8	  0.0	0.761	87.458	87.458
390	  K	  2.9	  0.0	0.761	0.583	0.583
391	  A	  1.9	  0.0	0.271	0.501	0.501
392	  L	  0.5	  0.1	0.271	0.432	0.432
393	  S	  1.0	  0.6	0.134	0.052	0.052
394	  T	  1.3	  0.6	0.000	0.052	0.052
395	  D	  1.3	  0.6	0.136	0.052	0.052
396	  S	  2.6	  0.6	0.136	0.052	0.052
397	  I	  3.6	  0.1	0.136	0.052	0.052
398	  E	  3.5	  0.0	0.136	0.000	0.000
399	  R	  1.8	  0.0	0.136	0.000	0.000
400	  L	  0.2	  0.0	0.136	0.000	0.000
401	  P	  0.1	  0.0	0.000	0.000	0.000
402	  V	  4.1	  0.0	0.000	0.000	0.000
403	  Y	  4.7	  0.0	0.000	0.000	0.000
404	  N	  4.7	  0.1	0.726	0.000	0.000
405	  K	  0.8	  0.1	0.726	0.000	0.000
406	  A	  0.2	  0.1	0.726	0.000	0.000
407	  A	  0.4	  0.1	0.726	0.000	0.000
408	  W	  0.6	  0.1	0.726	0.000	0.000
409	  K	  0.7	  0.1	0.726	0.000	0.000
410	  H	  3.6	  0.2	0.130	0.000	0.000
411	  Y	  4.3	  0.2	0.000	0.000	0.000
412	  N	  4.2	  0.7	0.000	0.000	0.000
413	  T	  1.3	  0.7	0.000	0.000	0.000
414	  N	  0.5	  0.7	0.000	0.000	0.000
415	  H	  0.5	  0.7	0.000	0.000	0.000
416	  E	  0.5	  0.4	0.000	0.000	0.000
417	  A	  0.3	  0.6	0.000	0.000	0.000
418	  D	  0.2	  0.7	0.000	0.000	0.000
419	  D	  0.4	  0.6	0.000	0.000	0.000
420	  W	  2.9	  0.3	0.000	0.000	0.000
421	  C	  3.0	  0.1	0.000	0.000	0.000
422	  V	  2.7	  0.2	0.000	0.000	0.000
423	  P	  0.2	  0.3	0.000	0.000	0.000
424	  S	  0.4	  0.3	0.000	0.000	0.000
425	  R	  0.4	  0.3	0.000	0.000	0.000
426	  E	  0.4	  0.2	0.000	0.000	0.000
427	  P	  0.1	  0.4	0.000	0.000	0.000
428	  K	  0.1	  0.4	0.000	0.000	0.000
429	  D	  0.2	  0.4	0.220	0.000	0.000
430	  M	  0.6	  0.3	0.220	0.000	0.000
431	  T	  3.9	  0.0	0.220	0.000	0.000
432	  T	 16.2	  0.0	0.220	0.000	0.000
433	  F	 17.6	  0.1	0.220	0.000	0.000
434	  R	 14.4	  0.1	0.220	0.000	0.000
435	  S	  2.2	  0.1	0.000	0.000	0.000
436	  A	  0.2	  0.1	0.000	0.000	0.000
