res	aa	Beta	Turn	Helix	Aggregation	Conc-Stab_Aggregation
01	  M	  0.0	  0.3	0.000	0.000	0.000
02	  P	  0.0	  0.4	0.000	0.000	0.000
03	  S	  0.2	  0.4	0.000	0.214	0.214
04	  S	 10.8	  0.6	0.000	3.905	3.905
05	  V	 14.0	  0.3	0.000	33.711	33.711
06	  S	 14.3	  0.3	1.029	36.221	36.221
07	  W	  4.2	  0.4	1.029	56.404	56.404
08	  G	  0.7	  0.2	1.761	60.012	60.012
09	  I	  3.2	  0.2	1.761	83.955	83.955
10	  L	  3.9	  0.1	1.761	84.809	84.809
11	  L	  4.1	  0.0	1.761	84.592	84.592
12	  L	  1.2	  0.1	1.761	81.514	81.514
13	  A	  0.3	  0.1	1.543	63.177	63.177
14	  G	  0.1	  0.1	1.293	33.853	33.853
15	  L	  4.9	  0.1	0.223	31.301	31.301
16	  C	 13.9	  0.0	0.122	18.226	18.226
17	  C	 16.2	  0.0	0.122	10.971	10.971
18	  L	 11.5	  0.0	0.122	9.452	9.452
19	  V	  2.9	  0.0	0.122	1.108	1.108
20	  P	  0.2	  0.0	0.000	0.458	0.458
21	  V	  4.8	  0.0	0.000	0.000	0.000
22	  S	  4.9	  0.0	0.000	0.000	0.000
23	  L	  4.9	  0.0	0.000	0.000	0.000
24	  A	  0.2	  0.0	0.000	0.000	0.000
25	  E	  0.0	  0.0	0.000	0.000	0.000
26	  D	  0.0	  2.1	0.201	0.000	0.000
27	  P	  0.0	  2.4	0.201	0.000	0.000
28	  Q	  0.0	  2.9	0.201	0.000	0.000
29	  G	  0.0	  2.9	0.542	0.000	0.000
30	  D	  0.0	  0.8	0.542	0.000	0.000
31	  A	  0.1	  0.5	0.542	0.000	0.000
32	  A	  0.2	  0.1	0.542	0.000	0.000
33	  Q	  0.4	  0.1	0.542	0.000	0.000
34	  K	  0.5	  0.2	0.341	0.000	0.000
35	  T	  0.8	  0.2	0.000	0.000	0.000
36	  D	  0.7	  0.7	0.000	0.000	0.000
37	  T	  1.2	  0.7	0.000	0.000	0.000
38	  S	  1.4	  0.6	0.000	0.000	0.000
39	  H	  1.6	  0.7	0.000	0.000	0.000
40	  H	  1.0	  0.3	0.000	0.000	0.000
41	  D	  0.5	  2.7	0.000	0.000	0.000
42	  Q	  0.3	  2.6	0.000	0.000	0.000
43	  D	  0.2	  2.5	0.000	0.000	0.000
44	  H	  0.1	  2.9	0.000	0.000	0.000
45	  P	  0.0	  0.5	0.000	0.000	0.000
46	  T	  8.4	  0.5	0.000	0.000	0.000
47	  F	  9.0	  0.6	0.000	0.000	0.000
48	  N	  9.1	  0.0	0.000	0.000	0.000
49	  K	  8.9	  0.0	0.000	0.000	0.000
50	  I	  9.0	  0.0	0.000	0.000	0.000
51	  T	  8.9	  0.8	0.180	0.000	0.000
52	  P	  0.7	  0.8	0.180	0.000	0.000
53	  N	  0.0	  0.8	0.883	0.000	0.000
54	  L	  0.0	  1.0	0.883	0.000	0.000
55	  A	  0.1	  0.2	0.883	0.000	0.000
56	  E	  0.5	  0.2	0.883	0.000	0.000
57	  F	  1.4	  0.2	0.702	38.144	38.144
58	  A	  1.7	  0.0	0.702	40.555	40.555
59	  F	  4.5	  0.0	0.702	40.555	40.555
60	  S	  4.0	  0.0	0.964	40.555	40.555
61	  L	  3.6	  0.0	0.964	40.555	40.555
62	  Y	  2.7	  0.1	0.964	31.967	31.967
63	  R	  3.1	  0.1	0.964	0.000	0.000
64	  Q	  3.1	  0.1	0.811	0.000	0.000
65	  L	  1.0	  0.1	0.691	0.000	0.000
66	  A	  0.4	  0.0	0.691	0.000	0.000
67	  H	  0.6	  0.3	0.571	0.000	0.000
68	  Q	  0.5	  0.4	0.168	0.000	0.000
69	  S	  0.4	  0.6	0.000	0.000	0.000
70	  N	  0.3	  0.8	0.000	0.000	0.000
71	  S	  0.8	  0.9	0.000	0.286	0.286
72	  T	  1.1	  0.7	0.000	2.596	2.596
73	  N	  3.2	  0.5	0.000	2.596	2.596
74	  I	  3.6	  0.3	0.000	2.596	2.596
75	  F	  7.3	  0.0	0.000	2.596	2.596
76	  F	  5.5	  0.0	0.000	2.596	2.596
77	  S	  4.4	  0.0	0.000	0.000	0.000
78	  P	  0.4	  0.0	0.000	0.237	0.237
79	  V	  3.5	  0.0	0.000	28.228	28.228
80	  S	  3.8	  0.0	2.119	30.538	30.538
81	  I	  5.0	  0.0	2.119	49.438	49.438
82	  A	  1.6	  0.0	2.119	51.002	51.002
83	  T	  2.1	  0.0	2.119	52.714	52.714
84	  A	  1.1	  0.0	2.119	55.111	55.111
85	  F	  1.7	  0.0	2.119	56.304	56.304
86	  A	  1.2	  0.0	0.224	52.476	52.476
87	  M	  1.6	  0.0	0.224	49.044	49.044
88	  L	  2.7	  0.1	0.000	44.979	44.979
89	  S	  2.5	  0.1	0.552	21.200	21.200
90	  L	  2.0	  0.2	0.552	18.055	18.055
91	  G	  0.2	  0.2	0.552	0.694	0.694
92	  T	  0.5	  0.2	0.552	0.259	0.259
93	  K	  0.6	  0.6	0.552	0.000	0.000
94	  A	  0.6	  0.5	0.552	0.000	0.000
95	  D	  0.2	  0.6	0.552	0.000	0.000
96	  T	  0.9	  0.6	0.000	0.000	0.000
97	  H	  0.9	  0.3	0.000	0.000	0.000
98	  D	  0.8	  0.2	0.426	0.000	0.000
99	  E	  0.3	  0.1	0.426	0.000	0.000
100	  I	  1.0	  0.1	0.426	0.000	0.000
101	  L	  1.0	  0.2	0.426	0.000	0.000
102	  E	  0.8	  0.3	0.426	0.000	0.000
103	  G	  0.1	  0.4	0.426	0.000	0.000
104	  L	  2.0	  0.4	0.140	0.000	0.000
105	  N	  2.9	  0.4	0.000	0.000	0.000
106	  F	  4.6	  0.3	0.000	0.000	0.000
107	  N	  3.2	  0.2	0.000	0.000	0.000
108	  L	  2.2	  0.2	0.000	0.000	0.000
109	  T	  0.7	  0.0	0.000	0.000	0.000
110	  E	  0.4	  0.0	0.000	0.000	0.000
111	  I	  0.4	  0.0	0.000	0.000	0.000
112	  P	  0.1	  0.0	0.339	0.000	0.000
113	  E	  0.1	  0.0	0.339	0.000	0.000
114	  A	  0.4	  0.0	0.339	0.000	0.000
115	  Q	  1.3	  0.0	0.339	0.000	0.000
116	  I	  1.7	  0.0	0.339	0.000	0.000
117	  H	  1.4	  1.0	0.339	0.000	0.000
118	  E	  0.6	  1.0	0.195	0.000	0.000
119	  G	  0.1	  1.0	0.536	0.000	0.000
120	  F	  1.2	  1.1	0.466	0.000	0.000
121	  Q	  1.3	  0.1	0.628	0.000	0.000
122	  E	  1.3	  0.1	0.779	0.000	0.000
123	  L	  0.3	  0.1	0.779	0.000	0.000
124	  L	  0.4	  0.1	0.779	0.000	0.000
125	  R	  0.6	  0.1	0.779	0.000	0.000
126	  T	  2.3	  0.1	0.779	0.000	0.000
127	  L	  2.6	  0.1	0.779	0.000	0.000
128	  N	  2.4	  0.0	0.779	0.000	0.000
129	  Q	  0.5	  0.7	0.137	0.000	0.000
130	  P	  0.0	  0.8	0.000	0.000	0.000
131	  D	  0.1	  0.8	0.000	0.000	0.000
132	  S	  0.2	  0.9	0.000	0.000	0.000
133	  Q	  1.4	  0.2	0.000	0.000	0.000
134	  L	  2.9	  0.1	0.000	0.000	0.000
135	  Q	  3.6	  0.1	0.000	0.000	0.000
136	  L	  2.8	  0.1	0.000	0.000	0.000
137	  T	  1.3	  0.1	0.000	0.000	0.000
138	  T	  0.4	  2.3	0.000	0.000	0.000
139	  G	  0.1	  2.8	0.000	0.000	0.000
140	  N	  0.0	  2.8	0.000	0.000	0.000
141	  G	  0.0	  2.7	0.000	0.000	0.000
142	  L	  0.8	  0.5	0.000	0.560	0.560
143	  F	  1.8	  0.0	0.000	0.560	0.560
144	  L	  1.8	  0.1	0.000	0.560	0.560
145	  S	  1.0	  0.5	2.579	0.560	0.560
146	  E	  0.0	  0.5	2.579	0.560	0.560
147	  G	  0.0	  0.5	2.702	0.560	0.560
148	  L	  1.4	  0.4	2.702	0.560	0.560
149	  K	  2.0	  0.1	3.550	0.560	0.560
150	  L	  2.5	  0.0	3.550	1.157	1.157
151	  V	  1.4	  0.1	3.550	1.157	1.157
152	  D	  0.9	  0.0	5.023	0.597	0.597
153	  K	  0.6	  0.0	4.395	0.597	0.597
154	  F	  1.0	  0.0	4.470	0.597	0.597
155	  L	  0.9	  0.2	4.406	0.395	0.395
156	  E	  0.7	  0.2	5.050	0.000	0.000
157	  D	  1.4	  0.2	7.210	0.000	0.000
158	  V	  2.0	  0.2	7.070	0.000	0.000
159	  K	  2.0	  0.1	7.070	0.000	0.000
160	  K	  0.9	  0.1	6.296	0.000	0.000
161	  L	  0.8	  0.1	5.548	0.000	0.000
162	  Y	  1.3	  0.1	4.120	0.000	0.000
163	  H	  1.1	  0.1	0.270	0.000	0.000
164	  S	  0.6	  0.2	0.000	0.000	0.000
165	  E	  0.1	  0.2	0.000	0.000	0.000
166	  A	  0.4	  0.2	0.000	0.265	0.265
167	  F	 10.4	  0.0	0.000	0.578	0.578
168	  T	 15.4	  0.0	0.000	0.578	0.578
169	  V	 17.4	  0.0	0.000	0.578	0.578
170	  N	  7.8	  0.3	0.000	0.578	0.578
171	  F	  2.6	  4.0	0.000	0.578	0.578
172	  G	  0.1	  4.0	0.457	0.000	0.000
173	  D	  0.1	  4.0	1.989	0.000	0.000
174	  T	  0.1	  3.8	27.654	0.000	0.000
175	  E	  0.1	  0.1	28.324	0.000	0.000
176	  E	  0.3	  0.1	28.324	0.000	0.000
177	  A	  0.4	  0.1	28.324	0.000	0.000
178	  K	  0.4	  0.1	28.324	0.000	0.000
179	  K	  0.3	  0.1	28.008	0.000	0.000
180	  Q	  1.2	  0.1	20.572	0.000	0.000
181	  I	  1.2	  0.1	5.655	0.000	0.000
182	  N	  1.1	  0.1	5.442	0.000	0.000
183	  D	  0.5	  0.1	3.225	0.000	0.000
184	  Y	  2.4	  0.1	2.314	0.000	0.000
185	  V	  3.4	  0.1	0.812	0.000	0.000
186	  E	  3.1	  0.3	0.812	0.000	0.000
187	  K	  1.2	  0.4	0.531	0.000	0.000
188	  G	  0.1	  0.5	0.342	0.000	0.000
189	  T	  0.1	  0.8	0.000	0.000	0.000
190	  Q	  0.1	  0.6	0.000	0.000	0.000
191	  G	  0.1	  0.5	0.000	0.195	0.195
192	  K	  1.6	  0.5	0.000	2.366	2.366
193	  I	  2.6	  0.1	0.000	4.532	4.532
194	  V	  4.9	  0.0	0.000	4.730	4.730
195	  D	  3.5	  0.0	0.618	4.730	4.730
196	  L	  3.1	  0.0	0.618	4.730	4.730
197	  V	  2.1	  0.0	0.618	4.730	4.730
198	  K	  2.0	  0.1	0.722	2.364	2.364
199	  E	  2.0	  0.1	0.722	0.000	0.000
200	  L	  0.7	  0.1	0.722	0.000	0.000
201	  D	  0.6	  1.6	14.699	0.000	0.000
202	  R	  0.1	  1.6	14.534	0.025	0.025
203	  D	  0.5	  1.5	14.899	0.054	0.054
204	  T	  5.4	  1.5	15.484	18.113	18.113
205	  V	  6.9	  0.0	15.484	98.850	98.850
206	  F	  7.1	  0.0	15.484	99.784	99.784
207	  A	  2.4	  0.0	14.354	99.861	99.861
208	  L	  1.3	  0.1	14.354	99.950	99.950
209	  V	  3.2	  0.1	13.960	99.949	99.949
210	  N	  3.7	  0.1	14.018	99.704	99.704
211	  Y	  3.7	  0.1	9.009	99.694	99.694
212	  I	  2.2	  0.0	6.130	99.660	99.660
213	  F	  2.5	  0.0	6.130	99.280	99.280
214	  F	  2.3	  1.4	3.292	91.796	91.796
215	  K	  1.4	  1.4	2.797	0.029	0.029
216	  G	  0.3	  1.4	1.012	0.002	0.002
217	  K	  2.5	  1.4	0.353	0.000	0.000
218	  W	  4.8	  0.0	0.000	0.000	0.000
219	  E	  4.8	  0.0	0.000	0.000	0.000
220	  R	  2.5	  0.0	0.000	0.000	0.000
221	  P	  0.0	  0.0	0.000	0.000	0.000
222	  F	  9.1	  0.0	0.000	0.000	0.000
223	  E	 22.2	  0.0	0.000	0.000	0.000
224	  V	 23.5	  0.1	0.000	0.000	0.000
225	  K	 16.3	  0.1	0.000	0.000	0.000
226	  D	  1.7	  0.1	0.000	0.000	0.000
227	  T	  0.4	  0.2	0.000	0.000	0.000
228	  E	  0.1	  0.2	0.000	0.000	0.000
229	  E	  0.1	  0.3	0.000	0.000	0.000
230	  E	  0.1	  0.3	0.000	0.000	0.000
231	  D	  0.3	  0.3	0.000	0.000	0.000
232	  F	  2.8	  0.2	0.000	0.000	0.000
233	  H	  4.2	  0.0	0.000	0.000	0.000
234	  V	  5.1	  0.0	0.000	0.000	0.000
235	  D	  2.7	  0.0	0.143	0.000	0.000
236	  Q	  1.7	  0.0	0.143	0.330	0.330
237	  V	  1.8	  0.0	0.143	0.330	0.330
238	  T	  3.3	  0.0	0.143	0.330	0.330
239	  T	 18.2	  0.0	0.143	0.330	0.330
240	  V	 35.6	  0.0	0.143	0.330	0.330
241	  K	 34.2	  0.0	0.143	0.000	0.000
242	  V	 21.8	  0.0	0.000	0.000	0.000
243	  P	  0.2	  0.0	0.269	0.000	0.000
244	  M	  0.3	  0.0	0.269	0.000	0.000
245	  M	  0.4	  0.0	0.269	0.000	0.000
246	  K	  0.5	  0.1	0.269	0.000	0.000
247	  R	  0.4	  0.1	0.269	0.000	0.000
248	  L	  0.4	  0.1	0.269	0.000	0.000
249	  G	  0.2	  0.1	0.269	0.000	0.000
250	  M	  0.7	  0.0	0.112	0.000	0.000
251	  F	  5.6	  0.0	0.000	0.000	0.000
252	  N	  6.2	  0.0	0.000	0.000	0.000
253	  I	  5.8	  0.0	0.000	0.000	0.000
254	  Q	  1.3	  0.0	0.000	0.000	0.000
255	  H	  1.2	  0.0	0.000	0.000	0.000
256	  C	  1.3	  0.1	0.000	0.000	0.000
257	  K	  0.9	  0.1	0.000	0.000	0.000
258	  K	  0.8	  0.1	0.000	0.000	0.000
259	  L	  0.8	  0.4	0.000	0.640	0.640
260	  S	  1.0	  0.3	2.128	0.901	0.901
261	  S	  1.2	  0.2	4.558	6.655	6.655
262	  W	  1.8	  0.2	4.854	31.524	31.524
263	  V	  5.3	  0.0	4.969	31.524	31.524
264	  L	  5.6	  0.0	4.969	31.524	31.524
265	  L	  5.0	  0.0	4.969	31.403	31.403
266	  M	  2.3	  0.0	4.969	28.369	28.369
267	  K	  1.4	  0.0	4.570	0.000	0.000
268	  Y	  1.6	  0.0	3.063	0.518	0.518
269	  L	  0.6	  0.6	2.652	0.664	0.664
270	  G	  0.4	  0.6	2.548	0.736	0.736
271	  N	  0.1	  0.8	1.789	1.611	1.611
272	  A	  0.2	  0.8	0.379	24.512	24.512
273	  T	  0.6	  0.2	0.379	49.693	49.693
274	  A	  0.8	  0.2	0.379	50.478	50.478
275	  I	  1.8	  0.0	0.379	50.735	50.735
276	  F	  3.5	  0.0	0.379	50.735	50.735
277	  F	  3.4	  0.0	0.130	48.970	48.970
278	  L	  2.3	  0.7	0.000	2.007	2.007
279	  P	  0.2	  0.8	0.000	0.708	0.708
280	  D	  0.0	  2.7	0.462	0.000	0.000
281	  E	  0.0	  2.9	0.462	0.000	0.000
282	  G	  0.0	  2.3	0.606	0.000	0.000
283	  K	  0.6	  2.1	0.606	0.000	0.000
284	  L	  1.1	  0.3	0.606	0.000	0.000
285	  Q	  1.4	  0.1	0.606	0.000	0.000
286	  H	  1.4	  0.0	0.606	0.000	0.000
287	  L	  0.9	  0.2	0.345	0.000	0.000
288	  E	  0.6	  0.2	0.345	0.000	0.000
289	  N	  0.1	  0.3	0.711	0.000	0.000
290	  E	  0.6	  0.3	0.366	0.000	0.000
291	  L	  1.8	  0.1	0.366	0.000	0.000
292	  T	  2.5	  0.1	0.366	0.000	0.000
293	  H	  2.5	  0.1	0.366	0.000	0.000
294	  D	  2.8	  0.1	1.282	0.202	0.202
295	  I	  6.5	  0.1	0.916	0.202	0.202
296	  I	  8.2	  0.0	0.916	0.202	0.202
297	  T	  8.0	  0.0	0.916	0.202	0.202
298	  K	  3.9	  0.0	0.916	0.202	0.202
299	  F	  2.1	  0.0	0.916	0.202	0.202
300	  L	  0.9	  0.2	0.130	0.202	0.202
301	  E	  0.7	  0.2	0.130	0.000	0.000
302	  N	  0.1	  2.8	5.198	0.000	0.000
303	  E	  0.0	  2.8	5.068	0.000	0.000
304	  D	  0.0	  2.7	5.434	0.000	0.000
305	  R	  0.3	  2.8	5.434	0.000	0.000
306	  R	  0.5	  0.2	5.434	0.000	0.000
307	  S	  3.4	  1.2	5.434	0.000	0.000
308	  A	  3.6	  1.1	3.415	0.000	0.000
309	  S	  4.0	  1.0	2.598	0.000	0.000
310	  L	  3.3	  1.0	1.106	0.000	0.000
311	  H	  2.9	  0.0	0.437	0.000	0.000
312	  L	  2.3	  0.1	0.167	0.000	0.000
313	  P	  0.1	  0.2	0.000	0.000	0.000
314	  K	  0.5	  0.2	0.000	0.000	0.000
315	  L	  2.2	  0.2	0.000	0.130	0.130
316	  S	  5.0	  0.0	0.000	0.130	0.130
317	  I	  7.0	  0.0	0.000	0.130	0.130
318	  T	  5.4	  0.3	0.000	0.130	0.130
319	  G	  2.6	  0.3	0.000	0.130	0.130
320	  T	  7.2	  0.3	0.331	0.130	0.130
321	  Y	  8.2	  0.3	0.331	0.130	0.130
322	  D	  8.3	  0.0	5.239	0.000	0.000
323	  L	  1.6	  0.1	5.239	0.000	0.000
324	  K	  0.9	  0.1	5.239	0.000	0.000
325	  S	  1.3	  0.1	5.239	0.000	0.000
326	  V	  1.6	  0.1	5.035	0.000	0.000
327	  L	  1.1	  0.0	5.035	0.000	0.000
328	  G	  0.6	  0.2	4.494	0.000	0.000
329	  Q	  0.1	  0.2	3.681	0.000	0.000
330	  L	  0.2	  0.3	0.443	0.000	0.000
331	  G	  0.5	  0.2	0.185	0.000	0.000
332	  I	  2.9	  0.1	0.000	0.000	0.000
333	  T	  4.5	  0.1	0.000	0.000	0.000
334	  K	  5.2	  0.0	0.000	0.000	0.000
335	  V	  7.2	  0.0	0.000	0.000	0.000
336	  F	  5.7	  0.7	0.000	0.000	0.000
337	  S	  4.8	  1.4	0.000	0.000	0.000
338	  N	  0.3	  1.6	0.000	0.000	0.000
339	  G	  0.0	  2.0	0.000	0.000	0.000
340	  A	  0.1	  1.3	0.000	0.000	0.000
341	  D	  0.2	  2.7	0.000	0.000	0.000
342	  L	  0.4	  2.7	0.000	0.000	0.000
343	  S	  0.3	  2.3	0.000	0.000	0.000
344	  G	  0.3	  2.2	0.000	0.000	0.000
345	  V	  0.9	  0.2	0.000	0.000	0.000
346	  T	  0.9	  0.1	0.000	0.000	0.000
347	  E	  0.9	  0.1	0.000	0.000	0.000
348	  E	  0.1	  0.1	0.000	0.000	0.000
349	  A	  0.1	  0.2	0.000	0.000	0.000
350	  P	  0.0	  0.1	0.000	0.000	0.000
351	  L	  1.5	  0.2	0.000	0.000	0.000
352	  K	  2.0	  0.2	0.000	0.000	0.000
353	  L	  2.2	  0.1	0.000	0.000	0.000
354	  S	  0.9	  0.1	0.000	0.000	0.000
355	  K	  0.6	  0.1	0.000	0.000	0.000
356	  A	  1.3	  0.1	0.000	0.000	0.000
357	  V	  2.3	  0.0	0.000	0.000	0.000
358	  H	  2.4	  0.0	0.000	0.000	0.000
359	  K	  1.7	  0.0	0.000	0.000	0.000
360	  A	  1.3	  0.0	0.000	21.638	21.638
361	  V	  2.7	  0.0	0.000	21.638	21.638
362	  L	  6.2	  0.0	0.000	21.638	21.638
363	  T	  9.8	  0.0	0.275	21.638	21.638
364	  I	  8.4	  0.0	0.275	21.638	21.638
365	  D	  4.6	  0.5	0.275	0.000	0.000
366	  E	  0.2	  0.8	0.275	0.000	0.000
367	  K	  0.1	  0.8	0.275	0.000	0.000
368	  G	  0.1	  0.8	0.275	0.000	0.000
369	  T	  0.1	  0.4	0.338	0.000	0.000
370	  E	  0.1	  0.1	0.338	0.000	0.000
371	  A	  0.1	  0.4	0.338	0.000	0.000
372	  A	  0.1	  0.6	0.338	0.000	0.000
373	  G	  0.0	  0.6	0.338	0.133	0.133
374	  A	  0.2	  0.6	0.338	0.133	0.133
375	  M	  1.2	  0.2	0.163	0.133	0.133
376	  F	  1.9	  0.0	0.000	0.133	0.133
377	  L	  1.9	  0.0	0.000	0.133	0.133
378	  E	  1.0	  0.0	0.000	0.000	0.000
379	  A	  0.3	  0.0	0.000	0.000	0.000
380	  I	  0.1	  0.0	0.000	0.000	0.000
381	  P	  0.1	  0.0	0.000	0.000	0.000
382	  M	  3.6	  0.0	0.000	0.000	0.000
383	  S	  3.6	  0.0	0.000	0.000	0.000
384	  I	  3.6	  0.0	0.000	0.000	0.000
385	  P	  0.0	  0.2	0.547	0.000	0.000
386	  P	  0.0	  0.2	0.547	0.000	0.000
387	  E	 14.1	  0.2	0.547	0.000	0.000
388	  V	 17.0	  0.2	0.547	0.000	0.000
389	  K	 17.7	  0.0	0.547	0.000	0.000
390	  F	  5.2	  0.0	0.547	0.000	0.000
391	  N	  2.0	  0.0	0.419	0.000	0.000
392	  K	  1.2	  0.0	0.111	0.000	0.000
393	  P	  0.0	  0.0	0.000	1.206	1.206
394	  F	  1.8	  0.0	0.000	98.594	98.594
395	  V	  5.4	  0.0	0.000	99.570	99.570
396	  F	  6.2	  0.0	0.000	99.570	99.570
397	  L	  5.5	  0.0	0.000	99.570	99.570
398	  M	  2.0	  0.0	0.000	99.558	99.558
399	  I	  1.7	  0.0	0.000	91.294	91.294
400	  E	  0.8	  0.1	0.000	0.000	0.000
401	  Q	  0.9	  0.1	0.000	0.000	0.000
402	  N	  0.9	  0.2	0.000	0.000	0.000
403	  T	  6.8	  0.1	0.000	0.000	0.000
404	  K	  6.6	  0.0	0.000	0.000	0.000
405	  S	  6.1	  0.3	0.000	0.000	0.000
406	  P	  0.1	  0.2	0.000	0.000	0.000
407	  L	  0.8	  0.2	0.000	0.000	0.000
408	  F	  1.5	  0.4	0.000	0.000	0.000
409	  M	  1.6	  0.2	0.000	0.000	0.000
410	  G	  0.8	  0.2	0.000	0.000	0.000
411	  K	  2.0	  0.2	0.000	0.000	0.000
412	  V	  9.4	  0.0	0.000	0.000	0.000
413	  V	  9.6	  0.0	0.000	0.000	0.000
414	  N	  7.7	  0.5	0.000	0.000	0.000
415	  P	  0.3	  0.5	0.000	0.000	0.000
416	  T	  1.9	  0.5	0.000	0.000	0.000
417	  Q	  1.9	  0.5	0.000	0.000	0.000
418	  K	  1.9	  0.0	0.000	0.000	0.000
