res	aa	Beta	Turn	Helix	Aggregation	Conc-Stab_Aggregation
01	  M	  0.0	  0.0	0.000	0.000	0.000
02	  A	  0.1	  0.0	0.000	0.000	0.000
03	  E	  0.1	  0.3	0.000	0.000	0.000
04	  P	  0.0	  0.3	0.000	0.000	0.000
05	  R	  0.0	  0.4	0.000	0.000	0.000
06	  G	  0.0	  0.4	0.000	0.000	0.000
07	  P	  0.0	  0.0	0.000	0.000	0.000
08	  V	  0.8	  0.1	0.000	0.000	0.000
09	  D	  0.8	  0.6	0.000	0.000	0.000
10	  H	  0.9	  0.6	0.000	0.000	0.000
11	  G	  0.1	  0.6	0.125	0.000	0.000
12	  V	  4.0	  0.6	0.125	0.000	0.000
13	  Q	  5.0	  0.0	0.125	0.000	0.000
14	  I	  8.3	  0.0	0.125	0.000	0.000
15	  R	  5.4	  0.0	0.125	0.000	0.000
16	  F	  4.9	  0.0	0.125	0.000	0.000
17	  I	  3.4	  0.0	0.000	0.000	0.000
18	  T	  2.6	  0.0	0.000	0.000	0.000
19	  E	  1.8	  0.0	0.000	0.000	0.000
20	  P	  0.0	  0.0	0.000	0.000	0.000
21	  V	  0.7	  0.1	0.000	0.000	0.000
22	  S	  0.7	  0.3	0.145	0.000	0.000
23	  G	  0.7	  0.3	0.145	0.000	0.000
24	  A	  0.1	  0.3	0.145	0.000	0.000
25	  E	  0.1	  0.2	0.145	0.000	0.000
26	  M	  0.2	  0.1	0.145	0.000	0.000
27	  G	  0.1	  0.1	0.325	0.000	0.000
28	  T	  2.5	  0.1	0.349	0.000	0.000
29	  L	  2.6	  0.3	0.349	0.000	0.000
30	  R	  2.8	  0.2	0.349	0.000	0.000
31	  R	  0.3	  1.6	0.349	0.000	0.000
32	  G	  0.2	  1.7	0.349	0.000	0.000
33	  G	  0.1	  1.6	0.168	0.000	0.000
34	  R	  0.1	  1.5	0.000	0.000	0.000
35	  R	  0.1	  0.2	0.000	0.000	0.000
36	  P	  0.1	  0.0	0.000	0.000	0.000
37	  A	  0.0	  0.3	0.000	0.000	0.000
38	  K	  0.1	  0.3	0.000	0.000	0.000
39	  D	  0.1	  0.5	0.134	0.000	0.000
40	  A	  0.2	  0.6	0.134	0.000	0.000
41	  R	  0.3	  0.3	0.134	0.000	0.000
42	  A	  0.3	  0.3	0.134	0.000	0.000
43	  S	  1.0	  0.1	0.134	0.000	0.000
44	  T	  1.8	  0.1	0.134	0.518	0.518
45	  Y	  1.9	  0.1	0.134	1.391	1.391
46	  G	  1.4	  0.0	0.375	1.391	1.391
47	  V	  6.9	  0.0	0.241	1.391	1.391
48	  A	  7.3	  0.0	0.241	1.391	1.391
49	  V	 15.8	  0.0	0.241	1.391	1.391
50	  R	 10.7	  0.0	0.241	0.000	0.000
51	  V	 10.2	  0.1	0.241	0.000	0.000
52	  Q	  1.6	  0.1	0.241	0.000	0.000
53	  G	  0.6	  0.1	0.000	0.000	0.000
54	  I	  1.8	  0.4	0.000	0.000	0.000
55	  A	  1.8	  0.3	0.000	0.000	0.000
56	  G	  1.3	  0.3	0.000	0.000	0.000
57	  Q	  0.1	  0.3	0.000	0.000	0.000
58	  P	  0.0	  0.0	0.000	5.905	5.905
59	  F	  2.2	  0.0	0.000	25.286	25.286
60	  V	 10.1	  0.0	0.000	25.286	25.286
61	  V	 13.3	  0.0	0.000	25.286	25.286
62	  L	 11.5	  0.1	0.000	25.286	25.286
63	  N	  3.8	  0.6	0.113	19.602	19.602
64	  S	  0.5	  0.7	0.113	1.364	1.364
65	  G	  0.1	  1.0	0.113	0.547	0.547
66	  E	  0.1	  1.0	0.113	0.000	0.000
67	  K	  0.0	  0.9	0.113	0.000	0.000
68	  G	  0.0	  1.9	0.113	0.000	0.000
69	  G	  0.0	  1.8	0.113	0.000	0.000
70	  D	  0.6	  1.8	0.000	0.000	0.000
71	  S	  1.3	  1.8	0.147	0.000	0.000
72	  F	  1.5	  0.6	0.147	0.984	0.984
73	  G	  1.0	  0.5	0.147	0.984	0.984
74	  V	  4.2	  0.2	0.147	0.984	0.984
75	  Q	  5.7	  0.0	0.147	0.984	0.984
76	  I	  6.8	  0.3	0.147	0.984	0.984
77	  K	  3.0	  0.5	0.147	0.000	0.000
78	  G	  1.1	  1.0	0.000	0.000	0.000
79	  A	  0.0	  1.1	0.000	0.000	0.000
80	  N	  0.0	  1.0	0.000	0.000	0.000
81	  D	  0.0	  1.7	0.000	0.000	0.000
82	  Q	  0.0	  1.3	0.000	0.000	0.000
83	  G	  0.0	  1.9	0.000	0.000	0.000
84	  A	  0.1	  1.8	0.000	0.000	0.000
85	  S	  0.1	  1.4	0.000	0.000	0.000
86	  G	  0.1	  1.2	0.000	0.000	0.000
87	  A	  0.3	  0.5	0.000	0.000	0.000
88	  L	  0.6	  0.4	0.000	0.000	0.000
89	  S	  0.7	  2.0	0.000	0.000	0.000
90	  S	  0.4	  2.0	0.000	0.000	0.000
91	  D	  0.3	  2.0	0.000	0.000	0.000
92	  L	  1.7	  1.9	0.000	0.000	0.000
93	  E	  1.7	  0.0	0.000	0.000	0.000
94	  L	  1.5	  0.2	0.000	0.000	0.000
95	  P	  0.0	  0.2	0.000	0.000	0.000
96	  E	  0.0	  0.2	0.000	0.000	0.000
97	  N	  0.0	  0.5	0.169	0.000	0.000
98	  P	  0.0	  0.3	0.169	0.000	0.000
99	  Y	  2.3	  0.5	0.169	0.000	0.000
100	  S	  2.4	  0.5	0.473	0.000	0.000
101	  Q	  3.5	  0.1	0.473	0.000	0.000
102	  V	  1.8	  0.6	0.473	0.000	0.000
103	  K	  1.6	  0.5	0.473	0.000	0.000
104	  G	  0.6	  0.5	0.473	0.000	0.000
105	  F	  0.1	  0.5	0.473	0.000	0.000
106	  P	  0.0	  0.0	0.000	0.000	0.000
107	  A	  0.0	  0.4	0.000	0.000	0.000
108	  P	  0.0	  0.4	0.000	0.000	0.000
109	  S	  1.6	  1.0	0.000	0.000	0.000
110	  Q	  1.7	  1.1	0.000	0.000	0.000
111	  S	  2.1	  0.9	0.000	0.000	0.000
112	  S	  2.6	  1.1	0.000	0.000	0.000
113	  T	  2.5	  0.7	0.000	0.000	0.000
114	  S	  2.2	  0.7	0.000	0.000	0.000
115	  D	  0.1	  0.6	0.000	0.000	0.000
116	  E	  0.0	  0.3	0.000	0.000	0.000
117	  E	  0.0	  0.9	0.000	0.000	0.000
118	  P	  0.0	  1.0	0.000	0.000	0.000
119	  G	  0.0	  1.0	0.000	0.000	0.000
120	  A	  0.3	  1.0	0.000	0.000	0.000
121	  Y	  1.7	  0.4	0.000	0.000	0.000
122	  W	  1.7	  3.8	0.000	0.000	0.000
123	  N	  1.5	  3.9	0.132	0.000	0.000
124	  G	  0.1	  3.9	0.291	0.000	0.000
125	  K	  0.3	  3.7	0.291	0.000	0.000
126	  L	  0.4	  0.1	0.291	0.000	0.000
127	  L	  1.0	  0.1	0.291	0.000	0.000
128	  R	  1.2	  0.1	0.291	0.000	0.000
129	  S	  2.5	  0.3	0.160	0.000	0.000
130	  H	  2.0	  0.5	0.000	0.000	0.000
131	  S	  1.7	  0.4	0.244	0.000	0.000
132	  Q	  0.4	  0.3	0.244	0.000	0.000
133	  A	  0.7	  0.2	0.244	0.000	0.000
134	  S	  0.8	  0.1	0.244	0.000	0.000
135	  L	  0.6	  0.0	0.244	0.000	0.000
136	  A	  0.2	  0.2	0.244	0.000	0.000
137	  G	  0.0	  0.1	0.244	0.000	0.000
138	  P	  0.0	  0.1	0.000	0.000	0.000
139	  G	  0.0	  0.1	0.000	0.000	0.000
140	  P	  0.0	  0.0	0.000	0.000	0.000
141	  V	  0.2	  0.0	0.000	0.000	0.000
142	  D	  0.2	  6.3	0.219	0.000	0.000
143	  P	  0.2	  6.5	0.219	0.000	0.000
144	  S	  0.0	  6.6	0.219	0.000	0.000
145	  N	  0.0	  7.6	0.219	0.000	0.000
146	  R	  0.2	  1.5	0.219	0.000	0.000
147	  S	  0.3	  1.4	0.219	0.000	0.000
148	  N	  0.3	  1.4	0.000	0.000	0.000
149	  S	  0.4	  0.4	0.489	0.000	0.000
150	  M	  0.4	  0.2	0.489	0.000	0.000
151	  L	  1.0	  0.0	0.489	0.000	0.000
152	  E	  1.0	  0.0	0.489	0.000	0.000
153	  L	  1.0	  0.0	0.489	0.000	0.000
154	  A	  0.3	  0.2	0.489	0.000	0.000
155	  P	  0.0	  0.1	0.000	0.000	0.000
156	  K	  2.1	  0.1	0.000	0.000	0.000
157	  V	  6.3	  0.1	0.000	0.000	0.000
158	  A	  6.3	  0.0	0.000	0.000	0.000
159	  S	  4.2	  2.9	0.000	0.000	0.000
160	  P	  0.0	  3.5	0.000	0.000	0.000
161	  G	  0.0	  3.6	0.000	0.000	0.000
162	  S	  0.5	  3.6	0.000	0.000	0.000
163	  T	  5.0	  0.8	0.000	0.000	0.000
164	  I	  6.4	  0.1	0.000	0.000	0.000
165	  D	  6.0	  0.1	0.000	0.000	0.000
166	  T	  1.7	  0.1	0.000	0.000	0.000
167	  A	  0.3	  0.1	0.000	0.000	0.000
168	  P	  0.2	  0.1	0.000	0.000	0.000
169	  L	  0.3	  0.2	0.000	0.000	0.000
170	  S	  0.5	  0.2	0.000	0.000	0.000
171	  S	  4.9	  0.4	0.000	0.000	0.000
172	  V	  5.6	  0.5	0.000	0.000	0.000
173	  D	  5.5	  0.4	0.164	0.000	0.000
174	  S	  1.5	  0.4	1.160	0.000	0.000
175	  L	  0.9	  0.1	1.160	0.000	0.000
176	  I	  1.3	  0.1	1.160	0.000	0.000
177	  N	  1.2	  0.0	1.160	0.000	0.000
178	  K	  1.3	  0.1	1.160	0.000	0.000
179	  F	  1.8	  0.2	0.995	0.000	0.000
180	  D	  1.7	  0.2	0.147	0.000	0.000
181	  S	  1.2	  0.4	0.000	0.000	0.000
182	  Q	  0.3	  0.3	0.000	0.000	0.000
183	  L	  0.3	  1.8	0.000	0.000	0.000
184	  G	  0.1	  1.7	0.289	0.000	0.000
185	  G	  0.1	  1.6	0.454	0.000	0.000
186	  Q	  0.2	  1.7	0.454	0.000	0.000
187	  A	  0.3	  0.4	0.454	0.000	0.000
188	  R	  0.3	  0.5	0.454	0.000	0.000
189	  G	  0.1	  0.7	0.454	0.000	0.000
190	  R	  0.1	  0.7	0.291	0.000	0.000
191	  T	  0.1	  0.7	0.000	0.000	0.000
192	  G	  0.1	  0.6	0.354	0.000	0.000
193	  R	  0.4	  0.4	0.354	0.000	0.000
194	  R	  0.5	  0.3	0.354	0.000	0.000
195	  T	  1.0	  0.1	0.354	0.000	0.000
196	  R	  1.7	  0.1	0.354	0.000	0.000
197	  M	  1.5	  0.0	0.354	0.000	0.000
198	  L	  1.0	  0.0	0.000	0.000	0.000
199	  P	  0.0	  0.2	2.128	0.000	0.000
200	  P	  0.0	  0.3	2.499	0.000	0.000
201	  E	  0.0	  0.3	2.751	0.000	0.000
202	  Q	  0.3	  0.4	2.751	0.000	0.000
203	  R	  0.6	  0.2	2.751	0.000	0.000
204	  K	  0.7	  0.2	2.751	0.000	0.000
205	  R	  0.7	  0.2	2.299	0.000	0.000
206	  S	  2.8	  0.9	1.778	0.000	0.000
207	  K	  2.8	  0.9	0.379	0.000	0.000
208	  S	  4.9	  1.6	0.000	0.000	0.000
209	  L	  2.9	  1.6	0.000	0.000	0.000
210	  D	  2.8	  0.9	0.000	0.000	0.000
211	  S	  0.6	  0.9	0.000	0.000	0.000
212	  R	  0.4	  0.1	0.000	0.000	0.000
213	  L	  0.3	  0.2	0.000	0.000	0.000
214	  P	  0.1	  0.3	0.000	0.000	0.000
215	  R	  0.1	  0.4	0.000	0.000	0.000
216	  D	  1.6	  0.4	0.820	0.000	0.000
217	  T	 11.9	  0.2	5.298	0.000	0.000
218	  F	 12.4	  0.1	6.038	0.000	0.000
219	  E	 10.9	  0.1	7.194	0.000	0.000
220	  E	  0.7	  0.1	7.380	0.000	0.000
221	  R	  0.1	  0.1	7.380	0.000	0.000
222	  E	  0.4	  0.1	7.380	0.000	0.000
223	  R	  0.6	  0.1	7.213	0.000	0.000
224	  Q	  0.7	  0.2	6.798	0.000	0.000
225	  S	  1.0	  0.6	2.810	0.000	0.000
226	  T	  0.9	  0.5	0.318	0.000	0.000
227	  N	  1.2	  0.5	0.318	0.000	0.000
228	  H	  3.0	  0.4	0.132	0.000	0.000
229	  W	  4.6	  0.0	0.000	0.000	0.000
230	  T	  5.5	  0.1	0.000	0.000	0.000
231	  S	  3.5	  0.3	0.000	0.000	0.000
232	  S	  2.0	  0.3	0.000	0.000	0.000
233	  T	  2.0	  0.2	0.000	0.000	0.000
234	  K	  2.4	  0.3	0.000	0.000	0.000
235	  Y	  2.4	  0.3	0.000	0.000	0.000
236	  D	  1.1	  0.3	0.000	0.000	0.000
237	  N	  0.6	  0.3	0.000	0.000	0.000
238	  H	  0.6	  0.4	0.000	0.000	0.000
239	  V	  0.6	  0.5	0.000	0.000	0.000
240	  G	  0.5	  0.5	0.000	0.000	0.000
241	  T	  1.5	  0.6	0.000	0.000	0.000
242	  S	  1.9	  0.4	0.000	0.000	0.000
243	  K	  1.9	  0.1	0.000	0.000	0.000
244	  Q	  0.6	  0.1	0.000	0.000	0.000
245	  P	  0.0	  0.0	0.000	0.000	0.000
246	  A	  0.1	  0.1	0.000	0.000	0.000
247	  Q	  0.3	  0.1	0.000	0.000	0.000
248	  S	  1.2	  1.4	0.000	0.000	0.000
249	  Q	  1.3	  1.4	0.000	0.000	0.000
250	  N	  1.5	  1.3	0.000	0.000	0.000
251	  L	  0.8	  1.2	0.000	0.000	0.000
252	  S	  0.6	  0.2	0.136	0.000	0.000
253	  P	  0.1	  0.4	0.136	0.000	0.000
254	  L	  0.2	  0.9	0.136	0.000	0.000
255	  S	  0.2	  0.9	0.136	0.000	0.000
256	  G	  0.3	  0.7	0.136	0.000	0.000
257	  F	  1.9	  0.5	0.136	0.000	0.000
258	  S	  3.5	  0.7	0.000	0.000	0.000
259	  R	  3.7	  0.7	0.000	0.000	0.000
260	  S	  2.3	  0.8	0.134	0.000	0.000
261	  R	  0.8	  0.7	0.134	0.000	0.000
262	  Q	  0.8	  0.2	0.134	0.000	0.000
263	  T	  1.1	  0.3	0.134	0.000	0.000
264	  Q	  1.2	  0.3	0.134	0.000	0.000
265	  D	  1.2	  0.2	0.134	0.000	0.000
266	  W	  1.6	  0.2	0.000	0.000	0.000
267	  V	  3.5	  0.0	0.000	0.000	0.000
268	  L	  3.5	  0.2	0.000	0.000	0.000
269	  Q	  3.4	  0.2	0.000	0.000	0.000
270	  S	  8.0	  0.2	0.000	0.000	0.000
271	  F	  9.4	  0.2	0.000	0.000	0.000
272	  E	  8.5	  0.0	0.000	0.000	0.000
273	  E	  1.7	  0.0	0.127	0.000	0.000
274	  P	  0.0	  0.0	0.127	0.000	0.000
275	  R	  0.3	  0.1	0.127	0.000	0.000
276	  R	  0.6	  0.2	0.127	0.000	0.000
277	  S	  0.9	  0.3	0.127	0.000	0.000
278	  A	  0.6	  0.3	0.127	0.000	0.000
279	  Q	  0.4	  0.2	0.127	0.000	0.000
280	  D	  0.1	  0.5	0.782	0.000	0.000
281	  P	  0.0	  0.3	0.782	0.000	0.000
282	  T	  0.9	  0.3	0.782	0.323	0.323
283	  M	  1.1	  0.3	0.782	0.323	0.323
284	  L	  2.8	  0.0	0.782	0.323	0.323
285	  Q	  4.0	  0.0	0.782	0.323	0.323
286	  F	  4.7	  0.1	0.658	0.323	0.323
287	  K	  4.2	  0.1	0.117	0.000	0.000
288	  S	  2.2	  0.1	0.000	0.000	0.000
289	  T	  1.2	  1.1	0.000	0.000	0.000
290	  P	  0.1	  1.0	0.000	0.000	0.000
291	  D	  0.0	  1.0	0.243	0.000	0.000
292	  L	  0.2	  1.0	0.243	0.000	0.000
293	  L	  0.3	  0.2	0.243	0.000	0.000
294	  R	  0.4	  0.2	0.243	0.000	0.000
295	  D	  0.3	  0.3	0.423	0.000	0.000
296	  Q	  0.5	  0.4	0.423	0.000	0.000
297	  Q	  0.4	  0.2	0.180	0.000	0.000
298	  E	  0.5	  0.2	0.180	0.000	0.000
299	  A	  0.1	  0.1	0.180	0.000	0.000
300	  A	  0.1	  0.0	0.180	0.000	0.000
301	  P	  0.0	  2.4	0.000	0.000	0.000
302	  P	  0.0	  2.4	0.000	0.000	0.000
303	  G	  0.0	  2.4	0.000	0.000	0.000
304	  S	  4.4	  2.8	0.000	0.000	0.000
305	  V	  5.1	  0.5	0.000	0.000	0.000
306	  D	  5.1	  0.4	0.134	0.000	0.000
307	  H	  1.5	  0.4	0.134	0.000	0.000
308	  M	  1.1	  0.0	0.134	0.000	0.000
309	  K	  1.6	  0.0	0.134	0.000	0.000
310	  A	  1.7	  0.0	0.134	4.519	4.519
311	  T	  4.1	  0.0	0.134	9.864	9.864
312	  I	  4.6	  0.0	0.134	33.855	33.855
313	  Y	  4.1	  0.3	0.134	33.855	33.855
314	  G	  1.4	  0.3	0.000	33.855	33.855
315	  I	  2.7	  0.3	0.000	33.855	33.855
316	  L	  2.4	  0.5	0.000	33.618	33.618
317	  R	  2.4	  0.6	0.000	0.000	0.000
318	  E	  0.0	  1.5	0.000	0.000	0.000
319	  G	  0.0	  1.7	0.000	0.000	0.000
320	  S	  0.1	  1.7	0.000	0.000	0.000
321	  S	  0.3	  1.9	0.000	0.000	0.000
322	  E	  0.3	  1.0	0.000	0.000	0.000
323	  S	  0.2	  1.0	0.587	0.000	0.000
324	  E	  0.1	  1.0	0.587	0.000	0.000
325	  T	  1.0	  0.2	2.273	0.000	0.000
326	  S	  4.5	  0.1	2.432	0.000	0.000
327	  V	  5.7	  0.0	2.432	0.000	0.000
328	  R	  5.0	  0.0	2.432	0.000	0.000
329	  R	  2.0	  0.0	2.432	0.000	0.000
330	  K	  1.9	  0.0	2.274	0.000	0.000
331	  V	  6.2	  0.0	0.677	10.909	10.909
332	  S	  5.9	  0.0	0.974	10.909	10.909
333	  L	  6.8	  0.0	0.405	10.909	10.909
334	  V	  3.7	  0.0	0.405	10.909	10.909
335	  L	  3.4	  0.0	0.405	10.909	10.909
336	  E	  1.6	  0.0	0.405	0.000	0.000
337	  K	  1.5	  0.0	0.405	0.000	0.000
338	  M	  1.5	  0.0	0.110	0.000	0.000
339	  Q	  1.4	  0.0	0.110	0.000	0.000
340	  P	  0.1	  0.0	0.000	0.640	0.640
341	  L	  2.1	  0.0	0.000	7.914	7.914
342	  V	  9.4	  0.0	0.000	8.061	8.061
343	  M	 10.3	  0.0	0.000	8.061	8.061
344	  V	  9.5	  0.2	0.000	8.061	8.061
345	  S	  2.3	  0.6	0.000	7.421	7.421
346	  S	  1.6	  2.4	0.000	0.950	0.950
347	  G	  0.3	  2.5	0.000	0.000	0.000
348	  S	  0.6	  2.4	0.000	0.000	0.000
349	  T	  0.9	  2.0	0.024	0.000	0.000
350	  K	  1.0	  0.1	0.024	0.000	0.000
351	  A	  0.9	  0.0	0.024	0.000	0.000
352	  V	  0.5	  0.1	0.129	0.000	0.000
353	  A	  0.4	  0.1	0.174	0.000	0.000
354	  G	  0.1	  0.1	6.187	0.000	0.000
355	  Q	  0.0	  0.1	6.490	0.000	0.000
356	  G	  0.0	  0.1	46.775	0.000	0.000
357	  E	  0.1	  0.1	52.133	0.000	0.000
358	  L	  0.1	  0.0	53.309	0.000	0.000
359	  T	  0.2	  0.0	62.409	0.000	0.000
360	  R	  0.2	  0.0	63.758	0.000	0.000
361	  K	  1.1	  0.0	69.453	0.000	0.000
362	  V	  1.0	  0.0	70.756	0.000	0.000
363	  E	  1.0	  0.0	76.250	0.000	0.000
364	  E	  0.1	  0.0	81.430	0.000	0.000
365	  L	  0.1	  0.0	81.918	0.000	0.000
366	  Q	  0.1	  0.0	81.754	0.000	0.000
367	  R	  0.1	  0.0	81.301	0.000	0.000
368	  K	  0.1	  0.0	81.058	0.000	0.000
369	  L	  0.1	  0.0	79.539	0.000	0.000
370	  D	  0.1	  0.0	81.897	0.000	0.000
371	  E	  0.0	  0.0	81.438	0.000	0.000
372	  E	  1.8	  0.0	80.571	0.000	0.000
373	  V	  1.9	  0.0	79.243	0.000	0.000
374	  K	  1.9	  0.0	79.168	0.000	0.000
375	  K	  0.1	  0.0	75.213	0.000	0.000
376	  R	  0.1	  0.0	70.082	0.000	0.000
377	  Q	  0.1	  0.0	50.800	0.000	0.000
378	  K	  0.6	  0.0	17.212	0.000	0.000
379	  L	  0.6	  0.0	5.698	0.000	0.000
380	  E	  0.6	  0.1	3.075	0.000	0.000
381	  P	  0.0	  0.1	0.000	0.000	0.000
382	  S	  0.1	  0.1	0.000	0.000	0.000
383	  Q	  0.2	  0.1	0.000	0.000	0.000
384	  V	  0.5	  0.1	0.000	0.000	0.000
385	  G	  0.4	  0.0	0.777	0.000	0.000
386	  L	  0.4	  0.1	0.777	0.000	0.000
387	  E	  0.4	  0.1	0.919	0.000	0.000
388	  R	  1.2	  0.1	0.919	0.000	0.000
389	  Q	  2.6	  0.1	0.919	0.000	0.000
390	  L	  2.2	  0.1	0.919	0.000	0.000
391	  E	  1.6	  0.1	0.919	0.000	0.000
392	  E	  0.5	  0.1	0.781	0.000	0.000
393	  K	  0.7	  0.1	1.696	0.000	0.000
394	  T	  0.6	  0.2	7.615	0.000	0.000
395	  E	  0.4	  0.2	8.917	0.000	0.000
396	  E	  0.5	  0.1	10.601	0.000	0.000
397	  C	  1.1	  0.2	14.668	0.000	0.000
398	  S	  1.2	  0.1	16.496	0.000	0.000
399	  R	  1.1	  0.1	20.225	0.000	0.000
400	  L	  0.5	  0.1	20.647	0.000	0.000
401	  Q	  0.5	  0.1	20.474	0.000	0.000
402	  E	  0.1	  0.1	20.433	0.000	0.000
403	  L	  0.2	  0.1	20.370	0.000	0.000
404	  L	  0.2	  0.1	20.609	0.000	0.000
405	  E	  0.3	  0.1	20.722	0.000	0.000
406	  R	  0.4	  0.2	19.439	0.000	0.000
407	  R	  0.3	  0.5	15.519	0.000	0.000
408	  K	  0.2	  0.5	8.543	0.000	0.000
409	  G	  0.1	  0.5	3.668	0.000	0.000
410	  E	  0.2	  0.4	2.010	0.000	0.000
411	  A	  0.2	  0.1	0.136	0.000	0.000
412	  Q	  0.3	  0.2	0.000	0.000	0.000
413	  Q	  0.3	  0.3	0.000	0.000	0.000
414	  S	  0.2	  0.3	0.733	0.000	0.000
415	  N	  0.1	  0.4	2.135	0.000	0.000
416	  K	  0.2	  0.3	2.135	0.000	0.000
417	  E	  0.5	  0.1	2.384	0.000	0.000
418	  L	  0.7	  0.2	2.384	0.000	0.000
419	  Q	  0.8	  0.2	2.508	0.000	0.000
420	  N	  0.8	  0.1	3.953	0.000	0.000
421	  M	  0.6	  0.2	3.394	0.000	0.000
422	  K	  0.6	  0.1	2.798	0.000	0.000
423	  R	  0.7	  0.1	2.189	0.000	0.000
424	  L	  1.0	  0.1	2.066	0.000	0.000
425	  L	  0.9	  0.1	2.066	0.000	0.000
426	  D	  0.5	  0.9	1.918	0.000	0.000
427	  Q	  0.2	  1.0	1.480	0.000	0.000
428	  G	  0.0	  1.4	0.451	0.000	0.000
429	  E	  0.0	  1.3	0.289	0.000	0.000
430	  D	  0.4	  0.5	0.289	0.000	0.000
431	  L	  1.2	  0.6	0.289	0.000	0.000
432	  R	  1.4	  0.4	0.289	0.000	0.000
433	  H	  1.1	  0.4	0.289	0.000	0.000
434	  G	  0.3	  0.4	1.328	0.000	0.000
435	  L	  0.2	  0.4	1.328	0.000	0.000
436	  E	  0.2	  0.1	1.328	0.000	0.000
437	  T	  1.0	  0.1	1.652	0.000	0.000
438	  Q	  1.5	  0.1	1.652	0.000	0.000
439	  V	  3.0	  0.0	1.652	0.000	0.000
440	  M	  3.0	  0.0	1.947	0.000	0.000
441	  E	  2.8	  0.0	2.235	0.000	0.000
442	  L	  1.4	  0.2	2.235	0.000	0.000
443	  Q	  0.7	  0.2	2.235	0.000	0.000
444	  N	  0.3	  0.3	1.647	0.000	0.000
445	  K	  1.2	  0.3	1.480	0.000	0.000
446	  L	  1.4	  0.1	1.110	0.000	0.000
447	  K	  1.6	  0.1	1.110	0.000	0.000
448	  H	  2.0	  0.0	0.249	0.000	0.000
449	  V	  1.9	  0.0	0.000	0.000	0.000
450	  Q	  1.7	  0.0	0.000	0.000	0.000
451	  G	  0.2	  0.0	0.000	0.000	0.000
452	  P	  0.0	  0.0	0.000	0.000	0.000
453	  E	  0.0	  0.0	0.240	0.000	0.000
454	  P	  0.0	  0.0	0.367	0.000	0.000
455	  A	  0.0	  0.0	0.367	0.000	0.000
456	  K	  0.6	  0.0	0.367	0.159	0.159
457	  E	  1.1	  0.0	0.367	0.317	0.317
458	  V	  5.0	  0.0	0.487	1.612	1.612
459	  L	  4.7	  0.0	0.870	1.612	1.612
460	  L	  4.4	  0.2	0.870	1.612	1.612
461	  K	  0.4	  0.2	0.870	1.453	1.453
462	  D	  0.2	  0.2	0.503	1.295	1.295
463	  L	  0.1	  0.2	0.503	1.295	1.295
464	  L	  0.1	  0.1	0.503	1.092	1.092
465	  E	  0.2	  0.1	1.309	0.000	0.000
466	  T	  0.3	  0.1	2.272	0.000	0.000
467	  R	  0.3	  0.2	2.272	0.000	0.000
468	  E	  0.3	  0.1	2.272	0.000	0.000
469	  L	  0.2	  0.1	2.542	0.000	0.000
470	  L	  0.1	  0.1	2.679	0.000	0.000
471	  E	  0.1	  0.0	2.679	0.000	0.000
472	  E	  0.5	  0.0	2.349	0.000	0.000
473	  V	  1.8	  0.0	2.079	0.000	0.000
474	  L	  1.8	  0.5	2.398	0.000	0.000
475	  E	  1.4	  0.6	2.826	0.000	0.000
476	  G	  0.0	  0.7	7.611	0.000	0.000
477	  K	  0.2	  0.7	6.670	0.000	0.000
478	  Q	  0.7	  0.2	6.278	0.000	0.000
479	  R	  2.5	  0.1	8.680	0.000	0.000
480	  V	  2.9	  0.0	10.439	0.000	0.000
481	  E	  2.4	  0.1	11.628	0.000	0.000
482	  E	  0.5	  0.1	11.949	0.000	0.000
483	  Q	  0.8	  0.1	12.114	0.000	0.000
484	  L	  2.1	  0.1	11.808	0.000	0.000
485	  R	  2.6	  0.0	11.983	0.000	0.000
486	  L	  2.0	  0.1	11.509	0.000	0.000
487	  R	  0.6	  0.1	9.611	0.000	0.000
488	  E	  0.1	  0.1	5.623	0.000	0.000
489	  R	  0.1	  0.1	3.243	0.000	0.000
490	  E	  0.7	  0.1	2.414	0.000	0.000
491	  L	  1.4	  0.1	1.977	0.000	0.000
492	  T	  1.9	  0.0	2.046	0.000	0.000
493	  A	  1.5	  0.0	2.046	0.000	0.000
494	  L	  0.7	  0.3	2.046	0.000	0.000
495	  K	  0.3	  0.4	1.733	0.000	0.000
496	  G	  0.1	  0.4	0.312	0.000	0.000
497	  A	  0.2	  0.4	0.202	0.000	0.000
498	  L	  0.3	  0.1	0.000	0.000	0.000
499	  K	  0.4	  0.1	0.126	0.000	0.000
500	  E	  0.3	  0.1	0.126	0.000	0.000
501	  E	  1.9	  0.1	0.126	0.000	0.000
502	  V	  4.1	  0.0	0.126	0.000	0.000
503	  A	  4.3	  0.1	0.126	0.000	0.000
504	  S	  2.8	  1.2	0.126	0.000	0.000
505	  R	  0.5	  1.2	0.126	0.000	0.000
506	  D	  0.4	  1.3	0.272	0.000	0.000
507	  Q	  0.5	  1.2	0.272	0.000	0.000
508	  E	  2.6	  0.1	0.272	0.000	0.000
509	  V	  5.3	  0.1	0.272	0.000	0.000
510	  E	  5.0	  0.0	0.272	0.000	0.000
511	  H	  4.4	  0.0	0.272	0.000	0.000
512	  V	  3.9	  0.0	0.272	0.000	0.000
513	  R	  4.2	  0.1	0.272	0.000	0.000
514	  Q	  3.8	  0.1	0.159	0.000	0.000
515	  Q	  5.3	  0.1	0.159	0.000	0.000
516	  Y	  6.7	  0.1	0.000	0.000	0.000
517	  Q	  5.6	  0.1	0.000	0.000	0.000
518	  R	  2.0	  0.2	0.386	0.000	0.000
519	  D	  0.3	  0.2	1.892	0.000	0.000
520	  T	  0.3	  0.2	15.092	0.000	0.000
521	  E	  0.2	  0.2	15.283	0.000	0.000
522	  Q	  0.8	  0.1	15.283	0.000	0.000
523	  L	  0.9	  0.1	15.283	0.000	0.000
524	  R	  1.1	  0.1	15.283	0.000	0.000
525	  R	  0.9	  0.1	15.125	0.000	0.000
526	  S	  1.4	  0.1	10.370	0.000	0.000
527	  M	  1.3	  0.2	3.414	0.000	0.000
528	  Q	  0.9	  0.2	1.723	0.000	0.000
529	  D	  0.3	  0.4	0.595	0.000	0.000
530	  A	  0.3	  0.5	0.265	0.000	0.000
531	  T	  0.9	  0.5	0.000	0.000	0.000
532	  Q	  0.9	  0.5	0.000	0.000	0.000
533	  D	  0.7	  0.3	0.314	0.000	0.000
534	  H	  0.6	  0.3	0.597	0.000	0.000
535	  A	  1.4	  0.0	0.716	0.000	0.000
536	  V	  2.7	  0.0	1.284	0.000	0.000
537	  L	  2.4	  0.0	4.538	0.000	0.000
538	  E	  1.6	  0.0	5.470	0.000	0.000
539	  A	  0.3	  0.1	6.282	0.000	0.000
540	  E	  0.4	  0.1	6.744	0.000	0.000
541	  R	  0.7	  0.1	6.744	0.000	0.000
542	  Q	  0.9	  0.1	6.744	0.000	0.000
543	  K	  1.1	  0.1	5.085	0.000	0.000
544	  M	  1.6	  0.1	3.875	0.000	0.000
545	  S	  1.4	  0.0	3.333	0.000	0.000
546	  A	  1.1	  0.0	2.664	0.000	0.000
547	  L	  0.6	  0.0	2.664	0.000	0.000
548	  V	  1.3	  0.1	1.832	0.000	0.000
549	  R	  1.1	  0.1	1.832	0.000	0.000
550	  G	  0.9	  0.1	1.111	0.000	0.000
551	  L	  0.2	  0.1	0.678	0.000	0.000
552	  Q	  0.4	  0.1	0.467	0.000	0.000
553	  R	  0.4	  0.1	0.234	0.000	0.000
554	  E	  0.5	  0.1	0.234	0.000	0.000
555	  L	  0.2	  0.1	0.234	0.000	0.000
556	  E	  0.2	  0.1	0.234	0.000	0.000
557	  E	  0.1	  0.1	0.234	0.000	0.000
558	  T	  0.3	  0.2	0.000	0.000	0.000
559	  S	  0.3	  0.2	0.402	0.000	0.000
560	  E	  0.2	  0.3	0.402	0.000	0.000
561	  E	  0.1	  0.4	0.402	0.000	0.000
562	  T	  0.1	  0.3	0.402	0.000	0.000
563	  G	  0.1	  0.3	0.402	0.000	0.000
564	  H	  2.5	  0.1	0.402	0.000	0.000
565	  W	  3.4	  0.2	0.000	0.000	0.000
566	  Q	  3.6	  0.2	0.000	0.000	0.000
567	  S	  1.5	  0.2	0.000	0.000	0.000
568	  M	  0.9	  0.2	0.000	0.000	0.000
569	  F	  2.6	  0.1	0.000	0.000	0.000
570	  Q	  2.4	  0.2	0.000	0.000	0.000
571	  K	  2.2	  0.2	0.000	0.000	0.000
572	  N	  0.3	  0.4	1.053	0.000	0.000
573	  K	  0.2	  0.8	1.053	0.000	0.000
574	  E	  0.1	  0.7	1.053	0.000	0.000
575	  D	  0.4	  0.7	1.570	0.000	0.000
576	  L	  0.8	  0.5	1.570	0.000	0.000
577	  R	  1.0	  0.0	1.570	0.000	0.000
578	  A	  0.9	  0.0	1.238	0.000	0.000
579	  T	  1.9	  0.1	4.734	0.000	0.000
580	  K	  2.0	  0.1	4.734	0.000	0.000
581	  Q	  1.8	  0.1	4.334	0.000	0.000
582	  E	  0.4	  0.1	4.025	0.000	0.000
583	  L	  0.3	  0.1	4.161	0.000	0.000
584	  L	  1.7	  0.1	4.161	0.000	0.000
585	  Q	  2.5	  0.0	3.955	0.000	0.000
586	  L	  4.0	  0.0	3.196	0.000	0.000
587	  R	  2.9	  0.0	2.576	0.000	0.000
588	  M	  2.2	  0.0	1.758	0.000	0.000
589	  E	  0.7	  0.1	0.818	0.000	0.000
590	  K	  0.4	  0.1	0.484	0.000	0.000
591	  E	  0.3	  0.1	0.324	0.000	0.000
592	  E	  0.4	  0.1	0.123	0.000	0.000
593	  M	  0.2	  0.1	0.000	0.000	0.000
594	  E	  0.2	  0.1	0.000	0.000	0.000
595	  E	  0.0	  0.2	0.000	0.000	0.000
596	  E	  0.0	  0.2	0.952	0.000	0.000
597	  L	  0.0	  0.2	0.952	0.000	0.000
598	  G	  0.0	  0.2	1.892	0.000	0.000
599	  E	  0.1	  0.1	2.119	0.000	0.000
600	  K	  3.9	  0.1	2.942	0.299	0.299
601	  I	 11.3	  0.1	3.189	0.299	0.299
602	  E	 11.7	  0.0	3.975	0.299	0.299
603	  V	 10.3	  0.0	4.859	0.299	0.299
604	  L	  2.7	  0.0	6.244	0.299	0.299
605	  Q	  2.4	  0.1	6.244	0.000	0.000
606	  R	  0.3	  0.1	6.545	0.000	0.000
607	  E	  0.4	  0.1	6.471	0.000	0.000
608	  L	  0.2	  0.1	7.146	0.000	0.000
609	  E	  0.2	  0.1	8.181	0.000	0.000
610	  Q	  0.2	  0.1	8.181	0.000	0.000
611	  A	  0.2	  0.1	6.352	0.000	0.000
612	  R	  0.3	  0.2	6.238	0.000	0.000
613	  A	  0.3	  0.2	5.050	0.000	0.000
614	  S	  0.4	  0.8	4.128	0.000	0.000
615	  A	  0.3	  2.7	1.318	0.000	0.000
616	  G	  0.1	  2.6	1.161	0.000	0.000
617	  D	  0.3	  2.6	0.349	0.000	0.000
618	  T	  1.5	  2.1	1.033	0.000	0.000
619	  R	  2.0	  0.1	1.327	0.000	0.000
620	  Q	  3.3	  0.1	1.475	0.000	0.000
621	  V	 20.0	  0.0	1.757	0.000	0.000
622	  E	 20.0	  0.0	2.329	0.000	0.000
623	  V	 19.5	  0.0	2.490	0.000	0.000
624	  L	  1.6	  0.0	2.744	0.000	0.000
625	  K	  1.2	  0.1	2.856	0.000	0.000
626	  K	  0.3	  0.1	2.856	0.000	0.000
627	  E	  0.3	  0.1	2.217	0.000	0.000
628	  L	  0.3	  0.1	2.101	0.000	0.000
629	  L	  0.3	  0.1	2.101	0.000	0.000
630	  R	  0.5	  0.1	1.715	0.000	0.000
631	  T	  0.8	  0.1	4.769	0.000	0.000
632	  Q	  0.7	  0.1	4.769	0.000	0.000
633	  E	  0.5	  0.1	4.921	0.000	0.000
634	  E	  1.3	  0.1	5.770	0.000	0.000
635	  L	  1.3	  0.1	5.770	0.000	0.000
636	  K	  1.4	  0.1	6.090	0.000	0.000
637	  E	  0.5	  0.1	5.474	0.000	0.000
638	  L	  0.7	  0.1	5.294	0.000	0.000
639	  Q	  0.9	  0.0	4.962	0.000	0.000
640	  A	  0.6	  0.1	3.703	0.000	0.000
641	  E	  0.6	  0.1	3.011	0.000	0.000
642	  R	  0.6	  0.1	2.158	0.000	0.000
643	  Q	  0.8	  0.2	1.557	0.000	0.000
644	  S	  0.8	  0.2	0.609	0.000	0.000
645	  Q	  0.9	  0.2	0.399	0.000	0.000
646	  E	  2.4	  0.1	0.266	0.000	0.000
647	  V	  2.7	  0.3	0.266	0.000	0.000
648	  A	  2.4	  0.5	0.266	0.000	0.000
649	  G	  0.7	  0.5	0.266	0.000	0.000
650	  R	  0.5	  0.5	0.266	0.000	0.000
651	  H	  0.7	  0.7	0.000	0.000	0.000
652	  R	  0.7	  0.5	0.000	0.000	0.000
653	  D	  0.2	  0.5	4.133	0.000	0.000
654	  R	  0.1	  0.5	5.423	0.000	0.000
655	  E	  0.2	  0.1	5.785	0.000	0.000
656	  L	  0.3	  0.1	5.785	0.000	0.000
657	  E	  0.4	  0.1	6.112	0.000	0.000
658	  K	  0.4	  0.1	6.112	0.000	0.000
659	  Q	  0.4	  0.1	5.363	0.722	0.722
660	  L	  0.6	  0.1	4.115	1.321	1.321
661	  A	  1.2	  0.0	3.891	1.321	1.321
662	  V	  3.0	  0.0	3.456	1.321	1.321
663	  L	  4.8	  0.0	3.305	1.321	1.321
664	  R	  5.9	  0.0	2.073	0.599	0.599
665	  V	  5.6	  0.0	0.657	0.599	0.599
666	  E	  3.6	  0.2	0.524	0.599	0.599
667	  A	  1.6	  0.3	0.328	0.141	0.141
668	  D	  0.1	  0.9	3.032	0.000	0.000
669	  R	  0.1	  1.0	2.870	0.000	0.000
670	  G	  0.1	  0.8	3.797	0.000	0.000
671	  R	  0.1	  0.8	3.631	0.000	0.000
672	  E	  0.2	  0.1	3.631	0.000	0.000
673	  L	  0.2	  0.1	3.631	0.000	0.000
674	  E	  0.2	  0.1	4.741	0.000	0.000
675	  E	  0.2	  0.2	4.409	0.000	0.000
676	  Q	  0.3	  0.2	3.548	0.000	0.000
677	  N	  0.5	  0.2	3.436	0.000	0.000
678	  L	  1.9	  0.1	3.036	0.000	0.000
679	  Q	  2.8	  0.0	2.923	0.000	0.000
680	  L	  2.8	  0.0	2.557	0.000	0.000
681	  Q	  1.5	  0.1	2.289	0.000	0.000
682	  K	  0.6	  0.1	1.934	0.000	0.000
683	  T	  3.3	  0.1	1.325	0.000	0.000
684	  L	  3.2	  0.1	1.325	0.000	0.000
685	  Q	  3.3	  0.1	1.325	0.000	0.000
686	  Q	  1.3	  0.1	0.940	0.000	0.000
687	  L	  1.4	  0.1	0.425	0.000	0.000
688	  R	  2.2	  0.6	0.425	0.000	0.000
689	  Q	  1.6	  0.6	0.425	0.000	0.000
690	  D	  2.5	  0.6	1.003	0.000	0.000
691	  C	  1.8	  0.7	3.715	0.000	0.000
692	  E	  1.6	  0.2	4.482	0.000	0.000
693	  E	  0.7	  0.2	4.922	0.000	0.000
694	  A	  0.4	  0.2	4.922	0.000	0.000
695	  S	  0.5	  0.1	5.066	0.000	0.000
696	  K	  0.6	  0.1	5.066	0.000	0.000
697	  A	  0.6	  0.1	4.319	0.000	0.000
698	  K	  1.2	  0.0	3.620	0.000	0.000
699	  M	  2.1	  0.0	1.443	0.000	0.000
700	  V	  2.5	  0.0	0.266	0.000	0.000
701	  A	  1.9	  0.0	0.386	0.000	0.000
702	  E	  0.8	  0.0	0.386	0.000	0.000
703	  A	  0.1	  0.0	0.120	0.000	0.000
704	  E	  0.3	  0.0	0.322	0.000	0.000
705	  A	  1.0	  0.0	0.322	0.530	0.530
706	  T	  4.9	  0.0	0.322	0.530	0.530
707	  V	  5.3	  0.0	0.322	0.530	0.530
708	  L	  4.6	  0.0	0.322	0.530	0.530
709	  G	  0.6	  0.1	0.668	0.530	0.530
710	  Q	  0.3	  0.1	0.668	0.000	0.000
711	  R	  0.4	  0.1	0.346	0.000	0.000
712	  R	  0.5	  0.1	0.346	0.000	0.000
713	  A	  0.4	  0.1	0.346	0.000	0.000
714	  A	  0.5	  0.0	0.346	0.000	0.000
715	  V	  1.1	  0.0	0.158	0.000	0.000
716	  E	  1.1	  0.0	0.158	0.000	0.000
717	  T	  1.7	  0.1	0.000	0.000	0.000
718	  T	  3.5	  0.1	0.000	0.000	0.000
719	  L	  3.3	  0.1	0.000	0.000	0.000
720	  R	  2.5	  0.1	0.000	0.000	0.000
721	  E	  0.2	  0.1	0.000	0.000	0.000
722	  T	  0.4	  0.1	0.671	0.000	0.000
723	  Q	  0.4	  0.1	0.732	0.000	0.000
724	  E	  0.3	  0.1	0.853	0.000	0.000
725	  E	  0.1	  0.2	1.286	0.000	0.000
726	  N	  0.0	  0.2	45.117	0.000	0.000
727	  D	  0.0	  0.1	53.221	0.000	0.000
728	  E	  0.3	  0.0	53.672	0.000	0.000
729	  F	  1.2	  0.0	53.672	0.000	0.000
730	  R	  1.4	  0.0	53.672	0.000	0.000
731	  R	  1.9	  0.0	53.672	0.000	0.000
732	  R	  2.4	  0.0	53.079	0.000	0.000
733	  I	  2.7	  0.0	49.872	0.000	0.000
734	  L	  2.0	  0.0	49.591	0.000	0.000
735	  G	  0.6	  0.0	41.900	0.000	0.000
736	  L	  0.1	  0.0	17.040	0.000	0.000
737	  E	  0.1	  0.0	7.315	0.000	0.000
738	  Q	  0.3	  0.1	4.969	0.000	0.000
739	  Q	  1.2	  0.1	4.598	0.000	0.000
740	  L	  1.2	  0.1	3.654	0.000	0.000
741	  K	  1.1	  0.1	3.456	0.000	0.000
742	  E	  0.3	  0.1	2.515	0.000	0.000
743	  T	  0.3	  0.2	1.344	0.000	0.000
744	  R	  0.2	  0.2	1.344	0.000	0.000
745	  G	  0.2	  0.1	0.570	0.000	0.000
746	  L	  0.5	  0.2	0.064	0.000	0.000
747	  V	  0.7	  0.2	0.000	0.000	0.000
748	  D	  0.6	  1.0	1.799	0.000	0.000
749	  G	  0.2	  1.1	4.543	0.000	0.000
750	  G	  0.0	  1.0	12.921	0.000	0.000
751	  E	  0.1	  0.9	16.051	0.000	0.000
752	  A	  0.3	  0.1	22.295	0.000	0.000
753	  V	  1.4	  0.0	26.029	0.000	0.000
754	  E	  1.5	  0.0	28.354	0.000	0.000
755	  A	  1.4	  0.0	28.354	0.000	0.000
756	  R	  0.6	  0.0	28.825	0.000	0.000
757	  L	  0.7	  0.1	28.185	0.000	0.000
758	  R	  0.6	  0.2	28.072	0.000	0.000
759	  D	  0.1	  0.2	27.154	0.000	0.000
760	  K	  0.4	  0.2	25.164	0.000	0.000
761	  L	  0.5	  0.1	24.018	0.000	0.000
762	  Q	  0.7	  0.1	23.562	0.000	0.000
763	  R	  0.6	  0.0	19.431	0.000	0.000
764	  L	  0.6	  0.1	18.556	0.000	0.000
765	  E	  0.5	  0.0	17.850	0.000	0.000
766	  A	  0.2	  0.1	17.385	0.000	0.000
767	  E	  0.2	  0.1	18.852	0.000	0.000
768	  K	  0.3	  0.1	17.348	0.000	0.000
769	  Q	  0.5	  0.1	14.083	0.000	0.000
770	  Q	  1.6	  0.1	11.287	0.000	0.000
771	  L	  1.5	  0.1	10.088	0.000	0.000
772	  E	  1.2	  0.1	10.003	0.000	0.000
773	  E	  0.0	  0.1	9.918	0.000	0.000
774	  A	  0.2	  0.1	9.738	0.000	0.000
775	  L	  0.5	  0.0	9.738	0.000	0.000
776	  N	  0.5	  1.1	9.547	0.000	0.000
777	  A	  0.5	  1.2	5.354	0.000	0.000
778	  S	  0.5	  1.2	2.829	0.000	0.000
779	  Q	  0.5	  1.3	0.324	0.000	0.000
780	  E	  0.4	  0.2	0.099	0.000	0.000
781	  E	  0.1	  0.5	2.232	0.000	0.000
782	  E	  0.0	  1.0	2.360	0.000	0.000
783	  G	  0.0	  1.0	7.156	0.000	0.000
784	  S	  0.1	  0.9	16.267	0.000	0.000
785	  L	  0.2	  0.6	17.328	0.000	0.000
786	  A	  0.2	  0.0	19.228	0.000	0.000
787	  A	  0.2	  0.0	19.343	0.000	0.000
788	  A	  0.2	  0.0	19.806	0.000	0.000
789	  K	  0.3	  0.1	19.231	0.000	0.000
790	  R	  0.4	  0.1	15.526	0.000	0.000
791	  A	  0.4	  0.1	13.855	0.000	0.000
792	  L	  0.4	  0.0	13.420	0.000	0.000
793	  E	  0.3	  0.0	13.394	0.000	0.000
794	  A	  0.4	  0.0	12.323	0.000	0.000
795	  R	  0.6	  0.0	11.856	0.000	0.000
796	  L	  0.5	  0.1	9.258	0.000	0.000
797	  E	  0.4	  0.1	9.597	0.000	0.000
798	  E	  0.1	  0.1	9.154	0.000	0.000
799	  A	  0.2	  0.2	8.448	0.000	0.000
800	  Q	  0.2	  0.2	8.271	0.000	0.000
801	  R	  0.2	  0.2	6.609	0.000	0.000
802	  G	  0.2	  0.2	5.774	0.000	0.000
803	  L	  0.2	  0.1	2.879	0.000	0.000
804	  A	  0.3	  0.1	0.261	0.000	0.000
805	  R	  0.4	  0.2	0.128	0.000	0.000
806	  L	  0.3	  0.3	0.128	0.000	0.000
807	  G	  0.1	  0.3	0.611	0.000	0.000
808	  Q	  0.1	  0.3	0.611	0.000	0.000
809	  E	  0.2	  0.2	0.483	0.000	0.000
810	  Q	  0.3	  0.2	0.483	0.000	0.000
811	  Q	  0.4	  0.1	0.483	0.000	0.000
812	  T	  2.1	  0.1	0.997	0.000	0.000
813	  L	  2.0	  0.1	0.997	0.000	0.000
814	  N	  1.9	  0.0	2.810	0.000	0.000
815	  R	  0.2	  0.0	2.540	0.000	0.000
816	  A	  0.2	  0.0	2.327	0.000	0.000
817	  L	  0.2	  0.1	2.686	0.000	0.000
818	  E	  0.1	  0.2	4.497	0.000	0.000
819	  E	  0.0	  0.5	8.219	0.000	0.000
820	  E	  0.0	  0.6	8.507	0.000	0.000
821	  G	  0.0	  0.6	10.867	0.000	0.000
822	  K	  0.2	  0.5	10.723	0.000	0.000
823	  Q	  0.4	  0.2	10.558	0.000	0.000
824	  R	  0.6	  0.1	10.856	0.000	0.000
825	  E	  0.9	  0.1	10.856	0.000	0.000
826	  V	  2.4	  0.0	10.466	0.000	0.000
827	  L	  2.3	  0.1	10.466	0.000	0.000
828	  R	  2.0	  0.3	9.854	0.000	0.000
829	  R	  0.3	  0.3	9.252	0.000	0.000
830	  G	  0.2	  0.3	7.959	0.000	0.000
831	  K	  0.3	  0.2	3.639	0.000	0.000
832	  A	  0.4	  0.1	3.110	0.000	0.000
833	  E	  0.5	  0.1	3.895	0.000	0.000
834	  L	  0.2	  0.1	8.783	0.000	0.000
835	  E	  0.2	  0.1	12.510	0.000	0.000
836	  E	  0.3	  0.1	13.001	0.000	0.000
837	  Q	  0.5	  0.1	12.800	0.000	0.000
838	  K	  0.6	  0.1	12.462	0.000	0.000
839	  R	  0.7	  0.1	12.168	0.000	0.000
840	  L	  0.8	  0.1	11.681	0.000	0.000
841	  L	  0.7	  0.0	10.197	0.000	0.000
842	  D	  0.4	  0.1	8.423	0.000	0.000
843	  R	  0.7	  0.1	5.453	0.000	0.000
844	  T	  4.9	  0.1	0.269	0.000	0.000
845	  V	  5.1	  0.1	0.269	0.000	0.000
846	  D	  4.5	  0.1	1.867	0.000	0.000
847	  R	  2.7	  0.1	1.597	0.000	0.000
848	  L	  2.6	  0.1	1.597	0.000	0.000
849	  N	  2.7	  0.2	1.989	0.000	0.000
850	  K	  0.3	  0.1	1.989	0.000	0.000
851	  E	  0.3	  0.1	1.989	0.000	0.000
852	  L	  0.4	  0.1	1.758	0.000	0.000
853	  E	  0.3	  0.1	1.591	0.000	0.000
854	  K	  0.5	  0.0	1.252	0.000	0.000
855	  I	  0.4	  0.3	0.136	0.000	0.000
856	  G	  0.3	  0.6	0.576	0.000	0.000
857	  E	  0.1	  0.7	0.440	0.000	0.000
858	  D	  0.1	  0.8	1.410	0.000	0.000
859	  S	  0.4	  0.7	4.837	0.000	0.000
860	  K	  0.5	  0.3	4.837	0.000	0.000
861	  Q	  0.5	  0.3	4.837	0.000	0.000
862	  A	  0.5	  0.1	4.701	0.000	0.000
863	  L	  0.5	  0.1	4.701	0.000	0.000
864	  Q	  0.7	  0.1	4.571	0.000	0.000
865	  Q	  1.5	  0.1	3.546	0.000	0.000
866	  L	  1.7	  0.1	2.492	0.000	0.000
867	  Q	  1.6	  0.0	2.251	0.000	0.000
868	  A	  0.7	  0.0	1.566	0.000	0.000
869	  Q	  1.5	  0.0	1.349	0.000	0.000
870	  L	  1.4	  0.5	0.787	0.000	0.000
871	  E	  1.2	  0.5	1.023	0.000	0.000
872	  D	  0.4	  0.5	21.275	0.000	0.000
873	  Y	  1.0	  0.6	21.236	0.000	0.000
874	  K	  1.2	  0.1	21.479	0.000	0.000
875	  E	  0.9	  0.1	21.318	0.000	0.000
876	  K	  0.4	  0.1	21.318	0.000	0.000
877	  A	  0.3	  0.1	21.318	0.000	0.000
878	  R	  0.3	  0.1	20.299	0.000	0.000
879	  R	  0.4	  0.1	18.687	0.000	0.000
880	  E	  1.6	  0.1	17.261	0.000	0.000
881	  V	  2.1	  0.2	10.646	0.000	0.000
882	  A	  1.9	  0.2	11.146	0.000	0.000
883	  D	  0.6	  0.4	11.575	0.000	0.000
884	  A	  0.1	  0.4	10.733	0.000	0.000
885	  Q	  0.6	  0.3	9.934	0.000	0.000
886	  R	  0.8	  0.3	8.237	0.000	0.000
887	  Q	  0.8	  0.1	7.164	0.000	0.000
888	  A	  0.4	  0.3	4.750	0.000	0.000
889	  K	  0.3	  0.3	3.641	0.000	0.000
890	  D	  0.1	  0.3	1.797	0.000	0.000
891	  W	  0.6	  0.4	1.273	0.000	0.000
892	  A	  0.6	  0.2	0.903	0.000	0.000
893	  S	  0.5	  0.2	1.506	0.000	0.000
894	  E	  0.1	  0.2	1.198	0.000	0.000
895	  A	  0.1	  0.2	1.198	0.000	0.000
896	  E	  0.4	  0.1	1.198	0.000	0.000
897	  K	  0.6	  0.2	1.024	0.000	0.000
898	  T	  0.6	  0.3	0.712	0.000	0.000
899	  S	  0.3	  0.5	0.712	0.000	0.000
900	  G	  0.1	  0.5	0.407	0.000	0.000
901	  G	  0.0	  0.4	3.222	0.000	0.000
902	  L	  0.1	  0.3	3.481	0.000	0.000
903	  S	  0.2	  0.1	6.489	0.000	0.000
904	  R	  0.5	  0.1	8.719	0.000	0.000
905	  L	  0.6	  0.2	10.820	0.000	0.000
906	  Q	  0.6	  0.2	12.220	0.000	0.000
907	  D	  0.2	  0.1	19.960	0.000	0.000
908	  E	  0.6	  0.1	22.861	0.000	0.000
909	  I	  1.0	  0.0	23.774	0.000	0.000
910	  Q	  1.1	  0.0	23.774	0.000	0.000
911	  R	  1.1	  0.0	23.774	0.000	0.000
912	  L	  0.9	  0.1	23.774	0.000	0.000
913	  R	  0.8	  0.1	22.828	0.000	0.000
914	  Q	  0.5	  0.0	21.303	0.000	0.000
915	  A	  0.4	  0.0	17.566	0.000	0.000
916	  L	  0.5	  0.0	15.904	0.000	0.000
917	  Q	  0.6	  0.0	14.283	0.000	0.000
918	  A	  0.6	  0.1	7.350	0.000	0.000
919	  S	  0.4	  0.1	10.179	0.000	0.000
920	  Q	  0.4	  0.1	6.649	0.000	0.000
921	  A	  0.3	  0.1	5.573	0.000	0.000
922	  E	  0.4	  0.2	5.478	0.000	0.000
923	  R	  0.3	  0.2	5.873	0.000	0.000
924	  D	  0.3	  0.2	9.429	0.000	0.000
925	  T	  0.8	  0.1	9.494	0.000	0.000
926	  A	  0.9	  0.1	10.115	0.000	0.000
927	  R	  2.6	  0.2	9.977	0.000	0.000
928	  L	  2.0	  0.2	9.723	0.000	0.000
929	  D	  1.9	  0.3	15.918	0.000	0.000
930	  K	  0.2	  0.3	15.939	0.000	0.000
931	  E	  0.1	  0.1	16.083	0.000	0.000
932	  L	  0.3	  0.1	16.466	0.000	0.000
933	  L	  0.3	  0.0	16.624	0.000	0.000
934	  A	  0.3	  0.0	16.363	0.000	0.000
935	  Q	  0.4	  0.0	15.151	0.000	0.000
936	  R	  0.7	  0.0	8.144	0.000	0.000
937	  L	  0.6	  0.1	5.555	0.000	0.000
938	  Q	  0.4	  0.1	4.876	0.000	0.000
939	  G	  0.1	  0.1	5.488	0.000	0.000
940	  L	  0.1	  0.1	6.570	0.000	0.000
941	  E	  0.1	  0.1	8.871	0.000	0.000
942	  Q	  0.1	  0.1	9.658	0.000	0.000
943	  E	  0.1	  0.1	10.240	0.000	0.000
944	  A	  0.1	  0.3	10.356	0.000	0.000
945	  E	  0.1	  0.3	10.356	0.000	0.000
946	  N	  0.1	  0.4	11.405	0.000	0.000
947	  K	  0.2	  0.4	10.626	0.000	0.000
948	  K	  0.3	  0.2	8.365	0.000	0.000
949	  R	  0.5	  0.2	5.714	0.000	0.000
950	  S	  0.9	  1.4	6.504	0.000	0.000
951	  Q	  0.7	  1.5	6.036	0.000	0.000
952	  D	  0.5	  1.5	17.374	0.000	0.000
953	  D	  0.0	  1.5	25.376	0.000	0.000
954	  R	  0.1	  0.2	25.376	0.000	0.000
955	  A	  0.2	  0.2	25.376	0.000	0.000
956	  R	  0.8	  0.1	25.376	0.000	0.000
957	  Q	  1.4	  0.1	25.281	0.000	0.000
958	  L	  1.4	  0.2	21.694	0.000	0.000
959	  K	  0.8	  0.2	16.723	0.000	0.000
960	  G	  0.1	  0.2	10.685	0.000	0.000
961	  L	  0.0	  0.2	1.622	0.000	0.000
962	  E	  0.2	  0.1	0.898	0.000	0.000
963	  E	  0.2	  0.1	0.432	0.000	0.000
964	  K	  1.5	  0.1	0.432	0.000	0.000
965	  V	  2.3	  0.1	0.138	0.000	0.000
966	  S	  2.3	  0.1	0.138	0.000	0.000
967	  R	  1.4	  0.1	0.000	0.000	0.000
968	  L	  0.5	  0.1	0.000	0.000	0.000
969	  E	  0.5	  0.1	0.000	0.000	0.000
970	  T	  0.2	  0.1	0.000	0.000	0.000
971	  E	  0.9	  0.1	0.000	0.000	0.000
972	  L	  0.9	  0.1	0.000	0.000	0.000
973	  D	  0.8	  0.3	0.000	0.000	0.000
974	  E	  0.2	  0.3	0.000	0.000	0.000
975	  E	  0.4	  0.4	0.000	0.000	0.000
976	  K	  0.8	  0.3	0.000	0.000	0.000
977	  N	  1.5	  0.1	1.083	0.000	0.000
978	  T	  8.1	  0.1	1.083	0.000	0.000
979	  V	 12.1	  0.0	1.083	0.000	0.000
980	  E	 11.2	  0.0	1.083	0.000	0.000
981	  L	  4.7	  0.0	1.190	0.000	0.000
982	  L	  0.5	  0.1	1.190	0.000	0.000
983	  T	  0.5	  0.1	1.118	0.000	0.000
984	  D	  0.3	  0.1	1.271	0.000	0.000
985	  R	  6.8	  0.1	1.155	0.000	0.000
986	  V	  7.1	  0.1	0.956	0.000	0.000
987	  N	  7.1	  0.5	0.956	0.000	0.000
988	  R	  0.4	  0.5	0.643	0.000	0.000
989	  G	  0.1	  0.8	0.539	0.000	0.000
990	  R	  0.1	  0.8	0.000	0.000	0.000
991	  D	  0.2	  0.3	0.271	0.000	0.000
992	  Q	  0.6	  0.3	0.271	0.000	0.000
993	  V	  1.8	  0.1	0.271	0.000	0.000
994	  D	  1.7	  0.1	1.117	0.000	0.000
995	  Q	  2.1	  0.1	1.117	0.000	0.000
996	  L	  1.0	  0.2	1.117	0.000	0.000
997	  R	  1.1	  0.1	1.117	0.000	0.000
998	  T	  0.3	  0.1	0.992	0.000	0.000
999	  E	  0.2	  0.1	0.992	0.000	0.000
1000	  L	  0.3	  0.1	0.987	0.000	0.000
1001	  M	  0.3	  0.1	0.987	0.000	0.000
1002	  Q	  0.3	  0.1	0.943	0.000	0.000
1003	  E	  0.4	  0.1	0.429	0.000	0.000
1004	  R	  0.6	  0.2	0.429	0.000	0.000
1005	  S	  1.3	  0.1	0.281	0.000	0.000
1006	  A	  1.2	  0.1	0.155	0.000	0.000
1007	  R	  2.2	  0.4	0.155	0.000	0.000
1008	  Q	  1.5	  0.4	0.155	0.000	0.000
1009	  D	  1.6	  0.4	0.000	0.000	0.000
1010	  L	  1.5	  0.4	0.000	0.000	0.000
1011	  E	  2.1	  0.1	0.000	0.000	0.000
1012	  C	  2.2	  0.1	0.000	0.000	0.000
1013	  D	  1.1	  0.1	1.490	0.000	0.000
1014	  K	  1.2	  0.1	1.490	0.000	0.000
1015	  I	  4.6	  0.1	1.490	0.000	0.000
1016	  S	  5.5	  0.0	1.619	0.000	0.000
1017	  L	  4.8	  0.1	1.619	0.000	0.000
1018	  E	  1.5	  0.1	1.619	0.000	0.000
1019	  R	  1.8	  0.2	1.134	0.000	0.000
1020	  Q	  1.8	  0.2	0.760	0.000	0.000
1021	  N	  1.5	  1.3	0.268	0.000	0.000
1022	  K	  0.2	  1.3	0.000	0.000	0.000
1023	  D	  0.2	  1.2	2.035	0.000	0.000
1024	  L	  0.4	  1.2	2.035	0.000	0.000
1025	  K	  0.6	  0.1	2.035	0.000	0.000
1026	  T	  0.9	  0.1	2.035	0.000	0.000
1027	  R	  0.9	  0.1	2.035	0.000	0.000
1028	  L	  0.7	  0.2	2.035	0.000	0.000
1029	  A	  0.4	  0.3	1.645	0.000	0.000
1030	  S	  0.4	  0.5	1.218	0.000	0.000
1031	  S	  0.3	  1.2	0.304	0.000	0.000
1032	  E	  0.1	  1.1	0.000	0.000	0.000
1033	  G	  0.1	  1.0	0.000	0.000	0.000
1034	  F	  4.0	  0.7	0.000	0.000	0.000
1035	  Q	  4.0	  0.0	0.000	0.000	0.000
1036	  K	  3.9	  0.3	0.000	0.000	0.000
1037	  P	  0.1	  0.4	0.000	0.000	0.000
1038	  S	  3.0	  1.3	0.000	0.000	0.000
1039	  A	  3.4	  1.4	0.000	0.000	0.000
1040	  S	  8.8	  1.3	0.000	0.000	0.000
1041	  L	  6.1	  1.3	0.000	0.000	0.000
1042	  S	  5.8	  0.4	0.215	0.000	0.000
1043	  Q	  1.7	  0.4	0.215	0.000	0.000
1044	  L	  1.7	  0.2	0.215	0.000	0.000
1045	  E	  1.6	  0.2	0.215	0.000	0.000
1046	  S	  1.1	  1.2	0.215	0.000	0.000
1047	  Q	  1.2	  1.2	0.215	0.000	0.000
1048	  N	  1.1	  1.1	0.774	0.000	0.000
1049	  Q	  0.9	  1.1	0.774	0.000	0.000
1050	  L	  0.8	  0.0	0.919	0.000	0.000
1051	  L	  0.8	  0.1	0.919	0.000	0.000
1052	  Q	  0.3	  0.1	0.919	0.000	0.000
1053	  E	  0.2	  0.1	0.919	0.000	0.000
1054	  R	  0.6	  0.1	0.683	0.000	0.000
1055	  L	  0.9	  0.1	0.508	0.000	0.000
1056	  Q	  1.1	  0.0	0.508	0.000	0.000
1057	  A	  0.6	  0.1	0.139	0.000	0.000
1058	  E	  0.3	  0.1	0.139	0.000	0.000
1059	  E	  0.1	  0.1	0.000	0.000	0.000
1060	  R	  0.1	  0.2	0.000	0.000	0.000
1061	  E	  0.4	  0.1	0.000	0.000	0.000
1062	  K	  1.2	  0.1	0.000	0.000	0.000
1063	  T	  5.1	  0.1	0.000	0.000	0.000
1064	  V	  7.2	  0.0	0.000	0.000	0.000
1065	  L	  6.6	  0.1	0.000	0.000	0.000
1066	  Q	  2.9	  0.1	0.000	0.000	0.000
1067	  S	  1.0	  0.5	0.000	0.000	0.000
1068	  T	  0.9	  0.6	0.000	0.000	0.000
1069	  N	  0.8	  0.5	0.478	0.000	0.000
1070	  R	  0.5	  0.5	0.478	0.000	0.000
1071	  K	  1.9	  0.1	0.478	0.000	0.000
1072	  L	  1.9	  0.1	0.478	0.000	0.000
1073	  E	  2.4	  0.1	0.902	0.000	0.000
1074	  R	  1.5	  0.1	0.902	0.000	0.000
1075	  K	  5.6	  0.1	0.642	0.000	0.000
1076	  V	  6.3	  0.0	0.424	0.000	0.000
1077	  K	  5.8	  0.1	0.424	0.000	0.000
1078	  E	  2.0	  0.1	0.424	0.000	0.000
1079	  L	  2.0	  0.1	0.424	0.000	0.000
1080	  S	  2.3	  0.0	0.201	0.000	0.000
1081	  I	  3.2	  0.0	0.000	0.000	0.000
1082	  Q	  4.4	  0.0	0.000	0.000	0.000
1083	  I	  4.1	  0.1	0.000	0.000	0.000
1084	  E	  2.9	  0.2	0.000	0.000	0.000
1085	  D	  0.1	  0.3	0.156	0.000	0.000
1086	  E	  0.4	  0.3	0.156	0.000	0.000
1087	  R	  0.9	  0.2	0.156	0.000	0.000
1088	  Q	  1.4	  0.2	0.156	0.000	0.000
1089	  H	  2.9	  0.2	0.156	0.000	0.000
1090	  V	  2.9	  0.2	0.156	0.000	0.000
1091	  N	  2.3	  0.3	0.156	0.000	0.000
1092	  D	  0.6	  0.4	0.810	0.000	0.000
1093	  Q	  0.2	  0.4	0.654	0.000	0.000
1094	  K	  0.3	  0.4	0.654	0.000	0.000
1095	  D	  0.2	  0.4	1.661	0.000	0.000
1096	  Q	  0.8	  0.3	1.661	0.000	0.000
1097	  L	  2.4	  0.1	1.661	0.000	0.000
1098	  S	  4.2	  0.1	5.270	0.000	0.000
1099	  L	  5.6	  0.0	5.122	0.000	0.000
1100	  R	  5.3	  0.0	5.243	0.000	0.000
1101	  V	  5.5	  0.0	4.834	0.000	0.000
1102	  K	  3.5	  0.0	4.834	0.000	0.000
1103	  A	  2.3	  0.0	4.443	0.000	0.000
1104	  L	  0.4	  0.0	4.213	0.000	0.000
1105	  K	  0.6	  0.1	2.712	0.000	0.000
1106	  R	  1.0	  0.1	0.694	0.000	0.000
1107	  Q	  1.3	  0.1	0.220	0.000	0.000
1108	  V	  1.2	  0.1	0.000	0.000	0.000
1109	  D	  0.6	  0.1	0.137	0.000	0.000
1110	  E	  0.2	  0.1	0.137	0.000	0.000
1111	  A	  0.1	  0.2	0.299	0.000	0.000
1112	  E	  0.1	  0.2	0.519	0.000	0.000
1113	  E	  0.0	  0.1	0.726	0.000	0.000
1114	  E	  0.9	  0.1	0.726	0.000	0.000
1115	  I	  2.4	  0.1	0.726	0.000	0.000
1116	  E	  2.4	  0.1	0.726	0.000	0.000
1117	  R	  3.6	  0.7	0.726	0.000	0.000
1118	  L	  2.1	  0.9	0.855	0.000	0.000
1119	  D	  2.1	  0.9	0.933	0.000	0.000
1120	  G	  0.1	  0.9	3.435	0.000	0.000
1121	  L	  0.3	  0.3	3.435	0.000	0.000
1122	  R	  0.4	  0.1	3.435	0.000	0.000
1123	  K	  0.4	  0.1	3.435	0.000	0.000
1124	  K	  0.3	  0.1	3.435	0.000	0.000
1125	  A	  0.3	  0.1	2.790	0.000	0.000
1126	  Q	  0.5	  0.1	2.175	0.000	0.000
1127	  R	  0.6	  0.1	0.384	0.000	0.000
1128	  E	  2.7	  0.1	0.124	0.000	0.000
1129	  V	  3.0	  0.1	0.000	0.000	0.000
1130	  E	  2.8	  0.1	0.000	0.000	0.000
1131	  E	  0.9	  0.1	0.000	0.000	0.000
1132	  Q	  1.0	  0.1	0.000	0.000	0.000
1133	  H	  2.2	  0.1	0.000	0.000	0.000
1134	  E	  7.7	  0.0	0.000	0.000	0.000
1135	  V	  7.3	  0.0	0.000	0.000	0.000
1136	  N	  6.2	  0.1	2.941	0.000	0.000
1137	  E	  0.3	  0.1	3.306	0.000	0.000
1138	  Q	  1.0	  0.1	3.583	0.000	0.000
1139	  L	  1.3	  0.1	3.583	0.000	0.000
1140	  Q	  1.4	  0.0	3.583	0.000	0.000
1141	  A	  1.1	  0.0	3.583	0.000	0.000
1142	  R	  3.4	  0.0	3.312	0.000	0.000
1143	  I	  4.6	  0.1	2.314	0.000	0.000
1144	  K	  4.1	  0.1	2.314	0.000	0.000
1145	  S	  2.6	  0.1	0.926	0.000	0.000
1146	  L	  1.4	  0.1	0.599	0.000	0.000
1147	  E	  1.4	  0.2	0.314	0.000	0.000
1148	  K	  0.4	  0.2	0.170	0.000	0.000
1149	  D	  0.7	  0.2	0.000	0.000	0.000
1150	  S	  5.3	  0.1	0.363	0.000	0.000
1151	  W	  6.1	  0.0	0.363	0.000	0.000
1152	  R	  5.7	  0.1	0.363	0.000	0.000
1153	  K	  1.1	  0.2	0.363	0.000	0.000
1154	  A	  0.4	  0.2	0.363	0.000	0.000
1155	  S	  1.9	  0.9	0.524	0.000	0.000
1156	  R	  2.0	  0.9	0.161	0.000	0.000
1157	  S	  2.0	  0.7	1.801	0.000	0.000
1158	  A	  0.4	  0.7	1.801	0.000	0.000
1159	  A	  0.1	  0.2	1.801	0.000	0.000
1160	  E	  0.1	  0.2	1.801	0.000	0.000
1161	  S	  0.2	  0.2	2.603	0.000	0.000
1162	  A	  0.4	  0.2	2.442	0.000	0.000
1163	  L	  0.5	  0.2	2.119	0.000	0.000
1164	  K	  0.5	  0.2	1.673	0.000	0.000
1165	  N	  0.3	  0.4	1.070	0.000	0.000
1166	  E	  0.1	  0.5	0.802	0.000	0.000
1167	  G	  0.0	  0.3	0.251	0.000	0.000
1168	  L	  0.4	  0.4	0.000	0.000	0.000
1169	  S	  0.4	  1.8	0.000	0.000	0.000
1170	  S	  0.4	  1.8	0.000	0.000	0.000
1171	  D	  0.1	  1.9	0.000	0.000	0.000
1172	  E	  0.1	  1.8	0.000	0.000	0.000
1173	  E	  2.0	  0.2	0.000	0.000	0.000
1174	  F	  2.8	  0.3	0.000	0.000	0.000
1175	  D	  2.9	  0.2	0.000	0.000	0.000
1176	  S	  1.9	  0.2	0.000	0.000	0.000
1177	  V	  6.7	  0.2	0.000	0.000	0.000
1178	  Y	  6.8	  0.0	0.000	0.000	0.000
1179	  D	  5.9	  4.6	0.710	0.000	0.000
1180	  P	  0.2	  4.7	0.710	0.000	0.000
1181	  S	  0.1	  4.7	0.710	0.000	0.000
1182	  S	  0.5	  4.7	0.710	0.000	0.000
1183	  I	  1.6	  0.1	0.710	1.244	1.244
1184	  A	  1.9	  0.0	0.710	1.244	1.244
1185	  S	  1.8	  0.0	0.946	1.244	1.244
1186	  L	  0.9	  0.0	0.649	1.244	1.244
1187	  L	  0.5	  0.1	0.465	1.244	1.244
1188	  T	  0.5	  0.2	0.527	0.464	0.464
1189	  E	  0.3	  0.4	0.527	0.000	0.000
1190	  S	  0.3	  0.4	0.527	0.000	0.000
1191	  N	  0.3	  0.4	0.172	0.000	0.000
1192	  L	  0.3	  0.2	0.172	0.000	0.000
1193	  Q	  0.4	  0.1	0.172	0.000	0.000
1194	  T	  1.6	  0.3	0.000	0.000	0.000
1195	  S	  1.8	  0.3	0.000	0.000	0.000
1196	  S	  1.7	  0.3	0.000	0.000	0.000
1197	  C	  0.3	  0.2	0.000	0.000	0.000
