res	aa	Beta	Turn	Helix	Aggregation	Conc-Stab_Aggregation
01	  M	  0.0	  0.3	0.000	0.000	0.000
02	  A	  0.1	  0.4	0.000	0.000	0.000
03	  G	  0.1	  0.6	0.000	0.000	0.000
04	  A	  0.4	  0.6	0.000	0.000	0.000
05	  S	  1.8	  0.3	0.118	0.000	0.000
06	  V	 15.3	  0.1	0.118	0.000	0.000
07	  K	 16.6	  0.0	0.118	0.000	0.000
08	  V	 20.7	  0.0	0.118	0.000	0.000
09	  A	  8.1	  0.0	0.118	0.000	0.000
10	  V	 13.6	  0.0	0.118	0.000	0.000
11	  R	 11.0	  0.0	0.118	0.000	0.000
12	  V	 10.8	  0.0	0.000	0.000	0.000
13	  R	  3.6	  0.0	0.000	0.000	0.000
14	  P	  0.4	  0.0	0.000	0.000	0.000
15	  F	  1.4	  0.0	0.000	0.000	0.000
16	  N	  1.6	  0.1	0.762	0.000	0.000
17	  S	  1.7	  0.2	0.762	0.000	0.000
18	  R	  0.4	  0.2	0.762	0.000	0.000
19	  E	  0.7	  0.2	0.762	0.000	0.000
20	  M	  0.6	  0.1	0.762	0.000	0.000
21	  S	  0.8	  1.3	0.882	0.000	0.000
22	  R	  0.4	  1.4	0.416	0.000	0.000
23	  D	  0.4	  1.7	0.278	0.000	0.000
24	  S	  0.7	  1.6	0.121	0.000	0.000
25	  K	  2.0	  0.4	0.121	0.000	0.000
26	  C	  5.1	  0.3	0.121	0.000	0.000
27	  I	  5.8	  0.0	0.000	0.000	0.000
28	  I	  6.0	  0.0	0.000	0.000	0.000
29	  Q	  3.6	  0.1	0.000	0.000	0.000
30	  M	  2.6	  0.4	0.000	0.000	0.000
31	  S	  1.3	  2.2	0.000	0.000	0.000
32	  G	  0.5	  2.3	0.000	0.000	0.000
33	  S	  1.0	  2.2	0.145	0.207	0.207
34	  T	  2.4	  1.9	0.145	1.876	1.876
35	  T	  3.4	  0.1	0.145	1.876	1.876
36	  T	  7.8	  0.0	0.145	1.876	1.876
37	  I	  7.9	  0.0	0.145	1.876	1.876
38	  V	  7.1	  0.0	0.145	1.876	1.876
39	  N	  2.1	  0.3	0.145	0.000	0.000
40	  P	  0.2	  0.3	0.000	0.000	0.000
41	  K	  0.0	  0.3	0.000	0.000	0.000
42	  Q	  0.0	  0.3	0.000	0.000	0.000
43	  P	  0.0	  0.1	0.000	0.000	0.000
44	  K	  0.4	  0.1	0.000	0.000	0.000
45	  E	  0.4	  0.1	0.000	0.000	0.000
46	  T	  0.4	  0.2	0.000	0.000	0.000
47	  P	  0.0	  0.3	0.000	0.000	0.000
48	  K	  0.4	  0.3	0.000	0.000	0.000
49	  S	 20.0	  0.4	0.000	0.000	0.000
50	  F	 25.0	  0.2	0.000	0.000	0.000
51	  S	 30.3	  0.3	0.000	0.000	0.000
52	  F	 13.7	  0.3	0.000	0.000	0.000
53	  D	  8.0	  0.4	0.000	0.000	0.000
54	  Y	  7.6	  0.4	0.000	0.000	0.000
55	  S	  6.7	  0.1	0.000	0.000	0.000
56	  Y	  7.8	  0.2	0.000	0.000	0.000
57	  W	  3.6	  0.1	0.000	0.000	0.000
58	  S	  3.8	  0.1	0.000	0.000	0.000
59	  H	  3.6	  0.1	0.000	0.000	0.000
60	  T	  2.5	  0.1	0.000	0.000	0.000
61	  S	  1.4	  0.4	0.000	0.000	0.000
62	  P	  0.1	  0.7	0.000	0.000	0.000
63	  E	  0.0	  0.7	0.000	0.000	0.000
64	  D	  1.0	  1.0	0.150	0.000	0.000
65	  I	  5.6	  0.6	0.150	0.000	0.000
66	  N	  5.7	  0.3	0.434	0.000	0.000
67	  Y	  5.6	  0.4	0.434	0.000	0.000
68	  A	  1.2	  0.2	0.434	0.000	0.000
69	  S	  1.2	  0.2	0.434	0.000	0.000
70	  Q	  0.7	  0.3	0.284	0.000	0.000
71	  K	  0.6	  0.2	0.284	0.000	0.000
72	  Q	  1.6	  0.1	0.126	0.000	0.000
73	  V	  3.7	  0.0	0.000	0.000	0.000
74	  Y	  4.3	  0.3	0.000	0.000	0.000
75	  R	  3.5	  0.3	0.000	0.000	0.000
76	  D	  1.0	  0.7	0.751	0.000	0.000
77	  I	  0.3	  0.9	0.751	0.000	0.000
78	  G	  0.1	  0.6	1.888	0.000	0.000
79	  E	  0.0	  0.6	1.888	0.000	0.000
80	  E	  0.1	  0.2	1.888	0.000	0.000
81	  M	  0.3	  0.1	1.888	0.000	0.000
82	  L	  0.8	  0.0	1.888	0.000	0.000
83	  Q	  0.8	  0.1	1.711	0.000	0.000
84	  H	  1.0	  0.1	1.143	0.000	0.000
85	  A	  0.7	  0.1	0.162	0.000	0.000
86	  F	  1.0	  0.4	0.162	0.000	0.000
87	  E	  0.6	  0.4	0.000	0.000	0.000
88	  G	  0.5	  0.4	0.000	0.128	0.128
89	  Y	  5.5	  0.4	0.000	2.581	2.581
90	  N	  6.3	  0.0	0.441	4.525	4.525
91	  V	  8.1	  0.0	0.441	44.590	44.590
92	  C	  3.6	  0.0	0.441	47.304	47.304
93	  I	  3.5	  0.0	0.441	48.366	48.366
94	  F	  2.5	  0.2	0.441	48.366	48.366
95	  A	  1.7	  0.4	0.441	47.489	47.489
96	  Y	  1.1	  0.7	0.441	38.346	38.346
97	  G	  0.3	  0.9	0.256	4.217	4.217
98	  Q	  0.2	  0.8	0.138	0.101	0.101
99	  T	  0.1	  1.0	0.000	0.000	0.000
100	  G	  0.0	  1.3	0.000	0.000	0.000
101	  A	  0.0	  1.2	0.000	0.000	0.000
102	  G	  0.0	  1.3	0.000	0.000	0.000
103	  K	  0.4	  1.0	0.000	0.000	0.000
104	  S	  8.1	  0.3	0.000	0.000	0.000
105	  Y	 12.9	  0.2	0.000	0.000	0.000
106	  T	 13.4	  0.0	0.184	0.000	0.000
107	  M	  6.1	  0.2	0.184	0.000	0.000
108	  M	  1.2	  0.2	0.184	0.000	0.000
109	  G	  0.3	  0.3	0.456	0.000	0.000
110	  K	  0.3	  0.3	0.456	0.000	0.000
111	  Q	  0.4	  0.2	0.456	0.000	0.000
112	  E	  0.7	  0.3	0.272	0.000	0.000
113	  K	  0.4	  0.3	0.272	0.000	0.000
114	  D	  0.4	  0.7	0.272	0.000	0.000
115	  Q	  0.2	  0.7	0.272	0.000	0.000
116	  Q	  0.1	  0.6	0.141	0.000	0.000
117	  G	  0.2	  0.6	0.000	0.000	0.000
118	  I	  0.7	  0.1	0.000	0.000	0.000
119	  I	  0.7	  0.0	0.000	0.000	0.000
120	  P	  0.5	  0.1	0.000	0.000	0.000
121	  Q	  0.6	  0.1	0.000	0.000	0.000
122	  L	  0.8	  0.1	0.000	0.000	0.000
123	  C	  1.3	  0.7	0.170	0.000	0.000
124	  E	  0.7	  0.6	0.170	0.000	0.000
125	  D	  0.8	  0.6	1.554	0.000	0.000
126	  L	  0.8	  0.6	1.554	0.000	0.000
127	  F	  2.3	  0.1	1.554	0.000	0.000
128	  S	  2.4	  0.1	1.554	0.000	0.000
129	  R	 16.5	  0.1	1.554	0.000	0.000
130	  I	 15.1	  0.1	1.554	0.000	0.000
131	  N	 14.8	  0.1	1.554	0.000	0.000
132	  D	  0.3	  0.2	0.356	0.000	0.000
133	  T	  0.7	  0.2	0.000	0.000	0.000
134	  T	  0.7	  0.3	0.000	0.000	0.000
135	  N	  0.6	  0.7	0.000	0.000	0.000
136	  D	  0.1	  0.6	0.000	0.000	0.000
137	  N	  0.2	  0.8	0.000	0.000	0.000
138	  M	  2.3	  0.7	0.000	0.000	0.000
139	  S	 19.2	  0.3	0.000	0.000	0.000
140	  Y	 22.2	  0.3	0.000	0.000	0.000
141	  S	 23.1	  0.1	0.000	0.000	0.000
142	  V	 20.6	  0.1	0.000	0.000	0.000
143	  E	 18.3	  0.0	0.000	0.000	0.000
144	  V	 18.8	  0.0	0.000	0.000	0.000
145	  S	  6.0	  0.0	4.830	0.000	0.000
146	  Y	  4.0	  0.0	4.830	0.000	0.000
147	  M	  2.4	  0.0	4.830	0.000	0.000
148	  E	  2.4	  0.0	4.830	0.000	0.000
149	  I	  3.1	  0.0	5.117	0.000	0.000
150	  Y	  4.7	  0.0	5.808	0.000	0.000
151	  C	  5.7	  0.1	7.171	0.000	0.000
152	  E	  4.5	  0.1	6.893	0.000	0.000
153	  R	  3.0	  0.1	6.613	0.000	0.000
154	  V	  2.3	  0.2	6.071	0.000	0.000
155	  R	  2.2	  0.1	6.071	0.000	0.000
156	  D	  0.8	  0.1	5.935	0.000	0.000
157	  L	  0.8	  0.1	5.846	0.000	0.000
158	  L	  0.8	  0.0	5.631	0.000	0.000
159	  N	  0.8	  0.5	5.942	0.000	0.000
160	  P	  0.1	  0.7	0.439	0.000	0.000
161	  K	  0.1	  0.8	0.439	0.000	0.000
162	  N	  0.1	  1.2	0.439	0.000	0.000
163	  K	  0.1	  1.4	0.439	0.000	0.000
164	  G	  0.0	  1.1	0.439	0.000	0.000
165	  N	  0.7	  1.0	0.440	0.000	0.000
166	  L	  2.9	  0.6	0.217	0.000	0.000
167	  R	  4.6	  0.0	0.217	0.000	0.000
168	  V	  4.4	  0.0	0.217	0.000	0.000
169	  R	  2.3	  0.0	0.217	0.000	0.000
170	  E	  0.6	  0.0	0.217	0.000	0.000
171	  H	  0.1	  0.3	0.217	0.000	0.000
172	  P	  0.0	  0.3	0.000	0.000	0.000
173	  L	  0.1	  0.3	0.000	0.000	0.000
174	  L	  0.1	  0.5	0.000	0.000	0.000
175	  G	  0.1	  0.4	0.000	0.000	0.000
176	  P	  0.0	  0.4	0.000	0.000	0.000
177	  Y	  2.1	  0.4	0.000	0.000	0.000
178	  V	  3.0	  0.3	0.000	0.000	0.000
179	  E	  3.0	  0.2	0.000	0.000	0.000
180	  D	  1.1	  0.8	1.070	0.000	0.000
181	  L	  0.4	  0.9	1.070	0.000	0.000
182	  S	  0.6	  0.8	1.070	0.000	0.000
183	  K	  0.8	  0.8	1.070	0.000	0.000
184	  L	  0.8	  0.1	1.070	2.287	2.287
185	  A	  1.1	  0.1	1.070	2.706	2.706
186	  V	  3.4	  0.0	0.511	2.706	2.706
187	  T	  4.5	  0.0	0.310	2.706	2.706
188	  S	 13.1	  0.5	0.310	2.706	2.706
189	  Y	 10.9	  0.6	0.194	2.706	2.706
190	  N	  9.5	  0.6	0.000	0.000	0.000
191	  D	  0.9	  0.6	0.250	0.000	0.000
192	  I	  0.5	  0.2	0.250	0.000	0.000
193	  Q	  0.5	  0.1	0.250	0.000	0.000
194	  D	  0.2	  0.1	0.250	0.000	0.000
195	  L	  0.6	  0.1	0.250	0.000	0.000
196	  M	  0.8	  0.3	0.250	0.000	0.000
197	  D	  0.8	  0.6	0.461	0.000	0.000
198	  S	  0.4	  2.1	0.369	0.000	0.000
199	  G	  0.1	  2.1	0.369	0.000	0.000
200	  N	  0.1	  1.9	0.369	0.000	0.000
201	  K	  0.2	  1.6	0.369	0.000	0.000
202	  A	  0.2	  0.1	0.369	0.000	0.000
203	  R	  0.9	  0.1	0.369	0.000	0.000
204	  T	  4.9	  0.0	0.000	0.000	0.000
205	  V	  6.1	  0.0	0.000	0.000	0.000
206	  A	  5.5	  0.0	0.000	0.000	0.000
207	  A	  1.4	  0.1	0.000	0.000	0.000
208	  T	  0.4	  0.1	0.000	0.000	0.000
209	  N	  0.7	  1.1	0.000	0.000	0.000
210	  M	  0.6	  1.1	0.000	0.000	0.000
211	  N	  0.4	  1.2	0.000	0.000	0.000
212	  E	  0.1	  1.2	0.000	0.000	0.000
213	  T	  1.5	  0.3	0.000	0.000	0.000
214	  S	  1.8	  0.4	0.000	0.000	0.000
215	  S	  3.3	  0.8	0.000	0.000	0.000
216	  R	  2.4	  0.9	0.000	0.000	0.000
217	  S	  2.2	  0.8	0.000	0.012	0.012
218	  H	  1.1	  0.7	0.000	0.125	0.125
219	  A	  1.2	  0.1	0.000	40.490	40.490
220	  V	  4.8	  0.0	0.000	87.967	87.967
221	  F	  8.9	  0.0	0.000	92.202	92.202
222	  N	 10.8	  0.0	0.000	92.263	92.263
223	  I	  9.2	  0.0	0.000	92.286	92.286
224	  I	  6.0	  0.0	0.000	92.056	92.056
225	  F	  7.2	  0.0	0.000	86.567	86.567
226	  T	  7.0	  0.1	0.000	15.711	15.711
227	  Q	  5.9	  0.1	0.000	0.243	0.243
228	  K	  2.4	  0.1	0.000	0.000	0.000
229	  R	  1.5	  0.2	0.000	0.000	0.000
230	  H	  1.4	  0.2	0.000	0.000	0.000
231	  D	  1.1	  0.4	0.000	0.000	0.000
232	  A	  0.1	  0.4	0.000	0.000	0.000
233	  E	  0.2	  0.3	0.000	0.000	0.000
234	  T	  0.5	  0.3	0.000	0.000	0.000
235	  N	  3.2	  0.1	0.168	0.000	0.000
236	  I	  6.7	  0.0	0.168	0.000	0.000
237	  T	  6.7	  0.0	0.322	0.000	0.000
238	  T	  4.3	  0.1	0.322	0.000	0.000
239	  E	  0.7	  0.1	0.322	0.000	0.000
240	  K	  1.5	  0.1	0.322	0.000	0.000
241	  V	  2.2	  0.1	0.154	0.355	0.355
242	  S	  2.4	  0.0	0.154	0.355	0.355
243	  K	  2.0	  0.0	0.000	0.355	0.355
244	  I	  4.7	  0.0	0.000	0.355	0.355
245	  S	  4.7	  0.0	1.923	0.355	0.355
246	  L	  4.5	  0.0	1.923	0.355	0.355
247	  V	  3.2	  0.0	1.923	0.355	0.355
248	  D	  2.9	  0.0	1.923	0.355	0.355
249	  L	  2.4	  0.4	1.923	0.355	0.355
250	  A	  0.1	  0.7	1.923	0.163	0.163
251	  G	  0.1	  0.8	1.355	0.000	0.000
252	  S	  0.1	  0.9	0.500	0.000	0.000
253	  E	  0.2	  0.5	0.000	0.000	0.000
254	  R	  0.4	  0.8	0.000	0.000	0.000
255	  A	  0.3	  0.8	0.000	0.000	0.000
256	  D	  0.3	  1.4	0.000	0.000	0.000
257	  S	  0.2	  1.6	0.000	0.000	0.000
258	  T	  0.2	  1.1	0.000	0.000	0.000
259	  G	  0.1	  1.3	0.000	0.000	0.000
260	  A	  0.1	  0.9	0.000	0.000	0.000
261	  K	  0.1	  0.8	0.000	0.000	0.000
262	  G	  0.1	  0.7	0.000	0.000	0.000
263	  T	  0.5	  0.4	0.135	0.000	0.000
264	  R	  0.8	  0.2	0.135	0.000	0.000
265	  L	  0.8	  0.2	0.135	0.000	0.000
266	  K	  0.4	  0.5	0.135	0.000	0.000
267	  E	  0.1	  0.9	0.135	0.000	0.000
268	  G	  0.0	  1.2	0.135	0.000	0.000
269	  A	  0.2	  1.1	0.000	0.000	0.000
270	  N	  1.9	  1.2	0.000	0.000	0.000
271	  I	  2.3	  0.8	0.000	0.000	0.000
272	  N	  2.2	  1.0	0.000	0.000	0.000
273	  K	  0.7	  1.0	0.000	0.000	0.000
274	  S	  1.9	  0.5	0.769	0.000	0.000
275	  L	  2.2	  0.6	0.769	0.000	0.000
276	  T	  2.9	  0.1	0.769	0.000	0.000
277	  T	  1.3	  0.2	0.769	0.000	0.000
278	  L	  1.0	  0.2	0.769	0.000	0.000
279	  G	  0.2	  0.2	0.769	0.000	0.000
280	  K	  2.4	  0.2	0.493	0.000	0.000
281	  V	  6.8	  0.0	0.000	19.004	19.004
282	  I	  8.3	  0.0	0.000	19.745	19.745
283	  S	  6.1	  0.0	0.271	19.745	19.745
284	  A	  1.8	  0.0	0.271	19.745	19.745
285	  L	  0.2	  0.0	0.271	19.745	19.745
286	  A	  0.2	  0.0	0.271	9.438	9.438
287	  E	  1.0	  0.1	0.271	0.000	0.000
288	  M	  1.3	  0.3	0.271	0.000	0.000
289	  D	  1.3	  0.3	0.000	0.000	0.000
290	  S	  0.4	  0.6	0.000	0.000	0.000
291	  G	  0.0	  1.6	0.218	0.000	0.000
292	  P	  0.0	  1.4	0.218	0.000	0.000
293	  N	  0.0	  3.7	0.354	0.000	0.000
294	  K	  0.1	  3.5	0.354	0.000	0.000
295	  N	  0.1	  2.4	0.354	0.000	0.000
296	  K	  0.2	  2.5	0.354	0.000	0.000
297	  K	  0.2	  0.2	0.136	0.000	0.000
298	  K	  0.2	  0.2	0.136	0.000	0.000
299	  K	  0.4	  0.2	0.000	0.000	0.000
300	  K	  0.5	  0.3	0.000	0.000	0.000
301	  T	  0.8	  0.3	0.000	0.000	0.000
302	  D	  1.4	  0.2	0.000	0.000	0.000
303	  F	  1.4	  0.1	0.000	0.000	0.000
304	  I	  1.0	  0.0	0.000	0.000	0.000
305	  P	  0.2	  0.0	0.000	0.000	0.000
306	  Y	  0.7	  0.2	0.000	0.043	0.043
307	  R	  0.7	  0.2	0.000	0.043	0.043
308	  D	  0.9	  0.2	0.348	0.043	0.043
309	  S	  0.7	  0.2	7.573	31.438	31.438
310	  V	  2.2	  0.1	7.573	80.562	80.562
311	  L	  5.2	  0.0	7.573	88.155	88.155
312	  T	  6.9	  0.0	8.149	88.155	88.155
313	  W	  5.7	  0.0	8.149	88.155	88.155
314	  L	  2.7	  0.0	8.149	87.783	87.783
315	  L	  0.6	  0.0	7.692	70.661	70.661
316	  R	  0.2	  0.3	7.283	0.000	0.000
317	  E	  0.1	  0.3	4.683	0.000	0.000
318	  N	  0.1	  0.4	2.016	0.000	0.000
319	  L	  0.0	  0.7	0.988	0.000	0.000
320	  G	  0.0	  1.6	0.727	0.000	0.000
321	  G	  0.0	  1.6	0.277	0.000	0.000
322	  N	  0.2	  1.6	1.248	0.000	0.000
323	  S	  0.5	  1.3	1.540	0.000	0.000
324	  R	  0.6	  0.2	1.540	0.000	0.000
325	  T	  0.9	  0.2	1.796	0.693	0.693
326	  A	  0.9	  0.1	1.796	1.836	1.836
327	  M	  1.9	  0.0	1.796	4.965	4.965
328	  V	  2.7	  0.0	1.168	4.965	4.965
329	  A	  2.6	  0.0	1.168	4.965	4.965
330	  A	  1.9	  0.0	1.168	4.841	4.841
331	  L	  0.7	  0.0	1.018	4.664	4.664
332	  S	  0.6	  0.2	0.867	0.000	0.000
333	  P	  0.1	  0.5	0.422	0.000	0.000
334	  A	  0.1	  0.5	0.422	0.000	0.000
335	  D	  1.1	  0.8	0.422	0.000	0.000
336	  I	  5.8	  0.6	0.422	0.000	0.000
337	  N	  6.4	  0.8	0.422	0.000	0.000
338	  Y	  5.7	  0.8	0.182	0.000	0.000
339	  D	  1.0	  0.6	0.142	0.000	0.000
340	  E	  0.2	  0.6	0.142	0.000	0.000
341	  T	  5.5	  0.1	0.488	0.000	0.000
342	  L	  5.7	  0.2	0.488	0.000	0.000
343	  S	  5.8	  0.1	0.488	0.000	0.000
344	  T	  2.7	  0.1	0.488	0.000	0.000
345	  L	  3.7	  0.1	0.488	0.000	0.000
346	  R	  3.9	  0.0	0.834	0.000	0.000
347	  Y	  1.9	  0.3	0.502	0.000	0.000
348	  A	  0.6	  0.4	0.697	0.000	0.000
349	  D	  0.2	  0.4	1.692	0.000	0.000
350	  R	  0.1	  0.4	1.692	0.000	0.000
351	  A	  0.2	  0.1	1.692	0.000	0.000
352	  K	  0.5	  0.1	1.692	0.000	0.000
353	  Q	  1.5	  0.0	1.518	0.000	0.000
354	  I	  5.6	  0.1	1.098	0.000	0.000
355	  R	  8.6	  0.0	1.098	0.000	0.000
356	  C	  8.6	  0.0	0.724	0.144	0.144
357	  N	  4.6	  0.0	0.534	0.144	0.144
358	  A	  2.2	  0.0	0.000	0.144	0.144
359	  V	  6.3	  0.0	0.000	0.144	0.144
360	  I	  6.4	  0.0	0.000	0.144	0.144
361	  N	  5.4	  0.0	0.000	0.000	0.000
362	  E	  0.2	  0.0	0.000	0.000	0.000
363	  D	  0.0	 10.6	1.920	0.000	0.000
364	  P	  0.0	 10.7	1.920	0.000	0.000
365	  N	  0.0	 10.7	2.026	0.000	0.000
366	  N	  0.0	 10.8	2.341	0.000	0.000
367	  K	  0.5	  0.1	2.341	0.000	0.000
368	  L	  0.7	  0.0	2.341	0.000	0.000
369	  I	  1.0	  0.0	1.719	0.000	0.000
370	  R	  0.6	  0.1	1.719	0.000	0.000
371	  E	  1.5	  0.1	1.600	0.000	0.000
372	  L	  1.3	  0.2	1.206	0.000	0.000
373	  K	  1.3	  0.2	0.998	0.000	0.000
374	  D	  0.2	  0.2	11.865	0.000	0.000
375	  E	  4.6	  0.2	12.023	0.000	0.000
376	  V	  6.0	  0.0	12.165	0.000	0.000
377	  T	  6.4	  0.0	13.822	0.000	0.000
378	  R	  2.4	  0.0	14.109	0.000	0.000
379	  L	  1.0	  0.2	14.109	0.000	0.000
380	  R	  0.7	  0.2	13.392	0.000	0.000
381	  D	  0.2	  0.2	13.238	0.000	0.000
382	  L	  0.6	  0.2	13.043	0.497	0.497
383	  L	  0.8	  0.0	12.683	0.497	0.497
384	  Y	  1.3	  0.2	12.026	0.497	0.497
385	  A	  0.8	  0.3	6.531	0.497	0.497
386	  Q	  0.5	  0.4	5.344	0.497	0.497
387	  G	  0.0	  0.5	2.011	0.000	0.000
388	  L	  0.0	  0.6	0.430	0.000	0.000
389	  G	  0.0	  0.5	0.122	0.000	0.000
390	  D	  1.5	  0.5	0.000	0.000	0.000
391	  I	  2.0	  0.4	0.000	0.000	0.000
392	  T	  2.2	  0.0	0.000	0.000	0.000
393	  D	  0.9	  0.2	0.425	0.000	0.000
394	  M	  0.8	  0.2	0.425	0.000	0.000
395	  T	  0.7	  0.2	0.548	0.000	0.000
396	  N	  0.5	  0.2	0.548	0.000	0.000
397	  A	  0.4	  0.1	0.548	0.347	0.347
398	  L	  0.5	  0.0	0.548	0.347	0.347
399	  V	  0.8	  0.0	0.548	0.347	0.347
400	  G	  0.6	  0.0	0.548	0.347	0.347
401	  M	  0.5	  0.0	0.000	0.347	0.347
402	  S	  0.2	  2.5	0.000	0.000	0.000
403	  P	  0.2	  2.7	0.000	0.000	0.000
404	  S	  0.9	  3.4	0.000	0.000	0.000
405	  S	  1.0	  3.5	0.000	0.000	0.000
406	  S	  6.5	  1.3	0.364	0.000	0.000
407	  L	  6.2	  1.2	0.364	0.000	0.000
408	  S	  6.3	  0.4	0.479	0.000	0.000
409	  A	  1.0	  0.4	0.479	0.000	0.000
410	  L	  0.7	  0.1	0.479	0.000	0.000
411	  S	  0.9	  0.2	0.968	0.000	0.000
412	  S	  0.7	  0.2	0.767	0.000	0.000
413	  R	  0.4	  0.2	0.604	0.000	0.000
414	  A	  0.2	  0.2	0.488	0.000	0.000
415	  A	  0.6	  0.2	0.488	0.000	0.000
416	  S	 11.3	  0.3	0.488	0.000	0.000
417	  V	 12.4	  0.3	0.000	0.000	0.000
418	  S	 12.1	  0.3	0.000	0.000	0.000
419	  S	  2.1	  0.2	0.682	0.000	0.000
420	  L	  0.7	  0.1	0.682	0.000	0.000
421	  H	  0.9	  0.2	0.880	0.000	0.000
422	  E	  0.4	  0.1	0.880	0.000	0.000
423	  R	  3.4	  0.1	0.880	0.000	0.000
424	  I	  4.7	  0.1	0.880	0.866	0.866
425	  L	  5.4	  0.0	0.880	0.866	0.866
426	  F	  2.6	  0.0	0.673	0.866	0.866
427	  A	  1.0	  1.8	0.132	0.866	0.866
428	  P	  0.2	  2.0	0.000	0.866	0.866
429	  G	  0.0	  2.1	0.316	0.000	0.000
430	  S	  0.0	  2.2	3.061	0.000	0.000
431	  E	  0.0	  0.4	3.911	0.000	0.000
432	  E	  0.1	  0.2	4.532	0.000	0.000
433	  A	  0.2	  0.1	4.532	0.000	0.000
434	  I	  1.7	  0.0	4.532	0.000	0.000
435	  E	  1.7	  0.0	4.532	0.000	0.000
436	  R	  1.9	  0.0	4.532	0.000	0.000
437	  L	  0.4	  0.1	4.313	0.000	0.000
438	  K	  0.6	  0.1	3.272	0.000	0.000
439	  E	  0.3	  0.1	1.421	0.000	0.000
440	  T	  0.5	  0.2	0.577	0.000	0.000
441	  E	  0.3	  0.1	0.577	0.000	0.000
442	  K	  1.9	  0.1	0.577	0.000	0.000
443	  I	  4.8	  0.1	0.298	0.000	0.000
444	  I	  5.2	  0.0	0.298	0.000	0.000
445	  A	  3.7	  0.0	0.298	0.000	0.000
446	  E	  1.0	  0.0	0.298	0.000	0.000
447	  L	  0.7	  0.0	0.000	0.000	0.000
448	  N	  0.6	  0.0	0.354	0.000	0.000
449	  E	  0.1	  0.0	0.354	0.000	0.000
450	  T	  5.5	  0.0	29.404	0.000	0.000
451	  W	  5.8	  0.0	30.577	0.000	0.000
452	  E	  5.7	  0.1	31.385	0.000	0.000
453	  E	  0.4	  0.1	31.385	0.000	0.000
454	  K	  0.6	  0.1	31.385	0.000	0.000
455	  L	  0.6	  0.1	31.385	0.000	0.000
456	  R	  0.8	  0.1	30.951	0.000	0.000
457	  R	  0.4	  0.1	29.647	0.000	0.000
458	  T	  0.3	  0.1	23.559	0.000	0.000
459	  E	  0.1	  0.1	22.738	0.000	0.000
460	  A	  0.4	  0.0	19.733	0.000	0.000
461	  I	  3.8	  0.0	17.388	0.000	0.000
462	  R	  4.1	  0.0	17.242	0.000	0.000
463	  M	  3.8	  0.0	15.204	0.000	0.000
464	  E	  0.5	  0.1	12.231	0.000	0.000
465	  R	  0.1	  0.1	9.310	0.000	0.000
466	  E	  0.1	  0.1	8.885	0.000	0.000
467	  A	  0.3	  0.0	8.154	0.000	0.000
468	  L	  0.5	  0.0	7.652	0.000	0.000
469	  L	  0.5	  0.0	6.948	0.000	0.000
470	  A	  0.3	  0.0	6.114	0.000	0.000
471	  E	  0.1	  0.0	5.370	0.000	0.000
472	  M	  0.3	  0.0	3.294	0.000	0.000
473	  G	  0.4	  0.0	2.522	0.000	0.000
474	  V	  4.0	  0.0	0.354	0.000	0.000
475	  A	  4.1	  0.0	0.354	0.000	0.000
476	  M	  4.0	  0.0	0.240	0.000	0.000
477	  R	  0.5	  1.8	0.240	0.000	0.000
478	  E	  0.1	  1.9	0.164	0.000	0.000
479	  D	  0.1	  2.6	0.164	0.000	0.000
480	  G	  0.0	  2.7	0.000	0.000	0.000
481	  G	  0.0	  1.1	0.000	0.000	0.000
482	  T	  0.1	  1.0	0.000	2.578	2.578
483	  L	  0.2	  0.2	0.000	2.578	2.578
484	  G	  0.2	  0.1	0.000	2.578	2.578
485	  V	  8.4	  0.0	0.000	2.578	2.578
486	  F	  8.8	  0.0	0.000	2.578	2.578
487	  S	  8.7	  0.3	0.000	0.000	0.000
488	  P	  0.4	  0.3	0.000	0.000	0.000
489	  K	  0.4	  0.3	0.000	0.000	0.000
490	  K	  0.4	  0.3	0.000	0.000	0.000
491	  T	  0.4	  0.3	0.000	0.000	0.000
492	  P	  0.1	  0.3	0.000	0.000	0.000
493	  H	  0.8	  0.3	0.000	0.000	0.000
494	  L	  1.5	  0.3	0.000	0.000	0.000
495	  V	  5.1	  0.0	0.000	0.000	0.000
496	  N	  4.6	  0.8	0.000	0.000	0.000
497	  L	  4.0	  0.8	0.000	0.000	0.000
498	  N	  0.4	  0.8	0.000	0.000	0.000
499	  E	  0.0	  0.8	0.000	0.000	0.000
500	  D	  0.0	  0.2	0.289	0.000	0.000
501	  P	  0.0	  0.2	0.289	0.000	0.000
502	  L	  0.5	  0.2	0.289	0.000	0.000
503	  M	  0.6	  0.3	0.405	0.000	0.000
504	  S	  0.6	  0.1	3.509	0.000	0.000
505	  E	  0.2	  0.1	3.509	0.000	0.000
506	  C	  1.3	  0.1	3.568	15.255	15.255
507	  L	  1.8	  0.1	3.568	73.388	73.388
508	  L	  2.3	  0.0	3.568	73.388	73.388
509	  Y	  2.2	  0.0	3.568	73.388	73.388
510	  Y	  2.9	  0.0	2.569	73.388	73.388
511	  I	  2.5	  0.4	2.107	70.345	70.345
512	  K	  1.5	  0.8	2.107	0.491	0.491
513	  D	  0.2	  0.9	0.470	0.491	0.491
514	  G	  0.3	  0.9	0.285	0.456	0.456
515	  I	  4.5	  0.5	0.000	0.456	0.456
516	  T	  5.5	  0.1	0.000	0.150	0.150
517	  R	  5.5	  0.1	0.000	0.000	0.000
518	  V	  1.5	  0.3	0.000	0.000	0.000
519	  G	  0.5	  0.4	0.159	0.000	0.000
520	  R	  0.2	  2.1	0.159	0.000	0.000
521	  E	  0.1	  2.3	0.296	0.000	0.000
522	  D	  0.1	  2.2	1.340	0.000	0.000
523	  G	  0.0	  2.2	1.534	0.000	0.000
524	  E	  0.2	  0.5	1.534	0.000	0.000
525	  R	  0.6	  0.3	1.534	0.000	0.000
526	  R	  1.7	  0.4	1.534	0.000	0.000
527	  Q	  1.6	  0.3	1.534	0.000	0.000
528	  D	  2.3	  0.3	0.443	0.000	0.000
529	  I	  9.7	  0.3	0.000	0.666	0.666
530	  V	 12.3	  0.0	0.000	0.666	0.666
531	  L	 11.3	  0.2	0.000	0.666	0.666
532	  S	  3.1	  0.4	0.000	0.666	0.666
533	  G	  0.2	  0.4	0.000	0.666	0.666
534	  H	  2.8	  0.4	0.000	0.486	0.486
535	  F	  4.0	  0.2	0.000	0.486	0.486
536	  I	  4.7	  0.0	0.000	0.486	0.486
537	  K	  2.3	  0.1	0.000	0.000	0.000
538	  E	  1.1	  0.1	0.000	0.000	0.000
539	  E	  0.6	  0.2	0.000	0.000	0.000
540	  H	  1.6	  0.1	0.000	0.000	0.000
541	  C	  2.2	  0.1	0.000	0.000	0.000
542	  V	  4.4	  0.0	0.000	0.000	0.000
543	  F	  5.2	  0.1	0.000	0.000	0.000
544	  R	  4.5	  0.6	0.000	0.000	0.000
545	  S	  2.2	  1.1	0.000	0.000	0.000
546	  D	  0.4	  1.6	0.000	0.000	0.000
547	  S	  0.3	  1.7	0.000	0.000	0.000
548	  R	  0.2	  1.5	0.000	0.000	0.000
549	  G	  0.1	  1.2	0.000	0.000	0.000
550	  G	  0.0	  0.8	0.000	0.000	0.000
551	  S	  0.0	  0.7	0.000	0.000	0.000
552	  E	  0.0	  0.4	0.000	0.000	0.000
553	  A	  0.8	  0.1	0.000	3.174	3.174
554	  V	  3.6	  0.0	0.000	3.174	3.174
555	  V	 11.0	  0.0	0.000	3.174	3.174
556	  T	 12.7	  0.0	0.000	3.174	3.174
557	  L	 10.0	  0.0	0.000	3.174	3.174
558	  E	  2.8	  0.0	0.000	0.000	0.000
559	  P	  0.1	  0.0	0.000	0.000	0.000
560	  C	  0.1	  0.8	0.000	0.000	0.000
561	  E	  0.1	  1.1	0.000	0.000	0.000
562	  G	  0.1	  1.4	0.000	0.000	0.000
563	  A	  0.0	  1.4	0.000	0.000	0.000
564	  D	  1.6	  0.6	0.000	0.000	0.000
565	  T	  6.4	  0.4	0.136	0.000	0.000
566	  Y	  7.9	  0.2	0.136	0.000	0.000
567	  V	  6.6	  8.2	0.136	0.000	0.000
568	  N	  1.9	  8.3	0.136	0.000	0.000
569	  G	  0.3	  8.3	0.136	0.000	0.000
570	  K	  0.2	  8.2	0.136	0.000	0.000
571	  K	  5.4	  0.1	0.000	0.000	0.000
572	  V	  7.1	  0.0	0.000	0.000	0.000
573	  T	  7.0	  0.0	0.000	0.000	0.000
574	  E	  1.8	  0.2	0.000	0.000	0.000
575	  P	  0.0	  0.2	0.000	0.000	0.000
576	  S	  0.3	  0.2	0.137	0.000	0.000
577	  I	  2.7	  0.2	0.137	0.000	0.000
578	  L	  3.3	  0.2	0.137	0.000	0.000
579	  R	  3.1	  0.3	0.137	0.000	0.000
580	  S	  0.8	  2.0	0.137	0.000	0.000
581	  G	  0.2	  2.0	0.137	0.000	0.000
582	  N	  0.2	  1.7	0.000	0.000	0.000
583	  R	  5.5	  1.7	0.000	0.000	0.000
584	  I	 11.6	  0.0	0.000	0.000	0.000
585	  I	 13.6	  0.0	0.000	0.000	0.000
586	  M	  8.6	  0.1	0.000	0.000	0.000
587	  G	  2.4	  0.3	0.000	0.000	0.000
588	  K	  0.4	  0.3	0.000	0.000	0.000
589	  S	  0.6	  0.3	0.000	0.000	0.000
590	  H	  2.3	  0.2	0.000	0.000	0.000
591	  V	  4.3	  0.0	0.000	0.000	0.000
592	  F	  6.8	  0.0	0.000	0.000	0.000
593	  R	  9.5	  0.0	0.000	0.000	0.000
594	  F	  8.5	  0.0	0.000	0.000	0.000
595	  N	  5.8	  0.0	0.000	0.000	0.000
596	  H	  1.3	  0.4	0.347	0.000	0.000
597	  P	  0.0	  0.4	0.661	0.000	0.000
598	  E	  0.0	  0.5	0.871	0.000	0.000
599	  Q	  0.2	  0.5	0.871	0.000	0.000
600	  A	  0.4	  0.1	0.871	0.000	0.000
601	  R	  0.6	  0.1	0.871	0.000	0.000
602	  Q	  0.5	  0.1	0.871	0.000	0.000
603	  E	  0.4	  0.1	0.500	0.000	0.000
604	  R	  0.2	  0.2	0.500	0.000	0.000
605	  E	  0.6	  0.1	0.500	0.000	0.000
606	  R	  0.6	  0.1	0.500	0.000	0.000
607	  T	  0.5	  0.2	0.000	0.000	0.000
608	  P	  0.1	  0.1	0.000	0.000	0.000
609	  C	  0.4	  0.1	0.000	0.000	0.000
610	  A	  0.4	  0.1	0.000	0.000	0.000
611	  E	  0.4	  0.0	0.000	0.000	0.000
612	  T	  0.0	  0.0	0.000	0.000	0.000
613	  P	  0.0	  0.0	0.000	0.000	0.000
614	  A	  0.0	  0.0	0.000	0.000	0.000
615	  E	  0.0	  0.0	0.000	0.000	0.000
616	  P	  0.0	  0.0	0.000	0.000	0.000
617	  V	  1.7	  0.0	0.000	0.000	0.000
618	  D	  1.8	  0.0	1.985	0.000	0.000
619	  W	  2.3	  0.0	2.108	0.000	0.000
620	  A	  0.7	  0.0	2.366	0.000	0.000
621	  F	  1.2	  0.0	2.626	0.000	0.000
622	  A	  0.8	  0.0	3.797	0.000	0.000
623	  Q	  0.9	  0.1	4.391	0.000	0.000
624	  R	  0.4	  0.1	3.996	0.000	0.000
625	  E	  0.3	  0.1	3.742	0.000	0.000
626	  L	  0.2	  0.1	3.594	0.000	0.000
627	  L	  0.3	  0.1	3.594	0.000	0.000
628	  E	  0.4	  0.1	3.594	0.000	0.000
629	  K	  0.3	  0.3	3.305	0.000	0.000
630	  Q	  0.2	  0.3	1.783	0.000	0.000
631	  G	  0.2	  0.3	0.557	0.000	0.000
632	  I	  3.0	  0.2	0.000	0.000	0.000
633	  D	  3.2	  0.1	7.884	0.000	0.000
634	  M	  3.1	  0.1	8.764	0.000	0.000
635	  K	  0.6	  0.1	9.072	0.000	0.000
636	  Q	  0.5	  0.1	9.342	0.000	0.000
637	  E	  0.5	  0.1	10.648	0.000	0.000
638	  M	  0.3	  0.1	11.118	0.000	0.000
639	  E	  0.2	  0.1	12.593	0.000	0.000
640	  Q	  0.3	  0.1	12.593	0.000	0.000
641	  R	  0.7	  0.1	14.112	0.000	0.000
642	  L	  0.7	  0.1	13.726	0.000	0.000
643	  Q	  0.5	  0.1	13.431	0.000	0.000
644	  E	  0.2	  0.0	12.945	0.000	0.000
645	  L	  0.2	  0.2	13.636	0.000	0.000
646	  E	  0.2	  0.2	15.266	0.000	0.000
647	  D	  0.6	  0.2	23.140	0.000	0.000
648	  Q	  2.1	  0.2	22.922	0.000	0.000
649	  Y	  3.6	  0.0	22.758	0.000	0.000
650	  R	  3.2	  0.1	22.474	0.000	0.000
651	  R	  1.7	  0.1	22.311	0.000	0.000
652	  E	  0.2	  0.1	19.867	0.000	0.000
653	  R	  0.1	  0.1	16.740	0.000	0.000
654	  E	  0.1	  0.1	14.773	0.000	0.000
655	  E	  0.2	  0.1	10.312	0.000	0.000
656	  A	  0.9	  0.1	5.252	0.128	0.128
657	  T	  3.9	  0.0	3.856	0.128	0.128
658	  Y	  4.4	  0.0	3.766	0.128	0.128
659	  L	  3.7	  0.0	1.924	0.128	0.128
660	  L	  0.8	  0.0	2.901	0.128	0.128
661	  E	  0.2	  0.1	4.154	0.000	0.000
662	  Q	  0.3	  0.1	4.039	0.000	0.000
663	  Q	  0.5	  0.1	3.469	0.000	0.000
664	  R	  2.1	  0.2	2.935	0.000	0.000
665	  L	  2.9	  0.2	2.822	0.000	0.000
666	  D	  3.8	  0.2	15.821	0.000	0.000
667	  Y	  3.1	  0.3	15.217	0.000	0.000
668	  E	  2.5	  0.1	15.479	0.000	0.000
669	  S	  1.5	  0.2	21.199	0.000	0.000
670	  K	  1.7	  0.2	22.050	0.000	0.000
671	  L	  1.5	  0.1	21.958	0.000	0.000
672	  E	  1.4	  0.1	22.438	0.000	0.000
673	  A	  0.3	  0.0	22.060	0.000	0.000
674	  L	  0.3	  0.0	21.763	0.000	0.000
675	  Q	  0.5	  0.1	20.783	0.000	0.000
676	  K	  0.5	  0.1	17.588	0.000	0.000
677	  Q	  1.0	  0.1	13.355	0.000	0.000
678	  M	  1.0	  0.1	8.929	0.000	0.000
679	  D	  1.0	  0.1	7.530	0.000	0.000
680	  S	  0.6	  0.1	5.025	0.000	0.000
681	  R	  2.1	  0.1	3.748	0.000	0.000
682	  Y	  2.2	  0.1	1.374	0.000	0.000
683	  Y	  2.0	  0.3	0.561	0.000	0.000
684	  P	  0.2	  0.3	0.000	0.000	0.000
685	  E	  6.1	  0.3	0.000	0.000	0.000
686	  V	  6.3	  0.3	0.000	0.000	0.000
687	  N	  6.4	  0.1	0.000	0.000	0.000
688	  E	  0.3	  0.2	0.000	0.000	0.000
689	  E	  0.0	  0.2	0.000	0.000	0.000
690	  E	  0.0	  0.2	0.000	0.000	0.000
691	  E	  0.0	  0.1	0.000	0.000	0.000
692	  E	  0.0	  0.2	0.000	0.000	0.000
693	  P	  0.0	  0.5	0.000	0.000	0.000
694	  E	  0.0	  0.5	0.000	0.000	0.000
695	  D	  0.0	  0.5	0.000	0.000	0.000
696	  E	  2.7	  0.3	0.000	0.000	0.000
697	  V	  5.5	  0.0	0.000	0.000	0.000
698	  Q	  7.6	  0.0	0.000	0.000	0.000
699	  W	  5.7	  0.0	0.000	0.000	0.000
700	  T	  3.1	  0.1	3.563	0.000	0.000
701	  E	  0.9	  0.1	3.669	0.000	0.000
702	  R	  0.2	  0.1	4.265	0.000	0.000
703	  E	  0.5	  0.1	4.265	0.000	0.000
704	  C	  2.1	  0.2	6.048	0.000	0.000
705	  E	  2.2	  0.1	7.138	0.065	0.065
706	  L	  2.0	  0.1	7.196	43.827	43.827
707	  A	  0.5	  0.1	7.118	49.691	49.691
708	  L	  0.7	  0.0	6.916	49.691	49.691
709	  W	  0.9	  0.0	6.650	49.691	49.691
710	  A	  1.1	  0.0	6.282	49.691	49.691
711	  F	  2.2	  0.0	6.016	43.045	43.045
712	  R	  2.2	  0.0	3.953	0.065	0.065
713	  K	  2.4	  0.0	3.222	0.000	0.000
714	  W	  1.7	  0.0	2.172	0.000	0.000
715	  K	  1.5	  0.0	1.746	0.000	0.000
716	  W	  2.0	  0.0	1.012	0.548	0.548
717	  Y	  6.7	  0.0	0.879	0.548	0.548
718	  Q	  9.5	  0.0	0.587	0.548	0.548
719	  F	 11.2	  0.1	0.307	0.548	0.548
720	  T	  6.5	  0.1	0.147	0.548	0.548
721	  S	  5.0	  0.1	2.155	0.356	0.356
722	  L	  2.4	  0.3	2.155	0.410	0.410
723	  R	  2.0	  0.2	2.155	0.054	0.054
724	  D	  0.3	  0.2	2.155	0.054	0.054
725	  L	  0.5	  0.2	2.155	53.702	53.702
726	  L	  0.6	  0.0	2.155	55.619	55.619
727	  W	  0.6	  0.5	1.911	56.259	56.259
728	  G	  0.1	  0.5	0.834	56.414	56.414
729	  N	  0.2	  0.5	0.466	58.137	58.137
730	  A	  0.4	  0.5	0.151	58.137	58.137
731	  I	  1.8	  0.0	0.151	58.137	58.137
732	  F	  2.6	  0.0	0.151	57.852	57.852
733	  L	  2.4	  0.1	0.151	55.934	55.934
734	  K	  1.1	  0.1	0.151	0.000	0.000
735	  E	  0.3	  0.3	0.000	0.000	0.000
736	  A	  0.3	  0.3	0.000	0.000	0.000
737	  N	  0.2	  0.2	1.200	0.000	0.000
738	  A	  0.4	  0.2	1.200	0.000	0.000
739	  I	  4.7	  0.0	1.200	0.000	0.000
740	  S	  8.0	  0.0	5.563	0.000	0.000
741	  V	 12.1	  0.0	5.843	0.000	0.000
742	  E	  9.1	  0.0	6.484	0.000	0.000
743	  L	  5.6	  0.1	6.378	0.000	0.000
744	  K	  1.6	  0.1	6.378	0.000	0.000
745	  K	  0.3	  0.1	5.963	0.000	0.000
746	  K	  1.5	  0.1	4.364	0.000	0.000
747	  V	  4.5	  0.0	2.771	24.939	24.939
748	  Q	  7.7	  0.0	2.771	30.744	30.744
749	  F	 11.5	  0.0	1.132	56.580	56.580
750	  Q	 10.0	  0.0	0.578	58.183	58.183
751	  F	  8.0	  0.0	0.086	73.553	73.553
752	  V	  6.4	  0.0	0.000	73.553	73.553
753	  L	  5.2	  0.0	0.000	73.484	73.484
754	  L	  4.0	  0.0	0.000	66.845	66.845
755	  T	  0.9	  0.1	0.000	34.569	34.569
756	  D	  0.7	  0.1	0.000	0.000	0.000
757	  T	  1.6	  0.1	0.000	0.000	0.000
758	  L	  2.4	  0.1	0.000	0.000	0.000
759	  Y	  2.8	  0.0	0.000	0.000	0.000
760	  S	  1.6	  0.0	0.000	0.000	0.000
761	  P	  0.4	  0.0	0.000	0.000	0.000
762	  L	  0.0	  0.0	0.000	0.000	0.000
763	  P	  0.0	  1.2	0.000	0.000	0.000
764	  P	  0.0	  1.2	0.000	0.000	0.000
765	  D	  0.0	  1.2	0.000	0.000	0.000
766	  L	  0.0	  1.2	0.000	0.000	0.000
767	  L	  0.0	  0.0	0.000	0.000	0.000
768	  P	  0.0	  0.3	0.870	0.000	0.000
769	  P	  0.0	  0.3	0.870	0.000	0.000
770	  E	  0.1	  0.3	1.011	0.000	0.000
771	  A	  0.1	  0.3	1.145	0.000	0.000
772	  A	  0.2	  0.3	1.145	0.000	0.000
773	  K	  0.1	  0.3	1.145	0.000	0.000
774	  D	  0.1	  0.4	0.474	0.000	0.000
775	  R	  0.1	  0.5	0.275	0.000	0.000
776	  E	  0.2	  0.2	0.275	0.000	0.000
777	  T	  0.3	  0.2	0.000	0.000	0.000
778	  R	  0.3	  0.1	0.000	0.000	0.000
779	  P	  0.2	  0.0	0.000	0.000	0.000
780	  F	  0.0	  0.1	0.000	0.000	0.000
781	  P	  0.0	  0.2	0.000	0.000	0.000
782	  R	  0.7	  0.2	0.000	0.072	0.072
783	  T	  4.7	  0.2	0.000	57.325	57.325
784	  I	  8.4	  0.0	0.000	57.325	57.325
785	  V	 13.0	  0.0	0.000	57.325	57.325
786	  A	  9.3	  0.0	0.000	57.325	57.325
787	  V	 22.8	  0.0	0.000	57.325	57.325
788	  E	 19.4	  0.0	0.000	0.072	0.072
789	  V	 19.9	  0.1	0.106	0.072	0.072
790	  Q	  4.0	  0.1	0.106	0.000	0.000
791	  D	  1.1	  0.2	0.106	0.000	0.000
792	  Q	  0.3	  0.7	0.106	0.000	0.000
793	  K	  0.2	  2.6	0.106	0.000	0.000
794	  N	  0.1	  2.9	0.106	0.000	0.000
795	  G	  0.0	  2.9	0.000	0.000	0.000
796	  A	  0.5	  2.4	0.000	0.000	0.000
797	  T	  3.1	  0.5	0.000	0.000	0.000
798	  H	  4.7	  0.1	0.000	0.136	0.136
799	  Y	  4.9	  0.0	0.000	0.136	0.136
800	  W	  4.7	  0.0	1.039	0.136	0.136
801	  T	  4.0	  0.0	11.635	0.136	0.136
802	  L	  3.4	  0.0	11.950	0.136	0.136
803	  E	  1.1	  0.1	12.055	0.000	0.000
804	  K	  0.8	  0.1	12.296	0.000	0.000
805	  L	  0.9	  0.1	12.296	0.000	0.000
806	  R	  1.3	  0.1	12.296	0.000	0.000
807	  Q	  0.9	  0.1	11.584	0.000	0.000
808	  R	  2.5	  0.3	8.121	0.000	0.000
809	  L	  2.9	  0.2	7.387	0.000	0.000
810	  D	  2.7	  0.2	10.012	0.000	0.000
811	  L	  1.1	  0.2	9.573	0.000	0.000
812	  M	  0.2	  0.1	9.129	0.000	0.000
813	  R	  0.2	  0.0	7.930	0.000	0.000
814	  E	  0.3	  0.0	6.963	0.000	0.000
815	  M	  0.7	  0.0	6.547	0.000	0.000
816	  Y	  0.9	  0.0	5.733	0.000	0.000
817	  D	  0.7	  0.1	4.939	0.000	0.000
818	  R	  0.4	  0.1	4.475	0.000	0.000
819	  A	  0.1	  0.1	3.642	0.000	0.000
820	  A	  0.4	  0.1	2.850	0.000	0.000
821	  E	  0.6	  0.0	1.978	0.000	0.000
822	  V	  0.6	  0.2	0.791	0.000	0.000
823	  P	  0.2	  0.3	0.000	0.000	0.000
824	  S	  0.2	  0.3	0.000	0.000	0.000
825	  S	  1.4	  0.3	0.000	0.000	0.000
826	  V	  4.8	  0.1	0.000	0.000	0.000
827	  I	  4.7	  0.2	0.000	0.000	0.000
828	  E	  3.6	  0.3	0.000	0.000	0.000
829	  D	  0.4	  1.4	0.000	0.000	0.000
830	  C	  0.4	  1.6	0.000	0.000	0.000
831	  D	  0.4	  1.4	0.000	0.000	0.000
832	  N	  2.3	  1.4	0.136	0.000	0.000
833	  V	  5.1	  0.3	0.136	0.000	0.000
834	  V	  5.8	  0.0	0.136	0.000	0.000
835	  T	  3.7	  0.2	0.136	0.000	0.000
836	  G	  0.7	  0.2	0.136	0.000	0.000
837	  G	  0.0	  0.2	0.136	0.000	0.000
838	  D	  0.0	  0.3	0.597	0.000	0.000
839	  P	  0.0	  0.2	0.786	0.000	0.000
840	  F	  1.7	  0.2	0.786	0.000	0.000
841	  Y	  2.0	  0.3	0.786	0.000	0.000
842	  D	  2.1	  0.1	0.786	0.000	0.000
843	  R	  0.6	  0.1	0.786	0.000	0.000
844	  F	  0.2	  0.2	0.786	0.000	0.000
845	  P	  0.1	  0.2	0.000	0.000	0.000
846	  W	  1.2	  0.2	0.000	0.000	0.000
847	  F	  3.3	  0.2	0.000	0.000	0.000
848	  R	  3.9	  0.1	0.000	0.000	0.000
849	  L	  2.9	  0.2	0.000	0.000	0.000
850	  V	  0.9	  0.4	0.000	0.000	0.000
851	  G	  0.3	  0.3	0.000	0.000	0.000
852	  R	  0.5	  0.3	0.000	0.000	0.000
853	  A	  0.7	  0.2	0.000	36.417	36.417
854	  F	  2.4	  0.0	0.000	46.576	46.576
855	  V	  5.8	  0.0	0.000	47.817	47.817
856	  Y	  6.4	  0.1	0.202	47.906	47.906
857	  L	  4.7	  0.3	0.202	47.906	47.906
858	  S	  1.1	  0.3	0.202	20.078	20.078
859	  N	  0.1	  0.3	0.202	12.543	12.543
860	  L	  0.9	  0.2	0.202	12.249	12.249
861	  L	  1.0	  0.0	0.202	10.422	10.422
862	  Y	  1.0	  0.0	0.202	0.359	0.359
863	  P	  0.1	  0.0	0.000	0.154	0.154
864	  V	  0.1	  0.0	0.000	0.000	0.000
865	  P	  0.0	  0.0	0.000	0.000	0.000
866	  L	  1.1	  0.0	0.000	0.000	0.000
867	  V	  2.7	  0.0	0.000	0.000	0.000
868	  H	  3.8	  0.0	0.000	0.000	0.000
869	  R	  3.7	  0.0	0.000	0.000	0.000
870	  V	  5.4	  0.0	0.000	8.352	8.352
871	  A	  4.9	  0.0	0.000	8.352	8.352
872	  I	  7.0	  0.0	0.000	8.352	8.352
873	  V	  4.2	  0.0	0.000	8.352	8.352
874	  S	  3.5	  0.3	0.000	8.352	8.352
875	  E	  0.4	  0.6	0.000	0.000	0.000
876	  K	  0.1	  0.6	0.000	0.000	0.000
877	  G	  0.1	  0.6	0.000	0.000	0.000
878	  E	 14.3	  0.3	0.000	0.000	0.000
879	  V	 14.8	  0.4	0.000	0.000	0.000
880	  K	 14.8	  0.4	0.000	0.000	0.000
881	  G	  0.6	  0.4	0.000	0.000	0.000
882	  F	  0.9	  0.4	0.000	0.000	0.000
883	  L	  3.0	  0.0	0.000	0.000	0.000
884	  R	  3.9	  0.0	0.000	0.000	0.000
885	  V	 10.1	  0.0	0.000	2.124	2.124
886	  A	  8.5	  0.0	0.000	2.124	2.124
887	  V	  8.6	  0.0	0.000	2.124	2.124
888	  Q	  1.8	  0.0	0.000	2.124	2.124
889	  A	  1.5	  0.0	0.000	2.124	2.124
890	  I	  2.0	  0.0	0.000	2.124	2.124
891	  S	  2.3	  2.1	0.000	1.164	1.164
892	  A	  2.0	  2.1	0.000	0.275	0.275
893	  D	  0.4	  2.4	0.000	0.000	0.000
894	  E	  0.0	  2.3	0.000	0.000	0.000
895	  E	  0.1	  0.2	0.000	0.000	0.000
896	  A	  0.1	  1.2	0.000	0.000	0.000
897	  P	  0.0	  1.0	0.000	0.000	0.000
898	  D	  0.0	  1.5	0.000	0.000	0.000
899	  Y	  0.2	  3.8	0.000	0.000	0.000
900	  G	  0.2	  3.0	0.000	0.000	0.000
901	  S	  0.2	  3.0	0.000	0.000	0.000
902	  G	  0.1	  2.6	0.000	0.000	0.000
903	  V	  2.6	  0.3	0.000	0.000	0.000
904	  R	  2.8	  0.3	0.000	0.000	0.000
905	  Q	  2.8	  0.4	0.000	0.000	0.000
906	  S	  0.4	  0.6	0.000	0.000	0.000
907	  G	  0.2	  0.6	0.000	0.000	0.000
908	  T	  1.4	  0.3	0.000	0.000	0.000
909	  A	  1.6	  0.2	0.000	0.000	0.000
910	  K	  2.3	  0.0	0.000	0.000	0.000
911	  I	  5.3	  0.0	0.000	0.000	0.000
912	  S	 12.3	  0.3	0.000	0.000	0.000
913	  F	 11.8	  0.5	0.000	0.000	0.000
914	  D	  7.8	  0.6	0.000	0.000	0.000
915	  D	  0.3	  0.7	0.000	0.000	0.000
916	  Q	  1.5	  0.3	0.000	0.000	0.000
917	  H	  5.2	  0.2	0.000	0.000	0.000
918	  F	  7.2	  0.1	0.000	0.000	0.000
919	  E	  5.9	  0.1	0.000	0.000	0.000
920	  K	  3.1	  0.1	0.000	0.000	0.000
921	  F	  2.6	  0.1	0.000	0.000	0.000
922	  Q	  2.5	  0.1	0.000	0.000	0.000
923	  S	  1.8	  1.7	0.000	0.000	0.000
924	  E	  0.7	  1.7	0.000	0.000	0.000
925	  S	  1.0	  1.6	0.000	0.000	0.000
926	  C	  0.8	  1.5	0.000	0.000	0.000
927	  P	  0.4	  0.0	0.000	0.000	0.000
928	  V	  1.1	  0.0	0.000	0.000	0.000
929	  V	  1.4	  0.0	0.000	0.000	0.000
930	  G	  1.5	  0.0	0.000	0.000	0.000
931	  M	  0.5	  0.0	0.000	0.000	0.000
932	  S	  1.8	  1.9	0.000	0.000	0.000
933	  R	  1.9	  2.1	0.000	0.000	0.000
934	  S	  1.8	  2.5	0.000	0.000	0.000
935	  G	  0.2	  2.5	0.000	0.000	0.000
936	  T	  1.2	  0.7	0.000	0.000	0.000
937	  S	  1.5	  0.6	0.842	0.000	0.000
938	  Q	  1.5	  0.2	0.842	0.000	0.000
939	  E	  0.4	  0.2	0.842	0.000	0.000
940	  E	  0.3	  0.1	0.842	0.000	0.000
941	  L	  4.4	  0.1	0.842	0.000	0.000
942	  R	  9.4	  0.0	0.842	0.000	0.000
943	  I	 11.9	  0.0	0.580	0.000	0.000
944	  V	  8.1	  0.3	0.580	0.000	0.000
945	  E	  3.0	  0.4	0.580	0.000	0.000
946	  G	  0.2	  0.9	0.339	0.000	0.000
947	  Q	  0.0	  1.0	0.201	0.000	0.000
948	  G	  0.0	  1.1	0.000	0.000	0.000
949	  Q	  0.0	  1.0	0.000	0.000	0.000
950	  G	  0.0	  1.0	0.000	0.000	0.000
951	  A	  0.1	  0.9	0.000	0.000	0.000
952	  D	  0.1	  0.5	0.000	0.000	0.000
953	  V	  0.1	  0.5	0.000	0.000	0.000
954	  G	  0.0	  0.7	0.000	0.000	0.000
955	  P	  0.0	  0.7	0.000	0.000	0.000
956	  S	  0.4	  2.7	0.114	0.000	0.000
957	  A	  0.4	  2.7	0.114	0.000	0.000
958	  D	  0.4	  2.1	0.501	0.000	0.000
959	  E	  6.0	  2.1	0.501	0.000	0.000
960	  V	  6.6	  0.1	0.501	0.000	0.000
961	  N	  6.5	  0.4	0.608	0.000	0.000
962	  N	  0.6	  0.5	0.608	0.000	0.000
963	  N	  0.7	  0.5	0.608	0.000	0.000
964	  T	 11.9	  0.4	0.108	0.000	0.000
965	  C	 15.6	  0.1	0.108	0.000	0.000
966	  S	 15.4	  0.1	0.108	0.000	0.000
967	  A	  5.0	  0.0	0.000	0.000	0.000
968	  V	  0.5	  0.0	0.000	0.000	0.000
969	  P	  0.0	  0.7	0.000	0.000	0.000
970	  P	  0.0	  1.0	0.000	0.000	0.000
971	  E	  0.0	  1.1	0.000	0.000	0.000
972	  G	  0.0	  1.1	0.000	0.000	0.000
973	  L	  0.9	  0.3	0.000	0.000	0.000
974	  L	  1.3	  0.1	0.000	0.000	0.000
975	  L	  1.6	  0.1	0.000	0.000	0.000
976	  D	  0.7	  1.4	2.373	0.000	0.000
977	  S	  0.4	  1.5	4.398	0.000	0.000
978	  S	  0.2	  1.6	6.053	0.000	0.000
979	  E	  0.2	  1.5	6.225	0.000	0.000
980	  K	  0.3	  0.2	6.225	0.000	0.000
981	  A	  0.4	  0.1	6.225	0.000	0.000
982	  A	  0.4	  0.4	6.090	0.000	0.000
983	  L	  0.3	  0.3	5.639	0.000	0.000
984	  D	  0.2	  0.4	4.645	0.000	0.000
985	  G	  0.1	  0.6	3.085	0.000	0.000
986	  P	  0.0	  0.4	0.000	0.000	0.000
987	  L	  0.2	  0.4	0.000	0.000	0.000
988	  D	  0.2	  0.4	0.912	0.000	0.000
989	  A	  0.4	  0.2	0.912	0.000	0.000
990	  A	  0.3	  0.1	0.912	0.000	0.000
991	  L	  0.6	  0.2	0.912	0.000	0.000
992	  D	  0.4	  0.2	1.272	0.000	0.000
993	  H	  1.1	  0.2	1.272	0.000	0.000
994	  L	  2.3	  0.1	1.027	0.000	0.000
995	  R	  2.4	  0.1	1.027	0.000	0.000
996	  L	  1.6	  1.2	0.838	0.000	0.000
997	  G	  0.1	  1.2	0.597	0.000	0.000
998	  N	  2.1	  1.2	0.219	0.000	0.000
999	  T	 18.2	  1.2	0.000	0.000	0.000
1000	  F	 26.4	  0.0	0.000	0.000	0.000
1001	  T	 32.2	  0.0	0.000	0.000	0.000
1002	  F	 19.8	  0.0	0.000	0.000	0.000
1003	  R	 12.0	  0.0	0.000	0.000	0.000
1004	  V	 18.3	  0.0	0.000	0.763	0.763
1005	  T	 18.4	  0.0	0.000	0.763	0.763
1006	  V	 19.0	  0.0	0.000	0.763	0.763
1007	  L	  5.3	  0.0	0.000	0.763	0.763
1008	  Q	  2.3	  0.0	0.000	0.763	0.763
1009	  A	  0.5	  0.1	0.000	0.349	0.349
1010	  S	  0.4	  0.1	0.000	0.000	0.000
1011	  S	  6.2	  0.3	0.000	0.000	0.000
1012	  I	  7.6	  0.3	0.000	0.000	0.000
1013	  S	  7.9	  0.3	0.450	0.000	0.000
1014	  A	  2.1	  0.3	0.450	0.000	0.000
1015	  E	  0.8	  0.1	0.450	0.000	0.000
1016	  Y	  0.7	  0.7	0.450	0.000	0.000
1017	  A	  0.7	  0.6	0.450	0.000	0.000
1018	  D	  1.6	  0.6	0.450	0.000	0.000
1019	  I	  2.8	  0.6	0.300	12.499	12.499
1020	  F	  4.6	  0.0	0.300	13.608	13.608
1021	  C	  4.5	  0.0	0.140	13.608	13.608
1022	  Q	  5.0	  0.0	0.000	13.608	13.608
1023	  F	  6.4	  0.0	0.000	13.608	13.608
1024	  N	  6.1	  0.0	0.000	13.354	13.354
1025	  F	  4.9	  0.0	0.000	13.354	13.354
1026	  I	  3.0	  0.0	0.000	13.232	13.232
1027	  H	  2.7	  0.1	0.000	2.414	2.414
1028	  R	  3.0	  0.2	0.000	0.000	0.000
1029	  H	  1.7	  0.3	0.000	0.000	0.000
1030	  D	  1.1	  0.4	0.000	0.000	0.000
1031	  E	  0.1	  0.2	0.000	0.000	0.000
1032	  A	  0.6	  0.1	0.000	0.000	0.000
1033	  F	  1.6	  0.1	0.000	0.000	0.000
1034	  S	  2.0	  0.1	0.000	0.000	0.000
1035	  T	  1.5	  0.1	0.000	0.000	0.000
1036	  E	  0.6	  0.1	0.000	0.000	0.000
1037	  P	  0.0	  0.0	0.000	0.000	0.000
1038	  L	  0.2	  0.2	0.000	0.000	0.000
1039	  K	  0.6	  0.2	0.000	0.000	0.000
1040	  N	  0.6	  0.5	0.000	0.000	0.000
1041	  T	  0.5	  1.0	0.000	0.000	0.000
1042	  G	  0.1	  0.8	0.000	0.000	0.000
1043	  R	  0.1	  0.8	0.000	0.000	0.000
1044	  G	  0.0	  0.5	0.000	0.000	0.000
1045	  P	  0.0	  0.5	0.000	0.000	0.000
1046	  P	  0.0	  0.7	0.000	0.000	0.000
1047	  L	  0.1	  0.7	0.000	0.311	0.311
1048	  G	  0.1	  0.7	0.000	0.311	0.311
1049	  F	  1.3	  0.1	0.000	0.311	0.311
1050	  Y	  3.9	  0.0	0.000	0.311	0.311
1051	  H	  5.2	  0.0	0.000	0.311	0.311
1052	  V	  5.3	  0.1	0.000	0.311	0.311
1053	  Q	  2.9	  0.1	0.000	0.000	0.000
1054	  N	  1.7	  0.1	0.000	0.000	0.000
1055	  I	  3.2	  0.1	0.000	0.858	0.858
1056	  A	  3.3	  0.0	0.000	0.858	0.858
1057	  V	 21.5	  0.0	0.000	0.858	0.858
1058	  E	 22.7	  0.0	0.000	0.858	0.858
1059	  V	 23.8	  0.0	0.000	2.787	2.787
1060	  T	  9.6	  0.1	0.786	2.937	2.937
1061	  K	  4.2	  0.1	0.786	2.937	2.937
1062	  S	  3.6	  0.1	4.009	2.937	2.937
1063	  F	  2.1	  0.1	4.009	3.209	3.209
1064	  I	  4.3	  0.0	4.192	3.209	3.209
1065	  E	  3.6	  0.0	4.327	2.528	2.528
1066	  Y	  3.9	  0.0	4.327	2.528	2.528
1067	  I	  2.6	  0.0	4.327	2.366	2.366
1068	  K	  3.0	  0.0	4.327	0.449	0.449
1069	  S	  1.9	  0.0	3.103	0.000	0.000
1070	  Q	  0.6	  0.0	2.468	0.000	0.000
1071	  P	  0.1	  0.0	0.000	0.000	0.000
1072	  I	  4.6	  0.0	0.000	0.000	0.000
1073	  V	  7.8	  0.0	0.000	0.000	0.000
1074	  F	 16.0	  0.0	0.000	0.000	0.000
1075	  E	 13.1	  0.0	0.000	0.000	0.000
1076	  V	 10.8	  0.0	0.000	0.000	0.000
1077	  F	  2.8	  0.3	0.000	0.000	0.000
1078	  G	  1.0	  0.3	0.000	0.000	0.000
1079	  H	  3.6	  0.3	0.000	0.000	0.000
1080	  Y	  5.3	  0.4	0.000	0.000	0.000
1081	  Q	  5.7	  0.0	0.000	0.000	0.000
1082	  Q	  2.4	  0.0	0.000	0.000	0.000
1083	  H	  0.5	  0.0	0.000	0.000	0.000
1084	  P	  0.1	  0.0	0.000	0.000	0.000
1085	  F	  0.0	  0.0	0.000	0.000	0.000
1086	  P	  0.0	  0.3	0.000	0.000	0.000
1087	  P	  0.0	  0.3	0.000	0.000	0.000
1088	  L	  0.1	  0.3	0.000	0.000	0.000
1089	  C	  0.3	  0.7	0.000	0.000	0.000
1090	  K	  0.5	  0.5	0.000	0.000	0.000
1091	  D	  0.5	  0.5	0.000	0.000	0.000
1092	  V	  5.8	  0.5	0.000	0.000	0.000
1093	  L	  5.7	  0.0	0.000	0.000	0.000
1094	  S	  5.6	  0.2	0.000	0.000	0.000
1095	  P	  0.1	  0.2	0.000	0.000	0.000
1096	  L	  0.1	  0.2	0.000	0.000	0.000
1097	  R	  0.2	  0.6	0.000	0.000	0.000
1098	  P	  0.2	  0.4	0.000	0.000	0.000
1099	  S	  0.5	  0.5	0.000	0.000	0.000
1100	  R	  1.0	  0.6	0.000	0.000	0.000
1101	  R	  3.8	  0.2	0.000	0.000	0.000
1102	  H	  3.5	  0.1	0.000	0.000	0.000
1103	  F	  3.1	  0.4	0.000	0.000	0.000
1104	  P	  0.3	  0.4	0.000	0.000	0.000
1105	  R	  3.6	  0.4	0.000	0.000	0.000
1106	  V	  4.1	  0.4	0.000	0.000	0.000
1107	  M	  4.1	  0.0	0.000	0.000	0.000
1108	  P	  0.5	  0.0	0.000	0.000	0.000
1109	  L	  0.6	  0.0	0.000	0.000	0.000
1110	  S	  0.7	  0.0	0.000	0.000	0.000
1111	  K	  0.7	  0.0	0.000	0.000	0.000
1112	  P	  0.1	  0.0	0.000	0.000	0.000
1113	  V	  0.0	  0.0	0.000	0.000	0.000
1114	  P	  0.0	  0.1	0.000	0.000	0.000
1115	  A	  0.3	  0.1	0.000	0.000	0.000
1116	  T	  1.2	  0.2	0.000	0.000	0.000
1117	  K	  1.7	  0.2	0.000	0.000	0.000
1118	  L	  1.6	  0.1	0.000	0.000	0.000
1119	  S	  0.8	  0.1	0.000	0.000	0.000
1120	  T	  3.3	  0.1	0.000	0.000	0.000
1121	  L	  3.5	  0.1	0.000	0.000	0.000
1122	  T	  3.5	  0.0	0.000	0.000	0.000
1123	  R	  0.5	  0.0	0.000	0.000	0.000
1124	  P	  0.1	  0.0	0.000	0.000	0.000
1125	  C	  0.0	  0.0	0.000	0.000	0.000
1126	  P	  0.0	  0.0	0.000	0.000	0.000
1127	  G	  0.0	  0.2	0.000	0.000	0.000
1128	  P	  0.0	  0.2	0.000	0.000	0.000
1129	  C	  2.0	  0.2	0.000	0.000	0.000
1130	  H	  2.6	  0.2	0.000	0.000	0.000
1131	  C	  2.8	  0.0	0.000	0.192	0.192
1132	  K	  1.5	  0.1	0.000	1.309	1.309
1133	  Y	  2.1	  0.2	0.000	1.309	1.309
1134	  D	  1.9	  0.2	0.000	1.309	1.309
1135	  L	  2.0	  0.2	0.000	56.235	56.235
1136	  L	  2.1	  0.1	0.000	56.235	56.235
1137	  V	  4.1	  0.0	0.000	56.235	56.235
1138	  Y	  5.5	  0.0	0.000	56.177	56.177
1139	  F	  9.4	  0.0	0.000	56.097	56.097
1140	  E	  7.8	  0.0	0.151	0.000	0.000
1141	  I	  6.2	  0.0	0.279	0.000	0.000
1142	  C	  2.7	  0.1	2.354	0.000	0.000
1143	  E	  2.3	  0.1	2.354	0.000	0.000
1144	  L	  1.9	  0.1	2.354	0.000	0.000
1145	  E	  0.5	  0.7	2.354	0.000	0.000
1146	  A	  0.3	  1.0	2.354	0.000	0.000
1147	  N	  0.1	  1.8	2.354	0.000	0.000
1148	  G	  0.0	  1.8	0.418	0.000	0.000
1149	  D	  0.8	  1.2	0.112	0.000	0.000
1150	  Y	  1.0	  0.8	0.000	0.000	0.000
1151	  I	  1.0	  0.0	0.000	0.000	0.000
1152	  P	  0.2	  0.0	0.000	0.000	0.000
1153	  A	  0.8	  0.0	0.000	0.000	0.000
1154	  V	  4.8	  0.0	0.000	0.000	0.000
1155	  V	  5.6	  0.0	0.000	0.000	0.000
1156	  D	  5.0	  0.2	0.000	0.000	0.000
1157	  H	  1.2	  0.4	0.000	0.000	0.000
1158	  R	  0.3	  0.7	0.000	0.000	0.000
1159	  G	  0.2	  0.6	0.000	0.000	0.000
1160	  G	  0.0	  0.5	0.000	0.000	0.000
1161	  M	  0.0	  0.3	0.000	0.000	0.000
1162	  P	  0.0	  0.0	0.000	0.000	0.000
1163	  C	  0.7	  0.2	0.000	0.271	0.271
1164	  M	  0.7	  0.6	0.000	1.795	1.795
1165	  G	  0.8	  0.6	0.270	2.924	2.924
1166	  T	  3.6	  0.6	0.270	2.924	2.924
1167	  F	  4.3	  0.4	0.270	2.924	2.924
1168	  L	  4.8	  0.0	0.270	2.924	2.924
1169	  L	  1.5	  0.0	0.270	2.688	2.688
1170	  H	  0.7	  0.4	0.270	0.000	0.000
1171	  Q	  0.2	  0.4	0.270	0.000	0.000
1172	  G	  0.1	  0.4	0.131	0.000	0.000
1173	  I	  0.4	  0.4	0.000	0.000	0.000
1174	  Q	  0.6	  0.1	0.000	0.000	0.000
1175	  R	  1.8	  0.0	0.000	0.000	0.000
1176	  R	  6.3	  0.0	0.000	0.000	0.000
1177	  I	 21.9	  0.0	0.000	42.422	42.422
1178	  T	 29.3	  0.0	0.000	52.796	52.796
1179	  V	 30.1	  0.0	0.000	52.796	52.796
1180	  T	 15.8	  0.0	0.000	52.796	52.796
1181	  L	  6.6	  0.0	0.000	52.796	52.796
1182	  L	  1.0	  0.0	0.000	51.788	51.788
1183	  H	  0.5	  0.5	0.000	0.379	0.379
1184	  E	  0.2	  0.6	0.000	0.000	0.000
1185	  T	  0.3	  1.2	0.000	0.000	0.000
1186	  G	  0.2	  1.3	0.000	0.000	0.000
1187	  S	  1.1	  0.8	0.000	0.000	0.000
1188	  H	  7.2	  0.7	0.000	0.000	0.000
1189	  I	  9.9	  0.1	0.000	0.000	0.000
1190	  R	  9.3	  0.0	0.000	0.000	0.000
1191	  W	  3.6	  0.1	0.000	0.000	0.000
1192	  K	  1.3	  0.1	0.000	0.000	0.000
1193	  E	  2.6	  0.1	0.000	0.000	0.000
1194	  V	  2.7	  0.1	0.000	0.457	0.457
1195	  R	  2.2	  0.1	0.000	0.457	0.457
1196	  E	  0.6	  0.1	0.000	0.457	0.457
1197	  L	  2.0	  0.1	0.000	0.457	0.457
1198	  V	  3.0	  0.0	0.000	0.457	0.457
1199	  V	  3.0	  0.1	0.000	0.457	0.457
1200	  G	  1.2	  0.1	0.000	0.000	0.000
1201	  R	  4.1	  0.1	0.000	0.000	0.000
1202	  I	  4.2	  0.2	0.000	0.000	0.000
1203	  R	  4.4	  0.1	0.000	0.000	0.000
1204	  N	  0.6	  0.1	0.000	0.000	0.000
1205	  T	  0.3	  0.2	0.000	0.000	0.000
1206	  P	  0.1	  0.3	0.000	0.000	0.000
1207	  E	  0.1	  0.3	0.000	0.000	0.000
1208	  T	  0.1	  0.4	0.000	0.000	0.000
1209	  D	  0.1	  1.0	0.000	0.000	0.000
1210	  E	  0.1	  0.9	0.000	0.000	0.000
1211	  S	  0.4	  0.9	0.000	0.000	0.000
1212	  L	  1.3	  0.8	0.000	0.000	0.000
1213	  I	  1.5	  0.0	0.000	0.000	0.000
1214	  D	  1.2	  3.5	0.448	0.000	0.000
1215	  P	  0.3	  3.5	0.448	0.000	0.000
1216	  N	  0.1	  3.5	0.448	0.000	0.000
1217	  I	  1.5	  3.5	0.448	7.175	7.175
1218	  L	  3.2	  0.0	0.448	7.658	7.658
1219	  S	  5.9	  0.5	0.835	7.658	7.658
1220	  L	  8.1	  0.5	0.602	7.658	7.658
1221	  N	  6.6	  0.5	0.387	7.658	7.658
1222	  I	  5.2	  0.5	0.387	7.837	7.837
1223	  L	  1.8	  0.3	0.387	6.870	6.870
1224	  S	  1.7	  0.6	0.387	1.106	1.106
1225	  S	  0.4	  0.6	0.153	0.451	0.451
1226	  G	  0.1	  0.6	0.000	0.451	0.451
1227	  Y	  1.3	  0.3	0.000	0.451	0.451
1228	  I	  1.5	  0.0	0.000	0.451	0.451
1229	  H	  1.4	  0.2	0.000	0.000	0.000
1230	  P	  0.2	  0.3	0.000	0.000	0.000
1231	  A	  0.0	  0.5	0.000	0.000	0.000
1232	  Q	  0.1	  0.7	0.000	0.000	0.000
1233	  D	  0.1	  0.6	0.494	0.000	0.000
1234	  D	  0.0	  0.5	0.494	0.000	0.000
1235	  R	  1.2	  0.3	0.494	0.000	0.000
1236	  T	  7.2	  0.1	0.494	0.760	0.760
1237	  F	  9.0	  0.1	0.494	0.760	0.760
1238	  Y	 13.3	  0.0	0.494	0.760	0.760
1239	  Q	 13.6	  0.0	0.105	0.760	0.760
1240	  F	 13.6	  0.0	0.000	0.760	0.760
1241	  E	  8.6	  0.0	0.000	0.000	0.000
1242	  A	  2.2	  0.0	0.000	0.000	0.000
1243	  A	  0.3	  0.1	0.000	0.000	0.000
1244	  W	  0.8	  0.1	0.000	0.000	0.000
1245	  D	  0.7	  0.8	0.000	0.000	0.000
1246	  S	  0.7	  0.8	0.000	0.000	0.000
1247	  S	  0.9	  0.8	0.000	0.000	0.000
1248	  M	  1.1	  0.7	0.000	0.000	0.000
1249	  H	  1.2	  0.1	0.000	0.000	0.000
1250	  N	  0.5	  0.2	0.219	0.000	0.000
1251	  S	  0.4	  0.2	0.522	0.000	0.000
1252	  L	  1.2	  0.1	0.522	0.000	0.000
1253	  L	  1.6	  0.0	0.522	0.000	0.000
1254	  L	  1.4	  0.0	0.522	0.000	0.000
1255	  N	  0.6	  0.0	0.522	0.000	0.000
1256	  R	  4.0	  0.0	0.303	0.000	0.000
1257	  V	  4.6	  0.0	0.000	0.000	0.000
1258	  T	  4.5	  0.2	0.000	0.000	0.000
1259	  P	  0.6	  0.2	0.000	0.000	0.000
1260	  Y	  0.6	  0.2	0.000	0.000	0.000
1261	  R	  0.6	  0.3	0.000	0.000	0.000
1262	  E	  0.7	  0.1	0.000	0.133	0.133
1263	  K	  0.5	  0.1	0.000	0.133	0.133
1264	  I	  1.9	  0.0	0.000	38.157	38.157
1265	  Y	  2.3	  0.0	0.000	43.479	43.479
1266	  M	  4.8	  0.0	0.000	43.668	43.668
1267	  T	  8.9	  0.0	0.000	43.834	43.834
1268	  L	  8.9	  0.1	0.000	44.116	44.116
1269	  S	  6.5	  0.1	0.000	30.467	30.467
1270	  A	  1.2	  0.1	0.000	28.790	28.790
1271	  Y	  1.6	  0.1	0.000	27.372	27.372
1272	  I	  4.4	  0.0	0.000	25.137	25.137
1273	  E	  4.3	  0.0	0.000	0.000	0.000
1274	  M	  3.3	  0.4	0.000	0.000	0.000
1275	  E	  0.4	  0.4	0.000	0.000	0.000
1276	  N	  1.0	  0.4	0.000	0.000	0.000
1277	  C	  8.7	  0.4	0.000	0.000	0.000
1278	  T	  8.8	  0.0	0.000	0.000	0.000
1279	  Q	  8.0	  0.0	0.000	0.000	0.000
1280	  P	  0.2	  0.0	0.000	0.122	0.122
1281	  A	  0.7	  0.0	0.000	2.675	2.675
1282	  V	  3.8	  0.0	0.000	5.695	5.695
1283	  V	  5.6	  0.0	0.000	5.946	5.946
1284	  T	  5.3	  0.3	0.000	5.946	5.946
1285	  K	  2.4	  0.3	0.000	5.823	5.823
1286	  D	  1.0	  0.3	0.108	5.823	5.823
1287	  F	  3.0	  0.3	0.108	65.949	65.949
1288	  C	  4.8	  0.0	0.108	71.104	71.104
1289	  M	  5.8	  0.0	0.108	74.009	74.009
1290	  V	  5.4	  0.0	0.108	74.009	74.009
1291	  F	  5.7	  0.0	0.108	73.879	73.879
1292	  Y	  5.8	  0.1	0.108	54.691	54.691
1293	  S	  4.1	  1.5	0.478	25.566	25.566
1294	  R	  1.9	  1.5	0.478	0.000	0.000
1295	  D	  0.3	  1.5	0.478	0.000	0.000
1296	  A	  0.6	  1.4	0.478	0.000	0.000
1297	  K	  0.7	  0.0	0.478	0.000	0.000
1298	  L	  0.7	  0.0	0.478	0.000	0.000
1299	  P	  0.1	  0.2	0.000	0.000	0.000
1300	  A	  0.2	  0.2	0.000	0.000	0.000
1301	  S	  1.8	  0.7	0.000	0.000	0.000
1302	  R	  2.6	  0.7	0.000	0.000	0.000
1303	  S	  4.9	  0.5	0.207	0.000	0.000
1304	  I	  3.5	  0.6	0.207	0.000	0.000
1305	  R	  2.9	  0.1	0.207	0.000	0.000
1306	  N	  0.9	  0.1	0.207	0.000	0.000
1307	  L	  0.8	  0.3	0.207	0.000	0.000
1308	  F	  0.8	  2.4	0.207	0.000	0.000
1309	  G	  0.3	  2.8	0.000	0.000	0.000
1310	  S	  0.4	  3.7	0.000	0.000	0.000
1311	  G	  0.3	  3.6	0.000	0.000	0.000
1312	  S	  2.2	  1.3	0.000	0.000	0.000
1313	  L	  2.4	  0.9	0.000	0.000	0.000
1314	  R	  2.5	  0.2	0.000	0.000	0.000
1315	  A	  0.6	  0.2	0.000	0.000	0.000
1316	  S	  0.4	  1.3	0.000	0.000	0.000
1317	  E	  0.2	  1.5	0.000	0.000	0.000
1318	  S	  0.2	  1.4	0.000	0.000	0.000
1319	  N	  0.1	  1.3	0.000	0.000	0.000
1320	  R	  2.4	  0.2	0.000	0.000	0.000
1321	  V	  3.1	  0.1	0.000	4.226	4.226
1322	  T	  3.1	  0.1	0.000	4.226	4.226
1323	  G	  0.8	  0.1	0.000	4.226	4.226
1324	  V	  3.4	  0.1	0.000	4.226	4.226
1325	  Y	  5.7	  0.1	0.000	4.226	4.226
1326	  E	  6.0	  0.0	0.000	0.000	0.000
1327	  L	  4.4	  0.1	0.000	0.000	0.000
1328	  S	  2.7	  0.1	0.000	0.000	0.000
1329	  L	  2.9	  0.1	0.000	0.000	0.000
1330	  C	  3.6	  0.1	0.000	0.000	0.000
1331	  H	  4.6	  0.0	0.000	0.000	0.000
1332	  V	  4.6	  0.2	0.000	0.000	0.000
1333	  A	  2.3	  0.2	0.000	0.000	0.000
1334	  D	  0.7	  1.6	0.000	0.000	0.000
1335	  A	  0.0	  1.6	0.000	0.000	0.000
1336	  G	  0.0	  1.4	0.000	0.000	0.000
1337	  S	  0.0	  4.0	0.382	0.000	0.000
1338	  P	  0.0	  2.6	0.382	0.000	0.000
1339	  G	  0.0	  2.6	0.800	0.000	0.000
1340	  M	  0.2	  2.7	0.800	0.000	0.000
1341	  Q	  0.4	  0.1	0.800	0.000	0.000
1342	  R	  0.8	  0.1	0.800	0.000	0.000
1343	  R	  1.1	  0.1	0.800	0.000	0.000
1344	  R	  1.2	  0.1	0.417	0.000	0.000
1345	  R	  1.6	  0.1	0.153	0.000	0.000
1346	  R	  2.9	  0.1	0.000	0.000	0.000
1347	  V	  5.3	  0.1	0.000	0.000	0.000
1348	  L	  4.7	  0.1	0.000	0.000	0.000
1349	  D	  3.1	  0.2	0.137	0.000	0.000
1350	  T	  1.2	  0.2	0.137	4.913	4.913
1351	  S	  1.6	  0.2	0.261	12.525	12.525
1352	  V	  3.4	  0.2	0.261	12.525	12.525
1353	  A	  2.8	  0.0	0.261	12.525	12.525
1354	  Y	  3.9	  0.0	0.261	12.525	12.525
1355	  V	  2.8	  0.1	0.124	12.139	12.139
1356	  R	  2.5	  0.1	0.124	0.000	0.000
1357	  G	  0.8	  0.2	0.188	0.000	0.000
1358	  E	  0.1	  0.4	0.188	0.000	0.000
1359	  E	  0.0	  0.3	0.188	0.000	0.000
1360	  N	  0.1	  0.3	0.465	0.000	0.000
1361	  L	  0.1	  0.9	0.465	0.000	0.000
1362	  A	  0.1	  0.8	0.465	0.000	0.000
1363	  G	  0.1	  0.8	0.465	0.000	0.000
1364	  W	  0.3	  0.8	0.276	0.000	0.000
1365	  R	  0.3	  0.2	0.276	0.000	0.000
1366	  P	  0.2	  0.3	0.000	0.000	0.000
1367	  R	  0.2	  0.8	0.000	0.000	0.000
1368	  S	  0.2	  1.4	0.000	0.000	0.000
1369	  D	  0.3	  1.2	0.000	0.000	0.000
1370	  S	  0.5	  1.1	0.000	0.000	0.000
1371	  L	  1.7	  0.6	0.000	0.000	0.000
1372	  I	  2.2	  0.1	0.000	0.000	0.000
1373	  L	  2.1	  0.1	0.000	0.000	0.000
1374	  D	  0.8	  0.1	0.000	0.000	0.000
1375	  H	  1.3	  0.1	0.457	0.000	0.000
1376	  Q	  5.9	  0.0	0.457	0.000	0.000
1377	  W	  7.2	  0.0	1.219	0.000	0.000
1378	  E	  6.4	  0.0	1.662	0.000	0.000
1379	  L	  1.6	  0.1	1.662	0.000	0.000
1380	  E	  0.3	  0.1	1.812	0.000	0.000
1381	  K	  0.7	  0.1	1.812	0.000	0.000
1382	  L	  2.3	  0.1	1.692	0.000	0.000
1383	  S	  2.5	  0.1	1.502	0.000	0.000
1384	  L	  2.2	  0.0	0.914	0.000	0.000
1385	  L	  0.4	  0.1	0.788	0.000	0.000
1386	  Q	  0.6	  0.0	0.788	0.000	0.000
1387	  E	  2.6	  0.0	0.000	0.000	0.000
1388	  V	  3.7	  0.1	0.116	0.000	0.000
1389	  E	  3.7	  0.1	0.116	0.000	0.000
1390	  K	  1.8	  0.1	0.116	0.000	0.000
1391	  T	  1.3	  0.1	0.116	0.000	0.000
1392	  R	  2.7	  0.1	0.116	0.000	0.000
1393	  H	  4.1	  0.1	0.116	0.705	0.705
1394	  Y	  4.2	  0.1	0.000	0.705	0.705
1395	  L	  3.4	  0.0	0.000	0.705	0.705
1396	  L	  1.9	  0.0	0.732	0.705	0.705
1397	  L	  1.1	  0.0	0.939	0.705	0.705
1398	  R	  0.2	  0.1	0.939	0.000	0.000
1399	  E	  0.1	  0.1	0.939	0.000	0.000
1400	  K	  1.7	  0.1	0.939	0.000	0.000
1401	  L	  1.7	  0.2	0.939	0.000	0.000
1402	  E	  1.7	  0.1	0.939	0.000	0.000
1403	  T	  1.3	  0.1	0.743	0.000	0.000
1404	  A	  1.5	  0.1	0.743	0.000	0.000
1405	  Q	  1.5	  0.0	0.743	0.000	0.000
1406	  R	  0.3	  0.0	0.137	0.000	0.000
1407	  P	  0.1	  0.0	0.000	0.000	0.000
1408	  V	  0.0	  0.0	0.000	0.000	0.000
1409	  P	  0.0	  0.0	0.000	0.000	0.000
1410	  E	  0.0	  0.0	0.000	0.000	0.000
1411	  A	  0.5	  0.0	0.000	0.000	0.000
1412	  L	  0.6	  0.0	0.000	0.000	0.000
1413	  S	  0.6	  0.2	0.000	0.000	0.000
1414	  P	  0.1	  0.2	0.000	0.000	0.000
1415	  A	  0.5	  0.2	0.000	0.000	0.000
1416	  F	  1.2	  0.2	0.000	0.000	0.000
1417	  S	  1.2	  2.1	0.000	0.000	0.000
1418	  E	  0.7	  2.2	0.000	0.000	0.000
1419	  D	  0.1	  2.3	0.000	0.000	0.000
1420	  S	  0.3	  3.2	0.000	0.000	0.000
1421	  E	  0.7	  1.3	0.000	0.000	0.000
1422	  S	  0.9	  1.6	0.000	0.000	0.000
1423	  H	  0.8	  2.3	0.000	0.000	0.000
1424	  G	  0.3	  1.5	0.000	0.000	0.000
1425	  S	  1.0	  2.2	0.000	0.000	0.000
1426	  S	  1.0	  1.9	0.000	0.000	0.000
1427	  S	  4.1	  2.1	0.000	0.000	0.000
1428	  A	  3.5	  1.9	0.000	0.000	0.000
1429	  S	  3.5	  1.1	0.000	0.000	0.000
1430	  S	  0.3	  1.2	0.128	0.000	0.000
1431	  P	  0.0	  0.2	0.128	0.000	0.000
1432	  L	  0.7	  0.2	0.128	0.000	0.000
1433	  S	  1.1	  0.6	0.128	0.000	0.000
1434	  A	  1.1	  1.0	0.128	0.000	0.000
1435	  E	  0.4	  1.0	0.128	0.000	0.000
1436	  G	  0.0	  1.0	0.000	0.000	0.000
1437	  R	  0.0	  0.6	0.000	0.000	0.000
1438	  P	  0.0	  0.0	0.000	0.000	0.000
1439	  S	  0.0	  0.2	0.000	0.000	0.000
1440	  P	  0.0	  0.2	0.000	0.000	0.000
1441	  L	  0.5	  0.2	0.000	0.000	0.000
1442	  E	  0.5	  0.2	0.000	0.000	0.000
1443	  A	  0.5	  0.7	0.000	0.000	0.000
1444	  P	  0.0	  0.7	0.000	0.000	0.000
1445	  N	  0.0	  0.8	1.648	0.000	0.000
1446	  E	  0.4	  0.8	2.947	0.000	0.000
1447	  R	  0.8	  0.2	3.066	0.000	0.000
1448	  Q	  1.0	  0.2	3.066	0.000	0.000
1449	  R	  0.8	  0.1	3.066	0.000	0.000
1450	  E	  0.4	  0.1	3.066	0.000	0.000
1451	  L	  0.5	  0.1	2.914	0.000	0.000
1452	  A	  1.1	  0.0	2.670	0.000	0.000
1453	  V	  6.4	  0.0	2.384	0.000	0.000
1454	  K	  6.5	  0.0	2.384	0.000	0.000
1455	  C	  7.4	  0.0	1.489	0.000	0.000
1456	  L	  3.5	  0.0	1.193	0.000	0.000
1457	  R	  3.4	  0.0	0.700	0.000	0.000
1458	  L	  2.0	  0.0	0.312	0.000	0.000
1459	  L	  1.6	  0.0	0.000	0.000	0.000
1460	  T	  3.9	  0.0	0.000	0.000	0.000
1461	  H	  6.7	  0.0	0.000	0.000	0.000
1462	  T	 14.3	  0.0	0.000	0.000	0.000
1463	  F	 12.1	  0.0	0.000	0.000	0.000
1464	  N	  9.2	  0.1	0.000	0.000	0.000
1465	  R	  0.6	  0.1	0.000	0.000	0.000
1466	  E	  2.4	  0.1	0.000	0.000	0.000
1467	  Y	  6.5	  0.1	0.000	0.000	0.000
1468	  T	  8.2	  0.0	0.000	0.000	0.000
1469	  H	  6.1	  0.2	0.000	0.000	0.000
1470	  S	  2.5	  0.2	0.000	0.000	0.000
1471	  H	  1.3	  0.1	0.000	0.000	0.000
1472	  V	  3.4	  0.1	0.000	0.000	0.000
1473	  C	  4.6	  0.0	0.000	0.000	0.000
1474	  V	  5.9	  0.0	0.000	0.000	0.000
1475	  S	  6.7	  0.9	0.184	0.000	0.000
1476	  A	  5.2	  0.9	0.184	0.000	0.000
1477	  S	  3.4	  1.9	0.184	0.000	0.000
1478	  E	  0.6	  1.9	0.184	0.000	0.000
1479	  S	  0.8	  1.1	0.184	0.000	0.000
1480	  K	  1.1	  1.0	0.184	0.000	0.000
1481	  L	  0.7	  0.1	0.000	0.000	0.000
1482	  S	  0.5	  0.1	0.000	0.000	0.000
1483	  E	  0.5	  0.0	0.000	0.000	0.000
1484	  M	  2.7	  0.0	0.000	2.691	2.691
1485	  S	  6.3	  0.0	0.400	4.253	4.253
1486	  V	 13.0	  0.0	0.400	4.253	4.253
1487	  T	 11.5	  0.0	0.400	4.253	4.253
1488	  L	  8.0	  0.0	0.400	4.253	4.253
1489	  L	  1.2	  0.0	0.400	3.342	3.342
1490	  R	  0.4	  0.0	0.400	0.000	0.000
1491	  D	  0.3	  2.1	0.149	0.000	0.000
1492	  P	  0.0	  2.1	0.000	0.000	0.000
1493	  S	 11.0	  2.1	0.000	0.000	0.000
1494	  M	 11.1	  2.1	0.000	0.000	0.000
1495	  S	 11.2	  0.6	0.000	0.000	0.000
1496	  P	  0.1	  0.6	0.000	0.000	0.000
1497	  L	  0.1	  0.6	0.000	1.183	1.183
1498	  G	  0.3	  0.6	0.239	1.366	1.366
1499	  V	  1.4	  0.0	0.239	1.366	1.366
1500	  A	  1.8	  0.0	0.239	1.366	1.366
1501	  T	  6.4	  0.0	0.239	1.366	1.366
1502	  L	  5.4	  0.0	0.239	1.183	1.183
1503	  T	  5.0	  0.4	0.239	0.000	0.000
1504	  P	  0.2	  0.5	0.000	0.000	0.000
1505	  S	  0.4	  0.7	0.000	0.000	0.000
1506	  S	  1.6	  0.7	0.000	0.000	0.000
1507	  T	  1.9	  0.3	0.000	0.000	0.000
1508	  C	  1.6	  1.0	0.000	0.000	0.000
1509	  P	  0.4	  0.9	0.000	0.000	0.000
1510	  S	  0.4	  0.9	0.248	0.000	0.000
1511	  L	  0.6	  0.9	0.248	0.000	0.000
1512	  V	  0.8	  0.3	0.248	0.000	0.000
1513	  E	  0.4	  0.7	0.248	0.000	0.000
1514	  G	  0.2	  0.9	0.248	0.000	0.000
1515	  R	  0.3	  0.9	0.248	0.000	0.000
1516	  Y	  0.5	  1.6	0.000	0.000	0.000
1517	  G	  0.5	  1.3	0.000	0.000	0.000
1518	  A	  0.3	  1.2	0.000	0.000	0.000
1519	  T	  0.2	  1.2	0.000	0.000	0.000
1520	  D	  0.6	  0.3	0.000	0.000	0.000
1521	  L	  0.8	  0.1	0.000	0.000	0.000
1522	  R	  0.7	  0.0	0.000	0.000	0.000
1523	  T	  0.4	  0.0	0.000	0.000	0.000
1524	  P	  0.1	  0.0	0.000	0.000	0.000
1525	  Q	  0.1	  0.0	0.000	0.000	0.000
1526	  P	  0.0	  0.0	0.000	0.000	0.000
1527	  C	  1.7	  0.0	0.000	0.000	0.000
1528	  S	  1.7	  0.0	0.000	0.000	0.000
1529	  R	  1.7	  0.0	0.000	0.000	0.000
1530	  P	  0.1	  0.0	0.000	0.000	0.000
1531	  A	  0.0	  0.0	0.000	0.000	0.000
1532	  S	  0.1	  0.0	0.000	0.000	0.000
1533	  P	  0.1	  0.0	0.000	0.000	0.000
1534	  E	  0.0	  0.0	0.000	0.000	0.000
1535	  P	  0.0	  0.1	0.000	0.000	0.000
1536	  E	  0.1	  0.1	0.000	0.000	0.000
1537	  L	  0.2	  0.1	0.000	0.000	0.000
1538	  L	  0.2	  0.2	0.000	0.000	0.000
1539	  P	  0.1	  0.2	0.000	0.000	0.000
1540	  E	  0.1	  0.4	0.000	0.000	0.000
1541	  A	  0.1	  0.5	0.000	0.000	0.000
1542	  D	  0.2	  0.5	0.000	0.000	0.000
1543	  S	  0.2	  0.6	0.000	0.000	0.000
1544	  K	  0.4	  0.4	0.000	0.000	0.000
1545	  K	  0.4	  0.3	0.000	0.000	0.000
1546	  L	  0.3	  0.1	0.000	0.000	0.000
1547	  P	  0.1	  0.0	0.000	0.000	0.000
1548	  S	  0.0	  0.2	0.000	0.000	0.000
1549	  P	  0.0	  0.2	0.000	0.000	0.000
1550	  A	  0.1	  0.2	0.000	0.000	0.000
1551	  R	  0.3	  0.2	0.000	0.000	0.000
1552	  A	  0.3	  0.0	0.000	0.000	0.000
1553	  T	  0.4	  0.2	0.000	0.000	0.000
1554	  E	  0.2	  0.2	0.000	0.000	0.000
1555	  T	  0.4	  0.2	0.000	0.000	0.000
1556	  D	  0.4	  0.2	0.000	0.000	0.000
1557	  K	  0.4	  0.1	0.000	0.000	0.000
1558	  E	  0.2	  0.2	0.000	0.000	0.000
1559	  P	  0.1	  0.2	0.000	0.000	0.000
1560	  Q	  0.3	  0.2	0.000	0.000	0.000
1561	  R	  0.7	  0.2	0.000	0.000	0.000
1562	  L	  2.2	  0.1	0.000	0.000	0.000
1563	  L	  2.0	  0.0	0.000	0.000	0.000
1564	  V	  1.6	  0.4	0.000	0.000	0.000
1565	  P	  0.1	  0.4	0.000	0.000	0.000
1566	  D	  0.3	  0.4	0.307	0.000	0.000
1567	  I	  0.4	  0.4	0.307	0.000	0.000
1568	  Q	  0.5	  0.0	0.307	0.000	0.000
1569	  E	  1.2	  0.0	0.307	0.000	0.000
1570	  I	  8.2	  0.0	0.307	0.000	0.000
1571	  R	 10.3	  0.0	0.307	0.000	0.000
1572	  V	  9.7	  0.0	0.140	0.000	0.000
1573	  S	  2.7	  0.0	0.140	0.000	0.000
1574	  P	  0.3	  0.0	0.000	0.000	0.000
1575	  I	  3.2	  0.0	0.000	0.000	0.000
1576	  V	  4.1	  0.0	0.000	0.000	0.000
1577	  S	  4.2	  0.3	0.000	0.000	0.000
1578	  K	  1.1	  1.0	0.000	0.000	0.000
1579	  K	  0.2	  1.0	0.000	0.000	0.000
1580	  G	  0.0	  0.9	0.000	0.138	0.138
1581	  Y	  0.7	  0.7	0.000	4.327	4.327
1582	  L	  2.2	  0.0	0.000	4.327	4.327
1583	  H	  3.9	  0.0	0.000	4.327	4.327
1584	  F	  4.9	  0.0	0.000	4.327	4.327
1585	  L	  3.5	  0.0	0.000	4.327	4.327
1586	  E	  1.9	  0.0	0.000	0.000	0.000
1587	  P	  0.1	  0.0	0.000	0.000	0.000
1588	  H	  0.8	  0.3	0.000	0.000	0.000
1589	  T	  0.8	  0.5	0.000	0.000	0.000
1590	  S	  0.8	  0.5	0.243	0.000	0.000
1591	  G	  0.2	  0.5	0.468	0.000	0.000
1592	  W	  0.5	  0.3	0.468	0.000	0.000
1593	  A	  0.6	  0.0	0.468	0.000	0.000
1594	  R	  1.3	  0.0	0.468	0.000	0.000
1595	  R	  1.7	  0.0	0.468	0.000	0.000
1596	  F	  3.6	  0.0	0.333	0.000	0.000
1597	  V	 14.8	  0.0	0.000	0.000	0.000
1598	  V	 16.6	  0.0	0.000	0.000	0.000
1599	  V	 16.9	  0.0	0.000	0.000	0.000
1600	  R	  5.1	  0.0	0.000	0.000	0.000
1601	  R	  2.4	  0.1	0.000	0.000	0.000
1602	  P	  0.1	  0.1	0.000	0.000	0.000
1603	  Y	  0.9	  0.3	0.000	1.116	1.116
1604	  A	  1.2	  0.3	0.000	1.116	1.116
1605	  Y	  2.1	  0.1	0.000	1.116	1.116
1606	  M	  1.7	  0.1	0.000	1.116	1.116
1607	  Y	  2.7	  0.0	0.000	1.116	1.116
1608	  N	  1.9	  2.4	0.000	0.245	0.245
1609	  S	  1.4	  2.5	0.000	0.000	0.000
1610	  D	  0.0	  4.7	0.719	0.000	0.000
1611	  K	  0.3	  4.7	0.719	0.000	0.000
1612	  D	  0.7	  2.3	0.834	0.000	0.000
1613	  T	  7.2	  2.3	1.613	0.604	0.604
1614	  V	  8.4	  0.1	1.613	0.691	0.691
1615	  E	  8.1	  0.1	1.613	0.691	0.691
1616	  R	  2.4	  0.1	1.446	0.691	0.691
1617	  F	  2.4	  0.1	1.446	43.374	43.374
1618	  V	  5.3	  0.0	0.883	43.902	43.902
1619	  L	  5.9	  0.0	0.883	43.832	43.832
1620	  N	  4.5	  0.0	7.627	43.362	43.362
1621	  L	  1.5	  0.0	7.434	43.362	43.362
1622	  A	  0.2	  0.0	7.066	28.307	28.307
1623	  T	  1.2	  0.0	6.897	15.442	15.442
1624	  A	  1.3	  0.0	6.897	7.829	7.829
1625	  Q	  2.8	  0.0	6.897	1.393	1.393
1626	  V	  5.2	  0.0	1.116	1.302	1.302
1627	  E	  6.3	  0.0	0.993	0.000	0.000
1628	  Y	  5.3	  0.1	0.218	0.000	0.000
1629	  S	  2.1	  1.8	0.000	0.000	0.000
1630	  E	  0.7	  1.8	0.000	0.000	0.000
1631	  D	  0.2	  2.0	1.165	0.000	0.000
1632	  Q	  0.2	  1.9	1.165	0.000	0.000
1633	  Q	  0.3	  0.2	1.165	0.000	0.000
1634	  A	  0.6	  0.2	1.165	0.000	0.000
1635	  M	  0.8	  0.0	1.165	0.000	0.000
1636	  L	  0.9	  0.0	1.165	0.000	0.000
1637	  K	  0.6	  0.0	0.873	0.000	0.000
1638	  T	  0.3	  0.6	0.319	0.000	0.000
1639	  P	  0.1	  0.7	0.000	0.000	0.000
1640	  N	  3.2	  0.7	0.000	0.167	0.167
1641	  T	  6.9	  0.7	0.000	0.693	0.693
1642	  F	  8.0	  0.0	0.000	1.022	1.022
1643	  A	  5.1	  0.0	0.000	1.022	1.022
1644	  V	  2.1	  0.0	0.000	1.022	1.022
1645	  C	  1.4	  0.0	0.000	0.856	0.856
1646	  T	  1.3	  0.1	0.000	0.525	0.525
1647	  E	  0.9	  0.1	0.000	0.000	0.000
1648	  H	  0.5	  0.4	0.147	0.000	0.000
1649	  R	  0.6	  0.3	0.147	0.000	0.000
1650	  G	  0.4	  0.3	0.147	0.000	0.000
1651	  I	  3.3	  0.2	0.147	1.782	1.782
1652	  L	  3.3	  0.0	0.147	1.782	1.782
1653	  L	  3.7	  0.0	0.147	1.782	1.782
1654	  Q	  0.6	  0.0	0.147	1.782	1.782
1655	  A	  0.5	  0.2	0.000	1.782	1.782
1656	  A	  0.2	  0.5	0.000	1.536	1.536
1657	  S	  0.1	  0.6	0.560	0.000	0.000
1658	  D	  0.0	  2.1	0.560	0.000	0.000
1659	  K	  0.1	  1.9	0.560	0.000	0.000
1660	  D	  0.1	  1.7	1.875	0.000	0.000
1661	  M	  0.3	  1.8	1.875	0.000	0.000
1662	  H	  0.6	  0.3	2.018	0.000	0.000
1663	  D	  0.5	  0.3	2.613	0.000	0.000
1664	  W	  0.7	  0.1	2.613	32.866	32.866
1665	  L	  0.8	  0.0	2.613	32.866	32.866
1666	  Y	  1.7	  0.0	2.613	32.866	32.866
1667	  A	  1.7	  0.0	2.121	32.866	32.866
1668	  F	  1.5	  0.0	1.994	32.866	32.866
1669	  N	  0.6	  0.1	1.884	0.000	0.000
1670	  P	  0.2	  0.1	0.507	0.000	0.000
1671	  L	  0.2	  0.1	0.507	0.337	0.337
1672	  L	  0.3	  0.3	0.507	0.337	0.337
1673	  A	  0.3	  0.2	0.507	0.337	0.337
1674	  G	  0.1	  0.2	0.507	0.337	0.337
1675	  T	  7.3	  0.2	0.589	0.337	0.337
1676	  I	  8.8	  0.1	0.589	0.337	0.337
1677	  R	  9.0	  0.1	0.589	0.000	0.000
1678	  S	  2.0	  0.1	0.589	0.000	0.000
1679	  K	  0.9	  0.1	0.589	0.000	0.000
1680	  L	  0.7	  0.1	0.589	0.000	0.000
1681	  S	  1.1	  0.2	0.589	0.000	0.000
1682	  R	  1.0	  0.1	0.286	0.000	0.000
1683	  R	  1.3	  0.2	0.000	0.000	0.000
1684	  R	  1.0	  0.2	0.000	0.000	0.000
1685	  S	  0.8	  0.3	0.000	0.000	0.000
1686	  A	  0.8	  0.2	0.000	0.000	0.000
1687	  Q	  1.5	  0.1	0.000	0.000	0.000
1688	  M	  3.5	  0.1	0.000	0.000	0.000
1689	  R	  3.2	  0.0	0.000	0.000	0.000
1690	  V	  2.3	  0.0	0.000	0.000	0.000
