res	aa	Beta	Turn	Helix	Aggregation	Conc-Stab_Aggregation
01	  M	  0.8	  0.0	0.000	0.000	0.000
02	  F	  4.1	  0.0	0.000	0.000	0.000
03	  S	  4.6	  0.0	0.000	0.000	0.000
04	  L	  4.0	  0.1	0.000	0.000	0.000
05	  K	  1.2	  0.1	0.000	0.000	0.000
06	  T	  0.9	  0.1	0.000	0.000	0.000
07	  L	  0.7	  0.1	0.000	0.000	0.000
08	  P	  0.3	  0.0	0.593	1.212	1.212
09	  F	  0.8	  0.0	0.593	87.817	87.817
10	  L	  1.7	  0.0	0.593	88.525	88.525
11	  L	  2.6	  0.0	0.593	88.642	88.642
12	  L	  2.3	  0.0	0.593	88.642	88.642
13	  L	  2.6	  0.0	0.593	88.467	88.467
14	  H	  3.1	  0.0	0.593	9.714	9.714
15	  V	  6.5	  0.0	0.371	9.091	9.091
16	  Q	  6.2	  0.0	0.371	1.579	1.579
17	  I	  5.4	  0.0	0.168	1.292	1.292
18	  S	  1.7	  0.1	0.168	0.131	0.131
19	  K	  0.9	  0.1	0.000	0.000	0.000
20	  A	  0.3	  0.1	0.000	0.000	0.000
21	  F	  0.2	  0.0	0.000	0.000	0.000
22	  P	  0.1	  0.0	0.000	0.000	0.000
23	  V	  1.4	  0.1	0.000	0.000	0.000
24	  S	  1.6	  0.1	0.825	0.000	0.000
25	  S	  2.1	  0.2	0.825	0.000	0.000
26	  K	  0.9	  0.3	0.825	0.000	0.000
27	  E	  1.0	  0.3	0.825	0.000	0.000
28	  K	  0.9	  0.3	0.825	0.000	0.000
29	  N	  1.0	  0.2	1.952	0.000	0.000
30	  T	  2.2	  0.2	1.261	0.000	0.000
31	  K	  2.6	  0.1	1.261	0.000	0.000
32	  T	 12.0	  0.1	2.409	0.000	0.000
33	  V	 11.6	  0.3	2.409	0.000	0.000
34	  Q	 11.3	  0.2	2.409	0.000	0.000
35	  D	  1.5	  0.2	3.251	0.000	0.000
36	  Y	  1.1	  0.2	3.251	0.000	0.000
37	  L	  0.7	  0.1	3.078	0.000	0.000
38	  E	  0.9	  0.1	3.078	0.000	0.000
39	  K	  0.6	  0.1	2.941	0.000	0.000
40	  F	  2.6	  0.1	2.420	0.000	0.000
41	  Y	  9.1	  0.0	1.602	0.000	0.000
42	  Q	  8.9	  0.0	0.295	0.000	0.000
43	  L	  6.8	  0.4	0.000	0.000	0.000
44	  P	  0.1	  0.6	0.000	0.000	0.000
45	  S	  0.0	  0.6	0.000	0.000	0.000
46	  N	  1.2	  0.6	0.000	0.000	0.000
47	  Q	  5.1	  0.3	0.000	0.000	0.000
48	  Y	  6.6	  0.1	0.000	0.000	0.000
49	  Q	  5.6	  0.1	0.000	0.000	0.000
50	  S	  2.3	  0.1	0.000	0.000	0.000
51	  T	  1.9	  0.2	0.000	0.000	0.000
52	  R	  2.3	  0.8	0.000	0.000	0.000
53	  K	  1.6	  2.4	0.000	0.000	0.000
54	  N	  0.6	  2.6	0.000	0.000	0.000
55	  G	  0.0	  2.6	0.000	0.169	0.169
56	  T	  0.6	  2.0	0.000	5.321	5.321
57	  N	  3.6	  0.3	0.372	5.439	5.439
58	  V	 17.1	  0.1	0.786	8.492	8.492
59	  I	 18.9	  0.0	1.345	8.757	8.757
60	  V	 17.1	  0.0	1.952	8.757	8.757
61	  E	  3.7	  0.0	2.576	3.436	3.436
62	  K	  1.9	  0.0	2.817	3.436	3.436
63	  L	  1.0	  0.1	2.817	3.436	3.436
64	  K	  1.0	  0.1	3.134	0.000	0.000
65	  E	  0.5	  0.0	3.274	0.000	0.000
66	  M	  0.6	  0.1	3.274	0.000	0.000
67	  Q	  1.3	  0.1	2.440	0.000	0.000
68	  R	  2.2	  0.1	1.516	0.000	0.000
69	  F	  3.0	  0.3	1.516	0.908	0.908
70	  F	  2.4	  0.4	0.140	0.908	0.908
71	  G	  1.2	  0.4	0.140	0.908	0.908
72	  L	  3.5	  0.4	0.000	0.908	0.908
73	  N	  5.4	  0.2	0.000	0.908	0.908
74	  V	  6.0	  0.1	0.000	0.908	0.908
75	  T	  3.1	  0.1	0.000	0.161	0.161
76	  G	  0.9	  0.1	0.000	0.000	0.000
77	  K	  0.2	  0.6	0.000	0.000	0.000
78	  P	  0.0	  0.6	0.000	0.000	0.000
79	  N	  0.0	  0.7	2.452	0.000	0.000
80	  E	  0.0	  0.7	2.661	0.000	0.000
81	  E	  0.1	  0.2	2.793	0.000	0.000
82	  T	  1.5	  0.3	4.252	0.000	0.000
83	  L	  2.6	  0.2	4.414	0.000	0.000
84	  D	  2.6	  0.1	4.414	0.000	0.000
85	  M	  1.4	  0.1	4.295	0.000	0.000
86	  M	  0.6	  0.0	4.295	0.000	0.000
87	  K	  0.6	  0.0	4.093	0.000	0.000
88	  K	  0.3	  0.2	3.261	0.000	0.000
89	  P	  0.0	  0.3	0.000	0.000	0.000
90	  R	  0.4	  0.5	0.000	0.000	0.000
91	  C	  0.7	  0.5	0.000	0.000	0.000
92	  G	  0.7	  0.2	0.000	0.000	0.000
93	  V	  0.3	  0.6	0.000	0.000	0.000
94	  P	  0.0	  0.8	0.000	0.000	0.000
95	  D	  0.0	  1.3	0.000	0.000	0.000
96	  S	  0.0	  1.5	0.000	0.000	0.000
97	  G	  0.0	  1.1	0.000	0.000	0.000
98	  G	  0.0	  0.7	0.000	0.000	0.000
99	  F	  0.9	  0.2	0.000	0.000	0.000
100	  M	  1.4	  0.0	0.000	0.000	0.000
101	  L	  1.5	  0.0	0.000	0.000	0.000
102	  T	  0.6	  0.8	0.000	0.000	0.000
103	  P	  0.2	  0.8	0.000	0.000	0.000
104	  G	  0.0	  0.8	0.000	0.000	0.000
105	  N	  0.0	  1.0	0.000	0.000	0.000
106	  P	  0.0	  0.2	0.000	0.000	0.000
107	  K	  2.6	  0.2	0.000	0.000	0.000
108	  W	  3.9	  0.2	0.000	0.000	0.000
109	  E	  4.2	  0.1	0.000	0.000	0.000
110	  R	  2.1	  0.1	0.000	0.000	0.000
111	  T	  0.9	  0.1	0.000	0.000	0.000
112	  N	  0.9	  0.1	0.943	0.000	0.000
113	  L	  3.8	  0.1	0.943	0.000	0.000
114	  T	 15.4	  0.0	2.456	0.000	0.000
115	  Y	 20.2	  0.0	2.456	0.000	0.000
116	  R	 20.0	  0.0	2.456	0.000	0.000
117	  I	  9.2	  0.2	2.456	0.000	0.000
118	  R	  3.7	  0.2	2.456	0.000	0.000
119	  N	  2.7	  0.2	2.312	0.000	0.000
120	  Y	  3.2	  0.2	1.374	0.000	0.000
121	  T	  2.9	  0.2	0.000	0.000	0.000
122	  P	  0.6	  0.2	0.000	0.000	0.000
123	  Q	  0.7	  0.2	0.000	0.000	0.000
124	  L	  0.7	  0.3	0.000	0.000	0.000
125	  S	  0.7	  0.1	7.435	0.000	0.000
126	  E	  0.1	  0.1	7.603	0.000	0.000
127	  A	  0.3	  0.1	8.798	0.000	0.000
128	  E	  2.3	  0.0	9.242	0.000	0.000
129	  V	  3.7	  0.0	9.242	0.000	0.000
130	  E	  3.6	  0.0	9.372	0.000	0.000
131	  R	  1.9	  0.0	8.776	0.000	0.000
132	  A	  0.8	  0.0	8.324	0.000	0.000
133	  I	  0.9	  0.1	6.871	0.000	0.000
134	  K	  0.7	  0.1	6.871	0.000	0.000
135	  D	  0.4	  0.1	4.685	0.000	0.000
136	  A	  0.3	  0.1	3.319	0.000	0.000
137	  F	  2.5	  0.0	2.465	0.000	0.000
138	  E	  2.5	  0.0	0.828	0.000	0.000
139	  L	  2.7	  0.0	0.690	0.621	0.621
140	  W	  3.4	  0.0	0.690	0.621	0.621
141	  S	  3.9	  0.0	0.510	0.621	0.621
142	  V	  7.7	  0.0	0.000	0.621	0.621
143	  A	  4.8	  0.0	0.000	0.621	0.621
144	  S	  4.2	  0.2	0.000	0.000	0.000
145	  P	  0.0	  0.2	0.000	0.000	0.000
146	  L	  0.5	  0.2	0.000	0.000	0.000
147	  I	  2.0	  0.2	0.000	0.000	0.000
148	  F	  5.1	  0.0	0.000	0.000	0.000
149	  T	  5.5	  0.0	0.000	0.000	0.000
150	  R	  6.2	  0.0	0.000	0.000	0.000
151	  I	  4.3	  0.1	0.000	0.000	0.000
152	  S	  3.4	  0.5	2.152	0.000	0.000
153	  Q	  1.1	  0.5	2.152	0.000	0.000
154	  G	  0.1	  0.6	2.554	0.000	0.000
155	  E	  0.1	  0.6	2.554	0.000	0.000
156	  A	  0.2	  0.2	2.554	0.000	0.000
157	  D	  1.1	  0.4	2.746	0.000	0.000
158	  I	  8.5	  0.3	2.746	21.374	21.374
159	  N	  8.7	  0.2	3.202	23.232	23.232
160	  I	  9.5	  0.2	2.022	25.093	25.093
161	  A	  2.3	  0.0	2.022	25.093	25.093
162	  F	  3.9	  0.0	1.721	25.093	25.093
163	  Y	  4.3	  0.0	0.746	24.304	24.304
164	  Q	  4.1	  0.2	0.560	2.151	2.151
165	  R	  2.2	  0.3	0.123	0.000	0.000
166	  D	  0.1	  0.8	0.000	0.000	0.000
167	  H	  0.1	  3.5	0.000	0.000	0.000
168	  G	  0.0	  3.6	0.000	0.000	0.000
169	  D	  0.1	  3.4	0.000	0.000	0.000
170	  N	  0.1	  2.9	0.000	0.000	0.000
171	  S	  0.1	  0.4	0.000	0.000	0.000
172	  P	  0.0	  0.4	0.000	0.000	0.000
173	  F	  0.4	  0.4	0.000	0.000	0.000
174	  D	  0.4	  0.5	0.000	0.000	0.000
175	  G	  0.4	  3.7	0.000	0.000	0.000
176	  P	  0.0	  4.2	0.000	0.000	0.000
177	  N	  0.0	  4.2	0.000	0.000	0.000
178	  G	  0.0	  4.1	0.000	0.000	0.000
179	  I	  0.9	  0.6	0.000	0.230	0.230
180	  L	  1.0	  0.0	0.000	0.230	0.230
181	  A	  1.1	  0.0	0.000	0.230	0.230
182	  H	  0.7	  0.0	0.000	0.230	0.230
183	  A	  1.5	  0.0	0.000	0.230	0.230
184	  F	  1.9	  0.0	0.000	0.230	0.230
185	  Q	  1.5	  1.7	0.000	0.000	0.000
186	  P	  0.5	  1.7	0.000	0.000	0.000
187	  G	  0.0	  2.0	0.000	0.000	0.000
188	  Q	  0.0	  2.0	0.000	0.000	0.000
189	  G	  0.0	  0.4	0.000	0.000	0.000
190	  I	  0.1	  0.6	0.000	0.000	0.000
191	  G	  0.1	  1.0	0.000	0.000	0.000
192	  G	  0.1	  1.0	0.000	0.000	0.000
193	  D	  0.0	  1.1	0.000	0.000	0.000
194	  A	  0.4	  0.8	0.000	0.000	0.000
195	  H	  3.1	  0.2	0.000	0.000	0.000
196	  F	  3.9	  0.2	0.000	0.000	0.000
197	  D	  3.5	  0.2	0.000	0.000	0.000
198	  A	  0.9	  0.2	0.000	0.000	0.000
199	  E	  0.1	  0.2	0.000	0.000	0.000
200	  E	  0.2	  0.2	0.000	0.000	0.000
201	  T	 14.9	  0.0	0.000	0.000	0.000
202	  W	 15.9	  0.0	0.000	0.000	0.000
203	  T	 16.3	  0.1	0.000	0.000	0.000
204	  N	  2.0	  0.3	0.000	0.000	0.000
205	  T	  1.1	  0.4	0.000	0.000	0.000
206	  S	  1.1	  2.6	0.000	0.028	0.028
207	  A	  0.9	  2.6	0.000	0.509	0.509
208	  N	  1.5	  2.5	0.000	1.077	1.077
209	  Y	  2.8	  2.5	0.000	16.293	16.293
210	  N	  3.2	  0.3	0.331	20.527	20.527
211	  L	  3.0	  0.3	0.331	77.716	77.716
212	  F	  2.4	  0.0	0.331	80.222	80.222
213	  L	  2.7	  0.0	0.331	80.222	80.222
214	  V	  3.3	  0.0	0.331	79.633	79.633
215	  A	  2.3	  0.0	0.331	70.171	70.171
216	  A	  1.5	  0.0	0.173	18.593	18.593
217	  H	  0.8	  0.2	0.173	0.136	0.136
218	  E	  0.7	  0.4	0.000	0.000	0.000
219	  F	  0.8	  0.7	0.000	0.000	0.000
220	  G	  0.2	  0.7	0.000	0.000	0.000
221	  H	  0.3	  0.8	0.000	0.000	0.000
222	  S	  0.4	  0.6	0.000	0.000	0.000
223	  L	  0.4	  0.3	0.000	0.000	0.000
224	  G	  0.3	  0.3	0.000	0.000	0.000
225	  L	  0.3	  0.0	0.000	0.000	0.000
226	  A	  0.3	  0.0	0.000	0.000	0.000
227	  H	  0.3	  0.4	0.000	0.000	0.000
228	  S	  0.3	  0.4	0.000	0.000	0.000
229	  S	  0.2	  0.4	0.000	0.000	0.000
230	  D	  0.1	  4.6	0.630	0.000	0.000
231	  P	  0.0	  4.4	0.630	0.000	0.000
232	  G	  0.0	  4.4	0.630	0.000	0.000
233	  A	  0.3	  4.4	0.630	0.000	0.000
234	  L	  1.3	  0.1	0.630	0.000	0.000
235	  M	  1.4	  0.0	0.630	0.000	0.000
236	  Y	  1.1	  0.9	0.630	0.000	0.000
237	  P	  0.1	  0.9	0.000	0.000	0.000
238	  N	  0.1	  0.9	0.000	0.000	0.000
239	  Y	  1.1	  0.9	0.000	0.000	0.000
240	  A	  1.5	  0.0	0.000	0.000	0.000
241	  F	  2.0	  0.0	0.000	0.000	0.000
242	  R	  1.1	  0.1	0.000	0.000	0.000
243	  E	  0.7	  0.1	0.000	0.000	0.000
244	  T	  0.2	  0.4	0.000	0.000	0.000
245	  S	  0.2	  0.4	0.000	0.000	0.000
246	  N	  1.2	  0.4	0.000	0.000	0.000
247	  Y	  7.7	  0.4	0.000	0.000	0.000
248	  S	  7.8	  0.1	0.000	0.000	0.000
249	  L	  6.7	  0.3	0.000	0.000	0.000
250	  P	  0.1	  0.5	0.000	0.000	0.000
251	  Q	  0.0	  0.6	0.000	0.000	0.000
252	  D	  0.1	  0.6	0.000	0.000	0.000
253	  D	  0.9	  2.5	0.134	0.000	0.000
254	  I	  1.5	  2.7	0.134	0.000	0.000
255	  D	  1.5	  2.6	0.277	0.000	0.000
256	  G	  0.8	  2.6	0.659	0.000	0.000
257	  I	  0.4	  0.6	0.659	0.442	0.442
258	  Q	  0.5	  0.0	0.659	0.442	0.442
259	  A	  0.7	  0.0	0.659	1.393	1.393
260	  I	  1.4	  0.0	0.659	1.534	1.534
261	  Y	  1.5	  0.1	0.659	1.534	1.534
262	  G	  1.3	  0.1	0.124	1.237	1.237
263	  L	  0.6	  0.3	0.000	1.237	1.237
264	  S	  0.5	  0.3	0.000	0.140	0.140
265	  S	  0.5	  0.1	0.000	0.000	0.000
266	  N	  0.2	  0.1	0.000	0.000	0.000
267	  P	  0.0	  0.0	0.000	0.000	0.000
268	  I	  0.1	  0.0	0.000	0.000	0.000
269	  Q	  0.1	  0.6	0.000	0.000	0.000
270	  P	  0.1	  0.6	0.000	0.000	0.000
271	  T	  0.0	  0.7	0.000	0.000	0.000
272	  G	  0.0	  1.2	0.000	0.000	0.000
273	  P	  0.0	  0.6	0.000	0.000	0.000
274	  S	  0.1	  0.6	0.000	0.000	0.000
275	  T	  0.1	  0.4	0.000	0.000	0.000
276	  P	  0.1	  0.0	0.000	0.000	0.000
277	  K	  0.1	  0.1	0.000	0.000	0.000
278	  P	  0.0	  0.1	0.000	0.000	0.000
279	  C	  0.1	  0.1	0.000	0.000	0.000
280	  D	  0.1	  2.3	0.000	0.000	0.000
281	  P	  0.1	  2.2	0.000	0.000	0.000
282	  S	  1.6	  2.2	0.000	0.000	0.000
283	  L	  5.4	  2.2	0.000	0.000	0.000
284	  T	 12.4	  0.0	0.000	0.000	0.000
285	  F	 11.6	  0.0	0.000	0.000	0.000
286	  D	  7.9	  0.0	0.601	0.000	0.000
287	  A	  1.3	  0.0	0.601	3.665	3.665
288	  I	  3.9	  0.0	0.601	4.602	4.602
289	  T	  4.7	  0.0	0.601	4.794	4.794
290	  T	  6.6	  0.0	0.601	5.117	5.117
291	  L	  3.4	  0.2	0.601	5.659	5.659
292	  R	  2.6	  0.2	0.263	2.787	2.787
293	  G	  0.3	  0.2	0.190	2.787	2.787
294	  E	  0.3	  0.2	0.190	4.096	4.096
295	  I	  1.9	  0.0	0.190	6.404	6.404
296	  L	  2.5	  0.0	0.190	6.616	6.616
297	  F	  3.6	  0.0	0.334	6.616	6.616
298	  F	  2.4	  0.3	0.334	6.300	6.300
299	  K	  1.8	  0.3	0.144	3.828	3.828
300	  D	  0.6	  0.3	0.144	2.520	2.520
301	  R	  1.4	  0.3	0.144	0.000	0.000
302	  Y	  2.6	  0.0	0.144	0.000	0.000
303	  F	  3.9	  0.0	0.144	0.000	0.000
304	  W	  3.8	  0.0	0.000	0.000	0.000
305	  R	  3.3	  0.0	0.000	0.000	0.000
306	  R	  2.0	  0.0	0.000	0.000	0.000
307	  H	  0.8	  0.5	0.000	0.000	0.000
308	  P	  0.1	  0.5	0.000	0.000	0.000
309	  Q	  1.0	  0.5	0.000	0.000	0.000
310	  L	  1.1	  0.5	0.000	0.000	0.000
311	  Q	  1.7	  0.1	0.000	0.000	0.000
312	  R	  2.6	  0.0	0.000	0.000	0.000
313	  V	  7.4	  0.0	0.000	0.000	0.000
314	  E	  7.8	  0.1	0.000	0.000	0.000
315	  M	  7.9	  0.1	0.000	0.640	0.640
316	  N	  4.1	  0.1	0.867	1.202	1.202
317	  F	  3.8	  0.1	0.867	42.676	42.676
318	  I	  5.3	  0.1	0.867	42.846	42.846
319	  S	  4.8	  0.1	0.867	42.846	42.846
320	  L	  4.8	  0.1	0.867	42.846	42.846
321	  F	  1.4	  0.0	0.867	42.846	42.846
322	  W	  1.1	  0.9	0.473	2.263	2.263
323	  P	  0.2	  0.9	0.000	1.053	1.053
324	  S	  0.1	  0.9	0.000	0.000	0.000
325	  L	  0.1	  1.6	0.000	0.000	0.000
326	  P	  0.1	  0.8	0.000	0.000	0.000
327	  T	  0.1	  0.8	0.000	0.000	0.000
328	  G	  0.1	  0.8	0.139	0.000	0.000
329	  I	  0.5	  0.1	0.139	0.000	0.000
330	  Q	  0.5	  0.1	0.139	0.000	0.000
331	  A	  0.5	  0.0	0.139	0.000	0.000
332	  A	  0.4	  0.0	0.139	0.000	0.000
333	  Y	  1.1	  0.3	0.139	0.000	0.000
334	  E	  1.0	  0.3	0.000	0.000	0.000
335	  D	  1.2	  0.9	0.862	0.000	0.000
336	  F	  0.8	  0.9	0.862	0.000	0.000
337	  D	  0.7	  1.7	4.114	0.000	0.000
338	  R	  0.4	  1.7	4.114	0.148	0.148
339	  D	  0.3	  1.2	5.448	0.622	0.622
340	  L	  0.8	  1.1	5.448	96.613	96.613
341	  I	  2.1	  0.0	5.448	96.613	96.613
342	  F	  2.6	  0.0	5.448	96.613	96.613
343	  L	  2.3	  0.0	4.561	96.613	96.613
344	  F	  1.2	  0.2	4.381	96.602	96.602
345	  K	  0.5	  0.6	2.706	0.481	0.481
346	  G	  0.3	  0.6	0.682	0.054	0.054
347	  N	  1.2	  0.6	0.182	0.015	0.015
348	  Q	  3.8	  0.4	0.000	0.344	0.344
349	  Y	  5.0	  0.0	0.000	1.642	1.642
350	  W	  4.3	  0.0	0.000	1.642	1.642
351	  A	  1.9	  0.2	0.000	1.642	1.642
352	  L	  0.8	  0.5	0.000	1.642	1.642
353	  S	  0.4	  0.5	0.000	1.306	1.306
354	  G	  0.3	  0.5	0.000	0.258	0.258
355	  Y	  3.6	  0.4	0.000	0.258	0.258
356	  D	  3.6	  0.0	0.000	0.007	0.007
357	  I	  5.0	  0.0	0.000	0.007	0.007
358	  L	  1.6	  0.4	0.000	0.000	0.000
359	  Q	  1.6	  0.4	0.000	0.000	0.000
360	  G	  0.1	  0.4	0.000	0.000	0.000
361	  Y	  0.0	  0.6	0.000	0.000	0.000
362	  P	  0.0	  0.5	0.000	0.000	0.000
363	  K	  0.3	  0.5	0.000	0.000	0.000
364	  D	  1.0	  0.9	0.000	0.000	0.000
365	  I	  1.0	  1.0	0.000	0.000	0.000
366	  S	  0.8	  0.7	0.000	0.000	0.000
367	  N	  0.1	  0.7	0.000	0.000	0.000
368	  Y	  0.4	  0.3	0.000	0.000	0.000
369	  G	  0.4	  0.0	0.000	0.000	0.000
370	  F	  0.4	  0.4	0.000	0.000	0.000
371	  P	  0.0	  0.6	0.000	0.000	0.000
372	  S	  0.2	  0.6	0.000	0.000	0.000
373	  S	  1.6	  0.6	0.000	0.000	0.000
374	  V	  2.8	  0.1	0.000	0.000	0.000
375	  Q	  2.8	  0.0	0.000	0.000	0.000
376	  A	  1.6	  0.0	0.000	0.000	0.000
377	  I	  1.0	  0.0	0.000	0.000	0.000
378	  D	  0.9	  0.0	0.709	0.000	0.000
379	  A	  0.8	  0.0	0.709	37.565	37.565
380	  A	  0.7	  0.0	0.709	37.565	37.565
381	  V	  2.9	  0.0	0.709	37.565	37.565
382	  F	  4.7	  0.0	0.709	37.565	37.565
383	  Y	  5.9	  0.1	0.709	37.565	37.565
384	  R	  4.0	  0.1	0.397	0.000	0.000
385	  S	  2.6	  0.2	0.130	0.000	0.000
386	  K	  1.4	  0.2	0.000	0.000	0.000
387	  T	  7.7	  0.2	0.000	81.957	81.957
388	  Y	  8.5	  0.1	0.000	87.203	87.203
389	  F	  9.3	  0.0	0.000	87.203	87.203
390	  F	  4.5	  0.1	0.000	87.203	87.203
391	  V	  3.5	  0.1	0.000	87.203	87.203
392	  N	  2.1	  0.1	0.113	8.368	8.368
393	  D	  1.1	  0.1	0.113	0.133	0.133
394	  Q	  3.2	  0.1	0.113	0.133	0.133
395	  F	  4.5	  0.0	0.113	0.133	0.133
396	  W	  5.5	  0.0	0.113	0.133	0.133
397	  R	  6.7	  0.1	0.113	0.133	0.133
398	  Y	  5.7	  0.3	0.113	0.133	0.133
399	  D	  4.1	  0.3	0.000	0.000	0.000
400	  N	  0.7	  0.4	0.000	0.000	0.000
401	  Q	  0.9	  0.3	0.000	0.000	0.000
402	  R	  2.8	  0.2	0.000	0.000	0.000
403	  Q	  3.7	  0.1	0.000	0.000	0.000
404	  F	  5.1	  0.0	0.000	0.000	0.000
405	  M	  3.3	  0.0	0.000	0.000	0.000
406	  E	  2.1	  0.7	0.000	0.000	0.000
407	  P	  0.1	  0.7	0.000	0.000	0.000
408	  G	  0.0	  0.7	0.000	0.000	0.000
409	  Y	  0.0	  0.9	0.000	0.000	0.000
410	  P	  0.0	  0.3	0.000	0.000	0.000
411	  K	  0.4	  0.3	0.000	0.000	0.000
412	  S	  6.4	  0.7	0.000	0.000	0.000
413	  I	  7.7	  0.7	0.000	0.000	0.000
414	  S	  7.3	  1.0	0.000	0.000	0.000
415	  G	  1.3	  1.0	0.000	0.000	0.000
416	  A	  0.1	  0.5	0.000	0.000	0.000
417	  F	  0.1	  2.5	0.000	0.000	0.000
418	  P	  0.0	  2.2	0.000	0.000	0.000
419	  G	  0.1	  2.2	0.000	0.000	0.000
420	  I	  0.7	  2.2	0.000	0.000	0.000
421	  E	  1.1	  0.1	0.000	0.000	0.000
422	  S	  1.4	  0.1	0.000	0.000	0.000
423	  K	  2.3	  0.1	0.000	0.000	0.000
424	  V	  2.4	  0.0	0.000	0.000	0.000
425	  D	  2.1	  0.0	0.000	0.000	0.000
426	  A	  1.2	  0.0	0.000	0.000	0.000
427	  V	  5.0	  0.0	0.000	0.000	0.000
428	  F	  6.8	  0.0	0.000	0.000	0.000
429	  Q	  6.5	  0.1	0.000	0.000	0.000
430	  Q	  2.3	  0.1	0.000	0.000	0.000
431	  E	  0.8	  0.1	0.000	0.000	0.000
432	  H	  2.6	  0.1	0.000	0.000	0.000
433	  F	  3.7	  0.1	0.000	4.944	4.944
434	  F	  5.7	  0.0	0.000	4.944	4.944
435	  H	  5.3	  0.0	0.000	4.944	4.944
436	  V	  8.6	  0.0	0.000	4.944	4.944
437	  F	  7.5	  0.0	0.000	4.944	4.944
438	  S	  5.8	  0.1	0.000	0.546	0.546
439	  G	  1.4	  0.4	0.000	0.000	0.000
440	  P	  0.0	  0.4	0.000	0.000	0.000
441	  R	  1.3	  0.4	0.000	0.236	0.236
442	  Y	  3.0	  0.3	0.000	0.236	0.236
443	  Y	  3.9	  0.0	0.000	0.236	0.236
444	  A	  2.8	  0.0	0.000	0.236	0.236
445	  F	  2.3	  0.1	0.000	0.236	0.236
446	  D	  1.6	  0.1	0.509	0.236	0.236
447	  L	  2.0	  0.1	0.509	0.236	0.236
448	  I	  1.7	  0.1	0.509	0.236	0.236
449	  A	  1.6	  0.0	0.509	0.000	0.000
450	  Q	  1.6	  0.0	0.509	0.000	0.000
451	  R	  3.0	  0.0	0.509	0.000	0.000
452	  V	  4.6	  0.0	0.000	0.000	0.000
453	  T	  5.0	  0.0	0.520	0.000	0.000
454	  R	  3.7	  0.0	0.520	0.000	0.000
455	  V	  3.0	  0.0	0.520	0.000	0.000
456	  A	  2.1	  0.1	0.520	0.000	0.000
457	  R	  1.2	  0.3	0.520	0.000	0.000
458	  G	  0.1	  0.3	0.520	0.000	0.000
459	  N	  0.2	  0.3	0.159	0.000	0.000
460	  K	  0.3	  0.2	0.000	0.000	0.000
461	  W	  1.0	  0.2	0.000	0.000	0.000
462	  L	  4.5	  0.2	0.000	0.000	0.000
463	  N	  5.7	  0.2	0.000	0.000	0.000
464	  C	  5.8	  0.4	0.000	0.000	0.000
465	  R	  2.5	  0.2	0.000	0.000	0.000
466	  Y	  1.0	  0.2	0.000	0.000	0.000
467	  G	  0.3	  0.2	0.000	0.000	0.000
