res	aa	Beta	Turn	Helix	Aggregation	Conc-Stab_Aggregation
01	  M	  0.0	  0.0	0.000	0.000	0.000
02	  S	  0.2	  0.0	0.000	0.000	0.000
03	  E	  0.4	  0.0	0.000	0.000	0.000
04	  V	  0.4	  0.0	0.242	0.000	0.000
05	  P	  0.3	  0.0	1.075	0.000	0.000
06	  V	  1.0	  0.0	1.571	0.000	0.000
07	  A	  1.3	  0.0	3.177	0.000	0.000
08	  R	  3.3	  0.0	4.133	0.000	0.000
09	  V	  4.5	  0.0	4.573	86.762	86.762
10	  W	  4.7	  0.0	7.408	94.131	94.131
11	  L	  4.5	  0.0	7.660	99.019	99.019
12	  V	  5.7	  0.0	7.870	99.906	99.906
13	  L	  5.8	  0.0	7.870	99.978	99.978
14	  L	  4.8	  0.0	7.870	99.964	99.964
15	  L	  1.7	  0.0	7.870	99.807	99.807
16	  L	  3.9	  0.0	7.619	98.898	98.898
17	  T	 12.5	  0.0	6.784	93.889	93.889
18	  V	 15.7	  0.0	6.784	90.907	90.907
19	  Q	 12.9	  0.0	6.784	55.794	55.794
20	  V	  4.3	  0.0	3.300	54.419	54.419
21	  G	  0.5	  0.0	3.300	38.229	38.229
22	  V	  3.3	  0.0	0.000	36.772	36.772
23	  T	  3.1	  0.4	0.000	19.620	19.620
24	  A	  3.0	  0.4	0.000	9.413	9.413
25	  G	  0.1	  0.4	0.000	0.782	0.782
26	  A	  0.0	  0.4	0.000	0.005	0.005
27	  P	  0.0	  0.0	0.000	0.001	0.001
28	  W	  4.4	  0.0	0.000	0.000	0.000
29	  Q	  4.8	  0.0	0.000	0.000	0.000
30	  C	  4.9	  0.0	0.000	0.000	0.000
31	  A	  0.6	  0.0	0.000	0.000	0.000
32	  P	  0.2	  0.0	0.000	0.000	0.000
33	  C	  4.1	  0.0	0.694	0.000	0.000
34	  S	  4.5	  0.2	4.019	0.000	0.000
35	  A	  4.5	  0.2	4.299	0.000	0.000
36	  E	  0.5	  0.2	4.854	0.000	0.000
37	  K	  0.4	  0.2	4.854	0.000	0.000
38	  L	  0.7	  0.1	4.854	0.000	0.000
39	  A	  0.8	  0.0	4.854	0.000	0.000
40	  L	  0.5	  0.0	4.654	0.000	0.000
41	  C	  0.2	  0.0	3.939	0.000	0.000
42	  P	  0.0	  0.0	0.000	0.000	0.000
43	  P	  0.0	  0.0	0.000	0.000	0.000
44	  V	  1.8	  0.0	0.000	0.000	0.000
45	  S	  4.3	  1.3	0.000	0.000	0.000
46	  A	  4.7	  1.3	0.000	0.000	0.000
47	  S	 21.3	  1.5	0.000	0.000	0.000
48	  C	 19.0	  1.5	0.000	0.000	0.000
49	  S	 18.6	  0.2	2.074	0.000	0.000
50	  E	  4.5	  0.2	2.074	0.000	0.000
51	  V	  5.5	  0.1	2.074	0.000	0.000
52	  T	  7.6	  0.1	2.074	0.000	0.000
53	  R	  3.7	  0.2	2.074	0.000	0.000
54	  S	  2.5	  1.1	2.074	0.000	0.000
55	  A	  0.4	  1.7	0.723	0.000	0.000
56	  G	  0.1	  1.6	0.478	0.000	0.000
57	  C	  0.2	  1.7	0.174	0.000	0.000
58	  G	  0.4	  0.7	0.000	0.000	0.000
59	  C	  1.5	  0.2	0.000	0.000	0.000
60	  C	  1.3	  0.5	0.162	0.000	0.000
61	  P	  1.1	  0.3	0.162	0.000	0.000
62	  M	  0.5	  0.3	0.162	0.000	0.000
63	  C	  2.0	  0.3	0.162	0.000	0.000
64	  A	  2.0	  0.0	0.162	0.000	0.000
65	  L	  1.5	  0.4	0.162	0.000	0.000
66	  P	  0.1	  0.5	0.398	0.000	0.000
67	  L	  0.0	  0.6	0.398	0.000	0.000
68	  G	  0.1	  0.6	0.398	0.000	0.000
69	  A	  0.1	  0.4	0.398	0.000	0.000
70	  A	  0.1	  0.2	0.398	0.000	0.000
71	  C	  0.3	  0.1	0.398	0.000	0.000
72	  G	  0.5	  0.1	1.917	0.000	0.000
73	  V	  1.6	  0.0	1.519	0.000	0.000
74	  A	  1.5	  0.0	1.519	0.000	0.000
75	  T	  2.1	  0.1	1.885	0.000	0.000
76	  A	  1.1	  0.2	1.885	0.000	0.000
77	  R	  1.5	  0.2	1.885	0.000	0.000
78	  C	  1.2	  0.5	1.138	0.000	0.000
79	  A	  1.1	  0.5	0.887	0.000	0.000
80	  R	  0.7	  0.5	0.761	0.000	0.000
81	  G	  0.1	  0.5	0.265	0.000	0.000
82	  L	  5.9	  0.1	0.000	0.000	0.000
83	  S	 13.2	  0.0	0.000	0.000	0.000
84	  C	 15.4	  0.1	0.000	0.000	0.000
85	  R	 10.2	  0.1	0.000	0.000	0.000
86	  A	  2.9	  0.0	0.000	0.000	0.000
87	  L	  0.4	  1.2	0.000	0.000	0.000
88	  P	  0.0	  1.2	0.000	0.000	0.000
89	  G	  0.0	  1.3	0.000	0.000	0.000
90	  E	  0.2	  1.3	0.000	0.000	0.000
91	  Q	  0.2	  0.1	0.000	0.000	0.000
92	  Q	  0.2	  0.1	0.000	0.000	0.000
93	  P	  0.1	  0.0	0.000	0.000	0.000
94	  L	  0.4	  0.0	0.000	0.000	0.000
95	  H	  0.7	  0.0	0.146	0.000	0.000
96	  A	  0.9	  0.0	0.146	0.000	0.000
97	  L	  0.7	  0.0	0.146	0.000	0.000
98	  T	  0.4	  0.3	0.146	0.000	0.000
99	  R	  0.3	  0.4	0.146	0.000	0.000
100	  G	  0.1	  0.7	0.146	0.000	0.000
101	  Q	  0.1	  0.7	0.000	0.000	0.000
102	  G	  0.0	  0.4	0.000	0.000	0.000
103	  A	  0.2	  0.4	0.000	0.000	0.000
104	  C	  3.1	  0.1	0.000	0.000	0.000
105	  V	  3.7	  0.0	0.000	0.000	0.000
106	  Q	  3.5	  0.2	0.000	0.000	0.000
107	  E	  0.7	  0.3	0.000	0.000	0.000
108	  S	  0.1	  0.4	0.000	0.000	0.000
109	  D	  0.1	  2.5	0.000	0.000	0.000
110	  A	  0.4	  2.4	0.000	0.000	0.000
111	  S	  0.5	  2.2	0.000	0.000	0.000
112	  A	  0.5	  2.5	0.000	0.000	0.000
113	  P	  0.1	  0.3	0.000	0.000	0.000
114	  H	  0.2	  0.3	0.000	0.000	0.000
115	  A	  0.2	  0.3	0.000	0.000	0.000
116	  A	  0.3	  0.1	0.000	0.000	0.000
117	  E	  0.1	  0.4	0.000	0.000	0.000
118	  A	  0.1	  0.4	0.000	0.000	0.000
119	  G	  0.0	  0.4	0.000	0.000	0.000
120	  S	  0.0	  0.6	0.000	0.000	0.000
121	  P	  0.0	  0.3	0.000	0.000	0.000
122	  E	  0.0	  0.3	0.000	0.000	0.000
123	  S	  0.0	  0.6	0.000	0.000	0.000
124	  P	  0.0	  0.4	0.000	0.000	0.000
125	  E	  0.2	  0.5	0.000	0.000	0.000
126	  S	  0.4	  0.5	0.000	0.000	0.000
127	  T	  0.5	  0.2	0.000	0.000	0.000
128	  E	  4.0	  0.1	0.000	0.000	0.000
129	  I	  4.5	  0.0	0.000	0.000	0.000
130	  T	  4.4	  0.1	5.292	0.000	0.000
131	  E	  0.7	  0.1	5.292	0.000	0.000
132	  E	  0.0	  0.1	5.434	0.000	0.000
133	  E	  0.1	  0.1	5.434	0.000	0.000
134	  L	  0.4	  0.2	5.434	0.000	0.000
135	  L	  0.5	  0.5	5.434	0.000	0.000
136	  D	  0.5	  0.4	4.764	0.000	0.000
137	  N	  0.5	  0.4	3.878	0.000	0.000
138	  F	  1.9	  0.3	2.176	0.000	0.000
139	  H	  2.4	  0.0	0.803	0.000	0.000
140	  L	  2.7	  0.0	0.272	0.000	0.000
141	  M	  1.3	  0.0	0.128	0.000	0.000
142	  A	  0.7	  0.4	0.000	0.000	0.000
143	  P	  0.0	  0.4	0.000	0.000	0.000
144	  S	  0.0	  0.6	0.000	0.000	0.000
145	  E	  0.1	  0.8	0.000	0.000	0.000
146	  E	  0.2	  0.4	0.000	0.000	0.000
147	  D	  0.2	  0.5	0.000	0.000	0.000
148	  H	  0.4	  0.4	0.000	0.000	0.000
149	  S	  0.6	  0.2	0.000	0.000	0.000
150	  I	  2.0	  0.1	0.000	0.000	0.000
151	  L	  2.0	  0.0	0.000	0.000	0.000
152	  W	  2.2	  0.0	0.000	0.000	0.000
153	  D	  0.8	  0.0	0.000	0.000	0.000
154	  A	  0.9	  0.0	0.000	0.000	0.000
155	  I	  1.4	  0.1	0.000	0.000	0.000
156	  S	  2.0	  0.1	0.000	0.000	0.000
157	  T	  9.3	  0.3	0.000	0.000	0.000
158	  Y	  8.8	  0.6	0.000	0.000	0.000
159	  D	  8.1	  0.8	0.000	0.000	0.000
160	  G	  0.4	  0.9	0.000	0.000	0.000
161	  S	  0.1	  0.7	0.000	0.000	0.000
162	  K	  0.2	  0.4	0.000	0.000	0.000
163	  A	  0.5	  0.1	0.000	0.000	0.000
164	  L	  1.7	  0.0	0.000	0.000	0.000
165	  H	  3.1	  0.0	0.000	0.000	0.000
166	  V	  4.7	  0.0	0.000	0.000	0.000
167	  T	  3.9	  0.0	0.297	0.000	0.000
168	  N	  4.2	  0.0	0.297	0.000	0.000
169	  I	  2.8	  0.0	0.297	0.000	0.000
170	  K	  2.4	  0.0	0.297	0.000	0.000
171	  K	  1.3	  0.0	0.297	0.000	0.000
172	  W	  1.8	  0.0	0.297	0.000	0.000
173	  K	  1.8	  0.0	0.117	0.000	0.000
174	  E	  1.1	  0.0	0.000	0.000	0.000
175	  P	  0.1	  0.0	0.000	0.000	0.000
176	  C	  2.9	  0.0	1.436	0.000	0.000
177	  R	  5.9	  0.0	1.436	0.000	0.000
178	  I	  8.5	  0.1	1.436	3.553	3.553
179	  E	  5.7	  0.1	2.213	3.874	3.874
180	  L	  2.9	  0.0	2.213	4.276	4.276
181	  Y	  4.1	  0.0	2.213	4.276	4.276
182	  R	  6.0	  0.0	2.024	4.276	4.276
183	  V	  9.7	  0.0	1.783	4.276	4.276
184	  V	  7.4	  0.1	1.899	3.993	3.993
185	  E	  5.2	  0.1	1.899	0.402	0.402
186	  S	  1.5	  0.1	3.477	0.402	0.402
187	  L	  0.2	  0.1	3.192	0.402	0.402
188	  A	  0.2	  0.0	3.087	0.184	0.184
189	  K	  0.3	  0.0	3.087	0.000	0.000
190	  A	  0.2	  0.1	2.046	0.000	0.000
191	  Q	  0.2	  0.1	2.046	0.000	0.000
192	  E	  0.2	  0.2	0.530	0.000	0.000
193	  T	  0.2	  0.4	0.164	0.000	0.000
194	  S	  0.2	  0.6	0.385	0.000	0.000
195	  G	  0.1	  0.6	0.908	0.000	0.000
196	  E	  0.1	  0.5	1.043	0.000	0.000
197	  E	  1.4	  0.2	1.043	0.000	0.000
198	  I	  2.0	  0.1	1.043	0.000	0.000
199	  S	  2.3	  0.1	1.043	0.000	0.000
200	  K	  1.3	  0.1	1.043	0.000	0.000
201	  F	  2.7	  0.1	0.889	0.000	0.000
202	  Y	  2.6	  0.0	0.000	0.000	0.000
203	  L	  2.3	  1.0	0.000	0.000	0.000
204	  P	  0.2	  1.0	0.000	0.000	0.000
205	  N	  0.5	  1.6	0.000	0.000	0.000
206	  C	  1.0	  1.7	0.000	0.000	0.000
207	  N	  1.0	  6.9	0.000	0.000	0.000
208	  K	  0.5	  7.5	0.000	0.000	0.000
209	  N	  0.1	  6.9	0.000	0.000	0.000
210	  G	  0.1	  6.9	0.000	0.000	0.000
211	  F	  1.3	  0.6	0.000	0.000	0.000
212	  Y	  1.8	  0.0	0.000	0.000	0.000
213	  H	  1.8	  0.1	0.000	0.000	0.000
214	  S	  0.9	  0.2	0.000	0.000	0.000
215	  R	  0.4	  0.3	0.000	0.000	0.000
216	  Q	  2.5	  0.2	0.000	0.000	0.000
217	  C	  2.4	  0.3	0.000	0.000	0.000
218	  E	  2.4	  0.2	0.000	0.000	0.000
219	  T	  0.8	  0.2	0.000	0.000	0.000
220	  S	  3.3	  3.1	0.000	0.000	0.000
221	  M	  3.3	  3.2	0.000	0.000	0.000
222	  D	  2.8	  3.3	0.000	0.000	0.000
223	  G	  0.1	  3.4	0.000	0.000	0.000
224	  E	  0.1	  0.4	0.000	0.000	0.000
225	  A	  0.1	  0.2	0.000	0.000	0.000
226	  G	  0.1	  0.1	0.242	0.000	0.000
227	  L	  0.9	  0.0	0.242	2.729	2.729
228	  C	  3.3	  0.0	0.242	2.729	2.729
229	  W	  4.7	  0.0	0.242	2.729	2.729
230	  C	  5.1	  0.0	0.242	2.729	2.729
231	  V	  3.1	  0.0	0.242	2.729	2.729
232	  Y	  1.6	  0.1	0.242	0.000	0.000
233	  P	  0.4	  0.4	0.000	0.000	0.000
234	  W	  0.1	  4.0	0.000	0.000	0.000
235	  N	  0.1	  4.1	0.000	0.000	0.000
236	  G	  0.1	  4.0	0.000	0.000	0.000
237	  K	  1.7	  3.7	0.000	0.000	0.000
238	  R	  2.1	  0.2	0.000	0.000	0.000
239	  I	  2.1	  1.0	0.000	0.000	0.000
240	  P	  0.5	  0.9	0.000	0.000	0.000
241	  G	  0.0	  0.9	0.000	0.000	0.000
242	  S	  0.0	  1.2	0.222	0.000	0.000
243	  P	  0.0	  0.3	0.222	0.000	0.000
244	  E	  0.9	  0.3	0.222	0.000	0.000
245	  I	  3.0	  0.3	0.222	0.000	0.000
246	  R	  3.1	  0.1	0.222	0.000	0.000
247	  G	  2.2	  0.1	0.222	0.000	0.000
248	  D	  0.1	 13.9	0.112	0.000	0.000
249	  P	  0.0	 13.9	0.000	0.000	0.000
250	  N	  0.5	 13.9	0.163	0.000	0.000
251	  C	  1.6	 13.9	0.163	0.177	0.177
252	  Q	  2.7	  0.0	0.163	0.317	0.317
253	  I	  3.1	  0.0	0.163	4.264	4.264
254	  Y	  3.9	  0.1	0.163	4.264	4.264
255	  F	  8.1	  0.1	0.163	4.264	4.264
256	  N	  8.5	  0.1	0.163	4.087	4.087
257	  V	  7.9	  0.1	0.000	4.087	4.087
258	  Q	  2.6	  0.0	0.000	0.355	0.355
259	  N	  1.3	  0.0	0.000	0.000	0.000
