res	aa	Beta	Turn	Helix	Aggregation	Conc-Stab_Aggregation
01	  M	  0.0	  0.0	0.000	0.000	0.000
02	  G	  0.0	  0.1	0.000	0.000	0.000
03	  P	  0.0	  0.1	0.000	0.000	0.000
04	  W	  0.9	  0.2	0.088	0.000	0.000
05	  S	  2.1	  0.6	1.318	0.000	0.000
06	  R	  2.5	  0.5	1.475	0.000	0.000
07	  S	  6.0	  0.8	11.726	1.599	1.599
08	  L	  5.2	  0.8	12.012	14.548	14.548
09	  S	  4.9	  0.3	20.391	18.746	18.746
10	  A	  0.8	  0.3	20.869	52.061	52.061
11	  L	  1.0	  0.0	21.049	87.830	87.830
12	  L	  1.7	  0.0	21.049	90.722	90.722
13	  L	  2.2	  0.0	20.930	91.196	91.196
14	  L	  1.6	  0.0	20.503	90.987	90.987
15	  L	  1.5	  0.0	19.481	86.659	86.659
16	  Q	  1.2	  0.0	18.001	43.095	43.095
17	  V	  2.1	  0.1	7.191	41.263	41.263
18	  S	  1.7	  0.1	6.704	19.196	19.196
19	  S	  1.6	  0.1	0.986	16.459	16.459
20	  W	  1.6	  0.1	0.311	16.127	16.127
21	  L	  1.6	  0.0	0.000	14.793	14.793
22	  C	  2.4	  0.0	0.000	7.472	7.472
23	  Q	  1.4	  0.0	0.000	0.269	0.269
24	  E	  1.2	  0.0	0.000	0.000	0.000
25	  P	  0.0	  0.0	0.000	0.000	0.000
26	  E	  0.0	  0.0	0.000	0.000	0.000
27	  P	  0.0	  0.0	0.000	0.000	0.000
28	  C	  0.2	  0.0	0.000	0.000	0.000
29	  H	  0.2	  3.4	0.000	0.000	0.000
30	  P	  0.2	  3.4	0.000	0.000	0.000
31	  G	  0.1	  3.4	0.000	0.000	0.000
32	  F	  0.9	  3.4	0.000	0.000	0.000
33	  D	  0.9	  0.2	0.000	0.000	0.000
34	  A	  0.8	  0.2	0.000	0.000	0.000
35	  E	  0.2	  0.2	0.000	0.000	0.000
36	  S	  5.6	  0.2	0.000	0.000	0.000
37	  Y	 15.3	  0.1	0.000	0.202	0.202
38	  T	 31.5	  0.0	0.000	0.202	0.202
39	  F	 37.8	  0.0	0.000	0.202	0.202
40	  T	 29.2	  0.0	0.000	0.202	0.202
41	  V	 13.9	  0.0	0.000	0.202	0.202
42	  P	  0.5	  0.0	0.137	0.000	0.000
43	  R	  0.4	  0.1	0.137	0.000	0.000
44	  R	  0.9	  0.1	0.137	0.000	0.000
45	  H	  1.4	  0.1	0.137	0.000	0.000
46	  L	  1.1	  0.2	0.137	0.000	0.000
47	  E	  0.6	  0.3	0.282	0.000	0.000
48	  R	  0.1	  0.3	0.282	0.000	0.000
49	  G	  0.1	  0.3	0.145	0.000	0.000
50	  R	  1.7	  0.1	0.145	0.000	0.000
51	  V	  2.2	  0.0	0.145	0.000	0.000
52	  L	  2.2	  0.0	0.145	0.000	0.000
53	  G	  0.6	  0.0	0.145	0.000	0.000
54	  R	  6.5	  0.0	0.145	0.000	0.000
55	  V	  9.4	  0.0	0.000	0.000	0.000
56	  N	 11.9	  0.0	0.000	0.000	0.000
57	  F	  6.3	  0.5	0.000	0.000	0.000
58	  E	  3.4	  0.5	0.000	0.000	0.000
59	  D	  1.2	  0.7	0.174	0.000	0.000
60	  C	  0.9	  1.0	0.174	0.000	0.000
61	  T	  0.9	  0.6	0.174	0.000	0.000
62	  G	  0.5	  0.7	0.294	0.000	0.000
63	  R	  0.6	  0.5	0.294	0.000	0.000
64	  Q	  0.7	  0.3	0.294	0.000	0.000
65	  R	  0.8	  0.1	0.120	0.000	0.000
66	  T	  1.1	  0.1	0.120	2.592	2.592
67	  A	  1.2	  0.1	0.120	6.286	6.286
68	  Y	  3.3	  0.0	0.120	6.286	6.286
69	  F	  5.7	  0.1	0.000	6.286	6.286
70	  S	  7.7	  0.6	1.941	6.286	6.286
71	  L	  5.7	  0.7	1.941	5.885	5.885
72	  D	  2.9	  0.6	1.941	0.000	0.000
73	  T	  1.3	  0.6	1.941	0.000	0.000
74	  R	  1.7	  0.1	1.941	0.000	0.000
75	  F	  4.0	  0.0	1.941	0.000	0.000
76	  K	  3.5	  0.0	0.388	0.000	0.000
77	  V	  3.1	  0.2	0.000	0.000	0.000
78	  G	  0.5	  0.5	0.000	0.000	0.000
79	  T	  0.1	  0.6	0.000	0.000	0.000
80	  D	  0.0	  0.6	0.000	0.000	0.000
81	  G	  0.1	  0.4	0.599	4.709	4.709
82	  V	  3.3	  0.1	0.599	4.709	4.709
83	  I	 19.8	  0.0	0.599	4.709	4.709
84	  T	 32.8	  0.0	0.599	4.709	4.709
85	  V	 32.4	  0.0	0.599	4.709	4.709
86	  K	 17.6	  0.0	0.599	0.000	0.000
87	  R	  3.1	  0.1	0.000	0.000	0.000
88	  P	  0.0	  0.1	0.000	0.000	0.000
89	  L	  1.3	  0.1	0.000	0.000	0.000
90	  R	  2.3	  0.1	0.000	0.000	0.000
91	  F	  3.8	  0.0	0.000	0.000	0.000
92	  H	  2.5	  0.0	0.000	0.000	0.000
93	  N	  1.6	  0.2	0.000	0.000	0.000
94	  P	  0.0	  0.2	0.000	0.000	0.000
95	  Q	  0.8	  0.2	0.000	0.430	0.430
96	  I	  4.1	  0.2	0.000	11.415	11.415
97	  H	  5.7	  0.0	0.000	12.380	12.380
98	  F	  5.9	  0.0	0.000	83.500	83.500
99	  L	  3.9	  0.0	0.000	88.713	88.713
100	  V	  4.3	  0.0	0.000	88.713	88.713
101	  Y	  4.0	  0.0	0.000	88.259	88.259
102	  A	  2.8	  0.1	0.000	83.645	83.645
103	  W	  1.3	  0.1	0.000	74.998	74.998
104	  D	  0.7	  0.2	0.105	0.000	0.000
105	  S	  1.2	  0.2	0.952	0.000	0.000
106	  T	 13.2	  0.2	0.952	0.000	0.000
107	  Y	 14.4	  0.1	0.952	0.000	0.000
108	  R	 14.2	  0.0	0.952	0.000	0.000
109	  K	  2.5	  0.0	0.952	0.000	0.000
110	  F	  1.8	  0.1	0.846	0.000	0.000
111	  S	  1.6	  0.1	0.267	0.000	0.000
112	  T	  2.7	  0.1	0.000	0.000	0.000
113	  K	  7.2	  0.1	0.000	0.000	0.000
114	  V	 13.9	  0.0	0.000	0.235	0.235
115	  T	 13.8	  0.1	0.000	0.235	0.235
116	  L	  9.0	  0.1	0.000	0.235	0.235
117	  N	  2.9	  0.1	0.000	0.235	0.235
118	  T	  1.7	  0.3	0.000	0.235	0.235
119	  V	  1.5	  0.3	0.000	0.235	0.235
120	  G	  0.7	  0.3	0.000	0.000	0.000
121	  H	  0.9	  0.4	0.000	0.000	0.000
122	  H	  2.2	  0.2	0.000	0.000	0.000
123	  H	  2.1	  0.1	0.000	0.000	0.000
124	  R	  1.4	  0.0	0.000	0.000	0.000
125	  P	  0.0	  0.0	0.000	0.000	0.000
126	  P	  0.0	  0.2	0.000	0.000	0.000
127	  P	  0.0	  0.2	0.000	0.000	0.000
128	  H	  0.3	  0.3	0.000	0.000	0.000
129	  Q	  0.5	  0.3	0.000	0.000	0.000
130	  A	  0.9	  0.1	0.000	0.000	0.000
131	  S	 11.5	  0.5	0.000	0.000	0.000
132	  V	 11.9	  0.5	0.000	0.000	0.000
133	  S	 11.5	  0.6	0.000	0.000	0.000
134	  G	  0.7	  0.6	0.110	0.000	0.000
135	  I	  0.4	  0.1	0.110	0.000	0.000
136	  Q	  0.6	  0.1	0.110	0.000	0.000
137	  A	  0.7	  0.0	0.110	0.000	0.000
138	  E	  0.4	  0.0	0.110	0.000	0.000
139	  L	  0.4	  0.0	0.110	0.000	0.000
140	  L	  6.8	  0.0	0.110	0.000	0.000
141	  T	  7.6	  0.0	0.110	0.000	0.000
142	  F	  7.4	  0.8	0.110	0.000	0.000
143	  P	  0.9	  0.8	0.000	0.000	0.000
144	  N	  0.2	  0.8	0.000	0.000	0.000
145	  S	  0.2	  0.8	0.000	0.000	0.000
146	  S	  0.2	  1.2	1.289	0.000	0.000
147	  P	  0.0	  1.2	1.289	0.000	0.000
148	  G	  0.0	  1.2	1.452	0.000	0.000
149	  L	  0.2	  1.2	1.452	0.000	0.000
150	  R	  0.7	  0.1	1.452	0.000	0.000
151	  R	  0.9	  0.1	1.452	0.000	0.000
152	  Q	  1.0	  0.2	1.452	0.000	0.000
153	  K	  0.6	  0.5	0.397	0.000	0.000
154	  R	  0.5	  0.4	0.000	0.000	0.000
155	  D	  0.6	  0.4	0.000	0.000	0.000
156	  W	  2.9	  0.3	0.000	0.000	0.000
157	  V	  2.7	  0.0	0.000	0.000	0.000
158	  I	  2.4	  0.0	0.000	0.000	0.000
159	  P	  0.0	  0.0	0.000	0.000	0.000
160	  P	  0.0	  0.0	0.000	0.000	0.000
161	  I	  8.9	  0.0	0.000	0.000	0.000
162	  S	  9.2	  0.0	0.000	0.000	0.000
163	  C	  9.2	  0.5	0.321	0.000	0.000
164	  P	  0.4	  0.7	0.321	0.000	0.000
165	  E	  0.0	  0.7	0.321	0.000	0.000
166	  N	  0.0	  1.2	0.321	0.000	0.000
167	  E	  0.0	  0.7	0.321	0.000	0.000
168	  K	  0.0	  0.5	0.321	0.000	0.000
169	  G	  0.0	  0.5	0.173	0.000	0.000
170	  P	  0.0	  0.1	0.000	0.000	0.000
171	  F	  0.0	  0.3	0.000	0.000	0.000
172	  P	  0.0	  0.5	0.000	0.000	0.000
173	  K	  0.1	  0.5	0.000	0.000	0.000
174	  N	  0.4	  0.5	0.276	0.000	0.000
175	  L	  0.6	  0.3	0.276	0.000	0.000
176	  V	  4.6	  0.0	0.276	0.000	0.000
177	  Q	  6.0	  0.0	0.276	0.000	0.000
178	  I	  7.0	  0.1	0.276	0.000	0.000
179	  K	  3.2	  0.3	0.276	0.000	0.000
180	  S	  1.4	  0.3	0.415	0.000	0.000
181	  N	  0.1	  2.9	0.705	0.000	0.000
182	  K	  0.1	  2.8	0.574	0.000	0.000
183	  D	  0.1	  3.1	0.574	0.000	0.000
184	  K	  0.1	  3.6	0.574	0.000	0.000
185	  E	  0.1	  1.1	0.574	0.000	0.000
186	  G	  0.0	  1.1	0.574	0.000	0.000
187	  K	  0.9	  0.6	0.283	0.000	0.000
188	  V	  2.9	  0.1	0.000	19.521	19.521
189	  F	  5.1	  0.0	0.000	20.124	20.124
190	  Y	  7.6	  0.0	0.000	20.124	20.124
191	  S	  8.6	  0.0	0.000	20.124	20.124
192	  I	  8.9	  0.1	0.000	20.124	20.124
193	  T	  5.7	  0.2	0.000	8.276	8.276
194	  G	  2.6	  0.5	0.000	0.632	0.632
195	  Q	  0.1	  0.6	0.000	0.000	0.000
196	  G	  0.0	  0.9	0.000	0.000	0.000
197	  A	  0.0	  0.8	0.000	0.000	0.000
198	  D	  0.0	  0.5	0.000	0.000	0.000
199	  T	  0.0	  0.4	0.000	0.000	0.000
200	  P	  0.0	  0.0	0.000	0.000	0.000
201	  P	  0.0	  0.0	0.000	1.087	1.087
202	  V	  0.4	  0.0	0.000	89.718	89.718
203	  G	  0.5	  0.0	0.000	97.157	97.157
204	  V	  3.2	  0.0	0.000	97.166	97.166
205	  F	  4.2	  0.0	0.000	97.166	97.166
206	  I	  5.8	  0.0	0.000	97.166	97.166
207	  I	  4.7	  0.0	0.000	96.079	96.079
208	  E	  3.3	  0.0	0.000	0.018	0.018
209	  R	  1.6	  0.3	0.000	0.018	0.018
210	  E	  0.1	  0.3	0.000	0.000	0.000
211	  T	  0.1	  0.3	0.000	0.000	0.000
212	  G	  0.1	  0.2	0.000	0.000	0.000
213	  W	  0.5	  0.0	0.000	0.000	0.000
214	  L	  2.3	  0.0	0.000	0.000	0.000
215	  K	  7.9	  0.0	0.000	0.000	0.000
216	  V	  9.3	  0.0	0.000	0.000	0.000
217	  T	  7.6	  0.0	0.000	0.000	0.000
218	  E	  1.9	  0.0	0.000	0.000	0.000
219	  P	  0.0	  0.1	0.000	0.000	0.000
220	  L	  0.0	  0.2	0.107	0.000	0.000
221	  D	  0.0	  0.3	1.166	0.000	0.000
222	  R	  0.1	  0.3	1.166	0.000	0.000
223	  E	  0.1	  0.2	1.166	0.000	0.000
224	  R	  1.5	  0.2	1.166	0.000	0.000
225	  I	  2.4	  0.1	1.166	58.925	58.925
226	  A	  3.0	  0.1	1.166	59.573	59.573
227	  T	 20.2	  0.1	0.904	61.673	61.673
228	  Y	 23.1	  0.1	0.904	62.138	62.138
229	  T	 23.2	  0.0	0.182	62.138	62.138
230	  L	  5.8	  0.0	0.182	61.435	61.435
231	  F	  3.1	  0.1	0.182	57.597	57.597
232	  S	  2.3	  0.1	0.000	8.097	8.097
233	  H	  2.3	  0.1	0.000	1.568	1.568
234	  A	  1.2	  0.1	0.000	1.451	1.451
235	  V	  2.4	  0.1	0.000	1.354	1.354
236	  S	  1.9	  4.9	0.000	0.141	0.141
237	  S	  1.4	  5.4	0.000	0.000	0.000
238	  N	  0.1	  6.1	0.000	0.000	0.000
239	  G	  0.0	  6.0	0.000	0.000	0.000
240	  N	  0.1	  1.1	0.000	0.000	0.000
241	  A	  0.4	  0.7	0.000	0.000	0.000
242	  V	  2.1	  0.0	0.000	0.000	0.000
243	  E	  2.0	  0.0	0.000	0.000	0.000
244	  D	  1.7	  0.2	0.105	0.000	0.000
245	  P	  0.0	  0.2	0.105	0.000	0.000
246	  M	  1.4	  0.2	0.105	0.000	0.000
247	  E	  1.5	  0.2	0.105	0.000	0.000
248	  I	  3.2	  0.0	0.105	36.483	36.483
249	  L	  2.2	  0.0	0.105	37.728	37.728
250	  I	 18.8	  0.0	0.000	37.728	37.728
251	  T	 26.2	  0.0	0.000	37.728	37.728
252	  V	 27.0	  0.0	0.000	37.728	37.728
253	  T	 11.8	  0.1	0.000	14.849	14.849
254	  D	  1.6	  2.1	0.000	0.000	0.000
255	  Q	  0.4	  2.2	0.000	0.000	0.000
256	  N	  0.1	  3.6	0.000	0.000	0.000
257	  D	  0.1	  3.6	0.000	0.000	0.000
258	  N	  0.0	  1.6	0.000	0.000	0.000
259	  K	  0.0	  1.7	0.000	0.000	0.000
260	  P	  0.0	  0.2	0.000	0.000	0.000
261	  E	  2.5	  0.2	0.000	0.000	0.000
262	  F	  6.5	  0.2	0.000	0.000	0.000
263	  T	  7.0	  0.1	0.000	0.000	0.000
264	  Q	  4.9	  0.1	0.000	0.000	0.000
265	  E	  2.6	  0.1	0.000	0.000	0.000
266	  V	  3.3	  0.0	0.000	0.000	0.000
267	  F	  3.3	  0.6	0.000	0.000	0.000
268	  K	  1.6	  0.7	0.000	0.000	0.000
269	  G	  0.4	  0.7	0.000	0.000	0.000
270	  S	  0.6	  0.7	0.000	0.000	0.000
271	  V	  2.3	  0.1	0.000	0.000	0.000
272	  M	  2.3	  0.4	0.000	0.000	0.000
273	  E	  1.7	  0.6	0.000	0.000	0.000
274	  G	  0.0	  0.6	0.000	0.000	0.000
275	  A	  0.0	  0.6	0.000	0.000	0.000
276	  L	  0.0	  1.0	0.000	0.000	0.000
277	  P	  0.0	  0.9	0.000	0.000	0.000
278	  G	  0.0	  1.0	0.000	0.000	0.000
279	  T	  0.9	  1.0	0.000	0.000	0.000
280	  S	  1.5	  0.2	0.000	0.000	0.000
281	  V	  3.0	  0.0	0.000	0.000	0.000
282	  M	  4.2	  0.0	0.000	0.000	0.000
283	  E	  8.8	  0.0	0.000	0.000	0.000
284	  V	 10.1	  0.0	0.000	0.000	0.000
285	  T	  9.1	  0.1	0.000	0.000	0.000
286	  A	  4.0	  0.2	0.000	0.000	0.000
287	  T	  1.3	  0.2	0.000	0.000	0.000
288	  D	  0.1	  5.5	0.000	0.000	0.000
289	  A	  0.1	  5.6	0.000	0.000	0.000
290	  D	  0.0	  6.3	0.000	0.000	0.000
291	  D	  0.0	  6.3	0.000	0.000	0.000
292	  D	  0.8	  1.4	0.180	0.000	0.000
293	  V	  2.0	  1.2	0.180	0.068	0.068
294	  N	  4.9	  0.4	0.343	0.068	0.068
295	  T	 12.9	  0.4	0.476	1.461	1.461
296	  Y	 12.9	  0.0	0.476	3.863	3.863
297	  N	 10.0	  0.0	1.166	4.519	4.519
298	  A	  1.4	  0.0	0.986	22.664	22.664
299	  A	  0.4	  0.0	0.986	43.862	43.862
300	  I	  2.0	  0.0	0.986	68.615	68.615
301	  A	  2.2	  0.0	0.986	70.542	70.542
302	  Y	 10.8	  0.0	0.986	70.641	70.641
303	  T	 11.6	  0.0	0.000	70.186	70.186
304	  I	 12.5	  0.0	0.000	69.661	69.661
305	  L	  4.1	  0.1	0.000	59.584	59.584
306	  S	  2.6	  0.1	0.000	2.651	2.651
307	  Q	  1.4	  0.1	0.000	0.000	0.000
308	  D	  1.2	  0.3	0.000	0.000	0.000
309	  P	  0.0	  0.3	0.000	0.000	0.000
310	  E	  0.0	  0.3	0.000	0.000	0.000
311	  L	  0.0	  1.1	0.000	0.000	0.000
312	  P	  0.0	  0.9	0.000	0.000	0.000
313	  D	  0.0	  2.0	0.000	0.000	0.000
314	  K	  0.1	  2.0	0.000	0.000	0.000
315	  N	  0.6	  1.2	0.535	0.211	0.211
316	  M	  1.0	  1.1	0.535	0.211	0.211
317	  F	  9.7	  0.0	0.535	0.211	0.211
318	  T	 14.2	  0.0	0.535	0.211	0.211
319	  I	 14.4	  0.0	0.535	0.211	0.211
320	  N	  5.9	  1.0	0.535	0.000	0.000
321	  R	  0.7	  1.1	0.235	0.000	0.000
322	  N	  0.2	  1.1	0.113	0.000	0.000
323	  T	  0.2	  1.1	0.000	1.484	1.484
324	  G	  0.1	  0.1	0.000	7.754	7.754
325	  V	  4.4	  0.1	0.000	75.102	75.102
326	  I	  8.7	  0.0	0.000	78.483	78.483
327	  S	  9.6	  0.0	0.000	78.662	78.662
328	  V	  8.3	  0.0	0.000	79.487	79.487
329	  V	  5.4	  0.0	0.000	79.299	79.299
330	  T	  4.6	  0.1	0.000	48.606	48.606
331	  T	  1.8	  0.1	0.000	28.951	28.951
332	  G	  0.2	  0.3	0.000	17.182	17.182
333	  L	  0.1	  0.3	0.000	16.675	16.675
334	  D	  0.1	  0.4	0.000	0.000	0.000
335	  R	  0.1	  0.4	0.000	0.000	0.000
336	  E	  0.3	  0.3	0.000	0.000	0.000
337	  S	  0.5	  0.3	0.000	0.000	0.000
338	  F	  0.5	  0.4	0.000	0.000	0.000
339	  P	  0.2	  0.2	0.000	0.257	0.257
340	  T	 18.7	  0.2	0.000	24.324	24.324
341	  Y	 22.5	  0.3	0.000	61.798	61.798
342	  T	 23.5	  0.0	0.000	62.427	62.427
343	  L	  6.9	  0.0	0.000	62.811	62.811
344	  V	  5.7	  0.0	0.000	62.811	62.811
345	  V	  5.8	  0.0	0.000	61.025	61.025
346	  Q	  4.3	  0.0	0.000	4.473	4.473
347	  A	  1.2	  0.3	0.000	1.868	1.868
348	  A	  0.1	  0.4	0.000	0.855	0.855
349	  D	  0.2	  0.6	0.000	0.000	0.000
350	  L	  0.2	  0.8	0.000	0.000	0.000
351	  Q	  0.2	  0.7	0.000	0.000	0.000
352	  G	  0.1	  0.9	0.000	0.000	0.000
353	  E	  0.0	  0.8	0.000	0.000	0.000
354	  G	  0.0	  0.5	0.000	0.000	0.000
355	  L	  0.2	  0.4	0.000	0.844	0.844
356	  S	  1.0	  0.2	0.000	1.223	1.223
357	  T	  1.6	  0.1	0.000	4.638	4.638
358	  T	  2.6	  0.1	0.000	10.480	10.480
359	  A	  2.0	  0.0	0.000	20.147	20.147
360	  T	  2.0	  0.0	0.000	29.559	29.559
361	  A	  1.6	  0.0	0.000	43.362	43.362
362	  V	  4.9	  0.0	0.000	49.451	49.451
363	  I	 21.0	  0.0	0.000	49.358	49.358
364	  T	 29.1	  0.0	0.000	45.803	45.803
365	  V	 27.0	  0.0	0.000	42.530	42.530
366	  T	 11.7	  0.1	0.000	19.677	19.677
367	  D	  1.6	  0.9	0.000	0.000	0.000
368	  T	  0.5	  0.9	0.000	0.000	0.000
369	  N	  0.2	  0.9	0.000	0.000	0.000
370	  D	  0.1	  0.9	0.000	0.000	0.000
371	  N	  0.0	  0.1	0.000	0.000	0.000
372	  P	  0.0	  0.0	0.000	0.000	0.000
373	  P	  0.0	  0.0	0.000	0.000	0.000
374	  I	  0.5	  0.0	0.000	0.000	0.000
375	  F	  0.7	  0.0	0.000	0.000	0.000
376	  N	  0.7	  0.4	0.515	0.000	0.000
377	  P	  0.2	  0.4	0.515	0.000	0.000
378	  T	  3.4	  0.4	0.515	0.000	0.000
379	  T	 17.0	  0.4	0.515	0.000	0.000
380	  Y	 17.3	  1.2	0.515	0.000	0.000
381	  K	 14.1	  1.2	0.515	0.000	0.000
382	  G	  0.4	  1.2	0.122	0.000	0.000
383	  Q	  0.1	  1.2	0.122	0.000	0.000
384	  V	  0.1	  0.0	0.000	0.000	0.000
385	  P	  0.1	  0.3	0.221	0.000	0.000
386	  E	  0.0	  0.3	0.221	0.000	0.000
387	  N	  0.0	  0.4	0.221	0.000	0.000
388	  E	  0.1	  0.5	0.221	0.000	0.000
389	  A	  0.2	  0.2	0.221	9.149	9.149
390	  N	  2.1	  0.2	0.221	19.391	19.391
391	  V	  9.1	  0.1	0.000	54.028	54.028
392	  V	 12.8	  0.0	0.000	56.473	56.473
393	  I	 14.0	  0.0	0.000	56.473	56.473
394	  T	  7.7	  0.0	0.000	55.983	55.983
395	  T	  6.5	  0.0	0.000	55.346	55.346
396	  L	  5.0	  0.0	0.000	47.247	47.247
397	  K	  9.3	  0.0	0.000	0.591	0.591
398	  V	  8.1	  0.0	0.000	0.591	0.591
399	  T	  6.6	  0.1	0.000	0.591	0.591
400	  D	  1.5	  4.5	0.000	0.591	0.591
401	  A	  0.1	  4.5	0.000	0.271	0.271
402	  D	  0.0	  4.5	0.000	0.000	0.000
403	  A	  0.0	  5.0	0.000	0.000	0.000
404	  P	  0.0	  0.6	0.000	0.000	0.000
405	  N	  0.1	  0.6	0.000	0.000	0.000
406	  T	  0.1	  0.6	0.144	0.000	0.000
407	  P	  0.1	  0.0	0.144	0.000	0.000
408	  A	  0.2	  0.0	0.144	0.000	0.000
409	  W	  1.4	  0.0	0.144	0.000	0.000
410	  E	  1.4	  0.0	0.144	0.000	0.000
411	  A	  1.8	  0.0	0.144	11.389	11.389
412	  V	  3.3	  0.0	0.144	20.393	20.393
413	  Y	 11.7	  0.0	0.144	20.393	20.393
414	  T	 13.5	  0.0	0.000	20.393	20.393
415	  I	 11.4	  0.1	0.000	20.393	20.393
416	  L	  3.2	  0.1	0.000	16.617	16.617
417	  N	  0.6	  4.6	0.000	0.230	0.230
418	  D	  0.1	  5.1	0.000	0.000	0.000
419	  D	  0.0	  7.0	0.000	0.000	0.000
420	  G	  0.0	  6.9	0.000	0.000	0.000
421	  G	  0.0	  2.4	0.000	0.091	0.091
422	  Q	  1.5	  2.0	0.000	2.711	2.711
423	  F	  3.7	  0.1	0.000	28.624	28.624
424	  V	  6.6	  0.0	0.000	28.624	28.624
425	  V	  7.0	  0.0	0.000	28.624	28.624
426	  T	  5.6	  0.0	0.000	28.533	28.533
427	  T	  2.7	  0.0	0.000	26.890	26.890
428	  N	  0.9	  0.0	0.000	0.000	0.000
429	  P	  0.0	  0.1	0.000	0.000	0.000
430	  V	  0.7	  0.1	0.000	0.000	0.000
431	  N	  0.7	  2.2	0.000	0.000	0.000
432	  N	  0.7	  2.3	0.200	0.000	0.000
433	  D	  0.0	  2.3	0.200	0.000	0.000
434	  G	  0.0	  2.3	0.555	0.000	0.000
435	  I	  0.9	  0.2	0.555	0.000	0.000
436	  L	  1.0	  0.1	0.555	0.000	0.000
437	  K	  1.4	  0.1	0.555	0.000	0.000
438	  T	  1.9	  0.3	0.555	0.000	0.000
439	  A	  1.7	  0.5	0.555	0.000	0.000
440	  K	  1.4	  0.4	0.432	0.000	0.000
441	  G	  0.1	  0.6	0.121	0.000	0.000
442	  L	  1.3	  0.4	0.121	0.000	0.000
443	  D	  2.7	  0.2	3.561	0.000	0.000
444	  F	  5.0	  0.2	3.677	0.000	0.000
445	  E	  4.3	  0.0	3.843	0.000	0.000
446	  A	  2.9	  0.1	3.843	0.000	0.000
447	  K	  0.7	  0.1	3.843	0.000	0.000
448	  Q	  1.4	  0.1	3.721	0.000	0.000
449	  Q	  1.8	  0.1	2.823	0.384	0.384
450	  Y	  2.6	  0.0	1.371	35.810	35.810
451	  I	  2.0	  0.0	0.269	39.355	39.355
452	  L	  2.7	  0.0	0.269	39.622	39.622
453	  H	  3.3	  0.0	0.142	39.622	39.622
454	  V	  9.4	  0.0	0.000	40.823	40.823
455	  A	  8.7	  0.0	0.000	39.219	39.219
456	  V	  8.9	  0.0	0.000	37.634	37.634
457	  T	  2.9	  0.0	0.000	18.574	18.574
458	  N	  5.2	  0.0	0.000	7.236	7.236
459	  V	  4.0	  0.0	0.000	6.759	6.759
460	  V	  3.4	  0.0	0.000	0.554	0.554
461	  P	  0.5	  0.0	0.000	0.099	0.099
462	  F	  8.2	  0.0	0.000	0.000	0.000
463	  E	 10.9	  0.0	0.000	0.000	0.000
464	  V	 15.2	  0.0	0.000	0.000	0.000
465	  S	  8.8	  0.0	0.000	0.000	0.000
466	  L	  6.1	  0.0	0.000	0.132	0.132
467	  T	  4.6	  0.0	0.000	0.132	0.132
468	  T	  3.7	  0.1	0.000	0.132	0.132
469	  S	  3.5	  0.1	0.000	0.132	0.132
470	  T	  1.7	  0.1	0.000	0.684	0.684
471	  A	  1.5	  0.1	0.000	1.611	1.611
472	  T	 10.9	  0.0	0.000	1.611	1.611
473	  V	 25.5	  0.0	0.000	1.611	1.611
474	  T	 28.5	  0.0	0.000	1.611	1.611
475	  V	 26.3	  0.0	0.000	1.611	1.611
476	  D	 10.2	  0.0	0.000	0.000	0.000
477	  V	  8.5	  0.0	0.000	0.000	0.000
478	  L	  4.1	  0.0	0.000	0.000	0.000
479	  D	  4.8	  0.5	0.000	0.000	0.000
480	  V	  3.0	  0.5	0.000	0.000	0.000
481	  N	  1.1	  0.5	0.000	0.000	0.000
482	  E	  0.3	  0.5	0.000	0.000	0.000
483	  A	  0.0	  0.0	0.000	0.000	0.000
484	  P	  0.0	  0.0	0.000	0.000	0.000
485	  I	  2.6	  0.0	0.000	0.000	0.000
486	  F	  2.6	  0.0	0.000	0.000	0.000
487	  V	  2.6	  0.0	0.000	0.000	0.000
488	  P	  0.0	  0.2	0.000	0.000	0.000
489	  P	  0.0	  0.3	0.000	0.000	0.000
490	  E	  0.1	  0.3	0.000	0.000	0.000
491	  K	  0.5	  0.3	0.000	0.000	0.000
492	  R	  2.4	  0.1	0.000	0.000	0.000
493	  V	 21.2	  0.0	0.000	0.000	0.000
494	  E	 23.2	  0.0	0.000	0.000	0.000
495	  V	 21.8	  0.0	0.000	0.000	0.000
496	  S	  3.9	  1.9	0.000	0.000	0.000
497	  E	  0.4	  1.9	0.000	0.000	0.000
498	  D	  0.1	  2.1	0.000	0.000	0.000
499	  F	  0.3	  2.1	0.000	0.000	0.000
500	  G	  0.2	  0.5	0.000	0.000	0.000
501	  V	  0.3	  0.5	0.000	0.000	0.000
502	  G	  0.1	  0.4	0.000	0.000	0.000
503	  Q	  0.2	  0.3	0.000	0.000	0.000
504	  E	  3.4	  0.1	0.000	0.000	0.000
505	  I	  5.6	  0.1	0.000	0.000	0.000
506	  T	  7.0	  0.0	0.104	0.000	0.000
507	  S	 11.0	  0.0	0.104	0.000	0.000
508	  Y	 13.8	  0.0	0.104	0.000	0.000
509	  T	 13.4	  0.0	0.104	0.000	0.000
510	  A	  6.2	  0.0	0.104	0.000	0.000
511	  Q	  1.2	  0.0	0.104	0.000	0.000
512	  E	  0.1	  0.4	0.000	0.000	0.000
513	  P	  0.0	  0.4	0.000	0.000	0.000
514	  D	  1.8	  0.4	0.000	0.000	0.000
515	  T	  5.5	  0.4	0.105	0.000	0.000
516	  F	  6.2	  0.1	0.105	0.000	0.000
517	  M	  4.5	  0.0	0.105	0.000	0.000
518	  E	  1.0	  0.1	0.105	0.000	0.000
519	  Q	  0.4	  0.1	0.105	0.000	0.000
520	  K	  4.6	  0.1	0.105	0.000	0.000
521	  I	 18.0	  0.0	0.000	0.000	0.000
522	  T	 28.2	  0.0	0.086	0.000	0.000
523	  Y	 28.8	  0.0	0.086	0.000	0.000
524	  R	 17.7	  0.0	0.086	0.000	0.000
525	  I	  8.0	  0.0	0.086	0.000	0.000
526	  W	  3.0	  0.1	0.086	0.000	0.000
527	  R	  1.2	  0.2	0.086	0.000	0.000
528	  D	  0.5	  0.2	0.086	0.000	0.000
529	  T	  0.4	  0.5	0.000	0.000	0.000
530	  A	  0.4	  0.4	0.000	0.000	0.000
531	  N	  0.4	  0.4	1.019	0.000	0.000
532	  W	  0.5	  0.3	1.019	0.000	0.000
533	  L	  1.8	  0.0	1.019	0.000	0.000
534	  E	  7.4	  0.0	1.019	0.000	0.000
535	  I	  7.3	  0.0	1.019	0.000	0.000
536	  N	  6.0	  5.8	1.149	0.000	0.000
537	  P	  0.3	  5.9	0.130	0.000	0.000
538	  D	  0.0	  6.2	0.130	0.000	0.000
539	  T	  0.0	  6.3	0.130	0.000	0.000
540	  G	  0.0	  0.5	0.130	0.000	0.000
541	  A	  0.4	  0.4	0.130	0.000	0.000
542	  I	  1.4	  0.1	0.000	0.000	0.000
543	  S	  2.1	  0.1	0.000	0.000	0.000
544	  T	  2.0	  0.1	0.659	0.000	0.000
545	  R	  1.1	  0.1	0.659	0.000	0.000
546	  A	  0.4	  0.1	0.659	0.000	0.000
547	  E	  0.9	  0.1	0.659	0.000	0.000
548	  L	  0.9	  0.1	0.659	0.000	0.000
549	  D	  0.8	  0.3	1.583	0.000	0.000
550	  R	  0.1	  0.9	1.387	0.000	0.000
551	  E	  0.1	  0.8	1.219	0.000	0.000
552	  D	  1.6	  0.8	1.307	0.000	0.000
553	  F	  3.4	  0.8	1.504	0.000	0.000
554	  E	  3.4	  0.1	1.504	0.000	0.000
555	  H	  4.1	  0.1	1.504	0.000	0.000
556	  V	  3.6	  0.2	1.328	0.000	0.000
557	  K	  3.5	  0.1	1.328	0.000	0.000
558	  N	  1.6	  0.2	1.188	0.207	0.207
559	  S	  0.7	  0.2	0.712	6.087	6.087
560	  T	 19.6	  0.1	0.091	24.653	24.653
561	  Y	 23.9	  0.1	0.091	55.768	55.768
562	  T	 23.7	  0.0	0.091	64.294	64.294
563	  A	  5.7	  0.0	0.091	69.014	69.014
564	  L	  1.8	  0.0	0.091	71.118	71.118
565	  I	  4.4	  0.0	0.000	71.020	71.020
566	  I	  5.4	  0.0	0.000	68.100	68.100
567	  A	  4.2	  0.1	0.000	30.527	30.527
568	  T	  1.3	  0.6	0.000	12.706	12.706
569	  D	  0.1	  1.9	0.000	0.000	0.000
570	  N	  0.1	  1.9	0.000	0.000	0.000
571	  G	  0.0	  1.9	0.000	0.000	0.000
572	  S	  0.0	  1.3	0.000	0.000	0.000
573	  P	  0.0	  0.0	0.000	0.000	0.000
574	  V	  1.2	  0.2	0.000	1.024	1.024
575	  A	  1.2	  0.2	0.000	1.103	1.103
576	  T	  1.3	  0.6	0.000	1.195	1.195
577	  G	  0.1	  0.7	0.657	1.351	1.351
578	  T	  0.2	  0.7	0.657	3.279	3.279
579	  G	  0.1	  0.7	0.831	6.520	6.520
580	  T	  0.9	  0.3	1.411	41.549	41.549
581	  L	  1.7	  0.2	1.411	82.272	82.272
582	  L	  2.6	  0.0	1.411	83.095	83.095
583	  L	  3.1	  0.0	1.411	83.095	83.095
584	  I	  3.6	  0.0	1.411	82.925	82.925
585	  L	  2.8	  0.2	1.411	70.151	70.151
586	  S	  1.5	  0.2	1.021	8.449	8.449
587	  D	  0.9	  0.9	0.000	0.000	0.000
588	  V	  1.4	  0.9	0.000	0.000	0.000
589	  N	  1.4	  2.4	0.000	0.000	0.000
590	  D	  0.5	  2.4	0.000	0.000	0.000
591	  N	  0.0	  1.6	0.000	0.000	0.000
592	  A	  0.0	  1.6	0.000	0.000	0.000
593	  P	  0.0	  0.0	0.000	0.000	0.000
594	  I	  0.0	  0.0	0.000	0.000	0.000
595	  P	  0.0	  0.0	0.000	0.000	0.000
596	  E	  0.0	  0.0	0.000	0.000	0.000
597	  P	  0.0	  0.0	0.000	0.000	0.000
598	  R	  0.8	  0.1	0.000	0.000	0.000
599	  T	  3.3	  0.1	0.000	10.563	10.563
600	  I	  4.3	  0.1	0.000	10.563	10.563
601	  F	  8.3	  0.0	0.220	10.563	10.563
602	  F	  9.0	  0.0	0.220	10.563	10.563
603	  C	  9.5	  0.1	0.220	10.563	10.563
604	  E	  5.3	  0.1	0.220	0.000	0.000
605	  R	  2.0	  0.1	0.220	0.000	0.000
606	  N	  0.4	  0.1	0.220	0.000	0.000
607	  P	  0.0	  0.0	0.000	0.000	0.000
608	  K	  0.0	  0.1	0.000	0.000	0.000
609	  P	  0.0	  0.1	0.000	0.000	0.000
610	  Q	  0.3	  0.1	0.000	3.603	3.603
611	  V	  6.1	  0.1	0.000	14.896	14.896
612	  I	 13.7	  0.0	0.000	14.896	14.896
613	  N	 15.9	  0.0	0.174	14.896	14.896
614	  I	 11.1	  0.0	0.174	14.896	14.896
615	  I	  4.2	  0.0	0.174	14.594	14.594
616	  D	  1.4	  1.9	0.174	0.000	0.000
617	  A	  0.7	  1.9	0.174	0.000	0.000
618	  D	  0.1	  1.9	0.174	0.000	0.000
619	  L	  0.1	  1.9	0.000	0.000	0.000
620	  P	  0.0	  0.7	0.000	0.000	0.000
621	  P	  0.0	  0.8	0.000	0.000	0.000
622	  N	  0.5	  0.8	0.000	0.000	0.000
623	  T	  0.6	  0.8	0.000	0.000	0.000
624	  S	  0.6	  0.0	0.182	0.000	0.000
625	  P	  0.1	  0.0	0.182	0.000	0.000
626	  F	  5.6	  0.0	0.182	0.000	0.000
627	  T	  6.0	  0.0	0.182	0.000	0.000
628	  A	  6.0	  0.0	0.182	0.000	0.000
629	  E	  1.1	  0.0	0.182	0.000	0.000
630	  L	  1.9	  0.1	0.000	0.000	0.000
631	  T	  2.0	  0.3	0.000	0.000	0.000
632	  H	  1.4	  0.5	0.000	0.000	0.000
633	  G	  0.3	  0.8	0.000	0.000	0.000
634	  A	  0.2	  0.7	0.000	0.000	0.000
635	  S	  0.6	  2.5	0.000	0.000	0.000
636	  A	  0.7	  2.2	0.000	0.000	0.000
637	  N	  1.5	  2.0	0.000	0.000	0.000
638	  W	  6.2	  1.9	0.000	0.170	0.170
639	  T	 10.1	  0.0	0.000	0.170	0.170
640	  I	 10.5	  0.0	0.000	0.170	0.170
641	  Q	  7.4	  0.0	0.000	0.170	0.170
642	  Y	  4.1	  0.0	0.000	0.170	0.170
643	  N	  2.7	  0.0	0.000	0.000	0.000
644	  D	  0.8	  0.7	0.000	0.000	0.000
645	  P	  0.0	  0.7	0.000	0.000	0.000
646	  T	  0.4	  0.7	0.185	0.000	0.000
647	  Q	  0.5	  0.8	0.185	0.000	0.000
648	  E	  0.5	  0.1	0.185	0.000	0.000
649	  S	  0.7	  0.1	0.185	0.000	0.000
650	  I	  6.8	  0.1	0.185	0.000	0.000
651	  I	  8.4	  0.0	0.185	0.000	0.000
652	  L	  7.9	  0.0	0.185	0.000	0.000
653	  K	  1.9	  0.1	0.185	0.000	0.000
654	  P	  0.1	  0.1	0.000	0.000	0.000
655	  K	  0.4	  0.1	0.000	0.000	0.000
656	  M	  0.8	  0.1	0.000	0.000	0.000
657	  A	  0.9	  0.0	0.000	0.000	0.000
658	  L	  2.2	  0.0	0.000	0.000	0.000
659	  E	  1.9	  0.0	0.000	0.000	0.000
660	  V	  1.9	  4.5	0.000	0.000	0.000
661	  G	  0.2	  4.5	0.287	0.000	0.000
662	  D	  0.5	  4.5	0.866	0.000	0.000
663	  Y	  2.3	  4.5	0.866	0.000	0.000
664	  K	  3.7	  0.0	0.866	0.000	0.000
665	  I	  7.4	  0.0	0.866	0.000	0.000
666	  N	  5.8	  0.0	1.121	0.000	0.000
667	  L	  5.6	  0.0	1.121	0.000	0.000
668	  K	  1.9	  0.0	1.001	0.000	0.000
669	  L	  2.0	  0.2	0.255	0.000	0.000
670	  M	  0.8	  0.3	0.255	0.000	0.000
671	  D	  0.5	  0.3	0.255	0.000	0.000
672	  N	  0.3	  2.0	0.117	0.000	0.000
673	  Q	  0.2	  1.9	0.117	0.000	0.000
674	  N	  0.2	  3.9	0.000	0.000	0.000
675	  K	  0.2	  3.8	0.000	0.000	0.000
676	  D	  0.2	  2.1	0.000	0.000	0.000
677	  Q	  0.9	  2.1	0.000	0.000	0.000
678	  V	  2.6	  0.0	0.000	0.000	0.000
679	  T	  3.2	  0.0	0.204	0.000	0.000
680	  T	  3.5	  0.0	0.204	0.000	0.000
681	  L	  3.3	  0.0	0.204	0.000	0.000
682	  E	  5.4	  0.0	0.204	0.000	0.000
683	  V	 12.9	  0.0	0.204	0.000	0.000
684	  S	 12.1	  0.0	0.204	0.000	0.000
685	  V	 10.0	  0.0	0.000	0.000	0.000
686	  C	  2.3	  0.0	0.000	0.000	0.000
687	  D	  2.5	  0.2	0.000	0.000	0.000
688	  C	  2.1	  1.0	0.000	0.000	0.000
689	  E	  1.2	  1.2	0.000	0.000	0.000
690	  G	  0.2	  1.3	0.000	0.000	0.000
691	  A	  0.1	  1.4	0.000	0.000	0.000
692	  A	  0.1	  0.6	0.000	0.000	0.000
693	  G	  0.1	  0.4	0.130	0.000	0.000
694	  V	  0.7	  0.3	0.130	0.000	0.000
695	  C	  2.2	  0.1	0.130	0.000	0.000
696	  R	  2.3	  0.1	0.130	0.000	0.000
697	  K	  1.9	  0.1	0.130	0.000	0.000
698	  A	  0.4	  0.1	0.130	0.000	0.000
699	  Q	  0.3	  0.0	0.130	0.000	0.000
700	  P	  0.0	  0.0	0.000	0.000	0.000
701	  V	  1.7	  0.0	0.000	0.000	0.000
702	  E	  1.7	  0.0	0.000	0.000	0.000
703	  A	  1.7	  0.0	0.000	0.000	0.000
704	  G	  0.0	  0.0	0.000	0.000	0.000
705	  L	  0.5	  0.0	0.001	0.000	0.000
706	  Q	  0.5	  0.0	0.009	0.000	0.000
707	  I	  0.5	  0.0	0.046	0.000	0.000
708	  P	  0.0	  0.0	0.119	0.000	0.000
709	  A	  0.0	  0.0	0.302	0.076	0.076
710	  I	  0.0	  0.0	0.665	0.568	0.568
711	  L	  0.0	  0.0	0.770	0.814	0.814
712	  G	  0.0	  0.0	6.116	1.060	1.060
713	  I	  0.0	  0.0	17.427	13.794	13.794
714	  L	  0.0	  0.0	22.128	16.784	16.784
715	  G	  0.0	  0.0	40.149	17.332	17.332
716	  G	  0.0	  0.0	83.858	23.417	23.417
717	  I	  0.0	  0.0	91.104	91.039	91.039
718	  L	  0.0	  0.0	95.225	97.227	97.227
719	  A	  0.0	  0.0	98.877	98.361	98.361
720	  L	  0.0	  0.0	99.537	99.702	99.702
721	  L	  0.0	  0.0	99.766	99.947	99.947
722	  I	  0.0	  0.0	99.895	99.992	99.992
723	  L	  0.0	  0.0	99.919	99.996	99.996
724	  I	  0.0	  0.0	99.930	99.996	99.996
725	  L	  0.0	  0.0	99.932	99.990	99.990
726	  L	  0.0	  0.0	99.924	99.954	99.954
727	  L	  0.0	  0.0	99.908	99.760	99.760
728	  L	  0.0	  0.0	99.818	99.042	99.042
729	  L	  0.0	  0.0	99.617	97.315	97.315
730	  F	  0.0	  0.0	98.989	88.987	88.987
731	  L	  0.0	  0.0	93.240	52.603	52.603
732	  R	  0.0	  0.0	88.842	0.000	0.000
733	  R	  0.0	  0.0	61.518	0.000	0.000
734	  R	  0.0	  0.0	32.966	0.000	0.000
735	  A	  0.0	  0.0	15.481	0.000	0.000
736	  V	  0.0	  0.0	7.029	0.000	0.000
737	  V	  0.0	  0.0	4.975	0.000	0.000
738	  K	  0.0	  0.0	4.053	0.000	0.000
739	  E	  0.0	  0.0	1.237	0.000	0.000
740	  P	  0.0	  0.0	0.004	0.000	0.000
741	  L	  0.0	  0.0	0.004	0.000	0.000
742	  L	  0.0	  0.0	0.003	0.000	0.000
743	  P	  0.0	  0.3	0.000	0.000	0.000
744	  P	  0.0	  0.8	0.000	0.000	0.000
745	  E	  0.0	  0.9	0.000	0.000	0.000
746	  D	  0.0	  1.0	0.000	0.000	0.000
747	  D	  0.4	  0.8	0.000	0.000	0.000
748	  T	  0.6	  0.6	0.122	0.000	0.000
749	  R	  0.6	  0.6	0.122	0.000	0.000
750	  D	  0.4	  0.4	0.122	0.000	0.000
751	  N	  4.4	  0.4	0.122	0.407	0.407
752	  V	  6.4	  0.1	0.122	0.407	0.407
753	  Y	  7.7	  0.0	0.122	0.407	0.407
754	  Y	  5.1	  0.1	0.000	0.407	0.407
755	  Y	  3.2	  0.1	0.000	0.407	0.407
756	  D	  1.8	  0.7	0.000	0.000	0.000
757	  E	  0.2	  0.9	0.000	0.000	0.000
758	  E	  0.0	  1.1	0.000	0.000	0.000
759	  G	  0.0	  1.3	0.000	0.000	0.000
760	  G	  0.0	  0.8	0.000	0.000	0.000
761	  G	  0.0	  0.7	0.000	0.000	0.000
762	  E	  0.0	  0.6	0.000	0.000	0.000
763	  E	  0.1	  0.4	0.000	0.000	0.000
764	  D	  0.1	  1.7	0.000	0.000	0.000
765	  Q	  0.6	  1.6	0.000	0.000	0.000
766	  D	  1.0	  1.7	0.000	0.000	0.000
767	  F	  2.1	  1.7	0.000	0.000	0.000
768	  D	  1.8	  0.8	1.196	0.000	0.000
769	  L	  1.6	  0.9	1.196	0.000	0.000
770	  S	  0.5	  0.7	1.475	0.000	0.000
771	  Q	  1.0	  0.7	1.475	0.000	0.000
772	  L	  0.9	  0.1	1.475	0.000	0.000
773	  H	  0.9	  0.3	1.475	0.000	0.000
774	  R	  0.4	  0.2	0.958	0.000	0.000
775	  G	  0.3	  0.4	0.466	0.000	0.000
776	  L	  0.4	  0.4	0.000	0.000	0.000
777	  D	  0.4	  0.2	0.000	0.000	0.000
778	  A	  0.4	  0.2	0.000	0.000	0.000
779	  R	  0.2	  0.2	0.000	0.000	0.000
780	  P	  0.0	  0.1	0.000	0.000	0.000
781	  E	  5.5	  0.1	0.000	0.000	0.000
782	  V	  7.2	  0.2	0.000	0.000	0.000
783	  T	  7.5	  0.2	0.000	0.000	0.000
784	  R	  2.2	  0.4	0.000	0.000	0.000
785	  N	  0.5	  0.4	0.000	0.000	0.000
786	  D	  0.7	  0.3	0.000	0.000	0.000
787	  V	  1.1	  0.1	0.000	0.000	0.000
788	  A	  1.0	  0.2	0.000	0.000	0.000
789	  P	  0.5	  0.3	0.000	0.000	0.000
790	  T	  0.9	  0.3	0.000	0.000	0.000
791	  L	  1.4	  0.3	0.000	0.000	0.000
792	  M	  5.2	  0.0	0.000	0.000	0.000
793	  S	  4.5	  0.0	0.000	0.000	0.000
794	  V	  4.0	  0.2	0.000	0.000	0.000
795	  P	  0.2	  0.2	0.000	0.000	0.000
796	  R	  1.3	  0.2	0.000	0.000	0.000
797	  Y	  1.4	  0.2	0.000	0.000	0.000
798	  L	  1.4	  0.0	0.000	0.000	0.000
799	  P	  0.2	  0.0	0.000	0.000	0.000
800	  R	  0.0	  0.0	0.000	0.000	0.000
801	  P	  0.0	  0.0	0.000	0.000	0.000
802	  A	  0.0	  0.0	0.000	0.000	0.000
803	  N	  0.0	  7.0	0.000	0.000	0.000
804	  P	  0.0	  7.0	0.000	0.000	0.000
805	  D	  0.0	  7.0	0.000	0.000	0.000
806	  E	  0.1	  7.0	0.000	0.000	0.000
807	  I	  0.1	  4.6	0.000	0.000	0.000
808	  G	  0.1	  4.5	0.000	0.000	0.000
809	  N	  0.9	  4.5	0.000	0.000	0.000
810	  F	  2.0	  4.6	0.000	0.000	0.000
811	  I	  2.1	  0.1	0.000	0.000	0.000
812	  D	  1.3	  1.6	1.048	0.000	0.000
813	  E	  0.1	  1.6	1.048	0.000	0.000
814	  N	  0.3	  1.5	1.300	0.000	0.000
815	  L	  0.6	  1.5	1.300	0.000	0.000
816	  K	  0.8	  0.0	1.300	0.000	0.000
817	  A	  0.5	  0.3	1.300	0.000	0.000
818	  A	  0.2	  0.4	0.839	0.000	0.000
819	  D	  0.2	  0.3	0.453	0.000	0.000
820	  T	  0.2	  0.3	0.000	0.000	0.000
821	  D	  0.2	  0.9	0.000	0.000	0.000
822	  P	  0.0	  0.9	0.000	0.000	0.000
823	  T	  0.0	  0.9	0.000	0.000	0.000
824	  A	  0.0	  0.9	0.000	0.000	0.000
825	  P	  0.0	  0.3	0.000	0.000	0.000
826	  P	  0.0	  0.3	0.000	0.000	0.000
827	  Y	  1.0	  0.4	0.000	0.000	0.000
828	  D	  1.0	  0.5	0.309	0.000	0.000
829	  S	  1.2	  0.2	0.309	4.110	4.110
830	  L	  1.1	  0.2	0.309	4.110	4.110
831	  L	  2.3	  0.1	0.309	4.110	4.110
832	  V	  5.3	  0.1	0.309	4.110	4.110
833	  F	  6.8	  0.1	0.309	4.110	4.110
834	  D	  6.9	  0.2	0.000	0.000	0.000
835	  Y	  4.1	  0.7	0.000	0.000	0.000
836	  E	  1.8	  1.9	0.000	0.000	0.000
837	  G	  0.3	  2.3	0.000	0.000	0.000
838	  S	  0.3	  2.8	0.000	0.000	0.000
839	  G	  0.3	  2.4	0.136	0.000	0.000
840	  S	  0.3	  1.2	0.703	0.000	0.000
841	  E	  0.1	  0.7	0.703	0.000	0.000
842	  A	  0.2	  0.3	0.703	0.000	0.000
843	  A	  0.6	  0.2	0.703	0.000	0.000
844	  S	  6.1	  0.5	0.703	0.000	0.000
845	  L	  6.3	  0.6	0.568	0.000	0.000
846	  S	  5.9	  0.5	0.324	0.000	0.000
847	  S	  3.2	  1.1	0.135	0.000	0.000
848	  L	  3.3	  0.8	0.000	0.000	0.000
849	  N	  3.3	  1.6	0.000	0.000	0.000
850	  S	  0.6	  1.6	0.000	0.000	0.000
851	  S	  0.4	  2.2	0.000	0.000	0.000
852	  E	  0.3	  2.3	0.000	0.000	0.000
853	  S	  0.2	  1.5	0.000	0.000	0.000
854	  D	  0.0	  4.2	0.000	0.000	0.000
855	  K	  0.1	  3.1	0.000	0.000	0.000
856	  D	  0.1	  4.2	0.000	0.000	0.000
857	  Q	  0.6	  4.2	0.000	0.000	0.000
858	  D	  0.9	  1.8	0.000	0.000	0.000
859	  Y	  3.2	  1.7	0.000	0.000	0.000
860	  D	  2.7	  0.4	0.183	0.000	0.000
861	  Y	  3.4	  0.5	0.183	0.000	0.000
862	  L	  1.2	  0.1	0.183	0.000	0.000
863	  N	  1.2	  0.4	0.721	0.000	0.000
864	  E	  0.1	  0.4	0.721	0.000	0.000
865	  W	  0.1	  1.0	0.721	0.000	0.000
866	  G	  0.1	  1.0	0.721	0.000	0.000
867	  N	  0.2	  0.7	0.539	0.000	0.000
868	  R	  0.7	  0.7	0.539	0.000	0.000
869	  F	  1.1	  0.2	0.539	0.000	0.000
870	  K	  1.1	  0.2	0.539	0.000	0.000
871	  K	  0.9	  0.2	0.137	0.000	0.000
872	  L	  0.4	  0.4	0.000	0.000	0.000
873	  A	  0.4	  0.3	0.000	0.000	0.000
874	  D	  0.4	  0.5	0.000	0.000	0.000
875	  M	  0.6	  0.5	0.000	0.000	0.000
876	  Y	  0.6	  0.7	0.000	0.000	0.000
877	  G	  0.3	  1.0	0.000	0.000	0.000
878	  G	  0.1	  0.9	0.000	0.000	0.000
879	  G	  0.0	  1.4	0.000	0.000	0.000
880	  E	  0.1	  0.9	0.000	0.000	0.000
881	  D	  0.1	  0.7	0.000	0.000	0.000
882	  D	  0.1	  0.6	0.000	0.000	0.000
