res	aa	Beta	Turn	Helix	Aggregation	Conc-Stab_Aggregation
01	  M	  0.0	  0.0	0.000	0.000	0.000
02	  P	  0.0	  0.2	0.000	0.000	0.000
03	  P	  0.0	  0.2	0.000	0.000	0.000
04	  K	  0.1	  0.2	0.000	0.000	0.000
05	  T	  0.1	  0.4	0.000	0.000	0.000
06	  P	  0.1	  0.3	0.000	0.000	0.000
07	  R	  0.3	  0.3	0.000	0.000	0.000
08	  K	  0.7	  0.3	0.000	0.000	0.000
09	  T	  1.0	  0.1	0.145	0.000	0.000
10	  A	  0.8	  0.1	0.145	0.000	0.000
11	  A	  0.5	  0.0	0.145	0.000	0.000
12	  T	  0.5	  0.0	1.552	0.000	0.000
13	  A	  0.5	  0.0	1.552	0.000	0.000
14	  A	  0.4	  0.0	1.552	0.000	0.000
15	  A	  0.1	  0.0	1.552	0.000	0.000
16	  A	  0.1	  0.0	1.552	0.000	0.000
17	  A	  0.1	  0.0	1.552	0.000	0.000
18	  A	  0.1	  0.0	1.166	0.000	0.000
19	  E	  0.1	  0.0	0.774	0.000	0.000
20	  P	  0.0	  0.0	0.000	0.000	0.000
21	  P	  0.0	  0.0	0.000	0.000	0.000
22	  A	  0.0	  0.0	0.000	0.000	0.000
23	  P	  0.0	  0.0	0.000	0.000	0.000
24	  P	  0.0	  0.0	0.000	0.000	0.000
25	  P	  0.0	  0.0	0.000	0.000	0.000
26	  P	  0.0	  0.0	0.000	0.000	0.000
27	  P	  0.0	  0.0	0.000	0.000	0.000
28	  P	  0.0	  0.2	0.000	0.000	0.000
29	  P	  0.0	  0.3	0.000	0.000	0.000
30	  E	  0.1	  0.3	0.000	0.000	0.000
31	  E	  0.1	  0.3	0.000	0.000	0.000
32	  D	  0.1	  0.6	0.000	0.000	0.000
33	  P	  0.0	  0.7	0.000	0.000	0.000
34	  E	  0.1	  0.8	0.000	0.000	0.000
35	  Q	  0.2	  1.0	0.000	0.000	0.000
36	  D	  0.2	  0.4	0.000	0.000	0.000
37	  S	  0.1	  0.4	0.000	0.000	0.000
38	  G	  0.0	  0.7	0.000	0.000	0.000
39	  P	  0.0	  0.9	0.000	0.000	0.000
40	  E	  0.0	  0.9	0.000	0.000	0.000
41	  D	  0.0	  0.8	0.000	0.000	0.000
42	  L	  0.1	  0.4	0.000	0.000	0.000
43	  P	  0.0	  0.0	0.241	0.000	0.000
44	  L	  0.2	  0.0	0.241	0.000	0.000
45	  V	  4.1	  0.0	0.241	0.000	0.000
46	  R	  4.4	  0.0	0.241	0.000	0.000
47	  L	  5.0	  0.0	0.241	0.000	0.000
48	  E	  2.0	  0.0	0.241	0.000	0.000
49	  F	  2.3	  0.1	0.000	0.000	0.000
50	  E	  1.6	  0.1	0.000	0.000	0.000
51	  E	  0.7	  0.1	0.000	0.000	0.000
52	  T	  0.1	  0.1	0.000	0.000	0.000
53	  E	  0.1	  0.1	0.000	0.000	0.000
54	  E	  0.1	  0.6	0.000	0.000	0.000
55	  P	  0.0	  0.6	0.000	0.000	0.000
56	  D	  0.8	  0.6	1.385	0.000	0.000
57	  F	  6.3	  0.6	1.385	1.122	1.122
58	  T	  6.7	  0.0	2.008	1.122	1.122
59	  A	  6.0	  0.0	2.008	1.122	1.122
60	  L	  0.8	  0.0	2.008	1.122	1.122
61	  C	  1.6	  0.1	2.008	1.122	1.122
62	  Q	  1.8	  0.1	2.008	0.000	0.000
63	  K	  2.7	  0.1	1.558	0.000	0.000
64	  L	  4.4	  0.1	0.652	0.000	0.000
65	  K	  4.2	  0.0	0.435	0.000	0.000
66	  I	  3.2	  0.5	0.000	0.000	0.000
67	  P	  0.2	  0.5	0.000	0.000	0.000
68	  D	  0.1	  0.5	0.137	0.000	0.000
69	  H	  1.8	  0.5	0.298	0.000	0.000
70	  V	  2.3	  0.1	0.298	0.000	0.000
71	  R	  2.3	  0.1	0.298	0.000	0.000
72	  E	  0.6	  0.1	0.298	0.000	0.000
73	  R	  0.4	  0.1	0.298	0.000	0.000
74	  A	  0.6	  0.1	0.161	18.603	18.603
75	  W	  0.7	  0.0	0.161	18.603	18.603
76	  L	  3.7	  0.0	0.000	18.603	18.603
77	  T	 11.2	  0.0	0.000	18.603	18.603
78	  W	 12.0	  0.1	0.000	18.603	18.603
79	  E	  8.9	  0.1	0.000	0.197	0.197
80	  K	  2.4	  0.1	0.000	0.197	0.197
81	  V	  2.4	  0.1	0.000	0.197	0.197
82	  S	  2.5	  0.0	0.000	0.000	0.000
83	  S	  5.7	  1.1	0.000	0.000	0.000
84	  V	  4.7	  1.9	0.000	0.000	0.000
85	  D	  4.5	  1.8	0.000	0.000	0.000
86	  G	  0.2	  1.8	0.000	0.281	0.281
87	  V	  0.6	  0.8	0.000	3.404	3.404
88	  L	  0.6	  2.7	0.000	3.404	3.404
89	  G	  0.6	  2.7	0.000	3.404	3.404
90	  G	  0.0	  2.7	1.200	3.404	3.404
91	  Y	  0.5	  2.7	1.200	3.404	3.404
92	  I	  0.7	  0.0	1.401	3.404	3.404
93	  Q	  0.9	  0.1	1.401	0.000	0.000
94	  K	  0.4	  0.1	1.401	0.000	0.000
95	  K	  0.5	  0.1	1.401	0.002	0.002
96	  K	  0.4	  0.1	1.032	0.152	0.152
97	  E	  0.5	  0.1	0.894	0.152	0.152
98	  L	  0.3	  0.0	0.894	92.121	92.121
99	  W	  0.4	  0.0	0.761	94.375	94.375
100	  G	  0.4	  0.0	0.629	94.704	94.704
101	  I	  2.1	  0.0	0.000	98.297	98.297
102	  C	  2.7	  0.0	0.000	98.563	98.563
103	  I	  3.7	  0.0	0.000	99.555	99.555
104	  F	  3.5	  0.0	0.000	99.507	99.507
105	  I	  3.5	  0.0	0.000	97.868	97.868
106	  A	  2.7	  0.0	0.000	79.263	79.263
107	  A	  1.3	  0.0	0.000	63.480	63.480
108	  V	  2.8	  0.0	0.000	58.515	58.515
109	  D	  2.8	  1.1	0.109	0.002	0.002
110	  L	  2.6	  1.2	0.109	0.001	0.001
111	  D	  0.2	  1.2	0.109	0.000	0.000
112	  E	  0.3	  1.2	0.109	0.000	0.000
113	  M	  2.3	  0.0	0.109	0.000	0.000
114	  S	  8.1	  0.0	0.109	0.000	0.000
115	  F	 18.4	  0.0	0.000	0.000	0.000
116	  T	 32.2	  0.0	1.633	0.000	0.000
117	  F	 27.4	  0.0	1.633	0.000	0.000
118	  T	 17.6	  0.1	3.011	0.000	0.000
119	  E	  1.2	  0.1	3.011	0.000	0.000
120	  L	  0.4	  0.1	3.011	0.000	0.000
121	  Q	  0.5	  0.2	3.011	0.000	0.000
122	  K	  0.6	  0.1	2.846	0.000	0.000
123	  N	  3.2	  0.1	2.376	0.000	0.000
124	  I	  7.2	  0.1	0.782	0.000	0.000
125	  E	  8.1	  0.0	0.782	0.000	0.000
126	  I	  9.7	  0.0	0.284	0.000	0.000
127	  S	  7.2	  0.0	0.390	0.000	0.000
128	  V	  6.9	  0.0	0.106	0.000	0.000
129	  H	  3.2	  0.0	0.106	0.000	0.000
130	  K	  1.9	  0.0	0.106	0.000	0.000
131	  F	  2.9	  0.1	0.106	9.783	9.783
132	  F	  4.1	  0.1	0.106	9.783	9.783
133	  N	  3.8	  0.1	0.127	9.783	9.783
134	  L	  2.0	  0.1	0.127	9.783	9.783
135	  L	  0.3	  0.1	0.127	9.783	9.783
136	  K	  0.7	  0.0	0.127	0.681	0.681
137	  E	  3.6	  0.1	0.127	0.681	0.681
138	  I	  5.0	  0.1	0.127	0.681	0.681
139	  D	  4.7	  0.4	0.127	0.000	0.000
140	  T	  2.4	  0.4	0.000	0.000	0.000
141	  S	  1.3	  0.4	0.000	0.000	0.000
142	  T	  2.8	  0.4	0.000	0.000	0.000
143	  K	  3.3	  0.2	0.000	0.000	0.000
144	  V	  3.4	  0.2	0.000	0.000	0.000
145	  D	  1.7	  0.2	0.373	0.000	0.000
146	  N	  0.4	  0.2	10.064	0.000	0.000
147	  A	  0.3	  0.1	10.276	0.000	0.000
148	  M	  0.4	  0.1	10.276	0.000	0.000
149	  S	  0.4	  0.1	11.167	0.000	0.000
150	  R	  0.6	  0.1	11.167	0.000	0.000
151	  L	  0.7	  0.1	11.167	0.000	0.000
152	  L	  0.7	  0.1	10.138	0.000	0.000
153	  K	  0.3	  0.1	9.110	0.000	0.000
154	  K	  0.8	  0.1	4.667	0.030	0.030
155	  Y	  4.0	  0.1	1.399	0.091	0.091
156	  D	  4.0	  0.0	2.578	0.140	0.140
157	  V	  4.9	  0.0	2.489	91.170	91.170
158	  L	  2.0	  0.0	2.489	98.909	98.909
159	  F	  2.5	  0.0	2.489	98.930	98.930
160	  A	  1.2	  0.0	2.489	98.930	98.930
161	  L	  1.5	  0.0	2.489	98.930	98.930
162	  F	  3.0	  0.1	2.375	98.051	98.051
163	  S	  3.0	  0.2	1.772	11.071	11.071
164	  K	  3.9	  0.2	0.749	0.261	0.261
165	  L	  1.7	  0.2	0.337	0.224	0.224
166	  E	  1.8	  0.1	0.337	0.150	0.150
167	  R	  0.4	  0.1	0.145	0.002	0.002
168	  T	  4.8	  0.1	0.434	0.002	0.002
169	  C	  6.2	  0.1	0.434	0.002	0.002
170	  E	  6.2	  0.1	0.434	0.002	0.002
171	  L	  2.3	  0.1	0.434	12.606	12.606
172	  I	  1.9	  0.1	0.434	12.606	12.606
173	  Y	  2.4	  0.0	0.434	12.606	12.606
174	  L	  2.6	  0.0	0.292	12.606	12.606
175	  T	  1.4	  0.0	0.158	12.604	12.604
176	  Q	  0.9	  0.3	0.158	0.000	0.000
177	  P	  0.2	  0.4	0.000	0.000	0.000
178	  S	  0.9	  1.0	0.000	0.000	0.000
179	  S	  1.0	  1.1	0.000	0.000	0.000
180	  S	  6.8	  0.9	0.000	0.000	0.000
181	  I	  6.8	  0.8	0.000	0.097	0.097
182	  S	  6.9	  0.2	0.000	0.139	0.139
183	  T	  1.3	  0.2	0.000	1.228	1.228
184	  E	  3.9	  0.1	0.000	4.045	4.045
185	  I	  4.8	  0.1	0.000	4.974	4.974
186	  N	  4.7	  0.1	1.085	5.029	5.029
187	  S	  1.3	  0.1	1.380	5.217	5.217
188	  A	  0.4	  0.0	1.380	5.217	5.217
189	  L	  2.3	  0.0	1.380	5.217	5.217
190	  V	  3.3	  0.0	1.380	5.217	5.217
191	  L	  4.6	  0.0	1.380	4.886	4.886
192	  K	  3.7	  0.0	0.914	4.045	4.045
193	  V	  5.3	  0.0	0.361	30.754	30.754
194	  S	  4.2	  0.0	4.692	33.007	33.007
195	  W	  3.6	  0.0	4.475	80.967	80.967
196	  I	 15.3	  0.0	4.475	90.138	90.138
197	  T	 17.6	  0.0	4.856	90.503	90.503
198	  F	 17.8	  0.0	4.856	90.448	90.448
199	  L	  3.8	  0.0	4.856	89.131	89.131
200	  L	  0.9	  0.1	4.670	72.299	72.299
201	  A	  0.2	  0.5	4.495	33.900	33.900
202	  K	  0.1	  0.5	3.785	1.637	1.637
203	  G	  0.1	  0.5	0.859	1.637	1.637
204	  E	  0.5	  0.4	0.294	1.637	1.637
205	  V	  3.0	  0.0	0.000	1.637	1.637
206	  L	  4.7	  0.0	0.000	1.417	1.417
207	  Q	  5.9	  0.0	0.000	0.149	0.149
208	  M	  3.5	  0.3	0.000	0.044	0.044
209	  E	  1.8	  0.4	0.000	0.000	0.000
210	  D	  0.1	  0.5	0.000	0.000	0.000
211	  D	  0.2	  0.5	0.304	0.000	0.000
212	  L	  2.3	  0.1	0.304	47.788	47.788
213	  V	  6.5	  0.1	0.304	71.488	71.488
214	  I	 10.3	  0.0	0.304	76.997	76.997
215	  S	 11.0	  0.0	0.412	77.484	77.484
216	  F	 10.0	  0.1	0.412	81.528	81.528
217	  Q	  6.6	  0.1	0.266	81.298	81.298
218	  L	  4.6	  0.1	0.108	89.547	89.547
219	  M	  2.9	  0.1	0.108	90.868	90.868
220	  L	  3.1	  0.0	0.108	91.900	91.900
221	  C	  3.8	  0.0	0.215	91.014	91.014
222	  V	  5.1	  0.1	0.107	91.851	91.851
223	  L	  5.5	  0.1	0.107	90.831	90.831
224	  D	  4.8	  0.1	0.646	84.677	84.677
225	  Y	  3.1	  0.1	0.646	84.677	84.677
226	  F	  3.2	  0.0	0.646	84.677	84.677
227	  I	  7.7	  0.0	0.539	84.677	84.677
228	  K	  7.5	  0.0	0.539	84.677	84.677
229	  L	  6.3	  0.0	0.539	71.574	71.574
230	  S	  1.0	  0.0	0.366	0.015	0.015
231	  P	  0.0	  0.0	0.000	0.000	0.000
232	  P	  0.0	  0.0	0.000	0.000	0.000
233	  M	  1.2	  0.0	0.000	0.000	0.000
234	  L	  1.4	  0.0	0.000	0.000	0.000
235	  L	  1.6	  0.0	0.000	0.000	0.000
236	  K	  0.5	  0.0	0.000	0.000	0.000
237	  E	  0.2	  0.0	0.000	0.000	0.000
238	  P	  0.1	  0.0	0.000	0.000	0.000
239	  Y	  0.4	  0.1	0.000	0.000	0.000
240	  K	  0.8	  0.1	0.000	0.000	0.000
241	  T	  1.7	  0.1	0.000	0.000	0.000
242	  A	  3.2	  0.1	0.000	0.000	0.000
243	  V	  3.5	  0.0	0.000	0.000	0.000
244	  I	  2.6	  0.0	0.000	0.000	0.000
245	  P	  0.7	  0.2	0.000	0.000	0.000
246	  I	  1.1	  1.6	0.000	0.000	0.000
247	  N	  1.1	  1.6	0.000	0.000	0.000
248	  G	  1.1	  1.6	0.000	0.000	0.000
249	  S	  0.0	  1.6	0.000	0.000	0.000
250	  P	  0.0	  0.2	0.000	0.000	0.000
251	  R	  0.1	  0.2	0.000	0.000	0.000
252	  T	  0.1	  0.4	0.000	0.000	0.000
253	  P	  0.1	  0.4	0.000	0.000	0.000
254	  R	  0.2	  0.6	0.000	0.000	0.000
255	  R	  0.2	  0.6	0.000	0.000	0.000
256	  G	  0.2	  0.7	0.000	0.000	0.000
257	  Q	  0.1	  0.5	0.000	0.000	0.000
258	  N	  0.1	  1.2	0.369	0.000	0.000
259	  R	  0.3	  1.2	0.369	0.000	0.000
260	  S	  1.0	  0.9	0.810	0.000	0.000
261	  A	  1.7	  0.9	0.810	0.000	0.000
262	  R	  3.3	  0.0	0.810	0.000	0.000
263	  I	  3.0	  0.0	0.810	0.000	0.000
264	  A	  2.4	  0.1	0.810	0.000	0.000
265	  K	  0.8	  0.1	0.810	0.000	0.000
266	  Q	  1.6	  0.1	0.344	0.000	0.000
267	  L	  1.6	  0.3	0.000	0.000	0.000
268	  E	  1.5	  0.3	0.000	0.000	0.000
269	  N	  0.1	  0.4	0.638	0.000	0.000
270	  D	  0.3	  0.4	1.903	0.000	0.000
271	  T	  1.1	  0.1	2.143	0.568	0.568
272	  R	  6.0	  0.1	2.324	1.522	1.522
273	  I	  7.3	  0.0	2.324	2.157	2.157
274	  I	 14.0	  0.0	2.324	2.157	2.157
275	  E	  9.5	  0.0	2.324	2.157	2.157
276	  V	 10.1	  0.0	2.324	2.157	2.157
277	  L	  2.7	  0.0	2.324	2.157	2.157
278	  C	  2.5	  0.1	2.046	0.635	0.635
279	  K	  0.6	  0.2	1.762	0.635	0.635
280	  E	  0.6	  0.2	0.262	0.000	0.000
281	  H	  0.7	  0.3	0.105	0.000	0.000
282	  E	  1.5	  0.2	0.000	0.000	0.000
283	  C	  2.8	  0.1	0.000	0.000	0.000
284	  N	  3.6	  0.5	0.331	0.000	0.000
285	  I	  2.8	  0.4	0.331	0.000	0.000
286	  D	  1.4	  0.4	0.655	0.000	0.000
287	  E	 13.3	  0.4	0.655	0.000	0.000
288	  V	 14.7	  0.1	0.655	0.000	0.000
289	  K	 14.9	  0.1	0.655	0.000	0.000
290	  N	  5.6	  0.1	0.446	0.000	0.000
291	  V	  5.7	  0.1	0.446	0.000	0.000
292	  Y	  6.6	  0.0	0.446	0.000	0.000
293	  F	  3.6	  0.3	0.000	0.000	0.000
294	  K	  1.9	  0.3	0.000	0.000	0.000
295	  N	  2.2	  0.3	0.000	0.000	0.000
296	  F	  1.7	  0.3	0.000	0.000	0.000
297	  I	  1.6	  0.0	0.000	0.000	0.000
298	  P	  0.2	  0.0	0.000	0.000	0.000
299	  F	  1.4	  0.1	0.000	0.134	0.134
300	  M	  1.9	  0.2	0.000	0.134	0.134
301	  N	  1.9	  0.4	0.000	0.134	0.134
302	  S	  0.7	  0.4	0.000	0.524	0.524
303	  L	  0.3	  0.3	0.000	1.846	1.846
304	  G	  0.3	  0.3	0.000	1.846	1.846
305	  L	  0.5	  0.0	0.000	1.846	1.846
306	  V	  3.3	  0.0	0.000	1.846	1.846
307	  T	  3.4	  0.8	0.000	1.467	1.467
308	  S	  3.0	  1.5	0.000	0.146	0.146
309	  N	  0.1	  1.5	0.000	0.000	0.000
310	  G	  0.0	  1.5	0.000	0.000	0.000
311	  L	  0.0	  0.8	0.000	0.000	0.000
312	  P	  0.0	  0.1	0.000	0.000	0.000
313	  E	  2.1	  0.1	0.000	0.000	0.000
314	  V	  3.2	  0.3	0.115	0.000	0.000
315	  E	  3.2	  0.1	0.115	0.000	0.000
316	  N	  1.3	  0.6	4.762	0.000	0.000
317	  L	  0.5	  0.6	4.762	0.000	0.000
318	  S	  1.2	  0.6	5.693	0.000	0.000
319	  K	  1.2	  0.6	5.693	0.000	0.000
320	  R	  2.3	  0.1	6.309	0.000	0.000
321	  Y	  2.2	  0.2	6.309	0.000	0.000
322	  E	  2.0	  0.1	5.900	0.000	0.000
323	  E	  1.2	  0.1	5.587	0.000	0.000
324	  I	  1.8	  0.1	5.187	0.000	0.000
325	  Y	  2.6	  0.0	5.187	0.000	0.000
326	  L	  2.3	  0.2	4.421	0.000	0.000
327	  K	  1.1	  0.2	3.257	0.000	0.000
328	  N	  0.3	  1.3	1.807	0.000	0.000
329	  K	  0.1	  1.3	1.051	0.000	0.000
330	  D	  0.2	  2.7	0.775	0.000	0.000
331	  L	  0.4	  2.7	0.775	0.000	0.000
332	  D	  0.4	  1.6	1.450	0.000	0.000
333	  A	  0.5	  1.6	1.450	0.000	0.000
334	  R	  0.9	  0.0	1.450	0.000	0.000
335	  L	  1.6	  0.0	1.284	0.000	0.000
336	  F	  2.3	  0.2	1.157	0.000	0.000
337	  L	  2.0	  0.2	0.675	0.000	0.000
338	  D	  1.3	  1.0	0.359	0.000	0.000
339	  H	  0.4	  1.0	0.128	0.000	0.000
340	  D	  0.1	  1.0	0.000	0.000	0.000
341	  K	  0.3	  1.0	0.000	0.000	0.000
342	  T	  3.2	  0.2	0.000	0.000	0.000
343	  L	  3.2	  0.2	0.000	0.000	0.000
344	  Q	  3.1	  0.1	0.000	0.000	0.000
345	  T	  0.7	  0.2	0.000	0.000	0.000
346	  D	  0.8	  0.2	0.000	0.000	0.000
347	  S	  3.6	  0.4	0.000	0.000	0.000
348	  I	  3.9	  0.5	0.000	0.000	0.000
349	  D	  4.2	  0.4	0.000	0.000	0.000
350	  S	  8.1	  0.4	0.560	0.000	0.000
351	  F	  7.7	  0.2	0.560	0.000	0.000
352	  E	  7.3	  0.1	0.560	0.000	0.000
353	  T	  1.8	  0.1	0.560	0.000	0.000
354	  Q	  1.6	  0.1	0.560	0.000	0.000
355	  R	  1.6	  0.0	0.560	0.000	0.000
356	  T	  0.4	  0.2	0.187	0.000	0.000
357	  P	  0.1	  0.3	0.000	0.000	0.000
358	  R	  0.2	  0.4	0.000	0.000	0.000
359	  K	  0.2	  0.6	0.000	0.000	0.000
360	  S	  0.2	  0.4	0.000	0.000	0.000
361	  N	  0.3	  1.1	0.000	0.000	0.000
362	  L	  0.3	  1.0	0.000	0.000	0.000
363	  D	  0.3	  0.9	0.000	0.000	0.000
364	  E	  0.0	  0.9	0.000	0.000	0.000
365	  E	  5.7	  0.1	0.000	0.000	0.000
366	  V	 18.2	  0.1	0.000	0.000	0.000
367	  N	 23.1	  0.0	0.000	0.000	0.000
368	  V	 18.0	  0.0	0.000	0.000	0.000
369	  I	  6.3	  0.0	0.000	0.000	0.000
370	  P	  0.0	  0.2	0.000	0.000	0.000
371	  P	  0.0	  0.2	0.000	0.000	0.000
372	  H	  0.2	  0.2	0.000	0.000	0.000
373	  T	  0.2	  0.2	0.000	0.000	0.000
374	  P	  0.2	  0.0	0.000	0.000	0.000
375	  V	  0.7	  0.0	0.000	0.000	0.000
376	  R	  1.4	  0.0	0.000	0.000	0.000
377	  T	  5.3	  0.0	0.000	0.000	0.000
378	  V	  8.2	  0.1	0.000	0.000	0.000
379	  M	  7.9	  0.1	0.000	0.000	0.000
380	  N	  5.2	  0.1	0.252	0.000	0.000
381	  T	  5.5	  0.1	0.943	0.205	0.205
382	  I	  5.5	  0.0	0.943	0.550	0.550
383	  Q	  4.6	  0.0	0.943	0.550	0.550
384	  Q	  1.3	  0.0	0.943	1.507	1.507
385	  L	  2.0	  0.0	0.943	23.012	23.012
386	  M	  2.9	  0.0	0.943	23.159	23.159
387	  M	  3.9	  0.0	0.943	23.159	23.159
388	  I	  3.3	  0.0	0.943	23.159	23.159
389	  L	  2.5	  0.1	0.943	23.010	23.010
390	  N	  1.0	  0.1	0.943	1.047	1.047
391	  S	  3.6	  1.5	0.417	0.099	0.099
392	  A	  3.2	  1.7	0.000	0.000	0.000
393	  S	  3.1	  1.6	0.000	0.000	0.000
394	  D	  0.1	  1.6	0.000	0.000	0.000
395	  Q	  0.0	  0.5	0.000	0.000	0.000
396	  P	  0.0	  0.4	0.000	0.000	0.000
397	  S	  0.1	  2.1	0.000	0.000	0.000
398	  E	  0.1	  2.1	0.000	0.000	0.000
399	  N	  0.4	  1.8	0.167	0.256	0.256
400	  L	  0.8	  1.8	0.167	7.072	7.072
401	  I	  5.0	  0.1	0.167	7.192	7.192
402	  S	  5.8	  0.0	0.167	7.192	7.192
403	  Y	  7.1	  0.1	0.167	7.192	7.192
404	  F	  3.4	  0.1	0.167	7.192	7.192
405	  N	  2.3	  0.1	0.910	0.358	0.358
406	  N	  1.3	  0.1	0.910	0.000	0.000
407	  C	  5.9	  0.1	0.910	0.000	0.000
408	  T	 14.4	  0.0	0.910	0.000	0.000
409	  V	 13.9	  0.0	0.910	0.000	0.000
410	  N	  9.0	  0.3	1.542	0.000	0.000
411	  P	  0.2	  0.3	0.632	0.000	0.000
412	  K	  0.1	  0.4	0.632	0.000	0.000
413	  E	  0.1	  0.4	0.632	0.000	0.000
414	  S	  0.4	  0.1	2.881	0.000	0.000
415	  I	  1.1	  0.1	2.881	0.000	0.000
416	  L	  1.2	  0.0	2.881	0.000	0.000
417	  K	  1.4	  0.0	2.881	0.000	0.000
418	  R	  2.1	  0.0	2.662	0.000	0.000
419	  V	  3.5	  0.1	2.250	0.063	0.063
420	  K	  3.2	  0.1	2.010	0.063	0.063
421	  D	  1.7	  0.2	1.224	0.063	0.063
422	  I	  0.4	  0.2	0.931	67.967	67.967
423	  G	  0.2	  0.1	1.078	67.967	67.967
424	  Y	  0.9	  0.1	0.533	67.967	67.967
425	  I	  1.2	  0.0	0.272	67.967	67.967
426	  F	  1.9	  0.1	0.272	67.967	67.967
427	  K	  1.5	  0.1	0.272	0.000	0.000
428	  E	  1.2	  0.1	0.272	0.000	0.000
429	  K	  1.1	  0.1	0.125	0.000	0.000
430	  F	  1.4	  0.1	0.125	0.000	0.000
431	  A	  1.2	  0.0	0.000	0.000	0.000
432	  K	  0.9	  0.0	0.000	0.000	0.000
433	  A	  0.5	  0.2	0.000	0.000	0.000
434	  V	  0.5	  0.3	0.000	0.000	0.000
435	  G	  0.3	  0.9	0.000	0.000	0.000
436	  Q	  0.1	  1.0	0.000	0.000	0.000
437	  G	  0.0	  0.8	0.000	0.000	0.000
438	  C	  2.1	  0.6	0.000	0.000	0.000
439	  V	  9.5	  0.1	0.000	0.000	0.000
440	  E	  9.5	  0.0	0.000	0.000	0.000
441	  I	  7.6	  0.4	0.000	0.000	0.000
442	  G	  0.1	  0.5	0.324	0.000	0.000
443	  S	  0.8	  0.6	1.004	0.000	0.000
444	  Q	  1.5	  0.6	1.004	0.000	0.000
445	  R	  2.1	  0.1	1.004	0.000	0.000
446	  Y	  2.7	  0.2	1.004	0.000	0.000
447	  K	  2.0	  0.1	1.004	0.000	0.000
448	  L	  1.5	  0.1	0.878	0.000	0.000
449	  G	  0.2	  0.1	0.984	0.000	0.000
450	  V	  3.7	  0.0	0.232	0.000	0.000
451	  R	  4.2	  0.0	0.232	0.000	0.000
452	  L	  4.8	  0.0	0.232	0.000	0.000
453	  Y	  3.1	  0.0	0.232	0.000	0.000
454	  Y	  6.4	  0.0	0.232	0.000	0.000
455	  R	  7.6	  0.0	0.000	0.000	0.000
456	  V	  7.3	  0.0	0.000	0.000	0.000
457	  M	  3.5	  0.1	0.000	0.000	0.000
458	  E	  1.8	  0.1	0.000	0.000	0.000
459	  S	  0.4	  0.1	0.146	0.000	0.000
460	  M	  0.5	  0.1	0.146	0.000	0.000
461	  L	  0.9	  0.1	0.146	0.000	0.000
462	  K	  0.9	  0.1	0.146	0.000	0.000
463	  S	  0.7	  0.2	2.995	0.000	0.000
464	  E	  0.3	  0.3	2.995	0.000	0.000
465	  E	  0.1	  0.2	2.969	0.000	0.000
466	  E	  0.1	  0.2	2.969	0.000	0.000
467	  R	  0.5	  0.1	2.969	0.000	0.000
468	  L	  2.1	  0.1	2.969	0.000	0.000
469	  S	  2.5	  0.0	2.242	0.000	0.000
470	  I	  2.1	  0.2	1.178	0.000	0.000
471	  Q	  1.2	  0.2	1.178	0.000	0.000
472	  N	  1.9	  0.4	0.455	0.000	0.000
473	  F	  4.1	  0.5	0.272	0.000	0.000
474	  S	  3.5	  0.4	0.130	0.000	0.000
475	  K	  2.7	  0.4	0.130	0.000	0.000
476	  L	  0.9	  0.2	0.130	0.000	0.000
477	  L	  0.8	  0.1	0.130	0.000	0.000
478	  N	  0.6	  0.6	0.130	0.000	0.000
479	  D	  0.2	  0.6	0.130	0.000	0.000
480	  N	  2.3	  0.6	0.000	0.000	0.000
481	  I	  2.7	  0.5	0.000	1.145	1.145
482	  F	  4.2	  0.0	0.000	1.276	1.276
483	  H	  2.8	  0.1	0.162	1.276	1.276
484	  M	  4.5	  0.2	0.162	1.508	1.508
485	  S	  3.2	  0.2	0.780	1.508	1.508
486	  L	  2.6	  0.2	0.780	1.847	1.847
487	  L	  0.8	  0.0	0.780	1.847	1.847
488	  A	  0.6	  0.0	0.780	1.847	1.847
489	  C	  1.0	  0.0	0.780	1.615	1.615
490	  A	  0.8	  0.0	0.618	1.139	1.139
491	  L	  2.4	  0.0	0.458	0.992	0.992
492	  E	  2.3	  0.0	0.317	0.000	0.000
493	  V	  8.1	  0.0	0.000	34.194	34.194
494	  V	  7.4	  0.0	0.000	37.032	37.032
495	  M	  6.8	  0.1	0.000	37.032	37.032
496	  A	  1.6	  0.1	0.000	37.032	37.032
497	  T	 28.7	  0.1	0.000	37.032	37.032
498	  Y	 29.8	  0.2	0.000	35.890	35.890
499	  S	 30.4	  0.3	0.115	3.956	3.956
500	  R	  3.3	  0.4	0.115	0.000	0.000
501	  S	  2.9	  0.5	0.115	0.000	0.000
502	  T	  2.8	  0.6	0.115	0.000	0.000
503	  S	  3.3	  1.4	0.115	0.000	0.000
504	  Q	  2.1	  1.3	0.115	0.000	0.000
505	  N	  1.2	  2.2	0.000	0.000	0.000
506	  L	  0.7	  2.3	0.000	0.000	0.000
507	  D	  0.6	  1.6	0.119	0.000	0.000
508	  S	  0.4	  2.0	0.119	0.000	0.000
509	  G	  0.1	  1.1	0.119	0.000	0.000
510	  T	  0.2	  0.9	0.119	0.000	0.000
511	  D	  0.3	  0.8	0.119	0.000	0.000
512	  L	  4.0	  0.5	0.119	0.000	0.000
513	  S	  4.1	  0.4	0.119	0.000	0.000
514	  F	  4.0	  0.6	0.119	0.000	0.000
515	  P	  0.3	  0.2	0.000	0.277	0.277
516	  W	  0.6	  0.2	0.000	32.541	32.541
517	  I	  1.1	  0.2	0.000	38.922	38.922
518	  L	  4.2	  0.0	0.000	38.922	38.922
519	  N	  3.8	  0.0	1.097	38.922	38.922
520	  V	  6.6	  0.0	1.097	39.541	39.541
521	  L	  5.0	  0.1	1.097	35.389	35.389
522	  N	  5.1	  0.1	1.222	7.029	7.029
523	  L	  2.2	  0.1	1.222	6.817	6.817
524	  K	  0.7	  0.1	1.222	4.842	4.842
525	  A	  0.6	  0.1	0.430	13.761	13.761
526	  F	  2.6	  0.1	0.312	24.510	24.510
527	  D	  3.4	  0.0	1.366	24.611	24.611
528	  F	  4.4	  0.0	1.366	45.857	45.857
529	  Y	  4.7	  0.0	1.241	47.279	47.279
530	  K	  5.9	  0.0	1.241	45.242	45.242
531	  V	  7.9	  0.0	1.241	46.082	46.082
532	  I	  5.9	  0.2	1.241	44.538	44.538
533	  E	  3.9	  0.2	1.241	27.596	27.596
534	  S	  1.6	  0.2	1.275	25.639	25.639
535	  F	  2.3	  0.2	0.826	25.639	25.639
536	  I	  3.6	  0.0	0.224	23.720	23.720
537	  K	  3.1	  0.2	0.224	2.123	2.123
538	  A	  1.8	  0.4	0.224	0.968	0.968
539	  E	  0.3	  1.9	0.224	0.000	0.000
540	  G	  0.0	  1.9	1.775	0.000	0.000
541	  N	  0.3	  1.7	2.373	0.000	0.000
542	  L	  0.5	  1.5	2.373	0.000	0.000
543	  T	  0.7	  0.1	3.183	0.000	0.000
544	  R	  0.4	  0.1	3.183	0.000	0.000
545	  E	  0.3	  0.1	3.183	0.000	0.000
546	  M	  0.6	  0.0	2.607	0.000	0.000
547	  I	  1.0	  0.0	2.225	0.000	0.000
548	  K	  1.0	  0.0	2.225	0.000	0.000
549	  H	  1.1	  0.0	1.648	0.000	0.000
550	  L	  0.7	  0.1	1.068	0.000	0.000
551	  E	  0.9	  0.1	1.068	0.000	0.000
552	  R	  1.9	  0.1	0.640	0.000	0.000
553	  C	  3.6	  0.2	0.000	0.000	0.000
554	  E	  3.5	  0.2	0.000	0.000	0.000
555	  H	  4.7	  0.2	0.000	0.000	0.000
556	  R	  6.1	  0.2	0.000	0.000	0.000
557	  I	  6.7	  0.0	0.000	0.000	0.000
558	  M	  4.2	  0.1	0.000	0.000	0.000
559	  E	  1.0	  0.1	0.000	0.000	0.000
560	  S	  0.3	  0.1	0.238	0.000	0.000
561	  L	  0.4	  0.1	0.238	0.000	0.000
562	  A	  0.6	  0.0	0.238	0.000	0.000
563	  W	  1.1	  0.0	0.238	0.000	0.000
564	  L	  0.9	  0.2	0.238	0.000	0.000
565	  S	  0.8	  0.2	0.238	0.000	0.000
566	  D	  0.2	  0.2	0.000	0.000	0.000
567	  S	  0.1	  0.5	1.381	0.000	0.000
568	  P	  0.0	  0.2	1.852	0.000	0.000
569	  L	  0.4	  0.2	1.852	0.399	0.399
570	  F	  1.6	  0.3	2.050	0.399	0.399
571	  D	  1.8	  0.1	2.412	0.399	0.399
572	  L	  1.8	  0.1	2.412	0.399	0.399
573	  I	  1.8	  0.1	2.412	0.399	0.399
574	  K	  1.7	  0.1	2.412	0.399	0.399
575	  Q	  1.5	  0.2	2.007	0.000	0.000
576	  S	  0.8	  1.9	1.212	0.000	0.000
577	  K	  0.8	  1.9	0.307	0.000	0.000
578	  D	  0.6	  2.3	0.188	0.000	0.000
579	  R	  0.0	  2.2	0.188	0.000	0.000
580	  E	  0.0	  0.7	0.188	0.000	0.000
581	  G	  0.0	  1.1	0.188	0.000	0.000
582	  P	  0.0	  0.8	0.000	0.000	0.000
583	  T	  0.1	  0.8	0.000	0.000	0.000
584	  D	  0.1	  0.6	0.000	0.000	0.000
585	  H	  0.7	  0.2	0.265	0.000	0.000
586	  L	  0.7	  0.2	0.265	0.000	0.000
587	  E	  0.7	  0.2	0.265	0.000	0.000
588	  S	  0.7	  0.2	0.265	0.000	0.000
589	  A	  0.6	  0.2	0.265	0.000	0.000
590	  C	  0.5	  0.4	0.265	0.000	0.000
591	  P	  0.0	  0.3	0.000	0.000	0.000
592	  L	  3.3	  0.3	0.000	0.000	0.000
593	  N	  3.3	  0.3	0.000	0.000	0.000
594	  L	  3.3	  0.0	0.000	0.000	0.000
595	  P	  0.1	  0.0	0.000	0.000	0.000
596	  L	  0.3	  0.2	0.000	0.000	0.000
597	  Q	  0.3	  0.2	0.000	0.000	0.000
598	  N	  0.3	  0.3	0.000	0.000	0.000
599	  N	  0.2	  0.3	0.000	0.000	0.000
600	  H	  1.0	  0.1	0.000	0.000	0.000
601	  T	  1.3	  0.1	0.216	0.000	0.000
602	  A	  1.2	  0.4	0.216	0.000	0.000
603	  A	  0.4	  0.3	0.216	0.000	0.000
604	  D	  0.4	  0.3	0.216	0.000	0.000
605	  M	  1.3	  0.3	0.216	0.000	0.000
606	  Y	  3.1	  0.0	0.216	0.000	0.000
607	  L	  2.9	  0.0	0.000	0.000	0.000
608	  S	  1.9	  0.0	0.000	0.000	0.000
609	  P	  0.1	  0.0	0.000	0.000	0.000
610	  V	  4.0	  0.0	0.000	0.000	0.000
611	  R	  4.0	  0.0	0.000	0.000	0.000
612	  S	  4.0	  0.3	0.000	0.000	0.000
613	  P	  0.1	  0.4	0.000	0.000	0.000
614	  K	  0.1	  0.5	0.000	0.000	0.000
615	  K	  0.1	  1.0	0.000	0.000	0.000
616	  K	  0.1	  1.2	0.000	0.000	0.000
617	  G	  0.1	  1.2	0.000	0.000	0.000
618	  S	  0.7	  1.1	0.000	0.000	0.000
619	  T	  1.9	  0.7	0.000	0.000	0.000
620	  T	  2.8	  0.1	0.000	0.000	0.000
621	  R	  8.7	  0.0	0.000	0.000	0.000
622	  V	  9.1	  0.0	0.000	0.000	0.000
623	  N	  8.3	  0.2	0.000	0.000	0.000
624	  S	  1.9	  0.2	0.000	0.000	0.000
625	  T	  0.5	  0.5	0.000	0.000	0.000
626	  A	  0.4	  0.5	0.000	0.000	0.000
627	  N	  0.3	  0.5	0.641	0.000	0.000
628	  A	  0.1	  0.6	0.641	0.000	0.000
629	  E	  0.2	  0.2	0.641	0.000	0.000
630	  T	  0.6	  0.2	0.641	0.000	0.000
631	  Q	  0.8	  0.1	0.641	0.000	0.000
632	  A	  0.9	  0.1	0.641	0.000	0.000
633	  T	  0.8	  0.1	0.293	0.000	0.000
634	  S	  0.9	  0.1	0.293	0.000	0.000
635	  A	  1.2	  0.1	0.124	0.000	0.000
636	  F	  1.2	  0.1	0.124	0.000	0.000
637	  Q	  1.2	  0.1	0.000	0.000	0.000
638	  T	  4.8	  0.1	0.000	0.000	0.000
639	  Q	  4.3	  0.1	0.000	0.000	0.000
640	  K	  4.1	  0.0	0.000	0.000	0.000
641	  P	  0.1	  0.0	0.000	0.000	0.000
642	  L	  0.3	  0.1	0.000	0.000	0.000
643	  K	  1.0	  0.1	0.000	0.000	0.000
644	  S	  3.0	  0.3	0.000	0.000	0.000
645	  T	  3.1	  0.4	0.000	0.000	0.000
646	  S	  8.0	  0.6	0.356	0.292	0.292
647	  L	  7.7	  0.6	0.356	1.589	1.589
648	  S	  7.5	  0.4	1.072	1.589	1.589
649	  L	  2.7	  0.4	1.072	1.589	1.589
650	  F	  2.1	  0.1	1.072	1.589	1.589
651	  Y	  2.2	  0.1	1.072	1.457	1.457
652	  K	  1.8	  0.1	0.896	0.000	0.000
653	  K	  1.6	  0.1	0.716	0.000	0.000
654	  V	  3.6	  0.1	0.416	0.000	0.000
655	  Y	  5.3	  0.0	0.416	0.000	0.000
656	  R	  4.5	  0.0	0.274	0.000	0.000
657	  L	  2.3	  0.0	0.112	0.000	0.000
658	  A	  0.7	  0.0	0.241	0.000	0.000
659	  Y	  1.6	  0.0	0.241	0.000	0.000
660	  L	  3.0	  0.0	0.241	0.000	0.000
661	  R	  5.2	  0.0	0.241	0.000	0.000
662	  L	  4.4	  0.0	0.241	0.000	0.000
663	  N	  2.9	  0.1	0.241	0.000	0.000
664	  T	  1.6	  0.1	1.369	0.000	0.000
665	  L	  1.4	  0.1	1.369	0.000	0.000
666	  C	  3.1	  0.2	2.329	0.000	0.000
667	  E	  1.9	  0.1	2.329	0.000	0.000
668	  R	  2.2	  0.1	2.329	0.000	0.000
669	  L	  0.9	  0.1	2.329	0.000	0.000
670	  L	  0.9	  0.1	2.032	0.000	0.000
671	  S	  0.6	  0.1	1.693	0.000	0.000
672	  E	  0.1	  0.1	1.098	0.000	0.000
673	  H	  0.1	  0.4	0.436	0.000	0.000
674	  P	  0.0	  0.4	0.000	0.000	0.000
675	  E	  0.1	  0.4	0.000	0.000	0.000
676	  L	  0.5	  0.5	0.000	0.000	0.000
677	  E	  0.6	  0.1	0.000	0.000	0.000
678	  H	 10.3	  0.0	0.000	0.445	0.445
679	  I	 11.6	  0.0	0.000	75.937	75.937
680	  I	 12.5	  0.0	0.000	88.431	88.431
681	  W	  5.3	  0.0	0.000	88.480	88.480
682	  T	  4.5	  0.0	0.000	88.480	88.480
683	  L	  3.8	  0.0	0.000	88.480	88.480
684	  F	  3.0	  0.0	0.000	82.959	82.959
685	  Q	  2.5	  0.0	0.000	3.252	3.252
686	  H	  3.3	  0.1	0.000	0.083	0.083
687	  T	  4.4	  0.1	0.000	0.063	0.063
688	  L	  4.1	  0.2	0.000	0.063	0.063
689	  Q	  3.2	  0.2	0.000	0.000	0.000
690	  N	  0.4	  0.1	1.548	0.000	0.000
691	  E	  1.0	  0.1	1.548	0.000	0.000
692	  Y	  3.3	  0.1	1.548	0.000	0.000
693	  E	  3.2	  0.1	1.548	0.000	0.000
694	  L	  2.6	  0.1	1.548	0.000	0.000
695	  M	  0.4	  0.3	1.548	0.000	0.000
696	  R	  0.4	  0.2	1.359	0.000	0.000
697	  D	  0.2	  0.3	1.043	0.000	0.000
698	  R	  0.5	  0.3	0.706	0.000	0.000
699	  H	  1.2	  0.3	0.316	0.000	0.000
700	  L	  1.3	  0.3	0.124	0.000	0.000
701	  D	  1.1	  0.2	0.124	0.000	0.000
702	  Q	  1.4	  0.2	0.124	0.000	0.000
703	  I	  5.0	  0.0	0.000	0.216	0.216
704	  M	  6.4	  0.0	0.000	0.216	0.216
705	  M	  6.0	  0.0	0.000	0.216	0.216
706	  C	  3.8	  0.0	0.000	0.216	0.216
707	  S	  2.4	  0.1	0.000	0.216	0.216
708	  M	  2.0	  0.1	0.000	0.216	0.216
709	  Y	  0.9	  0.2	0.000	0.216	0.216
710	  G	  0.6	  0.2	0.205	0.216	0.216
711	  I	  0.6	  0.1	0.205	0.216	0.216
712	  C	  1.3	  0.1	0.205	0.000	0.000
713	  K	  5.4	  0.0	0.205	0.000	0.000
714	  V	  6.9	  0.1	0.205	0.000	0.000
715	  K	  6.2	  0.1	0.205	0.000	0.000
716	  N	  3.4	  0.3	0.127	0.000	0.000
717	  I	  4.4	  0.3	0.127	0.000	0.000
718	  D	  4.2	  0.2	0.542	0.000	0.000
719	  L	  3.7	  0.2	0.542	0.000	0.000
720	  K	  1.9	  0.0	0.542	0.000	0.000
721	  F	  3.4	  0.0	0.542	0.000	0.000
722	  K	  4.1	  0.0	0.415	0.000	0.000
723	  I	 10.4	  0.0	0.415	58.515	58.515
724	  I	 12.6	  0.0	0.415	63.667	63.667
725	  V	 14.0	  0.0	0.415	63.667	63.667
726	  T	  7.6	  0.0	0.415	63.667	63.667
727	  A	  3.8	  0.0	0.415	63.667	63.667
728	  Y	  1.5	  0.6	0.415	61.416	61.416
729	  K	  0.8	  0.6	0.000	0.000	0.000
730	  D	  0.6	  0.6	0.000	0.000	0.000
731	  L	  0.1	  0.8	0.000	0.000	0.000
732	  P	  0.0	  0.2	0.000	0.000	0.000
733	  H	  0.6	  0.2	0.000	0.000	0.000
734	  A	  1.0	  0.2	0.000	0.000	0.000
735	  V	  1.6	  0.0	0.000	0.000	0.000
736	  Q	  1.0	  0.1	0.000	0.000	0.000
737	  E	  0.8	  0.1	0.000	0.000	0.000
738	  T	 13.9	  0.1	0.159	0.000	0.000
739	  F	 14.7	  0.2	0.159	0.000	0.000
740	  K	 14.9	  0.1	0.159	0.000	0.000
741	  R	  3.1	  0.1	0.159	0.000	0.000
742	  V	  4.5	  0.1	0.159	0.844	0.844
743	  L	  4.4	  0.0	0.159	0.844	0.844
744	  I	  3.7	  0.0	0.159	0.844	0.844
745	  K	  1.3	  0.1	0.159	0.844	0.844
746	  E	  0.9	  0.1	0.000	0.844	0.844
747	  E	  0.2	  0.1	0.000	0.000	0.000
748	  E	  1.9	  0.1	0.000	0.000	0.000
749	  Y	  2.8	  0.2	0.000	0.001	0.001
750	  D	  2.9	  0.2	0.230	0.001	0.001
751	  S	  1.6	  0.2	0.230	10.847	10.847
752	  I	  8.1	  0.1	0.230	96.003	96.003
753	  I	 12.6	  0.0	0.230	98.945	98.945
754	  V	 13.9	  0.0	0.230	99.204	99.204
755	  F	  8.5	  0.0	0.230	99.226	99.226
756	  Y	  4.8	  0.1	0.000	98.847	98.847
757	  N	  3.2	  0.1	0.311	86.862	86.862
758	  S	  2.3	  0.1	0.311	86.291	86.291
759	  V	  5.0	  0.0	0.311	86.219	86.219
760	  F	  5.6	  0.0	0.477	85.370	85.370
761	  M	  4.8	  0.0	0.477	74.962	74.962
762	  Q	  1.4	  0.1	0.477	2.826	2.826
763	  R	  0.7	  0.1	0.362	0.001	0.001
764	  L	  0.8	  0.1	0.362	0.001	0.001
765	  K	  0.7	  0.1	0.362	0.000	0.000
766	  T	  0.7	  0.1	0.000	0.000	0.000
767	  N	  0.7	  0.1	0.000	0.000	0.000
768	  I	  2.1	  0.0	0.000	0.436	0.436
769	  L	  3.4	  0.0	0.000	0.436	0.436
770	  Q	  3.7	  0.0	0.000	0.436	0.436
771	  Y	  3.0	  0.1	0.000	0.436	0.436
772	  A	  1.4	  0.2	0.000	0.436	0.436
773	  S	  2.4	  0.2	0.000	0.000	0.000
774	  T	  1.6	  0.2	0.000	0.000	0.000
775	  R	  1.4	  0.1	0.000	0.000	0.000
776	  P	  0.0	  0.3	0.000	0.000	0.000
777	  P	  0.0	  0.3	0.000	0.000	0.000
778	  T	 10.1	  0.3	0.000	0.000	0.000
779	  L	 10.2	  0.3	0.000	0.000	0.000
780	  S	 10.2	  0.0	0.000	0.000	0.000
781	  P	  0.1	  0.0	0.000	0.000	0.000
782	  I	  0.0	  0.0	0.000	0.000	0.000
783	  P	  0.0	  0.0	0.000	0.000	0.000
784	  H	  0.8	  0.0	0.000	0.000	0.000
785	  I	  0.8	  0.0	0.000	0.000	0.000
786	  P	  0.8	  0.0	0.000	0.000	0.000
787	  R	  0.1	  0.0	0.000	0.000	0.000
788	  S	  0.1	  0.3	0.000	0.000	0.000
789	  P	  0.1	  0.3	0.000	0.000	0.000
790	  Y	  2.4	  0.3	0.000	0.000	0.000
791	  K	  2.4	  0.3	0.000	0.000	0.000
792	  F	  2.5	  0.4	0.000	0.000	0.000
793	  P	  0.1	  0.4	0.000	0.000	0.000
794	  S	  0.0	  0.4	0.000	0.000	0.000
795	  S	  0.0	  0.6	0.000	0.000	0.000
796	  P	  0.0	  0.2	0.000	0.000	0.000
797	  L	  7.3	  0.2	0.000	0.000	0.000
798	  R	  7.8	  0.2	0.000	0.000	0.000
799	  I	  7.8	  0.5	0.000	0.000	0.000
800	  P	  0.5	  0.6	0.000	0.000	0.000
801	  G	  0.0	  0.9	0.000	0.000	0.000
802	  G	  0.0	  0.9	0.000	0.000	0.000
803	  N	  2.3	  0.4	0.000	0.000	0.000
804	  I	  3.3	  0.3	0.000	0.000	0.000
805	  Y	  5.1	  0.0	0.000	0.000	0.000
806	  I	  3.1	  0.0	0.000	0.000	0.000
807	  S	  2.1	  0.2	0.000	0.000	0.000
808	  P	  0.3	  0.2	0.000	0.000	0.000
809	  L	  0.7	  0.2	0.000	0.000	0.000
810	  K	  0.7	  0.2	0.000	0.000	0.000
811	  S	  0.7	  0.3	0.000	0.000	0.000
812	  P	  0.1	  0.3	0.000	0.000	0.000
813	  Y	  2.1	  0.3	0.000	0.000	0.000
814	  K	  2.9	  0.3	0.000	0.000	0.000
815	  I	  3.1	  0.1	0.000	0.000	0.000
816	  S	  1.0	  0.4	0.000	0.000	0.000
817	  E	  0.2	  0.4	0.000	0.000	0.000
818	  G	  0.0	  0.4	0.000	0.000	0.000
819	  L	  0.0	  0.3	0.000	0.000	0.000
820	  P	  0.0	  0.0	0.000	0.000	0.000
821	  T	  0.0	  0.3	0.000	0.000	0.000
822	  P	  0.0	  0.3	0.000	0.000	0.000
823	  T	  1.0	  0.3	0.000	0.000	0.000
824	  K	  4.8	  0.3	0.000	0.000	0.000
825	  M	  5.0	  0.0	0.000	0.000	0.000
826	  T	  4.0	  0.2	0.000	0.000	0.000
827	  P	  0.2	  0.3	0.000	0.000	0.000
828	  R	  0.3	  0.3	0.000	0.000	0.000
829	  S	  0.6	  0.3	0.114	0.000	0.000
830	  R	  3.6	  0.1	0.114	0.000	0.000
831	  I	  6.6	  0.0	0.114	64.214	64.214
832	  L	  7.0	  0.0	0.114	64.699	64.699
833	  V	  7.6	  0.0	0.114	64.699	64.699
834	  S	  4.4	  0.2	0.114	64.699	64.699
835	  I	  3.7	  0.5	0.000	64.699	64.699
836	  G	  0.2	  0.7	0.000	5.784	5.784
837	  E	  0.2	  0.7	0.000	0.000	0.000
838	  S	  1.0	  0.7	0.000	0.000	0.000
839	  F	  1.0	  0.9	0.000	0.000	0.000
840	  G	  0.9	  0.8	0.000	0.000	0.000
841	  T	  0.2	  0.8	0.000	0.000	0.000
842	  S	  0.2	  0.8	0.762	0.000	0.000
843	  E	  0.4	  0.2	0.762	0.000	0.000
844	  K	  1.2	  0.2	0.762	0.000	0.000
845	  F	  3.1	  0.2	0.762	0.000	0.000
846	  Q	  3.1	  0.1	0.762	0.000	0.000
847	  K	  3.7	  0.1	0.762	0.000	0.000
848	  I	  3.4	  0.1	0.628	0.000	0.000
849	  N	  3.2	  0.0	0.628	0.000	0.000
850	  Q	  2.6	  0.0	0.435	0.000	0.000
851	  M	  2.5	  0.0	0.220	0.000	0.000
852	  V	  3.3	  0.0	0.000	0.000	0.000
853	  C	  2.9	  0.1	0.000	0.000	0.000
854	  N	  1.4	  2.5	0.163	0.000	0.000
855	  S	  0.6	  2.5	0.586	0.000	0.000
856	  D	  0.1	  2.5	0.946	0.000	0.000
857	  R	  1.7	  2.4	0.946	0.000	0.000
858	  V	  2.9	  0.0	0.946	0.000	0.000
859	  L	  3.0	  0.0	0.946	0.000	0.000
860	  K	  1.5	  0.1	0.946	0.000	0.000
861	  R	  0.5	  0.1	0.778	0.000	0.000
862	  S	  0.8	  0.5	0.000	0.000	0.000
863	  A	  0.6	  1.1	0.000	0.000	0.000
864	  E	  0.4	  2.2	0.000	0.000	0.000
865	  G	  0.0	  2.2	0.000	0.000	0.000
866	  S	  0.0	  1.8	0.000	0.000	0.000
867	  N	  0.0	  1.2	0.000	0.000	0.000
868	  P	  0.0	  0.0	0.000	0.000	0.000
869	  P	  0.0	  0.0	0.000	0.000	0.000
870	  K	  0.0	  0.0	0.000	0.000	0.000
871	  P	  0.0	  0.0	0.000	0.000	0.000
872	  L	  0.1	  0.0	0.000	0.000	0.000
873	  K	  0.2	  0.1	0.000	0.000	0.000
874	  K	  0.9	  0.1	0.000	0.000	0.000
875	  L	  2.1	  0.1	0.000	0.000	0.000
876	  R	  5.8	  0.0	0.000	0.000	0.000
877	  F	  8.4	  0.0	0.000	0.000	0.000
878	  D	  8.7	  0.0	0.000	0.000	0.000
879	  I	  5.4	  0.3	0.000	0.000	0.000
880	  E	  2.0	  1.0	0.000	0.000	0.000
881	  G	  0.3	  1.3	0.000	0.000	0.000
882	  S	  0.0	  1.4	0.000	0.000	0.000
883	  D	  0.0	  1.3	0.204	0.000	0.000
884	  E	  0.1	  1.2	0.204	0.000	0.000
885	  A	  0.1	  1.2	0.204	0.000	0.000
886	  D	  0.1	  1.4	0.204	0.000	0.000
887	  G	  0.0	  1.4	0.204	0.000	0.000
888	  S	  0.2	  0.8	0.204	0.000	0.000
889	  K	  0.4	  0.5	0.000	0.000	0.000
890	  H	  0.5	  0.2	0.000	0.000	0.000
891	  L	  0.3	  1.4	0.000	0.000	0.000
892	  P	  0.1	  1.4	0.000	0.000	0.000
893	  G	  0.0	  1.6	0.000	0.000	0.000
894	  E	  0.5	  1.6	0.000	0.000	0.000
895	  S	  0.7	  0.4	0.000	0.000	0.000
896	  K	  1.7	  0.2	0.123	0.000	0.000
897	  F	  3.2	  0.1	0.123	0.000	0.000
898	  Q	  3.2	  0.1	0.123	0.000	0.000
899	  Q	  2.6	  0.1	0.123	0.000	0.000
900	  K	  1.0	  0.1	0.123	0.000	0.000
901	  L	  0.7	  0.1	0.123	0.000	0.000
902	  A	  0.4	  0.0	0.123	0.000	0.000
903	  E	  0.8	  0.0	0.123	0.000	0.000
904	  M	  1.5	  0.0	0.123	0.000	0.000
905	  T	  2.3	  0.1	0.000	0.000	0.000
906	  S	  2.2	  0.1	1.648	0.000	0.000
907	  T	  2.2	  0.2	1.648	0.000	0.000
908	  R	  1.6	  0.2	1.648	0.000	0.000
909	  T	  1.4	  0.1	1.648	0.000	0.000
910	  R	  1.2	  0.1	1.648	0.000	0.000
911	  M	  1.2	  0.0	1.648	0.000	0.000
912	  Q	  1.0	  0.1	0.931	0.000	0.000
913	  K	  0.8	  0.1	0.541	0.000	0.000
914	  Q	  0.9	  0.1	0.338	0.000	0.000
915	  K	  1.5	  0.2	0.000	0.000	0.000
916	  M	  1.4	  0.2	0.000	0.000	0.000
917	  N	  1.1	  0.5	0.000	0.000	0.000
918	  D	  0.2	  0.5	0.000	0.000	0.000
919	  S	  2.8	  1.1	0.207	0.000	0.000
920	  M	  3.1	  1.1	0.207	0.000	0.000
921	  D	  3.2	  1.3	0.207	0.000	0.000
922	  T	  0.5	  1.6	0.207	0.000	0.000
923	  S	  0.2	  0.9	0.207	0.000	0.000
924	  N	  0.2	  0.9	0.207	0.000	0.000
925	  K	  0.3	  0.5	0.000	0.000	0.000
926	  E	  0.4	  0.2	0.000	0.000	0.000
927	  E	  0.3	  0.2	0.000	0.000	0.000
928	  K	  0.2	  0.1	0.000	0.000	0.000
