res	aa	Beta	Turn	Helix	Aggregation	Conc-Stab_Aggregation
01	  M	  0.8	  0.0	0.000	0.000	0.000
02	  S	  0.9	  0.0	0.185	0.000	0.000
03	  A	  1.0	  0.0	0.185	0.000	0.000
04	  A	  0.7	  0.0	0.185	0.000	0.000
05	  V	  3.7	  0.0	0.185	0.000	0.000
06	  T	  3.7	  0.6	0.968	0.000	0.000
07	  A	  3.2	  0.7	0.968	0.000	0.000
08	  G	  0.1	  0.8	1.130	0.000	0.000
09	  K	  0.4	  0.8	0.944	0.000	0.000
10	  L	  0.4	  0.2	0.944	0.000	0.000
11	  A	  0.5	  0.1	0.944	0.000	0.000
12	  R	  0.2	  0.0	0.944	0.000	0.000
13	  A	  0.2	  0.0	0.361	0.000	0.000
14	  P	  0.0	  0.0	0.000	0.000	0.000
15	  A	  0.0	  0.0	0.000	0.000	0.000
16	  D	  0.0	  6.6	0.139	0.000	0.000
17	  P	  0.0	  6.6	0.139	0.000	0.000
18	  G	  0.1	  6.7	0.139	0.000	0.000
19	  K	  0.1	  6.9	0.139	0.000	0.000
20	  A	  0.2	  0.4	0.139	0.000	0.000
21	  G	  0.1	  0.3	0.139	0.000	0.000
22	  V	  0.1	  0.8	0.139	0.000	0.000
23	  P	  0.0	  0.5	0.000	0.000	0.000
24	  G	  0.2	  0.5	0.000	0.000	0.000
25	  V	  3.3	  0.5	0.000	0.000	0.000
26	  A	  3.3	  0.0	0.000	0.000	0.000
27	  A	  3.1	  1.4	0.000	0.000	0.000
28	  P	  0.0	  1.4	0.000	0.000	0.000
29	  G	  0.0	  1.4	0.000	0.000	0.000
30	  A	  0.0	  1.4	0.000	0.000	0.000
31	  P	  0.0	  0.0	0.000	0.000	0.000
32	  A	  0.1	  0.0	0.000	0.000	0.000
33	  A	  0.1	  0.0	0.000	0.000	0.000
34	  A	  0.1	  0.0	0.000	0.000	0.000
35	  P	  0.0	  0.0	0.000	0.000	0.000
36	  P	  0.0	  0.0	0.000	0.000	0.000
37	  A	  0.0	  0.0	0.000	0.000	0.000
38	  K	  0.8	  0.0	0.000	0.000	0.000
39	  E	  0.9	  0.0	0.000	0.000	0.000
40	  I	  0.8	  0.0	0.000	0.000	0.000
41	  P	  0.1	  0.0	0.000	0.000	0.000
42	  E	  0.5	  0.0	0.000	0.000	0.000
43	  V	  7.1	  0.0	0.000	0.000	0.000
44	  L	  8.1	  0.0	0.000	0.000	0.000
45	  V	  7.9	  0.0	0.000	0.000	0.000
46	  D	  1.4	  0.5	2.334	0.000	0.000
47	  P	  0.2	  0.6	2.334	0.000	0.000
48	  R	  0.3	  0.6	2.334	0.000	0.000
49	  S	  0.8	  0.7	2.334	0.000	0.000
50	  R	  1.2	  0.2	2.334	0.000	0.000
51	  R	  1.8	  0.1	2.334	0.000	0.000
52	  R	  2.1	  0.1	1.135	0.000	0.000
53	  Y	  3.4	  0.0	0.558	0.000	0.000
54	  V	  3.3	  0.2	0.000	0.000	0.000
55	  R	  2.5	  0.2	0.000	0.000	0.000
56	  G	  0.9	  0.2	0.000	0.000	0.000
57	  R	  0.7	  0.2	0.000	0.000	0.000
58	  F	  1.0	  0.2	0.000	0.000	0.000
59	  L	  1.0	  0.4	0.000	0.000	0.000
60	  G	  0.4	  0.8	0.000	0.000	0.000
61	  K	  0.0	  1.0	0.000	0.000	0.000
62	  G	  0.0	  0.9	0.000	0.000	0.000
63	  G	  0.2	  0.6	0.000	0.000	0.000
64	  F	  0.7	  0.2	0.000	0.000	0.000
65	  A	  0.8	  0.0	0.000	0.000	0.000
66	  K	  1.3	  0.0	0.000	0.000	0.000
67	  C	  4.7	  0.0	0.000	0.000	0.000
68	  F	  9.8	  0.0	0.000	0.000	0.000
69	  E	 10.4	  0.0	0.000	0.000	0.000
70	  I	  6.6	  0.1	0.000	0.000	0.000
71	  S	  1.5	  0.2	0.000	0.000	0.000
72	  D	  0.0	  3.2	0.800	0.000	0.000
73	  A	  0.0	  3.2	0.800	0.000	0.000
74	  D	  0.3	  3.1	1.697	0.000	0.000
75	  T	  0.9	  3.2	2.152	0.000	0.000
76	  K	  1.4	  0.1	2.152	0.000	0.000
77	  E	  3.0	  0.1	2.152	0.000	0.000
78	  V	  4.3	  0.1	1.808	0.000	0.000
79	  F	  4.2	  0.6	1.808	0.000	0.000
80	  A	  2.4	  0.6	1.166	0.000	0.000
81	  G	  0.5	  0.6	1.166	0.000	0.000
82	  K	  2.6	  0.6	0.303	0.000	0.000
83	  I	  3.2	  0.0	0.000	0.000	0.000
84	  V	  3.1	  0.0	0.000	0.000	0.000
85	  P	  0.6	  0.1	0.194	0.000	0.000
86	  K	  0.2	  0.2	0.194	0.000	0.000
87	  S	  0.4	  0.2	0.194	0.000	0.000
88	  L	  1.4	  0.2	0.194	0.000	0.000
89	  L	  1.7	  0.0	0.194	0.000	0.000
90	  L	  1.6	  0.0	0.194	0.000	0.000
91	  K	  0.6	  0.2	0.194	0.000	0.000
92	  P	  0.1	  0.2	0.000	0.000	0.000
93	  H	  0.4	  0.3	0.000	0.000	0.000
94	  Q	  0.7	  0.3	0.000	0.000	0.000
95	  R	  0.7	  0.2	0.000	0.000	0.000
96	  E	  0.3	  0.2	0.000	0.000	0.000
97	  K	  0.6	  0.1	0.000	0.000	0.000
98	  M	  2.9	  0.1	0.000	0.000	0.000
99	  S	  4.0	  0.0	0.000	0.000	0.000
100	  M	  5.1	  0.0	0.000	0.000	0.000
101	  E	  4.2	  0.0	0.000	0.000	0.000
102	  I	  5.6	  0.0	0.000	0.000	0.000
103	  S	  4.7	  0.0	0.000	0.000	0.000
104	  I	  4.8	  0.0	0.000	0.000	0.000
105	  H	  2.7	  0.2	0.000	0.000	0.000
106	  R	  2.5	  0.2	0.000	0.000	0.000
107	  S	  1.2	  0.2	0.000	0.000	0.000
108	  L	  0.8	  0.2	0.000	0.000	0.000
109	  A	  0.4	  0.1	0.000	0.000	0.000
110	  H	  0.8	  0.1	0.000	0.000	0.000
111	  Q	  1.2	  0.1	0.000	0.000	0.000
112	  H	  3.4	  0.1	0.000	0.000	0.000
113	  V	  4.0	  0.2	0.000	0.162	0.162
114	  V	  3.6	  0.1	0.000	0.162	0.162
115	  G	  1.3	  0.1	0.000	0.162	0.162
116	  F	  1.2	  0.3	0.000	0.162	0.162
117	  H	  1.1	  0.2	0.000	0.162	0.162
118	  G	  1.1	  0.2	0.000	0.162	0.162
119	  F	  2.6	  0.2	0.000	0.162	0.162
120	  F	  3.3	  0.4	0.000	0.162	0.162
121	  E	  3.3	  0.5	0.000	0.000	0.000
122	  D	  0.8	  0.9	0.000	0.000	0.000
123	  N	  0.1	  0.9	0.228	0.000	0.000
124	  D	  0.4	  0.5	0.951	0.000	0.000
125	  F	  2.0	  0.4	1.056	92.865	92.865
126	  V	  7.3	  0.0	1.187	99.273	99.273
127	  F	  8.9	  0.0	1.415	99.273	99.273
128	  V	 14.4	  0.0	2.374	99.273	99.273
129	  V	 10.3	  0.0	2.753	99.273	99.273
130	  L	  8.8	  0.0	3.542	84.977	84.977
131	  E	  2.0	  0.0	4.298	0.549	0.549
132	  L	  0.8	  0.0	4.298	0.549	0.549
133	  C	  1.3	  0.1	5.077	0.549	0.549
134	  R	  1.5	  0.1	4.973	0.549	0.549
135	  R	  1.7	  0.2	4.690	0.000	0.000
136	  R	  1.1	  0.2	3.539	0.000	0.000
137	  S	  0.9	  0.1	8.527	0.000	0.000
138	  L	  0.7	  0.1	8.261	0.000	0.000
139	  L	  0.9	  0.1	8.744	0.000	0.000
140	  E	  1.9	  0.0	8.916	0.000	0.000
141	  L	  2.0	  0.0	8.916	0.000	0.000
142	  H	  1.8	  0.1	8.803	0.000	0.000
143	  K	  0.9	  0.1	6.671	0.000	0.000
144	  R	  0.9	  0.2	4.408	0.000	0.000
145	  R	  0.6	  0.2	2.511	0.000	0.000
146	  K	  0.4	  0.1	0.870	0.000	0.000
147	  A	  0.4	  0.1	0.230	0.000	0.000
148	  L	  0.4	  0.0	0.113	0.000	0.000
149	  T	  0.3	  0.0	1.493	0.000	0.000
150	  E	  0.2	  0.1	1.915	0.000	0.000
151	  P	  0.0	  0.2	1.915	0.000	0.000
152	  E	  0.1	  0.2	2.176	0.000	0.000
153	  A	  0.3	  0.2	2.176	0.000	0.000
154	  R	  1.6	  0.0	2.285	0.000	0.000
155	  Y	  2.5	  0.0	2.285	0.000	0.000
156	  Y	  3.3	  0.0	1.991	0.000	0.000
157	  L	  2.3	  0.0	1.542	0.000	0.000
158	  R	  2.3	  0.0	1.542	0.000	0.000
159	  Q	  2.8	  0.0	1.542	0.000	0.000
160	  I	 10.9	  0.0	1.542	0.288	0.288
161	  V	 10.4	  0.0	1.542	0.288	0.288
162	  L	  9.0	  0.2	1.542	0.288	0.288
163	  G	  0.7	  0.2	2.038	0.288	0.288
164	  C	  1.2	  0.2	0.974	0.288	0.288
165	  Q	  2.1	  0.2	0.741	0.000	0.000
166	  Y	  2.8	  0.0	0.741	0.000	0.000
167	  L	  1.9	  0.0	0.741	0.000	0.000
168	  H	  1.0	  0.4	0.741	0.000	0.000
169	  R	  0.4	  0.4	0.741	0.000	0.000
170	  N	  0.3	  0.4	0.550	0.000	0.000
171	  R	  3.1	  0.4	0.121	0.000	0.000
172	  V	  7.1	  0.0	0.000	0.000	0.000
173	  I	  8.4	  0.0	0.000	0.000	0.000
174	  H	  5.6	  0.4	0.000	0.000	0.000
175	  R	  1.7	  0.4	0.000	0.000	0.000
176	  D	  0.4	  0.4	0.160	0.000	0.000
177	  L	  1.6	  0.5	0.160	0.000	0.000
178	  K	  1.7	  0.1	0.160	0.000	0.000
179	  L	  1.6	  0.9	0.160	1.175	1.175
180	  G	  0.1	  1.0	0.160	1.391	1.391
181	  N	  0.6	  0.9	0.160	1.391	1.391
182	  L	  1.3	  0.9	0.000	1.391	1.391
183	  F	  2.5	  0.1	0.000	1.391	1.391
184	  L	  1.9	  0.1	0.000	1.391	1.391
185	  N	  1.2	  1.2	0.140	0.000	0.000
186	  E	  0.0	  1.2	0.140	0.000	0.000
187	  D	  0.2	  1.1	0.879	0.000	0.000
188	  L	  1.8	  1.1	0.879	0.000	0.000
189	  E	 15.0	  0.0	0.879	0.000	0.000
190	  V	 20.9	  0.0	0.879	0.000	0.000
191	  K	 19.7	  0.0	0.879	0.000	0.000
192	  I	  7.1	  4.1	0.739	0.000	0.000
193	  G	  0.2	  4.1	0.739	0.000	0.000
194	  D	  0.0	  4.1	0.198	0.000	0.000
195	  F	  0.2	  4.2	0.000	0.494	0.494
196	  G	  0.3	  0.1	0.584	0.494	0.494
197	  L	  0.3	  0.1	0.584	0.494	0.494
198	  A	  0.4	  0.1	0.584	0.494	0.494
199	  T	  2.1	  0.0	0.584	0.494	0.494
200	  K	  9.0	  0.0	0.584	0.000	0.000
201	  V	 12.2	  0.0	0.584	0.000	0.000
202	  E	 12.3	  0.1	0.584	0.000	0.000
203	  Y	  5.7	  0.7	0.542	0.000	0.000
204	  D	  2.3	  0.8	0.944	0.000	0.000
205	  G	  0.3	  0.9	2.288	0.000	0.000
206	  E	  0.8	  0.8	2.288	0.000	0.000
207	  R	  0.9	  0.2	2.288	0.000	0.000
208	  K	  1.1	  0.2	2.288	0.000	0.000
209	  K	  0.5	  0.1	2.288	0.000	0.000
210	  T	  1.7	  0.1	1.506	0.000	0.000
211	  L	  1.7	  0.1	1.506	0.000	0.000
212	  C	  1.5	  0.0	1.069	0.000	0.000
213	  G	  0.2	  0.0	0.222	0.000	0.000
214	  T	  0.1	  1.0	0.000	0.000	0.000
215	  P	  0.0	  1.0	0.000	0.000	0.000
216	  N	  0.9	  1.0	0.000	0.000	0.000
217	  Y	  4.7	  1.0	0.000	0.000	0.000
218	  I	  5.0	  0.0	0.000	0.000	0.000
219	  A	  4.2	  0.2	0.220	0.000	0.000
220	  P	  0.3	  0.2	0.220	0.000	0.000
221	  E	  0.5	  0.2	0.220	0.000	0.000
222	  V	  3.6	  0.2	0.220	0.000	0.000
223	  L	  3.8	  0.0	0.220	0.000	0.000
224	  S	  3.5	  0.3	0.220	0.000	0.000
225	  K	  0.4	  0.8	0.220	0.000	0.000
226	  K	  0.2	  0.8	0.000	0.000	0.000
227	  G	  0.0	  0.8	0.000	0.000	0.000
228	  H	  0.3	  0.6	0.000	0.000	0.000
229	  S	  6.3	  0.1	0.000	0.000	0.000
230	  F	 13.7	  0.0	0.000	0.000	0.000
231	  E	 17.6	  0.0	0.000	0.000	0.000
232	  V	 19.2	  0.0	0.000	0.000	0.000
233	  D	 13.4	  0.0	0.341	0.000	0.000
234	  V	 11.7	  0.0	0.341	86.938	86.938
235	  W	  6.2	  0.0	0.341	94.322	94.322
236	  S	  4.5	  0.3	0.994	94.388	94.388
237	  I	  2.0	  0.5	0.994	94.924	94.924
238	  G	  0.4	  0.5	1.181	94.973	94.973
239	  C	  3.1	  0.5	1.452	95.511	95.511
240	  I	  4.6	  0.2	1.638	98.559	98.559
241	  M	  5.0	  0.0	1.827	98.818	98.818
242	  Y	  6.7	  0.0	1.827	98.977	98.977
243	  T	  5.7	  0.0	1.514	98.921	98.921
244	  L	  6.2	  0.0	1.514	98.883	98.883
245	  L	  1.8	  0.2	1.514	98.589	98.589
246	  V	  1.2	  0.2	1.514	96.946	96.946
247	  G	  0.3	  0.2	1.514	8.009	8.009
248	  K	  0.1	  0.2	0.000	0.000	0.000
249	  P	  0.0	  0.0	0.000	0.000	0.000
250	  P	  0.0	  0.0	0.000	0.000	0.000
251	  F	  0.5	  0.1	0.000	0.000	0.000
252	  E	  0.5	  0.1	0.000	0.000	0.000
253	  T	  2.7	  0.2	0.590	0.000	0.000
254	  S	  3.5	  0.2	0.590	0.000	0.000
255	  C	  5.6	  0.1	1.008	0.000	0.000
256	  L	  3.5	  0.1	1.008	0.000	0.000
257	  K	  2.5	  0.1	1.331	0.000	0.000
258	  E	  0.5	  0.1	1.331	0.000	0.000
259	  T	  3.6	  0.1	2.072	0.000	0.000
260	  Y	  4.4	  0.1	2.072	0.000	0.000
261	  L	  8.3	  0.0	2.072	0.000	0.000
262	  R	  7.7	  0.0	2.072	0.000	0.000
263	  I	  7.0	  0.0	2.072	0.000	0.000
264	  K	  3.0	  0.2	2.072	0.000	0.000
265	  K	  0.5	  0.2	0.814	0.000	0.000
266	  N	  0.2	  0.2	0.171	0.000	0.000
267	  E	  1.6	  0.2	0.000	0.000	0.000
268	  Y	  7.5	  0.0	0.000	0.000	0.000
269	  S	  7.5	  0.0	0.000	0.000	0.000
270	  I	  6.1	  0.0	0.000	0.000	0.000
271	  P	  0.1	  0.1	0.000	0.000	0.000
272	  K	  0.6	  0.1	0.000	0.000	0.000
273	  H	 10.9	  0.1	0.000	0.000	0.000
274	  I	 11.2	  0.1	0.000	0.000	0.000
275	  N	 10.6	  0.0	1.552	0.000	0.000
276	  P	  0.3	  0.0	1.552	0.000	0.000
277	  V	  1.2	  0.0	1.552	1.763	1.763
278	  A	  1.3	  0.2	1.552	1.763	1.763
279	  A	  1.7	  0.2	1.552	1.763	1.763
280	  S	  0.9	  0.2	1.867	1.763	1.763
281	  L	  0.9	  0.2	1.366	1.763	1.763
282	  I	  0.7	  0.0	1.184	1.410	1.410
283	  Q	  0.7	  0.0	1.184	0.000	0.000
284	  K	  0.9	  0.0	0.788	0.000	0.000
285	  M	  0.9	  0.0	0.558	0.000	0.000
286	  L	  0.6	  0.1	0.295	0.000	0.000
287	  Q	  0.4	  0.1	0.295	0.000	0.000
288	  T	  0.2	  0.1	0.000	0.000	0.000
289	  D	  0.1	  0.9	0.000	0.000	0.000
290	  P	  0.0	  0.9	0.000	0.000	0.000
291	  T	  1.7	  0.9	0.000	0.000	0.000
292	  A	  1.7	  0.9	0.000	0.000	0.000
293	  R	  1.7	  0.2	0.000	0.000	0.000
294	  P	  0.0	  0.2	0.000	0.000	0.000
295	  T	  5.6	  0.2	0.000	0.000	0.000
296	  I	  5.8	  0.2	0.000	0.000	0.000
297	  N	  5.8	  0.1	0.000	0.000	0.000
298	  E	  0.3	  0.1	0.000	0.000	0.000
299	  L	  0.5	  0.1	0.000	0.000	0.000
300	  L	  0.6	  0.1	0.000	0.000	0.000
301	  N	  0.6	  0.1	0.000	0.000	0.000
302	  D	  0.2	  0.1	0.000	0.000	0.000
303	  E	  0.6	  0.1	0.000	0.000	0.000
304	  F	  1.8	  0.0	0.000	0.000	0.000
305	  F	  4.9	  0.1	0.000	0.000	0.000
306	  T	  4.5	  0.3	0.000	0.000	0.000
307	  S	  3.3	  0.3	0.000	0.000	0.000
308	  G	  0.2	  0.3	0.000	0.000	0.000
309	  Y	  0.2	  0.2	0.000	0.000	0.000
310	  I	  0.2	  0.0	0.000	0.000	0.000
311	  P	  0.2	  0.0	0.000	0.000	0.000
312	  A	  0.5	  0.0	0.000	0.000	0.000
313	  R	  0.5	  0.0	0.000	0.000	0.000
314	  L	  0.5	  0.0	0.000	0.000	0.000
315	  P	  0.1	  0.0	0.000	0.000	0.000
316	  I	  9.9	  0.0	0.000	0.265	0.265
317	  T	 11.8	  0.0	0.000	0.265	0.265
318	  C	 12.1	  0.0	0.000	0.265	0.265
319	  L	  8.5	  0.0	0.000	0.265	0.265
320	  T	  6.4	  0.0	0.000	0.265	0.265
321	  I	  6.0	  0.0	0.000	0.000	0.000
322	  P	  0.0	  0.2	0.000	0.000	0.000
323	  P	  0.0	  0.2	0.000	0.000	0.000
324	  R	  1.1	  0.2	0.000	0.000	0.000
325	  F	  4.7	  0.2	0.000	0.000	0.000
326	  S	  5.4	  0.0	0.000	0.000	0.000
327	  I	  4.7	  0.0	0.000	0.000	0.000
328	  A	  1.2	  0.4	0.000	0.000	0.000
329	  P	  0.3	  0.5	0.000	0.000	0.000
330	  S	  0.1	  0.6	0.000	0.000	0.000
331	  S	  4.5	  0.6	0.000	0.000	0.000
332	  L	  4.5	  0.2	0.000	0.000	0.000
333	  D	  4.5	  6.1	0.628	0.000	0.000
334	  P	  0.1	  6.3	0.628	0.000	0.000
335	  S	  0.0	  6.3	0.628	0.000	0.000
336	  N	  0.1	  6.3	0.628	0.000	0.000
337	  R	  0.1	  0.3	0.628	0.000	0.000
338	  K	  0.1	  0.0	0.628	0.000	0.000
339	  P	  0.0	  0.0	0.000	0.000	0.000
340	  L	  3.6	  0.0	0.000	0.000	0.000
341	  T	  7.4	  0.0	0.198	0.000	0.000
342	  V	 10.7	  0.0	0.198	0.000	0.000
343	  L	  7.3	  0.0	0.198	0.000	0.000
344	  N	  3.5	  0.2	0.198	0.000	0.000
345	  K	  0.1	  0.2	0.198	0.000	0.000
346	  G	  0.0	  0.2	0.198	0.000	0.000
347	  L	  0.2	  0.2	0.000	0.000	0.000
348	  E	  0.2	  0.0	0.000	0.000	0.000
349	  N	  0.2	  0.0	0.000	0.000	0.000
350	  P	  0.0	  0.0	0.000	0.000	0.000
351	  L	  0.0	  0.2	0.000	0.000	0.000
352	  P	  0.0	  0.2	0.000	0.000	0.000
353	  E	  0.0	  0.2	0.000	0.000	0.000
354	  R	  0.0	  0.3	0.000	0.000	0.000
355	  P	  0.0	  0.2	0.000	0.000	0.000
356	  R	  0.0	  0.3	0.000	0.000	0.000
357	  E	  0.1	  0.3	0.000	0.000	0.000
358	  K	  0.6	  0.1	0.000	0.000	0.000
359	  E	  0.6	  0.1	0.000	0.000	0.000
360	  E	  0.5	  0.0	0.000	0.000	0.000
361	  P	  0.0	  0.0	0.000	0.000	0.000
362	  V	  3.0	  0.0	0.000	0.000	0.000
363	  V	  3.4	  0.0	0.000	0.000	0.000
364	  R	  3.5	  0.3	0.000	0.000	0.000
365	  E	  0.5	  0.3	0.000	0.000	0.000
366	  T	  0.1	  0.4	0.000	0.000	0.000
367	  G	  0.1	  0.3	0.000	0.000	0.000
368	  E	  0.6	  0.1	0.000	0.000	0.000
369	  V	  4.6	  0.0	0.000	0.000	0.000
370	  V	  7.1	  0.0	0.000	0.000	0.000
371	  D	  6.7	  0.0	0.000	0.000	0.000
372	  C	  4.2	  0.0	0.000	0.000	0.000
373	  H	  2.3	  0.2	0.356	0.000	0.000
374	  L	  2.1	  0.4	0.356	0.000	0.000
375	  S	  0.8	  0.4	0.843	0.000	0.000
376	  D	  0.1	  0.3	0.961	0.000	0.000
377	  M	  0.2	  0.2	0.961	0.000	0.000
378	  L	  0.4	  0.0	0.961	0.000	0.000
379	  Q	  0.7	  0.1	0.961	0.000	0.000
380	  Q	  1.1	  0.1	0.961	0.000	0.000
381	  L	  1.1	  0.1	0.442	0.000	0.000
382	  H	  1.0	  0.0	0.442	0.000	0.000
383	  S	  5.7	  0.3	0.123	0.000	0.000
384	  V	  6.4	  0.3	0.123	0.000	0.000
385	  N	  6.2	  1.8	0.123	0.000	0.000
386	  A	  1.4	  1.8	0.123	0.000	0.000
387	  S	  0.6	  1.5	0.123	0.000	0.000
388	  K	  0.5	  1.8	0.123	0.000	0.000
389	  P	  0.1	  0.4	0.000	0.000	0.000
390	  S	  0.1	  0.7	0.000	0.000	0.000
391	  E	  0.1	  0.7	0.000	0.000	0.000
392	  R	  0.2	  0.4	0.000	0.000	0.000
393	  G	  0.1	  0.4	0.000	0.000	0.000
394	  L	  0.3	  0.1	0.000	0.000	0.000
395	  V	  2.8	  0.0	0.000	0.000	0.000
396	  R	  3.0	  0.1	0.000	0.000	0.000
397	  Q	  2.9	  0.1	0.000	0.000	0.000
398	  E	  0.3	  0.1	0.000	0.000	0.000
399	  E	  0.1	  0.1	0.000	0.000	0.000
400	  A	  0.1	  0.1	0.000	0.000	0.000
401	  E	  0.1	  0.0	0.000	0.000	0.000
402	  D	  0.0	  0.5	0.000	0.000	0.000
403	  P	  0.0	  0.5	0.000	0.000	0.000
404	  A	  0.7	  0.5	0.000	0.000	0.000
405	  C	  1.1	  0.5	0.000	0.000	0.000
406	  I	  1.1	  0.0	0.000	0.000	0.000
407	  P	  0.5	  0.0	0.000	1.643	1.643
408	  I	  0.9	  0.0	0.000	31.029	31.029
409	  F	  2.0	  0.0	0.000	32.548	32.548
410	  W	  3.0	  0.0	0.000	32.548	32.548
411	  V	  3.0	  0.0	0.000	32.548	32.548
412	  S	  2.1	  0.0	0.000	31.087	31.087
413	  K	  1.5	  0.0	0.000	18.123	18.123
414	  W	  1.4	  0.1	0.000	18.123	18.123
415	  V	  3.2	  0.1	0.000	18.123	18.123
416	  D	  3.5	  0.5	1.962	18.123	18.123
417	  Y	  2.9	  0.8	1.962	15.193	15.193
418	  S	  0.9	  0.8	1.962	7.309	7.309
419	  D	  0.4	  1.2	1.962	0.000	0.000
420	  K	  0.3	  0.8	1.962	0.000	0.000
421	  Y	  0.5	  0.7	1.962	0.000	0.000
422	  G	  0.4	  0.6	1.648	0.000	0.000
423	  L	  0.2	  0.2	0.116	0.000	0.000
424	  G	  0.1	  0.2	0.116	0.000	0.000
425	  Y	  3.7	  0.0	0.000	0.000	0.000
426	  Q	  4.2	  0.0	0.000	0.000	0.000
427	  L	  4.4	  0.1	0.000	0.000	0.000
428	  C	  1.1	  0.4	0.000	0.000	0.000
429	  D	  0.4	  0.5	0.000	0.000	0.000
430	  N	  0.5	  0.5	0.000	0.000	0.000
431	  S	  0.7	  0.6	0.000	0.850	0.850
432	  V	  1.1	  0.3	0.000	16.778	16.778
433	  G	  0.8	  0.2	0.000	16.778	16.778
434	  V	  2.0	  0.2	0.000	16.778	16.778
435	  L	  2.0	  0.0	0.000	16.778	16.778
436	  F	  2.5	  0.1	0.000	16.622	16.622
437	  N	  0.9	  0.6	3.854	0.595	0.595
438	  D	  0.5	  0.8	4.293	0.000	0.000
439	  S	  0.7	  0.8	4.649	0.000	0.000
440	  T	  1.1	  0.8	4.844	0.000	0.000
441	  R	  1.7	  0.3	4.844	0.000	0.000
442	  L	  2.3	  0.0	4.844	6.551	6.551
443	  I	  3.4	  0.0	3.981	6.551	6.551
444	  L	  3.2	  0.0	3.981	6.551	6.551
445	  Y	  2.4	  0.2	3.324	6.551	6.551
446	  N	  0.9	  0.7	1.358	6.551	6.551
447	  D	  0.4	  2.0	0.000	0.000	0.000
448	  G	  0.0	  2.1	0.000	0.000	0.000
449	  D	  0.0	  2.0	0.000	0.000	0.000
450	  S	  0.7	  1.5	0.000	0.000	0.000
451	  L	  2.3	  0.2	0.000	0.000	0.000
452	  Q	  2.8	  0.1	0.000	0.000	0.000
453	  Y	  3.3	  0.0	0.000	0.000	0.000
454	  I	  3.2	  0.0	0.000	0.000	0.000
455	  E	  2.9	  0.4	0.000	0.000	0.000
456	  R	  1.8	  0.6	0.000	0.000	0.000
457	  D	  0.2	  0.7	0.000	0.000	0.000
458	  G	  0.0	  0.7	0.000	0.000	0.000
459	  T	  0.3	  0.5	0.000	0.000	0.000
460	  E	  0.4	  0.3	0.000	0.000	0.000
461	  S	  0.9	  0.2	0.271	0.375	0.375
462	  Y	  1.0	  0.1	0.271	0.745	0.745
463	  L	  4.2	  0.0	0.271	0.745	0.745
464	  T	 21.0	  0.0	0.271	0.745	0.745
465	  V	 21.8	  0.0	0.271	0.745	0.745
466	  S	 19.0	  0.0	0.271	0.369	0.369
467	  S	  1.8	  0.0	0.000	0.000	0.000
468	  H	  0.4	  1.4	0.000	0.000	0.000
469	  P	  0.1	  1.4	0.000	0.000	0.000
470	  N	  0.0	  1.5	0.169	0.000	0.000
471	  S	  0.2	  1.5	0.875	0.000	0.000
472	  L	  0.5	  0.1	0.875	0.000	0.000
473	  M	  0.5	  0.1	0.875	0.000	0.000
474	  K	  0.5	  0.0	0.875	0.000	0.000
475	  K	  5.4	  0.0	0.875	0.000	0.000
476	  I	 15.4	  0.0	0.705	0.000	0.000
477	  T	 15.9	  0.0	1.112	0.000	0.000
478	  L	 11.2	  0.0	1.112	0.000	0.000
479	  L	  1.8	  0.0	1.112	0.000	0.000
480	  K	  1.2	  0.0	0.856	0.000	0.000
481	  Y	  3.0	  0.0	0.587	0.000	0.000
482	  F	  3.2	  0.2	0.407	0.000	0.000
483	  R	  3.2	  0.2	0.000	0.000	0.000
484	  N	  1.3	  0.2	0.608	0.000	0.000
485	  Y	  1.5	  0.2	0.608	0.000	0.000
486	  M	  1.2	  0.1	0.608	0.000	0.000
487	  S	  1.2	  0.2	3.335	0.000	0.000
488	  E	  0.1	  0.2	3.335	0.000	0.000
489	  H	  0.7	  0.2	3.335	0.000	0.000
490	  L	  0.9	  0.1	3.121	0.000	0.000
491	  L	  1.1	  0.1	3.121	0.000	0.000
492	  K	  0.6	  0.3	3.121	0.000	0.000
493	  A	  0.4	  0.6	2.163	0.000	0.000
494	  G	  0.1	  0.9	1.728	0.000	0.000
495	  A	  0.2	  0.8	0.285	0.000	0.000
496	  N	  4.6	  0.5	0.129	0.000	0.000
497	  I	  5.4	  0.3	0.000	0.000	0.000
498	  T	  5.2	  0.2	0.277	0.000	0.000
499	  P	  0.8	  0.3	0.277	0.000	0.000
500	  R	  0.0	  0.7	0.437	0.000	0.000
501	  E	  0.0	  1.8	0.437	0.000	0.000
502	  G	  0.0	  1.7	2.132	0.000	0.000
503	  D	  0.0	  1.7	4.660	0.000	0.000
504	  E	  0.1	  1.3	4.660	0.000	0.000
505	  L	  0.1	  0.2	4.660	0.000	0.000
506	  A	  0.6	  0.1	4.660	0.000	0.000
507	  R	  0.6	  0.0	4.660	0.000	0.000
508	  L	  0.6	  0.1	4.324	0.000	0.000
509	  P	  0.1	  0.1	0.000	0.000	0.000
510	  Y	  1.0	  0.1	0.000	0.000	0.000
511	  L	  1.2	  0.1	0.000	0.000	0.000
512	  R	  2.3	  0.0	0.000	0.000	0.000
513	  T	  6.1	  0.0	0.000	0.000	0.000
514	  W	  7.0	  0.0	0.000	0.000	0.000
515	  F	  6.4	  0.1	0.000	0.000	0.000
516	  R	  1.9	  0.1	0.000	0.000	0.000
517	  T	  2.8	  0.2	0.000	0.000	0.000
518	  R	  2.5	  0.2	0.000	0.000	0.000
519	  S	  2.6	  0.1	0.124	1.533	1.533
520	  A	  1.2	  0.1	0.124	2.030	2.030
521	  I	  6.8	  0.0	0.124	3.838	3.838
522	  I	  7.2	  0.0	0.124	3.838	3.838
523	  L	  7.5	  0.0	0.124	3.838	3.838
524	  H	  2.5	  0.1	0.124	2.305	2.305
525	  L	  1.9	  0.7	0.000	2.305	2.305
526	  S	  0.8	  1.1	0.000	0.200	0.200
527	  N	  0.1	  1.2	0.000	0.000	0.000
528	  G	  0.0	  1.0	0.000	0.000	0.000
529	  S	  1.3	  0.5	0.000	0.000	0.000
530	  V	  5.0	  0.1	0.000	0.829	0.829
531	  Q	  6.2	  0.0	0.000	0.829	0.829
532	  I	  9.4	  0.0	0.000	0.829	0.829
533	  N	  7.4	  0.0	0.000	0.829	0.829
534	  F	  8.2	  0.0	0.000	0.829	0.829
535	  F	  5.2	  0.2	0.000	0.677	0.677
536	  Q	  3.4	  0.2	0.000	0.000	0.000
537	  D	  1.4	  0.3	0.245	0.000	0.000
538	  H	  1.1	  0.3	0.405	0.000	0.000
539	  T	  1.9	  0.1	0.818	0.000	0.000
540	  K	  2.4	  0.1	0.818	0.000	0.000
541	  L	  2.8	  0.1	0.818	0.000	0.000
542	  I	  4.6	  0.0	0.818	0.000	0.000
543	  L	  4.1	  0.0	0.818	0.000	0.000
544	  C	  2.8	  0.2	1.048	0.000	0.000
545	  P	  0.1	  0.2	0.231	0.000	0.000
546	  L	  0.2	  0.2	0.231	13.243	13.243
547	  M	  0.3	  0.2	0.231	15.379	15.379
548	  A	  0.5	  0.0	0.231	16.993	16.993
549	  A	  0.7	  0.0	0.231	18.519	18.519
550	  V	  9.5	  0.0	0.000	18.519	18.519
551	  T	 11.7	  0.0	0.000	16.025	16.025
552	  Y	 12.3	  0.0	0.000	14.246	14.246
553	  I	  3.6	  0.1	0.000	11.697	11.697
554	  D	  1.2	  0.2	0.393	0.000	0.000
555	  E	  0.3	  0.3	0.393	0.000	0.000
556	  K	  0.2	  0.5	0.393	0.000	0.000
557	  R	  0.4	  0.5	0.393	0.000	0.000
558	  D	  1.3	  0.4	1.218	0.000	0.000
559	  F	  1.7	  0.4	1.218	0.000	0.000
560	  R	  2.7	  0.1	0.826	0.000	0.000
561	  T	 13.8	  0.1	0.826	0.000	0.000
562	  Y	 15.1	  0.1	0.826	0.000	0.000
563	  R	 14.3	  0.0	0.826	0.000	0.000
564	  L	  4.0	  0.1	0.501	0.000	0.000
565	  S	  2.1	  0.1	0.720	0.000	0.000
566	  L	  1.8	  0.0	0.492	0.000	0.000
567	  L	  0.3	  0.2	0.492	0.000	0.000
568	  E	  0.1	  0.1	0.492	0.000	0.000
569	  E	  0.1	  0.1	0.363	0.000	0.000
570	  Y	  0.6	  0.7	0.363	0.000	0.000
571	  G	  0.7	  0.5	0.328	0.000	0.000
572	  C	  8.8	  0.5	1.423	0.000	0.000
573	  C	  8.5	  0.6	3.067	0.000	0.000
574	  K	  8.5	  0.1	3.266	0.000	0.000
575	  E	  0.5	  0.1	3.498	0.000	0.000
576	  L	  0.3	  0.3	3.498	0.000	0.000
577	  A	  0.4	  0.2	3.733	0.000	0.000
578	  S	  0.4	  0.2	3.879	0.000	0.000
579	  R	  0.8	  0.2	3.370	0.000	0.000
580	  L	  2.0	  0.1	2.945	0.000	0.000
581	  R	  2.3	  0.0	2.595	0.000	0.000
582	  Y	  2.3	  0.0	1.973	0.000	0.000
583	  A	  1.0	  0.0	0.146	0.000	0.000
584	  R	  1.0	  0.0	0.000	0.000	0.000
585	  T	  1.8	  0.0	1.844	0.000	0.000
586	  M	  2.4	  0.0	1.844	0.000	0.000
587	  V	  2.4	  0.0	1.844	0.000	0.000
588	  D	  0.9	  0.1	2.171	0.000	0.000
589	  K	  0.5	  0.1	2.171	0.000	0.000
590	  L	  0.7	  0.1	2.171	0.000	0.000
591	  L	  1.0	  0.1	2.032	0.000	0.000
592	  S	  1.1	  0.2	1.934	0.000	0.000
593	  S	  2.2	  0.8	1.183	0.000	0.000
594	  R	  2.1	  0.8	0.295	0.000	0.000
595	  S	  4.9	  2.0	0.171	0.000	0.000
596	  A	  3.4	  2.2	0.171	0.000	0.000
597	  S	  3.1	  1.6	0.171	0.000	0.000
598	  N	  0.0	  1.6	0.000	0.000	0.000
599	  R	  0.3	  0.3	0.000	0.000	0.000
600	  L	  0.7	  0.1	0.000	0.000	0.000
601	  K	  0.8	  0.1	0.000	0.000	0.000
602	  A	  0.5	  0.0	0.000	0.000	0.000
603	  S	  0.1	  0.0	0.000	0.000	0.000
