res	aa	Beta	Turn	Helix	Aggregation	Conc-Stab_Aggregation
01	  M	  2.2	  0.0	0.000	0.000	0.000
02	  S	  2.5	  0.0	0.000	0.000	0.000
03	  L	  2.9	  0.0	0.000	0.000	0.000
04	  W	  0.9	  0.0	0.093	0.000	0.000
05	  Q	  0.6	  0.0	1.009	0.000	0.000
06	  P	  0.2	  0.0	2.973	1.012	1.012
07	  L	  1.8	  0.0	3.587	83.454	83.454
08	  V	  7.9	  0.0	4.918	98.520	98.520
09	  L	  9.6	  0.0	5.030	99.785	99.785
10	  V	 11.3	  0.0	5.030	99.983	99.983
11	  L	  6.2	  0.0	5.030	99.986	99.986
12	  L	  5.9	  0.0	5.030	99.804	99.804
13	  V	  3.0	  0.0	5.030	98.629	98.629
14	  L	  2.3	  0.1	5.030	84.626	84.626
15	  G	  0.7	  0.1	4.416	13.458	13.458
16	  C	  5.9	  0.1	1.239	7.509	7.509
17	  C	 11.6	  0.1	0.000	6.255	6.255
18	  F	 13.0	  0.0	0.000	5.991	5.991
19	  A	  7.7	  0.0	0.000	2.752	2.752
20	  A	  1.8	  0.1	0.000	0.013	0.013
21	  P	  0.0	  0.2	0.000	0.007	0.007
22	  R	  0.5	  0.2	0.000	0.000	0.000
23	  Q	  1.0	  0.3	0.000	0.000	0.000
24	  R	  1.3	  0.2	0.000	0.000	0.000
25	  Q	  1.0	  0.2	0.000	0.000	0.000
26	  S	  0.6	  0.2	0.000	0.834	0.834
27	  T	  1.6	  0.1	0.000	2.178	2.178
28	  L	  3.5	  0.1	0.000	2.662	2.662
29	  V	  5.9	  0.0	0.000	2.662	2.662
30	  L	  4.7	  0.0	0.000	2.662	2.662
31	  F	  2.7	  1.5	0.000	2.094	2.094
32	  P	  0.1	  2.2	0.000	1.037	1.037
33	  G	  0.0	  2.3	0.000	0.000	0.000
34	  D	  0.4	  2.3	0.464	0.000	0.000
35	  L	  0.5	  0.8	0.464	0.000	0.000
36	  R	  1.1	  0.1	0.464	0.000	0.000
37	  T	  0.9	  0.1	0.464	0.000	0.000
38	  N	  1.0	  0.1	0.653	0.000	0.000
39	  L	  0.8	  0.1	0.653	0.000	0.000
40	  T	  0.7	  0.1	2.354	0.000	0.000
41	  D	  0.3	  0.2	6.505	0.000	0.000
42	  R	  0.8	  0.2	6.358	0.000	0.000
43	  Q	  0.8	  0.1	6.465	0.000	0.000
44	  L	  0.8	  0.1	6.578	0.000	0.000
45	  A	  0.1	  0.1	7.148	0.000	0.000
46	  E	  0.1	  0.1	7.707	0.000	0.000
47	  E	  0.1	  0.1	7.454	0.000	0.000
48	  Y	  0.8	  0.1	6.607	0.000	0.000
49	  L	  0.9	  0.0	5.985	0.000	0.000
50	  Y	  3.4	  0.0	5.701	0.000	0.000
51	  R	  3.0	  0.0	5.079	0.000	0.000
52	  Y	  3.1	  0.0	4.854	0.000	0.000
53	  G	  0.6	  0.0	3.821	0.000	0.000
54	  Y	  3.4	  0.0	0.576	0.000	0.000
55	  T	  4.1	  0.0	0.680	0.000	0.000
56	  R	  4.9	  0.0	0.680	0.000	0.000
57	  V	  2.7	  0.0	0.680	0.000	0.000
58	  A	  1.8	  0.0	0.680	0.000	0.000
59	  E	  1.1	  0.0	0.680	0.000	0.000
60	  M	  0.6	  0.2	0.680	0.000	0.000
61	  R	  0.6	  0.2	0.191	0.000	0.000
62	  G	  0.3	  0.4	0.000	0.000	0.000
63	  E	  0.5	  0.4	0.000	0.000	0.000
64	  S	  2.8	  1.1	0.000	0.000	0.000
65	  K	  3.0	  1.1	0.000	0.000	0.000
66	  S	  2.7	  0.9	0.000	0.000	0.000
67	  L	  0.4	  0.9	0.000	0.000	0.000
68	  G	  0.2	  0.1	5.171	0.000	0.000
69	  P	  0.0	  0.0	5.316	0.168	0.168
70	  A	  0.3	  0.0	5.660	14.501	14.501
71	  L	  1.2	  0.0	5.660	15.140	15.140
72	  L	  2.1	  0.0	5.835	15.140	15.140
73	  L	  2.0	  0.0	5.835	15.140	15.140
74	  L	  1.3	  0.0	5.409	15.140	15.140
75	  Q	  0.6	  0.1	4.862	1.180	1.180
76	  K	  0.6	  0.1	2.904	0.000	0.000
77	  Q	  1.1	  0.1	1.392	0.000	0.000
78	  L	  4.5	  0.1	0.619	0.000	0.000
79	  S	  4.5	  0.0	0.462	0.000	0.000
80	  L	  3.8	  0.1	0.198	0.000	0.000
81	  P	  0.1	  0.4	0.000	0.000	0.000
82	  E	  0.0	  0.5	0.000	0.000	0.000
83	  T	  0.0	  0.6	0.000	0.000	0.000
84	  G	  0.0	  0.5	0.000	0.000	0.000
85	  E	  0.6	  0.3	0.000	0.000	0.000
86	  L	  0.8	  0.3	0.000	0.000	0.000
87	  D	  0.8	  0.2	24.894	0.000	0.000
88	  S	  0.8	  0.3	28.626	0.000	0.000
89	  A	  0.9	  0.2	28.626	0.000	0.000
90	  T	  3.2	  0.2	28.934	0.000	0.000
91	  L	  2.9	  0.1	28.934	0.000	0.000
92	  K	  2.6	  0.0	28.934	0.000	0.000
93	  A	  0.5	  0.0	21.580	0.000	0.000
94	  M	  0.5	  0.0	18.858	0.000	0.000
95	  R	  0.5	  0.0	8.815	0.000	0.000
96	  T	  0.3	  0.3	1.590	0.000	0.000
97	  P	  0.0	  0.4	0.000	0.000	0.000
98	  R	  0.4	  0.5	0.000	0.000	0.000
99	  C	  0.7	  0.5	0.000	0.000	0.000
100	  G	  0.7	  0.2	0.000	0.000	0.000
101	  V	  0.3	  0.6	0.000	0.000	0.000
102	  P	  0.0	  0.6	0.000	0.000	0.000
103	  D	  0.0	  1.0	0.000	0.000	0.000
104	  L	  0.0	  1.4	0.000	0.000	0.000
105	  G	  0.0	  0.9	0.000	0.000	0.000
106	  R	  1.2	  0.8	0.000	0.000	0.000
107	  F	  1.6	  0.5	0.000	0.000	0.000
108	  Q	  2.5	  0.1	0.000	0.000	0.000
109	  T	 12.2	  0.1	0.000	0.000	0.000
110	  F	 12.0	  0.5	0.000	0.000	0.000
111	  E	 11.1	  1.8	0.000	0.000	0.000
112	  G	  0.4	  1.9	0.136	0.000	0.000
113	  D	  0.1	  1.9	0.136	0.000	0.000
114	  L	  0.9	  1.5	0.136	0.000	0.000
115	  K	  1.3	  0.0	0.136	0.000	0.000
116	  W	  1.9	  0.0	0.136	0.000	0.000
117	  H	  1.8	  0.0	0.136	0.000	0.000
118	  H	  1.7	  0.1	0.000	0.000	0.000
119	  H	  1.8	  0.1	0.000	0.000	0.000
120	  N	  3.5	  0.1	0.000	2.054	2.054
121	  I	 18.4	  0.1	0.000	56.658	56.658
122	  T	 22.3	  0.0	0.000	56.865	56.865
123	  Y	 20.8	  0.0	0.000	56.865	56.865
124	  W	  6.1	  0.0	0.000	56.865	56.865
125	  I	  1.0	  0.2	0.000	56.698	56.698
126	  Q	  1.0	  0.2	0.000	2.734	2.734
127	  N	  1.9	  0.4	0.000	0.372	0.372
128	  Y	  2.5	  0.5	0.000	0.291	0.291
129	  S	  1.8	  2.4	0.000	0.000	0.000
130	  E	  0.7	  2.4	0.000	0.000	0.000
131	  D	  0.1	  2.2	0.000	0.000	0.000
132	  L	  0.0	  2.3	0.000	0.000	0.000
133	  P	  0.0	  0.2	0.000	0.000	0.000
134	  R	  0.3	  0.2	0.000	0.000	0.000
135	  A	  1.2	  0.2	0.000	0.000	0.000
136	  V	  5.5	  0.0	0.000	0.000	0.000
137	  I	  5.3	  0.1	0.000	0.000	0.000
138	  D	  4.4	  0.1	9.797	0.000	0.000
139	  D	  0.2	  0.1	15.819	0.000	0.000
140	  A	  0.2	  0.1	15.819	0.000	0.000
141	  F	  0.8	  0.0	15.819	0.000	0.000
142	  A	  0.7	  0.0	15.819	0.000	0.000
143	  R	  0.9	  0.0	15.819	0.000	0.000
144	  A	  0.5	  0.0	15.194	7.847	7.847
145	  F	  1.0	  0.0	13.723	13.361	13.361
146	  A	  0.9	  0.0	9.482	14.406	14.406
147	  L	  1.1	  0.0	6.769	15.659	15.659
148	  W	  2.6	  0.0	5.104	15.659	15.659
149	  S	  2.7	  0.0	3.783	12.473	12.473
150	  A	  3.0	  0.0	1.288	11.611	11.611
151	  V	  1.4	  0.0	0.612	10.881	10.881
152	  T	  1.1	  0.0	0.612	0.000	0.000
153	  P	  0.5	  0.0	0.000	0.000	0.000
154	  L	  3.4	  0.0	0.000	0.000	0.000
155	  T	 21.4	  0.0	0.000	0.000	0.000
156	  F	 23.9	  0.0	0.000	0.000	0.000
157	  T	 21.5	  0.0	0.000	0.000	0.000
158	  R	  5.7	  0.0	0.000	0.000	0.000
159	  V	  6.4	  0.0	0.000	0.000	0.000
160	  Y	  7.2	  0.1	0.000	0.000	0.000
161	  S	  5.4	  1.3	0.000	0.000	0.000
162	  R	  1.8	  1.3	0.000	0.000	0.000
163	  D	  0.3	  2.8	0.000	0.000	0.000
164	  A	  0.1	  2.7	0.000	0.000	0.000
165	  D	  1.2	  1.4	0.149	0.000	0.000
166	  I	  9.0	  1.4	0.149	21.129	21.129
167	  V	 10.9	  0.0	0.149	21.897	21.897
168	  I	 11.1	  0.0	0.149	21.897	21.897
169	  Q	  3.6	  0.0	0.149	21.897	21.897
170	  F	  1.8	  0.0	0.149	21.897	21.897
171	  G	  0.6	  0.0	0.000	10.125	10.125
172	  V	  1.2	  0.0	0.000	9.068	9.068
173	  A	  1.1	  0.3	0.000	4.099	4.099
174	  E	  0.8	  0.4	0.000	0.000	0.000
175	  H	  0.1	  3.5	0.000	0.000	0.000
176	  G	  0.0	  3.8	0.000	0.000	0.000
177	  D	  0.1	  3.6	0.000	0.000	0.000
178	  G	  0.0	  3.4	0.000	0.000	0.000
179	  Y	  0.0	  0.3	0.000	0.000	0.000
180	  P	  0.0	  0.2	0.000	0.000	0.000
181	  F	  0.4	  1.8	0.000	0.000	0.000
182	  D	  0.4	  1.9	0.000	0.000	0.000
183	  G	  0.4	  3.1	0.150	0.000	0.000
184	  K	  0.0	  3.2	0.150	0.000	0.000
185	  D	  0.0	  1.6	0.150	0.000	0.000
186	  G	  0.0	  1.5	0.644	0.000	0.000
187	  L	  0.2	  0.3	0.840	0.000	0.000
188	  L	  0.4	  0.0	0.840	0.000	0.000
189	  A	  0.5	  0.0	0.840	0.000	0.000
190	  H	  0.9	  0.0	0.840	0.000	0.000
191	  A	  0.8	  0.0	0.840	0.000	0.000
192	  F	  0.7	  0.0	0.840	0.000	0.000
193	  P	  0.0	  0.0	0.000	0.000	0.000
194	  P	  0.0	  0.1	0.000	0.000	0.000
195	  G	  0.0	  1.4	0.000	0.000	0.000
196	  P	  0.0	  1.4	0.000	0.000	0.000
197	  G	  0.0	  1.4	0.000	0.000	0.000
198	  I	  0.2	  1.4	0.000	0.000	0.000
199	  Q	  0.2	  0.6	0.000	0.000	0.000
200	  G	  0.2	  0.6	0.000	0.000	0.000
201	  D	  0.0	  0.8	0.000	0.000	0.000
202	  A	  0.4	  0.6	0.000	0.000	0.000
203	  H	  2.9	  0.3	0.000	0.000	0.000
204	  F	  3.2	  0.5	0.000	0.000	0.000
205	  D	  2.8	  2.2	0.789	0.000	0.000
206	  D	  0.3	  2.3	1.665	0.000	0.000
207	  D	  0.0	  2.2	3.616	0.000	0.000
208	  E	  0.1	  1.9	3.715	0.000	0.000
209	  L	  0.5	  0.1	3.715	0.000	0.000
210	  W	  2.4	  0.1	3.715	0.000	0.000
211	  S	  2.4	  0.3	3.572	0.000	0.000
212	  L	  2.0	  0.5	3.256	0.000	0.000
213	  G	  0.2	  0.8	2.906	0.000	0.000
214	  K	  0.0	  0.7	1.540	0.000	0.000
215	  G	  0.0	  0.5	0.416	0.000	0.000
216	  V	 18.6	  0.3	0.000	0.000	0.000
217	  V	 19.1	  0.0	0.000	0.000	0.000
218	  V	 19.0	  0.0	0.000	0.000	0.000
219	  P	  0.5	  0.0	0.000	0.000	0.000
220	  T	  0.7	  0.0	0.000	0.000	0.000
221	  R	  1.0	  0.0	0.000	0.000	0.000
222	  F	  1.0	  1.7	0.000	0.000	0.000
223	  G	  0.3	  1.7	0.000	0.000	0.000
224	  N	  0.1	 11.1	0.000	0.000	0.000
225	  A	  0.0	 11.4	0.000	0.000	0.000
226	  D	  0.0	  9.8	0.000	0.000	0.000
227	  G	  0.0	  9.7	0.295	0.000	0.000
228	  A	  0.1	  0.3	0.295	0.000	0.000
229	  A	  0.3	  0.1	0.295	0.000	0.000
230	  C	  2.7	  0.0	0.295	0.000	0.000
231	  H	  2.9	  0.0	0.295	0.000	0.000
232	  F	  2.7	  0.2	0.295	0.000	0.000
233	  P	  0.3	  0.2	0.000	0.000	0.000
234	  F	  0.7	  0.2	0.000	0.000	0.000
235	  I	  1.6	  0.2	0.000	0.000	0.000
236	  F	  1.8	  0.4	0.000	0.000	0.000
237	  E	  1.2	  0.7	0.000	0.000	0.000
238	  G	  0.3	  0.8	0.000	0.000	0.000
239	  R	  1.6	  0.8	0.000	0.000	0.000
240	  S	 22.5	  0.6	0.000	0.000	0.000
241	  Y	 25.6	  0.3	0.000	0.000	0.000
242	  S	 24.5	  0.2	0.000	0.000	0.000
243	  A	  4.5	  0.2	0.000	0.000	0.000
244	  C	  0.7	  0.1	0.000	0.000	0.000
245	  T	  0.9	  0.3	0.000	0.000	0.000
246	  T	  0.8	  0.6	0.000	0.000	0.000
247	  D	  0.5	  0.9	0.000	0.000	0.000
248	  G	  0.0	  1.0	0.000	0.000	0.000
249	  R	  0.2	  2.3	0.000	0.000	0.000
250	  S	  0.2	  2.2	0.000	0.000	0.000
251	  D	  0.2	  1.9	0.000	0.000	0.000
252	  G	  0.0	  1.8	0.000	0.000	0.000
253	  L	  0.0	  0.4	0.000	0.000	0.000
254	  P	  0.0	  0.2	0.000	0.000	0.000
255	  W	  1.4	  0.2	0.000	0.000	0.000
256	  C	  1.7	  0.3	0.000	0.000	0.000
257	  S	  2.4	  0.2	0.000	0.000	0.000
258	  T	  1.6	  0.2	0.000	0.000	0.000
259	  T	  1.7	  0.5	0.000	0.000	0.000
260	  A	  1.0	  0.4	0.000	0.000	0.000
261	  N	  1.1	  0.9	0.000	0.000	0.000
262	  Y	  1.5	  0.9	0.000	0.000	0.000
263	  D	  1.5	  1.7	0.000	0.000	0.000
264	  T	  0.8	  1.9	0.000	0.000	0.000
265	  D	  0.1	  1.5	0.221	0.000	0.000
266	  D	  0.1	  1.7	0.221	0.000	0.000
267	  R	  0.4	  0.6	0.221	0.000	0.000
268	  F	  0.6	  0.4	0.221	0.000	0.000
269	  G	  0.6	  0.4	0.221	0.000	0.000
270	  F	  0.6	  0.2	0.221	0.000	0.000
271	  C	  0.4	  0.7	0.382	0.000	0.000
272	  P	  0.3	  0.8	0.382	0.000	0.000
273	  S	  0.1	  0.9	0.382	0.000	0.000
274	  E	  0.1	  0.9	0.382	0.000	0.000
275	  R	  0.8	  0.2	0.382	0.000	0.000
276	  L	  1.0	  0.1	0.382	0.000	0.000
277	  Y	  5.1	  0.0	0.244	0.000	0.000
278	  T	  5.0	  0.6	0.000	0.000	0.000
279	  Q	  4.7	  0.7	0.000	0.000	0.000
280	  D	  0.6	  1.3	0.000	0.000	0.000
281	  G	  0.0	  1.3	0.000	0.000	0.000
282	  N	  0.0	 10.2	0.000	0.000	0.000
283	  A	  0.0	 10.8	0.000	0.000	0.000
284	  D	  0.0	 10.2	0.000	0.000	0.000
285	  G	  0.0	 10.2	0.000	0.000	0.000
286	  K	  0.0	  0.6	0.000	0.000	0.000
287	  P	  0.0	  0.0	0.000	0.000	0.000
288	  C	  1.8	  0.0	0.000	0.000	0.000
289	  Q	  2.0	  0.0	0.000	0.000	0.000
290	  F	  2.1	  0.2	0.000	0.000	0.000
291	  P	  0.2	  0.2	0.000	0.000	0.000
292	  F	  0.7	  0.2	0.000	0.362	0.362
293	  I	  2.1	  0.2	0.000	0.362	0.362
294	  F	  2.4	  0.3	0.000	0.362	0.362
295	  Q	  1.7	  0.4	0.000	0.362	0.362
296	  G	  0.4	  0.5	0.000	0.362	0.362
297	  Q	  0.8	  0.5	0.000	0.000	0.000
298	  S	 22.0	  0.3	0.000	0.000	0.000
299	  Y	 25.2	  0.3	0.000	0.000	0.000
300	  S	 24.7	  0.2	0.000	0.000	0.000
301	  A	  4.5	  0.2	0.000	0.000	0.000
302	  C	  0.7	  0.1	0.000	0.000	0.000
303	  T	  0.9	  0.3	0.000	0.000	0.000
304	  T	  0.8	  0.6	0.000	0.000	0.000
305	  D	  0.5	  0.9	0.000	0.000	0.000
306	  G	  0.0	  1.0	0.000	0.000	0.000
307	  R	  0.2	  2.3	0.000	0.000	0.000
308	  S	  0.2	  2.3	0.000	0.000	0.000
309	  D	  0.2	  2.0	0.000	0.000	0.000
310	  G	  0.1	  1.9	0.000	0.000	0.000
311	  Y	  2.4	  0.3	0.000	0.000	0.000
312	  R	  2.5	  0.0	0.000	0.000	0.000
313	  W	  4.1	  0.0	0.000	0.000	0.000
314	  C	  1.9	  0.1	0.000	0.000	0.000
315	  A	  2.0	  0.2	0.000	0.000	0.000
316	  T	  1.0	  0.2	0.000	0.000	0.000
317	  T	  1.1	  0.5	0.000	0.000	0.000
318	  A	  1.0	  0.4	0.000	0.000	0.000
319	  N	  1.1	  1.0	0.190	0.000	0.000
320	  Y	  1.2	  1.0	0.317	0.000	0.000
321	  D	  1.1	  3.3	2.713	0.000	0.000
322	  R	  0.3	  3.3	2.713	0.000	0.000
323	  D	  0.0	  2.8	2.713	0.000	0.000
324	  K	  0.3	  2.7	2.713	0.000	0.000
325	  L	  0.4	  0.4	2.713	0.000	0.000
326	  F	  0.6	  0.4	2.713	0.000	0.000
327	  G	  0.4	  0.3	1.398	0.000	0.000
328	  F	  0.6	  0.3	0.644	0.000	0.000
329	  C	  0.4	  0.5	0.240	0.000	0.000
330	  P	  0.3	  0.5	0.000	0.000	0.000
331	  T	  0.3	  0.6	0.000	0.000	0.000
332	  R	  0.5	  1.2	0.000	0.000	0.000
333	  A	  0.5	  0.7	0.000	0.000	0.000
334	  D	  0.3	  0.8	0.000	0.000	0.000
335	  S	  0.6	  0.7	0.000	0.000	0.000
336	  T	  4.7	  0.1	0.000	0.000	0.000
337	  V	  5.9	  0.1	0.000	0.000	0.000
338	  M	  5.4	  0.1	0.000	0.000	0.000
339	  G	  1.3	  1.2	0.000	0.000	0.000
340	  G	  0.0	  1.3	0.000	0.000	0.000
341	  N	  0.0	  1.5	0.000	0.000	0.000
342	  S	  0.2	  1.9	0.109	0.000	0.000
343	  A	  0.2	  0.9	0.109	0.000	0.000
344	  G	  0.1	  1.0	0.246	0.000	0.000
345	  E	  0.2	  0.8	0.246	0.000	0.000
346	  L	  1.1	  0.2	0.246	0.000	0.000
347	  C	  2.2	  0.1	0.246	0.000	0.000
348	  V	  2.4	  0.0	0.246	0.000	0.000
349	  F	  1.5	  0.0	0.246	0.000	0.000
350	  P	  0.3	  0.0	0.000	0.128	0.128
351	  F	 12.9	  0.0	0.000	7.141	7.141
352	  T	 15.9	  0.0	0.000	7.141	7.141
353	  F	 16.3	  0.1	0.000	7.141	7.141
354	  L	  3.6	  0.2	0.000	7.141	7.141
355	  G	  0.4	  0.3	0.000	7.013	7.013
356	  K	  0.2	  0.3	0.000	0.000	0.000
357	  E	  1.5	  0.1	0.000	0.000	0.000
358	  Y	  2.4	  0.2	0.000	0.000	0.000
359	  S	  3.0	  0.1	0.000	0.000	0.000
360	  T	  8.1	  0.1	0.000	0.000	0.000
361	  C	  8.6	  0.2	0.000	0.000	0.000
362	  T	  8.0	  0.3	0.000	0.000	0.000
363	  S	  1.6	  1.1	0.000	0.000	0.000
364	  E	  0.2	  1.6	0.000	0.000	0.000
365	  G	  0.0	  1.8	0.000	0.000	0.000
366	  R	  0.1	  2.7	0.000	0.000	0.000
367	  G	  0.1	  2.3	0.000	0.000	0.000
368	  D	  0.1	  1.8	0.000	0.000	0.000
369	  G	  0.0	  1.6	0.000	0.000	0.000
370	  R	  0.6	  0.5	0.000	0.000	0.000
371	  L	  1.8	  0.1	0.000	0.361	0.361
372	  W	  3.4	  0.0	0.000	0.361	0.361
373	  C	  3.0	  0.1	0.000	0.361	0.361
374	  A	  2.0	  0.2	0.000	0.361	0.361
375	  T	  3.2	  0.2	0.000	0.361	0.361
376	  T	  3.1	  0.5	0.000	0.134	0.134
377	  S	  3.0	  0.3	0.000	0.000	0.000
378	  N	  0.8	  0.7	0.000	0.000	0.000
379	  F	  1.7	  0.8	0.000	0.000	0.000
380	  D	  1.7	  4.1	0.397	0.000	0.000
381	  S	  0.9	  4.1	0.807	0.000	0.000
382	  D	  0.0	  3.8	1.066	0.000	0.000
383	  K	  0.1	  3.7	1.066	0.000	0.000
384	  K	  0.2	  0.2	1.066	0.000	0.000
385	  W	  0.3	  0.1	1.066	0.000	0.000
386	  G	  0.4	  0.1	0.848	0.000	0.000
387	  F	  0.5	  0.1	0.504	0.000	0.000
388	  C	  0.4	  1.6	0.000	0.000	0.000
389	  P	  0.3	  1.8	0.000	0.000	0.000
390	  D	  0.0	  2.1	0.000	0.000	0.000
391	  Q	  0.0	  2.1	0.000	0.020	0.020
392	  G	  0.1	  0.5	0.000	1.134	1.134
393	  Y	  3.3	  0.4	0.000	35.056	35.056
394	  S	  3.6	  0.0	0.312	44.511	44.511
395	  L	  4.2	  0.0	0.312	84.631	84.631
396	  F	  2.1	  0.0	0.312	86.381	86.381
397	  L	  2.7	  0.0	0.312	86.381	86.381
398	  V	  3.3	  0.0	0.312	85.026	85.026
399	  A	  2.3	  0.0	0.312	64.568	64.568
400	  A	  1.5	  0.0	0.163	16.704	16.704
401	  H	  0.8	  0.2	0.163	0.151	0.151
402	  E	  0.7	  0.4	0.000	0.000	0.000
403	  F	  0.8	  0.5	0.000	0.000	0.000
404	  G	  0.3	  0.5	0.000	0.000	0.000
405	  H	  0.6	  0.7	0.000	0.000	0.000
406	  A	  0.5	  0.5	0.000	0.000	0.000
407	  L	  0.5	  0.4	0.000	0.000	0.000
408	  G	  0.2	  0.6	0.000	0.000	0.000
409	  L	  0.5	  0.2	0.000	0.000	0.000
410	  D	  0.4	  0.6	0.000	0.000	0.000
411	  H	  0.4	  0.8	0.000	0.000	0.000
412	  S	  0.4	  0.6	0.000	0.000	0.000
413	  S	  0.6	  0.6	0.000	0.000	0.000
414	  V	  0.5	  0.2	0.000	0.000	0.000
415	  P	  0.2	  0.0	0.272	0.000	0.000
416	  E	  0.0	  0.0	0.272	0.000	0.000
417	  A	  0.3	  0.0	0.272	0.000	0.000
418	  L	  1.4	  0.0	0.272	0.000	0.000
419	  M	  1.4	  0.0	0.272	0.000	0.000
420	  Y	  1.1	  0.0	0.272	0.000	0.000
421	  P	  0.1	  0.0	0.000	0.000	0.000
422	  M	  0.2	  0.0	0.000	0.000	0.000
423	  Y	  3.1	  0.0	0.000	0.000	0.000
424	  R	  5.0	  0.0	0.000	0.000	0.000
425	  F	  6.0	  0.1	0.000	0.000	0.000
426	  T	  3.2	  0.1	0.000	0.000	0.000
427	  E	  1.2	  0.1	0.000	0.000	0.000
428	  G	  0.0	  0.1	0.000	0.000	0.000
429	  P	  0.0	  0.2	0.000	0.000	0.000
430	  P	  0.0	  0.2	0.000	0.000	0.000
431	  L	  0.2	  0.2	0.000	0.000	0.000
432	  H	  0.4	  0.9	0.000	0.000	0.000
433	  K	  0.5	  1.0	0.000	0.000	0.000
434	  D	  0.3	  1.0	0.000	0.000	0.000
435	  D	  0.9	  2.7	0.000	0.000	0.000
436	  V	  1.2	  5.2	0.000	0.000	0.000
437	  N	  1.2	  5.0	0.000	0.000	0.000
438	  G	  0.5	  5.0	0.000	0.000	0.000
439	  I	  1.1	  3.3	0.000	0.000	0.000
440	  R	  1.5	  0.1	0.000	0.000	0.000
441	  H	  2.0	  0.2	0.000	0.000	0.000
442	  L	  1.2	  0.2	0.000	0.000	0.000
443	  Y	  0.7	  0.3	0.000	0.000	0.000
444	  G	  0.2	  0.3	0.000	0.000	0.000
445	  P	  0.0	  0.2	0.000	0.000	0.000
446	  R	  0.0	  0.2	0.000	0.000	0.000
447	  P	  0.0	  0.0	0.000	0.000	0.000
448	  E	  0.0	  0.0	0.000	0.000	0.000
449	  P	  0.0	  0.0	0.000	0.000	0.000
450	  E	  0.0	  0.0	0.000	0.000	0.000
451	  P	  0.0	  0.0	0.000	0.000	0.000
452	  R	  0.0	  0.0	0.000	0.000	0.000
453	  P	  0.0	  0.2	0.000	0.000	0.000
454	  P	  0.0	  0.3	0.000	0.000	0.000
455	  T	  1.9	  0.3	0.000	0.000	0.000
456	  T	  4.9	  0.3	0.000	0.000	0.000
457	  T	  5.1	  0.0	0.000	0.000	0.000
458	  T	  3.3	  0.0	0.000	0.000	0.000
459	  P	  0.2	  0.0	0.000	0.000	0.000
460	  Q	  0.1	  0.2	0.000	0.000	0.000
461	  P	  0.0	  0.2	0.000	0.000	0.000
462	  T	  0.0	  0.2	0.000	0.000	0.000
463	  A	  0.0	  0.2	0.000	0.000	0.000
464	  P	  0.0	  0.3	0.000	0.000	0.000
465	  P	  0.0	  0.3	0.000	0.000	0.000
466	  T	  4.8	  0.3	0.000	0.000	0.000
467	  V	  4.9	  0.3	0.000	0.000	0.000
468	  C	  4.9	  1.6	0.000	0.000	0.000
469	  P	  0.1	  1.6	0.000	0.000	0.000
470	  T	  0.0	  1.6	0.000	0.000	0.000
471	  G	  0.0	  1.6	0.000	0.000	0.000
472	  P	  0.0	  0.2	0.000	0.000	0.000
473	  P	  0.0	  0.2	0.000	0.000	0.000
474	  T	 10.1	  0.2	0.000	0.000	0.000
475	  V	 10.5	  0.2	0.000	0.000	0.000
476	  H	 10.5	  0.7	0.000	0.000	0.000
477	  P	  0.4	  0.8	0.000	0.000	0.000
478	  S	  0.2	  0.8	0.000	0.000	0.000
479	  E	  0.2	  0.8	0.000	0.000	0.000
480	  R	  0.2	  0.3	0.000	0.000	0.000
481	  P	  0.0	  0.3	0.000	0.000	0.000
482	  T	  0.1	  0.3	0.000	0.000	0.000
483	  A	  0.1	  0.4	0.000	0.000	0.000
484	  G	  0.1	  1.3	0.000	0.000	0.000
485	  P	  0.0	  1.3	0.000	0.000	0.000
486	  T	  0.0	  1.3	0.000	0.000	0.000
487	  G	  0.0	  1.1	0.000	0.000	0.000
488	  P	  0.0	  0.6	0.000	0.000	0.000
489	  P	  0.0	  0.7	0.000	0.000	0.000
490	  S	  0.1	  0.7	0.000	0.000	0.000
491	  A	  0.1	  0.8	0.000	0.000	0.000
492	  G	  0.1	  1.4	0.000	0.000	0.000
493	  P	  0.0	  1.3	0.000	0.000	0.000
494	  T	  0.0	  1.3	0.000	0.000	0.000
495	  G	  0.0	  1.1	0.000	0.000	0.000
496	  P	  0.0	  0.4	0.000	0.000	0.000
497	  P	  0.0	  0.4	0.000	0.000	0.000
498	  T	  0.1	  0.4	0.000	0.000	0.000
499	  A	  0.1	  0.5	0.000	0.000	0.000
500	  G	  0.1	  0.5	0.000	0.000	0.000
501	  P	  0.0	  0.6	0.000	0.000	0.000
502	  S	  0.1	  0.6	0.000	0.000	0.000
503	  T	  1.4	  0.5	0.000	0.000	0.000
504	  A	  1.5	  0.1	0.000	0.000	0.000
505	  T	  5.0	  0.0	0.000	0.000	0.000
506	  T	  4.5	  0.0	0.000	0.000	0.000
507	  V	  4.4	  0.0	0.000	0.000	0.000
508	  P	  0.7	  0.0	0.000	0.000	0.000
509	  L	  0.1	  0.0	0.000	0.000	0.000
510	  S	  0.1	  0.0	0.000	0.000	0.000
511	  P	  0.1	  0.0	0.000	0.000	0.000
512	  V	  0.4	  0.1	0.000	0.000	0.000
513	  D	  0.4	  0.2	0.000	0.000	0.000
514	  D	  0.4	  0.3	0.135	0.000	0.000
515	  A	  0.1	  0.3	0.135	0.000	0.000
516	  C	  2.2	  0.2	0.135	0.000	0.000
517	  N	  3.7	  0.3	0.135	0.000	0.000
518	  V	 10.5	  0.1	0.135	0.000	0.000
519	  N	 10.4	  0.1	0.258	0.000	0.000
520	  I	  9.2	  0.2	0.122	0.000	0.000
521	  F	  3.4	  0.1	0.122	0.000	0.000
522	  D	  1.1	  0.1	0.486	0.000	0.000
523	  A	  1.1	  0.1	0.486	0.000	0.000
524	  I	  0.7	  0.0	0.486	0.000	0.000
525	  A	  0.8	  0.0	0.486	0.000	0.000
526	  E	  0.6	  0.0	0.486	0.000	0.000
527	  I	  0.3	  1.1	0.363	0.000	0.000
528	  G	  0.1	  1.1	0.497	0.000	0.000
529	  N	  0.0	  1.2	0.513	0.291	0.291
530	  Q	  1.2	  1.2	0.314	7.754	7.754
531	  L	  1.9	  0.1	0.314	7.754	7.754
532	  Y	  2.6	  0.0	0.314	7.754	7.754
533	  L	  1.7	  0.0	0.314	7.754	7.754
534	  F	  1.4	  0.9	0.314	7.754	7.754
535	  K	  0.7	  2.2	0.000	0.000	0.000
536	  D	  0.5	  2.3	0.000	0.000	0.000
537	  G	  0.0	  2.3	0.000	0.000	0.000
538	  K	  0.3	  1.4	0.000	0.000	0.000
539	  Y	  1.7	  0.1	0.000	0.000	0.000
540	  W	  3.3	  0.0	0.000	0.000	0.000
541	  R	  4.1	  0.0	0.000	0.000	0.000
542	  F	  3.4	  0.2	0.000	0.000	0.000
543	  S	  1.7	  1.1	0.000	0.000	0.000
544	  E	  0.7	  1.6	0.000	0.000	0.000
545	  G	  0.0	  2.0	0.000	0.000	0.000
546	  R	  0.1	  1.9	0.000	0.000	0.000
547	  G	  0.1	  1.0	0.000	0.000	0.000
548	  S	  0.1	  0.4	0.000	0.000	0.000
549	  R	  0.1	  0.8	0.000	0.000	0.000
550	  P	  0.1	  0.6	0.000	0.000	0.000
551	  Q	  0.0	  0.7	0.000	0.000	0.000
552	  G	  0.0	  0.8	0.000	0.000	0.000
553	  P	  0.0	  0.2	0.000	1.282	1.282
554	  F	  0.9	  0.2	0.000	1.282	1.282
555	  L	  1.5	  0.1	0.000	1.282	1.282
556	  I	  1.6	  0.2	0.000	1.282	1.282
557	  A	  0.8	  0.2	0.000	1.282	1.282
558	  D	  0.3	  0.2	0.000	0.000	0.000
559	  K	  0.2	  0.2	0.000	0.000	0.000
560	  W	  0.2	  0.2	0.000	0.000	0.000
561	  P	  0.1	  0.2	0.000	0.000	0.000
562	  A	  0.1	  0.2	0.000	0.000	0.000
563	  L	  0.0	  0.4	0.000	0.000	0.000
564	  P	  0.0	  0.2	0.000	0.000	0.000
565	  R	  0.3	  0.3	0.000	0.000	0.000
566	  K	  1.0	  0.4	0.000	0.000	0.000
567	  L	  1.3	  0.3	0.000	0.000	0.000
568	  D	  1.1	  0.3	0.000	0.000	0.000
569	  S	  1.4	  0.2	0.000	0.000	0.000
570	  V	  4.5	  0.1	0.136	0.000	0.000
571	  F	  5.0	  0.1	0.717	0.000	0.000
572	  E	  4.1	  0.1	1.222	0.000	0.000
573	  E	  0.8	  0.1	1.378	0.000	0.000
574	  R	  0.5	  0.1	1.378	0.000	0.000
575	  L	  0.8	  0.1	1.378	0.000	0.000
576	  S	  0.8	  0.1	1.527	0.000	0.000
577	  K	  0.5	  0.2	1.376	0.000	0.000
578	  K	  0.4	  0.2	0.656	0.000	0.000
579	  L	  0.9	  0.1	0.149	3.910	3.910
580	  F	  2.3	  0.0	0.149	4.063	4.063
581	  F	  4.4	  0.1	0.149	4.063	4.063
582	  F	  5.2	  0.4	0.000	4.063	4.063
583	  S	  3.9	  0.6	0.000	4.063	4.063
584	  G	  1.5	  0.6	0.000	0.454	0.454
585	  R	  0.7	  0.6	0.000	0.000	0.000
586	  Q	  1.5	  0.3	0.000	3.468	3.468
587	  V	  5.7	  0.0	0.000	50.580	50.580
588	  W	  6.1	  0.0	0.000	55.697	55.697
589	  V	  8.0	  0.0	0.000	56.166	56.166
590	  Y	  5.3	  0.1	0.000	56.166	56.166
591	  T	  4.2	  0.3	0.000	54.529	54.529
592	  G	  1.5	  0.5	0.000	28.631	28.631
593	  A	  0.5	  0.5	0.000	25.778	25.778
594	  S	  1.1	  0.4	0.000	23.365	23.365
595	  V	  1.7	  0.2	0.000	23.130	23.130
596	  L	  1.2	  0.1	0.000	19.549	19.549
597	  G	  0.6	  0.3	0.541	0.000	0.000
598	  P	  0.0	  0.3	0.541	0.000	0.000
599	  R	  0.4	  0.4	0.541	0.000	0.000
600	  R	  2.6	  0.5	0.541	0.000	0.000
601	  L	  2.7	  0.3	0.541	0.000	0.000
602	  D	  2.3	  0.7	0.541	0.000	0.000
603	  K	  0.2	  0.6	0.313	0.000	0.000
604	  L	  0.2	  0.5	0.181	0.000	0.000
605	  G	  0.2	  0.6	0.181	0.000	0.000
606	  L	  0.1	  0.4	0.000	0.000	0.000
607	  G	  0.0	  0.8	0.174	0.000	0.000
608	  A	  0.1	  0.7	0.174	0.000	0.000
609	  D	  0.3	  0.6	0.174	0.000	0.000
610	  V	  1.9	  0.4	0.174	0.190	0.190
611	  A	  1.9	  0.0	0.174	0.190	0.190
612	  Q	  2.4	  0.0	0.174	0.190	0.190
613	  V	  1.6	  0.1	0.000	0.190	0.190
614	  T	  1.5	  0.2	0.523	0.190	0.190
615	  G	  0.7	  0.2	0.674	0.190	0.190
616	  A	  0.3	  0.2	0.674	0.190	0.190
617	  L	  0.9	  0.4	0.674	0.190	0.190
618	  R	  1.0	  0.5	0.674	0.000	0.000
619	  S	  0.8	  1.3	0.674	0.000	0.000
620	  G	  0.2	  1.6	0.423	0.000	0.000
621	  R	  0.1	  1.5	0.124	0.000	0.000
622	  G	  0.0	  1.2	0.386	0.000	0.000
623	  K	  0.3	  0.4	0.386	0.000	0.000
624	  M	  1.5	  0.0	0.386	0.424	0.424
625	  L	  2.0	  0.0	0.386	0.424	0.424
626	  L	  2.3	  0.0	0.386	0.424	0.424
627	  F	  2.6	  0.3	0.386	0.424	0.424
628	  S	  2.2	  0.7	0.122	0.424	0.424
629	  G	  1.5	  0.7	0.122	0.000	0.000
630	  R	  0.5	  0.7	0.122	0.000	0.000
631	  R	  0.9	  0.4	0.122	0.000	0.000
632	  L	  1.0	  0.1	0.122	0.000	0.000
633	  W	  2.2	  0.0	0.122	0.000	0.000
634	  R	  5.4	  0.0	0.000	0.000	0.000
635	  F	  8.9	  0.0	0.000	0.000	0.000
636	  D	  8.6	  0.0	0.210	0.000	0.000
637	  V	  7.1	  0.0	0.210	0.000	0.000
638	  K	  3.6	  0.0	0.210	0.000	0.000
639	  A	  2.4	  0.0	0.210	0.000	0.000
640	  Q	  1.3	  0.0	0.210	0.000	0.000
641	  M	  2.5	  0.0	0.210	0.000	0.000
642	  V	  2.4	  0.0	0.000	0.000	0.000
643	  D	  1.5	  0.5	0.758	0.000	0.000
644	  P	  0.2	  0.6	0.758	0.000	0.000
645	  R	  0.2	  0.6	0.758	0.000	0.000
646	  S	  3.2	  1.5	1.575	0.000	0.000
647	  A	  3.2	  1.0	1.575	0.000	0.000
648	  S	  3.1	  0.9	3.487	0.000	0.000
649	  E	  4.9	  0.9	3.061	0.000	0.000
650	  V	  5.0	  0.1	2.842	0.000	0.000
651	  D	  5.0	  0.0	2.842	0.000	0.000
652	  R	  1.3	  0.0	2.702	0.000	0.000
653	  M	  1.2	  0.0	2.702	0.000	0.000
654	  F	  1.2	  2.7	1.284	0.000	0.000
655	  P	  0.1	  2.7	0.000	0.000	0.000
656	  G	  0.0	  2.7	0.000	0.000	0.000
657	  V	  0.0	  2.7	0.000	0.000	0.000
658	  P	  0.0	  0.1	0.000	0.000	0.000
659	  L	  0.2	  0.1	0.000	0.000	0.000
660	  D	  0.3	  0.2	0.000	0.000	0.000
661	  T	  1.0	  0.3	0.000	0.000	0.000
662	  H	  1.3	  0.2	0.000	0.000	0.000
663	  D	  3.4	  0.1	0.000	0.000	0.000
664	  V	  6.9	  0.1	0.000	0.000	0.000
665	  F	 11.9	  0.0	0.000	0.000	0.000
666	  Q	 11.7	  0.0	0.108	0.000	0.000
667	  Y	  8.2	  0.0	0.108	0.000	0.000
668	  R	  2.6	  0.1	0.108	0.000	0.000
669	  E	  0.7	  0.1	0.108	0.000	0.000
670	  K	  0.2	  0.1	0.108	0.000	0.000
671	  A	  0.5	  0.1	0.108	0.000	0.000
672	  Y	  5.4	  0.0	0.108	0.000	0.000
673	  F	  7.3	  0.0	0.000	0.000	0.000
674	  C	  7.5	  0.4	0.000	0.000	0.000
675	  Q	  2.7	  0.4	0.000	0.000	0.000
676	  D	  0.6	  0.4	0.000	0.000	0.000
677	  R	  1.3	  0.4	0.000	0.000	0.000
678	  F	  2.5	  0.0	0.000	0.000	0.000
679	  Y	  3.8	  0.0	0.000	0.000	0.000
680	  W	  4.9	  0.0	0.000	0.000	0.000
681	  R	  5.0	  0.0	0.000	0.000	0.000
682	  V	  5.0	  0.1	0.000	0.000	0.000
683	  S	  2.9	  0.1	0.000	0.000	0.000
684	  S	  3.2	  0.7	0.150	0.000	0.000
685	  R	  2.0	  0.7	0.150	0.000	0.000
686	  S	  1.7	  0.7	0.150	0.000	0.000
687	  E	  1.0	  0.7	0.150	0.000	0.000
688	  L	  1.1	  0.2	0.150	0.000	0.000
689	  N	  1.3	  0.1	0.150	0.000	0.000
690	  Q	  0.9	  0.0	0.150	0.000	0.000
691	  V	  1.9	  0.0	0.000	0.000	0.000
692	  D	  1.8	  0.0	0.000	0.000	0.000
693	  Q	  1.4	  0.0	0.000	0.000	0.000
694	  V	  0.3	  0.0	0.000	0.929	0.929
695	  G	  0.2	  0.0	0.103	1.096	1.096
696	  Y	  0.9	  0.0	0.103	1.096	1.096
697	  V	  9.2	  0.0	0.103	1.096	1.096
698	  T	 16.2	  0.0	0.452	1.096	1.096
699	  Y	 18.3	  0.0	0.452	0.887	0.887
700	  D	 10.1	  0.0	0.452	0.000	0.000
701	  I	  4.5	  0.0	0.452	0.000	0.000
702	  L	  3.7	  0.0	0.452	0.000	0.000
703	  Q	  3.7	  0.0	0.452	0.000	0.000
704	  C	  2.4	  0.5	0.452	0.000	0.000
705	  P	  0.1	  0.5	0.000	0.000	0.000
706	  E	  0.0	  0.5	0.000	0.000	0.000
707	  D	  0.0	  0.5	0.000	0.000	0.000
