res	aa	Beta	Turn	Helix	Aggregation	Conc-Stab_Aggregation
01	  M	  0.5	  0.0	0.000	0.000	0.000
02	  A	  0.8	  0.0	0.000	0.000	0.000
03	  V	  2.4	  0.1	0.000	0.000	0.000
04	  E	  2.0	  0.2	0.000	0.000	0.000
05	  S	  1.7	  0.5	0.000	0.000	0.000
06	  Q	  0.2	  1.2	0.000	0.000	0.000
07	  G	  0.0	  1.1	0.000	0.000	0.000
08	  G	  0.0	  1.0	0.000	0.000	0.000
09	  R	  0.0	  0.7	0.000	0.000	0.000
10	  P	  0.0	  0.0	0.165	0.721	0.721
11	  L	  2.1	  0.0	0.335	59.678	59.678
12	  V	  2.7	  0.0	1.867	88.671	88.671
13	  L	  2.7	  0.0	1.867	91.107	91.107
14	  G	  0.7	  0.0	2.780	91.527	91.527
15	  L	  1.0	  0.0	2.780	96.135	96.135
16	  L	  2.1	  0.0	2.780	96.729	96.729
17	  L	  3.0	  0.0	2.780	95.656	95.656
18	  C	  3.8	  0.0	2.780	89.655	89.655
19	  V	  3.1	  0.0	2.488	88.560	88.560
20	  L	  2.2	  0.0	2.488	74.971	74.971
21	  G	  0.6	  0.0	2.045	0.058	0.058
22	  P	  0.0	  0.0	0.000	0.016	0.016
23	  V	  4.6	  0.0	0.000	0.000	0.000
24	  V	  7.0	  0.0	0.000	0.000	0.000
25	  S	  7.1	  0.1	0.000	0.000	0.000
26	  H	  2.7	  1.2	0.000	0.000	0.000
27	  A	  0.3	  1.2	0.000	0.000	0.000
28	  G	  0.1	  1.2	0.000	0.000	0.000
29	  K	  0.6	  1.1	0.000	0.000	0.000
30	  I	  3.8	  0.0	0.000	3.230	3.230
31	  L	  5.3	  0.0	0.000	3.230	3.230
32	  L	  4.8	  0.0	0.000	3.230	3.230
33	  I	  1.8	  0.0	0.000	3.230	3.230
34	  P	  0.1	  0.2	0.000	3.230	3.230
35	  V	  0.3	  0.4	0.000	0.000	0.000
36	  D	  0.2	  1.0	0.000	0.000	0.000
37	  G	  0.2	  1.0	0.000	0.000	0.000
38	  S	  0.5	  0.8	0.000	0.000	0.000
39	  H	  1.7	  0.6	0.000	0.000	0.000
40	  W	  2.3	  0.0	0.000	1.702	1.702
41	  L	  3.7	  0.0	0.000	1.889	1.889
42	  S	  2.8	  0.0	1.105	1.889	1.889
43	  M	  2.3	  0.0	1.105	2.200	2.200
44	  L	  0.4	  0.1	1.105	2.200	2.200
45	  G	  0.2	  0.1	1.690	1.271	1.271
46	  A	  0.2	  0.1	1.690	1.271	1.271
47	  I	  0.6	  0.1	1.690	1.271	1.271
48	  Q	  0.9	  0.0	1.690	0.000	0.000
49	  Q	  1.8	  0.0	1.690	0.000	0.000
50	  L	  1.6	  0.1	1.410	0.000	0.000
51	  Q	  1.4	  0.2	1.253	0.000	0.000
52	  Q	  0.4	  0.3	0.860	0.000	0.000
53	  R	  0.3	  0.3	0.338	0.000	0.000
54	  G	  0.1	  0.3	0.000	0.000	0.000
55	  H	  1.0	  0.2	0.000	0.000	0.000
56	  E	  1.3	  0.0	0.000	0.000	0.000
57	  I	 10.1	  0.0	0.000	1.082	1.082
58	  V	 16.4	  0.0	0.000	1.082	1.082
59	  V	 18.4	  0.0	0.000	1.082	1.082
60	  L	 10.1	  0.0	0.000	1.082	1.082
61	  A	  2.5	  0.8	0.000	1.082	1.082
62	  P	  0.0	  0.8	0.000	0.596	0.596
63	  D	  0.0	  1.8	0.000	0.000	0.000
64	  A	  0.5	  1.8	0.000	1.274	1.274
65	  S	  0.8	  1.0	0.000	1.274	1.274
66	  L	  1.5	  1.0	0.000	1.274	1.274
67	  Y	  2.4	  0.0	0.000	1.274	1.274
68	  I	  2.2	  0.3	0.000	1.274	1.274
69	  R	  1.6	  0.5	0.000	0.000	0.000
70	  D	  0.2	  0.6	0.000	0.000	0.000
71	  G	  0.0	  0.6	0.000	0.534	0.534
72	  A	  0.3	  0.3	0.000	16.750	16.750
73	  F	  1.5	  0.1	0.000	16.750	16.750
74	  Y	  6.3	  0.0	0.000	16.750	16.750
75	  T	  9.0	  0.0	0.000	16.750	16.750
76	  L	  8.0	  0.2	0.000	16.750	16.750
77	  K	  4.4	  0.2	0.000	0.000	0.000
78	  T	  2.0	  0.2	0.000	0.000	0.000
79	  Y	  1.9	  0.2	0.000	0.000	0.000
80	  P	  0.9	  0.0	0.000	0.000	0.000
81	  V	  0.1	  0.0	0.000	0.000	0.000
82	  P	  0.0	  0.0	0.000	0.000	0.000
83	  F	  2.2	  0.0	0.000	0.000	0.000
84	  Q	  2.4	  0.1	0.000	0.000	0.000
85	  R	  2.5	  0.5	0.000	0.000	0.000
86	  E	  0.4	  0.5	0.000	0.000	0.000
87	  D	  1.5	  0.5	0.000	0.000	0.000
88	  V	  3.0	  0.5	0.000	0.000	0.000
89	  K	  3.1	  0.1	0.000	0.000	0.000
90	  E	  1.9	  0.1	0.000	0.000	0.000
91	  S	  1.2	  0.1	0.000	2.188	2.188
92	  F	  2.7	  0.2	0.000	2.383	2.383
93	  V	  7.3	  0.1	0.000	2.383	2.383
94	  S	  6.5	  0.3	0.000	2.383	2.383
95	  L	  4.9	  0.4	0.000	2.383	2.383
96	  G	  0.2	  0.4	0.000	0.376	0.376
97	  H	  0.8	  0.4	0.000	0.000	0.000
98	  N	  5.0	  0.2	0.000	0.000	0.000
99	  V	  8.3	  0.1	0.000	0.000	0.000
100	  F	  8.5	  0.3	0.000	0.000	0.000
101	  E	  4.3	  0.4	0.000	0.000	0.000
102	  N	  0.9	  0.8	0.116	0.000	0.000
103	  D	  0.6	  0.8	0.366	0.000	0.000
104	  S	  1.1	  0.4	0.798	0.000	0.000
105	  F	  1.9	  0.4	0.798	0.000	0.000
106	  L	  1.4	  0.0	0.798	0.000	0.000
107	  Q	  1.5	  0.0	0.798	0.000	0.000
108	  R	  3.3	  0.0	0.798	0.000	0.000
109	  V	  5.4	  0.0	0.665	0.000	0.000
110	  I	  6.2	  0.1	0.665	0.000	0.000
111	  K	  4.2	  0.1	0.665	0.000	0.000
112	  T	 14.9	  0.1	0.193	0.000	0.000
113	  Y	 13.9	  0.2	0.193	0.000	0.000
114	  K	 13.5	  0.1	0.000	0.000	0.000
115	  K	  3.0	  0.1	0.000	0.000	0.000
116	  I	  2.9	  0.1	0.000	0.000	0.000
117	  K	  2.8	  0.4	0.000	0.000	0.000
118	  K	  0.5	  0.5	0.000	0.000	0.000
119	  D	  0.1	  0.5	0.203	0.000	0.000
120	  S	  0.2	  0.5	0.713	0.589	0.589
121	  A	  0.5	  0.1	0.713	0.589	0.589
122	  M	  1.6	  0.0	0.713	0.589	0.589
123	  L	  2.0	  0.1	0.713	0.589	0.589
124	  L	  1.8	  0.5	0.713	0.589	0.589
125	  S	  0.7	  1.3	0.713	0.000	0.000
126	  G	  0.3	  1.3	0.127	0.000	0.000
127	  C	  1.4	  1.3	0.000	0.000	0.000
128	  S	  1.5	  1.0	0.000	0.000	0.000
129	  H	  2.0	  0.1	0.000	0.000	0.000
130	  L	  1.3	  0.1	0.000	0.000	0.000
131	  L	  1.3	  0.1	0.000	0.000	0.000
132	  H	  0.8	  0.1	0.000	0.000	0.000
133	  N	  0.4	  0.1	0.341	0.000	0.000
134	  K	  0.3	  0.2	0.341	0.000	0.000
135	  E	  0.2	  0.1	0.341	0.000	0.000
136	  L	  0.4	  0.1	0.341	0.405	0.405
137	  M	  0.5	  0.2	0.341	0.405	0.405
138	  A	  0.9	  0.2	0.341	0.405	0.405
139	  S	  0.8	  0.2	0.341	0.405	0.405
140	  L	  0.6	  0.2	0.165	0.405	0.405
141	  A	  0.2	  0.2	0.165	0.186	0.186
142	  E	  0.1	  0.2	0.165	0.000	0.000
143	  S	  0.4	  0.2	0.000	0.000	0.000
144	  S	  7.9	  0.4	0.000	0.000	0.000
145	  F	 11.2	  0.3	0.000	0.000	0.000
146	  D	 11.1	  0.2	0.000	0.000	0.000
147	  V	  7.9	  0.2	0.000	0.000	0.000
148	  M	  4.4	  0.0	0.000	0.000	0.000
149	  L	  4.8	  0.0	0.000	0.000	0.000
150	  T	  0.8	  0.0	0.000	0.000	0.000
151	  D	  0.5	  0.1	0.000	0.000	0.000
152	  P	  0.0	  0.1	0.000	0.000	0.000
153	  F	  0.2	  0.1	0.000	0.000	0.000
154	  L	  0.2	  0.1	0.000	0.000	0.000
155	  P	  0.2	  0.0	0.000	0.000	0.000
156	  C	  0.2	  0.0	0.000	0.000	0.000
157	  S	  0.2	  0.0	0.318	0.000	0.000
158	  P	  0.2	  0.0	0.318	0.000	0.000
159	  I	  4.7	  0.0	0.318	6.014	6.014
160	  V	  6.2	  0.0	0.318	6.437	6.437
161	  A	  6.5	  0.0	0.318	6.437	6.437
162	  Q	  2.9	  0.0	0.318	6.437	6.437
163	  Y	  2.4	  0.1	0.147	6.437	6.437
164	  L	  5.5	  0.1	0.000	5.589	5.589
165	  S	  4.5	  0.1	0.000	0.547	0.547
166	  L	  3.6	  0.3	0.000	0.000	0.000
167	  P	  0.1	  0.2	0.000	1.089	1.089
168	  T	  5.8	  0.2	0.000	77.221	77.221
169	  V	  7.9	  0.2	0.000	79.002	79.002
170	  F	  8.9	  0.0	0.000	79.069	79.069
171	  F	  3.8	  0.0	0.000	79.069	79.069
172	  L	  2.0	  0.0	0.000	78.901	78.901
173	  H	  1.7	  0.0	0.000	2.874	2.874
174	  A	  1.1	  0.0	0.000	1.384	1.384
175	  L	  0.7	  0.0	0.000	0.056	0.056
176	  P	  0.1	  0.0	0.000	0.029	0.029
177	  C	  1.5	  0.1	0.000	0.000	0.000
178	  S	  2.5	  0.1	0.154	0.000	0.000
179	  L	  3.3	  0.1	0.154	0.000	0.000
180	  E	  2.7	  0.1	0.154	0.000	0.000
181	  F	  4.0	  0.0	0.294	0.000	0.000
182	  E	  3.4	  0.0	0.294	0.000	0.000
183	  A	  2.8	  0.1	0.294	0.000	0.000
184	  T	  2.4	  0.1	0.294	0.000	0.000
185	  Q	  2.2	  0.0	0.294	0.000	0.000
186	  C	  2.0	  0.0	0.294	0.000	0.000
187	  P	  0.1	  0.0	0.000	0.000	0.000
188	  N	  0.0	  0.2	0.000	0.000	0.000
189	  P	  0.0	  0.2	0.000	0.000	0.000
190	  F	  6.8	  0.2	0.000	0.000	0.000
191	  S	  8.3	  0.2	0.000	0.000	0.000
192	  Y	  8.5	  0.0	0.000	0.000	0.000
193	  V	  1.8	  0.0	0.000	0.000	0.000
194	  P	  0.2	  0.0	0.000	0.000	0.000
195	  R	  0.0	  0.0	0.000	0.000	0.000
196	  P	  0.0	  0.0	0.000	0.000	0.000
197	  L	  0.3	  0.1	0.000	0.000	0.000
198	  S	  0.6	  0.2	0.000	0.000	0.000
199	  S	  2.0	  0.4	0.000	0.000	0.000
200	  H	  1.7	  1.0	0.000	0.000	0.000
201	  S	  1.5	  1.0	0.000	0.000	0.000
202	  D	  0.0	  0.9	0.152	0.000	0.000
203	  H	  0.7	  0.6	0.152	0.000	0.000
204	  M	  5.5	  0.1	0.152	0.265	0.265
205	  T	  8.8	  0.0	0.853	0.265	0.265
206	  F	  8.9	  0.0	0.853	0.265	0.265
207	  L	  4.2	  0.0	0.965	0.265	0.265
208	  Q	  1.4	  0.0	0.965	0.265	0.265
209	  R	  2.1	  0.0	0.965	0.000	0.000
210	  V	  3.8	  0.1	0.965	0.000	0.000
211	  K	  3.3	  0.1	0.965	0.000	0.000
212	  N	  1.9	  0.1	1.189	0.489	0.489
213	  M	  1.1	  0.1	1.019	15.919	15.919
214	  L	  1.6	  0.0	0.486	19.927	19.927
215	  I	  3.4	  0.0	0.486	19.927	19.927
216	  A	  2.9	  0.0	0.486	19.927	19.927
217	  F	  4.5	  0.1	0.486	19.927	19.927
218	  S	  3.5	  1.3	0.124	6.896	6.896
219	  Q	  3.6	  1.3	0.000	1.607	1.607
220	  N	  1.6	  1.3	0.000	1.461	1.461
221	  F	  2.6	  1.3	0.000	1.461	1.461
222	  L	  2.1	  0.0	0.000	1.461	1.461
223	  C	  3.5	  0.0	0.000	0.232	0.232
224	  D	  2.7	  0.0	0.000	0.000	0.000
225	  V	  6.0	  0.0	0.000	0.000	0.000
226	  V	 12.5	  0.0	0.000	0.000	0.000
227	  Y	 11.8	  0.0	0.000	0.000	0.000
228	  S	  8.4	  0.3	0.000	0.000	0.000
229	  P	  0.4	  0.3	0.000	0.000	0.000
230	  Y	  0.3	  0.5	0.000	0.179	0.179
231	  A	  0.8	  0.5	0.000	0.179	0.179
232	  T	  1.3	  0.2	0.000	0.179	0.179
233	  L	  1.1	  0.2	0.000	0.179	0.179
234	  A	  0.6	  0.1	0.000	0.179	0.179
235	  S	  0.2	  0.1	0.231	0.000	0.000
236	  E	  0.2	  0.1	0.231	0.000	0.000
237	  F	  1.0	  0.1	0.231	0.000	0.000
238	  L	  1.0	  0.0	0.231	0.000	0.000
239	  Q	  1.1	  0.0	0.231	0.000	0.000
240	  R	  0.4	  0.0	0.231	0.000	0.000
241	  E	  4.7	  0.0	0.123	0.000	0.000
242	  V	 22.0	  0.0	0.000	0.000	0.000
243	  T	 29.9	  0.0	1.735	0.000	0.000
244	  V	 26.8	  0.1	1.735	0.000	0.000
245	  Q	 10.3	  0.1	1.735	0.000	0.000
246	  D	  1.0	  0.1	1.735	0.000	0.000
247	  L	  0.5	  0.1	1.735	17.594	17.594
248	  L	  0.7	  0.1	1.735	20.816	20.816
249	  S	  0.8	  0.1	1.473	20.816	20.816
250	  S	  3.5	  1.0	0.550	21.405	21.405
251	  A	  3.6	  1.0	0.000	26.890	26.890
252	  S	  4.3	  0.9	0.000	32.969	32.969
253	  V	  3.7	  0.9	0.000	36.159	36.159
254	  W	  3.6	  0.0	0.000	36.430	36.430
255	  L	  3.0	  0.0	0.000	36.430	36.430
256	  F	  2.5	  0.1	0.000	34.470	34.470
257	  R	  2.2	  0.6	0.000	4.184	4.184
258	  S	  2.1	  0.6	0.166	4.184	4.184
259	  D	  0.6	  0.6	0.634	4.184	4.184
260	  F	  2.6	  0.5	0.634	4.184	4.184
261	  V	  4.1	  0.3	0.634	4.184	4.184
262	  K	  3.8	  0.3	0.634	0.000	0.000
263	  D	  1.7	  0.3	0.634	0.000	0.000
264	  Y	  0.2	  0.3	0.634	0.000	0.000
265	  P	  0.1	  0.0	0.000	0.000	0.000
266	  R	  0.0	  0.0	0.000	0.000	0.000
267	  P	  0.0	  0.0	0.000	0.000	0.000
268	  I	  0.4	  0.0	0.000	0.000	0.000
269	  M	  0.4	  0.6	0.000	0.000	0.000
270	  P	  0.4	  0.6	0.000	0.000	0.000
271	  N	  0.3	  0.6	0.000	3.920	3.920
272	  M	  1.9	  0.6	0.000	19.988	19.988
273	  V	  8.0	  0.0	0.000	27.299	27.299
274	  F	  8.3	  0.0	0.000	27.824	27.824
275	  V	  6.8	  1.0	0.000	27.824	27.824
276	  G	  0.8	  1.1	0.000	24.479	24.479
277	  G	  0.3	  1.1	0.000	16.452	16.452
278	  I	  4.7	  1.1	0.000	15.148	15.148
279	  N	  4.8	  0.1	0.000	1.109	1.109
280	  C	  5.8	  0.0	0.000	0.593	0.593
281	  L	  1.5	  0.0	0.000	0.593	0.593
282	  H	  2.0	  0.0	0.000	0.000	0.000
283	  Q	  0.7	  0.0	0.000	0.000	0.000
284	  N	  0.6	  0.3	0.000	0.000	0.000
285	  P	  0.0	  0.3	0.000	0.000	0.000
286	  L	  0.2	  0.3	0.000	0.000	0.000
287	  S	  0.5	  0.4	0.824	0.000	0.000
288	  Q	  0.9	  0.1	0.824	0.000	0.000
289	  E	  1.5	  0.1	1.184	0.000	0.000
290	  F	  3.6	  0.1	1.184	0.000	0.000
291	  E	  3.3	  0.0	1.184	0.000	0.000
292	  A	  2.8	  0.0	1.184	0.000	0.000
293	  Y	  1.8	  0.1	1.184	0.000	0.000
294	  I	  2.6	  0.0	1.063	0.000	0.000
295	  N	  2.4	  4.4	1.063	0.000	0.000
296	  A	  1.1	  4.6	0.587	0.000	0.000
297	  S	  0.2	  4.9	0.435	0.000	0.000
298	  G	  0.1	  5.2	0.000	0.000	0.000
299	  E	  0.1	  1.2	0.000	0.000	0.000
300	  H	  0.2	  1.0	0.000	0.038	0.038
301	  G	  0.3	  0.7	0.000	7.365	7.365
302	  I	  8.8	  0.4	0.000	85.014	85.014
303	  V	 11.9	  0.0	0.000	91.773	91.773
304	  V	 16.0	  0.0	0.000	91.844	91.844
305	  F	 10.4	  0.1	0.000	91.844	91.844
306	  S	  7.1	  0.3	0.000	88.005	88.005
307	  L	  3.0	  0.8	0.000	77.252	77.252
308	  G	  0.2	  0.8	0.000	12.767	12.767
309	  S	  0.4	  0.7	0.000	6.921	6.921
310	  M	  1.4	  0.5	0.000	6.201	6.201
311	  V	  1.8	  0.0	0.000	5.380	5.380
312	  S	  1.5	  0.0	0.000	0.591	0.591
313	  E	  0.6	  0.0	0.000	0.000	0.000
314	  I	  0.2	  0.0	0.140	0.000	0.000
315	  P	  0.1	  0.1	0.615	0.000	0.000
316	  E	  0.4	  0.1	0.615	0.000	0.000
317	  K	  0.5	  0.1	0.615	0.000	0.000
318	  K	  0.6	  0.1	0.615	0.000	0.000
319	  A	  0.3	  0.1	0.615	0.456	0.456
320	  M	  0.7	  0.0	0.740	0.456	0.456
321	  A	  0.8	  0.0	1.147	0.456	0.456
322	  I	  0.9	  0.2	1.287	0.456	0.456
323	  A	  0.4	  0.2	1.287	0.456	0.456
324	  D	  0.1	  0.7	1.287	0.000	0.000
325	  A	  0.1	  0.9	1.287	0.000	0.000
326	  L	  0.1	  0.7	1.287	0.000	0.000
327	  G	  0.1	  0.7	1.287	0.000	0.000
328	  K	  0.2	  0.2	0.444	0.000	0.000
329	  I	  0.2	  0.0	0.000	0.000	0.000
330	  P	  0.2	  0.1	0.298	0.000	0.000
331	  Q	  0.4	  0.1	0.298	0.143	0.143
332	  T	  4.2	  0.1	0.574	0.143	0.143
333	  V	  5.5	  0.1	0.574	0.143	0.143
334	  L	  5.2	  0.0	0.574	0.143	0.143
335	  W	  3.0	  0.0	0.574	0.143	0.143
336	  R	  3.5	  0.0	0.574	0.000	0.000
337	  Y	  4.9	  0.1	0.396	0.000	0.000
338	  T	  3.4	  0.2	0.000	0.000	0.000
339	  G	  1.6	  0.2	0.000	0.000	0.000
340	  T	  0.2	  0.2	0.000	0.000	0.000
341	  R	  0.2	  0.7	0.000	0.000	0.000
342	  P	  0.1	  0.8	0.000	0.000	0.000
343	  S	  0.0	  0.8	0.000	0.000	0.000
344	  N	  0.0	  0.8	0.000	0.000	0.000
345	  L	  0.1	  0.6	0.000	0.000	0.000
346	  A	  0.1	  0.4	0.000	0.000	0.000
347	  N	  0.1	  0.4	0.160	0.000	0.000
348	  N	  1.3	  0.4	0.402	0.368	0.368
349	  T	  4.0	  0.1	0.402	0.368	0.368
350	  I	  7.2	  0.0	0.402	0.368	0.368
351	  L	  6.6	  0.0	0.402	0.368	0.368
352	  V	  6.5	  0.0	0.402	0.368	0.368
353	  K	  3.6	  0.0	0.402	0.000	0.000
354	  W	  3.0	  0.0	0.000	0.000	0.000
355	  L	  0.4	  0.2	0.000	0.000	0.000
356	  P	  0.1	  0.5	0.000	0.000	0.000
357	  Q	  0.0	  0.6	0.000	0.000	0.000
358	  N	  0.0	  0.6	0.368	0.000	0.000
359	  D	  0.1	  0.5	0.368	0.000	0.000
360	  L	  0.1	  0.2	0.368	0.000	0.000
361	  L	  0.2	  0.2	0.368	0.000	0.000
362	  G	  0.2	  0.2	0.368	0.000	0.000
363	  H	  0.1	  0.2	0.368	0.000	0.000
364	  P	  0.0	  0.2	0.000	0.000	0.000
365	  M	  0.2	  0.2	0.000	0.000	0.000
366	  T	  0.5	  0.2	0.000	0.000	0.000
367	  R	  0.8	  0.0	0.000	0.000	0.000
368	  A	  0.9	  0.0	0.000	0.000	0.000
369	  F	  1.5	  0.0	0.000	0.000	0.000
370	  I	  3.6	  0.0	0.000	0.000	0.000
371	  T	  4.0	  0.0	0.000	0.000	0.000
372	  H	  3.2	  1.1	0.000	0.000	0.000
373	  A	  0.9	  1.6	0.000	0.000	0.000
374	  G	  0.1	  1.9	0.000	0.000	0.000
375	  S	  0.2	  2.2	0.000	0.000	0.000
376	  H	  0.3	  1.2	0.000	0.000	0.000
377	  G	  0.3	  0.7	0.339	0.000	0.000
378	  V	  3.6	  0.4	0.339	0.000	0.000
379	  Y	  4.7	  0.2	0.339	0.000	0.000
380	  E	  4.7	  0.2	0.339	0.000	0.000
381	  S	  1.8	  0.2	0.339	0.000	0.000
382	  I	  0.7	  0.3	0.339	0.000	0.000
383	  C	  0.8	  5.0	0.339	0.000	0.000
384	  N	  0.3	  5.0	0.339	0.000	0.000
385	  G	  0.1	  5.0	0.171	0.000	0.000
386	  V	  0.1	  4.9	0.000	0.000	0.000
387	  P	  0.0	  0.0	0.000	0.000	0.000
388	  M	  2.6	  0.0	0.000	0.000	0.000
389	  V	 11.6	  0.0	0.000	0.000	0.000
390	  M	 11.8	  0.0	0.000	0.000	0.000
391	  M	  9.4	  0.3	0.000	0.000	0.000
392	  P	  0.1	  0.3	0.000	0.000	0.000
393	  L	  0.2	  0.4	0.000	0.000	0.000
394	  F	  0.2	  2.2	0.000	0.000	0.000
395	  G	  0.2	  2.0	0.000	0.000	0.000
396	  D	  0.1	  2.0	0.233	0.000	0.000
397	  Q	  0.8	  2.0	0.233	0.000	0.000
398	  M	  0.9	  0.3	0.233	0.000	0.000
399	  D	  0.9	  0.3	1.443	0.000	0.000
400	  N	  0.2	  0.5	2.373	0.000	0.000
401	  A	  0.2	  0.4	2.373	0.000	0.000
402	  K	  0.4	  0.2	2.373	0.000	0.000
403	  R	  0.7	  0.2	2.140	0.000	0.000
404	  M	  0.7	  0.1	2.140	0.000	0.000
405	  E	  1.0	  0.1	1.628	0.000	0.000
406	  T	  0.6	  0.5	0.905	0.000	0.000
407	  K	  0.6	  0.7	0.905	0.000	0.000
408	  G	  0.1	  1.0	0.358	0.000	0.000
409	  A	  0.0	  1.0	0.000	1.380	1.380
410	  G	  0.1	  0.5	0.000	1.566	1.566
411	  V	  7.4	  0.4	0.000	4.020	4.020
412	  T	  9.1	  0.0	0.000	4.197	4.197
413	  L	 11.9	  0.0	0.000	4.197	4.197
414	  N	  5.0	  0.0	0.000	4.197	4.197
415	  V	  4.3	  0.0	0.000	4.197	4.197
416	  L	  1.9	  0.0	0.000	3.603	3.603
417	  E	  2.3	  0.0	0.000	0.000	0.000
418	  M	  1.7	  0.0	0.000	0.000	0.000
419	  T	  1.2	  0.1	13.640	0.000	0.000
420	  S	  0.7	  1.7	16.034	0.000	0.000
421	  E	  0.2	  1.7	16.034	0.000	0.000
422	  D	  0.2	  1.7	21.068	0.000	0.000
423	  L	  0.3	  1.8	21.197	0.000	0.000
424	  E	  0.3	  0.2	21.418	0.000	0.000
425	  N	  0.1	  0.2	22.097	0.000	0.000
426	  A	  0.2	  0.2	20.838	0.000	0.000
427	  L	  0.4	  0.0	20.183	0.000	0.000
428	  K	  0.6	  0.0	18.756	0.000	0.000
429	  A	  1.3	  0.0	12.290	0.000	0.000
430	  V	  5.9	  0.0	8.709	0.000	0.000
431	  I	  5.8	  0.1	8.006	0.000	0.000
432	  N	  5.0	  0.1	8.006	0.000	0.000
433	  D	  0.1	  0.8	3.910	0.000	0.000
434	  K	  0.4	  0.8	0.961	0.000	0.000
435	  S	  1.9	  0.8	1.116	0.000	0.000
436	  Y	  2.6	  0.8	0.953	0.000	0.000
437	  K	  2.3	  0.2	0.953	0.000	0.000
438	  E	  0.8	  0.2	0.953	0.000	0.000
439	  N	  0.2	  0.2	1.725	0.000	0.000
440	  I	  2.9	  0.2	1.725	0.000	0.000
441	  M	  4.8	  0.0	1.725	0.000	0.000
442	  R	  5.1	  0.0	1.374	0.000	0.000
443	  L	  2.7	  0.1	1.175	0.000	0.000
444	  S	  0.8	  0.2	1.009	0.000	0.000
445	  S	  1.1	  0.2	0.157	0.000	0.000
446	  L	  1.0	  0.2	0.000	0.000	0.000
447	  H	  1.1	  0.7	0.000	0.000	0.000
448	  K	  0.5	  0.6	0.000	0.000	0.000
449	  D	  0.3	  0.6	0.000	0.000	0.000
450	  R	  0.1	  0.6	0.000	0.000	0.000
451	  P	  0.0	  0.0	0.000	0.000	0.000
452	  V	  0.8	  0.0	0.000	0.000	0.000
453	  E	  0.8	  0.0	0.000	0.000	0.000
454	  P	  0.8	  0.1	0.000	0.000	0.000
455	  L	  1.0	  0.2	0.000	0.000	0.000
456	  D	  1.1	  0.2	1.013	0.000	0.000
457	  L	  1.4	  0.2	1.013	76.752	76.752
458	  A	  1.0	  0.0	1.013	90.489	90.489
459	  V	  2.6	  0.0	1.013	92.081	92.081
460	  F	  3.2	  0.0	1.380	92.215	92.215
461	  W	  3.8	  0.0	2.277	92.226	92.226
462	  V	  5.5	  0.0	2.541	90.507	90.507
463	  E	  4.6	  0.0	2.541	66.567	66.567
464	  F	  5.2	  0.0	2.541	66.567	66.567
465	  V	  3.9	  0.0	2.541	66.567	66.567
466	  M	  4.7	  0.0	2.541	66.558	66.558
467	  R	  3.4	  0.1	2.541	66.546	66.546
468	  H	  1.3	  0.9	2.541	0.488	0.488
469	  K	  0.4	  0.9	1.277	0.000	0.000
470	  G	  0.1	  0.9	0.244	0.000	0.000
471	  A	  0.0	  1.1	0.000	0.000	0.000
472	  P	  0.0	  0.2	0.000	0.000	0.000
473	  H	  1.7	  0.2	0.000	0.000	0.000
474	  L	  1.9	  0.2	0.000	0.000	0.000
475	  R	  1.9	  0.0	0.000	0.000	0.000
476	  P	  0.2	  0.0	0.000	0.000	0.000
477	  A	  0.1	  0.0	0.000	0.000	0.000
478	  A	  0.2	  0.1	0.000	0.000	0.000
479	  H	  0.3	  0.1	0.000	0.000	0.000
480	  D	  0.4	  0.1	0.000	0.000	0.000
481	  L	  3.5	  0.1	0.000	0.764	0.764
482	  T	  7.8	  0.0	0.105	0.764	0.764
483	  W	  8.8	  0.0	0.105	0.764	0.764
484	  Y	 11.0	  0.0	0.105	0.764	0.764
485	  Q	  8.0	  0.0	0.105	0.764	0.764
486	  Y	  7.3	  0.0	0.105	0.764	0.764
487	  H	  2.2	  0.1	0.105	0.000	0.000
488	  S	  2.9	  0.7	0.000	0.000	0.000
489	  L	  4.5	  0.7	0.000	0.000	0.000
490	  D	  6.2	  0.7	1.179	0.000	0.000
491	  V	  5.0	  0.7	1.179	90.318	90.318
492	  I	  3.0	  0.1	1.179	97.992	97.992
493	  G	  1.2	  0.1	1.179	98.144	98.144
494	  F	  0.9	  0.1	1.179	99.827	99.827
495	  L	  0.9	  0.0	1.179	99.964	99.964
496	  L	  1.3	  0.0	1.179	99.989	99.989
497	  A	  1.2	  0.0	1.179	99.994	99.994
498	  V	  8.2	  0.0	0.982	99.999	99.999
499	  V	  9.4	  0.0	0.982	100.000	100.000
500	  L	 12.0	  0.0	0.982	99.999	99.999
501	  T	  8.0	  0.0	0.582	99.997	99.997
502	  V	  7.6	  0.0	0.582	99.995	99.995
503	  A	  4.6	  0.0	0.582	99.976	99.976
504	  F	  2.1	  0.0	0.318	99.959	99.959
505	  I	 12.3	  0.0	0.089	99.758	99.758
506	  T	 22.2	  0.0	0.089	97.559	97.559
507	  F	 24.5	  0.0	0.089	89.704	89.704
508	  K	 15.9	  0.0	0.089	0.000	0.000
509	  C	 22.0	  0.0	0.000	0.000	0.000
510	  C	 18.6	  0.3	0.000	0.000	0.000
511	  A	 16.5	  0.3	0.000	0.000	0.000
512	  Y	  0.7	  0.3	0.000	0.000	0.000
513	  G	  0.3	  0.3	0.569	0.000	0.000
514	  Y	  1.7	  0.1	0.569	0.000	0.000
515	  R	  1.5	  0.1	0.569	0.000	0.000
516	  K	  2.0	  0.1	0.569	0.000	0.000
517	  C	  0.9	  0.4	0.569	0.000	0.000
518	  L	  0.8	  0.4	0.569	0.000	0.000
519	  G	  0.3	  0.6	0.569	0.000	0.000
520	  K	  0.0	  1.5	0.208	0.000	0.000
521	  K	  0.0	  1.2	0.000	0.000	0.000
522	  G	  0.0	  1.2	0.000	0.000	0.000
523	  R	  1.6	  0.9	0.000	0.000	0.000
524	  V	  2.3	  0.1	0.000	0.000	0.000
525	  K	  2.3	  0.0	0.000	0.000	0.000
526	  K	  0.9	  0.0	0.000	0.000	0.000
527	  A	  0.4	  0.1	0.000	0.000	0.000
528	  H	  0.8	  0.3	0.000	0.000	0.000
529	  K	  1.2	  0.3	0.000	0.000	0.000
530	  S	  1.7	  0.5	0.000	0.000	0.000
531	  K	  1.7	  0.4	0.000	0.000	0.000
532	  T	  1.2	  0.2	0.000	0.000	0.000
533	  H	  0.5	  0.1	0.000	0.000	0.000
