res	aa	Beta	Turn	Helix	Aggregation	Conc-Stab_Aggregation
01	  M	  0.0	  0.1	0.000	0.000	0.000
02	  A	  0.1	  0.2	0.000	0.000	0.000
03	  G	  0.2	  0.3	0.206	0.000	0.000
04	  L	  0.5	  0.3	0.206	0.000	0.000
05	  N	  0.5	  0.2	8.043	0.000	0.000
06	  S	  1.3	  0.2	16.625	0.000	0.000
07	  L	  1.0	  0.1	17.887	0.000	0.000
08	  E	  1.1	  0.1	19.442	0.000	0.000
09	  A	  0.8	  0.0	19.442	0.000	0.000
10	  V	  2.2	  0.0	19.442	0.000	0.000
11	  K	  2.5	  0.0	19.266	0.000	0.000
12	  R	  2.4	  0.0	16.413	0.000	0.000
13	  K	  1.3	  0.0	14.570	0.000	0.000
14	  I	  1.3	  0.0	8.838	0.000	0.000
15	  Q	  0.9	  0.0	8.838	0.000	0.000
16	  A	  0.6	  0.0	6.920	0.000	0.000
17	  L	  0.5	  0.0	6.384	0.000	0.000
18	  Q	  0.6	  0.1	4.679	0.000	0.000
19	  Q	  0.5	  0.1	2.701	0.000	0.000
20	  Q	  0.4	  0.3	0.845	0.000	0.000
21	  A	  0.1	  0.3	0.148	0.000	0.000
22	  D	  0.1	  0.4	2.546	0.000	0.000
23	  E	  0.0	  0.3	2.605	0.000	0.000
24	  A	  0.1	  0.4	2.738	0.000	0.000
25	  E	  0.1	  0.4	2.738	0.000	0.000
26	  D	  0.0	  0.4	3.081	0.000	0.000
27	  R	  0.1	  0.6	3.081	0.000	0.000
28	  A	  0.1	  0.4	2.951	0.000	0.000
29	  Q	  0.1	  0.4	2.672	0.000	0.000
30	  G	  0.0	  0.4	1.795	0.000	0.000
31	  L	  0.1	  0.2	1.459	0.000	0.000
32	  Q	  0.4	  0.1	0.892	0.000	0.000
33	  R	  0.4	  0.1	0.679	0.000	0.000
34	  E	  0.9	  0.3	0.679	0.000	0.000
35	  L	  0.7	  0.5	1.564	0.000	0.000
36	  D	  0.7	  0.6	4.933	0.000	0.000
37	  G	  0.1	  0.6	15.635	0.000	0.000
38	  E	  0.1	  0.5	15.742	0.000	0.000
39	  R	  0.1	  0.2	15.742	0.000	0.000
40	  E	  0.2	  0.1	15.742	0.000	0.000
41	  R	  0.3	  0.1	15.742	0.000	0.000
42	  R	  0.3	  0.2	15.522	0.000	0.000
43	  E	  0.2	  0.1	13.112	0.000	0.000
44	  K	  0.4	  0.3	10.514	0.000	0.000
45	  A	  0.4	  0.6	7.595	0.000	0.000
46	  E	  0.3	  0.9	5.534	0.000	0.000
47	  G	  0.0	  0.9	4.130	0.000	0.000
48	  D	  0.2	  0.8	5.353	0.000	0.000
49	  V	  1.4	  0.4	4.791	0.000	0.000
50	  A	  1.5	  0.0	4.960	0.000	0.000
51	  A	  1.5	  0.0	4.960	0.000	0.000
52	  L	  0.3	  0.0	4.960	0.000	0.000
53	  N	  0.3	  0.0	4.597	0.000	0.000
54	  R	  1.8	  0.0	3.379	0.000	0.000
55	  R	  3.2	  0.0	1.660	0.000	0.000
56	  I	  4.6	  0.0	0.437	0.000	0.000
57	  Q	  3.6	  0.0	0.437	0.000	0.000
58	  L	  2.5	  0.0	0.000	0.000	0.000
59	  V	  1.6	  0.0	0.556	0.000	0.000
60	  E	  0.8	  0.1	0.827	0.000	0.000
61	  E	  0.6	  0.1	1.406	0.000	0.000
62	  E	  0.8	  0.2	1.635	0.000	0.000
63	  L	  0.8	  0.2	1.635	0.000	0.000
64	  D	  0.8	  0.2	2.879	0.000	0.000
65	  R	  0.2	  0.2	3.685	0.000	0.000
66	  A	  0.2	  0.1	3.816	0.000	0.000
67	  Q	  0.2	  0.1	3.674	0.000	0.000
68	  E	  0.2	  0.1	2.610	0.000	0.000
69	  R	  0.3	  0.1	2.739	0.000	0.000
70	  L	  0.2	  0.1	2.485	0.825	0.825
71	  A	  0.3	  0.0	2.181	0.825	0.825
72	  T	  0.7	  0.0	2.059	0.825	0.825
73	  A	  0.8	  0.0	2.059	0.825	0.825
74	  L	  0.9	  0.0	2.059	0.825	0.825
75	  Q	  0.7	  0.1	1.761	0.000	0.000
76	  K	  2.1	  0.1	0.545	0.000	0.000
77	  L	  1.9	  0.1	0.143	0.000	0.000
78	  E	  1.6	  0.1	0.531	0.000	0.000
79	  E	  0.1	  0.1	0.531	0.000	0.000
80	  A	  0.1	  0.1	0.531	0.000	0.000
81	  E	  0.2	  0.1	0.531	0.000	0.000
82	  K	  0.3	  0.1	0.531	0.000	0.000
83	  A	  0.3	  0.4	0.388	0.000	0.000
84	  A	  0.2	  0.4	0.255	0.000	0.000
85	  D	  0.0	  1.9	1.142	0.000	0.000
86	  E	  0.0	  1.9	1.144	0.000	0.000
87	  S	  0.1	  1.9	1.300	0.000	0.000
88	  E	  0.1	  2.0	1.300	0.000	0.000
89	  R	  0.2	  0.4	1.300	0.000	0.000
90	  G	  0.1	  0.4	1.300	0.000	0.000
91	  M	  2.2	  0.1	0.989	0.000	0.000
92	  K	  4.5	  0.0	0.294	0.000	0.000
93	  V	  7.8	  0.0	0.000	0.000	0.000
94	  I	  5.8	  0.1	0.000	0.000	0.000
95	  E	  3.4	  0.1	0.000	0.000	0.000
96	  N	  0.2	  0.2	0.968	0.000	0.000
97	  R	  0.2	  0.2	0.968	0.000	0.000
98	  A	  0.4	  0.0	0.968	0.000	0.000
99	  M	  0.6	  0.2	0.968	0.000	0.000
100	  K	  0.5	  0.2	0.968	0.000	0.000
101	  D	  0.2	  0.5	0.968	0.000	0.000
102	  E	  0.2	  0.5	0.743	0.000	0.000
103	  E	  0.2	  0.3	0.127	0.000	0.000
104	  K	  2.1	  0.2	0.000	0.000	0.000
105	  M	  3.7	  0.0	0.000	0.000	0.000
106	  E	  4.3	  0.0	0.420	0.000	0.000
107	  I	  2.6	  0.0	0.420	0.000	0.000
108	  Q	  0.9	  0.0	0.793	0.000	0.000
109	  E	  0.6	  0.0	0.793	0.000	0.000
110	  M	  2.4	  0.0	0.793	0.000	0.000
111	  Q	  3.3	  0.0	0.976	0.000	0.000
112	  L	  3.0	  0.1	0.976	0.000	0.000
113	  K	  1.2	  0.1	0.976	0.000	0.000
114	  E	  0.6	  0.1	0.810	0.000	0.000
115	  A	  0.7	  0.1	0.687	0.000	0.000
116	  K	  1.1	  0.1	0.687	0.000	0.000
117	  H	  5.1	  0.0	0.574	0.000	0.000
118	  I	  5.3	  0.0	1.517	0.000	0.000
119	  A	  4.8	  0.1	2.882	0.000	0.000
120	  E	  0.4	  0.1	4.672	0.000	0.000
121	  E	  0.1	  0.2	6.004	0.000	0.000
122	  A	  0.1	  0.3	6.307	0.000	0.000
123	  D	  0.1	  0.3	16.059	0.000	0.000
124	  R	  0.4	  0.2	16.582	0.000	0.000
125	  K	  3.2	  0.1	18.470	0.000	0.000
126	  Y	  3.7	  0.1	17.971	0.000	0.000
127	  E	  3.4	  0.1	18.559	0.000	0.000
128	  E	  1.9	  0.1	18.897	0.000	0.000
129	  V	  2.1	  0.1	18.661	0.000	0.000
130	  A	  2.2	  0.0	18.661	0.000	0.000
131	  R	  1.1	  0.0	18.287	0.000	0.000
132	  K	  0.8	  0.0	17.321	1.472	1.472
133	  L	  2.6	  0.0	5.821	1.472	1.472
134	  V	  8.4	  0.0	2.729	1.472	1.472
135	  I	  8.6	  0.0	2.457	1.472	1.472
136	  L	  6.7	  0.3	2.457	1.472	1.472
137	  E	  0.7	  0.5	1.905	1.472	1.472
138	  G	  0.0	  0.5	1.232	0.122	0.122
139	  E	  0.2	  0.5	0.963	0.000	0.000
140	  L	  0.2	  0.3	0.963	0.000	0.000
141	  E	  0.3	  0.1	0.963	0.000	0.000
142	  R	  0.3	  0.1	1.318	0.000	0.000
143	  A	  0.2	  0.1	1.318	0.000	0.000
144	  E	  0.1	  0.1	0.940	0.000	0.000
145	  E	  0.1	  0.1	0.542	0.000	0.000
146	  R	  0.2	  0.1	0.356	0.000	0.000
147	  A	  0.4	  0.0	0.356	0.000	0.000
148	  E	  3.3	  0.0	0.232	0.000	0.000
149	  V	  3.6	  0.0	0.000	0.000	0.000
150	  S	  3.4	  0.1	0.000	0.000	0.000
151	  E	  1.7	  0.1	0.000	0.000	0.000
152	  L	  3.4	  0.2	0.000	0.000	0.000
153	  K	  3.6	  0.2	0.168	0.000	0.000
154	  C	  2.4	  0.8	0.168	0.000	0.000
155	  G	  0.4	  0.8	0.517	0.000	0.000
156	  D	  0.3	  0.8	6.377	0.000	0.000
157	  L	  0.2	  0.8	7.427	0.000	0.000
158	  E	  0.2	  0.1	8.760	0.000	0.000
159	  E	  0.0	  0.1	8.760	0.000	0.000
160	  E	  1.2	  0.1	8.760	0.000	0.000
161	  L	  1.4	  0.2	8.760	0.000	0.000
162	  K	  1.6	  0.2	8.760	0.000	0.000
163	  N	  2.4	  0.1	7.865	0.000	0.000
164	  V	  4.0	  0.2	1.049	0.000	0.000
165	  T	  3.8	  0.1	0.789	0.000	0.000
166	  N	  1.8	  0.1	0.789	0.000	0.000
167	  N	  0.4	  0.1	0.620	0.000	0.000
168	  L	  0.7	  0.2	0.128	0.000	0.000
169	  K	  0.9	  0.2	0.128	0.000	0.000
170	  S	  1.7	  0.1	0.335	0.000	0.000
171	  L	  1.5	  0.2	0.335	0.000	0.000
172	  E	  1.4	  0.1	0.335	0.000	0.000
173	  A	  0.4	  0.2	0.335	0.000	0.000
174	  A	  0.2	  0.2	0.335	0.000	0.000
175	  S	  0.2	  0.3	0.335	0.000	0.000
176	  E	  0.3	  0.3	0.000	0.000	0.000
177	  K	  1.0	  0.2	0.000	0.000	0.000
178	  Y	  1.6	  0.2	0.000	0.000	0.000
179	  S	  1.5	  0.1	0.000	0.000	0.000
180	  E	  0.8	  0.2	0.000	0.000	0.000
181	  K	  0.2	  0.7	0.000	0.000	0.000
182	  E	  0.2	  0.6	0.000	0.000	0.000
183	  D	  0.2	  0.6	2.175	0.000	0.000
184	  K	  3.4	  0.5	3.489	0.000	0.000
185	  Y	  3.9	  0.1	4.283	0.000	0.000
186	  E	  3.8	  0.1	4.592	0.000	0.000
187	  E	  0.6	  0.1	4.881	0.000	0.000
188	  E	  6.2	  0.1	5.045	0.000	0.000
189	  I	 11.0	  0.0	5.045	0.000	0.000
190	  K	 11.2	  0.0	5.045	0.000	0.000
191	  L	  5.7	  0.0	4.715	0.000	0.000
192	  L	  0.7	  0.2	4.234	0.000	0.000
193	  S	  0.4	  0.3	5.719	0.000	0.000
194	  D	  0.0	  0.4	5.170	0.000	0.000
195	  K	  1.0	  0.4	4.676	0.000	0.000
196	  L	  1.1	  0.2	4.226	0.000	0.000
197	  K	  1.2	  0.2	4.226	0.000	0.000
198	  E	  0.2	  0.1	3.812	0.000	0.000
199	  A	  0.2	  0.2	3.150	0.000	0.000
200	  E	  0.1	  0.1	2.377	0.000	0.000
201	  T	  0.3	  0.1	1.346	0.000	0.000
202	  R	  0.4	  0.1	1.346	0.000	0.000
203	  A	  0.5	  0.0	1.041	0.000	0.000
204	  E	  0.6	  0.0	0.589	0.000	0.000
205	  F	  0.8	  0.0	0.261	0.000	0.000
206	  A	  0.8	  0.0	0.261	0.000	0.000
207	  E	  0.7	  0.1	0.261	0.000	0.000
208	  R	  1.0	  0.1	0.261	0.000	0.000
209	  T	  5.1	  0.1	0.521	0.000	0.000
210	  V	  5.5	  0.0	0.521	0.000	0.000
211	  A	  5.1	  0.0	0.521	0.000	0.000
212	  K	  2.5	  0.0	0.379	0.000	0.000
213	  L	  1.9	  0.1	0.260	0.000	0.000
214	  E	  1.9	  0.1	0.260	0.000	0.000
215	  K	  1.2	  0.1	0.134	0.000	0.000
216	  T	  4.9	  0.1	0.864	0.000	0.000
217	  I	  4.7	  0.2	0.864	0.000	0.000
218	  D	  4.0	  0.2	2.745	0.000	0.000
219	  D	  0.3	  0.2	14.508	0.000	0.000
220	  L	  0.2	  0.2	14.924	0.000	0.000
221	  E	  0.3	  0.1	16.766	0.000	0.000
222	  E	  0.2	  0.1	16.633	0.000	0.000
223	  K	  0.5	  0.1	16.633	0.000	0.000
224	  L	  0.4	  0.1	16.464	0.000	0.000
225	  A	  0.4	  0.0	16.172	0.000	0.000
226	  Q	  0.3	  0.0	15.396	0.000	0.000
227	  A	  0.3	  0.1	8.262	0.000	0.000
228	  K	  0.4	  0.1	6.136	0.000	0.000
229	  E	  0.2	  0.2	2.346	0.000	0.000
230	  E	  0.2	  0.2	1.389	0.000	0.000
231	  N	  0.1	  0.2	0.866	0.000	0.000
232	  V	  0.4	  0.2	0.389	0.000	0.000
233	  G	  0.4	  0.1	0.389	0.000	0.000
234	  L	  0.5	  0.1	0.000	0.000	0.000
235	  H	  0.4	  0.2	0.000	0.000	0.000
236	  Q	  0.5	  0.1	0.000	0.000	0.000
237	  T	  1.9	  0.1	0.000	0.000	0.000
238	  L	  1.8	  0.2	0.000	0.000	0.000
239	  D	  1.7	  0.1	0.000	0.000	0.000
240	  Q	  0.4	  0.1	0.000	0.000	0.000
241	  T	  2.0	  0.1	0.000	0.000	0.000
242	  L	  2.0	  0.1	0.000	0.000	0.000
243	  N	  1.8	  0.1	0.000	0.000	0.000
244	  E	  0.9	  0.1	0.000	0.000	0.000
245	  L	  4.5	  0.1	0.000	0.000	0.000
246	  N	  6.2	  0.1	0.000	0.000	0.000
247	  C	  5.3	  0.0	0.000	0.000	0.000
248	  I	  1.8	  0.0	0.000	0.000	0.000
