res	aa	Beta	Turn	Helix	Aggregation	Conc-Stab_Aggregation
01	  M	  0.4	  0.1	0.000	0.000	0.000
02	  G	  0.4	  0.1	0.000	0.000	0.000
03	  C	  1.2	  0.1	0.000	0.000	0.000
04	  V	  4.8	  0.1	0.000	0.000	0.000
05	  F	  5.9	  0.0	0.000	0.000	0.000
06	  C	  5.4	  0.1	0.000	0.000	0.000
07	  K	  1.6	  0.1	0.000	0.000	0.000
08	  K	  4.2	  0.1	0.000	0.000	0.000
09	  L	  3.9	  0.1	0.000	0.000	0.000
10	  E	  3.9	  0.0	0.000	0.000	0.000
11	  P	  0.1	  0.0	0.000	0.000	0.000
12	  V	  1.1	  0.0	0.000	0.000	0.000
13	  A	  1.3	  0.0	0.000	0.000	0.000
14	  T	  2.6	  0.0	0.000	0.000	0.000
15	  A	  1.5	  0.1	0.000	0.000	0.000
16	  K	  1.4	  0.6	0.000	0.000	0.000
17	  E	  0.1	  0.7	0.000	0.000	0.000
18	  D	  0.1	  0.9	0.000	0.000	0.000
19	  A	  0.0	  0.9	0.000	0.000	0.000
20	  G	  0.1	  0.3	0.000	0.000	0.000
21	  L	  0.1	  0.6	0.000	0.000	0.000
22	  E	  0.0	  2.4	0.000	0.000	0.000
23	  G	  0.0	  2.4	0.000	0.000	0.000
24	  D	  1.1	  2.4	0.000	0.000	0.000
25	  F	  3.2	  2.1	0.000	0.000	0.000
26	  R	  4.8	  0.2	0.000	0.000	0.000
27	  S	  4.4	  0.4	0.000	0.000	0.000
28	  Y	  2.7	  0.7	0.000	0.000	0.000
29	  G	  1.0	  0.6	0.000	0.000	0.000
30	  A	  0.2	  0.8	0.000	0.000	0.000
31	  A	  0.1	  0.7	0.000	0.000	0.000
32	  D	  0.4	  0.4	0.000	0.000	0.000
33	  H	  1.2	  0.4	0.000	0.000	0.000
34	  Y	  1.2	  0.3	0.000	0.000	0.000
35	  G	  0.8	  0.2	0.000	0.000	0.000
36	  P	  0.0	  0.2	0.000	0.000	0.000
37	  D	  0.0	  1.1	0.437	0.000	0.000
38	  P	  0.0	  0.9	0.437	0.000	0.000
39	  T	  0.5	  0.9	0.437	0.000	0.000
40	  K	  0.8	  0.9	0.437	0.000	0.000
41	  A	  0.9	  0.0	0.437	0.000	0.000
42	  R	  0.4	  0.0	0.437	0.000	0.000
43	  P	  0.0	  0.2	0.000	0.000	0.000
44	  A	  0.2	  0.3	0.000	0.000	0.000
45	  S	  0.5	  0.3	0.000	0.000	0.000
46	  S	  1.1	  0.3	0.000	0.000	0.000
47	  F	  1.5	  0.3	0.000	0.000	0.000
48	  A	  2.9	  0.2	0.000	0.000	0.000
49	  H	  2.9	  0.2	0.000	0.000	0.000
50	  I	  2.4	  1.2	0.000	0.000	0.000
51	  P	  0.7	  1.0	0.000	0.000	0.000
52	  N	  1.1	  1.3	0.000	0.000	0.000
53	  Y	  1.4	  1.6	0.000	0.000	0.000
54	  S	  1.4	  0.6	0.000	0.000	0.000
55	  N	  1.5	  0.8	0.000	0.000	0.000
56	  F	  2.7	  0.5	0.000	0.000	0.000
57	  S	  2.9	  0.4	0.330	0.000	0.000
58	  S	  1.9	  0.4	0.330	0.000	0.000
59	  Q	  0.4	  0.2	0.330	0.000	0.000
60	  A	  0.7	  0.1	0.330	0.000	0.000
61	  I	  0.9	  0.0	0.330	0.000	0.000
62	  N	  0.8	  1.6	0.330	0.000	0.000
63	  P	  0.3	  1.6	0.000	0.000	0.000
64	  G	  0.0	  1.6	0.000	0.000	0.000
65	  F	  1.0	  1.7	0.000	0.000	0.000
66	  L	  1.3	  0.3	0.000	0.000	0.000
67	  D	  1.3	  0.7	0.188	0.000	0.000
68	  S	  0.4	  0.8	0.188	0.000	0.000
69	  G	  0.1	  0.7	0.188	0.000	0.000
70	  T	  7.4	  0.5	0.188	0.000	0.000
71	  I	  9.5	  0.3	0.188	0.004	0.004
72	  R	  9.5	  0.1	0.188	0.004	0.004
73	  G	  2.5	  0.1	0.188	2.151	2.151
74	  V	  0.7	  0.2	0.000	26.023	26.023
75	  S	  0.7	  0.3	0.000	26.361	26.361
76	  G	  0.7	  0.4	0.000	29.090	29.090
77	  I	  0.3	  0.4	0.000	59.407	59.407
78	  G	  0.3	  0.4	0.314	62.179	62.179
79	  V	  7.5	  0.2	0.314	92.678	92.678
80	  T	  8.3	  0.0	0.751	94.988	94.988
81	  L	  8.8	  0.0	0.751	98.475	98.475
82	  F	  3.3	  0.0	0.751	98.943	98.943
83	  I	  4.6	  0.0	0.751	98.573	98.573
84	  A	  4.1	  0.0	0.751	91.212	91.212
85	  L	  3.0	  0.1	0.751	84.810	84.810
86	  Y	  2.9	  0.1	0.751	65.711	65.711
87	  D	  4.1	  0.1	0.286	0.004	0.004
88	  Y	  6.1	  0.2	0.000	0.004	0.004
89	  E	  4.0	  0.0	0.000	0.000	0.000
90	  A	  2.5	  0.1	0.000	0.000	0.000
91	  R	  0.2	  0.1	0.000	0.000	0.000
92	  T	  0.2	  0.4	0.000	0.000	0.000
93	  E	  0.1	  0.5	0.000	0.000	0.000
94	  D	  0.1	  0.5	0.000	0.000	0.000
95	  D	  0.2	  0.5	0.000	0.000	0.000
96	  L	  3.6	  0.1	0.000	0.000	0.000
97	  T	 22.7	  0.0	0.000	0.000	0.000
98	  F	 26.0	  0.0	0.000	0.000	0.000
99	  T	 22.8	  0.4	0.205	0.000	0.000
100	  K	  4.1	  0.4	0.205	0.000	0.000
101	  G	  0.1	  0.5	0.205	0.000	0.000
102	  E	  0.2	  0.4	0.205	0.000	0.000
103	  K	  0.8	  0.1	0.205	0.000	0.000
104	  F	  6.1	  0.1	0.205	0.000	0.000
105	  H	 10.7	  0.0	0.205	0.000	0.000
106	  I	 10.6	  0.1	0.099	0.000	0.000
107	  L	  5.6	  0.1	0.099	0.000	0.000
108	  N	  0.7	  0.1	0.099	0.000	0.000
109	  N	  0.4	  0.2	0.099	0.000	0.000
110	  T	  0.3	  0.6	0.000	0.000	0.000
111	  E	  0.2	  0.6	0.000	0.000	0.000
112	  G	  0.0	  0.6	0.000	0.000	0.000
113	  D	  0.6	  0.5	0.374	0.000	0.000
114	  W	  1.6	  0.0	0.528	0.000	0.000
115	  W	  2.9	  0.0	0.528	0.000	0.000
116	  E	  2.4	  0.0	0.528	0.000	0.000
117	  A	  1.5	  0.1	0.528	0.000	0.000
118	  R	  0.7	  0.1	0.528	0.000	0.000
119	  S	  6.2	  0.4	0.334	0.000	0.000
120	  L	  6.4	  0.7	0.000	0.000	0.000
121	  S	  6.0	  1.2	0.000	0.000	0.000
122	  S	  0.4	  1.7	0.000	0.000	0.000
123	  G	  0.1	  1.7	0.000	0.000	0.000
124	  K	  0.1	  1.5	0.000	0.000	0.000
125	  T	  0.2	  1.1	0.000	0.000	0.000
126	  G	  0.2	  0.6	0.000	0.000	0.000
127	  C	  0.6	  0.3	0.000	0.000	0.000
128	  I	  0.5	  0.4	0.000	0.000	0.000
129	  P	  0.4	  0.6	0.000	0.000	0.000
130	  S	  0.0	  0.6	0.000	0.000	0.000
131	  N	  0.7	  0.6	0.000	0.000	0.000
132	  Y	  6.9	  0.3	0.000	0.000	0.000
133	  V	  7.3	  0.0	0.000	0.000	0.000
134	  A	  6.6	  0.0	0.000	0.000	0.000
135	  P	  0.5	  0.0	0.000	0.000	0.000
136	  V	  1.1	  0.0	0.000	0.000	0.000
137	  D	  1.3	  0.0	0.000	0.000	0.000
138	  S	  1.7	  0.0	0.000	0.000	0.000
139	  I	  1.0	  0.0	0.000	0.000	0.000
140	  Q	  1.0	  0.0	0.000	0.000	0.000
141	  A	  0.6	  0.0	0.000	0.000	0.000
142	  E	  0.3	  0.0	0.000	0.000	0.000
143	  E	  0.4	  0.0	0.000	0.154	0.154
144	  W	  1.3	  0.0	0.000	0.154	0.154
145	  Y	  2.2	  0.2	0.000	0.154	0.154
146	  F	  2.0	  0.5	0.000	0.154	0.154
147	  G	  1.2	  0.5	0.000	0.154	0.154
148	  K	  0.4	  0.7	0.000	0.154	0.154
149	  I	  0.4	  0.7	0.000	0.154	0.154
150	  G	  0.4	  0.4	1.447	0.000	0.000
151	  R	  0.6	  1.0	1.447	0.000	0.000
152	  K	  0.5	  0.8	1.803	0.000	0.000
153	  D	  0.5	  0.8	1.970	0.000	0.000
154	  A	  0.1	  0.8	1.970	0.000	0.000
155	  E	  0.4	  0.3	2.138	0.000	0.000
156	  R	  1.1	  0.3	1.980	0.000	0.000
157	  Q	  1.7	  0.1	1.655	0.000	0.000
158	  L	  2.2	  0.1	1.062	0.000	0.000
159	  L	  1.5	  0.0	0.861	0.000	0.000
160	  S	  0.9	  1.2	0.737	0.000	0.000
161	  P	  0.1	  1.2	0.000	0.000	0.000
162	  G	  0.0	  1.2	0.000	0.000	0.000
163	  N	  0.0	  2.6	0.000	0.000	0.000
164	  P	  0.0	  1.8	0.000	0.000	0.000
165	  Q	  0.0	  1.9	0.000	0.334	0.334
166	  G	  0.0	  1.9	0.000	8.954	8.954
167	  A	  0.4	  0.4	0.000	8.954	8.954
168	  F	  1.2	  0.1	0.000	8.954	8.954
169	  L	  1.4	  0.0	0.000	8.954	8.954
170	  I	  1.4	  0.0	0.000	8.954	8.954
171	  R	  0.6	  0.1	0.000	0.000	0.000
172	  E	  0.4	  0.2	0.000	0.000	0.000
173	  S	  0.1	  0.3	2.650	0.000	0.000
174	  E	  0.2	  0.2	2.650	0.000	0.000
175	  T	  3.0	  0.2	2.650	0.000	0.000
176	  T	  3.0	  0.6	2.650	0.000	0.000
177	  K	  2.8	  0.6	2.650	0.000	0.000
178	  G	  0.1	  0.6	2.650	0.000	0.000
179	  A	  0.5	  0.5	1.441	0.158	0.158
180	  Y	  3.7	  0.2	0.791	0.671	0.671
181	  S	  9.1	  0.3	0.000	0.671	0.671
182	  L	 10.2	  0.3	0.000	0.671	0.671
183	  S	  9.6	  0.3	0.306	0.671	0.671
184	  I	  4.2	  0.5	0.306	0.671	0.671
185	  R	  2.7	  0.2	0.306	0.000	0.000
186	  D	  0.7	  1.0	0.306	0.000	0.000
187	  W	  1.1	  1.1	0.306	0.000	0.000
188	  D	  0.9	  1.0	0.540	0.000	0.000
189	  Q	  0.8	  1.1	0.388	0.000	0.000
190	  T	  0.3	  0.4	0.234	0.000	0.000
191	  R	  0.3	  1.1	0.234	0.000	0.000
192	  G	  0.2	  1.0	0.234	0.000	0.000
193	  D	  0.2	  1.0	0.234	0.000	0.000
194	  H	  2.2	  0.8	0.000	0.000	0.000
195	  V	  4.1	  0.1	0.000	0.000	0.000
196	  K	  4.2	  0.1	0.000	0.000	0.000
197	  H	  4.1	  0.1	0.000	0.000	0.000
198	  Y	  4.2	  0.1	0.000	0.000	0.000
199	  K	  5.4	  0.0	0.000	0.000	0.000
200	  I	  4.2	  0.0	0.000	0.000	0.000
201	  R	  2.5	  0.1	0.000	0.000	0.000
202	  K	  1.7	  0.2	0.000	0.000	0.000
203	  L	  2.1	  0.2	0.000	0.000	0.000
204	  D	  1.8	  0.5	0.000	0.000	0.000
205	  M	  1.2	  1.5	0.000	0.000	0.000
206	  G	  0.0	  1.4	0.000	0.000	0.000
207	  G	  0.1	  1.4	0.000	0.154	0.154
208	  Y	  1.1	  1.1	0.000	1.175	1.175
209	  Y	  1.9	  0.0	0.000	1.175	1.175
210	  I	  5.4	  0.0	0.000	1.175	1.175
211	  T	  5.5	  0.0	0.000	1.175	1.175
212	  T	  5.6	  0.0	0.000	1.021	1.021
213	  R	  3.5	  0.0	0.000	0.000	0.000
214	  V	  5.5	  0.0	0.000	0.000	0.000
215	  Q	  6.6	  0.0	0.000	0.000	0.000
216	  F	  6.5	  0.1	0.000	0.000	0.000
217	  N	  3.7	  0.1	0.000	0.000	0.000
218	  S	  3.0	  0.1	0.618	0.000	0.000
219	  V	  2.2	  0.1	0.618	0.000	0.000
220	  Q	  2.0	  0.0	0.618	0.000	0.000
221	  E	  0.7	  0.0	0.618	0.000	0.000
222	  L	  0.4	  0.0	0.618	0.000	0.000
223	  V	  2.2	  0.1	0.618	0.000	0.000
224	  Q	  3.6	  0.1	0.618	0.000	0.000
225	  H	  4.9	  0.1	0.239	0.000	0.000
226	  Y	  3.9	  0.1	0.117	0.000	0.000
227	  M	  4.5	  0.0	0.000	0.000	0.000
228	  E	  8.7	  0.0	0.000	0.000	0.000
229	  V	  8.5	  0.1	0.000	0.000	0.000
230	  N	  6.5	  0.3	0.000	0.000	0.000
231	  D	  0.5	  0.3	0.000	0.000	0.000
232	  G	  0.0	  0.2	0.118	0.000	0.000
233	  L	  0.3	  0.1	0.118	0.313	0.313
234	  C	  1.1	  0.0	0.118	0.470	0.470
235	  N	  1.1	  0.0	0.118	0.470	0.470
236	  L	  1.7	  0.0	0.118	0.470	0.470
237	  L	  2.3	  0.0	0.118	0.470	0.470
238	  I	  2.7	  0.0	0.000	0.470	0.470
239	  A	  1.8	  0.0	0.000	0.000	0.000
240	  P	  0.3	  0.0	0.000	0.000	0.000
241	  C	  3.7	  0.0	0.000	0.000	0.000
242	  T	  6.6	  0.0	0.000	0.000	0.000
243	  I	  8.5	  0.0	0.000	0.000	0.000
244	  M	  5.0	  0.0	0.000	0.000	0.000
245	  K	  2.1	  0.1	0.000	0.000	0.000
246	  P	  0.1	  0.2	0.000	0.000	0.000
247	  Q	  0.2	  0.2	0.000	0.000	0.000
248	  T	  0.3	  0.2	0.000	0.229	0.229
249	  L	  0.4	  0.1	0.000	0.229	0.229
250	  G	  0.3	  0.1	0.000	0.229	0.229
251	  L	  0.2	  0.0	0.000	0.229	0.229
252	  A	  0.2	  0.3	0.000	0.229	0.229
253	  K	  0.1	  0.3	0.000	0.000	0.000
254	  D	  0.2	  0.4	1.148	0.000	0.000
255	  A	  0.3	  0.4	1.148	0.000	0.000
256	  W	  3.4	  0.1	1.272	0.000	0.000
257	  E	  4.7	  0.1	1.272	0.000	0.000
258	  I	  5.6	  0.0	1.272	0.000	0.000
259	  S	  3.8	  0.5	1.272	0.000	0.000
260	  R	  2.6	  0.6	0.976	0.000	0.000
261	  S	  1.7	  0.6	1.141	0.000	0.000
262	  S	  3.1	  0.6	0.613	0.000	0.000
263	  I	 13.0	  0.1	0.437	0.000	0.000
264	  T	 13.8	  0.0	1.678	0.000	0.000
265	  L	 11.2	  0.0	1.678	0.000	0.000
266	  E	  1.3	  0.1	1.678	0.000	0.000
267	  R	  0.6	  0.1	1.378	0.000	0.000
268	  R	  0.6	  0.1	1.242	0.000	0.000
269	  L	  0.5	  0.4	1.242	0.000	0.000
270	  G	  0.1	  0.6	0.816	0.000	0.000
271	  T	  0.1	  1.0	0.000	0.000	0.000
272	  G	  0.1	  1.0	0.000	0.000	0.000
273	  C	  0.9	  1.1	0.000	0.000	0.000
274	  F	  0.9	  2.6	0.000	0.000	0.000
275	  G	  0.9	  2.1	0.000	0.000	0.000
276	  D	  2.1	  2.1	0.000	0.000	0.000
277	  V	  4.3	  1.8	0.000	1.604	1.604
278	  W	  4.4	  0.0	0.000	1.604	1.604
279	  L	  2.4	  0.0	0.000	1.604	1.604
280	  G	  0.1	  0.0	0.000	1.604	1.604
281	  T	  6.6	  0.2	0.000	1.604	1.604
282	  W	  6.6	  0.7	0.000	1.291	1.291
283	  N	  6.6	  1.5	0.102	0.000	0.000
284	  G	  0.1	  1.6	0.102	0.000	0.000
285	  S	  0.3	  1.4	0.102	0.000	0.000
286	  T	  2.1	  0.9	0.219	0.000	0.000
287	  K	  4.1	  0.1	0.219	0.000	0.000
288	  V	 10.4	  0.0	0.219	0.000	0.000
289	  A	  9.3	  0.0	0.219	0.000	0.000
290	  V	  8.7	  0.0	0.219	0.000	0.000
291	  K	  2.4	  0.0	0.219	0.000	0.000
292	  T	  7.5	  0.0	0.000	0.000	0.000
293	  L	  6.2	  0.0	0.000	0.000	0.000
294	  K	  6.0	  0.7	0.000	0.000	0.000
295	  P	  0.1	  0.8	0.000	0.000	0.000
296	  G	  0.0	  0.8	0.000	0.000	0.000
297	  T	 11.2	  0.8	0.000	0.000	0.000
298	  M	 11.3	  0.2	0.000	0.000	0.000
299	  S	 11.3	  0.3	0.246	0.000	0.000
300	  P	  0.1	  0.3	0.246	0.000	0.000
301	  K	  0.1	  0.3	0.246	0.000	0.000
302	  A	  0.4	  0.3	0.246	0.000	0.000
303	  F	  1.1	  0.0	0.370	0.000	0.000
304	  L	  1.0	  0.1	0.747	0.000	0.000
305	  E	  0.7	  0.1	3.254	0.000	0.000
306	  E	  0.1	  0.1	4.168	0.000	0.000
307	  A	  0.3	  0.1	4.587	0.000	0.000
308	  Q	  0.8	  0.0	4.738	0.000	0.000
309	  V	  2.0	  0.0	4.738	0.000	0.000
310	  M	  3.5	  0.0	4.738	0.000	0.000
311	  K	  3.2	  0.0	4.542	0.000	0.000
312	  L	  2.1	  0.0	4.542	0.000	0.000
313	  L	  1.2	  0.1	4.406	0.000	0.000
314	  R	  1.9	  0.2	3.686	0.000	0.000
315	  H	  1.8	  0.2	1.430	0.000	0.000
316	  D	  1.1	  0.3	0.182	0.171	0.171
317	  K	  0.6	  0.2	0.182	0.171	0.171
318	  L	  0.9	  0.1	0.182	57.530	57.530
319	  V	  5.5	  0.1	0.182	80.531	80.531
320	  Q	  6.0	  0.0	0.182	80.837	80.837
321	  L	  6.0	  0.0	0.182	87.453	87.453
322	  Y	  2.7	  0.0	0.182	87.505	87.505
323	  A	  2.2	  0.0	0.000	86.491	86.491
324	  V	  6.5	  0.0	0.000	85.613	85.613
325	  V	  5.8	  0.0	0.000	75.222	75.222
326	  S	  5.1	  0.0	0.000	3.298	3.298
327	  E	  0.5	  0.0	0.000	0.000	0.000
328	  E	  0.1	  0.0	0.000	0.000	0.000
329	  P	  0.0	  0.0	0.000	0.147	0.147
330	  I	  1.0	  0.0	0.000	19.698	19.698
331	  Y	  2.8	  0.0	0.000	19.698	19.698
332	  I	  7.1	  0.0	0.000	19.698	19.698
333	  V	  6.9	  0.0	0.000	19.698	19.698
334	  T	  5.3	  0.0	0.000	19.550	19.550
335	  E	  1.1	  0.0	0.000	0.000	0.000
336	  F	  2.6	  0.0	0.000	0.000	0.000
337	  M	  3.1	  0.0	0.000	0.000	0.000
338	  C	  3.5	  0.4	0.000	0.000	0.000
339	  H	  1.4	  1.1	0.000	0.000	0.000
340	  G	  0.6	  1.1	0.000	0.000	0.000
341	  S	  0.3	  1.1	1.351	0.000	0.000
342	  L	  0.6	  0.9	1.351	0.196	0.196
343	  L	  1.8	  0.3	1.351	0.196	0.196
344	  D	  1.7	  0.2	1.351	0.196	0.196
345	  F	  2.1	  0.2	1.351	0.196	0.196
346	  L	  1.2	  0.0	1.351	0.196	0.196
347	  K	  1.1	  0.0	1.221	0.196	0.196
348	  N	  0.3	  1.4	0.673	0.000	0.000
349	  P	  0.0	  2.1	0.000	0.000	0.000
350	  E	  0.0	  2.2	0.000	0.000	0.000
351	  G	  0.0	  2.5	0.374	0.000	0.000
352	  Q	  0.1	  1.1	0.374	0.000	0.000
353	  D	  0.5	  0.4	0.374	0.000	0.000
354	  L	  3.7	  0.3	0.374	0.000	0.000
355	  R	  3.7	  0.0	0.374	0.000	0.000
356	  L	  3.3	  0.2	0.374	0.000	0.000
357	  P	  0.1	  0.2	0.000	0.000	0.000
358	  Q	  0.8	  0.2	0.000	0.000	0.000
359	  L	  1.4	  0.2	0.000	0.000	0.000
360	  V	  3.9	  0.1	0.280	0.000	0.000
361	  D	  3.2	  0.0	1.014	0.000	0.000
362	  M	  2.7	  0.0	1.014	0.000	0.000
363	  A	  0.2	  0.0	1.014	0.000	0.000
364	  A	  0.3	  0.0	1.014	0.000	0.000
365	  Q	  0.4	  0.0	1.014	0.000	0.000
366	  V	  1.1	  0.0	0.734	0.000	0.000
367	  A	  1.0	  0.5	0.734	0.000	0.000
368	  E	  0.8	  0.5	0.580	0.000	0.000
369	  G	  0.1	  0.5	1.013	0.000	0.000
370	  M	  0.4	  0.5	0.761	0.000	0.000
371	  A	  0.8	  0.0	0.624	0.000	0.000
372	  Y	  1.4	  0.0	0.624	0.000	0.000
373	  M	  1.2	  0.0	0.624	0.000	0.000
374	  E	  0.9	  0.0	0.624	0.000	0.000
375	  R	  3.0	  0.2	0.495	0.000	0.000
376	  M	  5.2	  0.2	0.495	0.000	0.000
377	  N	  5.9	  0.1	0.307	0.000	0.000
378	  Y	  3.8	  0.1	0.127	0.000	0.000
379	  I	  3.0	  0.0	0.000	0.000	0.000
380	  H	  2.3	  0.4	0.000	0.000	0.000
381	  R	  1.7	  0.5	0.000	0.000	0.000
382	  D	  0.6	  0.5	0.386	0.000	0.000
383	  L	  0.9	  0.5	0.386	0.000	0.000
384	  R	  0.9	  0.0	0.386	0.000	0.000
385	  A	  0.5	  0.3	0.386	3.059	3.059
386	  A	  0.3	  0.3	0.386	6.811	6.811
387	  N	  0.3	  0.2	0.386	7.198	7.198
388	  I	  3.7	  0.2	0.000	7.198	7.198
389	  L	  3.7	  0.0	0.344	7.198	7.198
390	  V	  3.7	  0.1	0.344	7.198	7.198
391	  G	  0.3	  0.2	1.425	0.506	0.506
392	  E	  0.1	  0.2	1.551	0.000	0.000
393	  R	  0.2	  0.2	1.551	0.000	0.000
394	  L	  0.5	  0.1	1.551	0.000	0.000
395	  A	  0.5	  0.0	1.551	0.000	0.000
396	  C	  1.1	  0.0	1.551	0.000	0.000
397	  K	  2.2	  0.0	0.674	0.000	0.000
398	  I	  2.2	  0.5	0.000	0.000	0.000
399	  A	  1.6	  0.5	0.000	0.000	0.000
400	  D	  0.2	  0.4	0.591	0.000	0.000
401	  F	  0.3	  0.5	0.591	0.000	0.000
402	  G	  0.3	  0.1	3.184	0.000	0.000
403	  L	  0.3	  0.1	3.184	0.000	0.000
404	  A	  0.3	  0.1	3.184	0.000	0.000
405	  R	  0.9	  0.0	3.184	0.000	0.000
406	  L	  1.2	  0.0	3.184	0.000	0.000
407	  I	  1.2	  0.2	2.944	0.000	0.000
408	  K	  0.6	  0.4	2.944	0.000	0.000
409	  D	  0.3	  0.5	0.902	0.000	0.000
410	  D	  0.1	  0.7	0.354	0.000	0.000
411	  E	  4.0	  0.5	0.000	0.000	0.000
412	  Y	  4.2	  0.3	0.000	0.000	0.000
413	  N	  4.2	  0.4	0.000	0.000	0.000
414	  P	  0.2	  0.2	0.000	0.000	0.000
415	  C	  0.1	  0.9	0.000	0.000	0.000
416	  Q	  0.1	  1.1	0.000	0.000	0.000
417	  G	  0.1	  1.0	0.000	0.000	0.000
418	  S	  0.5	  1.0	0.000	0.000	0.000
419	  K	  0.5	  0.3	0.000	0.000	0.000
420	  F	  0.5	  0.1	0.000	0.000	0.000
421	  P	  0.1	  0.0	0.000	0.000	0.000
422	  I	  2.6	  0.0	0.000	0.000	0.000
423	  K	  4.8	  0.0	0.000	0.000	0.000
424	  W	 12.1	  0.0	0.000	0.000	0.000
425	  T	  9.8	  0.0	0.000	0.000	0.000
426	  A	  7.5	  0.2	0.121	0.000	0.000
427	  P	  0.2	  0.2	0.473	0.000	0.000
428	  E	  0.0	  0.2	0.473	0.000	0.000
429	  A	  0.2	  0.2	0.473	0.666	0.666
430	  A	  0.4	  0.0	0.473	0.666	0.666
431	  L	  0.5	  0.1	0.473	0.666	0.666
432	  F	  0.4	  0.7	0.473	0.666	0.666
433	  G	  0.3	  0.7	0.153	0.666	0.666
434	  R	  1.7	  0.7	0.153	0.000	0.000
435	  F	 10.2	  0.5	0.153	4.896	4.896
436	  T	 20.6	  0.0	0.153	5.290	5.290
437	  I	 20.1	  0.1	0.153	5.290	5.290
438	  K	 12.2	  0.3	0.153	5.290	5.290
439	  S	  1.3	  0.3	0.000	5.290	5.290
440	  D	  1.7	  0.3	0.000	5.290	5.290
441	  V	  4.9	  0.3	0.000	36.662	36.662
442	  W	  8.5	  0.0	0.000	39.321	39.321
443	  S	  7.6	  0.2	0.391	40.417	40.417
444	  F	  4.8	  0.5	0.391	47.382	47.382
445	  G	  1.1	  0.5	0.710	47.587	47.587
446	  I	  3.3	  0.5	0.839	47.711	47.711
447	  L	  3.2	  0.3	1.826	46.783	46.783
448	  L	  3.2	  0.0	1.826	41.394	41.394
449	  T	  0.4	  0.1	2.211	23.277	23.277
450	  E	  0.2	  0.1	2.211	12.294	12.294
451	  L	  0.5	  0.1	2.211	12.294	12.294
452	  I	  3.0	  0.1	2.211	12.294	12.294
453	  T	  3.0	  0.6	2.211	12.294	12.294
454	  K	  2.6	  0.6	2.211	12.294	12.294
455	  G	  0.2	  0.6	1.374	0.980	0.980
456	  R	  0.5	  0.6	0.138	0.000	0.000
457	  I	  0.6	  0.0	0.000	0.000	0.000
458	  P	  0.5	  0.0	0.000	0.000	0.000
459	  Y	  0.1	  3.5	0.000	0.000	0.000
460	  P	  0.0	  3.5	0.000	0.000	0.000
461	  G	  0.1	  3.7	0.000	0.000	0.000
462	  M	  0.3	  3.7	0.000	0.000	0.000
463	  N	  0.4	  0.3	1.420	0.000	0.000
464	  K	  0.6	  0.3	1.420	0.000	0.000
465	  R	  0.6	  0.1	1.420	0.000	0.000
466	  E	  1.0	  0.1	1.420	0.000	0.000
467	  V	  2.2	  0.0	1.420	0.000	0.000
468	  L	  2.0	  0.1	1.420	0.000	0.000
469	  E	  1.5	  0.0	1.266	0.000	0.000
470	  Q	  1.9	  0.0	1.126	0.000	0.000
471	  V	  3.0	  0.2	0.363	0.000	0.000
472	  E	  3.0	  0.2	0.363	0.000	0.000
473	  Q	  1.2	  0.2	0.183	0.000	0.000
474	  G	  0.1	  0.2	0.183	0.000	0.000
475	  Y	  3.3	  0.1	0.000	0.000	0.000
476	  H	  3.4	  0.0	0.000	0.000	0.000
477	  M	  3.4	  0.0	0.000	0.000	0.000
478	  P	  0.2	  0.0	0.000	0.000	0.000
479	  C	  0.1	  0.0	0.000	0.000	0.000
480	  P	  0.0	  3.2	0.000	0.000	0.000
481	  P	  0.0	  3.2	0.000	0.000	0.000
482	  G	  0.0	  3.2	0.000	0.000	0.000
483	  C	  0.0	  3.4	0.000	0.000	0.000
484	  P	  0.0	  0.4	0.000	0.000	0.000
485	  A	  0.5	  0.4	0.000	0.000	0.000
486	  S	  0.8	  0.4	0.731	0.000	0.000
487	  L	  0.9	  0.2	0.731	0.000	0.000
488	  Y	  2.9	  0.1	0.731	0.000	0.000
489	  E	  2.6	  0.1	0.731	0.000	0.000
490	  A	  2.5	  0.1	0.731	0.000	0.000
491	  M	  0.2	  0.1	0.731	0.000	0.000
492	  E	  0.2	  0.0	0.549	0.000	0.000
493	  Q	  0.9	  0.0	0.355	0.000	0.000
494	  T	  9.7	  0.0	0.159	0.000	0.000
495	  W	 10.8	  0.0	0.159	0.000	0.000
496	  R	 13.7	  0.0	0.159	0.000	0.000
497	  L	  5.0	  0.0	0.000	0.000	0.000
498	  D	  3.8	  0.5	0.000	0.000	0.000
499	  P	  0.1	  0.5	0.000	0.000	0.000
500	  E	  0.0	  0.5	0.000	0.000	0.000
501	  E	  0.1	  0.5	0.000	0.000	0.000
502	  R	  0.1	  0.3	0.000	0.000	0.000
503	  P	  0.0	  0.2	0.000	0.000	0.000
504	  T	 11.1	  0.2	0.000	0.000	0.000
505	  F	 15.0	  0.4	0.000	0.000	0.000
506	  E	 15.0	  0.1	0.000	0.000	0.000
507	  Y	  5.1	  0.1	0.000	0.000	0.000
508	  L	  1.1	  0.3	0.000	0.000	0.000
509	  Q	  1.9	  0.2	0.000	0.000	0.000
510	  S	  1.7	  0.2	0.000	0.000	0.000
511	  F	  2.2	  0.2	0.000	0.000	0.000
512	  L	  1.3	  0.7	0.000	0.000	0.000
513	  E	  0.8	  0.7	0.000	0.000	0.000
514	  D	  1.1	  0.7	0.000	0.000	0.000
515	  Y	  2.2	  0.7	0.000	0.000	0.000
516	  F	  5.3	  0.0	0.000	0.000	0.000
517	  T	  4.8	  0.1	0.000	0.000	0.000
518	  S	  4.4	  0.1	0.000	0.000	0.000
519	  A	  1.3	  0.1	0.000	0.000	0.000
520	  E	  0.9	  0.2	0.000	0.000	0.000
521	  P	  0.0	  0.1	0.000	0.000	0.000
522	  Q	  8.1	  0.1	0.000	0.000	0.000
523	  Y	  8.5	  0.1	0.000	0.000	0.000
524	  Q	  8.5	  1.1	0.000	0.000	0.000
525	  P	  0.5	  1.5	0.000	0.000	0.000
526	  G	  0.0	  1.6	0.000	0.000	0.000
527	  D	  0.1	  1.6	0.000	0.000	0.000
528	  Q	  0.1	  0.5	0.000	0.000	0.000
529	  T	  0.1	  0.0	0.000	0.000	0.000
