res	aa	Beta	Turn	Helix	Aggregation	Conc-Stab_Aggregation
01	  M	  0.1	  0.2	0.000	0.000	0.000
02	  A	  0.1	  0.4	0.000	0.000	0.000
03	  Q	  0.1	  0.5	0.000	0.000	0.000
04	  G	  0.0	  0.5	0.000	0.000	0.000
05	  T	  0.6	  0.3	0.000	0.000	0.000
06	  L	  0.7	  0.1	0.000	0.000	0.000
07	  I	  8.0	  0.0	0.000	0.000	0.000
08	  R	 11.1	  0.0	0.000	0.000	0.000
09	  V	 11.5	  0.0	0.000	0.000	0.000
10	  T	  4.7	  0.2	0.000	0.000	0.000
11	  P	  0.6	  0.2	0.000	0.000	0.000
12	  E	  0.0	  0.2	0.000	0.000	0.000
13	  Q	  0.0	  0.4	0.000	0.000	0.000
14	  P	  0.0	  0.2	0.000	0.000	0.000
15	  T	  0.8	  0.2	0.000	1.406	1.406
16	  H	  1.3	  0.2	0.000	3.901	3.901
17	  A	  1.5	  0.0	0.000	13.250	13.250
18	  V	  3.1	  0.0	0.000	17.517	17.517
19	  C	  4.2	  0.0	0.000	17.819	17.819
20	  V	  4.6	  0.0	0.000	19.249	19.249
21	  L	  2.3	  0.1	0.000	18.830	18.830
22	  G	  0.6	  0.1	0.000	10.803	10.803
23	  T	  2.9	  0.1	0.000	9.546	9.546
24	  L	  3.2	  0.2	0.000	8.876	8.876
25	  T	  4.1	  0.1	0.000	3.460	3.460
26	  Q	  2.0	  0.1	0.000	0.239	0.239
27	  L	  4.1	  0.1	0.000	0.239	0.239
28	  D	  3.6	  0.0	0.000	0.000	0.000
29	  I	  3.5	  0.0	0.000	0.000	0.000
30	  C	  1.8	  0.3	0.000	0.000	0.000
31	  S	  1.5	  0.3	0.000	0.000	0.000
32	  S	  1.0	  0.3	0.000	0.000	0.000
33	  A	  0.3	  0.5	0.000	0.000	0.000
34	  P	  0.1	  0.7	0.000	0.000	0.000
35	  E	  0.0	  0.7	0.000	0.000	0.000
36	  D	  0.4	  0.7	0.000	0.000	0.000
37	  C	  1.6	  0.6	0.000	0.000	0.000
38	  T	  2.9	  0.1	0.000	0.000	0.000
39	  S	 22.6	  0.1	0.000	0.000	0.000
40	  F	 24.4	  0.1	0.000	0.000	0.000
41	  S	 26.0	  0.3	0.000	0.000	0.000
42	  I	  7.3	  0.3	0.000	0.000	0.000
43	  N	  4.0	  0.3	0.000	0.000	0.000
44	  A	  0.9	  0.3	0.000	0.000	0.000
45	  S	  0.1	  1.5	0.000	0.000	0.000
46	  P	  0.0	  1.5	0.000	0.000	0.000
47	  G	  0.0	  1.5	0.000	0.000	0.000
48	  V	 12.0	  1.5	0.000	0.000	0.000
49	  V	 15.6	  0.0	0.000	0.000	0.000
50	  V	 19.6	  0.0	0.000	0.000	0.000
51	  D	  8.1	  0.0	0.000	0.000	0.000
52	  I	  4.8	  0.1	0.000	0.000	0.000
53	  A	  0.7	  0.1	0.000	0.000	0.000
54	  H	  0.5	  0.1	0.000	0.000	0.000
55	  G	  0.1	  0.1	0.000	0.000	0.000
56	  P	  0.0	  0.0	0.000	0.000	0.000
57	  P	  0.0	  0.0	0.000	0.000	0.000
58	  A	  0.1	  0.1	0.000	0.000	0.000
59	  K	  0.1	  0.1	0.000	0.000	0.000
60	  K	  0.2	  0.2	0.000	0.000	0.000
61	  K	  0.8	  0.4	0.000	0.000	0.000
62	  S	  0.8	  0.6	0.000	0.000	0.000
63	  T	  0.9	  1.2	0.000	0.000	0.000
64	  G	  0.3	  1.2	0.000	0.000	0.000
65	  S	  0.5	  1.2	0.000	0.000	0.000
66	  S	  1.5	  0.9	0.000	0.000	0.000
67	  T	  2.3	  0.3	0.000	0.000	0.000
68	  W	  1.9	  0.3	0.000	0.000	0.000
69	  P	  0.8	  0.2	0.000	0.000	0.000
70	  L	  0.1	  0.2	0.000	0.000	0.000
71	  D	  0.1	  1.3	0.000	0.000	0.000
72	  P	  0.1	  1.2	0.000	0.000	0.000
73	  G	  0.0	  1.2	0.092	0.000	0.000
74	  V	 17.9	  1.2	0.092	0.955	0.955
75	  E	 21.9	  0.0	0.092	0.955	0.955
76	  V	 27.3	  0.0	0.092	5.109	5.109
77	  T	 13.3	  0.0	0.678	5.109	5.109
78	  L	  9.4	  0.0	0.678	5.109	5.109
79	  T	  7.0	  0.0	0.800	5.109	5.109
80	  M	  6.6	  0.0	0.800	5.109	5.109
81	  K	  6.8	  0.0	0.800	0.955	0.955
82	  V	  6.0	  0.2	0.708	0.955	0.955
83	  A	  4.2	  0.5	0.708	0.437	0.437
84	  S	  2.5	  2.4	0.389	0.000	0.000
85	  G	  0.4	  2.7	0.106	0.000	0.000
86	  S	  0.4	  2.6	0.000	0.000	0.000
87	  T	  0.1	  3.1	0.000	0.000	0.000
88	  G	  0.1	  1.3	0.000	0.000	0.000
89	  D	  0.1	  1.0	0.000	0.000	0.000
90	  Q	  0.7	  0.9	0.000	0.000	0.000
91	  K	  2.1	  0.1	0.000	0.000	0.000
92	  V	  5.8	  0.0	0.000	0.167	0.167
93	  Q	  6.1	  0.0	0.000	0.167	0.167
94	  I	  8.7	  0.0	0.000	0.167	0.167
95	  S	  6.2	  0.0	0.000	0.167	0.167
96	  Y	  6.2	  0.0	0.000	0.167	0.167
97	  Y	  2.1	  0.1	0.000	0.167	0.167
98	  G	  0.9	  0.3	0.000	0.000	0.000
99	  P	  0.0	  0.3	0.000	0.000	0.000
100	  K	  0.0	  0.3	0.000	0.000	0.000
101	  T	  0.0	  0.2	0.000	0.000	0.000
102	  P	  0.0	  0.0	0.000	0.000	0.000
103	  P	  0.0	  0.0	0.187	0.000	0.000
104	  V	  2.3	  0.0	0.187	4.492	4.492
105	  K	  2.4	  0.0	0.187	4.815	4.815
106	  A	  2.7	  0.0	0.187	32.840	32.840
107	  L	  1.0	  0.0	0.187	61.040	61.040
108	  L	  1.6	  0.0	0.187	61.612	61.612
109	  Y	  1.8	  0.0	0.187	61.716	61.716
110	  L	  1.3	  0.1	0.000	61.716	61.716
111	  T	  0.6	  0.1	0.000	57.535	57.535
112	  G	  0.2	  0.1	0.000	52.105	52.105
113	  V	  7.7	  0.1	0.000	48.454	48.454
114	  E	  8.9	  0.0	0.000	4.815	4.815
115	  I	 12.4	  0.0	0.000	4.601	4.601
116	  S	  5.7	  0.0	0.000	2.067	2.067
117	  L	  4.5	  0.0	0.000	1.799	1.799
118	  C	  1.2	  0.5	0.000	0.208	0.208
119	  A	  0.7	  0.5	0.000	0.095	0.095
120	  D	  1.8	  0.5	0.155	0.000	0.000
121	  I	  5.7	  0.5	0.155	0.000	0.000
122	  T	  6.2	  0.2	0.155	0.000	0.000
123	  R	  4.8	  0.3	0.155	0.000	0.000
124	  T	  0.8	  0.3	0.155	0.000	0.000
125	  G	  0.1	  0.3	0.155	0.000	0.000
126	  K	  8.7	  0.2	0.155	0.000	0.000
127	  V	  9.2	  0.0	0.000	0.000	0.000
128	  K	  9.2	  0.2	0.000	0.000	0.000
129	  P	  0.6	  0.2	0.000	0.000	0.000
130	  T	  0.3	  0.2	0.197	0.000	0.000
131	  R	  0.6	  0.2	0.197	0.000	0.000
132	  A	  1.3	  0.0	0.197	0.000	0.000
133	  V	  2.6	  0.1	0.197	0.000	0.000
134	  K	  2.3	  0.1	0.197	0.000	0.000
135	  D	  1.7	  0.2	0.437	0.000	0.000
136	  Q	  0.4	  0.2	0.437	0.000	0.000
137	  R	  1.3	  0.1	0.239	0.000	0.000
138	  T	 15.7	  0.1	0.239	0.000	0.000
139	  W	 21.3	  0.0	0.239	0.000	0.000
140	  T	 21.0	  0.0	0.239	0.000	0.000
141	  W	  7.4	  0.0	0.239	0.000	0.000
142	  G	  0.6	  0.4	0.239	0.000	0.000
143	  P	  0.0	  0.4	0.000	0.000	0.000
144	  C	  0.3	  0.5	0.000	0.000	0.000
145	  G	  0.3	  0.8	0.000	0.000	0.000
146	  Q	  0.3	  0.5	0.000	0.191	0.191
147	  G	  0.0	  0.5	0.000	6.100	6.100
148	  A	  0.6	  0.4	0.000	66.536	66.536
149	  I	  3.6	  0.0	0.000	69.035	69.035
150	  L	  4.4	  0.0	0.000	69.175	69.175
151	  L	  4.5	  0.0	0.000	69.175	69.175
152	  V	  5.2	  0.0	0.000	68.695	68.695
153	  N	  4.7	  0.7	0.000	4.943	4.943
154	  C	  4.2	  0.7	0.000	3.076	3.076
155	  D	  0.6	  3.8	0.337	0.000	0.000
156	  R	  0.2	  3.9	0.337	0.000	0.000
157	  D	  0.1	  3.3	0.337	0.000	0.000
158	  N	  0.5	  3.2	0.337	0.000	0.000
159	  L	  0.6	  0.3	0.337	0.000	0.000
160	  E	  0.7	  0.2	0.337	0.000	0.000
161	  S	  0.3	  0.2	0.179	0.000	0.000
162	  S	  0.3	  0.2	0.000	0.000	0.000
163	  A	  0.4	  0.3	0.000	0.000	0.000
164	  M	  3.3	  0.3	0.000	0.000	0.000
165	  D	  4.3	  0.2	0.000	0.000	0.000
166	  C	  4.8	  1.0	0.000	0.000	0.000
167	  E	  1.9	  0.9	0.000	0.000	0.000
168	  D	  0.6	  0.9	0.000	0.000	0.000
169	  D	  0.1	  0.9	0.000	0.000	0.000
170	  E	  0.5	  0.1	0.000	0.000	0.000
171	  V	  3.3	  0.1	0.000	0.000	0.000
172	  L	  3.6	  0.1	0.000	0.000	0.000
173	  D	  3.2	  0.3	0.405	0.000	0.000
174	  S	  0.4	  2.4	0.405	0.000	0.000
175	  E	  0.1	  2.4	0.405	0.000	0.000
176	  D	  0.2	  2.3	0.405	0.000	0.000
177	  L	  0.3	  2.2	0.405	0.000	0.000
178	  Q	  0.4	  0.2	0.405	0.000	0.000
179	  D	  0.5	  0.5	0.261	0.000	0.000
180	  M	  2.3	  0.5	0.112	0.000	0.000
181	  S	  2.3	  0.4	3.735	0.000	0.000
182	  L	  2.4	  0.4	3.735	0.000	0.000
183	  M	  3.1	  0.0	3.735	0.000	0.000
184	  T	  8.1	  0.0	3.735	0.000	0.000
185	  L	  8.0	  0.1	3.735	0.000	0.000
186	  S	  5.8	  0.1	3.735	0.000	0.000
187	  T	  2.9	  0.1	0.225	0.000	0.000
188	  K	  2.7	  0.1	0.225	0.000	0.000
189	  T	  2.4	  0.3	0.272	0.000	0.000
190	  P	  0.1	  0.6	0.272	0.000	0.000
191	  K	  0.1	  0.6	0.272	0.000	0.000
192	  D	  1.1	  0.6	0.272	0.000	0.000
193	  F	  2.3	  0.4	0.272	1.066	1.066
194	  F	  4.3	  0.1	0.272	1.066	1.066
195	  T	  3.5	  0.1	0.000	1.066	1.066
196	  N	  2.4	  0.1	0.000	1.066	1.066
197	  H	  1.4	  0.1	0.000	1.066	1.066
198	  T	  2.4	  0.0	0.000	1.737	1.737
199	  L	  4.3	  0.0	0.000	2.865	2.865
200	  V	  5.7	  0.0	0.000	2.865	2.865
201	  L	  5.7	  0.0	0.000	2.700	2.700
202	  H	  5.2	  0.0	0.000	1.799	1.799
203	  V	  3.9	  0.0	0.000	1.799	1.799
204	  A	  2.7	  0.1	0.000	0.817	0.817
205	  R	  1.3	  0.1	0.000	0.000	0.000
206	  S	  0.3	  0.1	1.358	0.000	0.000
207	  E	  0.9	  0.1	1.358	0.000	0.000
208	  M	  0.9	  0.1	1.459	0.000	0.000
209	  D	  0.9	  0.0	2.637	0.000	0.000
210	  K	  1.7	  0.0	2.637	0.000	0.000
211	  V	 10.2	  0.0	2.637	0.000	0.000
212	  R	 12.5	  0.0	2.528	0.000	0.000
213	  V	 14.9	  0.0	2.078	0.000	0.000
214	  F	  8.7	  0.0	2.078	0.000	0.000
215	  Q	  6.1	  0.0	0.867	0.000	0.000
216	  A	  2.6	  0.1	0.513	0.000	0.000
217	  T	  0.5	  0.3	0.270	0.000	0.000
218	  R	  0.3	  0.3	0.270	0.000	0.000
219	  G	  0.1	  0.4	0.270	0.000	0.000
220	  K	  0.5	  0.4	0.139	0.000	0.000
221	  L	  0.8	  0.2	0.139	0.000	0.000
222	  S	  1.0	  0.3	0.139	0.000	0.000
223	  S	  1.0	  0.3	0.139	0.000	0.000
224	  K	  1.3	  0.3	0.000	0.000	0.000
225	  C	  3.4	  0.2	0.000	0.423	0.423
226	  S	  3.7	  0.1	0.000	0.423	0.423
227	  V	 10.9	  0.0	0.000	0.423	0.423
228	  V	  9.3	  0.0	0.000	0.423	0.423
229	  L	  8.4	  0.0	0.000	0.423	0.423
230	  G	  0.6	  0.3	0.000	0.000	0.000
231	  P	  0.0	  0.3	0.000	0.000	0.000
232	  K	  0.1	  0.3	0.000	0.000	0.000
233	  W	  0.1	  0.7	0.000	0.000	0.000
234	  P	  0.1	  0.5	0.000	0.000	0.000
235	  S	  0.6	  0.5	0.000	0.000	0.000
236	  H	  2.3	  0.5	0.000	0.000	0.000
237	  Y	  3.1	  0.1	0.000	0.000	0.000
238	  L	  4.1	  0.0	0.000	0.000	0.000
239	  M	  2.6	  0.0	0.000	0.000	0.000
240	  V	  1.8	  0.5	0.000	0.000	0.000
241	  P	  0.2	  1.1	0.000	0.000	0.000
242	  G	  0.0	  1.3	0.000	0.000	0.000
243	  G	  0.0	  1.4	0.000	0.000	0.000
244	  K	  0.1	  0.9	0.000	0.000	0.000
245	  H	  0.4	  0.3	0.000	0.000	0.000
246	  N	  0.7	  0.8	0.000	0.000	0.000
247	  M	  2.0	  0.7	0.000	0.000	0.000
248	  D	  2.8	  0.7	0.234	0.000	0.000
249	  F	  3.9	  0.7	0.446	0.000	0.000
250	  Y	  4.5	  0.0	0.903	0.000	0.000
251	  V	  5.1	  0.0	1.182	0.000	0.000
252	  E	  3.7	  0.0	1.182	0.000	0.000
253	  A	  1.7	  0.0	1.182	0.000	0.000
254	  L	  0.5	  0.0	1.182	0.000	0.000
255	  A	  0.5	  0.0	1.182	0.000	0.000
256	  F	  0.4	  0.7	1.182	0.000	0.000
257	  P	  0.0	  0.8	0.000	0.000	0.000
258	  D	  0.1	  1.3	0.000	0.000	0.000
259	  T	  0.7	  1.3	0.000	0.000	0.000
260	  D	  0.8	  0.6	0.000	0.000	0.000
261	  F	  0.7	  2.1	0.000	0.000	0.000
262	  P	  0.1	  1.6	0.000	0.000	0.000
263	  G	  0.0	  1.6	0.089	5.405	5.405
264	  L	  0.3	  1.6	0.089	62.422	62.422
265	  I	  9.3	  0.0	0.089	72.525	72.525
266	  T	 11.6	  0.0	0.089	73.110	73.110
267	  L	 14.5	  0.0	0.089	74.026	74.026
268	  T	 17.7	  0.0	0.089	73.887	73.887
269	  I	 17.9	  0.0	0.089	71.865	71.865
270	  S	 15.0	  0.0	0.089	46.056	46.056
271	  L	  3.9	  0.1	0.000	42.812	42.812
272	  L	  0.7	  0.1	0.000	36.203	36.203
273	  D	  0.6	  0.6	0.000	0.000	0.000
274	  T	  0.4	  0.9	0.000	0.000	0.000
275	  S	  0.2	  0.8	0.000	0.000	0.000
276	  N	  0.5	  0.8	0.000	0.000	0.000
277	  L	  1.9	  0.3	0.000	0.000	0.000
278	  E	  1.9	  0.0	0.000	0.000	0.000
279	  L	  1.5	  0.2	0.000	0.000	0.000
280	  P	  0.0	  0.2	0.115	0.000	0.000
281	  E	  0.0	  0.2	0.115	0.000	0.000
282	  A	  0.8	  0.2	0.115	2.194	2.194
283	  V	  4.5	  0.0	0.115	4.252	4.252
284	  V	  8.7	  0.0	0.115	4.692	4.692
285	  F	  9.2	  0.2	0.115	4.692	4.692
286	  Q	  5.7	  0.2	0.000	4.692	4.692
287	  D	  1.5	  0.2	0.000	4.238	4.238
288	  S	  1.1	  0.2	0.186	4.238	4.238
289	  V	  4.5	  0.0	0.186	4.238	4.238
290	  V	  6.6	  0.0	0.186	4.238	4.238
291	  F	  9.8	  0.0	0.186	4.238	4.238
292	  R	  8.5	  0.0	0.186	4.238	4.238
293	  V	  6.6	  0.0	0.186	3.941	3.941
294	  A	  2.7	  0.0	0.186	0.000	0.000
295	  P	  0.4	  0.0	0.000	0.000	0.000
296	  W	  0.6	  0.0	0.000	0.000	0.000
297	  I	  4.1	  0.0	0.000	0.000	0.000
298	  M	  4.2	  0.0	0.000	0.000	0.000
299	  T	  3.6	  0.7	0.000	0.000	0.000
300	  P	  0.2	  0.7	0.000	0.000	0.000
301	  N	  0.8	  0.7	0.000	0.000	0.000
302	  T	  0.8	  0.7	0.000	0.000	0.000
303	  Q	  0.8	  0.0	0.000	0.000	0.000
304	  P	  0.0	  0.2	0.000	0.000	0.000
305	  P	  0.0	  0.3	0.000	0.000	0.000
306	  Q	  0.3	  0.3	0.000	0.000	0.000
307	  E	  2.2	  0.3	0.000	0.000	0.000
308	  V	  4.3	  0.0	0.000	0.910	0.910
309	  Y	  5.4	  0.0	0.000	0.910	0.910
310	  A	  3.7	  0.0	0.000	0.910	0.910
311	  C	  2.9	  0.0	0.000	0.910	0.910
312	  S	  1.7	  0.0	0.000	0.910	0.910
313	  I	  2.4	  0.0	0.000	0.910	0.910
314	  F	  2.1	  0.3	0.000	0.910	0.910
315	  E	  1.8	  0.3	0.000	0.000	0.000
316	  N	  1.0	  1.8	0.489	0.000	0.000
317	  E	  0.1	  1.8	0.489	0.000	0.000
318	  D	  0.1	  1.5	0.489	0.000	0.000
319	  F	  0.9	  1.5	0.489	0.000	0.000
320	  L	  1.1	  0.1	0.489	0.000	0.000
321	  K	  1.6	  0.1	0.489	0.000	0.000
322	  S	  4.3	  0.1	3.333	0.000	0.000
323	  V	  5.7	  0.1	3.030	0.319	0.319
324	  T	  6.0	  0.0	4.482	0.319	0.319
325	  T	  2.9	  0.0	6.773	0.319	0.319
326	  L	  1.5	  0.0	6.951	0.319	0.319
327	  A	  0.9	  0.0	7.193	0.319	0.319
328	  M	  0.9	  0.0	7.085	0.170	0.170
329	  K	  0.9	  0.0	6.614	0.000	0.000
330	  A	  0.8	  0.1	5.255	0.000	0.000
331	  K	  1.1	  0.1	4.879	0.000	0.000
332	  C	  1.4	  0.1	1.483	0.000	0.000
333	  K	  3.1	  0.1	0.712	0.000	0.000
334	  L	  6.1	  0.1	0.000	0.000	0.000
335	  T	  9.3	  0.1	0.000	0.000	0.000
336	  I	  7.6	  0.0	0.000	0.000	0.000
337	  C	  3.8	  0.3	0.000	0.000	0.000
338	  P	  0.1	  0.4	0.000	0.000	0.000
339	  E	  0.0	  0.4	0.000	0.000	0.000
340	  E	  0.0	  0.6	0.000	0.000	0.000
341	  E	  0.1	  0.3	0.000	0.000	0.000
342	  N	  0.3	  1.9	0.000	0.000	0.000
343	  M	  0.4	  2.0	0.000	0.000	0.000
344	  D	  0.4	  1.8	0.309	0.000	0.000
345	  D	  0.7	  1.8	0.309	0.000	0.000
346	  Q	  1.4	  0.1	0.309	0.000	0.000
347	  W	  1.9	  0.0	0.309	0.000	0.000
348	  M	  1.6	  0.2	0.309	0.000	0.000
349	  Q	  0.9	  0.2	0.309	0.000	0.000
350	  D	  0.3	  0.2	0.572	0.000	0.000
351	  E	  0.2	  0.2	0.398	0.000	0.000
352	  M	  1.9	  0.0	0.263	0.000	0.000
353	  E	  2.0	  0.0	0.263	0.000	0.000
354	  I	  2.0	  0.0	0.263	0.000	0.000
355	  G	  0.2	  0.0	0.263	0.000	0.000
356	  Y	  0.7	  0.0	0.136	0.000	0.000
357	  I	  1.4	  0.0	0.000	0.000	0.000
358	  Q	  1.4	  0.0	0.000	0.000	0.000
359	  A	  0.9	  0.2	0.000	0.000	0.000
360	  P	  0.0	  0.3	0.000	0.000	0.000
361	  H	  0.4	  0.4	0.000	0.000	0.000
362	  K	  0.8	  0.4	0.000	0.000	0.000
363	  T	  1.1	  0.2	0.000	0.000	0.000
364	  L	  0.7	  0.2	0.000	0.000	0.000
365	  P	  0.3	  0.0	0.000	0.000	0.000
366	  V	  3.7	  0.0	0.000	0.000	0.000
367	  V	  6.9	  0.0	0.000	0.000	0.000
368	  F	  8.5	  0.0	0.000	0.000	0.000
369	  D	  4.9	  0.0	0.000	0.000	0.000
370	  S	  1.7	  0.4	1.162	0.000	0.000
371	  P	  0.0	  0.5	1.162	0.000	0.000
372	  R	  0.0	  0.6	1.162	0.000	0.000
373	  N	  0.0	  0.7	1.377	0.000	0.000
374	  R	  0.1	  0.3	1.377	0.000	0.000
375	  G	  0.1	  0.1	1.377	0.000	0.000
376	  L	  0.2	  0.2	0.593	0.000	0.000
377	  K	  0.4	  0.1	0.215	0.000	0.000
378	  E	  0.4	  0.1	0.215	0.000	0.000
379	  F	  0.3	  0.1	0.215	0.000	0.000
380	  P	  0.1	  0.0	0.142	0.000	0.000
381	  I	  2.2	  0.0	0.142	0.000	0.000
382	  K	  2.7	  0.0	0.142	0.000	0.000
383	  R	  4.5	  0.0	0.142	0.000	0.000
384	  V	  3.6	  0.0	0.142	0.000	0.000
385	  M	  3.0	  0.1	0.142	0.000	0.000
386	  G	  1.2	  1.5	0.000	0.000	0.000
387	  P	  0.0	  1.5	0.000	0.000	0.000
388	  D	  0.0	  1.7	0.000	0.000	0.000
389	  F	  0.2	  1.6	0.000	4.277	4.277
390	  G	  0.3	  0.2	0.712	4.277	4.277
391	  Y	  1.1	  0.2	0.712	4.277	4.277
392	  V	  2.7	  0.0	0.712	4.277	4.277
393	  T	  2.8	  0.0	0.712	4.277	4.277
394	  R	  1.9	  0.0	0.712	0.000	0.000
395	  G	  0.1	  0.3	0.712	0.000	0.000
396	  P	  0.0	  0.5	0.000	0.000	0.000
397	  Q	  0.0	  0.5	0.000	0.000	0.000
398	  T	  0.0	  0.8	0.000	0.000	0.000
399	  G	  0.0	  0.6	0.000	0.000	0.000
400	  G	  0.1	  0.4	0.000	0.000	0.000
401	  I	  1.4	  0.4	0.000	0.000	0.000
402	  S	  1.4	  0.2	0.000	0.000	0.000
403	  G	  1.4	  0.3	0.000	0.000	0.000
404	  L	  0.4	  0.5	0.000	0.000	0.000
405	  D	  0.9	  0.6	0.000	0.000	0.000
406	  S	  1.6	  0.7	0.000	0.000	0.000
407	  F	  1.3	  5.9	0.000	0.000	0.000
408	  G	  0.8	  5.8	0.000	0.000	0.000
409	  N	  0.5	  5.5	0.000	0.000	0.000
410	  L	  2.1	  5.4	0.000	0.000	0.000
411	  E	  7.3	  0.0	0.000	0.000	0.000
412	  V	  6.9	  0.0	0.000	0.000	0.000
413	  S	  5.2	  0.0	0.000	0.000	0.000
414	  P	  0.0	  0.0	0.000	0.000	0.000
415	  P	  0.0	  0.0	0.000	0.000	0.000
416	  V	 18.9	  0.0	0.000	0.000	0.000
417	  T	 25.4	  0.0	0.000	0.000	0.000
418	  V	 26.0	  0.2	0.000	0.000	0.000
419	  R	  8.2	  0.2	0.000	0.000	0.000
420	  G	  0.7	  0.3	0.000	0.000	0.000
421	  K	  0.3	  0.3	0.000	0.000	0.000
422	  E	  0.3	  0.1	0.000	0.000	0.000
423	  Y	  0.3	  0.5	0.000	0.000	0.000
424	  P	  0.1	  0.6	0.776	0.000	0.000
425	  L	  0.0	  0.6	0.776	0.000	0.000
426	  G	  0.1	  0.6	0.776	0.000	0.000
427	  R	  3.1	  0.2	0.776	0.000	0.000
428	  I	  4.6	  0.1	0.776	0.000	0.000
429	  L	  4.7	  0.1	0.776	0.000	0.000
430	  F	  1.8	  3.4	0.776	0.000	0.000
431	  G	  0.2	  3.6	0.288	0.000	0.000
432	  D	  0.3	  3.7	0.000	0.000	0.000
433	  S	  4.5	  3.5	0.000	0.000	0.000
434	  C	  4.8	  0.2	0.000	0.000	0.000
435	  Y	  4.5	  0.5	0.000	0.000	0.000
436	  P	  0.3	  0.8	0.000	0.000	0.000
437	  S	  0.0	  1.3	0.000	0.000	0.000
438	  N	  0.0	  2.0	0.000	0.000	0.000
439	  D	  0.1	  1.7	0.000	0.000	0.000
440	  S	  0.4	  1.4	0.000	0.000	0.000
441	  R	  1.2	  1.0	0.000	0.000	0.000
442	  Q	  1.8	  0.2	0.000	0.000	0.000
443	  M	  1.7	  0.1	0.000	0.000	0.000
444	  H	  1.2	  0.1	0.132	0.000	0.000
445	  Q	  0.7	  0.1	0.132	0.000	0.000
446	  A	  0.7	  0.1	0.132	0.000	0.000
447	  L	  0.6	  0.5	0.132	0.000	0.000
448	  Q	  0.9	  0.4	0.132	0.000	0.000
449	  D	  0.7	  0.4	0.132	0.000	0.000
450	  F	  1.6	  0.4	0.000	0.000	0.000
451	  L	  1.7	  0.0	0.000	0.000	0.000
452	  S	  2.0	  0.0	0.000	0.000	0.000
453	  A	  1.0	  0.1	0.000	0.000	0.000
454	  Q	  0.7	  0.1	0.000	0.000	0.000
455	  Q	  1.2	  0.0	0.000	0.000	0.000
456	  V	  3.7	  0.0	0.000	0.000	0.000
457	  Q	  3.5	  0.0	0.000	0.000	0.000
458	  A	  2.7	  0.0	0.000	0.000	0.000
459	  P	  0.0	  0.0	0.000	0.000	0.000
460	  V	  7.2	  0.0	0.000	0.333	0.333
461	  K	  7.5	  0.0	0.000	0.333	0.333
462	  L	  8.1	  0.0	0.000	0.333	0.333
463	  Y	  1.2	  0.3	0.000	0.333	0.333
464	  S	  0.9	  0.3	0.000	0.333	0.333
465	  D	  0.3	  0.3	0.000	0.333	0.333
466	  W	  0.6	  0.3	0.000	0.333	0.333
467	  L	  2.6	  0.0	0.000	0.333	0.333
468	  S	  3.0	  0.3	0.000	0.198	0.198
469	  V	  2.5	  0.3	0.000	0.198	0.198
470	  G	  0.6	  0.3	0.000	0.000	0.000
471	  H	  1.6	  0.3	0.000	0.000	0.000
472	  V	  1.6	  0.1	0.000	0.000	0.000
473	  D	  1.6	  0.0	0.173	0.000	0.000
474	  E	  0.3	  0.0	0.173	0.000	0.000
475	  F	  1.2	  0.1	0.173	0.000	0.000
476	  L	  3.5	  0.1	0.173	0.000	0.000
477	  S	  4.9	  0.1	0.173	0.000	0.000
478	  F	  4.1	  0.1	0.173	0.000	0.000
479	  V	  1.8	  0.0	0.000	0.000	0.000
480	  P	  0.2	  0.0	0.000	0.000	0.000
481	  A	  0.0	  0.9	0.000	0.000	0.000
482	  P	  0.0	  1.0	0.000	0.000	0.000
483	  D	  0.0	  1.3	0.000	0.000	0.000
484	  R	  0.1	  1.7	0.000	0.000	0.000
485	  K	  0.1	  0.8	0.000	0.000	0.000
486	  G	  0.1	  0.8	0.000	0.000	0.000
487	  F	  2.1	  0.5	0.000	0.000	0.000
488	  R	  2.5	  0.1	0.000	0.000	0.000
489	  L	  3.4	  0.1	0.000	0.000	0.000
490	  L	  1.6	  0.1	0.000	0.000	0.000
491	  L	  1.4	  0.0	0.000	0.000	0.000
492	  A	  0.5	  0.0	0.000	0.000	0.000
493	  S	  0.3	  0.3	0.000	0.000	0.000
494	  P	  0.0	  0.4	0.000	0.000	0.000
495	  R	  0.2	  0.5	0.000	0.000	0.000
496	  S	  2.9	  0.5	0.350	0.000	0.000
497	  C	  6.7	  0.2	0.350	0.000	0.000
498	  Y	  7.8	  0.1	0.350	0.000	0.000
499	  K	  5.5	  0.0	0.350	0.000	0.000
500	  L	  1.9	  0.0	0.350	0.000	0.000
501	  F	  1.6	  0.1	0.350	0.000	0.000
502	  Q	  1.4	  0.1	0.350	0.000	0.000
503	  E	  1.2	  0.1	0.350	0.000	0.000
504	  Q	  0.3	  0.2	0.350	0.000	0.000
505	  Q	  0.3	  0.2	0.174	0.000	0.000
506	  N	  0.3	  1.4	0.174	0.000	0.000
507	  E	  0.1	  1.7	0.000	0.000	0.000
508	  G	  0.0	  1.8	0.000	0.000	0.000
509	  H	  0.1	  1.9	0.000	0.000	0.000
510	  G	  0.1	  0.7	0.279	0.000	0.000
511	  E	  0.1	  0.4	0.279	0.000	0.000
512	  A	  0.4	  0.2	0.279	0.000	0.000
513	  L	  0.9	  0.0	0.456	0.000	0.000
514	  L	  1.0	  0.0	0.456	0.000	0.000
515	  F	  1.0	  0.6	1.333	0.000	0.000
516	  E	  0.5	  0.7	1.193	0.000	0.000
517	  G	  0.5	  0.7	3.089	0.000	0.000
518	  I	  0.6	  0.7	3.089	0.000	0.000
519	  K	  0.6	  0.1	3.089	0.000	0.000
520	  K	  0.6	  0.1	3.089	0.000	0.000
521	  K	  0.2	  0.2	3.089	0.000	0.000
522	  K	  0.3	  0.2	2.207	0.000	0.000
523	  Q	  0.5	  0.1	1.322	0.000	0.000
524	  Q	  0.6	  0.1	0.556	0.000	0.000
525	  K	  3.2	  0.1	0.151	0.000	0.000
526	  I	  3.2	  0.1	0.000	0.000	0.000
527	  K	  3.3	  0.1	0.000	0.000	0.000
528	  N	  0.8	  0.1	0.000	0.000	0.000
529	  I	  1.9	  0.1	0.000	0.000	0.000
530	  L	  1.6	  0.2	0.000	0.000	0.000
531	  S	  1.5	  0.3	0.642	0.000	0.000
532	  N	  0.1	  0.3	0.642	0.000	0.000
533	  K	  0.3	  0.3	0.642	0.000	0.000
534	  T	  2.7	  0.1	0.642	0.000	0.000
535	  L	  2.7	  0.1	0.642	0.000	0.000
536	  R	  2.6	  0.1	0.642	0.000	0.000
537	  E	  0.5	  0.1	0.291	0.000	0.000
538	  H	  0.7	  0.2	0.146	0.000	0.000
539	  N	  1.6	  0.2	0.000	0.000	0.000
540	  S	  2.2	  0.1	0.000	0.000	0.000
541	  F	  4.0	  0.1	0.000	0.000	0.000
542	  V	  4.4	  0.0	0.000	0.000	0.000
543	  E	  3.8	  0.1	0.000	0.000	0.000
544	  R	  4.0	  0.1	0.000	0.000	0.000
545	  C	  5.3	  0.1	0.000	0.000	0.000
546	  I	  7.4	  0.0	0.000	0.000	0.000
547	  D	  5.5	  0.7	2.198	0.000	0.000
548	  W	  2.9	  0.7	2.852	0.000	0.000
549	  N	  0.6	  0.8	9.914	0.000	0.000
550	  R	  0.3	  0.8	10.277	0.000	0.000
551	  E	  0.1	  0.1	10.450	0.000	0.000
552	  L	  0.3	  0.1	10.630	0.000	0.000
553	  L	  0.4	  0.1	10.514	0.000	0.000
554	  K	  0.6	  0.1	10.331	0.000	0.000
555	  R	  0.4	  0.2	8.583	0.000	0.000
556	  E	  0.4	  0.2	6.976	0.000	0.000
557	  L	  0.1	  0.2	5.585	0.000	0.000
558	  G	  0.2	  0.1	5.232	0.000	0.000
559	  L	  0.2	  0.0	0.783	0.000	0.000
560	  A	  0.1	  0.2	0.000	0.000	0.000
561	  E	  0.1	  0.3	0.000	0.000	0.000
562	  S	  0.1	  0.3	0.000	0.000	0.000
563	  D	  1.5	  0.3	0.000	0.000	0.000
564	  I	  2.3	  0.1	0.000	0.000	0.000
565	  I	 11.4	  0.0	0.000	0.000	0.000
566	  D	 10.0	  0.0	0.000	0.000	0.000
567	  I	  9.2	  0.0	0.000	0.000	0.000
568	  P	  0.1	  0.0	0.108	0.000	0.000
569	  Q	  1.1	  0.0	0.108	0.000	0.000
570	  L	  1.3	  0.0	0.108	0.000	0.000
571	  F	  2.7	  0.1	0.108	0.000	0.000
572	  K	  2.7	  0.0	0.108	0.000	0.000
573	  L	  2.5	  0.2	0.108	0.000	0.000
574	  K	  1.3	  0.2	0.108	0.000	0.000
575	  E	  1.6	  0.1	0.108	0.000	0.000
576	  F	  3.8	  0.2	0.108	0.000	0.000
577	  S	  3.7	  0.1	3.982	0.000	0.000
578	  K	  2.6	  0.1	3.982	0.000	0.000
579	  A	  0.4	  0.1	3.982	0.000	0.000
580	  E	  0.4	  0.1	3.982	0.000	0.000
581	  A	  0.6	  0.0	3.982	0.000	0.000
582	  F	  0.8	  0.0	3.982	0.000	0.000
583	  F	  0.7	  1.7	1.604	0.000	0.000
584	  P	  0.2	  1.7	0.000	0.000	0.000
585	  N	  0.3	  1.7	0.991	0.155	0.155
586	  M	  1.1	  1.7	0.991	6.759	6.759
587	  V	  4.7	  0.0	0.991	12.397	12.397
588	  N	  4.4	  0.0	2.043	12.698	12.698
589	  M	  4.7	  0.0	2.043	13.404	13.404
590	  L	  3.1	  0.0	2.043	13.404	13.404
591	  V	  3.6	  0.0	2.043	13.231	13.231
592	  L	  2.6	  0.1	2.043	9.428	9.428
593	  G	  0.6	  0.2	1.803	1.388	1.388
594	  K	  0.1	  0.2	1.217	0.000	0.000
595	  H	  0.3	  0.4	0.000	0.000	0.000
596	  L	  0.5	  0.3	0.000	0.000	0.000
597	  G	  0.4	  0.2	0.000	0.000	0.000
598	  I	  0.3	  0.1	0.000	0.000	0.000
599	  P	  0.0	  0.0	0.000	0.000	0.000
600	  K	  0.0	  0.2	0.000	0.000	0.000
601	  P	  0.0	  0.2	0.000	0.000	0.000
602	  F	  0.0	  0.3	0.000	0.000	0.000
603	  G	  0.0	  0.3	0.000	0.000	0.000
604	  P	  0.0	  0.1	0.000	0.000	0.000
605	  V	  5.8	  0.2	0.000	0.000	0.000
606	  I	  6.7	  5.7	0.000	0.000	0.000
607	  N	  6.7	  5.8	0.000	0.000	0.000
608	  G	  1.0	  5.8	0.000	0.000	0.000
609	  R	  0.5	  5.8	0.000	0.000	0.000
610	  C	  9.3	  0.2	0.000	0.000	0.000
611	  C	 10.2	  0.0	0.000	0.000	0.000
612	  L	  9.8	  0.1	0.000	0.000	0.000
613	  E	  1.3	  0.1	0.000	0.000	0.000
614	  E	  0.2	  0.1	0.000	0.000	0.000
615	  K	  1.2	  0.1	0.000	0.000	0.000
616	  V	  2.1	  0.0	0.000	0.538	0.538
617	  C	  3.5	  0.1	0.000	0.538	0.538
618	  S	  2.8	  0.1	0.000	0.538	0.538
619	  L	  1.9	  0.1	0.000	0.538	0.538
620	  L	  0.5	  0.1	0.000	0.538	0.538
621	  E	  0.3	  0.3	0.000	0.000	0.000
622	  P	  0.1	  0.3	0.000	0.000	0.000
623	  L	  0.1	  0.3	0.000	0.000	0.000
624	  G	  0.1	  0.3	0.000	0.000	0.000
625	  L	  1.8	  0.0	0.000	0.000	0.000
626	  Q	  2.4	  0.0	0.000	0.000	0.000
627	  C	  5.4	  0.0	0.000	0.000	0.000
628	  T	  6.1	  0.0	0.000	0.000	0.000
629	  F	  6.7	  0.1	0.000	0.000	0.000
630	  I	  3.8	  0.1	0.000	0.000	0.000
631	  N	  1.6	  0.1	0.000	0.000	0.000
632	  D	  1.0	  0.1	0.675	0.000	0.000
633	  F	  1.8	  0.1	0.675	10.987	10.987
634	  F	 12.9	  0.0	0.675	11.807	11.807
635	  T	 18.4	  0.0	0.790	11.807	11.807
636	  Y	 21.7	  0.0	0.790	11.807	11.807
637	  H	 15.8	  0.0	0.790	11.807	11.807
638	  I	 10.3	  0.1	0.590	10.886	10.886
639	  R	  5.8	  0.4	0.590	0.000	0.000
640	  H	  0.8	  0.4	0.432	0.000	0.000
641	  G	  0.2	  0.4	0.094	0.000	0.000
642	  E	 11.8	  0.4	0.000	0.000	0.000
643	  V	 15.1	  0.1	0.000	0.000	0.000
644	  H	 15.4	  0.0	0.000	0.000	0.000
645	  C	  4.1	  0.2	0.000	0.000	0.000
646	  G	  0.4	  0.2	0.000	0.000	0.000
647	  T	  0.7	  0.2	0.148	0.000	0.000
648	  N	  4.1	  0.2	0.148	0.000	0.000
649	  V	  5.4	  0.1	0.148	0.000	0.000
650	  R	  5.1	  0.0	0.148	0.000	0.000
651	  R	  1.8	  0.0	0.148	0.000	0.000
652	  K	  0.5	  0.0	0.148	0.000	0.000
653	  P	  0.0	  0.0	0.000	0.000	0.000
654	  F	  6.6	  0.0	0.000	0.000	0.000
655	  S	  8.1	  0.0	0.151	0.000	0.000
656	  F	  9.3	  0.0	0.151	0.000	0.000
657	  K	  2.9	  0.0	0.151	0.000	0.000
658	  W	  2.1	  0.1	0.151	0.000	0.000
659	  W	  2.1	  0.1	0.151	0.000	0.000
660	  N	  2.4	  0.1	0.151	0.000	0.000
661	  M	  1.8	  0.1	0.000	0.000	0.000
662	  V	  0.7	  0.0	0.000	0.000	0.000
663	  P	  0.1	  0.0	0.000	0.000	0.000
