res	aa	Beta	Turn	Helix	Aggregation	Conc-Stab_Aggregation
01	  M	  0.1	  0.1	0.000	0.000	0.000
02	  G	  0.1	  0.1	0.344	0.000	0.000
03	  A	  0.2	  0.1	0.344	0.000	0.000
04	  A	  0.1	  0.6	0.344	0.000	0.000
05	  A	  0.1	  0.7	0.344	0.000	0.000
06	  G	  0.1	  0.7	0.344	0.000	0.000
07	  R	  0.1	  0.7	0.344	0.000	0.000
08	  S	  0.1	  0.6	0.000	0.000	0.000
09	  P	  0.1	  0.4	0.000	0.000	0.000
10	  H	  0.2	  0.4	0.000	0.000	0.000
11	  L	  0.2	  0.5	0.000	0.000	0.000
12	  G	  0.2	  0.1	0.000	0.000	0.000
13	  P	  0.0	  0.0	0.000	0.000	0.000
14	  A	  0.0	  0.0	0.000	0.000	0.000
15	  P	  0.0	  0.0	0.000	0.000	0.000
16	  A	  0.3	  0.0	0.000	0.000	0.000
17	  R	  0.4	  0.0	0.000	0.000	0.000
18	  R	  0.4	  0.1	0.247	0.000	0.000
19	  P	  0.1	  0.2	2.622	0.000	0.000
20	  Q	  0.2	  0.2	4.196	0.000	0.000
21	  R	  0.5	  0.2	5.573	0.000	0.000
22	  S	  0.6	  0.1	29.870	6.790	6.790
23	  L	  1.0	  0.1	32.057	61.469	61.469
24	  L	  1.2	  0.0	38.973	88.875	88.875
25	  L	  1.2	  0.0	40.645	93.894	93.894
26	  L	  1.5	  0.0	40.854	94.811	94.811
27	  Q	  1.3	  0.0	41.070	94.969	94.969
28	  L	  1.8	  0.0	40.590	99.040	99.040
29	  L	  1.4	  0.0	40.457	99.360	99.360
30	  L	  1.6	  0.0	40.096	99.224	99.224
31	  L	  1.6	  0.0	38.049	98.471	98.471
32	  V	  2.7	  0.0	32.656	94.354	94.354
33	  A	  2.2	  0.0	31.443	43.713	43.713
34	  A	  1.7	  1.2	13.231	0.563	0.563
35	  P	  0.0	  1.6	0.000	0.312	0.312
36	  G	  0.0	  1.7	0.000	0.000	0.000
37	  S	  0.4	  1.7	0.000	0.000	0.000
38	  T	  0.9	  0.6	0.000	0.000	0.000
39	  Q	  1.1	  0.1	0.000	0.000	0.000
40	  A	  0.8	  0.1	0.000	0.000	0.000
41	  Q	  0.4	  0.0	0.000	0.000	0.000
42	  A	  0.2	  0.0	0.000	0.000	0.000
43	  A	  0.1	  0.0	0.000	0.000	0.000
44	  P	  0.0	  0.0	0.000	0.000	0.000
45	  F	  0.0	  0.5	0.000	0.000	0.000
46	  P	  0.0	  0.5	0.000	0.000	0.000
47	  E	  0.2	  0.5	0.000	0.000	0.000
48	  L	  0.5	  0.6	0.000	0.000	0.000
49	  C	  1.7	  0.1	0.000	0.000	0.000
50	  S	  8.5	  0.1	0.000	0.000	0.000
51	  Y	 18.0	  0.1	0.000	0.000	0.000
52	  T	 23.6	  0.0	0.000	0.000	0.000
53	  W	 18.0	  0.0	0.000	0.000	0.000
54	  E	  8.2	  0.0	0.000	0.000	0.000
55	  A	  1.4	  0.1	0.000	0.000	0.000
56	  V	  1.1	  0.1	0.000	0.000	0.000
57	  D	  1.3	  0.1	0.000	0.000	0.000
58	  T	  1.7	  0.4	0.000	0.000	0.000
59	  K	  0.9	  0.4	0.000	0.000	0.000
60	  N	  0.7	  0.4	0.123	0.000	0.000
61	  N	  0.3	  0.4	0.123	0.000	0.000
62	  V	  1.8	  0.0	0.123	0.319	0.319
63	  L	  1.9	  0.0	0.123	0.319	0.319
64	  Y	  3.6	  0.0	0.123	0.319	0.319
65	  K	  3.6	  0.0	0.123	0.319	0.319
66	  I	 11.1	  0.0	0.000	0.319	0.319
67	  N	  9.9	  0.0	0.000	0.319	0.319
68	  I	  9.2	  0.0	0.000	0.319	0.319
69	  C	  1.7	  0.1	0.000	0.319	0.319
70	  G	  0.9	  0.1	0.000	0.319	0.319
71	  S	  4.3	  0.3	0.000	0.319	0.319
72	  V	  8.6	  0.3	0.000	0.319	0.319
73	  D	  9.7	  0.3	0.000	0.319	0.319
74	  I	  9.0	  0.2	0.000	0.319	0.319
75	  V	  6.6	  0.0	0.000	0.319	0.319
76	  Q	  5.5	  0.0	0.000	0.000	0.000
77	  C	  2.3	  0.1	0.000	0.000	0.000
78	  G	  0.1	  0.6	0.000	0.000	0.000
79	  P	  0.0	  0.8	0.000	0.000	0.000
80	  S	  0.1	  0.8	0.000	0.000	0.000
81	  S	  0.4	  0.7	0.000	0.000	0.000
82	  A	  0.5	  0.2	0.000	0.000	0.000
83	  V	  2.4	  0.0	0.000	0.000	0.000
84	  C	  3.7	  0.0	0.252	0.000	0.000
85	  M	  3.7	  0.1	0.252	0.000	0.000
86	  H	  1.9	  0.1	0.252	0.000	0.000
87	  D	  0.5	  0.1	0.628	0.000	0.000
88	  L	  0.5	  0.2	0.628	0.000	0.000
89	  K	  0.6	  0.1	0.628	0.000	0.000
90	  T	  1.1	  0.1	0.376	0.000	0.000
91	  R	  2.3	  0.1	0.376	0.000	0.000
92	  T	  9.3	  0.1	0.376	0.000	0.000
93	  Y	  9.2	  0.1	0.376	0.000	0.000
94	  H	  8.1	  0.1	0.144	0.000	0.000
95	  S	  1.2	  0.2	0.000	0.000	0.000
96	  V	  0.7	  1.9	0.000	0.000	0.000
97	  G	  0.4	  1.9	0.256	0.000	0.000
98	  D	  0.2	  1.9	0.444	0.000	0.000
99	  S	  0.7	  1.7	0.686	0.000	0.000
100	  V	  2.7	  0.1	0.686	0.000	0.000
101	  L	  3.1	  0.1	0.686	0.000	0.000
102	  R	  2.8	  0.1	0.686	0.000	0.000
103	  S	  1.6	  0.2	0.686	0.000	0.000
104	  A	  1.2	  0.3	0.241	0.000	0.000
105	  T	  3.3	  0.3	0.417	0.000	0.000
106	  R	  3.0	  0.3	0.417	0.000	0.000
107	  S	  3.0	  0.1	0.797	0.000	0.000
108	  L	  0.8	  0.1	0.797	0.000	0.000
109	  L	  1.0	  0.0	0.797	0.000	0.000
110	  E	  2.8	  0.0	0.797	0.000	0.000
111	  F	  3.4	  0.0	0.797	0.000	0.000
112	  N	  2.9	  0.0	0.380	0.000	0.000
113	  T	  2.7	  0.0	0.000	0.000	0.000
114	  T	 18.6	  0.0	0.000	0.000	0.000
115	  V	 24.4	  0.0	0.000	0.000	0.000
116	  S	 28.2	  0.3	0.000	0.000	0.000
117	  C	 13.8	  0.4	0.000	0.000	0.000
118	  D	  6.4	  0.7	0.000	0.000	0.000
119	  Q	  0.8	  0.8	0.000	0.000	0.000
120	  Q	  0.1	  0.6	0.000	0.000	0.000
121	  G	  0.0	  0.7	0.000	0.000	0.000
122	  T	  0.2	  0.4	0.000	0.000	0.000
123	  N	  0.4	  0.3	0.000	0.000	0.000
124	  H	  1.6	  0.1	0.000	0.000	0.000
125	  R	  2.9	  0.0	0.000	0.000	0.000
126	  V	  3.9	  0.1	0.000	0.000	0.000
127	  Q	  2.8	  0.1	0.000	0.000	0.000
128	  S	  1.4	  0.1	0.189	0.509	0.509
129	  S	  0.6	  0.1	0.809	4.930	4.930
130	  I	  2.3	  0.1	0.809	7.708	7.708
131	  A	  2.5	  0.0	0.809	7.708	7.708
132	  F	  4.2	  0.0	0.809	7.708	7.708
133	  L	  2.5	  0.3	0.809	7.708	7.708
134	  C	  2.4	  0.5	0.809	3.095	3.095
135	  G	  0.4	  0.6	0.809	0.229	0.229
136	  K	  0.5	  0.6	0.184	0.000	0.000
137	  T	  0.4	  0.3	0.000	0.000	0.000
138	  L	  0.4	  0.1	0.000	0.000	0.000
139	  G	  0.2	  0.0	0.000	0.000	0.000
140	  T	  0.0	  0.2	0.000	0.000	0.000
141	  P	  0.0	  0.2	0.000	0.000	0.000
142	  E	  0.1	  0.2	0.000	0.000	0.000
143	  F	  1.0	  0.2	0.000	0.338	0.338
144	  V	  4.2	  0.0	0.000	0.338	0.338
145	  T	  5.3	  0.0	0.000	0.338	0.338
146	  A	  4.5	  0.0	0.000	0.338	0.338
147	  T	  1.5	  0.1	0.000	0.338	0.338
148	  E	  0.3	  0.1	0.000	0.000	0.000
149	  C	  2.0	  0.1	0.000	0.229	0.229
150	  V	  6.0	  0.0	0.000	0.229	0.229
151	  H	  8.0	  0.0	0.000	0.229	0.229
152	  Y	  8.6	  0.0	0.000	0.229	0.229
153	  F	  7.8	  0.0	0.000	0.229	0.229
154	  E	  6.1	  0.0	0.000	0.000	0.000
155	  W	  4.1	  0.0	0.000	0.000	0.000
156	  R	  1.1	  0.1	0.000	0.000	0.000
157	  T	  1.2	  0.1	0.144	0.000	0.000
158	  T	  1.3	  0.1	0.618	0.000	0.000
159	  A	  1.0	  0.0	0.618	0.000	0.000
160	  A	  0.5	  0.0	0.618	0.000	0.000
161	  C	  0.4	  0.1	0.618	0.000	0.000
162	  K	  0.4	  0.5	0.618	0.000	0.000
163	  K	  0.6	  0.5	0.474	0.000	0.000
164	  D	  1.5	  0.5	0.123	0.000	0.000
165	  I	  1.9	  0.3	0.000	0.000	0.000
166	  F	  2.9	  0.0	0.000	0.000	0.000
167	  K	  1.7	  0.3	0.000	0.000	0.000
168	  A	  1.3	  0.3	0.000	0.000	0.000
169	  N	  0.2	  0.4	0.000	0.000	0.000
170	  K	  1.0	  0.3	0.000	0.000	0.000
171	  E	  1.2	  0.1	0.000	0.000	0.000
172	  V	  1.1	  0.2	0.000	0.000	0.000
173	  P	  0.2	  0.1	0.000	0.000	0.000
174	  C	  2.3	  0.1	0.000	0.000	0.000
175	  Y	  3.9	  0.1	0.000	0.000	0.000
176	  V	  6.8	  0.0	0.127	0.000	0.000
177	  F	  4.8	  0.0	1.660	0.000	0.000
178	  D	  3.2	  0.1	8.155	0.000	0.000
179	  E	  0.2	  0.1	8.548	0.000	0.000
180	  E	  0.2	  0.1	8.548	0.000	0.000
181	  L	  0.5	  0.1	8.548	0.000	0.000
182	  R	  0.6	  0.1	8.548	0.000	0.000
183	  K	  0.5	  0.2	8.548	0.000	0.000
184	  H	  0.4	  0.3	4.868	0.000	0.000
185	  D	  0.5	  0.2	1.390	0.000	0.000
186	  L	  0.5	  0.2	0.999	0.000	0.000
187	  N	  0.4	  0.1	2.292	0.000	0.000
188	  P	  0.1	  0.0	1.431	0.000	0.000
189	  L	  0.4	  0.0	1.431	0.000	0.000
190	  I	  5.9	  0.0	1.431	0.000	0.000
191	  K	  6.4	  0.1	1.431	0.000	0.000
192	  L	  6.2	  0.3	1.431	0.840	0.840
193	  S	  0.7	  0.8	0.978	0.965	0.965
194	  G	  0.2	  0.8	0.376	1.100	1.100
195	  A	  0.4	  0.7	0.000	1.100	1.100
196	  Y	  1.5	  0.5	0.000	1.100	1.100
197	  L	  2.0	  0.0	0.000	1.100	1.100
198	  V	  2.0	  0.1	0.000	0.941	0.941
199	  D	  0.9	  1.3	0.000	0.000	0.000
200	  D	  0.4	  1.3	0.000	0.000	0.000
201	  S	  0.0	  1.3	0.000	0.000	0.000
202	  D	  0.0	  9.4	0.397	0.000	0.000
203	  P	  0.0	  8.2	0.397	0.000	0.000
204	  D	  0.1	  8.4	0.397	0.000	0.000
205	  T	  0.6	  8.5	0.397	3.805	3.805
206	  S	  0.8	  0.3	0.397	8.754	8.754
207	  L	  1.3	  0.2	0.397	22.670	22.670
208	  F	  2.2	  0.1	0.158	24.181	24.181
209	  I	 11.7	  0.1	0.000	24.181	24.181
210	  N	 11.9	  0.1	0.000	23.320	23.320
211	  V	 11.2	  0.1	0.000	23.320	23.320
212	  C	  1.8	  0.3	0.000	9.802	9.802
213	  R	  1.2	  0.3	0.000	0.000	0.000
214	  D	  1.4	  0.8	0.737	0.000	0.000
215	  I	  2.4	  0.8	0.737	0.000	0.000
216	  D	  2.2	  0.5	0.737	0.000	0.000
217	  T	  3.7	  0.5	0.737	0.000	0.000
218	  L	  2.6	  0.1	0.737	0.000	0.000
219	  R	  2.6	  0.0	0.737	0.000	0.000
220	  D	  0.3	  5.5	0.477	0.000	0.000
221	  P	  0.0	  5.7	0.184	0.000	0.000
222	  G	  0.0	  5.8	0.694	0.000	0.000
223	  S	  0.2	  5.8	1.625	0.000	0.000
224	  Q	  1.0	  0.3	1.625	0.000	0.000
225	  L	  1.4	  0.2	1.625	0.000	0.000
226	  R	  1.2	  0.1	1.625	0.000	0.000
227	  A	  0.4	  0.0	1.625	0.000	0.000
228	  C	  0.0	  0.0	1.625	0.000	0.000
229	  P	  0.0	  1.2	0.000	0.000	0.000
230	  P	  0.0	  1.2	0.000	0.000	0.000
231	  G	  0.1	  1.3	0.123	0.000	0.000
232	  T	  0.4	  1.3	0.353	0.000	0.000
233	  A	  0.5	  0.1	0.353	0.204	0.204
234	  A	  0.6	  0.0	0.353	0.204	0.204
235	  C	  2.0	  0.0	0.353	0.204	0.204
236	  L	  2.2	  0.0	0.353	0.204	0.204
237	  V	  2.8	  0.1	0.353	0.204	0.204
238	  R	  1.1	  0.1	0.353	0.000	0.000
239	  G	  0.9	  0.2	0.000	0.000	0.000
240	  H	  0.4	  0.2	0.000	0.000	0.000
241	  Q	  0.7	  0.1	0.000	0.000	0.000
242	  A	  0.9	  0.1	0.000	0.000	0.000
243	  F	  4.4	  0.1	0.000	0.000	0.000
244	  D	  4.0	  0.6	0.000	0.000	0.000
245	  V	  4.1	  0.6	0.000	0.000	0.000
246	  G	  0.3	  0.6	0.000	0.000	0.000
247	  Q	  0.3	  0.7	0.000	0.000	0.000
248	  P	  0.0	  1.0	0.000	0.000	0.000
249	  R	  0.0	  1.1	0.000	0.000	0.000
250	  D	  0.0	  1.2	0.000	0.000	0.000
251	  G	  0.0	  1.0	0.212	0.000	0.000
252	  L	  1.5	  0.2	0.212	0.000	0.000
253	  K	  2.1	  0.1	0.212	0.000	0.000
254	  L	  2.3	  0.0	0.212	0.000	0.000
255	  V	  1.6	  0.1	0.212	0.000	0.000
256	  R	  1.4	  0.5	0.212	0.000	0.000
257	  K	  1.2	  0.5	0.000	0.000	0.000
258	  D	  0.5	  0.5	0.116	0.000	0.000
259	  R	  0.6	  0.5	0.116	0.000	0.000
260	  L	  2.6	  0.1	0.116	87.330	87.330
261	  V	  5.6	  0.1	0.116	89.445	89.445
262	  L	  7.2	  0.1	0.116	89.445	89.445
263	  S	  6.1	  0.1	0.116	89.445	89.445
264	  Y	  4.8	  0.1	0.116	89.445	89.445
265	  V	  3.0	  0.0	0.125	88.463	88.463
266	  R	  2.1	  0.1	0.258	0.000	0.000
267	  E	  0.5	  0.1	0.258	0.000	0.000
268	  E	  0.0	  0.5	0.258	0.000	0.000
269	  A	  0.0	  0.6	0.258	0.000	0.000
270	  G	  0.0	  0.6	0.258	0.000	0.000
271	  K	  0.7	  0.7	0.258	0.000	0.000
272	  L	  1.9	  0.4	0.000	0.000	0.000
273	  D	  2.4	  0.3	0.000	0.000	0.000
274	  F	  3.4	  0.5	0.000	0.000	0.000
275	  C	  2.2	  0.9	0.000	0.000	0.000
276	  D	  1.7	  1.0	0.000	0.000	0.000
277	  G	  0.1	  1.0	0.000	0.000	0.000
278	  H	  0.0	  0.8	0.000	0.000	0.000
279	  S	  0.0	  0.1	0.000	0.000	0.000
280	  P	  0.0	  0.0	0.000	0.529	0.529
281	  A	  0.3	  0.0	0.000	39.542	39.542
282	  V	  8.2	  0.0	0.000	85.396	85.396
283	  T	 18.1	  0.0	0.000	88.981	88.981
284	  I	 30.5	  0.0	0.000	88.981	88.981
285	  T	 27.1	  0.0	0.000	88.981	88.981
286	  F	 19.7	  0.0	0.000	88.715	88.715
287	  V	  6.5	  0.0	0.000	82.056	82.056
288	  C	  2.6	  0.6	0.152	0.128	0.128
289	  P	  0.1	  0.6	0.152	0.016	0.016
290	  S	  0.1	  0.7	0.152	0.000	0.000
291	  E	  0.3	  0.8	0.152	0.000	0.000
292	  R	  0.4	  0.3	0.152	0.000	0.000
293	  R	  0.3	  0.5	0.152	0.000	0.000
294	  E	  0.1	  0.5	0.000	0.000	0.000
295	  G	  0.1	  0.5	0.000	0.000	0.000
296	  T	  0.7	  0.4	0.000	0.000	0.000
297	  I	  0.7	  0.1	0.000	0.000	0.000
298	  P	  0.6	  0.0	0.180	0.000	0.000
299	  K	  2.0	  0.0	0.180	0.000	0.000
300	  L	  2.8	  0.0	0.180	0.000	0.000
301	  T	  4.1	  0.0	0.180	0.000	0.000
302	  A	  2.3	  0.1	0.180	0.000	0.000
303	  K	  1.5	  0.4	0.180	0.000	0.000
304	  S	  0.2	  0.5	0.000	0.000	0.000
305	  N	  1.4	  0.5	0.000	0.000	0.000
306	  C	  2.1	  0.3	0.000	0.000	0.000
307	  R	  3.4	  0.0	0.000	0.000	0.000
308	  Y	  7.4	  0.0	0.000	0.000	0.000
309	  E	  7.5	  0.0	0.000	0.000	0.000
310	  I	  8.5	  0.0	0.000	0.000	0.000
311	  E	  3.2	  0.0	0.000	0.000	0.000
312	  W	  2.8	  0.0	0.000	0.000	0.000
313	  I	  1.2	  0.0	0.000	0.000	0.000
314	  T	  1.4	  0.0	0.000	0.000	0.000
315	  E	  1.3	  0.0	0.000	0.000	0.000
316	  Y	  2.1	  0.0	0.000	0.000	0.000
317	  A	  2.1	  0.0	0.000	0.000	0.000
318	  C	  3.2	  0.0	0.000	0.000	0.000
319	  H	  1.9	  0.5	0.000	0.000	0.000
320	  R	  1.8	  0.5	0.000	0.000	0.000
321	  D	  0.5	  0.5	0.190	0.000	0.000
322	  Y	  1.0	  0.5	0.190	0.000	0.000
323	  L	  0.8	  0.1	0.190	0.000	0.000
324	  E	  1.2	  0.1	0.190	0.000	0.000
325	  S	  1.1	  0.3	0.190	0.000	0.000
326	  K	  1.6	  0.3	0.190	0.000	0.000
327	  T	 11.6	  0.2	0.000	0.000	0.000
328	  C	 12.4	  0.2	0.000	0.000	0.000
329	  S	 16.8	  1.0	0.000	0.000	0.000
330	  L	  6.8	  1.2	0.000	0.000	0.000
331	  S	  5.3	  1.3	0.000	0.000	0.000
332	  G	  0.2	  1.3	0.000	0.000	0.000
333	  E	  0.1	  0.4	0.000	0.000	0.000
334	  Q	  0.2	  0.4	0.000	0.000	0.000
335	  Q	  0.5	  0.2	0.000	0.000	0.000
336	  D	  1.3	  0.2	0.000	0.000	0.000
337	  V	  4.9	  0.1	0.000	0.000	0.000
338	  S	  7.5	  0.3	0.000	0.000	0.000
339	  I	  9.6	  0.3	0.000	0.000	0.000
340	  D	  6.4	  0.3	0.000	0.000	0.000
341	  L	  3.4	  0.3	0.000	0.000	0.000
342	  T	  0.5	  0.2	0.277	0.000	0.000
343	  P	  0.1	  0.2	0.277	0.000	0.000
344	  L	  0.1	  0.2	0.277	0.000	0.000
345	  A	  0.1	  0.4	0.277	0.000	0.000
346	  Q	  0.1	  0.4	0.277	0.000	0.000
347	  S	  0.1	  0.7	0.277	0.000	0.000
348	  G	  0.0	  1.2	0.000	0.000	0.000
349	  G	  0.0	  1.1	0.000	0.000	0.000
350	  S	  0.3	  0.9	0.000	0.000	0.000
351	  S	  1.2	  0.7	0.000	0.000	0.000
352	  Y	  2.3	  0.2	0.000	0.000	0.000
353	  I	  2.0	  0.5	0.000	0.000	0.000
354	  S	  1.1	  1.1	0.000	0.000	0.000
355	  D	  0.0	  1.1	0.000	0.000	0.000
356	  G	  0.0	  1.2	0.555	0.000	0.000
357	  K	  0.2	  0.8	0.555	0.020	0.020
358	  E	  0.3	  0.2	0.555	0.020	0.020
359	  Y	  1.0	  0.1	0.555	90.025	90.025
360	  L	  1.4	  0.0	0.555	91.179	91.179
361	  F	  2.4	  0.0	0.555	91.715	91.715
362	  Y	  2.8	  0.2	0.341	91.715	91.715
363	  L	  5.4	  0.2	0.164	91.715	91.715
364	  N	  5.2	  0.2	0.164	31.596	31.596
365	  V	  4.4	  0.3	0.000	29.337	29.337
366	  C	  1.3	  0.3	0.000	2.264	2.264
367	  G	  0.5	  0.4	0.000	0.177	0.177
368	  E	  0.1	  0.4	0.000	0.000	0.000
369	  T	  0.2	  0.3	0.000	0.000	0.000
370	  E	  0.9	  0.1	0.000	0.000	0.000
371	  I	  2.3	  0.0	0.000	0.000	0.000
372	  Q	  4.3	  0.0	0.000	0.000	0.000
373	  F	  5.5	  0.1	0.000	0.000	0.000
374	  C	  4.6	  0.1	0.000	0.000	0.000
375	  N	  2.5	  0.2	0.000	0.000	0.000
376	  K	  0.6	  0.3	0.000	0.000	0.000
377	  K	  0.2	  0.2	0.000	0.000	0.000
378	  Q	  0.3	  0.2	0.000	0.000	0.000
379	  A	  0.4	  0.1	0.000	0.000	0.000
380	  A	  0.4	  0.0	0.000	0.000	0.000
381	  V	  1.3	  0.0	0.000	0.000	0.000
382	  C	  2.3	  0.0	0.000	0.000	0.000
383	  Q	  3.1	  0.0	0.000	0.000	0.000
384	  V	  2.9	  0.0	0.000	0.000	0.000
385	  K	  1.8	  0.1	0.000	0.000	0.000
386	  K	  0.8	  0.5	0.000	0.000	0.000
387	  S	  0.1	  0.5	0.000	0.000	0.000
388	  D	  0.2	  0.9	0.000	0.000	0.000
389	  T	  1.3	  0.8	1.165	0.000	0.000
390	  S	  1.5	  0.5	1.765	0.000	0.000
391	  Q	  2.3	  0.4	1.765	0.000	0.000
392	  V	  3.4	  0.1	1.765	0.000	0.000
393	  K	  3.4	  0.0	1.765	0.000	0.000
394	  A	  2.4	  0.5	1.765	0.000	0.000
395	  A	  0.2	  0.7	1.765	0.000	0.000
396	  G	  0.1	  0.7	1.163	0.000	0.000
397	  R	  1.0	  0.7	0.501	0.000	0.000
398	  Y	  1.9	  0.3	0.000	0.000	0.000
399	  H	  2.1	  0.1	0.000	0.000	0.000
400	  N	  1.2	  0.1	0.140	0.000	0.000
401	  Q	  0.5	  0.1	0.140	0.000	0.000
402	  T	  2.7	  0.1	0.140	0.000	0.000
403	  L	  3.9	  0.1	0.140	0.000	0.000
404	  R	  4.8	  0.0	0.140	0.000	0.000
405	  Y	  2.7	  0.8	0.140	0.000	0.000
406	  S	  1.3	  1.2	0.000	0.000	0.000
407	  D	  0.3	  1.6	0.000	0.000	0.000
408	  G	  0.0	  1.6	0.972	0.000	0.000
409	  D	  0.2	  0.9	1.693	0.000	0.000
410	  L	  2.5	  0.5	1.693	59.020	59.020
411	  T	  3.0	  0.0	1.693	69.053	69.053
412	  L	  3.4	  0.0	1.693	70.572	70.572
413	  I	  2.2	  0.0	1.693	70.572	70.572
414	  Y	  2.5	  0.0	1.693	70.572	70.572
415	  F	  2.1	  0.3	0.952	66.256	66.256
416	  G	  1.1	  0.9	0.000	3.636	3.636
417	  G	  0.1	  1.0	0.000	0.106	0.106
418	  D	  0.0	  1.1	0.000	0.000	0.000
419	  E	  0.6	  0.8	0.000	0.000	0.000
420	  C	  1.3	  1.0	0.000	0.000	0.000
421	  S	  1.4	  1.3	0.000	0.000	0.000
422	  S	  0.8	  1.2	0.000	0.000	0.000
423	  G	  0.1	  1.2	0.000	0.000	0.000
424	  F	  2.2	  0.5	0.000	0.000	0.000
425	  Q	  2.4	  0.1	0.000	0.000	0.000
426	  R	  2.8	  0.1	0.000	0.000	0.000
427	  M	  2.8	  0.1	0.000	1.363	1.363
428	  S	  3.5	  0.0	0.000	2.558	2.558
429	  V	  8.5	  0.0	0.000	2.558	2.558
430	  I	 10.6	  0.0	0.000	2.558	2.558
431	  N	 11.9	  0.0	0.000	2.558	2.558
432	  F	 13.7	  0.1	0.000	2.558	2.558
433	  E	 10.4	  0.0	0.000	0.000	0.000
434	  C	  8.3	  0.1	0.000	0.000	0.000
435	  N	  1.6	  0.2	0.000	0.000	0.000
436	  K	  0.9	  0.2	0.000	0.000	0.000
437	  T	  0.5	  0.4	0.000	0.000	0.000
438	  A	  0.5	  1.5	0.000	0.000	0.000
439	  G	  0.1	  1.6	0.000	0.000	0.000
440	  N	  0.0	  2.4	0.000	0.000	0.000
441	  D	  0.0	  2.5	0.000	0.000	0.000
442	  G	  0.0	  1.7	0.000	0.000	0.000
443	  K	  0.1	  1.4	0.000	0.000	0.000
444	  G	  0.1	  0.6	0.000	0.000	0.000
445	  T	  0.1	  0.4	0.000	0.000	0.000
446	  P	  0.0	  0.0	0.000	0.000	0.000
447	  V	  2.9	  0.0	0.000	0.000	0.000
448	  F	  4.2	  0.1	0.000	0.000	0.000
449	  T	  4.3	  0.1	0.000	0.000	0.000
450	  G	  1.5	  0.1	0.000	0.000	0.000
451	  E	  4.6	  0.1	0.000	0.000	0.000
452	  V	  6.8	  0.0	0.000	0.000	0.000
453	  D	  7.3	  0.0	0.000	0.000	0.000
454	  C	  5.3	  0.0	0.000	4.067	4.067
455	  T	  8.4	  0.0	0.000	11.892	11.892
456	  Y	  9.0	  0.0	0.000	44.211	44.211
457	  F	  7.6	  0.0	0.000	44.211	44.211
458	  F	 12.1	  0.0	0.000	44.211	44.211
459	  T	 15.4	  0.1	0.000	43.441	43.441
460	  W	 14.8	  0.1	0.000	42.478	42.478
461	  D	  5.3	  0.1	0.122	0.000	0.000
462	  T	  0.6	  0.1	0.400	0.000	0.000
463	  E	  0.6	  0.1	0.400	0.000	0.000
464	  Y	  1.9	  0.0	0.400	0.000	0.000
465	  A	  1.9	  0.0	0.400	0.000	0.000
466	  C	  5.5	  0.0	0.400	0.000	0.000
467	  V	  5.7	  0.0	0.400	0.000	0.000
468	  K	  5.8	  0.1	0.400	0.000	0.000
469	  E	  2.0	  0.1	0.000	0.000	0.000
470	  K	  0.4	  0.6	0.000	0.000	0.000
471	  E	  0.2	  0.6	0.000	0.000	0.000
472	  D	  0.1	  0.5	0.000	0.000	0.000
473	  L	  1.3	  0.5	0.000	0.000	0.000
474	  L	  1.4	  0.0	0.000	0.000	0.000
475	  C	  1.8	  0.3	0.000	0.000	0.000
476	  G	  0.6	  0.4	0.000	0.000	0.000
477	  A	  0.5	  0.7	0.000	0.000	0.000
478	  T	  0.1	  1.1	1.335	0.000	0.000
479	  D	  0.1	  0.9	1.525	0.000	0.000
480	  G	  0.0	  0.8	1.667	0.000	0.000
481	  K	  0.1	  0.6	1.667	0.000	0.000
482	  K	  0.3	  0.2	1.667	0.000	0.000
483	  R	  4.0	  0.1	1.667	0.000	0.000
484	  Y	  5.0	  0.1	1.667	0.000	0.000
485	  D	  5.0	  0.7	2.592	0.000	0.000
486	  L	  1.9	  0.7	2.444	5.652	5.652
487	  S	  0.9	  0.7	3.001	5.652	5.652
488	  A	  1.0	  0.7	2.842	5.652	5.652
489	  L	  0.6	  0.0	2.842	5.652	5.652
490	  V	  2.9	  0.0	2.842	5.652	5.652
491	  R	  2.8	  0.0	2.842	0.000	0.000
492	  H	  3.0	  0.0	1.126	0.000	0.000
493	  A	  0.6	  0.0	0.371	0.000	0.000
494	  E	  0.4	  0.0	0.123	0.000	0.000
495	  P	  0.0	  0.1	0.000	0.000	0.000
496	  E	  0.1	  0.1	0.000	0.000	0.000
497	  Q	  0.8	  0.1	0.000	0.000	0.000
498	  N	  2.7	  0.1	0.000	0.000	0.000
499	  W	  3.9	  0.1	0.000	0.000	0.000
500	  E	  3.4	  0.1	0.000	0.000	0.000
501	  A	  1.7	  0.2	0.000	0.000	0.000
502	  V	  0.5	  0.4	0.000	0.000	0.000
503	  D	  0.5	  0.6	0.000	0.000	0.000
504	  G	  0.2	  0.7	0.000	0.000	0.000
505	  S	  0.4	  0.6	0.452	0.000	0.000
506	  Q	  0.5	  0.4	0.452	0.000	0.000
507	  T	  0.5	  0.2	1.859	0.000	0.000
508	  E	  0.2	  0.2	1.859	0.000	0.000
509	  T	  0.4	  0.2	2.222	0.000	0.000
510	  E	  0.7	  0.2	2.222	0.000	0.000
511	  K	  0.7	  0.2	2.222	0.000	0.000
512	  K	  0.7	  0.2	1.979	0.000	0.000
513	  H	  2.3	  0.1	1.084	0.000	0.000
514	  F	  3.2	  0.1	0.644	14.968	14.968
515	  F	  4.4	  0.1	0.000	15.161	15.161
516	  I	  9.9	  0.1	0.000	15.161	15.161
517	  N	  9.6	  0.1	0.000	15.161	15.161
518	  I	  8.6	  0.1	0.000	15.161	15.161
519	  C	  2.4	  0.0	0.000	1.243	1.243
520	  H	  2.7	  0.0	0.000	0.192	0.192
521	  R	  4.0	  0.0	0.000	0.000	0.000
522	  V	  5.2	  0.0	0.000	0.000	0.000
523	  L	  4.1	  0.1	0.000	0.000	0.000
524	  Q	  2.5	  0.6	0.547	0.000	0.000
525	  E	  0.1	  0.7	0.547	0.000	0.000
526	  G	  0.1	  0.7	1.401	0.000	0.000
527	  K	  0.2	  0.8	1.401	0.000	0.000
528	  A	  0.3	  0.6	1.401	0.000	0.000
529	  R	  0.2	  0.5	1.401	0.000	0.000
530	  G	  0.1	  0.5	1.401	0.000	0.000
531	  C	  0.0	  0.8	1.214	0.000	0.000
532	  P	  0.0	  0.9	0.000	0.000	0.000
533	  E	  0.0	  0.9	0.000	0.000	0.000
534	  D	  0.0	  0.9	0.000	0.000	0.000
535	  A	  0.2	  0.4	0.000	0.334	0.334
536	  A	  0.3	  0.0	0.000	1.412	1.412
537	  V	  1.0	  0.0	0.000	1.412	1.412
538	  C	  2.0	  0.0	0.190	1.412	1.412
539	  A	  2.1	  0.0	0.190	1.412	1.412
540	  V	  1.6	  0.0	0.190	1.412	1.412
541	  D	  0.5	  8.3	0.190	0.000	0.000
542	  K	  0.3	  9.5	0.190	0.000	0.000
543	  N	  0.0	  9.8	0.190	0.000	0.000
544	  G	  0.0	  9.8	0.000	0.000	0.000
545	  S	  0.6	  2.9	0.122	0.000	0.000
546	  K	  0.7	  1.8	0.122	0.000	0.000
547	  N	  0.7	  1.9	0.122	0.000	0.000
548	  L	  0.1	  2.1	0.122	0.000	0.000
549	  G	  0.0	  0.7	0.122	0.000	0.000
550	  K	  0.5	  0.6	0.122	0.000	0.000
551	  F	  1.6	  0.3	0.000	0.000	0.000
552	  I	  2.7	  0.0	0.000	0.000	0.000
553	  S	  2.3	  0.0	0.000	0.000	0.000
554	  S	  1.2	  0.2	0.328	0.000	0.000
555	  P	  0.0	  0.2	0.328	0.000	0.000
556	  M	  0.1	  0.2	0.328	0.000	0.000
557	  K	  0.4	  0.4	0.328	0.000	0.000
558	  E	  0.4	  0.4	0.328	0.000	0.000
559	  K	  0.3	  0.6	0.328	0.000	0.000
560	  G	  0.0	  0.5	0.000	0.000	0.000
561	  N	  0.5	  0.4	0.000	0.000	0.000
562	  I	  1.7	  0.2	0.000	0.000	0.000
563	  Q	  2.3	  0.0	0.000	0.000	0.000
564	  L	  3.9	  0.0	0.000	0.000	0.000
565	  S	 22.9	  0.2	0.000	0.000	0.000
566	  Y	 22.5	  0.8	0.000	0.000	0.000
567	  S	 20.7	  1.2	0.000	0.000	0.000
568	  D	  0.3	  2.1	0.000	0.000	0.000
569	  G	  0.0	  2.2	0.000	0.000	0.000
570	  D	  0.0	  1.8	0.000	0.000	0.000
571	  D	  0.0	  1.6	0.000	0.000	0.000
572	  C	  0.2	  0.9	0.000	0.000	0.000
573	  G	  0.2	  1.0	0.000	0.000	0.000
574	  H	  0.2	  0.9	0.000	0.000	0.000
575	  G	  0.1	  0.8	0.000	0.000	0.000
576	  K	  0.2	  0.6	0.000	0.000	0.000
577	  K	  2.9	  0.2	0.000	0.000	0.000
578	  I	  4.2	  0.1	0.000	0.000	0.000
579	  K	  4.2	  0.1	0.000	0.000	0.000
580	  T	  1.9	  0.1	0.000	0.000	0.000
581	  N	  2.9	  0.1	0.000	0.155	0.155
582	  I	 13.1	  0.0	0.000	1.975	1.975
583	  T	 13.9	  0.0	0.000	1.975	1.975
584	  L	 12.7	  0.0	0.000	1.975	1.975
585	  V	  3.0	  0.0	0.000	1.975	1.975
586	  C	  1.7	  0.0	0.000	1.820	1.820
587	  K	  0.5	  1.2	0.000	0.000	0.000
588	  P	  0.1	  2.0	0.000	0.000	0.000
589	  G	  0.0	  2.0	0.000	0.000	0.000
590	  D	  0.2	  2.0	0.000	0.000	0.000
591	  L	  0.4	  0.9	0.000	0.000	0.000
592	  E	  0.6	  0.2	0.000	0.000	0.000
593	  S	  0.4	  0.1	0.000	0.000	0.000
594	  A	  0.3	  0.1	0.000	0.000	0.000
595	  P	  0.1	  0.0	0.000	0.000	0.000
596	  V	  2.0	  0.0	0.000	0.000	0.000
597	  L	  2.2	  0.0	0.000	0.000	0.000
598	  R	  2.4	  0.1	0.000	0.000	0.000
599	  T	  0.4	  0.4	0.000	0.000	0.000
600	  S	  0.3	  0.9	0.000	0.000	0.000
601	  G	  0.1	  1.3	0.000	0.000	0.000
602	  E	  0.1	  1.4	0.000	0.000	0.000
603	  G	  0.0	  1.5	0.000	0.000	0.000
604	  G	  0.1	  1.0	0.000	0.000	0.000
605	  C	  1.1	  0.5	0.000	0.000	0.000
606	  F	  3.3	  0.3	0.000	0.000	0.000
607	  Y	  7.3	  0.0	0.000	0.000	0.000
608	  E	  7.1	  0.0	0.000	0.000	0.000
609	  F	  8.4	  0.0	0.000	0.000	0.000
610	  E	  6.8	  0.0	0.000	0.000	0.000
611	  W	  6.3	  0.0	0.000	2.981	2.981
612	  H	  3.9	  0.0	0.123	3.149	3.149
613	  T	  1.5	  0.0	0.373	3.149	3.149
614	  A	  1.1	  0.0	0.373	3.300	3.300
615	  A	  0.4	  0.0	0.373	3.500	3.500
616	  A	  0.3	  0.0	0.373	3.500	3.500
617	  C	  1.9	  0.0	0.373	3.500	3.500
618	  V	  4.9	  0.0	0.250	3.500	3.500
619	  L	  5.0	  0.0	0.250	3.500	3.500
620	  S	  4.0	  0.1	0.136	0.328	0.328
621	  K	  1.3	  0.2	0.136	0.000	0.000
622	  T	  1.0	  0.6	0.000	0.000	0.000
623	  E	  0.4	  0.9	0.000	0.000	0.000
624	  G	  0.0	  1.3	0.000	0.000	0.000
625	  E	  0.1	  1.3	0.000	0.000	0.000
626	  N	  0.9	  0.8	0.000	0.000	0.000
627	  C	  6.0	  0.5	0.000	0.000	0.000
628	  T	 11.6	  0.0	0.000	0.000	0.000
629	  V	 13.7	  0.0	0.000	0.000	0.000
630	  F	  9.6	  0.1	0.000	0.000	0.000
631	  D	  4.0	  0.3	0.157	0.000	0.000
632	  S	  1.0	  0.3	0.157	0.000	0.000
633	  Q	  0.2	  0.6	0.157	0.000	0.000
634	  A	  0.1	  0.5	0.157	0.000	0.000
635	  G	  0.1	  0.3	0.157	0.000	0.000
636	  F	  6.7	  0.2	0.157	0.000	0.000
637	  S	 13.6	  0.3	0.000	0.000	0.000
638	  F	 14.5	  0.3	0.000	0.000	0.000
639	  D	  8.7	  0.3	0.000	0.000	0.000
640	  L	  1.5	  0.3	0.000	0.000	0.000
641	  S	  0.3	  0.2	6.137	0.000	0.000
642	  P	  0.1	  0.1	6.137	0.000	0.000
643	  L	  0.4	  0.2	6.137	0.000	0.000
644	  T	  1.4	  0.2	6.137	0.000	0.000
645	  K	  1.5	  0.6	6.137	0.000	0.000
646	  K	  1.1	  2.3	6.137	0.000	0.000
647	  N	  0.1	  2.4	1.009	0.000	0.000
648	  G	  0.0	  2.4	0.495	0.000	0.000
649	  A	  0.3	  1.8	0.250	0.000	0.000
650	  Y	  2.9	  0.1	0.119	0.000	0.000
651	  K	  9.9	  0.0	0.000	0.000	0.000
652	  V	 10.3	  0.0	0.000	0.000	0.000
653	  E	  8.3	  0.0	0.000	0.000	0.000
654	  T	  2.0	  0.1	0.000	0.000	0.000
655	  K	  1.5	  0.1	0.000	0.000	0.000
656	  K	  1.7	  0.2	0.000	0.000	0.000
657	  Y	  2.9	  0.2	0.000	0.000	0.000
658	  D	  3.8	  0.1	0.000	0.000	0.000
659	  F	  4.1	  0.1	0.000	5.126	5.126
660	  Y	  3.3	  0.1	0.000	5.126	5.126
661	  I	 12.0	  0.1	0.000	5.126	5.126
662	  N	 11.8	  0.1	0.000	5.126	5.126
663	  V	 10.8	  0.1	0.000	5.126	5.126
664	  C	  1.2	  0.0	0.000	0.892	0.892
665	  G	  0.3	  0.0	0.000	0.000	0.000
666	  P	  0.0	  0.0	0.000	0.000	0.000
667	  V	 10.1	  0.0	0.000	0.000	0.000
668	  S	 26.6	  0.0	0.000	0.000	0.000
669	  V	 26.9	  0.0	0.000	0.000	0.000
670	  S	 19.5	  0.1	0.000	0.000	0.000
671	  P	  0.3	  0.1	0.000	0.000	0.000
672	  C	  0.2	  0.1	0.000	0.000	0.000
673	  Q	  0.2	  0.8	0.000	0.000	0.000
674	  P	  0.2	  1.0	0.000	0.000	0.000
675	  D	  0.0	  1.7	0.000	0.000	0.000
676	  S	  0.0	  1.9	0.000	0.000	0.000
677	  G	  0.0	  1.2	0.000	0.000	0.000
678	  A	  0.2	  0.9	0.000	0.000	0.000
679	  C	  1.3	  0.2	0.000	0.000	0.000
680	  Q	  1.5	  0.0	0.000	0.000	0.000
681	  V	  2.1	  0.0	0.000	0.000	0.000
682	  A	  1.1	  0.1	0.000	0.000	0.000
683	  K	  0.9	  0.5	0.000	0.000	0.000
684	  S	  0.2	  0.6	0.000	0.000	0.000
685	  D	  0.0	  0.7	4.787	0.000	0.000
686	  E	  0.3	  0.5	4.787	0.000	0.000
687	  K	  0.8	  0.2	4.787	0.000	0.000
688	  T	  7.2	  0.1	4.787	0.000	0.000
689	  W	  7.9	  0.0	4.787	0.000	0.000
690	  N	  7.4	  0.0	4.787	0.000	0.000
691	  L	  1.1	  0.1	3.229	0.000	0.000
692	  G	  0.1	  0.1	2.908	0.000	0.000
693	  L	  0.2	  0.2	0.841	0.000	0.000
694	  S	  0.1	  0.3	0.739	0.000	0.000
695	  N	  0.1	  0.2	0.840	0.000	0.000
696	  A	  0.3	  0.3	0.840	0.000	0.000
697	  K	  0.8	  0.0	0.840	0.000	0.000
698	  L	  3.0	  0.0	0.619	0.000	0.000
699	  S	  3.9	  0.0	0.619	0.000	0.000
700	  Y	  5.1	  0.2	0.385	0.000	0.000
701	  Y	  3.2	  0.9	0.000	0.000	0.000
702	  D	  2.0	  0.9	0.000	0.000	0.000
703	  G	  0.4	  0.9	0.423	0.000	0.000
704	  M	  0.2	  0.7	0.423	0.000	0.000
705	  I	  1.6	  0.0	0.423	0.000	0.000
706	  Q	  2.4	  0.0	0.423	0.000	0.000
707	  L	  4.2	  0.0	0.423	0.000	0.000
708	  N	  4.8	  0.0	0.423	0.000	0.000
709	  Y	  5.3	  0.1	0.180	0.000	0.000
710	  R	  3.5	  0.6	0.000	0.000	0.000
711	  G	  1.4	  0.6	0.000	0.000	0.000
712	  G	  0.0	  0.6	0.000	0.000	0.000
713	  T	  0.0	  0.7	0.000	0.000	0.000
714	  P	  0.0	  0.3	0.000	0.000	0.000
715	  Y	  0.6	  0.4	0.000	0.000	0.000
716	  N	  0.6	  0.4	0.000	0.000	0.000
717	  N	  0.6	  0.3	0.000	0.000	0.000
718	  E	  1.3	  0.2	0.000	0.000	0.000
719	  R	  2.5	  0.2	0.000	0.000	0.000
720	  H	  2.6	  0.2	0.000	0.000	0.000
721	  T	  1.4	  0.2	0.000	0.000	0.000
722	  P	  0.2	  0.2	0.000	0.000	0.000
723	  R	  0.2	  0.2	0.000	0.000	0.000
724	  A	  0.6	  0.2	0.000	29.848	29.848
725	  T	  1.1	  0.0	0.000	65.085	65.085
726	  L	  1.2	  0.0	0.000	83.495	83.495
727	  I	 16.5	  0.0	0.000	85.558	85.558
728	  T	 19.0	  0.0	0.000	85.558	85.558
729	  F	 20.3	  0.0	0.000	85.500	85.500
730	  L	  5.0	  0.0	0.000	83.699	83.699
731	  C	  2.1	  0.1	0.164	17.839	17.839
732	  D	  0.3	  2.7	0.164	0.000	0.000
733	  R	  0.1	  2.8	0.164	0.000	0.000
734	  D	  0.0	  3.2	0.164	0.000	0.000
735	  A	  0.0	  3.1	0.164	0.000	0.000
736	  G	  0.0	  0.6	0.164	0.000	0.000
737	  V	  0.3	  0.6	0.000	0.000	0.000
738	  G	  0.3	  0.2	0.000	0.000	0.000
739	  F	  0.3	  0.4	0.000	0.000	0.000
740	  P	  0.0	  0.2	0.000	0.000	0.000
741	  E	  1.5	  0.2	0.000	0.000	0.000
742	  Y	  2.6	  0.3	0.000	0.000	0.000
743	  Q	  2.7	  0.1	0.000	0.000	0.000
744	  E	  1.2	  0.3	0.000	0.000	0.000
745	  E	  0.1	  0.4	0.000	0.000	0.000
746	  D	  0.1	  0.6	0.580	0.000	0.000
747	  N	  0.2	  0.6	0.580	0.000	0.000
748	  S	  0.8	  0.4	0.580	0.000	0.000
749	  T	  9.6	  0.4	0.853	0.000	0.000
750	  Y	 12.7	  0.1	0.853	0.000	0.000
751	  N	 13.8	  0.1	0.957	0.000	0.000
752	  F	  7.3	  0.1	0.801	0.000	0.000
753	  R	  4.7	  0.0	0.677	0.000	0.000
754	  W	  3.4	  0.0	0.677	0.781	0.781
755	  Y	  4.4	  0.0	0.677	0.781	0.781
756	  T	  5.1	  0.0	0.421	0.781	0.781
757	  S	  5.1	  0.0	0.421	0.781	0.781
758	  Y	  4.4	  0.0	0.421	0.781	0.781
759	  A	  2.8	  0.0	0.421	0.358	0.358
760	  C	  2.2	  0.3	0.421	0.000	0.000
761	  P	  0.0	  0.3	0.000	0.000	0.000
762	  E	  0.0	  0.3	0.000	0.000	0.000
763	  E	  0.0	  0.3	0.000	0.000	0.000
764	  P	  0.0	  0.0	0.000	0.000	0.000
765	  L	  1.1	  0.0	0.000	0.000	0.000
766	  E	  1.2	  0.0	0.000	0.000	0.000
767	  C	  3.4	  0.0	0.000	0.000	0.000
768	  V	  5.1	  0.0	0.000	0.000	0.000
769	  V	  7.8	  0.0	0.000	0.000	0.000
770	  T	  5.7	  0.0	0.000	0.000	0.000
771	  D	  2.8	  3.6	0.550	0.000	0.000
772	  P	  0.0	  3.7	0.550	0.000	0.000
773	  S	  0.2	  3.7	0.685	0.000	0.000
774	  T	  1.2	  3.7	0.685	0.000	0.000
775	  L	  1.2	  0.2	0.685	0.000	0.000
776	  E	  1.2	  0.2	0.685	0.000	0.000
777	  Q	  1.9	  0.1	0.481	0.000	0.000
778	  Y	  3.0	  0.2	0.273	0.000	0.000
779	  D	  3.0	  0.6	1.461	0.000	0.000
780	  L	  1.7	  0.7	1.461	0.000	0.000
781	  S	  0.6	  0.8	1.997	0.000	0.000
782	  S	  0.5	  0.8	1.997	0.000	0.000
783	  L	  0.3	  0.2	1.997	0.000	0.000
784	  A	  0.3	  0.2	1.997	0.000	0.000
785	  K	  0.5	  0.3	1.770	0.000	0.000
786	  S	  0.4	  0.7	0.759	0.000	0.000
787	  E	  0.3	  1.2	0.000	0.000	0.000
788	  G	  0.0	  1.2	0.000	0.000	0.000
789	  G	  0.0	  1.0	0.000	0.000	0.000
790	  L	  0.0	  0.9	0.000	0.000	0.000
791	  G	  0.0	  0.5	0.000	0.000	0.000
792	  G	  0.0	  0.4	0.000	0.000	0.000
793	  N	  1.3	  0.4	0.000	0.000	0.000
794	  W	  2.3	  0.0	0.000	0.000	0.000
795	  Y	  3.1	  0.0	0.000	0.000	0.000
796	  A	  2.0	  0.2	0.000	0.000	0.000
797	  M	  1.1	  0.3	0.000	0.000	0.000
798	  D	  0.3	  1.6	0.000	0.000	0.000
799	  N	  0.1	  2.1	0.000	0.000	0.000
800	  S	  0.1	  2.2	0.000	0.000	0.000
801	  G	  0.1	  2.1	0.000	0.000	0.000
802	  E	  0.1	  0.8	0.000	0.000	0.000
803	  H	  1.5	  0.4	0.000	0.000	0.000
804	  V	  8.7	  0.1	0.000	0.000	0.000
805	  T	 17.0	  0.0	0.419	0.000	0.000
806	  W	 16.4	  0.0	0.419	0.000	0.000
807	  R	  9.8	  0.0	0.419	0.000	0.000
808	  K	  1.5	  0.0	0.419	0.000	0.000
809	  Y	  1.6	  0.0	0.419	0.208	0.208
810	  Y	  2.5	  0.1	0.419	0.208	0.208
811	  I	 12.0	  0.1	0.245	0.208	0.208
812	  N	 11.9	  0.1	0.245	0.208	0.208
813	  V	 11.8	  0.1	0.111	0.208	0.208
814	  C	  2.3	  0.0	0.111	0.000	0.000
815	  R	  1.4	  0.1	0.000	0.000	0.000
816	  P	  0.2	  0.1	0.000	0.000	0.000
817	  L	  0.1	  0.1	0.000	0.000	0.000
818	  N	  0.1	  0.1	0.000	0.000	0.000
819	  P	  0.1	  0.0	0.000	0.000	0.000
820	  V	  0.0	  1.3	0.000	0.000	0.000
821	  P	  0.0	  1.7	0.000	0.000	0.000
822	  G	  0.1	  1.7	0.000	0.000	0.000
823	  C	  0.3	  1.7	0.000	0.000	0.000
824	  N	  0.4	  0.5	0.408	0.000	0.000
825	  R	  0.7	  0.0	0.408	0.000	0.000
826	  Y	  1.3	  0.2	0.408	0.000	0.000
827	  A	  1.4	  0.2	0.408	0.000	0.000
828	  S	  1.3	  0.2	0.530	0.000	0.000
829	  A	  0.6	  0.2	0.530	0.000	0.000
830	  C	  1.9	  0.0	0.530	0.000	0.000
831	  Q	  2.7	  0.0	0.530	0.000	0.000
832	  M	  3.6	  0.0	0.302	0.000	0.000
833	  K	  5.7	  0.0	0.122	0.000	0.000
834	  Y	  6.6	  0.1	0.122	0.000	0.000
835	  E	  5.8	  0.2	0.122	0.000	0.000
836	  K	  2.3	  0.3	0.000	0.000	0.000
837	  D	  0.3	  1.2	0.000	0.000	0.000
838	  Q	  0.1	  1.5	0.000	0.000	0.000
839	  G	  0.1	  1.4	0.000	0.000	0.000
840	  S	  7.6	  1.3	0.000	0.000	0.000
841	  F	  8.7	  0.4	0.000	0.000	0.000
842	  T	  9.0	  0.0	0.000	0.000	0.000
843	  E	  1.9	  0.0	0.000	0.000	0.000
844	  V	  4.9	  0.0	0.000	0.535	0.535
845	  V	  8.3	  0.0	0.000	0.535	0.535
846	  S	 13.4	  0.2	0.178	0.535	0.535
847	  I	  9.4	  0.3	0.178	0.535	0.535
848	  S	  6.0	  0.3	0.178	0.535	0.535
849	  N	  0.1	  0.3	0.178	0.000	0.000
850	  L	  0.1	  0.2	0.178	0.000	0.000
851	  G	  0.2	  0.1	0.178	0.000	0.000
852	  M	  0.3	  0.0	0.178	0.000	0.000
853	  A	  0.2	  0.2	0.000	0.000	0.000
854	  K	  0.2	  0.2	0.000	0.000	0.000
855	  T	  0.2	  0.3	0.000	0.000	0.000
856	  G	  0.1	  0.3	0.000	0.000	0.000
857	  P	  0.0	  0.0	0.000	0.000	0.000
858	  V	  4.2	  0.0	0.000	0.000	0.000
859	  V	  5.1	  0.1	0.000	0.000	0.000
860	  E	  5.1	  0.3	0.000	0.000	0.000
861	  D	  0.9	  1.2	0.000	0.000	0.000
862	  S	  0.3	  2.0	0.000	0.000	0.000
863	  G	  0.3	  2.0	0.000	0.000	0.000
864	  S	  0.5	  1.8	0.505	0.000	0.000
865	  L	  1.2	  0.9	0.505	0.000	0.000
866	  L	  1.2	  0.1	0.505	0.000	0.000
867	  L	  1.8	  0.0	0.505	0.000	0.000
868	  E	  0.9	  0.0	0.505	0.000	0.000
869	  Y	  2.6	  0.1	0.505	0.000	0.000
870	  V	  2.2	  1.5	0.161	0.000	0.000
871	  N	  2.1	  1.8	0.161	0.000	0.000
872	  G	  0.5	  1.8	0.000	0.000	0.000
873	  S	  0.4	  1.8	0.000	0.000	0.000
874	  A	  0.5	  0.4	0.000	0.000	0.000
875	  C	  0.9	  0.2	0.000	0.000	0.000
876	  T	  3.6	  0.1	0.000	0.000	0.000
877	  T	  3.5	  1.0	0.000	0.000	0.000
878	  S	  3.1	  1.5	0.000	0.000	0.000
879	  D	  0.1	  1.6	0.000	0.000	0.000
880	  G	  0.0	  1.6	0.132	0.000	0.000
881	  R	  0.3	  0.7	0.132	0.000	0.000
882	  Q	  0.4	  0.2	0.132	0.000	0.000
883	  T	  3.5	  0.1	0.132	0.000	0.000
884	  T	 21.9	  0.0	0.132	0.000	0.000
885	  Y	 23.1	  0.0	0.132	0.000	0.000
886	  T	 21.1	  0.0	0.000	0.000	0.000
887	  T	  3.2	  0.0	0.000	0.000	0.000
888	  R	  3.8	  0.0	0.000	0.000	0.000
889	  I	  5.4	  0.0	0.000	0.256	0.256
890	  H	  5.5	  0.0	0.000	0.256	0.256
891	  L	  4.7	  0.0	0.000	0.256	0.256
892	  V	  3.1	  0.0	0.000	0.256	0.256
893	  C	  3.0	  0.3	0.000	0.256	0.256
894	  S	  1.8	  0.7	0.362	0.000	0.000
895	  R	  0.9	  0.7	0.362	0.000	0.000
896	  G	  0.1	  0.8	0.362	0.000	0.000
897	  R	  2.7	  0.4	0.362	0.000	0.000
898	  L	  3.1	  0.1	0.362	0.000	0.000
899	  N	  3.2	  0.1	0.362	0.000	0.000
900	  S	  0.7	  0.0	0.362	0.000	0.000
901	  H	  0.2	  0.0	0.142	0.000	0.000
902	  P	  0.1	  0.0	0.000	0.000	0.000
903	  I	  1.1	  0.0	0.000	0.190	0.190
904	  F	  4.2	  0.0	0.000	0.190	0.190
905	  S	  7.0	  0.7	0.000	0.190	0.190
906	  L	  7.4	  0.7	0.000	0.190	0.190
907	  N	  6.0	  0.7	0.000	0.190	0.190
908	  W	  7.0	  0.7	0.000	0.190	0.190
909	  E	  5.6	  0.1	0.000	0.000	0.000
910	  C	  6.0	  0.1	0.000	29.262	29.262
911	  V	  6.5	  0.1	0.000	65.083	65.083
912	  V	 10.3	  0.0	0.000	71.812	71.812
913	  S	  8.8	  0.0	0.000	71.812	71.812
914	  F	  5.1	  0.0	0.000	71.853	71.853
915	  L	  1.4	  0.0	0.000	71.588	71.588
916	  W	  1.4	  0.1	0.234	63.293	63.293
917	  N	  1.1	  0.1	1.216	1.447	1.447
918	  T	  0.8	  0.1	1.216	0.565	0.565
919	  E	  0.4	  0.1	1.216	0.000	0.000
920	  A	  0.2	  0.1	1.216	0.000	0.000
921	  A	  0.1	  0.0	1.216	0.000	0.000
922	  C	  0.1	  0.0	1.216	0.000	0.000
923	  P	  0.0	  0.0	0.000	0.000	0.000
924	  I	  0.2	  0.0	0.000	0.000	0.000
925	  Q	  0.4	  0.0	0.000	0.000	0.000
926	  T	  2.2	  0.1	0.000	0.000	0.000
927	  T	  2.4	  0.1	0.000	0.000	0.000
928	  T	  2.7	  0.2	0.000	0.000	0.000
929	  D	  1.0	  1.0	0.000	0.000	0.000
930	  T	  0.9	  1.0	0.130	0.000	0.000
931	  D	  0.5	  1.0	0.130	0.000	0.000
932	  Q	  0.5	  1.0	0.130	0.000	0.000
933	  A	  0.3	  0.1	0.130	0.000	0.000
934	  C	  1.5	  0.1	0.130	0.000	0.000
935	  S	  3.7	  0.0	0.130	0.000	0.000
936	  I	  3.9	  0.0	0.000	0.000	0.000
937	  R	  2.8	  0.0	0.000	0.000	0.000
938	  D	  0.4	  8.8	0.000	0.000	0.000
939	  P	  0.0	  8.9	0.000	0.000	0.000
940	  N	  0.0	  9.1	0.000	0.000	0.000
941	  S	  0.0	  9.1	0.000	1.096	1.096
942	  G	  0.0	  0.3	0.000	2.924	2.924
943	  F	  1.7	  0.2	0.000	20.098	20.098
944	  V	  5.6	  0.0	0.000	20.098	20.098
945	  F	  7.4	  0.0	0.000	20.098	20.098
946	  N	  6.3	  0.0	0.000	19.194	19.194
947	  L	  2.4	  0.0	0.000	18.911	18.911
948	  N	  0.6	  0.4	0.000	0.000	0.000
949	  P	  0.1	  0.4	0.000	0.000	0.000
950	  L	  0.5	  0.4	0.000	0.000	0.000
951	  N	  0.5	  1.3	0.000	0.000	0.000
952	  S	  0.7	  1.3	0.000	0.000	0.000
953	  S	  0.3	  1.6	0.000	0.000	0.000
954	  Q	  0.2	  1.6	0.000	0.000	0.000
955	  G	  0.2	  0.6	0.000	0.000	0.000
956	  Y	  5.6	  0.3	0.000	0.000	0.000
957	  N	  7.1	  0.7	0.000	0.000	0.000
958	  V	  7.6	  0.7	0.000	0.000	0.000
959	  S	  2.2	  0.9	0.000	0.000	0.000
960	  G	  0.7	  1.2	0.000	0.000	0.000
961	  I	  0.1	  0.6	0.000	0.000	0.000
962	  G	  0.1	  0.5	0.000	0.000	0.000
963	  K	  0.5	  0.3	0.000	0.000	0.000
964	  I	  1.9	  0.1	0.000	22.249	22.249
965	  F	  2.7	  0.0	0.000	24.115	24.115
966	  M	  2.8	  0.0	0.000	24.115	24.115
967	  F	  6.8	  0.0	0.000	24.115	24.115
968	  N	  6.8	  0.0	0.000	24.115	24.115
969	  V	  6.6	  0.0	0.000	22.635	22.635
970	  C	  1.3	  0.2	0.000	3.629	3.629
971	  G	  0.4	  0.2	0.000	0.422	0.422
972	  T	  0.3	  0.2	0.000	0.157	0.157
973	  M	  0.3	  0.2	0.000	0.000	0.000
974	  P	  0.3	  0.0	0.000	0.000	0.000
975	  V	  0.4	  0.0	0.000	0.170	0.170
976	  C	  0.4	  0.0	0.000	0.170	0.170
977	  G	  0.5	  0.0	0.152	0.170	0.170
978	  T	  3.0	  0.0	0.152	0.170	0.170
979	  I	  4.1	  0.0	0.152	0.170	0.170
980	  L	  4.1	  0.0	0.152	0.170	0.170
981	  G	  1.3	  0.0	0.152	0.000	0.000
982	  K	  0.0	  0.0	0.152	0.000	0.000
983	  P	  0.0	  0.6	0.000	0.000	0.000
984	  A	  0.1	  1.0	0.000	0.000	0.000
985	  S	  0.1	  1.5	0.000	0.000	0.000
986	  G	  0.2	  1.5	0.000	0.000	0.000
987	  C	  4.2	  0.9	0.000	0.000	0.000
988	  E	  4.1	  0.5	0.000	0.000	0.000
989	  A	  4.1	  0.1	0.000	0.000	0.000
990	  E	  0.2	  0.1	0.000	0.000	0.000
991	  T	  0.9	  0.1	1.029	0.000	0.000
992	  Q	  1.0	  0.1	1.217	0.000	0.000
993	  T	  0.9	  0.1	7.246	0.000	0.000
994	  E	  0.2	  0.2	7.399	0.000	0.000
995	  E	  1.3	  0.1	7.525	0.000	0.000
996	  L	  1.4	  0.5	7.525	0.000	0.000
997	  K	  1.5	  0.5	7.525	0.000	0.000
998	  N	  1.4	  0.4	7.413	0.000	0.000
999	  W	  1.3	  0.4	3.815	0.000	0.000
1000	  K	  1.2	  0.0	1.322	0.000	0.000
1001	  P	  0.1	  0.0	0.000	0.000	0.000
1002	  A	  0.0	  0.0	0.000	0.000	0.000
1003	  R	  0.0	  0.0	0.000	0.000	0.000
1004	  P	  0.0	  0.0	0.000	0.000	0.000
1005	  V	  0.4	  0.1	0.000	0.000	0.000
1006	  G	  0.5	  0.1	0.000	0.000	0.000
1007	  I	  1.2	  0.1	0.000	0.000	0.000
1008	  E	  1.0	  0.2	0.000	0.000	0.000
1009	  K	  1.1	  0.1	0.000	0.000	0.000
1010	  S	  1.1	  0.1	0.000	0.000	0.000
1011	  L	  2.5	  0.1	0.000	0.000	0.000
1012	  Q	  3.0	  0.1	0.000	0.000	0.000
1013	  L	  2.6	  0.1	0.000	0.000	0.000
1014	  S	  1.2	  0.2	0.000	0.000	0.000
1015	  T	  0.4	  0.6	0.000	0.000	0.000
1016	  E	  0.2	  0.6	0.000	0.000	0.000
1017	  G	  0.0	  0.5	0.000	5.856	5.856
1018	  F	  0.7	  0.4	0.000	67.800	67.800
1019	  I	  9.9	  0.0	0.000	68.324	68.324
1020	  T	 12.3	  0.0	0.109	68.324	68.324
1021	  L	 15.0	  0.0	0.109	68.324	68.324
1022	  T	 18.3	  0.0	0.109	68.042	68.042
1023	  Y	 15.9	  0.0	0.109	52.847	52.847
1024	  K	 12.5	  0.0	0.109	0.000	0.000
1025	  G	  0.4	  0.2	0.220	0.000	0.000
1026	  P	  0.0	  0.2	0.111	0.000	0.000
1027	  L	  0.7	  0.2	0.111	0.000	0.000
1028	  S	  0.9	  0.5	0.111	0.000	0.000
1029	  A	  0.9	  0.6	0.111	0.000	0.000
1030	  K	  0.3	  0.7	0.111	0.000	0.000
1031	  G	  0.2	  0.7	0.142	0.131	0.131
1032	  T	  0.4	  0.8	0.142	2.731	2.731
1033	  A	  0.4	  0.5	0.142	7.643	7.643
1034	  D	  0.3	  0.4	0.268	13.471	13.471
1035	  A	  0.4	  0.4	0.268	13.471	13.471
1036	  F	  2.1	  0.0	0.268	13.471	13.471
1037	  I	  6.7	  0.0	0.126	13.471	13.471
1038	  V	  8.6	  0.0	0.126	13.471	13.471
1039	  R	  7.7	  0.0	0.126	13.471	13.471
1040	  F	  5.2	  0.0	0.126	13.471	13.471
1041	  V	  3.7	  0.0	0.000	12.682	12.682
1042	  C	  3.0	  0.2	0.000	2.302	2.302
1043	  N	  1.0	  0.8	0.000	0.000	0.000
1044	  D	  0.2	  0.8	0.000	0.000	0.000
1045	  D	  2.4	  0.8	0.000	0.000	0.000
1046	  V	  7.0	  0.6	0.000	0.000	0.000
1047	  Y	  8.4	  0.0	0.000	0.000	0.000
1048	  S	  6.1	  0.1	0.000	0.000	0.000
1049	  G	  1.4	  0.3	0.000	0.000	0.000
1050	  P	  0.0	  0.3	0.000	0.000	0.000
1051	  L	  0.9	  0.3	0.000	0.000	0.000
1052	  K	  1.1	  0.2	0.000	0.000	0.000
1053	  F	  1.8	  0.0	0.000	0.000	0.000
1054	  L	  1.1	  0.0	0.000	0.000	0.000
1055	  H	  1.1	  0.4	0.000	0.000	0.000
1056	  Q	  0.6	  0.4	0.000	0.000	0.000
1057	  D	  1.2	  1.0	0.000	0.000	0.000
1058	  I	  1.8	  1.1	0.000	0.000	0.000
1059	  D	  1.6	  1.8	0.000	0.000	0.000
1060	  S	  0.9	  2.0	0.000	0.000	0.000
1061	  G	  0.0	  1.6	0.000	0.000	0.000
1062	  Q	  0.0	  1.5	0.000	0.000	0.000
1063	  G	  0.1	  0.4	0.000	0.000	0.000
1064	  I	  0.3	  0.3	0.000	0.000	0.000
1065	  R	  0.5	  0.1	0.000	0.000	0.000
1066	  N	  3.3	  0.1	0.000	0.000	0.000
1067	  T	  9.6	  0.1	0.000	0.000	0.000
1068	  Y	 11.6	  0.0	0.000	0.000	0.000
1069	  F	 12.7	  0.0	0.000	0.000	0.000
1070	  E	  7.1	  0.0	0.000	0.000	0.000
1071	  F	  5.1	  0.1	0.000	0.000	0.000
1072	  E	  1.3	  0.1	0.153	0.000	0.000
1073	  T	  0.9	  0.1	0.153	0.000	0.000
1074	  A	  0.6	  0.1	0.153	0.000	0.000
1075	  L	  0.9	  0.0	0.153	0.000	0.000
1076	  A	  0.7	  0.0	0.153	0.000	0.000
1077	  C	  0.8	  0.0	0.153	0.000	0.000
1078	  V	  0.5	  0.0	0.000	0.000	0.000
1079	  P	  0.3	  0.0	0.000	0.000	0.000
1080	  S	  0.0	  0.0	0.000	0.000	0.000
1081	  P	  0.0	  0.0	0.000	0.000	0.000
1082	  V	  2.7	  0.0	0.000	0.000	0.000
1083	  D	  3.0	  0.0	0.000	0.000	0.000
1084	  C	  4.1	  0.0	0.000	0.000	0.000
1085	  Q	  2.2	  0.0	0.000	0.000	0.000
1086	  V	  3.4	  0.0	0.000	0.000	0.000
1087	  T	  2.4	  0.1	0.000	0.000	0.000
1088	  D	  1.7	  0.1	0.000	0.000	0.000
1089	  L	  0.2	  0.2	0.000	0.000	0.000
1090	  A	  0.1	  0.8	0.000	0.000	0.000
1091	  G	  0.0	  0.8	0.000	0.000	0.000
1092	  N	  0.1	  0.9	0.000	0.000	0.000
1093	  E	  2.1	  0.8	0.000	0.000	0.000
1094	  Y	  3.4	  0.2	0.000	0.000	0.000
1095	  D	  3.5	  0.5	0.000	0.000	0.000
1096	  L	  1.6	  0.4	0.000	0.000	0.000
1097	  T	  0.4	  0.4	0.000	0.000	0.000
1098	  G	  0.2	  0.4	0.261	0.000	0.000
1099	  L	  0.2	  0.1	0.261	0.000	0.000
1100	  S	  0.7	  0.1	0.261	0.000	0.000
1101	  T	  8.6	  0.1	0.261	0.000	0.000
1102	  V	  9.8	  0.1	0.261	0.000	0.000
1103	  R	  9.4	  0.0	0.261	0.000	0.000
1104	  K	  1.6	  0.0	0.000	0.000	0.000
1105	  P	  0.0	  0.0	0.000	0.000	0.000
1106	  W	  3.3	  0.0	0.000	0.000	0.000
1107	  T	  4.2	  0.0	0.000	0.000	0.000
1108	  A	  4.5	  0.0	0.000	0.000	0.000
1109	  V	  2.0	  0.1	0.000	0.000	0.000
1110	  D	  1.2	  0.2	0.000	0.000	0.000
1111	  T	  1.9	  0.2	0.000	0.000	0.000
1112	  S	  5.4	  1.3	0.114	0.000	0.000
1113	  V	  5.4	  2.2	0.114	0.000	0.000
1114	  D	  4.6	  2.1	0.228	0.000	0.000
1115	  G	  0.2	  2.2	0.228	0.000	0.000
1116	  R	  0.2	  1.1	0.228	0.000	0.000
1117	  K	  0.7	  0.2	0.228	0.000	0.000
1118	  R	  2.0	  0.1	0.115	0.000	0.000
1119	  T	  8.4	  0.1	0.115	2.150	2.150
1120	  F	  8.9	  0.0	0.115	11.387	11.387
1121	  Y	  8.6	  0.0	0.000	11.685	11.685
1122	  L	  3.8	  0.0	0.000	11.685	11.685
1123	  S	  3.6	  0.0	0.000	11.685	11.685
1124	  V	  4.0	  0.0	0.000	11.539	11.539
1125	  C	  2.2	  0.0	0.000	1.921	1.921
1126	  N	  1.4	  0.0	0.000	0.000	0.000
1127	  P	  0.1	  0.0	0.000	0.000	0.000
1128	  L	  0.0	  0.0	0.000	0.000	0.000
1129	  P	  0.0	  0.0	0.000	0.000	0.000
1130	  Y	  0.2	  0.0	0.000	0.000	0.000
1131	  I	  0.2	  1.3	0.000	0.000	0.000
1132	  P	  0.2	  1.5	0.000	0.000	0.000
1133	  G	  0.1	  1.5	0.000	0.000	0.000
1134	  C	  0.1	  2.2	0.000	0.000	0.000
1135	  Q	  0.1	  1.1	0.000	0.000	0.000
1136	  G	  0.2	  0.9	0.000	0.000	0.000
1137	  S	  0.4	  0.9	0.000	0.000	0.000
1138	  A	  0.5	  0.4	0.000	0.000	0.000
1139	  V	  0.6	  0.6	0.000	0.000	0.000
1140	  G	  0.3	  0.6	0.000	0.000	0.000
1141	  S	  1.5	  0.6	0.000	0.000	0.000
1142	  C	  3.0	  0.4	0.000	0.000	0.000
1143	  L	  3.7	  0.0	0.000	0.000	0.000
1144	  V	  2.9	  0.1	0.000	0.000	0.000
1145	  S	  1.2	  0.4	0.000	0.000	0.000
1146	  E	  0.4	  2.2	0.000	0.000	0.000
1147	  G	  0.0	  2.2	0.000	0.000	0.000
1148	  N	  0.9	  2.2	0.000	0.000	0.000
1149	  S	  7.4	  2.3	0.000	0.000	0.000
1150	  W	  8.4	  0.4	0.000	0.666	0.666
1151	  N	  7.6	  0.4	0.127	0.828	0.828
1152	  L	  1.1	  0.4	0.127	1.161	1.161
1153	  G	  0.1	  0.0	0.127	1.161	1.161
1154	  V	  3.9	  0.0	0.127	1.161	1.161
1155	  V	  8.5	  0.0	0.127	1.161	1.161
1156	  Q	  9.9	  0.0	0.127	0.334	0.334
1157	  M	  6.3	  0.0	0.127	0.178	0.178
1158	  S	  1.7	  0.3	4.757	0.000	0.000
1159	  P	  0.1	  0.4	4.988	0.000	0.000
1160	  Q	  0.0	  0.4	4.988	0.000	0.000
1161	  A	  0.1	  0.4	4.988	0.000	0.000
1162	  A	  0.1	  0.9	4.988	0.000	0.000
1163	  A	  0.1	  1.4	4.988	0.000	0.000
1164	  N	  0.0	  1.6	4.560	0.000	0.000
1165	  G	  0.0	  1.7	1.637	0.169	0.169
1166	  S	  5.4	  1.0	0.574	2.212	2.212
1167	  L	  6.9	  0.5	0.000	19.501	19.501
1168	  S	  7.2	  0.3	0.000	22.407	22.407
1169	  I	  3.8	  0.2	0.000	22.970	22.970
1170	  M	  2.8	  0.0	0.000	22.970	22.970
1171	  Y	  4.2	  0.1	0.000	22.970	22.970
1172	  V	  2.8	  1.0	0.000	21.484	21.484
1173	  N	  2.0	  1.8	0.000	0.933	0.933
1174	  G	  0.3	  1.9	0.000	0.375	0.375
1175	  D	  0.0	  2.0	0.000	0.000	0.000
1176	  K	  0.4	  1.1	0.000	0.000	0.000
1177	  C	  0.4	  0.9	0.000	0.000	0.000
1178	  G	  0.4	  0.8	0.000	0.000	0.000
1179	  N	  0.4	  0.6	0.000	0.000	0.000
1180	  Q	  1.2	  0.6	0.000	0.000	0.000
1181	  R	  2.2	  0.1	0.000	0.000	0.000
1182	  F	  2.6	  0.1	0.000	0.000	0.000
1183	  S	  2.2	  0.1	0.000	0.000	0.000
1184	  T	  1.9	  0.1	0.000	0.000	0.000
1185	  R	  6.1	  0.1	0.000	0.000	0.000
1186	  I	 19.1	  0.0	0.000	0.000	0.000
1187	  T	 27.4	  0.0	0.000	0.000	0.000
1188	  F	 28.4	  0.0	0.000	0.000	0.000
1189	  E	 15.4	  0.0	0.000	0.000	0.000
1190	  C	  7.1	  0.1	0.000	0.000	0.000
1191	  A	  1.2	  0.1	0.000	0.000	0.000
1192	  Q	  1.8	  0.1	0.000	0.000	0.000
1193	  I	  2.5	  0.2	0.000	0.000	0.000
1194	  S	  2.8	  0.2	0.000	0.000	0.000
1195	  G	  1.9	  0.2	0.000	0.000	0.000
1196	  S	  0.6	  0.3	0.000	0.000	0.000
1197	  P	  0.0	  0.2	0.000	0.000	0.000
1198	  A	  0.5	  0.2	0.000	0.000	0.000
1199	  F	  4.0	  0.2	0.000	0.000	0.000
1200	  Q	  5.1	  0.0	0.000	0.000	0.000
1201	  L	  4.8	  0.5	0.000	0.000	0.000
1202	  Q	  1.3	  0.8	0.000	0.000	0.000
1203	  D	  0.2	  1.0	0.000	0.000	0.000
1204	  G	  0.1	  1.0	1.153	0.000	0.000
1205	  C	  1.4	  0.5	1.580	0.017	0.017
1206	  E	  1.6	  0.2	1.705	0.127	0.127
1207	  Y	  3.3	  0.0	1.705	98.660	98.660
1208	  V	  4.5	  0.0	1.705	98.679	98.679
1209	  F	  4.9	  0.0	1.705	98.683	98.683
1210	  I	  4.1	  0.0	1.705	98.683	98.683
1211	  W	  1.7	  0.1	1.705	98.683	98.683
1212	  R	  1.9	  0.1	1.830	0.278	0.278
1213	  T	  7.8	  0.1	1.092	0.244	0.244
1214	  V	  9.1	  0.1	1.092	0.238	0.238
1215	  E	  8.6	  0.0	1.092	0.151	0.151
1216	  A	  1.8	  0.0	0.908	0.069	0.069
1217	  C	  0.1	  0.0	0.908	0.000	0.000
1218	  P	  0.0	  0.0	0.000	0.000	0.000
1219	  V	  2.7	  0.0	0.000	0.000	0.000
1220	  V	 11.8	  0.0	0.000	0.000	0.000
1221	  R	 13.7	  0.0	0.000	0.000	0.000
1222	  V	 11.3	  0.2	0.000	0.000	0.000
1223	  E	  2.4	  2.2	0.000	0.000	0.000
1224	  G	  0.2	  2.4	0.000	0.000	0.000
1225	  D	  0.0	  2.4	0.000	0.000	0.000
1226	  N	  1.8	  2.3	0.000	0.000	0.000
1227	  C	  8.4	  0.3	0.000	0.000	0.000
1228	  E	 21.2	  0.0	0.000	0.000	0.000
1229	  V	 21.8	  0.0	0.000	0.000	0.000
1230	  K	 16.3	  0.0	0.000	0.000	0.000
1231	  D	  2.6	  0.4	0.000	0.000	0.000
1232	  P	  0.0	  0.6	0.000	0.000	0.000
1233	  R	  0.2	  0.8	0.000	0.000	0.000
1234	  H	  0.2	  2.3	0.000	0.000	0.000
1235	  G	  0.2	  1.9	0.000	0.000	0.000
1236	  N	  0.6	  1.7	0.247	0.000	0.000
1237	  L	  0.9	  1.5	0.247	0.000	0.000
1238	  Y	  2.2	  0.0	0.247	0.000	0.000
1239	  D	  2.0	  0.0	0.247	0.000	0.000
1240	  L	  1.7	  0.0	0.247	0.000	0.000
1241	  K	  0.5	  0.4	0.247	0.000	0.000
1242	  P	  0.1	  0.4	0.000	0.000	0.000
1243	  L	  0.1	  0.4	0.000	0.000	0.000
1244	  G	  0.2	  0.6	0.000	0.000	0.000
1245	  L	  0.3	  0.3	0.000	0.000	0.000
1246	  N	  0.2	  0.3	0.000	0.000	0.000
1247	  D	  0.8	  0.2	0.000	0.000	0.000
1248	  T	  5.8	  0.1	0.000	0.000	0.000
1249	  I	  8.8	  0.0	0.000	0.000	0.000
1250	  V	 10.0	  0.0	0.000	0.000	0.000
1251	  S	  5.1	  0.5	0.095	0.000	0.000
1252	  A	  2.1	  0.6	0.095	0.000	0.000
1253	  G	  0.1	  0.6	0.835	0.000	0.000
1254	  E	  2.1	  0.6	0.835	0.106	0.106
1255	  Y	 13.7	  0.1	0.835	32.823	32.823
1256	  T	 19.3	  0.0	1.401	32.823	32.823
1257	  Y	 18.4	  0.0	1.401	32.823	32.823
1258	  Y	  8.7	  0.0	1.305	32.823	32.823
1259	  F	  6.2	  0.0	1.131	32.823	32.823
1260	  R	  5.1	  0.0	1.017	0.106	0.106
1261	  V	  3.8	  0.4	0.845	0.106	0.106
1262	  C	  0.7	  0.5	0.845	0.000	0.000
1263	  G	  0.6	  0.5	0.845	0.000	0.000
1264	  K	  0.7	  0.5	0.389	0.000	0.000
1265	  L	  0.8	  0.3	0.000	0.000	0.000
1266	  S	  0.9	  1.8	0.000	0.000	0.000
1267	  S	  0.4	  1.7	0.000	0.000	0.000
1268	  D	  0.8	  1.7	0.000	0.000	0.000
1269	  V	  0.8	  1.6	0.000	0.000	0.000
1270	  C	  0.8	  0.5	0.000	0.000	0.000
1271	  P	  0.1	  0.5	0.000	0.000	0.000
1272	  T	  0.1	  0.9	0.000	0.000	0.000
1273	  S	  0.1	  0.9	0.000	0.000	0.000
1274	  D	  0.1	  1.9	0.000	0.000	0.000
1275	  K	  0.5	  1.9	0.000	0.000	0.000
1276	  S	  0.9	  1.6	0.000	0.000	0.000
1277	  K	  2.7	  1.6	0.000	0.000	0.000
1278	  V	  6.6	  0.0	0.000	0.000	0.000
1279	  V	  7.5	  0.1	0.000	0.000	0.000
1280	  S	  6.4	  0.1	0.000	0.000	0.000
1281	  S	  4.8	  0.1	0.606	0.000	0.000
1282	  C	  3.9	  0.2	0.722	0.000	0.000
1283	  Q	  3.3	  0.2	0.722	0.000	0.000
1284	  E	  0.7	  0.2	0.722	0.000	0.000
1285	  K	  1.0	  0.2	0.722	0.000	0.000
1286	  R	  0.9	  0.1	0.722	0.000	0.000
1287	  E	  0.8	  0.4	0.464	0.000	0.000
1288	  P	  0.0	  0.7	0.000	0.000	0.000
1289	  Q	  0.0	  0.7	0.000	0.000	0.000
1290	  G	  0.1	  0.7	0.000	0.000	0.000
1291	  F	  1.4	  0.4	0.000	0.000	0.000
1292	  H	  2.6	  0.0	0.000	0.000	0.000
1293	  K	  4.7	  0.0	0.000	0.000	0.000
1294	  V	  4.1	  0.0	0.000	0.545	0.545
1295	  A	  2.9	  0.0	0.000	0.545	0.545
1296	  G	  0.7	  0.0	0.639	0.545	0.545
1297	  L	  0.3	  0.0	0.639	0.545	0.545
1298	  L	  0.5	  0.0	0.639	0.545	0.545
1299	  T	  2.2	  0.0	0.639	0.000	0.000
1300	  Q	  2.3	  0.1	0.639	0.000	0.000
1301	  K	  3.7	  0.1	0.639	0.000	0.000
1302	  L	  5.7	  0.1	0.099	0.000	0.000
1303	  T	 15.6	  0.0	0.099	0.000	0.000
1304	  Y	 14.7	  0.7	0.099	0.000	0.000
1305	  E	 11.1	  1.8	0.000	0.000	0.000
1306	  N	  0.9	  1.8	0.635	0.000	0.000
1307	  G	  0.0	  1.8	0.779	0.000	0.000
1308	  L	  0.2	  1.2	0.779	0.000	0.000
1309	  L	  1.7	  0.0	0.779	0.000	0.000
1310	  K	  2.5	  0.0	0.779	0.000	0.000
1311	  M	  4.5	  0.0	0.779	0.000	0.000
1312	  N	  4.6	  0.0	0.263	0.000	0.000
1313	  F	  5.1	  0.1	0.000	0.000	0.000
1314	  T	  3.0	  0.2	0.000	0.000	0.000
1315	  G	  1.4	  2.0	0.000	0.000	0.000
1316	  G	  0.0	  2.1	0.000	0.000	0.000
1317	  D	  0.4	  2.0	0.000	0.000	0.000
1318	  T	  3.8	  1.9	0.000	0.000	0.000
1319	  C	  5.9	  0.1	0.000	0.000	0.000
1320	  H	  6.6	  0.0	0.000	0.000	0.000
1321	  K	  4.2	  0.0	0.000	0.000	0.000
1322	  V	  6.2	  0.0	0.000	0.000	0.000
1323	  Y	  7.1	  0.0	0.000	0.000	0.000
1324	  Q	  6.4	  0.1	0.000	0.000	0.000
1325	  R	  2.7	  0.2	0.000	0.000	0.000
1326	  S	  0.8	  0.2	0.000	5.639	5.639
1327	  T	  0.9	  0.1	0.000	50.963	50.963
1328	  A	  0.8	  0.1	0.000	74.240	74.240
1329	  I	  1.7	  0.0	0.000	91.080	91.080
1330	  F	  2.7	  0.0	0.000	91.080	91.080
1331	  F	  7.3	  0.0	0.000	91.063	91.063
1332	  Y	  7.8	  0.1	0.000	88.808	88.808
1333	  C	  6.6	  0.3	0.000	34.555	34.555
1334	  D	  1.7	  0.6	0.000	0.000	0.000
1335	  R	  0.2	  0.6	0.000	0.000	0.000
1336	  G	  0.1	  0.6	0.000	0.000	0.000
1337	  T	  2.6	  0.4	0.000	0.000	0.000
1338	  Q	  2.6	  0.0	0.000	0.000	0.000
1339	  R	  2.6	  0.0	0.000	0.000	0.000
1340	  P	  0.1	  0.0	0.000	0.000	0.000
1341	  V	  3.7	  0.0	0.000	0.201	0.201
1342	  F	  4.5	  0.0	0.000	0.201	0.201
1343	  L	  4.6	  0.0	0.000	0.201	0.201
1344	  K	  1.2	  0.1	0.000	0.201	0.201
1345	  E	  0.4	  0.1	0.000	0.201	0.201
1346	  T	  0.4	  0.6	0.000	0.201	0.201
1347	  S	  0.2	  0.6	0.000	0.000	0.000
1348	  D	  0.4	  0.8	0.393	0.000	0.000
1349	  C	  1.7	  0.8	0.393	0.000	0.000
1350	  S	  2.3	  0.3	0.716	0.000	0.000
1351	  Y	  2.6	  0.2	0.716	0.000	0.000
1352	  L	  1.4	  0.0	0.716	0.000	0.000
1353	  F	  4.3	  0.0	0.716	0.000	0.000
1354	  E	  4.1	  0.0	0.860	0.000	0.000
1355	  W	  4.3	  0.0	0.860	0.000	0.000
1356	  R	  1.1	  0.1	0.860	0.000	0.000
1357	  T	  2.9	  0.1	0.508	0.000	0.000
1358	  Q	  3.1	  0.1	0.508	0.000	0.000
1359	  Y	  5.0	  0.0	0.508	0.000	0.000
1360	  A	  2.7	  0.0	0.508	0.000	0.000
1361	  C	  2.2	  0.0	0.508	0.000	0.000
1362	  P	  0.0	  0.1	0.000	0.000	0.000
1363	  P	  0.0	  0.1	0.000	0.000	0.000
1364	  F	  1.3	  0.2	0.000	0.000	0.000
1365	  D	  1.5	  0.2	0.000	0.000	0.000
1366	  L	  1.5	  0.0	0.000	0.000	0.000
1367	  T	  0.4	  0.1	0.000	0.000	0.000
1368	  E	  0.8	  0.1	0.000	0.000	0.000
1369	  C	  2.2	  0.1	0.000	0.000	0.000
1370	  S	  3.6	  0.0	0.000	0.000	0.000
1371	  F	  3.5	  0.9	0.000	0.000	0.000
1372	  K	  2.1	  1.2	0.000	0.000	0.000
1373	  D	  0.5	  1.4	0.000	0.000	0.000
1374	  G	  0.0	  1.7	0.000	0.000	0.000
1375	  A	  0.0	  1.9	0.000	0.000	0.000
1376	  G	  0.0	  1.6	0.000	0.000	0.000
1377	  N	  1.0	  1.4	0.000	0.000	0.000
1378	  S	  8.5	  1.4	0.000	0.000	0.000
1379	  F	  9.6	  0.3	0.000	0.000	0.000
1380	  D	  8.8	  0.8	0.987	0.000	0.000
1381	  L	  1.6	  0.9	0.987	0.000	0.000
1382	  S	  0.5	  0.7	1.316	0.000	0.000
1383	  S	  5.8	  1.0	1.316	0.000	0.000
1384	  L	  5.6	  0.6	1.316	0.000	0.000
1385	  S	  5.7	  0.5	1.316	0.000	0.000
1386	  R	  1.3	  0.4	0.874	0.000	0.000
1387	  Y	  1.4	  0.4	0.493	0.000	0.000
1388	  S	  1.3	  1.4	0.000	0.000	0.000
1389	  D	  0.3	  1.4	0.000	0.000	0.000
1390	  N	  1.9	  1.4	0.156	0.000	0.000
1391	  W	  3.3	  1.1	0.156	0.000	0.000
1392	  E	  3.2	  0.1	0.156	0.000	0.000
1393	  A	  1.8	  0.1	0.156	0.000	0.000
1394	  I	  3.2	  0.1	0.156	0.000	0.000
1395	  T	  3.2	  0.4	0.156	0.000	0.000
1396	  G	  2.8	  0.5	0.156	0.000	0.000
1397	  T	  0.1	  0.5	0.000	0.000	0.000
1398	  G	  0.0	  0.5	0.000	0.000	0.000
1399	  D	  0.0	  0.8	0.000	0.000	0.000
1400	  P	  0.0	  0.7	0.000	0.000	0.000
1401	  E	  0.4	  0.7	0.000	0.000	0.000
1402	  H	  1.9	  0.7	0.000	0.980	0.980
1403	  Y	  2.7	  0.1	0.000	17.077	17.077
1404	  L	  2.8	  0.0	0.000	17.077	17.077
1405	  I	 11.2	  0.0	0.000	17.077	17.077
1406	  N	 11.2	  0.0	0.000	17.077	17.077
1407	  V	 10.9	  0.0	0.000	17.077	17.077
1408	  C	  1.5	  0.2	0.000	3.057	3.057
1409	  K	  0.8	  0.3	0.000	0.000	0.000
1410	  S	  0.8	  0.3	0.000	0.000	0.000
1411	  L	  0.5	  0.3	0.000	0.000	0.000
1412	  A	  0.3	  0.3	0.000	0.000	0.000
1413	  P	  0.0	  0.3	0.000	0.000	0.000
1414	  Q	  0.0	  0.5	0.000	0.000	0.000
1415	  A	  0.0	  0.6	0.000	0.000	0.000
1416	  G	  0.1	  0.4	0.000	0.000	0.000
1417	  T	  0.1	  0.3	0.000	0.000	0.000
1418	  E	  0.1	  0.1	0.000	0.000	0.000
1419	  P	  0.1	  0.0	0.000	0.000	0.000
1420	  C	  0.0	  0.0	0.000	0.000	0.000
1421	  P	  0.0	  0.3	0.000	0.000	0.000
1422	  P	  0.0	  0.3	0.000	0.000	0.000
1423	  E	  0.1	  0.3	0.000	0.000	0.000
1424	  A	  0.1	  0.3	0.000	0.000	0.000
1425	  A	  0.1	  0.0	0.000	0.000	0.000
1426	  A	  0.3	  0.0	0.000	0.000	0.000
1427	  C	  1.6	  0.0	0.000	0.000	0.000
1428	  L	  1.6	  0.0	0.000	0.000	0.000
1429	  L	  1.4	  0.3	0.000	0.000	0.000
1430	  G	  0.1	  0.6	0.000	0.000	0.000
1431	  G	  0.0	  0.6	0.000	0.000	0.000
1432	  S	  0.1	  0.6	0.000	0.000	0.000
1433	  K	  0.1	  0.3	0.000	0.000	0.000
1434	  P	  0.1	  0.0	0.000	0.000	0.000
1435	  V	  3.6	  0.0	0.000	0.000	0.000
1436	  N	  3.6	  0.3	0.198	0.000	0.000
1437	  L	  3.6	  0.4	0.198	0.000	0.000
1438	  G	  0.0	  0.4	0.198	0.000	0.000
1439	  R	  1.7	  0.3	0.198	0.000	0.000
1440	  V	  2.5	  0.4	0.198	0.000	0.000
1441	  R	  2.5	  0.3	0.198	0.000	0.000
1442	  D	  0.8	  0.4	0.198	0.000	0.000
1443	  G	  0.0	  0.7	0.198	0.000	0.000
1444	  P	  0.0	  0.3	0.000	0.000	0.000
1445	  Q	  1.5	  0.3	0.000	0.000	0.000
1446	  W	  1.9	  0.8	0.000	0.000	0.000
1447	  R	  1.9	  0.8	0.000	0.000	0.000
1448	  D	  0.4	  0.8	0.000	5.166	5.166
1449	  G	  0.1	  0.8	0.250	34.400	34.400
1450	  I	  7.7	  0.3	0.250	37.228	37.228
1451	  I	 15.7	  0.0	0.250	37.878	37.878
1452	  V	 16.6	  0.0	0.250	37.878	37.878
1453	  L	 10.1	  0.0	0.250	37.878	37.878
1454	  K	  2.3	  0.0	0.250	10.547	10.547
1455	  Y	  2.5	  0.1	0.128	10.547	10.547
1456	  V	  2.0	  0.3	0.000	10.142	10.142
1457	  D	  1.5	  0.7	0.000	5.381	5.381
1458	  G	  0.2	  0.8	0.000	0.391	0.391
1459	  D	  0.2	  0.6	0.000	0.000	0.000
1460	  L	  0.2	  0.5	0.000	0.000	0.000
1461	  C	  0.3	  5.7	0.270	0.000	0.000
1462	  P	  0.1	  5.8	0.385	0.000	0.000
1463	  D	  0.0	  5.9	0.670	0.000	0.000
1464	  G	  0.1	  5.9	1.107	0.000	0.000
1465	  I	  0.9	  0.2	1.107	0.000	0.000
1466	  R	  0.9	  0.1	1.107	0.000	0.000
1467	  K	  0.9	  0.1	1.107	0.000	0.000
1468	  K	  0.7	  0.2	1.107	0.000	0.000
1469	  S	  1.3	  0.2	0.437	0.000	0.000
1470	  T	  2.1	  0.1	0.000	0.000	0.000
1471	  T	  6.9	  0.1	0.000	0.000	0.000
1472	  I	  8.7	  0.0	0.000	0.000	0.000
1473	  R	  9.2	  0.0	0.000	0.000	0.000
1474	  F	 20.4	  0.0	0.000	0.000	0.000
1475	  T	 26.1	  0.0	0.000	0.000	0.000
1476	  C	 25.0	  0.1	0.000	0.000	0.000
1477	  S	 10.4	  0.7	0.000	0.000	0.000
1478	  E	  0.5	  0.7	0.000	0.000	0.000
1479	  S	  0.4	  0.7	0.000	0.000	0.000
1480	  Q	  0.8	  0.6	0.000	0.000	0.000
1481	  V	  2.4	  0.0	0.000	0.000	0.000
1482	  N	  2.7	  0.0	0.000	0.000	0.000
1483	  S	  2.2	  0.0	0.000	0.000	0.000
1484	  R	  0.5	  0.0	0.000	0.000	0.000
1485	  P	  0.1	  0.0	0.000	0.125	0.125
1486	  M	  0.9	  0.0	0.000	12.736	12.736
1487	  F	  1.9	  0.0	0.000	13.935	13.935
1488	  I	  3.5	  0.0	0.000	13.935	13.935
1489	  S	  2.9	  0.0	0.000	13.935	13.935
1490	  A	  2.2	  0.0	0.000	13.935	13.935
1491	  V	  1.4	  0.2	0.000	11.552	11.552
1492	  E	  1.2	  0.2	0.000	0.000	0.000
1493	  D	  1.9	  0.2	0.407	0.000	0.000
1494	  C	  2.3	  0.2	0.602	0.000	0.000
1495	  E	  4.4	  0.0	0.602	0.000	0.000
1496	  Y	 15.7	  0.0	0.602	0.000	0.000
1497	  T	 17.7	  0.0	0.602	0.000	0.000
1498	  F	 16.7	  0.0	0.602	0.000	0.000
1499	  A	  4.6	  0.0	0.602	0.000	0.000
1500	  W	  1.2	  0.2	0.602	0.000	0.000
1501	  P	  0.0	  0.2	0.123	0.000	0.000
1502	  T	  1.3	  0.2	0.123	0.000	0.000
1503	  A	  1.4	  0.2	0.123	0.000	0.000
1504	  T	  2.3	  0.0	0.123	0.000	0.000
1505	  A	  1.1	  0.0	0.123	0.000	0.000
1506	  C	  0.9	  0.2	0.123	0.000	0.000
1507	  P	  0.0	  0.2	0.000	0.000	0.000
1508	  M	  0.5	  0.3	0.000	0.000	0.000
1509	  K	  0.5	  0.5	0.000	0.000	0.000
1510	  S	  0.5	  0.3	0.000	0.000	0.000
1511	  N	  0.1	  0.6	0.000	0.000	0.000
1512	  E	  0.4	  0.5	0.000	0.000	0.000
1513	  H	  0.4	  0.9	0.000	0.000	0.000
1514	  D	  0.4	  1.0	0.000	0.000	0.000
1515	  D	  0.4	  0.8	0.000	0.000	0.000
1516	  C	  1.4	  0.7	0.000	0.000	0.000
1517	  Q	  2.1	  0.1	0.000	0.000	0.000
1518	  V	  4.8	  0.0	0.000	0.000	0.000
1519	  T	  3.8	  0.0	0.000	0.000	0.000
1520	  N	  3.0	  2.8	0.000	0.000	0.000
1521	  P	  0.0	  3.1	0.000	0.000	0.000
1522	  S	  0.1	  3.3	0.000	0.000	0.000
1523	  T	  0.1	  3.4	0.000	0.000	0.000
1524	  G	  0.1	  0.6	0.000	0.000	0.000
1525	  H	  0.6	  0.3	0.000	0.000	0.000
1526	  L	  0.9	  0.1	0.000	0.000	0.000
1527	  F	  2.1	  0.0	0.000	0.000	0.000
1528	  D	  1.7	  0.6	0.898	0.000	0.000
1529	  L	  1.6	  0.7	0.898	0.000	0.000
1530	  S	  0.6	  0.8	0.898	0.000	0.000
1531	  S	  5.9	  1.8	0.898	0.000	0.000
1532	  L	  5.8	  1.4	0.898	0.000	0.000
1533	  S	  5.8	  1.6	0.898	0.000	0.000
1534	  G	  0.3	  1.6	0.486	0.000	0.000
1535	  R	  0.2	  0.9	0.196	0.000	0.000
1536	  A	  0.1	  0.6	0.000	0.224	0.224
1537	  G	  0.2	  0.4	0.000	0.493	0.493
1538	  F	  5.8	  0.3	0.000	1.269	1.269
1539	  T	  6.1	  0.0	0.000	1.269	1.269
1540	  A	  6.1	  0.0	0.000	1.269	1.269
1541	  A	  1.0	  0.0	0.000	1.269	1.269
1542	  Y	  1.2	  0.1	0.000	1.269	1.269
1543	  S	  1.2	  0.4	0.000	0.373	0.373
1544	  E	  0.7	  0.6	0.000	0.000	0.000
1545	  K	  0.1	  0.6	0.000	0.000	0.000
1546	  G	  0.0	  0.5	0.000	7.031	7.031
1547	  L	  1.3	  0.2	0.000	23.372	23.372
1548	  V	  5.1	  0.0	0.000	26.240	26.240
1549	  Y	  6.3	  0.0	0.000	26.240	26.240
1550	  M	  6.9	  0.0	0.000	26.240	26.240
1551	  S	  3.7	  0.0	0.000	23.387	23.387
1552	  I	  3.3	  0.2	0.000	22.449	22.449
1553	  C	  1.5	  0.3	0.000	9.576	9.576
1554	  G	  1.0	  0.6	0.172	0.730	0.730
1555	  E	  0.1	  0.6	0.172	0.000	0.000
1556	  N	  0.0	  4.4	0.172	0.000	0.000
1557	  E	  0.1	  4.3	0.172	0.000	0.000
1558	  N	  0.1	  4.0	0.172	0.000	0.000
1559	  C	  0.1	  4.0	0.172	0.000	0.000
1560	  P	  0.0	  1.4	0.000	0.000	0.000
1561	  P	  0.0	  1.4	0.000	0.000	0.000
1562	  G	  0.0	  1.6	0.000	0.000	0.000
1563	  V	  0.1	  1.7	0.000	0.133	0.133
1564	  G	  0.1	  0.3	0.000	0.133	0.133
1565	  A	  0.4	  0.3	0.000	0.133	0.133
1566	  C	  1.1	  0.6	0.000	0.133	0.133
1567	  F	  1.3	  0.8	0.000	0.133	0.133
1568	  G	  1.0	  0.8	0.000	0.000	0.000
1569	  Q	  0.3	  0.9	0.000	0.000	0.000
1570	  T	  1.0	  0.4	0.000	0.000	0.000
1571	  R	  3.4	  0.1	0.000	0.000	0.000
1572	  I	  7.9	  0.0	0.000	0.000	0.000
1573	  S	  7.3	  0.3	0.208	0.000	0.000
1574	  V	  5.1	  0.4	0.208	0.000	0.000
1575	  G	  0.5	  0.4	0.418	0.000	0.000
1576	  K	  0.2	  0.7	0.418	0.000	0.000
1577	  A	  0.2	  0.4	0.418	0.000	0.000
1578	  N	  0.2	  0.4	0.631	0.000	0.000
1579	  K	  0.3	  0.4	0.631	0.000	0.000
1580	  R	  0.9	  0.1	0.422	0.000	0.000
1581	  L	  2.1	  0.1	0.212	0.000	0.000
1582	  R	  2.8	  0.0	0.212	0.000	0.000
1583	  Y	  3.6	  0.0	0.344	0.139	0.139
1584	  V	  3.4	  0.1	0.131	0.139	0.139
1585	  D	  2.6	  0.1	1.010	0.139	0.139
1586	  Q	  1.8	  0.1	1.010	1.535	1.535
1587	  V	  3.0	  0.0	1.010	37.194	37.194
1588	  L	  4.4	  0.0	1.010	41.816	41.816
1589	  Q	  4.7	  0.0	1.010	41.816	41.816
1590	  L	  3.7	  0.0	1.010	41.816	41.816
1591	  V	  3.3	  0.0	0.871	41.816	41.816
1592	  Y	  3.0	  0.8	0.871	25.426	25.426
1593	  K	  1.7	  1.1	0.263	0.139	0.139
1594	  D	  0.5	  1.1	0.000	0.000	0.000
1595	  G	  0.0	  1.1	0.000	0.000	0.000
1596	  S	  0.0	  0.3	0.000	0.000	0.000
1597	  P	  0.0	  0.0	0.000	0.000	0.000
1598	  C	  0.0	  0.9	0.000	0.000	0.000
1599	  P	  0.0	  0.9	0.000	0.000	0.000
1600	  S	  2.4	  3.4	0.000	0.000	0.000
1601	  K	  2.4	  3.5	0.000	0.000	0.000
1602	  S	  2.5	  2.7	0.000	0.000	0.000
1603	  G	  0.1	  2.7	0.000	0.000	0.000
1604	  L	  2.2	  0.2	0.000	0.000	0.000
1605	  S	  3.7	  0.1	0.000	0.000	0.000
1606	  Y	  4.6	  0.2	0.000	0.000	0.000
1607	  K	  2.9	  0.2	0.000	0.000	0.000
1608	  S	  2.5	  0.2	0.000	3.046	3.046
1609	  V	  5.8	  0.2	0.000	23.116	23.116
1610	  I	  9.3	  0.0	0.000	23.789	23.789
1611	  S	  9.1	  0.0	0.000	23.789	23.789
1612	  F	  7.1	  0.0	0.000	23.789	23.789
1613	  V	  4.2	  0.0	0.000	23.283	23.283
1614	  C	  3.5	  0.0	0.000	3.937	3.937
1615	  R	  1.5	  0.2	0.000	0.000	0.000
1616	  P	  0.2	  0.2	0.000	0.000	0.000
1617	  E	  0.2	  0.2	0.000	0.000	0.000
1618	  A	  0.2	  0.2	0.000	0.000	0.000
1619	  R	  0.2	  0.3	0.000	0.000	0.000
1620	  P	  0.0	  0.4	0.000	0.000	0.000
1621	  T	  0.3	  0.4	0.000	0.000	0.000
1622	  N	  0.2	  0.4	0.000	0.000	0.000
1623	  R	  0.3	  0.1	0.000	0.000	0.000
1624	  P	  0.0	  0.0	0.000	0.000	0.000
1625	  M	  1.1	  0.0	0.000	2.759	2.759
1626	  L	  1.5	  0.0	0.000	2.759	2.759
1627	  I	  5.3	  0.0	0.000	2.759	2.759
1628	  S	  6.6	  0.8	0.000	2.759	2.759
1629	  L	  6.2	  0.8	0.000	2.759	2.759
1630	  D	  2.6	  0.9	1.350	0.000	0.000
1631	  K	  0.3	  1.0	1.350	0.000	0.000
1632	  Q	  0.5	  0.2	1.350	0.822	0.822
1633	  T	  6.8	  0.2	1.350	3.724	3.724
1634	  C	  8.6	  0.1	1.350	17.134	17.134
1635	  T	  9.4	  0.0	1.350	27.567	27.567
1636	  L	  3.7	  0.0	1.350	41.802	41.802
1637	  F	  3.6	  0.0	1.198	41.802	41.802
1638	  F	  7.9	  0.0	0.165	41.802	41.802
1639	  S	  8.9	  0.0	0.000	37.379	37.379
1640	  W	  7.6	  0.0	0.000	34.823	34.823
1641	  H	  2.5	  0.0	0.000	2.039	2.039
1642	  T	  0.9	  0.2	0.000	0.000	0.000
1643	  P	  0.1	  0.2	0.000	0.000	0.000
1644	  L	  0.3	  0.2	0.000	0.000	0.000
1645	  A	  0.4	  0.2	0.000	0.000	0.000
1646	  C	  2.0	  0.2	0.000	0.000	0.000
1647	  E	  1.7	  0.2	0.000	0.000	0.000
1648	  Q	  1.8	  0.2	0.000	0.000	0.000
1649	  A	  0.3	  0.2	0.000	0.000	0.000
1650	  T	  0.4	  0.1	0.000	0.000	0.000
1651	  E	  0.8	  0.1	0.000	0.000	0.000
1652	  C	  3.1	  0.1	0.000	0.000	0.000
1653	  S	  6.6	  0.0	0.000	0.000	0.000
1654	  V	  6.9	  0.3	0.000	0.000	0.000
1655	  R	  4.7	  1.0	0.000	0.000	0.000
1656	  N	  1.0	  1.6	0.000	0.000	0.000
1657	  G	  0.0	  1.7	0.000	0.000	0.000
1658	  S	  0.2	  1.4	0.000	0.000	0.000
1659	  S	  0.8	  0.7	0.000	0.000	0.000
1660	  I	  1.7	  0.2	0.000	0.000	0.000
1661	  V	  4.1	  0.0	0.000	0.000	0.000
1662	  D	  3.7	  0.0	0.000	0.000	0.000
1663	  L	  2.9	  0.0	0.000	0.000	0.000
1664	  S	  0.4	  0.2	0.131	0.000	0.000
1665	  P	  0.1	  0.2	0.131	0.000	0.000
1666	  L	  0.6	  0.2	0.131	0.000	0.000
1667	  I	  2.1	  0.2	0.131	0.000	0.000
1668	  H	  2.4	  0.4	0.131	0.000	0.000
1669	  R	  1.8	  0.5	0.131	0.000	0.000
1670	  T	  0.3	  0.9	0.000	0.000	0.000
1671	  G	  0.1	  0.9	0.000	0.000	0.000
1672	  G	  0.1	  0.5	0.000	0.000	0.000
1673	  Y	  2.5	  0.5	0.000	0.000	0.000
1674	  E	  2.6	  0.0	0.000	0.000	0.000
1675	  A	  2.7	  0.0	0.000	0.000	0.000
1676	  Y	  0.5	  0.1	0.000	0.000	0.000
1677	  D	  0.4	  1.5	0.000	0.000	0.000
1678	  E	  0.2	  1.5	0.000	0.000	0.000
1679	  S	  0.1	  4.2	0.000	0.000	0.000
1680	  E	  0.1	  4.3	0.000	0.000	0.000
1681	  D	  0.1	  2.9	0.000	0.000	0.000
1682	  D	  0.1	  5.2	0.000	0.000	0.000
1683	  A	  0.1	  2.8	0.000	0.000	0.000
1684	  S	  0.1	  2.7	0.000	0.000	0.000
1685	  D	  0.2	  2.7	0.000	0.000	0.000
1686	  T	  0.2	  0.3	0.000	0.000	0.000
1687	  N	  0.2	  4.1	0.000	0.000	0.000
1688	  P	  0.0	  4.0	0.000	0.000	0.000
1689	  D	  0.9	  4.0	0.137	0.000	0.000
1690	  F	  1.9	  4.0	0.137	4.605	4.605
1691	  Y	  3.2	  0.1	0.137	4.605	4.605
1692	  I	  9.8	  0.1	0.137	4.605	4.605
1693	  N	  9.5	  0.1	0.137	4.605	4.605
1694	  I	  9.6	  0.1	0.137	4.605	4.605
1695	  C	  2.3	  0.0	0.137	0.802	0.802
1696	  Q	  1.5	  0.1	0.137	0.000	0.000
1697	  P	  0.2	  0.1	0.000	0.000	0.000
1698	  L	  0.1	  0.1	0.000	0.000	0.000
1699	  N	  0.1	  0.3	0.000	0.000	0.000
1700	  P	  0.1	  0.4	0.000	0.000	0.000
1701	  M	  0.2	  0.7	0.000	0.000	0.000
1702	  H	  0.4	  0.7	0.000	0.000	0.000
1703	  G	  0.4	  0.5	0.000	0.000	0.000
1704	  V	  0.2	  0.4	0.000	0.000	0.000
1705	  P	  0.1	  0.0	0.000	0.000	0.000
1706	  C	  0.1	  0.6	0.000	0.000	0.000
1707	  P	  0.0	  1.0	0.000	0.000	0.000
1708	  A	  0.0	  1.1	0.000	0.000	0.000
1709	  G	  0.1	  1.1	0.000	0.000	0.000
1710	  A	  0.2	  0.6	0.000	0.000	0.000
1711	  A	  0.4	  0.1	0.000	0.000	0.000
1712	  V	  0.6	  0.0	0.000	0.000	0.000
1713	  C	  2.1	  0.0	0.000	0.000	0.000
1714	  K	  2.2	  0.0	0.000	0.000	0.000
1715	  V	  2.0	  0.0	0.000	0.000	0.000
1716	  P	  0.3	  0.2	0.000	0.000	0.000
1717	  I	  0.8	  0.2	0.000	0.000	0.000
1718	  D	  0.7	  0.2	0.000	0.000	0.000
1719	  G	  0.7	  0.2	0.000	0.000	0.000
1720	  P	  0.0	  0.0	0.000	0.000	0.000
1721	  P	  0.0	  0.0	0.000	0.000	0.000
1722	  I	  5.5	  0.0	0.000	0.000	0.000
1723	  D	  5.5	  0.5	0.713	0.000	0.000
1724	  I	  5.7	  0.5	0.713	0.000	0.000
1725	  G	  0.1	  0.5	0.713	0.000	0.000
1726	  R	  1.1	  0.5	0.713	0.000	0.000
1727	  V	  1.6	  0.1	0.713	0.000	0.000
1728	  A	  1.6	  0.0	0.713	0.000	0.000
1729	  G	  0.7	  0.0	0.713	0.000	0.000
1730	  P	  0.0	  0.0	0.000	0.000	0.000
1731	  P	  0.0	  0.0	0.000	0.000	0.000
1732	  I	  1.0	  0.0	0.000	0.000	0.000
1733	  L	  1.1	  0.0	0.000	0.000	0.000
1734	  N	  1.1	  0.0	0.163	0.000	0.000
1735	  P	  0.1	  0.0	0.163	0.000	0.000
1736	  I	  0.1	  0.1	0.163	0.000	0.000
1737	  A	  0.1	  0.1	0.163	0.000	0.000
1738	  N	  0.2	  0.1	1.027	0.000	0.000
1739	  E	  0.6	  0.1	1.027	0.000	0.000
1740	  I	  2.0	  0.0	0.863	0.807	0.807
1741	  Y	  3.0	  0.1	0.863	0.807	0.807
1742	  L	  4.4	  0.1	0.863	0.807	0.807
1743	  N	  5.6	  0.1	0.863	0.807	0.807
1744	  F	  5.7	  0.2	0.323	0.807	0.807
1745	  E	  4.0	  0.2	0.000	0.000	0.000
1746	  S	  1.9	  0.2	0.000	0.000	0.000
1747	  S	  0.7	  0.2	0.000	0.000	0.000
1748	  T	  0.6	  0.2	0.191	0.000	0.000
1749	  P	  0.1	  0.1	0.191	0.000	0.000
1750	  C	  2.4	  0.1	0.324	0.000	0.000
1751	  L	  2.4	  0.4	0.324	0.000	0.000
1752	  A	  2.4	  0.3	0.324	0.000	0.000
1753	  D	  0.1	  0.4	0.324	0.000	0.000
1754	  K	  0.2	  0.4	0.133	0.000	0.000
1755	  H	  3.2	  0.2	0.133	0.193	0.193
1756	  F	  6.5	  0.2	0.000	1.758	1.758
1757	  N	  7.8	  0.1	0.828	2.081	2.081
1758	  Y	  7.7	  0.2	0.828	10.958	10.958
1759	  T	  4.9	  0.1	1.058	13.310	13.310
1760	  S	  3.7	  0.1	1.234	16.943	16.943
1761	  L	  1.4	  0.1	1.234	17.129	17.129
1762	  I	  2.6	  0.0	1.234	17.129	17.129
1763	  A	  2.8	  0.0	1.234	16.233	16.233
1764	  F	  7.1	  0.0	1.085	15.386	15.386
1765	  H	  5.9	  0.0	0.368	0.186	0.186
1766	  C	  5.8	  0.3	0.000	0.186	0.186
1767	  K	  1.0	  0.4	0.000	0.000	0.000
1768	  R	  0.5	  0.4	0.000	0.000	0.000
1769	  G	  0.2	  0.4	0.000	0.000	0.000
1770	  V	  5.3	  0.1	0.000	0.000	0.000
1771	  S	  5.5	  0.1	0.000	0.000	0.000
1772	  M	  5.5	  0.1	0.000	0.000	0.000
1773	  G	  0.4	  0.1	0.000	0.000	0.000
1774	  T	  0.1	  0.3	0.225	0.000	0.000
1775	  P	  0.0	  0.2	0.225	0.000	0.000
1776	  K	  0.3	  0.2	0.225	0.000	0.000
1777	  L	  0.4	  0.2	0.225	0.000	0.000
1778	  L	  0.6	  0.1	0.225	0.000	0.000
1779	  R	  0.5	  0.1	0.225	0.000	0.000
1780	  T	  0.5	  0.2	0.000	0.000	0.000
1781	  S	  0.4	  0.3	0.000	0.000	0.000
1782	  E	  1.0	  0.3	0.000	0.000	0.000
1783	  C	  1.2	  0.2	0.000	0.000	0.000
1784	  D	  1.5	  0.1	0.000	0.000	0.000
1785	  F	  2.5	  0.0	0.000	0.000	0.000
1786	  V	  5.5	  0.0	0.000	0.000	0.000
1787	  F	  8.6	  0.0	0.000	0.000	0.000
1788	  E	  7.5	  0.0	0.000	0.000	0.000
1789	  W	  4.6	  0.0	0.000	0.000	0.000
1790	  E	  1.1	  0.0	0.000	0.000	0.000
1791	  T	  0.4	  0.0	0.000	0.000	0.000
1792	  P	  0.0	  0.0	0.000	0.000	0.000
1793	  V	  4.0	  0.0	0.000	0.000	0.000
1794	  V	  4.1	  0.0	0.000	0.000	0.000
1795	  C	  4.1	  1.5	0.000	0.000	0.000
1796	  P	  0.1	  1.5	0.000	0.000	0.000
1797	  D	  0.0	  1.5	0.115	0.000	0.000
1798	  E	  1.7	  1.5	0.115	0.000	0.000
1799	  V	  5.9	  0.0	0.115	0.000	0.000
1800	  R	  8.1	  0.7	0.115	0.000	0.000
1801	  M	  6.5	  1.1	0.115	0.000	0.000
1802	  D	  2.6	  1.7	0.115	0.000	0.000
1803	  G	  0.2	  1.7	0.000	0.000	0.000
1804	  C	  2.4	  1.0	0.000	0.000	0.000
1805	  T	  5.2	  0.6	0.000	0.000	0.000
1806	  L	  5.4	  0.1	0.000	0.000	0.000
1807	  T	  3.2	  0.1	0.636	0.000	0.000
1808	  D	  0.3	  0.2	1.202	0.000	0.000
1809	  E	  0.1	  0.2	1.202	0.000	0.000
1810	  Q	  0.5	  0.1	1.202	0.000	0.000
1811	  L	  1.0	  0.1	1.202	4.170	4.170
1812	  L	  1.5	  0.0	1.202	4.524	4.524
1813	  Y	  7.4	  0.0	1.090	4.524	4.524
1814	  S	 15.5	  0.2	0.295	4.524	4.524
1815	  F	 16.4	  0.2	0.000	4.524	4.524
1816	  N	 10.8	  0.6	0.210	1.190	1.190
1817	  L	  2.1	  0.7	0.210	1.061	1.061
1818	  S	  0.6	  0.5	0.210	0.000	0.000
1819	  S	  5.7	  0.7	0.210	0.000	0.000
1820	  L	  5.6	  0.4	0.210	0.000	0.000
1821	  S	  7.3	  0.4	0.325	0.000	0.000
1822	  T	  2.6	  0.5	0.115	0.000	0.000
1823	  S	  2.9	  0.3	0.115	0.000	0.000
1824	  T	 14.5	  0.2	0.115	0.000	0.000
1825	  F	 16.1	  0.1	0.115	0.000	0.000
1826	  K	 20.2	  0.0	0.115	0.000	0.000
1827	  V	  9.2	  0.0	0.000	0.000	0.000
1828	  T	  6.5	  0.1	0.000	0.000	0.000
1829	  R	  1.7	  0.2	0.000	0.000	0.000
1830	  D	  0.3	  0.3	0.165	0.000	0.000
1831	  S	  0.3	  0.3	0.165	0.000	0.000
1832	  R	  1.3	  0.2	0.165	0.000	0.000
1833	  T	 32.1	  0.1	0.165	0.778	0.778
1834	  Y	 35.4	  0.1	0.165	2.439	2.439
1835	  S	 34.7	  0.1	0.165	3.585	3.585
1836	  V	  6.2	  0.1	0.000	13.544	13.544
1837	  G	  0.6	  0.1	0.000	14.265	14.265
1838	  V	  0.9	  0.1	0.000	22.981	22.981
1839	  C	  3.6	  0.0	0.000	23.556	23.556
1840	  T	  7.3	  0.0	0.000	23.556	23.556
1841	  F	  8.0	  0.0	0.000	23.556	23.556
1842	  A	  5.1	  0.0	0.000	22.471	22.471
1843	  V	  1.4	  0.1	0.000	20.961	20.961
1844	  G	  0.1	  0.3	0.000	0.000	0.000
1845	  P	  0.0	  0.6	0.000	0.000	0.000
1846	  E	  0.0	  0.7	0.000	0.000	0.000
1847	  Q	  0.0	  0.7	0.000	0.000	0.000
1848	  G	  0.0	  0.7	0.000	0.000	0.000
1849	  G	  0.0	  0.4	0.000	0.000	0.000
1850	  C	  0.2	  2.0	0.000	0.000	0.000
1851	  K	  0.2	  2.0	0.000	0.000	0.000
1852	  D	  0.2	  2.7	0.000	0.000	0.000
1853	  G	  0.0	  2.7	0.000	0.000	0.000
1854	  G	  0.0	  1.0	0.000	0.138	0.138
1855	  V	  1.8	  0.9	0.000	0.654	0.654
1856	  C	  3.1	  0.0	0.000	0.654	0.654
1857	  L	  3.5	  0.1	0.000	0.654	0.654
1858	  L	  1.9	  0.3	0.000	0.654	0.654
1859	  S	  0.7	  0.5	0.000	0.517	0.517
1860	  G	  0.3	  0.6	0.000	0.000	0.000
1861	  T	  0.2	  0.9	0.000	0.000	0.000
1862	  K	  0.1	  0.9	0.000	0.000	0.000
1863	  G	  0.1	  0.9	0.000	0.000	0.000
1864	  A	  0.7	  0.8	0.000	0.000	0.000
1865	  S	  1.4	  0.7	0.140	0.000	0.000
1866	  F	  1.6	  1.7	0.140	0.000	0.000
1867	  G	  0.9	  1.5	0.280	0.000	0.000
1868	  R	  0.6	  1.5	0.280	0.000	0.000
1869	  L	  0.7	  1.3	0.280	0.000	0.000
1870	  Q	  0.9	  0.1	0.280	0.000	0.000
1871	  S	  1.1	  0.1	0.447	0.000	0.000
1872	  M	  2.5	  0.1	0.307	0.000	0.000
1873	  K	  2.9	  0.2	0.168	0.000	0.000
1874	  L	  3.6	  0.2	0.168	0.000	0.000
1875	  D	  3.0	  0.2	0.168	0.000	0.000
1876	  Y	  4.1	  0.2	0.168	0.000	0.000
1877	  R	  3.3	  0.1	0.000	0.000	0.000
1878	  H	  2.4	  0.4	0.000	0.000	0.000
1879	  Q	  0.8	  0.4	0.000	0.000	0.000
1880	  D	  0.3	  0.4	0.398	0.000	0.000
1881	  E	  0.1	  0.4	0.398	0.000	0.000
1882	  A	  0.8	  0.1	0.398	12.179	12.179
1883	  V	  8.4	  0.0	0.398	50.718	50.718
1884	  V	 11.2	  0.1	0.398	58.998	58.998
1885	  L	 12.5	  0.1	0.398	58.998	58.998
1886	  S	  5.9	  0.1	0.398	58.998	58.998
1887	  Y	  4.5	  0.2	0.276	58.732	58.732
1888	  V	  2.7	  1.0	0.000	54.864	54.864
1889	  N	  1.9	  1.9	0.000	1.277	1.277
1890	  G	  0.3	  2.0	0.000	0.514	0.514
1891	  D	  0.0	  1.9	0.000	0.000	0.000
1892	  R	  0.0	  1.0	0.000	0.000	0.000
1893	  C	  0.0	  0.1	0.000	0.000	0.000
1894	  P	  0.0	  0.2	0.000	0.000	0.000
1895	  P	  0.0	  0.3	0.000	0.000	0.000
1896	  E	  0.1	  0.4	0.000	0.000	0.000
1897	  T	  0.2	  1.0	0.000	0.000	0.000
1898	  D	  0.2	  1.3	0.000	0.000	0.000
1899	  D	  0.1	  1.1	0.000	0.000	0.000
1900	  G	  0.0	  1.1	0.000	0.000	0.000
1901	  V	  0.0	  0.4	0.000	0.000	0.000
1902	  P	  0.0	  0.0	0.000	0.000	0.000
1903	  C	  1.4	  0.0	0.000	0.000	0.000
1904	  V	  1.7	  0.0	0.000	0.000	0.000
1905	  F	  1.7	  0.2	0.000	0.000	0.000
1906	  P	  0.4	  0.2	0.000	0.000	0.000
1907	  F	  0.6	  0.2	0.000	0.119	0.119
1908	  I	  0.9	  0.2	0.000	0.119	0.119
1909	  F	  1.4	  9.3	0.000	0.119	0.119
1910	  N	  0.8	  9.5	0.000	0.119	0.119
1911	  G	  0.5	  9.6	0.000	0.119	0.119
1912	  K	  0.4	  9.6	0.000	0.000	0.000
1913	  S	  6.6	  0.3	0.000	0.000	0.000
1914	  Y	  7.2	  0.2	0.000	0.000	0.000
1915	  E	  6.9	  0.1	0.000	0.000	0.000
1916	  E	  0.7	  0.1	0.000	0.000	0.000
1917	  C	  3.2	  0.1	0.369	0.000	0.000
1918	  I	  4.8	  0.0	0.369	0.000	0.000
1919	  I	  5.2	  0.1	0.496	0.000	0.000
1920	  E	  2.3	  0.1	0.758	0.000	0.000
1921	  S	  0.7	  0.1	2.084	0.000	0.000
1922	  R	  0.2	  0.1	2.084	0.000	0.000
1923	  A	  0.4	  0.1	1.859	0.000	0.000
1924	  K	  0.6	  0.0	1.859	0.000	0.000
1925	  L	  1.7	  0.0	1.588	0.147	0.147
1926	  W	  2.8	  0.0	1.447	0.147	0.147
1927	  C	  2.8	  0.1	0.709	0.147	0.147
1928	  S	  2.3	  0.1	0.212	0.147	0.147
1929	  T	  1.6	  0.2	0.000	0.147	0.147
1930	  T	  1.6	  0.6	0.000	0.147	0.147
1931	  A	  0.9	  0.5	0.000	0.000	0.000
1932	  D	  0.7	  1.3	0.000	0.000	0.000
1933	  Y	  0.8	  1.3	0.000	0.000	0.000
1934	  D	  0.8	  3.5	0.139	0.000	0.000
1935	  R	  0.4	  3.5	0.139	0.000	0.000
1936	  D	  0.1	  2.7	0.139	0.000	0.000
1937	  H	  0.6	  2.9	0.139	0.000	0.000
1938	  E	  0.6	  0.3	0.139	0.000	0.000
1939	  W	  0.6	  0.3	0.139	0.000	0.000
1940	  G	  0.2	  0.3	0.139	0.000	0.000
1941	  F	  2.6	  0.0	0.000	0.000	0.000
1942	  C	  3.8	  0.1	0.000	0.000	0.000
1943	  R	  3.9	  0.1	0.000	0.000	0.000
1944	  H	  1.5	  0.6	0.000	0.000	0.000
1945	  S	  0.3	  0.8	0.000	0.000	0.000
1946	  N	  1.1	  0.7	0.000	0.000	0.000
1947	  S	  7.7	  0.7	0.130	0.000	0.000
1948	  Y	  8.2	  0.3	0.130	0.000	0.000
1949	  R	  7.3	  0.1	0.130	0.000	0.000
1950	  T	  2.0	  0.2	0.130	0.133	0.133
1951	  S	  1.6	  0.2	0.130	0.353	0.353
1952	  S	  2.0	  0.1	0.130	0.353	0.353
1953	  I	  2.9	  0.1	0.000	0.353	0.353
1954	  I	  3.2	  0.0	0.000	0.353	0.353
1955	  F	  6.8	  0.0	0.000	0.353	0.353
1956	  K	  5.2	  0.0	0.000	0.000	0.000
1957	  C	  4.9	  0.1	0.000	0.000	0.000
1958	  D	  0.7	  3.4	0.000	0.000	0.000
1959	  E	  0.1	  3.3	0.000	0.000	0.000
1960	  D	  0.0	  4.8	0.279	0.000	0.000
1961	  E	  0.0	  4.7	0.279	0.000	0.000
1962	  D	  0.0	  1.9	0.279	0.000	0.000
1963	  I	  0.3	  1.9	0.279	0.000	0.000
1964	  G	  0.2	  0.5	0.279	0.000	0.000
1965	  R	  0.2	  0.6	0.279	0.000	0.000
1966	  P	  0.0	  0.2	0.000	0.000	0.000
1967	  Q	  1.1	  0.2	0.000	0.000	0.000
1968	  V	  5.8	  0.2	0.000	0.000	0.000
1969	  F	  6.4	  0.1	0.000	0.000	0.000
1970	  S	  5.4	  0.1	0.000	0.000	0.000
1971	  E	  2.4	  0.1	0.000	0.000	0.000
1972	  V	  2.5	  0.2	0.000	0.000	0.000
1973	  R	  2.4	  0.2	0.000	0.000	0.000
1974	  G	  0.8	  0.2	0.000	0.000	0.000
1975	  C	  1.3	  0.2	0.000	0.000	0.000
1976	  D	  2.2	  0.1	0.000	0.000	0.000
1977	  V	 10.3	  0.0	0.000	0.142	0.142
1978	  T	 18.9	  0.0	0.451	0.142	0.142
1979	  F	 20.9	  0.0	0.451	0.142	0.142
1980	  E	 14.9	  0.0	0.451	0.142	0.142
1981	  W	  5.2	  0.1	0.451	0.142	0.142
1982	  K	  2.8	  0.1	0.451	0.142	0.142
1983	  T	  2.5	  0.1	0.451	0.000	0.000
1984	  K	  4.3	  0.1	0.451	0.000	0.000
1985	  V	  7.5	  0.0	0.184	0.000	0.000
1986	  V	  5.8	  0.0	0.184	0.000	0.000
1987	  C	  3.9	  0.0	0.184	0.000	0.000
1988	  P	  0.0	  0.2	0.000	0.000	0.000
1989	  P	  0.0	  0.3	0.000	0.000	0.000
1990	  K	  0.1	  0.3	0.000	0.000	0.000
1991	  K	  1.7	  0.3	0.000	0.000	0.000
1992	  L	  2.9	  0.1	0.000	0.000	0.000
1993	  E	  4.0	  0.1	0.000	0.000	0.000
1994	  C	  2.6	  0.0	0.000	0.000	0.000
1995	  K	  1.9	  0.0	0.000	0.000	0.000
1996	  F	  2.2	  0.0	0.000	0.000	0.000
1997	  V	  2.7	  0.0	0.000	0.000	0.000
1998	  Q	  2.3	  0.1	0.000	0.000	0.000
1999	  K	  1.1	  0.1	0.000	0.000	0.000
2000	  H	  0.7	  0.2	0.000	0.000	0.000
2001	  K	  1.2	  0.2	0.000	0.000	0.000
2002	  T	  8.5	  0.2	0.000	0.000	0.000
2003	  Y	  9.3	  0.2	0.000	0.000	0.000
2004	  D	  9.0	  0.0	1.636	0.000	0.000
2005	  L	  3.0	  0.0	1.636	0.000	0.000
2006	  R	  2.2	  0.0	1.636	0.000	0.000
2007	  L	  2.3	  0.0	1.636	0.000	0.000
2008	  L	  1.2	  0.1	1.636	0.000	0.000
2009	  S	  0.9	  0.1	1.808	0.000	0.000
2010	  S	  1.9	  0.3	0.746	0.000	0.000
2011	  L	  1.7	  0.4	0.171	0.000	0.000
2012	  T	  1.7	  0.3	0.171	0.000	0.000
2013	  G	  0.3	  0.2	0.171	0.000	0.000
2014	  S	 15.6	  0.3	0.171	0.247	0.247
2015	  W	 17.0	  0.3	0.000	0.247	0.247
2016	  S	 17.3	  0.3	0.000	0.247	0.247
2017	  L	  3.2	  0.3	0.000	0.363	0.363
2018	  V	  2.5	  0.1	0.000	0.363	0.363
2019	  H	  2.3	  3.2	0.000	0.116	0.116
2020	  N	  1.4	  3.3	0.000	0.116	0.116
2021	  G	  0.1	  3.3	0.000	1.077	1.077
2022	  V	  4.0	  3.2	0.000	13.043	13.043
2023	  S	  5.1	  0.0	0.174	13.203	13.203
2024	  Y	  6.0	  0.0	0.174	14.500	14.500
2025	  Y	  3.4	  0.1	0.174	14.500	14.500
2026	  I	  6.4	  0.1	0.174	14.500	14.500
2027	  N	  5.6	  0.1	1.172	4.031	4.031
2028	  L	  4.5	  0.1	1.172	3.684	3.684
2029	  C	  1.8	  0.1	1.172	0.146	0.146
2030	  Q	  1.8	  0.1	1.172	0.000	0.000
2031	  K	  2.0	  0.1	0.998	0.000	0.000
2032	  I	  1.1	  0.1	0.998	0.000	0.000
2033	  Y	  1.2	  0.0	0.998	0.000	0.000
2034	  K	  0.8	  0.0	0.729	0.000	0.000
2035	  G	  0.4	  0.6	0.364	0.000	0.000
2036	  P	  0.0	  0.9	0.000	0.000	0.000
2037	  L	  0.1	  1.2	0.000	0.000	0.000
2038	  G	  0.2	  1.2	0.167	0.000	0.000
2039	  C	  0.5	  0.7	0.167	0.000	0.000
2040	  S	  0.5	  0.6	0.685	0.000	0.000
2041	  E	  0.5	  0.2	0.685	0.000	0.000
2042	  R	  0.4	  0.2	0.685	0.000	0.000
2043	  A	  0.7	  0.1	0.685	0.000	0.000
2044	  S	  1.1	  0.0	0.685	0.000	0.000
2045	  I	  1.9	  0.0	0.518	0.000	0.000
2046	  C	  2.6	  0.1	0.518	0.000	0.000
2047	  R	  2.4	  0.1	0.331	0.000	0.000
2048	  R	  1.7	  0.1	0.191	0.000	0.000
2049	  T	  2.4	  0.2	0.000	0.000	0.000
2050	  T	  2.2	  0.2	0.000	0.000	0.000
2051	  T	  1.9	  0.5	0.000	0.000	0.000
2052	  G	  0.1	  0.5	0.000	0.000	0.000
2053	  D	  0.7	  0.5	0.124	0.000	0.000
2054	  V	  5.2	  0.3	0.124	3.337	3.337
2055	  Q	  5.7	  0.0	0.124	3.598	3.598
2056	  V	  5.6	  0.0	0.124	22.014	22.014
2057	  L	  1.3	  0.0	0.124	22.014	22.014
2058	  G	  0.7	  0.0	0.124	22.014	22.014
2059	  L	  1.2	  0.0	0.124	22.014	22.014
2060	  V	  2.8	  0.0	0.000	21.753	21.753
2061	  H	  3.7	  0.0	0.000	0.135	0.135
2062	  T	  4.6	  0.1	0.000	0.000	0.000
2063	  Q	  3.3	  0.2	0.000	0.000	0.000
2064	  K	  2.4	  0.2	0.000	0.000	0.000
2065	  L	  0.5	  0.1	0.000	0.574	0.574
2066	  G	  0.3	  0.1	0.000	0.574	0.574
2067	  V	  1.2	  0.0	0.000	1.985	1.985
2068	  I	  1.1	  1.1	0.000	2.033	2.033
2069	  G	  1.1	  1.1	0.000	2.033	2.033
2070	  D	  0.1	  1.1	0.000	1.747	1.747
2071	  K	  1.3	  1.1	0.000	1.747	1.747
2072	  V	  9.6	  0.0	0.000	70.207	70.207
2073	  V	 11.3	  0.0	0.000	70.293	70.293
2074	  V	 16.8	  0.0	0.000	70.245	70.245
2075	  T	 34.2	  0.0	0.164	69.486	69.486
2076	  Y	 33.6	  0.1	0.164	69.092	69.092
2077	  S	 28.0	  0.4	0.164	7.692	7.692
2078	  K	  2.2	  0.4	0.164	0.000	0.000
2079	  G	  0.1	  0.4	0.164	0.000	0.000
2080	  Y	  0.1	  0.7	0.164	0.000	0.000
2081	  P	  0.0	  0.4	0.000	0.000	0.000
2082	  C	  0.1	  0.8	0.000	0.000	0.000
2083	  G	  0.1	  1.4	0.000	0.000	0.000
2084	  G	  0.1	  1.1	0.154	0.000	0.000
2085	  N	  0.1	  1.3	0.154	0.000	0.000
2086	  K	  0.4	  0.8	0.154	0.000	0.000
2087	  T	  3.3	  0.4	0.154	0.169	0.169
2088	  A	  3.3	  0.4	0.154	0.454	0.454
2089	  S	  3.1	  0.3	0.154	0.454	0.454
2090	  S	  1.4	  0.3	0.000	0.454	0.454
2091	  V	  4.2	  0.1	0.000	0.454	0.454
2092	  I	  6.6	  0.0	0.000	0.454	0.454
2093	  E	  6.0	  0.0	0.000	0.000	0.000
2094	  L	  7.4	  0.0	0.000	0.000	0.000
2095	  T	 10.9	  0.0	0.000	0.000	0.000
2096	  C	 13.6	  0.0	0.000	0.000	0.000
2097	  T	 10.8	  0.1	0.000	0.000	0.000
2098	  K	  5.7	  0.1	0.000	0.000	0.000
2099	  T	  2.7	  0.2	0.000	0.000	0.000
2100	  V	  1.5	  0.2	0.000	0.000	0.000
2101	  G	  0.7	  0.2	0.000	0.000	0.000
2102	  R	  0.2	  0.2	0.000	0.000	0.000
2103	  P	  0.0	  0.0	0.000	0.000	0.000
2104	  A	  0.3	  0.0	0.000	0.000	0.000
2105	  F	  1.2	  0.1	0.000	0.000	0.000
2106	  K	  1.4	  0.1	0.000	0.000	0.000
2107	  R	  4.9	  0.1	0.000	0.000	0.000
2108	  F	  7.0	  0.1	0.000	0.000	0.000
2109	  D	  7.4	  0.5	0.000	0.000	0.000
2110	  I	  4.5	  0.6	0.000	0.000	0.000
2111	  D	  1.6	  0.6	0.742	0.000	0.000
2112	  S	  7.9	  0.6	0.742	0.000	0.000
2113	  C	  9.7	  0.1	0.742	0.616	0.616
2114	  T	 15.0	  0.1	0.742	4.443	4.443
2115	  Y	  9.3	  0.0	0.742	10.584	10.584
2116	  Y	  8.5	  0.0	0.742	10.584	10.584
2117	  F	  8.0	  0.0	0.107	10.584	10.584
2118	  S	 11.5	  0.4	0.000	10.248	10.248
2119	  W	 10.1	  0.5	0.000	10.052	10.052
2120	  D	  5.6	  0.6	1.108	0.000	0.000
2121	  S	  0.7	  0.7	1.650	0.000	0.000
2122	  R	  0.2	  0.3	1.650	0.000	0.000
2123	  A	  0.1	  0.2	1.650	0.000	0.000
2124	  A	  0.2	  0.0	1.650	0.000	0.000
2125	  C	  1.3	  0.0	1.650	0.000	0.000
2126	  A	  2.8	  0.0	1.217	0.000	0.000
2127	  V	  3.4	  0.0	0.807	0.000	0.000
2128	  K	  2.2	  0.1	0.807	0.000	0.000
2129	  P	  0.6	  0.2	0.000	0.000	0.000
2130	  Q	  0.3	  0.2	0.000	0.000	0.000
2131	  E	  3.0	  0.2	0.000	0.000	0.000
2132	  V	  7.8	  0.0	0.000	0.000	0.000
2133	  Q	  8.4	  0.0	0.000	0.000	0.000
2134	  M	  6.4	  0.1	0.000	0.000	0.000
2135	  V	  1.9	  2.0	0.000	0.000	0.000
2136	  N	  1.0	  2.1	0.000	0.000	0.000
2137	  G	  0.3	  2.1	0.000	0.000	0.000
2138	  T	 12.0	  1.9	0.000	0.000	0.000
2139	  I	 12.8	  0.0	0.000	0.000	0.000
2140	  T	 12.8	  0.0	0.000	0.000	0.000
2141	  N	  0.9	  0.0	0.134	0.000	0.000
2142	  P	  0.0	  0.1	0.134	0.000	0.000
2143	  I	  0.8	  7.4	0.134	0.000	0.000
2144	  N	  0.8	  7.5	0.134	0.000	0.000
2145	  G	  0.8	  7.6	0.134	0.000	0.000
2146	  K	  0.3	  7.5	0.134	0.000	0.000
2147	  S	 18.6	  0.3	0.000	0.000	0.000
2148	  F	 20.8	  0.3	0.000	0.248	0.248
2149	  S	 20.6	  0.3	6.642	0.248	0.248
2150	  L	  3.0	  0.5	6.642	0.737	0.737
2151	  G	  0.1	  0.5	6.913	0.737	0.737
2152	  D	  1.1	  0.4	8.076	1.734	1.734
2153	  I	  2.1	  0.2	8.076	1.734	1.734
2154	  Y	  3.2	  0.0	8.076	1.734	1.734
2155	  F	  3.4	  0.0	8.076	1.734	1.734
2156	  K	  2.6	  0.0	6.877	1.734	1.734
2157	  L	  1.6	  0.0	6.452	1.734	1.734
2158	  F	  2.0	  0.1	6.210	1.734	1.734
2159	  R	  1.9	  0.4	5.163	0.000	0.000
2160	  A	  1.9	  0.6	1.334	0.000	0.000
2161	  S	  0.3	  3.5	0.631	0.000	0.000
2162	  G	  0.1	  3.5	0.098	0.000	0.000
2163	  D	  0.4	  3.1	0.310	0.000	0.000
2164	  M	  0.6	  3.0	0.310	0.000	0.000
2165	  R	  1.1	  0.2	0.310	0.000	0.000
2166	  T	  0.7	  0.5	0.310	0.000	0.000
2167	  N	  0.5	  2.3	0.310	0.000	0.000
2168	  G	  0.0	  2.4	0.310	0.000	0.000
2169	  D	  0.1	  2.3	0.000	0.000	0.000
2170	  N	  0.1	  2.0	0.000	0.000	0.000
2171	  Y	  0.8	  0.2	0.000	0.000	0.000
2172	  L	  0.9	  0.0	0.000	0.000	0.000
2173	  Y	  6.3	  0.0	0.000	0.000	0.000
2174	  E	  6.3	  0.0	0.000	0.000	0.000
2175	  I	  7.6	  0.0	0.000	0.000	0.000
2176	  Q	  2.9	  0.0	0.000	0.000	0.000
2177	  L	  2.4	  0.1	0.000	0.000	0.000
2178	  S	  1.2	  0.1	0.220	0.000	0.000
2179	  S	  3.5	  0.1	0.220	0.000	0.000
2180	  I	  5.7	  0.1	0.220	0.000	0.000
2181	  T	  6.9	  0.1	0.220	0.000	0.000
2182	  S	  4.2	  0.2	0.220	0.000	0.000
2183	  S	  2.2	  0.2	0.220	0.000	0.000
2184	  R	  0.9	  0.2	0.000	0.000	0.000
2185	  N	  0.5	  0.4	0.000	0.000	0.000
2186	  P	  0.0	  0.3	0.000	0.000	0.000
2187	  A	  0.2	  0.3	0.000	0.000	0.000
2188	  C	  0.5	  0.8	0.000	0.000	0.000
2189	  S	  0.5	  1.0	0.000	0.000	0.000
2190	  G	  0.4	  1.3	0.000	0.000	0.000
2191	  A	  0.2	  1.3	0.000	0.000	0.000
2192	  N	  0.9	  0.9	0.000	0.000	0.000
2193	  I	  1.6	  0.3	0.000	0.000	0.000
2194	  C	  2.6	  0.0	0.000	0.000	0.000
2195	  Q	  4.0	  0.0	0.000	0.000	0.000
2196	  V	  3.9	  0.0	0.000	0.000	0.000
2197	  K	  2.8	  0.8	0.000	0.000	0.000
2198	  P	  0.6	  0.9	0.000	0.000	0.000
2199	  N	  0.0	  1.0	0.000	0.000	0.000
2200	  D	  0.1	  1.0	0.000	0.000	0.000
2201	  Q	  1.6	  0.2	0.000	0.000	0.000
2202	  H	  5.3	  0.2	0.000	0.000	0.000
2203	  F	  6.9	  0.1	0.000	0.000	0.000
2204	  S	  5.5	  0.1	0.000	0.000	0.000
2205	  R	  2.4	  0.1	0.000	0.000	0.000
2206	  K	  1.1	  0.1	0.000	0.000	0.000
2207	  V	  1.1	  0.3	0.000	0.000	0.000
2208	  G	  0.5	  0.3	0.000	0.000	0.000
2209	  T	  0.2	  0.6	0.000	0.000	0.000
2210	  S	  0.1	  0.7	2.896	0.000	0.000
2211	  D	  0.1	  0.6	3.016	0.000	0.000
2212	  K	  0.8	  0.6	3.016	0.000	0.000
2213	  T	  2.1	  0.3	3.016	0.000	0.000
2214	  K	  2.4	  0.2	3.016	0.000	0.000
2215	  Y	  2.7	  0.0	3.016	0.000	0.000
2216	  Y	  2.2	  0.0	1.244	0.000	0.000
2217	  L	  2.0	  0.5	0.509	0.000	0.000
2218	  Q	  1.0	  0.7	0.346	0.000	0.000
2219	  D	  0.2	  1.1	0.000	0.000	0.000
2220	  G	  0.0	  1.2	0.000	0.000	0.000
2221	  D	  0.1	  1.2	0.000	0.000	0.000
2222	  L	  2.2	  1.0	0.000	0.000	0.000
2223	  D	  3.3	  0.6	0.206	0.000	0.000
2224	  V	  6.8	  0.5	0.206	7.511	7.511
2225	  V	  6.7	  0.0	0.206	7.802	7.802
2226	  F	  6.3	  0.2	0.206	7.802	7.802
2227	  A	  2.9	  0.3	0.206	7.802	7.802
2228	  S	  1.8	  1.1	0.206	7.802	7.802
2229	  S	  1.2	  1.2	0.000	4.102	4.102
2230	  S	  1.6	  1.3	0.000	0.393	0.393
2231	  K	  1.1	  1.5	0.000	0.000	0.000
2232	  C	  1.2	  0.8	0.000	0.000	0.000
2233	  G	  0.6	  1.0	0.000	0.000	0.000
2234	  K	  0.3	  0.9	0.000	0.000	0.000
2235	  D	  0.1	  0.7	0.000	0.000	0.000
2236	  K	  0.7	  0.6	0.000	0.000	0.000
2237	  T	  3.8	  0.3	0.000	0.000	0.000
2238	  K	  4.2	  0.3	0.000	0.000	0.000
2239	  S	 13.8	  0.2	0.000	0.636	0.636
2240	  V	 11.9	  0.3	0.000	6.223	6.223
2241	  S	 11.7	  0.2	0.000	6.970	6.970
2242	  S	  2.0	  0.2	0.000	12.990	12.990
2243	  T	  3.0	  0.1	0.000	13.956	13.956
2244	  I	  3.7	  0.1	0.000	15.360	15.360
2245	  F	  4.5	  0.0	0.000	15.360	15.360
2246	  F	  7.1	  0.0	0.000	15.078	15.078
2247	  H	  7.4	  0.0	0.000	3.812	3.812
2248	  C	  6.3	  0.0	0.000	3.503	3.503
2249	  D	  1.5	  0.2	0.000	0.000	0.000
2250	  P	  0.1	  0.2	0.000	0.000	0.000
2251	  L	  0.2	  0.2	0.000	0.000	0.000
2252	  V	  1.1	  0.6	0.000	0.000	0.000
2253	  E	  1.1	  0.8	0.000	0.000	0.000
2254	  D	  1.0	  0.8	0.000	0.000	0.000
2255	  G	  0.0	  0.8	0.000	0.000	0.000
2256	  I	  0.0	  0.6	0.000	0.000	0.000
2257	  P	  0.0	  0.3	0.000	0.000	0.000
2258	  E	  1.5	  0.3	0.000	0.000	0.000
2259	  F	  3.7	  0.3	0.000	0.000	0.000
2260	  S	  4.4	  0.1	0.167	0.000	0.000
2261	  H	  3.1	  0.3	0.167	0.000	0.000
2262	  E	  0.9	  0.3	0.167	0.000	0.000
2263	  T	  0.4	  0.8	0.281	0.000	0.000
2264	  A	  0.3	  0.9	0.281	0.000	0.000
2265	  D	  0.6	  0.7	0.791	0.000	0.000
2266	  C	  1.4	  0.6	0.623	0.174	0.174
2267	  Q	  2.4	  0.0	0.623	1.048	1.048
2268	  Y	  2.8	  0.0	0.623	65.472	65.472
2269	  L	  2.3	  0.0	0.510	74.498	74.498
2270	  F	  6.6	  0.0	0.510	75.465	75.465
2271	  S	  6.6	  0.0	0.546	75.503	75.503
2272	  W	  6.7	  0.0	0.409	75.814	75.814
2273	  Y	  4.4	  0.0	0.409	72.322	72.322
2274	  T	  4.0	  0.1	0.173	42.808	42.808
2275	  S	  3.7	  0.1	0.173	24.842	24.842
2276	  A	  1.0	  0.1	0.173	22.646	22.646
2277	  V	  0.7	  0.0	0.173	20.926	20.926
2278	  C	  0.4	  0.9	0.173	0.000	0.000
2279	  P	  0.1	  0.9	0.000	0.000	0.000
2280	  L	  0.1	  0.9	0.000	0.135	0.135
2281	  G	  0.1	  1.1	0.000	0.135	0.135
2282	  V	  0.2	  0.2	0.000	0.135	0.135
2283	  G	  0.3	  0.2	0.000	0.135	0.135
2284	  F	  1.2	  0.3	0.000	0.135	0.135
2285	  D	  1.1	  0.3	0.000	0.000	0.000
2286	  S	  1.1	  0.3	0.000	0.000	0.000
2287	  E	  0.2	  0.3	0.000	0.000	0.000
2288	  N	  0.1	  3.4	0.000	0.000	0.000
2289	  P	  0.0	  4.0	0.000	0.000	0.000
2290	  G	  0.0	  4.8	0.000	0.000	0.000
2291	  D	  0.0	  5.9	0.125	0.000	0.000
2292	  D	  0.0	  2.8	0.297	0.000	0.000
2293	  G	  0.0	  1.9	0.546	0.000	0.000
2294	  Q	  0.7	  1.1	0.546	0.000	0.000
2295	  M	  1.0	  0.1	0.546	0.000	0.000
2296	  H	  1.1	  0.5	0.546	0.000	0.000
2297	  K	  0.4	  0.5	0.546	0.000	0.000
2298	  G	  0.1	  0.5	0.546	0.000	0.000
2299	  L	  0.1	  0.5	0.000	0.000	0.000
2300	  S	  0.2	  0.2	0.000	0.000	0.000
2301	  E	  0.4	  0.2	0.000	0.000	0.000
2302	  R	  0.8	  0.3	0.000	0.000	0.000
2303	  S	  0.8	  0.2	0.140	0.018	0.018
2304	  Q	  0.7	  0.1	0.140	0.045	0.045
2305	  A	  0.5	  0.1	0.457	1.980	1.980
2306	  V	  0.5	  0.1	0.457	4.737	4.737
2307	  G	  0.2	  0.1	2.115	5.189	5.189
2308	  A	  0.9	  0.1	2.454	23.281	23.281
2309	  V	  3.5	  0.1	2.889	76.482	76.482
2310	  L	  5.1	  0.0	2.945	84.309	84.309
2311	  S	  4.5	  0.0	5.262	85.743	85.743
2312	  L	  2.6	  0.0	5.378	97.294	97.294
2313	  L	  1.7	  0.0	5.730	99.404	99.404
2314	  L	  2.0	  0.0	5.730	99.776	99.776
2315	  V	  3.3	  0.0	6.047	99.784	99.784
2316	  A	  2.6	  0.0	7.284	99.058	99.058
2317	  L	  4.6	  0.0	7.641	98.426	98.426
2318	  T	  8.3	  0.0	19.710	95.164	95.164
2319	  C	 12.8	  0.0	22.690	93.360	93.360
2320	  C	 11.1	  0.0	38.403	92.993	92.993
2321	  L	  5.5	  0.0	39.815	92.985	92.985
2322	  L	  0.9	  0.0	40.227	92.560	92.560
2323	  A	  0.4	  0.0	40.267	90.189	90.189
2324	  L	  0.8	  0.0	40.192	88.580	88.580
2325	  L	  0.9	  0.0	39.991	82.357	82.357
2326	  L	  0.9	  0.0	39.701	49.885	49.885
2327	  Y	  0.7	  0.0	37.723	9.962	9.962
2328	  K	  0.5	  0.0	21.801	0.024	0.024
2329	  K	  0.5	  0.1	9.313	0.000	0.000
2330	  E	  0.3	  0.1	3.507	0.000	0.000
2331	  R	  0.3	  0.1	1.762	0.000	0.000
2332	  R	  0.2	  0.1	0.814	0.000	0.000
2333	  E	  0.2	  0.1	0.150	0.000	0.000
2334	  T	  3.5	  0.1	0.180	0.000	0.000
2335	  V	  7.8	  0.1	0.180	0.000	0.000
2336	  I	  8.4	  0.0	0.180	0.000	0.000
2337	  S	  5.1	  0.1	0.299	0.000	0.000
2338	  K	  2.3	  0.1	0.299	0.000	0.000
2339	  L	  1.9	  0.1	0.299	0.000	0.000
2340	  T	  3.7	  0.1	0.234	0.000	0.000
2341	  T	 12.3	  0.0	0.355	0.000	0.000
2342	  C	 20.0	  0.0	0.355	0.000	0.000
2343	  C	 19.1	  0.1	0.236	0.000	0.000
2344	  R	  9.5	  0.1	0.236	0.000	0.000
2345	  R	  1.5	  0.2	0.236	0.000	0.000
2346	  S	  0.5	  1.4	0.121	0.000	0.000
2347	  S	  0.3	  1.3	0.000	0.000	0.000
2348	  N	  1.6	  1.3	0.000	0.000	0.000
2349	  V	  5.6	  1.2	0.000	0.000	0.000
2350	  S	  7.1	  0.0	0.000	0.000	0.000
2351	  Y	  7.0	  0.0	0.000	0.000	0.000
2352	  K	  3.5	  0.0	0.000	0.000	0.000
2353	  Y	  4.2	  0.1	0.000	0.000	0.000
2354	  S	  3.2	  0.1	0.000	0.000	0.000
2355	  K	  4.3	  0.1	0.000	0.000	0.000
2356	  V	  2.6	  0.1	0.000	0.000	0.000
2357	  N	  2.3	  0.1	0.000	0.000	0.000
2358	  K	  0.6	  0.2	0.000	0.000	0.000
2359	  E	  0.3	  0.2	0.000	0.000	0.000
2360	  E	  0.2	  0.3	0.000	0.000	0.000
2361	  E	  0.1	  0.2	0.000	0.000	0.000
2362	  T	  0.2	  0.2	0.000	0.000	0.000
2363	  D	  0.1	  3.2	0.000	0.000	0.000
2364	  E	  0.0	  3.1	0.000	0.000	0.000
2365	  N	  0.0	  3.2	0.000	0.000	0.000
2366	  E	  0.0	  3.2	0.000	0.000	0.000
2367	  T	  0.2	  0.2	0.000	0.000	0.000
2368	  E	  0.3	  0.2	0.000	0.000	0.000
2369	  W	  0.8	  0.0	0.151	0.000	0.000
2370	  L	  0.6	  0.0	0.151	0.000	0.000
2371	  M	  0.6	  0.0	0.151	0.000	0.000
2372	  E	  0.1	  0.0	0.151	0.000	0.000
2373	  E	  0.8	  0.0	0.151	0.000	0.000
2374	  I	  3.9	  0.0	0.151	0.000	0.000
2375	  Q	  3.9	  0.0	0.151	0.000	0.000
2376	  L	  3.2	  0.0	0.000	0.000	0.000
2377	  P	  0.0	  0.0	0.000	0.000	0.000
2378	  P	  0.0	  0.2	0.000	0.000	0.000
2379	  P	  0.0	  0.4	0.000	0.000	0.000
2380	  R	  0.1	  0.8	0.000	0.000	0.000
2381	  Q	  0.1	  0.8	0.000	0.000	0.000
2382	  G	  0.1	  0.9	0.000	0.000	0.000
2383	  K	  0.0	  1.2	0.000	0.000	0.000
2384	  E	  0.0	  0.9	0.000	0.000	0.000
2385	  G	  0.0	  0.9	0.000	0.000	0.000
2386	  Q	  0.0	  1.2	0.000	0.000	0.000
2387	  E	  0.0	  3.2	0.000	0.000	0.000
2388	  N	  0.0	  3.2	0.000	0.000	0.000
2389	  G	  0.1	  3.1	0.000	0.000	0.000
2390	  H	  6.5	  2.5	0.000	0.000	0.000
2391	  I	  9.8	  0.0	0.000	0.000	0.000
2392	  T	 12.2	  0.0	0.000	0.000	0.000
2393	  T	  8.9	  0.1	0.000	0.000	0.000
2394	  K	  6.0	  0.1	0.000	0.000	0.000
2395	  S	  5.1	  0.1	0.169	0.000	0.000
2396	  V	  4.2	  0.1	0.169	0.000	0.000
2397	  K	  3.8	  0.0	0.169	0.000	0.000
2398	  A	  2.5	  0.0	0.169	0.000	0.000
2399	  L	  0.7	  0.1	0.169	0.000	0.000
2400	  S	  0.7	  0.2	0.169	0.000	0.000
2401	  S	  1.1	  0.3	0.000	0.000	0.000
2402	  L	  0.9	  0.4	0.000	0.000	0.000
2403	  H	  0.8	  2.2	0.000	0.000	0.000
2404	  G	  0.2	  2.4	0.000	0.000	0.000
2405	  D	  0.0	  2.4	0.000	0.000	0.000
2406	  D	  0.1	  4.6	0.000	0.000	0.000
2407	  Q	  0.2	  2.8	0.000	0.000	0.000
2408	  D	  0.2	  2.8	0.000	0.000	0.000
2409	  S	  0.2	  4.4	0.000	0.000	0.000
2410	  E	  0.1	  2.0	0.000	0.000	0.000
2411	  D	  0.1	  1.9	0.000	0.000	0.000
2412	  E	  0.5	  1.7	0.000	0.000	0.000
2413	  V	  2.2	  0.0	0.000	0.000	0.000
2414	  L	  7.7	  0.0	0.000	0.000	0.000
2415	  T	  7.7	  0.0	0.000	0.000	0.000
2416	  I	  6.1	  0.0	0.000	0.000	0.000
2417	  P	  0.4	  0.0	0.000	0.000	0.000
2418	  E	 13.0	  0.0	0.000	0.000	0.000
2419	  V	 26.5	  0.0	0.000	0.000	0.000
2420	  K	 27.9	  0.0	0.000	0.000	0.000
2421	  V	 17.4	  0.0	0.000	0.000	0.000
2422	  H	  2.8	  0.5	0.000	0.000	0.000
2423	  S	  0.9	  1.1	0.000	0.000	0.000
2424	  G	  0.1	  1.4	0.000	0.000	0.000
2425	  R	  0.1	  1.4	0.000	0.000	0.000
2426	  G	  0.0	  1.5	0.000	0.000	0.000
2427	  A	  0.0	  0.9	0.000	0.000	0.000
2428	  G	  0.0	  0.7	0.000	0.000	0.000
2429	  A	  0.0	  0.7	0.000	0.000	0.000
2430	  E	  0.1	  0.3	0.000	0.000	0.000
2431	  S	  0.5	  0.2	0.000	0.000	0.000
2432	  S	  0.5	  0.2	0.000	0.000	0.000
2433	  H	  0.5	  0.1	0.000	0.000	0.000
2434	  P	  0.1	  0.0	0.000	0.000	0.000
2435	  V	  1.0	  0.1	0.000	0.000	0.000
2436	  R	  1.1	  0.1	0.000	0.000	0.000
2437	  N	  1.1	  0.3	0.000	0.000	0.000
2438	  A	  0.2	  0.4	0.000	0.000	0.000
2439	  Q	  0.2	  0.5	0.000	0.000	0.000
2440	  S	  0.1	  0.5	0.000	0.000	0.000
2441	  N	  0.0	  0.3	0.000	0.000	0.000
2442	  A	  0.2	  0.2	0.000	0.000	0.000
2443	  L	  0.3	  0.0	0.000	0.000	0.000
2444	  Q	  0.3	  0.1	0.000	0.000	0.000
2445	  E	  0.2	  0.1	0.000	0.000	0.000
2446	  R	  0.2	  0.8	0.216	0.000	0.000
2447	  E	  0.2	  0.9	0.216	0.000	0.000
2448	  D	  0.1	  0.9	0.520	0.000	0.000
2449	  D	  0.1	  0.9	0.520	0.000	0.000
2450	  R	  0.4	  0.2	0.520	0.000	0.000
2451	  V	  0.7	  0.1	0.520	0.000	0.000
2452	  G	  0.7	  0.0	0.520	0.000	0.000
2453	  L	  0.5	  0.0	0.304	0.000	0.000
2454	  V	  1.0	  0.1	0.676	0.000	0.000
2455	  R	  1.1	  0.1	0.676	0.000	0.000
2456	  G	  0.8	  0.2	1.594	0.000	0.000
2457	  E	  0.1	  0.2	1.608	0.000	0.000
2458	  K	  0.3	  0.1	1.428	0.000	0.000
2459	  A	  0.4	  0.2	1.428	0.000	0.000
2460	  R	  0.3	  1.0	1.428	0.000	0.000
2461	  K	  0.2	  1.1	1.285	0.000	0.000
2462	  G	  0.1	  1.3	0.519	0.000	0.000
2463	  K	  0.2	  1.3	0.146	0.000	0.000
2464	  S	  1.1	  1.3	0.000	0.000	0.000
2465	  S	  1.2	  1.2	0.000	0.000	0.000
2466	  S	  1.3	  1.0	0.000	0.000	0.000
2467	  A	  0.5	  1.0	0.000	0.000	0.000
2468	  Q	  0.6	  0.1	0.000	0.000	0.000
2469	  Q	  0.5	  0.1	0.000	0.000	0.000
2470	  K	  1.2	  0.1	0.000	0.000	0.000
2471	  T	 18.9	  0.1	0.000	0.000	0.000
2472	  V	 19.9	  0.1	0.000	0.000	0.000
2473	  S	 19.4	  0.1	0.000	0.000	0.000
2474	  S	  2.0	  0.2	0.000	0.000	0.000
2475	  T	  1.3	  0.2	0.000	0.000	0.000
2476	  K	  1.5	  0.1	0.000	0.000	0.000
2477	  L	  2.0	  0.0	0.000	0.000	0.000
2478	  V	  5.5	  0.0	0.000	0.000	0.000
2479	  S	  7.2	  0.0	0.000	0.000	0.000
2480	  F	  7.1	  0.1	0.000	0.000	0.000
2481	  H	  3.0	  0.4	0.000	0.000	0.000
2482	  D	  0.8	  1.6	0.000	0.000	0.000
2483	  D	  0.1	  4.5	0.000	0.000	0.000
2484	  S	  0.0	  4.5	0.000	0.000	0.000
2485	  D	  0.0	  6.0	0.000	0.000	0.000
2486	  E	  0.0	  4.8	0.000	0.000	0.000
2487	  D	  0.0	  1.9	0.000	0.000	0.000
2488	  L	  0.5	  1.8	0.000	0.000	0.000
2489	  L	  2.0	  0.0	0.000	0.000	0.000
2490	  H	  2.0	  0.0	0.000	0.000	0.000
2491	  I	  1.5	  0.0	0.000	0.000	0.000
