res	aa	Beta	Turn	Helix	Aggregation	Conc-Stab_Aggregation
01	  M	  0.2	  0.1	0.000	0.000	0.000
02	  S	  0.3	  0.1	5.107	0.000	0.000
03	  Q	  0.6	  0.1	5.107	0.000	0.000
04	  A	  0.4	  0.1	5.107	0.000	0.000
05	  E	  1.2	  0.0	5.107	0.000	0.000
06	  F	  3.0	  0.1	5.107	0.000	0.000
07	  E	  2.9	  0.1	5.446	0.000	0.000
08	  K	  2.3	  0.1	4.902	0.000	0.000
09	  A	  0.3	  0.1	3.802	0.000	0.000
10	  A	  0.2	  0.1	3.403	0.000	0.000
11	  E	  0.0	  0.1	3.157	0.000	0.000
12	  E	  1.8	  0.1	2.919	0.000	0.000
13	  V	  4.1	  0.1	2.167	0.000	0.000
14	  R	  4.5	  0.0	2.167	0.000	0.000
15	  H	  3.4	  0.0	1.740	0.000	0.000
16	  L	  1.3	  0.1	1.398	0.000	0.000
17	  K	  2.2	  0.1	1.110	0.000	0.000
18	  T	  1.8	  0.1	0.131	0.000	0.000
19	  K	  1.7	  0.5	0.131	0.000	0.000
20	  P	  0.2	  0.7	0.000	0.000	0.000
21	  S	  0.0	  0.8	0.131	0.000	0.000
22	  D	  0.0	  0.9	0.553	0.000	0.000
23	  E	  0.0	  0.4	0.553	0.000	0.000
24	  E	  0.1	  0.1	0.553	0.000	0.000
25	  M	  0.7	  0.1	0.553	21.657	21.657
26	  L	  1.4	  0.0	0.553	31.310	31.310
27	  F	  2.1	  0.0	0.553	31.439	31.439
28	  I	  2.4	  0.0	0.377	31.439	31.439
29	  Y	  1.9	  0.4	0.377	31.439	31.439
30	  G	  1.2	  0.4	0.377	13.794	13.794
31	  H	  2.2	  0.4	0.377	8.404	8.404
32	  Y	  2.8	  0.4	0.000	7.605	7.605
33	  K	  2.9	  0.1	0.000	0.000	0.000
34	  Q	  1.1	  0.1	0.000	0.000	0.000
35	  A	  1.1	  0.1	0.000	0.000	0.000
36	  T	  1.5	  0.1	0.000	0.000	0.000
37	  V	  1.3	  0.7	0.000	0.000	0.000
38	  G	  0.6	  0.7	0.000	0.000	0.000
39	  D	  1.0	  1.1	0.254	0.000	0.000
40	  I	  3.1	  1.0	0.254	0.000	0.000
41	  N	  3.3	  0.5	0.254	0.000	0.000
42	  T	  2.7	  0.5	0.254	0.000	0.000
43	  E	  0.6	  0.0	0.254	0.000	0.000
44	  R	  0.4	  1.5	0.254	0.000	0.000
45	  P	  0.0	  1.5	0.000	0.000	0.000
46	  G	  0.0	  1.5	0.000	0.000	0.000
47	  M	  0.5	  1.7	0.000	0.000	0.000
48	  L	  1.7	  0.3	0.000	0.000	0.000
49	  D	  2.6	  0.3	0.000	0.000	0.000
50	  F	  3.6	  0.4	0.000	0.000	0.000
51	  T	  2.5	  0.3	0.303	0.000	0.000
52	  G	  1.7	  0.3	0.474	0.000	0.000
53	  K	  0.5	  0.3	0.474	0.000	0.000
54	  A	  0.5	  0.1	0.474	0.000	0.000
55	  K	  0.9	  0.2	0.474	0.000	0.000
56	  W	  1.2	  0.1	0.474	0.000	0.000
57	  D	  1.1	  0.3	0.496	0.000	0.000
58	  A	  0.8	  0.3	0.496	0.000	0.000
59	  W	  0.5	  0.2	0.496	0.000	0.000
60	  N	  0.4	  0.3	0.496	0.000	0.000
61	  E	  1.5	  0.1	0.147	0.000	0.000
62	  L	  1.4	  0.4	0.147	0.000	0.000
63	  K	  1.4	  0.5	0.147	0.000	0.000
64	  G	  0.1	  0.4	0.000	0.000	0.000
65	  T	  1.2	  0.4	0.584	0.000	0.000
66	  S	  1.6	  0.3	4.271	0.000	0.000
67	  K	  1.7	  0.7	4.770	0.000	0.000
68	  E	  0.5	  0.6	5.136	0.000	0.000
69	  D	  0.1	  0.6	12.614	0.000	0.000
70	  A	  0.2	  0.5	12.717	0.000	0.000
71	  M	  0.6	  0.1	12.717	0.000	0.000
72	  K	  0.7	  0.1	12.382	0.000	0.000
73	  A	  0.7	  0.1	12.002	0.000	0.000
74	  Y	  1.5	  0.1	11.822	0.000	0.000
75	  I	  1.7	  0.0	6.329	0.000	0.000
76	  N	  1.5	  0.0	10.046	0.000	0.000
77	  K	  6.5	  0.0	9.618	0.000	0.000
78	  V	  6.6	  0.0	9.063	0.000	0.000
79	  E	  6.5	  0.0	11.021	0.000	0.000
80	  E	  1.6	  0.0	12.207	0.000	0.000
81	  L	  1.2	  0.1	12.207	0.000	0.000
82	  K	  1.2	  0.1	11.981	0.000	0.000
83	  K	  0.2	  0.1	11.211	0.000	0.000
84	  K	  0.3	  0.1	9.621	0.000	0.000
85	  Y	  0.5	  0.0	7.069	0.000	0.000
86	  G	  0.4	  0.0	5.169	0.000	0.000
87	  I	  0.2	  0.0	0.000	0.000	0.000
