res	aa	Beta	Turn	Helix	Aggregation	Conc-Stab_Aggregation
01	  M	  0.1	  0.0	0.000	0.000	0.000
02	  K	  0.5	  0.0	0.000	0.000	0.000
03	  K	  0.6	  0.0	0.000	0.000	0.000
04	  T	  0.5	  0.0	0.000	0.000	0.000
05	  P	  0.1	  0.0	0.000	0.000	0.000
06	  V	  2.9	  0.0	0.000	0.000	0.000
07	  F	  3.5	  0.0	0.191	0.000	0.000
08	  L	  3.6	  0.1	0.191	0.000	0.000
09	  E	  0.7	  0.1	0.191	0.000	0.000
10	  S	  0.4	  0.1	19.399	0.145	0.145
11	  L	  0.6	  0.1	19.606	1.523	1.523
12	  V	  2.0	  0.0	19.731	1.523	1.523
13	  T	  1.9	  0.0	21.513	1.523	1.523
14	  N	  1.6	  0.0	23.481	1.523	1.523
15	  M	  0.3	  0.0	23.728	1.523	1.523
16	  L	  1.3	  0.0	23.666	1.310	1.310
17	  R	  1.8	  0.0	23.676	0.000	0.000
18	  L	  2.0	  0.0	23.006	0.000	0.000
19	  R	  1.0	  0.0	19.532	0.000	0.000
20	  A	  0.7	  0.0	16.259	0.000	0.000
21	  I	  0.5	  0.0	14.288	0.000	0.000
22	  C	  0.2	  0.1	14.159	0.000	0.000
23	  P	  0.1	  0.1	0.000	0.000	0.000
24	  F	  4.4	  0.1	0.000	0.000	0.000
25	  S	  8.5	  0.1	0.594	0.000	0.000
26	  W	 10.5	  0.0	0.594	0.000	0.000
27	  R	  8.6	  0.0	0.594	0.000	0.000
28	  V	  8.1	  0.0	0.594	0.000	0.000
29	  F	 11.2	  0.0	0.594	0.000	0.000
30	  Q	 12.5	  0.0	0.594	0.000	0.000
31	  F	  9.2	  0.0	0.491	0.000	0.000
32	  R	  4.1	  0.0	0.128	0.000	0.000
33	  P	  0.3	  0.0	0.000	0.000	0.000
34	  I	  5.3	  0.0	0.000	0.000	0.000
35	  S	 24.6	  0.0	0.000	0.000	0.000
36	  C	 25.0	  0.0	0.000	0.000	0.000
37	  E	 20.4	  0.0	0.000	0.000	0.000
38	  P	  0.4	  0.0	0.000	0.000	0.000
39	  L	  1.3	  0.0	0.000	5.007	5.007
40	  I	  2.6	  0.0	0.000	5.007	5.007
41	  I	  4.2	  0.0	0.000	5.007	5.007
42	  Q	  3.9	  0.0	0.000	5.007	5.007
43	  M	  2.7	  0.0	0.000	5.007	5.007
44	  N	  1.2	  0.1	0.000	0.175	0.175
45	  K	  3.2	  0.1	0.000	0.000	0.000
46	  C	  3.8	  0.2	0.000	0.000	0.000
47	  T	  3.8	  0.2	0.000	0.000	0.000
48	  D	  0.9	  0.3	0.000	0.000	0.000
49	  E	  0.1	  0.4	0.000	0.000	0.000
50	  E	  0.0	  0.2	0.000	0.000	0.000
51	  Q	  1.4	  0.2	0.000	0.137	0.137
52	  M	  1.5	  0.4	0.000	9.725	9.725
53	  F	  1.7	  0.4	0.000	9.725	9.725
54	  G	  0.4	  0.4	0.702	9.725	9.725
55	  F	  1.3	  0.4	0.702	9.725	9.725
56	  I	  2.7	  0.0	0.702	9.725	9.725
57	  E	  2.9	  0.1	0.702	0.000	0.000
58	  R	  1.9	  0.2	0.702	0.000	0.000
59	  N	  0.3	  0.2	1.053	0.000	0.000
60	  K	  0.3	  0.1	0.535	0.000	0.000
61	  A	  0.8	  0.0	0.351	0.000	0.000
62	  I	  2.3	  0.0	0.351	0.000	0.000
63	  L	  2.1	  0.1	0.351	0.000	0.000
64	  S	  1.6	  0.1	0.351	0.000	0.000
65	  E	  0.2	  0.2	0.204	0.000	0.000
66	  K	  0.4	  0.2	0.000	0.000	0.000
67	  Q	  0.4	  0.3	0.000	0.000	0.000
68	  V	  0.4	  0.5	0.000	0.339	0.339
69	  G	  0.4	  0.4	0.488	0.339	0.339
70	  C	  0.7	  0.4	2.346	0.339	0.339
71	  A	  0.7	  0.3	2.833	0.339	0.339
72	  F	  1.7	  0.0	2.833	0.339	0.339
73	  D	  1.4	  0.0	8.117	0.000	0.000
74	  M	  1.7	  0.0	8.346	0.000	0.000
75	  L	  0.7	  0.0	8.346	0.000	0.000
76	  W	  1.4	  0.0	8.650	0.000	0.000
77	  K	  1.4	  0.0	8.650	0.000	0.000
78	  L	  1.5	  0.1	8.439	0.000	0.000
79	  Q	  1.0	  0.1	8.016	0.000	0.000
80	  K	  0.7	  0.1	5.584	0.000	0.000
81	  Q	  0.8	  0.1	3.217	0.000	0.000
82	  K	  0.7	  0.1	0.698	0.000	0.000
83	  T	  0.9	  0.1	0.000	0.000	0.000
84	  S	  0.9	  0.1	0.000	0.000	0.000
85	  L	  1.0	  0.1	0.000	0.000	0.000
86	  L	  0.6	  0.3	0.000	0.000	0.000
87	  K	  0.5	  0.2	0.000	0.000	0.000
88	  N	  0.3	  0.2	0.278	0.000	0.000
89	  A	  0.2	  0.2	0.278	0.000	0.000
90	  E	  0.3	  0.0	0.278	0.000	0.000
91	  Y	  2.0	  0.0	0.278	0.000	0.000
92	  V	  2.7	  0.1	0.278	0.000	0.000
93	  R	  2.6	  0.1	0.278	0.000	0.000
94	  D	  0.9	  0.1	0.278	0.000	0.000
95	  H	  0.1	  0.6	0.278	0.000	0.000
96	  P	  0.0	  0.5	0.000	0.000	0.000
97	  Q	  1.1	  0.5	0.000	0.470	0.470
98	  F	  1.6	  0.5	0.000	0.470	0.470
99	  L	  3.9	  0.0	0.000	0.470	0.470
100	  T	  4.1	  0.0	0.123	0.470	0.470
101	  L	  3.8	  0.1	0.123	0.470	0.470
102	  H	  1.8	  0.1	0.123	0.000	0.000
103	  N	  0.5	  0.1	1.856	0.000	0.000
104	  L	  0.3	  0.1	1.856	0.000	0.000
105	  A	  0.2	  0.1	1.856	0.000	0.000
106	  T	  0.4	  0.1	1.732	0.000	0.000
107	  N	  0.5	  0.1	1.854	0.000	0.000
108	  K	  1.5	  0.1	1.854	0.000	0.000
109	  F	  2.6	  0.1	0.642	0.000	0.000
110	  K	  2.7	  0.1	0.241	0.000	0.000
111	  L	  2.2	  0.2	0.122	0.000	0.000
112	  M	  0.9	  0.3	0.122	0.000	0.000
113	  N	  0.7	  1.3	1.165	0.000	0.000
114	  D	  0.2	  1.4	1.043	0.000	0.000
115	  D	  0.0	  1.2	1.152	0.000	0.000
116	  T	  1.1	  1.2	1.489	8.543	8.543
117	  L	  1.7	  0.1	1.489	47.863	47.863
118	  V	 13.6	  0.0	1.489	67.294	67.294
119	  N	 12.7	  0.0	1.489	68.852	68.852
120	  V	 13.4	  0.0	1.107	84.520	84.520
121	  L	  2.1	  0.0	1.107	84.571	84.571
122	  Y	  2.7	  0.0	0.734	83.894	83.894
123	  V	  5.0	  0.0	0.000	80.600	80.600
124	  T	  6.1	  0.1	0.000	40.872	40.872
125	  Q	  6.6	  0.1	0.000	2.528	2.528
126	  Q	  3.4	  0.1	0.000	0.978	0.978
127	  F	  2.1	  0.4	0.000	0.935	0.935
128	  A	  0.9	  0.5	0.000	0.202	0.202
129	  G	  0.5	  0.5	0.000	0.000	0.000
130	  E	  0.6	  0.5	0.000	0.000	0.000
131	  A	  0.7	  0.1	0.000	0.000	0.000
132	  H	  0.7	  0.0	0.000	0.000	0.000
133	  D	  0.1	  0.2	0.504	0.000	0.000
134	  P	  0.0	  0.2	0.504	0.000	0.000
135	  L	  0.2	  0.2	0.504	0.000	0.000
136	  V	  1.9	  0.2	0.504	0.000	0.000
137	  E	  2.0	  0.0	0.504	0.000	0.000
138	  A	  2.0	  0.0	0.504	0.000	0.000
139	  L	  0.7	  0.0	0.379	0.000	0.000
140	  V	  1.4	  0.0	0.246	0.000	0.000
141	  T	  1.2	  0.0	8.001	0.000	0.000
142	  E	  0.8	  0.0	8.125	0.000	0.000
143	  A	  0.4	  0.0	8.125	0.000	0.000
144	  W	  1.4	  0.1	7.988	0.000	0.000
145	  R	  1.7	  0.1	7.988	0.000	0.000
146	  R	  1.8	  0.1	7.988	0.000	0.000
147	  L	  0.8	  0.2	6.441	0.000	0.000
148	  E	  0.6	  0.1	4.401	0.000	0.000
149	  R	  3.6	  0.1	2.413	0.000	0.000
150	  F	  6.6	  0.1	1.101	0.578	0.578
151	  D	  7.4	  0.0	1.240	0.578	0.578
152	  I	  9.2	  0.0	1.082	0.578	0.578
153	  K	  6.4	  0.0	1.082	0.578	0.578
154	  L	  5.7	  0.0	1.082	0.578	0.578
155	  L	  0.7	  0.1	1.082	0.386	0.386
156	  S	  0.5	  0.1	1.082	0.000	0.000
157	  E	  1.5	  0.1	0.614	0.000	0.000
158	  F	  3.0	  0.3	0.319	0.000	0.000
159	  S	  3.7	  0.3	0.220	0.000	0.000
160	  S	  3.5	  0.3	0.120	0.000	0.000
161	  C	  4.3	  0.3	0.120	0.000	0.000
162	  L	  3.5	  0.3	0.120	0.000	0.000
163	  A	  2.4	  0.3	0.120	0.000	0.000
164	  D	  0.1	  0.4	0.120	0.000	0.000
165	  Q	  0.4	  0.4	0.000	0.000	0.000
166	  H	  0.9	  0.1	0.000	0.000	0.000
167	  L	  1.5	  0.1	0.000	0.000	0.000
168	  Y	  5.5	  0.0	0.000	0.000	0.000
169	  F	  5.3	  0.0	0.000	0.000	0.000
170	  S	  4.7	  0.2	0.188	0.000	0.000
171	  P	  0.4	  0.2	0.188	0.000	0.000
172	  L	  0.2	  0.4	0.188	0.000	0.000
173	  M	  0.2	  0.4	0.188	0.000	0.000
174	  G	  0.3	  0.2	0.188	0.000	0.000
175	  K	  1.5	  0.2	0.188	0.000	0.000
176	  I	  1.5	  0.2	0.000	0.000	0.000
177	  A	  1.6	  0.1	0.000	0.000	0.000
178	  D	  1.4	  0.1	0.000	0.000	0.000
179	  I	  3.2	  0.1	0.000	0.000	0.000
180	  V	  4.8	  0.0	0.000	0.000	0.000
181	  H	  3.8	  0.4	0.000	0.000	0.000
182	  R	  2.0	  0.4	0.000	0.000	0.000
183	  N	  0.8	  0.4	0.000	0.000	0.000
184	  L	  0.6	  0.4	0.000	0.000	0.000
185	  E	  0.6	  0.1	0.000	0.000	0.000
186	  T	  2.7	  0.1	0.000	0.000	0.000
187	  T	  3.2	  0.3	0.000	0.000	0.000
188	  Q	  3.2	  0.3	0.000	0.000	0.000
189	  D	  0.8	  0.8	0.000	0.000	0.000
190	  L	  0.6	  0.9	0.000	2.255	2.255
191	  S	  0.5	  0.7	0.000	2.599	2.599
192	  S	  5.9	  1.0	0.000	6.196	6.196
193	  L	  7.4	  0.4	0.000	34.425	34.425
194	  S	  7.8	  0.3	0.000	39.282	39.282
195	  V	  6.2	  0.3	0.000	55.948	55.948
196	  L	  5.0	  0.0	0.000	57.241	57.241
197	  M	  5.3	  0.0	0.000	57.095	57.095
198	  V	  8.3	  0.0	0.000	55.600	55.600
199	  N	  8.5	  0.2	0.491	34.586	34.586
200	  I	  8.4	  0.2	0.491	32.988	32.988
201	  S	  2.0	  0.3	0.491	13.402	13.402
202	  S	  1.0	  0.3	0.644	10.998	10.998
203	  L	  0.9	  0.1	0.644	10.744	10.744
204	  I	  1.8	  0.1	0.644	9.117	9.117
205	  S	  1.7	  0.1	0.644	0.860	0.860
206	  R	  3.0	  0.1	0.319	0.000	0.000
207	  H	  5.3	  0.1	0.153	0.000	0.000
208	  F	  6.9	  0.1	0.000	0.000	0.000
209	  Q	  5.5	  0.1	0.142	0.000	0.000
210	  Q	  2.5	  0.1	0.142	0.000	0.000
211	  Q	  1.4	  0.1	0.142	0.000	0.000
212	  L	  1.8	  0.1	0.142	0.000	0.000
213	  V	  1.8	  0.0	0.142	0.000	0.000
214	  N	  1.1	  0.1	1.312	0.000	0.000
215	  K	  0.8	  0.2	1.170	0.000	0.000
216	  T	  0.5	  0.2	1.170	0.000	0.000
217	  E	  0.5	  0.2	1.170	0.000	0.000
218	  L	  0.7	  0.1	1.170	0.000	0.000
219	  L	  0.9	  0.1	1.170	0.000	0.000
220	  F	  1.5	  0.1	0.987	0.000	0.000
221	  D	  1.7	  0.1	0.132	0.000	0.000
222	  T	  5.8	  0.2	0.000	0.000	0.000
223	  I	  6.0	  0.2	0.000	0.000	0.000
224	  D	  5.3	  1.2	0.000	0.000	0.000
225	  S	  0.9	  1.2	0.000	0.000	0.000
226	  S	  0.2	  1.2	0.107	0.000	0.000
227	  E	  6.1	  1.1	0.107	0.000	0.000
228	  V	 17.7	  0.1	0.107	0.000	0.000
229	  N	 18.0	  0.0	0.424	0.000	0.000
230	  V	 13.3	  0.0	0.424	0.000	0.000
231	  A	  1.2	  0.1	0.424	0.000	0.000
232	  K	  1.1	  0.1	0.424	0.000	0.000
233	  S	  0.8	  0.1	0.443	0.000	0.000
234	  I	  1.3	  0.1	0.443	0.000	0.000
235	  A	  1.1	  0.0	0.443	0.000	0.000
236	  K	  1.0	  0.0	0.443	0.000	0.000
237	  F	  1.5	  0.0	0.261	0.000	0.000
238	  L	  1.5	  0.1	0.126	0.000	0.000
239	  R	  1.6	  0.1	0.126	0.000	0.000
240	  N	  3.7	  0.1	0.126	0.000	0.000
241	  V	  5.7	  0.1	0.000	0.000	0.000
242	  R	  6.4	  0.0	0.000	0.000	0.000
243	  Y	  6.1	  0.0	0.000	0.000	0.000
244	  R	  6.5	  0.0	0.000	0.000	0.000
245	  Y	  5.8	  0.0	0.000	0.000	0.000
246	  Q	  3.1	  0.0	0.000	0.000	0.000
247	  P	  0.5	  0.0	0.000	0.000	0.000
248	  L	  0.1	  0.0	0.000	0.000	0.000
249	  L	  0.1	  0.1	0.000	0.000	0.000
250	  E	  0.4	  0.1	0.000	0.000	0.000
251	  R	  3.8	  0.1	0.000	0.000	0.000
252	  C	  3.9	  0.2	0.000	0.000	0.000
253	  N	  3.8	  0.1	0.000	0.000	0.000
254	  N	  4.5	  0.1	0.000	0.221	0.221
255	  V	  7.7	  0.1	0.000	1.244	1.244
256	  F	  8.5	  0.1	0.000	1.244	1.244
257	  L	  4.5	  0.2	0.000	1.244	1.244
258	  S	  1.1	  0.2	0.000	1.244	1.244
259	  N	  1.3	  0.7	0.000	1.022	1.022
260	  V	  2.1	  0.6	0.000	1.022	1.022
261	  D	  2.0	  0.5	0.000	0.000	0.000
262	  H	  1.5	  0.8	0.000	0.000	0.000
263	  L	  1.7	  0.3	0.000	0.000	0.000
264	  D	  1.8	  1.6	0.361	0.000	0.000
265	  L	  1.4	  1.6	0.361	0.000	0.000
266	  D	  0.6	  1.4	1.146	0.000	0.000
267	  S	  6.1	  1.5	1.806	0.000	0.000
268	  I	  6.4	  0.2	1.806	0.000	0.000
269	  S	  6.6	  0.2	1.806	0.000	0.000
270	  K	  1.5	  0.2	1.619	0.000	0.000
271	  I	  2.2	  0.0	1.445	23.974	23.974
272	  L	  3.7	  0.0	1.445	26.232	26.232
273	  S	  4.0	  0.0	2.573	27.364	27.364
274	  V	  3.9	  0.0	1.953	36.537	36.537
275	  Y	  3.4	  0.0	1.953	37.314	37.314
276	  K	  2.7	  0.0	1.429	36.380	36.380
277	  F	  2.3	  0.0	1.429	36.482	36.482
278	  L	  2.4	  0.0	1.429	36.482	36.482
279	  Q	  3.9	  0.0	1.429	36.482	36.482
280	  F	  4.4	  0.0	1.229	36.482	36.482
281	  N	  3.8	  0.0	3.029	36.482	36.482
282	  S	  7.9	  0.0	5.056	36.482	36.482
283	  F	 10.1	  0.0	5.055	36.599	36.599
284	  E	  9.3	  0.0	5.433	36.497	36.497
285	  F	  4.8	  0.0	5.682	64.896	64.896
286	  I	  6.7	  0.0	6.030	64.723	64.723
287	  I	  7.5	  0.0	6.168	62.602	62.602
288	  M	  6.4	  0.0	6.168	39.292	39.292
289	  A	  1.0	  0.0	6.072	29.564	29.564
290	  K	  0.2	  0.1	5.753	0.117	0.117
291	  K	  0.2	  0.1	3.689	0.000	0.000
292	  K	  2.0	  0.1	1.067	0.000	0.000
293	  L	  2.0	  0.1	0.304	0.000	0.000
294	  T	  2.0	  0.0	0.208	0.000	0.000
295	  E	  0.2	  0.0	0.208	0.000	0.000
296	  M	  0.3	  0.0	0.208	0.000	0.000
297	  I	  0.2	  0.0	0.000	0.000	0.000
298	  P	  0.1	  0.0	0.000	0.000	0.000
299	  L	  0.4	  0.0	0.000	0.000	0.000
300	  C	  1.1	  0.0	0.000	0.000	0.000
301	  N	  1.1	  0.0	0.000	0.000	0.000
302	  H	  0.8	  0.2	0.000	0.000	0.000
303	  P	  0.0	  0.4	0.000	0.000	0.000
304	  A	  0.6	  0.4	0.000	0.000	0.000
305	  S	  1.5	  0.4	0.195	0.000	0.000
306	  F	  3.5	  0.2	0.195	0.000	0.000
307	  V	  9.7	  0.0	0.195	0.000	0.000
308	  K	  9.1	  0.0	0.195	0.000	0.000
309	  L	  7.7	  0.0	0.195	45.927	45.927
310	  F	  3.4	  0.0	0.195	45.927	45.927
311	  V	  6.3	  0.0	0.195	45.927	45.927
312	  A	  5.8	  0.0	0.195	45.927	45.927
313	  L	  3.4	  0.0	0.195	45.927	45.927
314	  G	  0.1	  0.0	0.195	0.000	0.000
315	  P	  0.0	  0.0	0.000	0.000	0.000
316	  I	  1.3	  0.0	0.000	0.000	0.000
317	  A	  1.3	  0.0	0.000	0.000	0.000
318	  G	  1.3	  0.3	1.034	0.000	0.000
319	  P	  0.0	  0.4	1.034	0.000	0.000
320	  E	  0.2	  0.4	1.368	0.000	0.000
321	  E	  0.6	  0.4	1.505	0.000	0.000
322	  K	  0.6	  0.2	1.505	0.000	0.000
323	  K	  0.6	  0.1	1.505	0.000	0.000
324	  Q	  1.2	  0.1	1.234	0.000	0.000
325	  L	  1.5	  0.2	0.887	0.000	0.000
326	  K	  2.0	  0.2	0.579	0.000	0.000
327	  S	  1.2	  0.1	0.214	0.462	0.462
328	  T	  1.8	  0.1	0.214	4.365	4.365
329	  M	  2.3	  0.1	0.214	4.365	4.365
330	  L	  3.1	  0.0	0.214	4.365	4.365
331	  L	  2.7	  0.0	0.214	4.365	4.365
332	  M	  1.6	  0.1	0.214	4.365	4.365
333	  S	  0.6	  2.1	0.000	0.169	0.169
334	  E	  0.1	  2.1	0.000	0.000	0.000
335	  D	  0.2	  2.4	0.000	0.000	0.000
336	  L	  0.3	  2.5	0.000	0.000	0.000
337	  T	  0.4	  0.5	0.417	0.000	0.000
338	  G	  0.2	  0.6	1.321	0.000	0.000
339	  E	  0.1	  0.3	1.475	0.000	0.000
340	  Q	  0.2	  0.2	1.475	0.202	0.202
341	  A	  0.3	  0.1	1.475	6.371	6.371
342	  L	  0.6	  0.0	1.475	9.636	9.636
343	  A	  1.3	  0.0	1.475	9.866	9.866
344	  V	  1.9	  0.0	1.475	9.866	9.866
345	  L	  1.5	  0.2	1.475	9.866	9.866
346	  G	  0.6	  0.4	1.298	4.503	4.503
347	  A	  0.1	  0.5	0.383	2.558	2.558
348	  M	  0.1	  1.8	0.000	0.685	0.685
349	  G	  0.1	  1.6	0.122	0.000	0.000
350	  D	  0.3	  1.4	0.122	0.000	0.000
351	  M	  0.5	  1.4	0.122	0.000	0.000
352	  E	  0.5	  0.2	0.122	0.000	0.000
353	  S	  0.5	  1.3	0.122	0.000	0.000
354	  R	  0.4	  1.3	0.122	0.000	0.000
355	  N	  0.9	  1.3	0.220	0.000	0.000
356	  S	  1.8	  1.2	0.438	0.000	0.000
357	  C	  2.8	  0.1	0.438	0.000	0.000
358	  L	  2.6	  0.0	0.438	0.000	0.000
359	  I	  3.5	  0.0	0.438	0.000	0.000
360	  K	  2.9	  0.0	0.438	0.000	0.000
361	  R	  4.8	  0.0	0.218	0.000	0.000
362	  V	  5.5	  0.0	0.000	0.173	0.173
363	  T	  5.8	  0.0	0.000	0.173	0.173
364	  S	  4.2	  0.0	0.000	0.173	0.173
365	  V	  3.8	  0.0	0.000	0.173	0.173
366	  L	  3.1	  0.0	0.000	0.173	0.173
367	  H	  2.9	  0.2	0.000	0.000	0.000
368	  K	  0.6	  0.2	0.000	0.000	0.000
369	  H	  1.1	  0.9	0.000	0.000	0.000
370	  L	  0.9	  2.2	0.000	0.000	0.000
371	  D	  0.8	  2.0	0.000	0.000	0.000
372	  G	  0.2	  2.0	0.000	0.000	0.000
373	  Y	  0.3	  1.2	0.000	0.000	0.000
374	  K	  0.3	  0.0	0.238	0.000	0.000
375	  P	  0.2	  0.0	0.480	0.000	0.000
376	  L	  0.7	  0.0	0.480	0.460	0.460
377	  E	  0.7	  0.0	0.480	0.460	0.460
378	  L	  0.9	  0.0	0.480	0.460	0.460
379	  L	  2.0	  0.0	0.480	0.460	0.460
380	  K	  7.3	  0.0	0.480	0.460	0.460
381	  I	 11.1	  0.0	0.000	0.460	0.460
382	  T	  9.9	  0.0	0.000	0.460	0.460
383	  Q	  4.6	  0.1	0.000	0.000	0.000
384	  E	  1.1	  0.1	0.000	0.000	0.000
385	  L	  4.3	  0.1	0.000	3.260	3.260
386	  T	  7.4	  0.0	0.170	3.857	3.857
387	  F	  7.5	  0.0	0.170	3.857	3.857
388	  L	  5.2	  0.0	0.170	3.857	3.857
389	  H	  5.2	  0.0	0.696	3.857	3.857
390	  F	  6.5	  0.0	0.818	3.857	3.857
391	  Q	  5.5	  0.1	0.945	0.000	0.000
392	  R	  2.5	  0.1	0.894	0.000	0.000
393	  K	  0.6	  0.1	1.033	0.000	0.000
394	  E	  0.8	  0.1	2.153	0.000	0.000
395	  F	  2.2	  0.1	2.735	0.000	0.000
396	  F	  2.5	  0.2	6.055	0.000	0.000
397	  A	  2.3	  0.2	6.683	0.000	0.000
398	  K	  1.4	  0.2	9.074	0.000	0.000
399	  L	  0.9	  0.2	9.218	0.000	0.000
400	  R	  0.8	  0.1	9.501	0.000	0.000
401	  E	  0.1	  0.1	9.501	0.000	0.000
402	  L	  0.9	  0.1	9.363	18.612	18.612
403	  L	  1.3	  0.1	9.245	26.495	26.495
404	  L	  3.4	  0.1	9.121	26.495	26.495
405	  S	  3.0	  0.1	7.873	26.495	26.495
406	  Y	  3.3	  0.1	6.348	26.495	26.495
407	  L	  1.4	  0.2	4.970	23.614	23.614
408	  K	  1.0	  0.2	4.666	0.000	0.000
409	  N	  1.2	  0.2	0.915	0.000	0.000
410	  S	  2.6	  0.2	0.233	0.000	0.000
411	  F	  2.7	  0.0	0.000	0.000	0.000
412	  I	  1.7	  0.0	0.000	0.000	0.000
413	  P	  0.2	  0.0	0.000	0.000	0.000
414	  T	  0.3	  0.0	0.126	0.176	0.176
415	  E	  3.1	  0.0	0.126	0.472	0.472
416	  V	 11.3	  0.0	0.126	65.705	65.705
417	  S	 11.5	  0.0	1.060	65.705	65.705
418	  V	 14.7	  0.0	1.060	65.705	65.705
419	  L	  6.6	  0.0	1.060	65.705	65.705
420	  V	  7.1	  0.0	1.060	65.705	65.705
421	  R	  1.6	  0.0	1.060	0.472	0.472
422	  A	  1.7	  0.0	0.934	0.472	0.472
423	  I	  4.4	  0.0	0.777	0.472	0.472
424	  S	  4.5	  0.0	0.777	0.191	0.191
425	  L	  4.3	  0.0	0.342	0.191	0.191
426	  L	  0.6	  0.0	0.167	0.000	0.000
427	  P	  0.1	  0.0	0.000	0.000	0.000
428	  S	  0.0	  0.4	0.000	0.000	0.000
429	  P	  0.0	  0.4	0.000	0.000	0.000
430	  H	  0.7	  0.6	0.000	0.000	0.000
431	  L	  0.8	  0.7	0.000	0.000	0.000
432	  D	  0.8	  0.3	0.000	0.000	0.000
433	  E	  0.2	  0.3	0.000	0.000	0.000
434	  V	  0.6	  0.1	0.000	0.000	0.000
435	  G	  0.6	  0.1	0.232	0.000	0.000
436	  I	  1.6	  0.1	0.232	0.000	0.000
437	  S	  1.6	  0.1	1.624	0.000	0.000
438	  R	  4.6	  0.0	1.624	0.000	0.000
439	  I	  4.5	  0.0	1.624	0.000	0.000
440	  E	  4.1	  0.0	1.624	0.000	0.000
441	  A	  2.7	  0.0	1.624	0.000	0.000
442	  V	  2.2	  0.0	1.624	0.000	0.000
443	  L	  2.2	  0.3	1.462	0.000	0.000
444	  P	  0.5	  0.3	0.300	0.000	0.000
445	  Q	  0.4	  0.3	0.300	0.000	0.000
446	  C	  0.9	  0.4	0.300	0.000	0.000
447	  D	  1.0	  1.7	0.513	0.000	0.000
448	  L	  0.8	  1.7	0.513	0.000	0.000
449	  N	  0.3	  1.7	0.513	0.000	0.000
450	  N	  0.4	  2.1	0.333	0.000	0.000
451	  L	  0.6	  0.8	0.213	0.000	0.000
452	  S	  0.9	  0.7	0.213	0.000	0.000
453	  S	  1.3	  0.7	0.000	0.138	0.138
454	  F	  1.3	  0.3	0.000	1.459	1.459
455	  A	  1.2	  0.0	0.000	1.459	1.459
456	  T	  1.4	  0.0	0.286	1.459	1.459
457	  S	  1.7	  0.0	0.500	1.459	1.459
458	  V	  3.5	  0.0	0.500	1.459	1.459
459	  L	  3.7	  0.0	0.500	1.255	1.255
460	  R	  3.7	  0.0	0.500	0.000	0.000
461	  W	  2.0	  0.0	0.500	0.000	0.000
462	  I	  1.1	  0.0	0.340	0.000	0.000
463	  Q	  0.7	  0.1	0.340	0.000	0.000
464	  H	  0.5	  0.2	0.000	0.000	0.000
465	  D	  0.3	  0.2	0.000	0.000	0.000
466	  H	  0.6	  0.1	0.000	0.000	0.000
467	  M	  1.3	  0.1	0.000	0.000	0.000
468	  Y	  2.0	  0.1	0.000	0.000	0.000
469	  L	  1.6	  0.2	0.000	0.000	0.000
470	  D	  0.9	  0.2	15.175	0.000	0.000
471	  N	  0.4	  0.2	19.912	0.000	0.000
472	  M	  1.1	  0.1	19.912	0.000	0.000
473	  T	  2.1	  0.0	22.964	0.000	0.000
474	  A	  1.8	  0.1	22.964	0.000	0.000
475	  K	  1.2	  0.1	22.964	0.000	0.000
476	  Q	  0.9	  0.1	18.538	0.000	0.000
477	  L	  1.9	  0.1	16.607	0.000	0.000
478	  K	  2.1	  0.0	15.616	0.000	0.000
479	  L	  1.5	  0.0	13.109	0.000	0.000
480	  L	  0.5	  0.1	11.697	0.000	0.000
481	  Q	  0.6	  0.1	10.383	0.000	0.000
482	  K	  1.0	  0.2	4.444	0.000	0.000
483	  L	  1.1	  0.3	1.271	0.000	0.000
484	  D	  1.1	  0.3	0.955	0.000	0.000
485	  H	  1.4	  0.5	0.325	0.000	0.000
486	  Y	  1.3	  0.7	0.173	0.000	0.000
487	  G	  1.0	  0.7	0.480	0.000	0.000
488	  R	  0.6	  0.7	0.480	0.000	0.000
489	  Q	  0.8	  0.5	0.480	0.000	0.000
490	  R	  1.2	  0.1	0.480	0.000	0.000
491	  L	  1.3	  0.1	0.480	0.000	0.000
492	  Q	  1.1	  0.1	0.480	0.000	0.000
493	  H	  0.7	  0.5	0.166	0.000	0.000
494	  S	  0.2	  0.7	0.133	0.000	0.000
495	  N	  0.1	  0.8	1.280	0.000	0.000
496	  S	  2.4	  1.5	4.737	0.000	0.000
497	  L	  3.2	  1.0	4.919	0.000	0.000
498	  D	  3.2	  0.8	8.746	0.000	0.000
499	  L	  1.1	  0.7	8.871	0.000	0.000
500	  L	  0.4	  0.0	9.031	0.000	0.000
501	  R	  0.5	  0.1	9.031	0.000	0.000
502	  K	  0.5	  0.1	8.443	0.000	0.000
503	  E	  1.5	  0.1	6.881	0.000	0.000
504	  L	  1.6	  0.2	4.999	0.000	0.000
505	  K	  1.8	  0.2	4.366	0.000	0.000
506	  S	  1.0	  0.1	1.819	0.000	0.000
507	  L	  0.7	  0.3	0.746	0.000	0.000
508	  K	  0.6	  1.5	0.412	0.000	0.000
509	  G	  0.1	  1.5	0.000	0.000	0.000
510	  N	  5.1	  1.5	0.000	0.000	0.000
511	  T	  6.0	  1.3	0.000	0.000	0.000
512	  F	  6.0	  0.2	0.000	0.000	0.000
513	  P	  0.9	  0.4	0.174	0.000	0.000
514	  E	  0.0	  0.4	0.174	0.000	0.000
515	  S	  0.2	  0.4	1.032	0.000	0.000
516	  L	  0.3	  0.2	1.601	0.000	0.000
517	  L	  0.3	  0.1	1.749	0.000	0.000
518	  E	  0.1	  0.1	2.071	0.000	0.000
519	  E	  0.1	  0.1	2.309	0.000	0.000
520	  M	  0.8	  0.1	2.309	0.284	0.284
521	  I	  1.9	  0.0	2.309	0.284	0.284
522	  A	  2.3	  0.0	2.309	0.284	0.284
523	  T	  4.3	  0.0	2.309	0.284	0.284
524	  L	  3.7	  0.1	2.309	0.284	0.284
525	  Q	  4.8	  0.1	2.188	0.000	0.000
526	  H	  3.7	  0.1	0.334	0.000	0.000
527	  F	  4.2	  0.3	0.000	0.000	0.000
528	  M	  2.8	  0.3	0.000	0.000	0.000
529	  D	  1.2	  0.3	0.000	0.000	0.000
530	  D	  1.0	  0.6	0.000	0.000	0.000
531	  I	  5.0	  0.4	0.000	0.000	0.000
532	  N	  5.7	  0.3	0.000	0.000	0.000
533	  Y	  6.2	  0.3	0.000	0.000	0.000
534	  I	 11.3	  0.1	0.000	0.000	0.000
535	  N	 10.5	  0.3	2.347	0.000	0.000
536	  V	  9.3	  0.4	2.347	0.000	0.000
537	  G	  0.1	  0.3	2.556	0.000	0.000
538	  E	  0.8	  0.3	2.556	0.000	0.000
539	  I	  1.8	  0.3	2.556	3.713	3.713
540	  A	  2.4	  0.2	2.556	3.713	3.713
541	  S	  2.6	  0.2	2.556	3.713	3.713
542	  F	  2.5	  0.2	1.704	3.713	3.713
543	  I	  2.5	  0.1	0.169	3.713	3.713
544	  S	  1.9	  0.2	0.169	0.410	0.410
545	  S	  1.5	  0.8	0.000	0.000	0.000
546	  T	  1.3	  0.8	0.000	0.000	0.000
547	  D	  1.0	  0.7	0.228	0.000	0.000
548	  Y	  1.4	  0.6	0.228	12.114	12.114
549	  L	  1.2	  0.1	0.228	15.437	15.437
550	  S	  1.4	  0.1	0.871	17.105	17.105
551	  T	  1.2	  0.1	0.985	17.390	17.390
552	  L	  1.9	  0.1	0.985	17.869	17.869
553	  L	  2.1	  0.0	0.985	17.816	17.816
554	  L	  1.3	  0.0	0.985	17.536	17.536
555	  D	  0.5	  0.0	1.095	1.093	1.093
556	  R	  1.8	  0.0	0.631	1.093	1.093
557	  I	  2.8	  0.0	0.631	22.039	22.039
558	  A	  3.2	  0.0	0.631	22.259	22.259
559	  S	  2.1	  0.0	0.515	22.259	22.259
560	  V	  7.9	  0.0	0.110	22.522	22.522
561	  A	  7.9	  0.0	0.110	22.522	22.522
562	  V	  8.7	  0.0	0.110	21.000	21.000
563	  Q	  2.1	  0.0	0.110	1.783	1.783
564	  Q	  4.1	  0.0	0.000	1.082	1.082
565	  I	  3.4	  0.0	0.000	1.082	1.082
566	  E	  3.3	  0.0	0.000	0.000	0.000
567	  K	  2.1	  0.0	0.000	0.000	0.000
568	  I	  1.7	  0.0	0.000	0.000	0.000
569	  H	  1.6	  0.1	0.000	0.000	0.000
570	  P	  0.2	  0.1	0.000	0.000	0.000
571	  F	 14.8	  0.1	0.000	0.000	0.000
572	  T	 15.3	  0.1	0.000	0.000	0.000
573	  I	 15.3	  0.0	0.000	0.000	0.000
574	  P	  0.5	  0.0	0.000	0.000	0.000
575	  A	  0.6	  0.0	0.000	0.000	0.000
576	  I	  8.8	  0.0	0.000	0.000	0.000
577	  I	  9.2	  0.0	0.000	0.000	0.000
578	  R	  8.6	  0.0	0.000	0.000	0.000
579	  P	  0.5	  0.0	0.000	0.000	0.000
580	  F	  4.6	  0.0	0.000	2.840	2.840
581	  S	  5.1	  0.0	0.000	2.840	2.840
582	  V	  8.5	  0.1	0.000	2.840	2.840
583	  L	  5.7	  0.1	0.000	2.840	2.840
584	  N	  6.5	  0.1	0.000	2.840	2.840
585	  Y	  3.3	  0.1	0.000	2.199	2.199
586	  D	  1.4	  0.0	0.000	0.000	0.000
587	  P	  0.0	  0.3	0.000	0.000	0.000
588	  P	  0.0	  0.3	0.000	0.000	0.000
589	  Q	  0.1	  0.5	0.000	0.000	0.000
590	  R	  0.1	  0.5	0.000	0.000	0.000
591	  D	  0.2	  0.2	0.000	0.000	0.000
592	  E	  0.2	  0.2	0.000	0.000	0.000
593	  F	  0.5	  0.0	0.000	0.000	0.000
594	  L	  0.5	  0.1	0.000	0.000	0.000
595	  G	  0.4	  0.1	0.000	0.000	0.000
596	  T	  2.6	  0.1	0.000	0.000	0.000
597	  C	  5.4	  0.1	0.000	0.000	0.000
598	  V	  7.1	  0.0	0.000	0.000	0.000
599	  Q	  4.9	  0.0	0.000	0.000	0.000
600	  H	  3.0	  0.2	0.000	0.000	0.000
601	  L	  1.6	  0.3	0.000	0.000	0.000
602	  N	  2.3	  0.3	0.000	0.000	0.000
603	  S	  2.1	  0.3	0.000	0.032	0.032
604	  Y	  2.0	  0.2	0.000	0.293	0.293
605	  L	  1.1	  0.2	0.000	0.293	0.293
606	  G	  0.5	  0.2	0.000	0.293	0.293
607	  I	  1.0	  0.2	0.000	0.293	0.293
608	  L	  1.0	  0.0	0.000	0.293	0.293
609	  D	  1.0	  0.0	3.948	0.000	0.000
610	  P	  0.1	  0.0	3.948	0.987	0.987
611	  F	  1.0	  0.0	3.948	81.178	81.178
612	  I	  4.2	  0.0	3.948	98.398	98.398
613	  L	  5.4	  0.0	3.948	99.631	99.631
614	  V	  7.8	  0.0	3.948	99.851	99.851
615	  F	  4.9	  0.0	3.948	99.861	99.861
616	  L	  3.7	  0.0	3.342	96.746	96.746
617	  G	  0.5	  0.0	2.980	75.983	75.983
618	  F	  3.1	  0.0	0.771	74.084	74.084
619	  S	  3.1	  0.0	3.424	50.728	50.728
620	  L	  3.1	  0.0	3.424	47.830	47.830
621	  A	  0.6	  0.0	3.424	32.007	32.007
622	  T	  1.5	  0.0	3.424	18.629	18.629
623	  L	  2.1	  0.0	3.424	15.721	15.721
624	  E	  2.4	  0.0	3.424	0.000	0.000
625	  Y	  1.6	  0.0	1.878	0.000	0.000
626	  F	  0.9	  0.2	2.364	0.000	0.000
627	  P	  0.1	  0.5	6.303	0.000	0.000
628	  E	  0.0	  0.5	7.231	0.000	0.000
629	  D	  0.0	  0.5	21.261	0.304	0.304
630	  L	  0.2	  0.3	21.494	0.304	0.304
631	  L	  0.4	  0.0	21.494	0.304	0.304
632	  K	  0.6	  0.0	21.494	0.304	0.304
633	  A	  0.6	  0.0	21.158	0.614	0.614
634	  I	  0.6	  0.0	20.823	0.614	0.614
635	  F	  4.3	  0.0	20.823	0.614	0.614
636	  N	  5.6	  0.0	14.858	0.614	0.614
637	  I	  7.7	  0.0	9.656	0.614	0.614
638	  K	  4.1	  0.0	9.504	0.000	0.000
639	  F	  3.1	  0.0	6.840	0.000	0.000
640	  L	  0.7	  0.0	5.202	0.000	0.000
641	  A	  0.8	  0.0	2.719	0.000	0.000
642	  R	  2.2	  0.2	2.138	0.000	0.000
643	  L	  2.5	  0.3	0.794	0.000	0.000
644	  D	  2.3	  0.4	0.571	0.000	0.000
645	  S	  0.5	  0.4	0.218	0.000	0.000
646	  Q	  1.7	  0.2	0.095	0.000	0.000
647	  L	  3.0	  0.1	0.000	0.000	0.000
648	  E	  3.0	  0.0	0.000	0.000	0.000
649	  I	  4.1	  0.0	0.000	0.000	0.000
650	  L	  2.8	  0.0	0.000	0.000	0.000
651	  S	  2.6	  2.7	0.000	0.000	0.000
652	  P	  0.1	  2.7	0.000	0.000	0.000
653	  S	  1.6	  3.3	0.173	0.000	0.000
654	  R	  1.8	  3.4	0.173	0.000	0.000
655	  S	  2.5	  0.7	0.173	0.000	0.000
656	  A	  1.2	  0.6	0.173	0.000	0.000
657	  R	  2.4	  0.0	0.173	0.000	0.000
658	  V	  5.1	  0.0	0.173	0.000	0.000
659	  Q	  6.4	  0.0	0.173	0.000	0.000
660	  F	  6.4	  0.0	0.000	0.000	0.000
661	  H	  3.7	  0.0	0.654	0.000	0.000
662	  L	  2.1	  0.0	0.654	0.000	0.000
663	  M	  1.5	  0.1	0.847	0.000	0.000
664	  E	  1.8	  0.1	0.847	0.000	0.000
665	  L	  1.8	  0.1	0.847	0.000	0.000
666	  N	  1.0	  0.4	1.064	0.000	0.000
667	  R	  0.9	  0.4	0.756	0.000	0.000
668	  S	  1.7	  0.3	0.929	0.000	0.000
669	  V	  3.5	  0.3	0.588	0.000	0.000
670	  C	  3.7	  0.0	0.588	0.000	0.000
671	  L	  4.6	  0.0	0.588	0.000	0.000
672	  E	  2.9	  0.0	0.588	0.000	0.000
673	  C	  1.8	  0.4	0.588	0.000	0.000
674	  P	  0.0	  0.4	0.000	0.000	0.000
675	  E	  1.4	  0.4	0.000	0.000	0.000
676	  F	  8.3	  0.4	0.000	0.000	0.000
677	  Q	  8.5	  0.0	0.000	0.000	0.000
678	  I	  7.1	  0.2	0.000	0.000	0.000
679	  P	  0.2	  0.2	0.000	0.000	0.000
680	  W	  0.7	  0.2	0.000	0.000	0.000
681	  F	  1.5	  0.2	0.000	0.000	0.000
682	  H	  1.5	  0.2	0.000	0.000	0.000
683	  D	  0.9	  0.2	0.000	0.000	0.000
684	  R	  0.2	  0.2	0.000	0.000	0.000
685	  F	  2.3	  0.1	0.000	0.000	0.000
686	  C	  3.7	  0.1	0.000	0.000	0.000
687	  Q	  4.8	  0.1	0.000	0.000	0.000
688	  Q	  4.8	  0.1	0.000	0.000	0.000
689	  Y	  4.0	  0.1	0.000	0.000	0.000
690	  N	  2.8	  0.3	0.000	0.000	0.000
691	  K	  0.7	  0.4	0.000	0.000	0.000
692	  G	  0.1	  0.4	0.000	0.000	0.000
693	  I	  0.2	  0.8	0.000	0.000	0.000
694	  G	  0.1	  0.6	0.000	0.000	0.000
695	  G	  0.2	  1.1	0.000	0.000	0.000
696	  M	  0.2	  1.3	0.000	0.000	0.000
697	  D	  0.2	  0.9	0.000	0.000	0.000
698	  G	  0.1	  0.9	0.000	0.000	0.000
699	  T	  1.8	  0.3	0.000	0.000	0.000
700	  Q	  2.1	  0.2	0.000	0.000	0.000
701	  Q	  2.2	  0.1	0.000	0.000	0.000
702	  Q	  1.8	  0.1	0.000	0.255	0.255
703	  I	  1.9	  0.0	0.000	9.084	9.084
704	  F	  3.3	  0.0	0.132	9.681	9.681
705	  K	  2.3	  0.0	0.132	9.681	9.681
706	  M	  2.1	  0.0	0.132	9.681	9.681
707	  L	  0.6	  0.0	0.132	9.681	9.681
708	  A	  0.5	  0.0	0.132	9.681	9.681
709	  E	  0.8	  0.0	0.132	9.681	9.681
710	  V	  1.3	  0.0	0.000	9.681	9.681
711	  L	  1.1	  0.7	0.000	8.487	8.487
712	  G	  0.6	  0.8	0.000	1.120	1.120
713	  G	  0.3	  0.8	0.000	0.534	0.534
714	  I	  4.6	  0.8	0.000	0.534	0.534
715	  N	  5.2	  0.1	0.238	0.000	0.000
716	  C	  8.7	  0.0	0.238	0.000	0.000
717	  V	  6.5	  0.0	0.238	0.000	0.000
718	  K	  5.9	  0.0	0.238	0.000	0.000
719	  A	  2.7	  0.0	0.238	0.000	0.000
720	  S	  1.2	  0.0	0.238	0.000	0.000
721	  V	  3.8	  0.0	0.000	0.000	0.000
722	  L	  3.5	  0.0	0.000	0.000	0.000
723	  T	  3.0	  0.2	0.000	0.000	0.000
724	  P	  0.2	  0.2	0.000	0.000	0.000
725	  Y	  1.2	  0.2	0.000	0.000	0.000
726	  Y	  2.5	  0.2	0.000	0.000	0.000
727	  H	  3.6	  0.0	0.000	0.000	0.000
728	  K	  3.7	  0.1	0.000	0.000	0.000
729	  V	  4.3	  0.1	0.000	0.000	0.000
730	  D	  4.5	  0.1	1.169	0.000	0.000
731	  F	 10.2	  0.1	1.169	0.000	0.000
732	  E	  8.5	  0.1	1.169	0.000	0.000
733	  C	  9.8	  0.1	1.929	0.000	0.000
734	  I	  3.2	  0.1	1.929	0.000	0.000
735	  L	  3.1	  0.1	1.929	0.000	0.000
736	  D	  0.6	  0.2	1.929	0.000	0.000
737	  K	  0.5	  0.3	1.798	0.000	0.000
738	  R	  0.6	  0.2	1.576	0.000	0.000
739	  K	  0.6	  0.2	0.873	0.000	0.000
740	  K	  0.2	  0.0	0.373	0.000	0.000
741	  P	  0.0	  0.0	0.000	0.000	0.000
742	  L	  0.0	  0.4	0.000	0.000	0.000
743	  P	  0.0	  0.6	0.000	0.000	0.000
744	  Y	  0.2	  2.2	0.000	0.000	0.000
745	  G	  0.2	  2.3	0.000	0.000	0.000
746	  S	  1.2	  2.1	0.000	0.000	0.000
747	  H	  2.1	  1.9	0.000	0.000	0.000
748	  N	  2.4	  0.4	0.338	0.000	0.000
749	  I	  4.1	  0.3	0.338	0.000	0.000
750	  A	  3.1	  0.2	0.338	0.000	0.000
751	  L	  2.8	  0.2	0.338	0.000	0.000
752	  G	  0.1	  0.2	0.338	0.000	0.000
753	  Q	  0.1	  0.2	0.338	0.000	0.000
754	  L	  0.1	  0.2	0.000	0.000	0.000
755	  P	  0.1	  0.2	0.000	0.000	0.000
756	  E	  0.0	  0.2	0.000	0.000	0.000
757	  M	  0.1	  0.2	0.000	0.000	0.000
758	  P	  0.1	  0.0	0.000	0.000	0.000
759	  W	  0.8	  0.2	0.000	0.000	0.000
760	  E	  0.8	  0.3	0.000	0.000	0.000
761	  S	  0.8	  0.3	0.000	0.000	0.000
762	  N	  3.1	  0.3	0.000	0.000	0.000
763	  I	  7.4	  0.1	0.000	0.000	0.000
764	  E	  7.7	  0.0	0.000	0.000	0.000
765	  I	  7.8	  0.0	0.000	0.000	0.000
766	  V	  3.5	  0.5	0.000	0.000	0.000
767	  G	  3.1	  0.6	0.000	0.000	0.000
768	  S	  0.3	  0.6	0.000	0.000	0.000
769	  R	  0.2	  0.6	0.000	0.000	0.000
770	  L	  0.2	  0.1	0.000	0.000	0.000
771	  P	  0.0	  1.8	0.000	0.000	0.000
772	  P	  0.0	  1.8	0.000	0.000	0.000
773	  G	  0.0	  1.8	0.750	0.000	0.000
774	  A	  0.1	  1.9	0.750	0.000	0.000
775	  E	  0.2	  0.1	1.150	0.000	0.000
776	  R	  1.9	  0.0	1.150	0.000	0.000
777	  I	  4.6	  0.0	1.150	0.000	0.000
778	  A	  4.6	  0.0	1.150	0.000	0.000
779	  L	  3.5	  0.0	1.150	0.000	0.000
780	  E	  0.9	  0.0	1.150	0.000	0.000
781	  F	  1.7	  0.1	0.662	0.000	0.000
782	  L	  1.3	  0.2	0.000	0.000	0.000
783	  D	  1.3	  0.4	2.036	0.000	0.000
784	  S	  0.5	  0.4	2.500	0.000	0.000
785	  K	  0.3	  0.3	2.500	0.000	0.000
786	  A	  0.3	  0.2	2.500	0.000	0.000
787	  L	  0.3	  0.0	2.500	0.000	0.000
788	  C	  0.8	  0.3	2.500	0.000	0.000
789	  R	  1.4	  0.3	1.652	0.000	0.000
790	  N	  1.5	  0.3	0.749	0.000	0.000
791	  I	  0.9	  0.3	0.142	0.000	0.000
792	  P	  0.2	  0.0	0.000	0.000	0.000
793	  H	  0.7	  0.2	0.000	0.000	0.000
794	  M	  0.8	  0.8	0.000	0.000	0.000
795	  K	  0.8	  0.9	0.000	0.000	0.000
796	  G	  0.1	  1.1	0.000	0.000	0.000
797	  K	  0.4	  0.9	0.000	0.000	0.000
798	  S	  0.5	  0.3	0.000	0.000	0.000
799	  A	  0.8	  0.2	0.000	0.000	0.000
800	  M	  0.5	  0.1	0.000	0.000	0.000
801	  K	  0.5	  0.1	0.000	0.000	0.000
802	  K	  0.6	  0.1	0.000	0.000	0.000
803	  R	  0.9	  0.1	0.000	0.000	0.000
804	  H	  1.4	  0.1	0.210	0.000	0.000
805	  L	  2.5	  0.1	0.210	0.215	0.215
806	  E	  2.2	  0.0	0.210	0.215	0.215
807	  I	  2.8	  0.0	0.210	0.215	0.215
808	  L	  1.4	  0.0	0.210	0.215	0.215
809	  G	  1.3	  0.0	0.377	0.215	0.215
810	  Y	  4.2	  0.0	0.377	0.215	0.215
811	  R	  7.1	  0.0	0.167	0.215	0.215
812	  V	  9.1	  0.0	0.167	0.929	0.929
813	  I	  6.2	  0.0	0.167	0.929	0.929
814	  Q	  3.9	  0.0	0.167	0.713	0.713
815	  I	  2.9	  0.1	0.167	0.713	0.713
816	  S	  2.2	  0.1	0.913	0.713	0.713
817	  Q	  8.1	  0.1	0.746	0.554	0.554
818	  F	 10.5	  0.1	0.746	0.554	0.554
819	  E	 11.6	  0.0	0.746	0.000	0.000
820	  W	  5.9	  0.1	0.746	0.000	0.000
821	  N	  2.5	  0.1	1.211	0.000	0.000
822	  S	  0.9	  0.1	0.794	0.000	0.000
823	  M	  0.6	  0.1	0.582	0.000	0.000
824	  A	  0.8	  0.0	0.465	0.000	0.000
825	  L	  0.8	  0.1	0.465	0.000	0.000
826	  S	  0.8	  0.1	1.284	0.000	0.000
827	  T	  1.0	  0.4	0.937	0.000	0.000
828	  K	  0.8	  0.4	0.937	0.000	0.000
829	  D	  0.5	  0.4	1.924	0.000	0.000
830	  A	  0.3	  0.3	1.924	0.000	0.000
831	  R	  2.7	  0.3	1.924	0.000	0.000
832	  M	  4.1	  0.3	1.415	0.000	0.000
833	  D	  3.9	  0.3	1.528	0.000	0.000
834	  Y	  2.6	  0.3	1.528	0.000	0.000
835	  L	  1.1	  0.1	1.303	0.000	0.000
836	  R	  1.1	  0.1	1.135	0.000	0.000
837	  E	  0.1	  0.1	0.964	0.000	0.000
838	  C	  0.9	  0.1	0.834	0.000	0.000
839	  I	  1.8	  0.0	0.684	0.000	0.000
840	  F	  1.8	  0.2	0.684	0.000	0.000
841	  G	  1.0	  0.2	0.000	0.000	0.000
842	  E	 13.9	  0.2	0.000	0.000	0.000
843	  V	 16.6	  0.3	0.000	0.000	0.000
844	  K	 17.5	  0.1	0.000	0.000	0.000
845	  S	  5.1	  0.1	0.000	0.000	0.000
846	  C	  2.1	  0.1	0.000	0.000	0.000
847	  L	  1.1	  0.0	0.000	0.000	0.000
