res	aa	Beta	Turn	Helix	Aggregation	Conc-Stab_Aggregation
01	  M	  0.5	  0.0	0.000	0.000	0.000
02	  A	  1.2	  0.0	0.000	0.000	0.000
03	  V	  1.9	  0.0	0.000	0.000	0.000
04	  K	  1.6	  0.0	0.000	0.000	0.000
05	  K	  2.2	  0.0	0.000	0.000	0.000
06	  I	  4.1	  0.0	0.000	2.106	2.106
07	  A	  4.1	  0.0	0.000	2.297	2.297
08	  I	  3.8	  0.0	0.000	2.664	2.664
09	  F	  1.5	  0.9	0.000	2.664	2.664
10	  G	  1.2	  1.3	0.000	2.664	2.664
11	  A	  0.3	  1.5	0.000	1.766	1.766
12	  T	  0.2	  1.6	0.000	0.818	0.818
13	  G	  0.2	  1.0	0.000	0.000	0.000
14	  Q	  0.1	  0.6	0.000	0.000	0.000
15	  T	  0.1	  0.5	0.000	0.000	0.000
16	  G	  0.1	  0.4	1.296	0.000	0.000
17	  L	  0.4	  0.2	1.296	0.762	0.762
18	  T	  1.3	  0.1	1.296	0.762	0.762
19	  T	  1.7	  0.0	1.640	0.762	0.762
20	  L	  1.4	  0.0	1.640	0.762	0.762
21	  A	  0.6	  0.0	1.640	0.762	0.762
22	  Q	  0.4	  0.0	1.640	0.213	0.213
23	  A	  0.8	  0.0	1.135	0.213	0.213
24	  V	  1.9	  0.0	0.995	0.213	0.213
25	  Q	  1.6	  0.2	0.995	0.000	0.000
26	  A	  1.2	  0.2	0.453	0.000	0.000
27	  G	  0.1	  0.2	0.453	0.000	0.000
28	  Y	  6.9	  0.2	0.000	0.078	0.078
29	  E	 11.2	  0.0	0.000	0.078	0.078
30	  V	 27.1	  0.0	0.000	76.371	76.371
31	  T	 23.7	  0.0	0.000	76.371	76.371
32	  V	 24.0	  0.0	0.000	76.371	76.371
33	  L	  8.2	  0.0	0.000	76.371	76.371
34	  V	  5.6	  0.1	0.000	76.371	76.371
35	  R	  0.8	  0.1	0.000	0.078	0.078
36	  D	  0.7	  1.6	0.000	0.000	0.000
37	  S	  0.4	  1.7	0.000	0.000	0.000
38	  S	  0.5	  1.6	0.000	0.000	0.000
39	  R	  0.6	  1.6	0.000	0.000	0.000
40	  L	  0.3	  0.4	0.000	0.000	0.000
41	  P	  0.1	  0.5	0.000	0.000	0.000
42	  S	  0.0	  0.5	0.000	0.000	0.000
43	  E	  0.0	  0.6	0.000	0.000	0.000
44	  G	  0.0	  0.3	0.000	0.000	0.000
45	  P	  0.0	  0.1	0.000	0.000	0.000
46	  R	  0.0	  0.1	0.000	0.000	0.000
47	  P	  0.0	  0.0	0.000	0.000	0.000
48	  A	  0.3	  0.0	0.000	1.873	1.873
49	  H	  2.5	  0.0	0.000	1.873	1.873
50	  V	 15.1	  0.0	0.000	1.873	1.873
51	  V	 15.7	  0.0	0.000	1.873	1.873
52	  V	 13.7	  0.3	0.000	1.873	1.873
53	  G	  1.1	  0.3	0.000	0.155	0.155
54	  D	  0.1	  0.3	0.000	0.000	0.000
55	  V	  2.6	  0.3	0.000	0.000	0.000
56	  L	  3.0	  0.0	0.000	0.000	0.000
57	  Q	  2.9	  0.0	0.000	0.000	0.000
58	  A	  0.4	  0.3	0.000	0.000	0.000
59	  A	  0.2	  0.3	0.000	0.000	0.000
60	  D	  0.8	  1.0	0.000	0.000	0.000
61	  V	  1.0	  1.0	0.000	0.000	0.000
62	  D	  1.0	  0.8	0.185	0.000	0.000
63	  K	  1.1	  0.8	0.185	0.000	0.000
64	  T	  5.0	  0.1	0.185	0.000	0.000
65	  V	  5.6	  0.3	0.185	0.000	0.000
66	  A	  4.7	  0.3	0.185	0.000	0.000
67	  G	  0.7	  0.5	0.290	0.000	0.000
68	  Q	  0.1	  0.5	0.290	0.000	0.000
69	  D	  0.1	  0.3	0.531	0.000	0.000
70	  A	  1.0	  0.2	0.531	46.633	46.633
71	  V	 15.0	  0.0	0.531	97.301	97.301
72	  I	 22.5	  0.0	0.531	97.600	97.600
73	  V	 24.7	  0.0	0.531	97.610	97.610
74	  L	 11.6	  0.0	0.531	97.610	97.610
75	  L	  3.5	  0.1	0.531	93.827	93.827
76	  G	  0.1	  0.1	0.531	48.726	48.726
77	  T	  0.3	  0.4	0.000	18.186	18.186
78	  R	  0.4	  0.5	0.000	0.000	0.000
79	  N	  0.4	  0.5	0.000	0.000	0.000
80	  D	  0.4	  0.4	0.000	0.000	0.000
81	  L	  0.4	  0.2	0.000	0.000	0.000
82	  S	  0.4	  0.4	0.166	0.000	0.000
83	  P	  0.1	  0.3	0.166	0.000	0.000
84	  T	  2.1	  0.3	0.166	0.000	0.000
85	  T	  6.0	  0.3	0.166	0.000	0.000
86	  V	  9.2	  0.0	0.166	0.000	0.000
87	  M	  7.1	  0.1	0.166	0.000	0.000
88	  S	  3.3	  0.7	4.119	0.000	0.000
89	  E	  0.0	  0.9	4.119	0.000	0.000
90	  G	  0.0	  0.9	4.370	0.000	0.000
91	  A	  0.0	  0.9	4.370	0.000	0.000
92	  R	  0.4	  0.3	4.370	0.000	0.000
93	  N	  2.4	  0.1	5.513	0.000	0.000
94	  I	  6.8	  0.1	5.315	0.804	0.804
95	  V	  7.6	  0.0	5.347	0.804	0.804
96	  A	  5.7	  0.0	5.243	0.804	0.804
97	  A	  1.5	  0.0	4.935	0.804	0.804
98	  M	  0.7	  0.0	4.605	0.804	0.804
99	  K	  0.8	  0.2	3.113	0.000	0.000
100	  A	  0.6	  0.8	1.692	0.048	0.048
101	  H	  0.3	  0.8	1.481	0.105	0.105
102	  G	  0.2	  0.8	0.226	0.155	0.155
103	  V	  0.4	  0.6	0.000	0.774	0.774
104	  D	  0.4	  0.0	0.128	0.812	0.812
105	  K	  2.2	  0.0	0.128	0.812	0.812
106	  V	  6.5	  0.0	0.128	69.858	69.858
107	  V	  8.0	  0.0	0.128	85.457	85.457
108	  A	  6.2	  0.0	0.128	85.607	85.607
109	  C	  3.2	  0.1	0.128	85.790	85.790
110	  T	  2.0	  0.1	0.000	86.074	86.074
111	  S	  2.1	  0.1	0.000	86.266	86.266
112	  A	  1.0	  0.1	0.000	89.274	89.274
113	  F	  1.4	  0.0	0.000	89.249	89.249
114	  L	  1.6	  0.0	0.000	88.937	88.937
115	  L	  1.7	  0.0	0.000	87.188	87.188
116	  W	  1.1	  0.0	0.000	82.849	82.849
117	  D	  0.6	  0.8	0.000	0.000	0.000
118	  P	  0.1	  0.8	0.000	0.000	0.000
119	  T	  3.0	  0.8	0.000	0.000	0.000
120	  K	  3.0	  0.8	0.000	0.000	0.000
121	  V	  3.0	  0.0	0.000	0.000	0.000
122	  P	  0.0	  0.2	0.000	0.000	0.000
123	  P	  0.0	  0.2	0.000	0.000	0.000
124	  R	  0.5	  0.2	0.000	0.000	0.000
125	  L	  0.8	  0.3	0.000	0.000	0.000
126	  Q	  1.1	  0.0	0.000	0.000	0.000
127	  A	  1.1	  0.0	0.000	0.000	0.000
128	  V	  2.2	  0.1	0.000	0.000	0.000
129	  T	  2.0	  0.2	0.456	0.000	0.000
130	  D	  1.5	  0.3	0.895	0.000	0.000
131	  D	  0.3	  0.3	1.181	0.000	0.000
132	  H	  6.4	  0.2	1.181	0.000	0.000
133	  I	 10.8	  0.0	1.181	0.000	0.000
134	  R	 11.0	  0.0	1.181	0.000	0.000
135	  M	  5.3	  0.0	1.181	0.000	0.000
136	  H	  1.9	  0.0	0.622	0.000	0.000
137	  K	  2.2	  0.0	0.000	0.000	0.000
138	  V	  3.9	  0.0	0.000	0.000	0.000
139	  L	  2.9	  0.0	0.000	0.000	0.000
140	  R	  2.0	  0.4	0.000	0.000	0.000
141	  E	  0.1	  0.5	0.000	0.000	0.000
142	  S	  0.0	  0.6	0.110	0.000	0.000
143	  G	  0.0	  0.5	0.410	0.000	0.000
144	  L	  0.8	  0.1	0.410	0.000	0.000
145	  K	  1.3	  0.1	0.410	0.000	0.000
146	  Y	  3.9	  0.0	0.410	0.000	0.000
147	  V	 10.4	  0.0	0.410	0.000	0.000
148	  A	 11.6	  0.0	0.410	0.000	0.000
149	  V	  9.2	  0.0	0.410	0.000	0.000
150	  M	  2.2	  0.0	0.410	0.000	0.000
151	  P	  0.0	  0.2	0.000	0.000	0.000
152	  P	  0.0	  0.2	0.000	0.000	0.000
153	  H	  1.2	  0.5	0.000	0.000	0.000
154	  I	  1.2	  1.7	0.000	0.000	0.000
155	  G	  1.2	  1.5	0.000	0.000	0.000
156	  D	  0.0	  1.5	0.000	0.000	0.000
157	  Q	  0.0	  1.2	0.000	0.000	0.000
158	  P	  0.0	  0.0	0.000	0.000	0.000
159	  L	  0.1	  0.1	0.000	0.761	0.761
160	  T	  0.2	  0.3	0.000	0.761	0.761
161	  G	  0.2	  0.3	0.000	0.889	0.889
162	  A	  0.3	  0.3	0.000	2.573	2.573
163	  Y	 10.0	  0.2	0.000	4.256	4.256
164	  T	 19.9	  0.0	0.000	4.256	4.256
165	  V	 25.6	  0.0	0.000	4.256	4.256
166	  T	 17.7	  0.3	0.000	3.907	3.907
167	  L	  7.7	  0.8	0.000	3.646	3.646
168	  D	  1.3	  1.1	0.000	0.000	0.000
169	  G	  0.1	  1.1	0.000	0.000	0.000
170	  R	  0.0	  0.8	0.000	0.000	0.000
171	  G	  0.0	  0.9	0.000	0.000	0.000
172	  P	  0.0	  0.6	0.000	0.000	0.000
173	  S	  0.2	  0.6	0.000	0.000	0.000
174	  R	  3.3	  0.6	0.000	0.000	0.000
175	  V	  7.7	  0.1	0.000	0.000	0.000
176	  I	  8.1	  0.0	0.000	0.000	0.000
177	  S	  5.3	  0.2	0.395	0.000	0.000
178	  K	  0.9	  0.2	0.395	0.000	0.000
179	  H	  0.4	  0.4	0.395	0.000	0.000
180	  D	  0.2	  0.8	0.395	0.000	0.000
181	  L	  0.2	  0.9	0.395	0.000	0.000
182	  G	  0.1	  0.8	0.395	0.000	0.000
183	  H	  1.8	  0.6	0.175	0.000	0.000
184	  F	  2.6	  0.2	0.000	0.000	0.000
185	  M	  2.8	  0.0	0.000	0.000	0.000
186	  L	  4.4	  0.0	0.000	0.000	0.000
187	  R	  4.6	  0.0	0.000	0.000	0.000
188	  C	  4.9	  0.0	0.000	0.000	0.000
189	  L	  1.9	  0.0	0.000	0.000	0.000
190	  T	  1.1	  0.1	0.000	0.000	0.000
191	  T	  0.8	  0.1	0.000	0.000	0.000
192	  D	  0.5	  0.3	0.000	0.000	0.000
193	  E	  2.1	  0.4	0.000	0.000	0.000
194	  Y	  2.4	  1.3	0.000	0.000	0.000
195	  D	  2.4	  1.4	0.000	0.000	0.000
196	  G	  0.4	  1.2	0.000	0.000	0.000
197	  H	  0.1	  1.3	0.000	0.000	0.000
198	  S	  1.3	  0.3	0.000	0.000	0.000
199	  T	  2.2	  0.2	0.000	0.000	0.000
200	  Y	  2.1	  0.6	0.000	0.000	0.000
201	  P	  0.9	  0.5	0.000	0.000	0.000
202	  S	  0.4	  0.5	0.000	0.000	0.000
203	  H	  1.6	  0.5	0.000	0.000	0.000
204	  Q	  4.0	  0.1	0.000	0.000	0.000
205	  Y	  3.5	  0.0	0.000	0.000	0.000
206	  Q	  2.4	  0.0	0.000	0.000	0.000
