res	aa	Beta	Turn	Helix	Aggregation	Conc-Stab_Aggregation
01	  M	  2.8	  0.0	0.000	0.000	0.000
02	  D	  5.2	  0.0	0.000	0.000	0.000
03	  V	  6.4	  0.0	0.000	0.000	0.000
04	  F	  4.2	  0.2	0.000	0.000	0.000
05	  K	  1.7	  0.5	0.000	0.000	0.000
06	  K	  0.5	  0.5	0.000	0.000	0.000
07	  G	  0.1	  0.5	0.000	0.000	0.000
08	  F	  3.6	  0.3	0.000	0.000	0.000
09	  S	  4.0	  0.0	0.000	0.000	0.000
10	  I	  4.4	  0.0	0.000	0.000	0.000
11	  A	  0.9	  0.2	0.000	0.000	0.000
12	  K	  0.6	  0.4	0.000	0.000	0.000
13	  E	  0.1	  0.4	0.000	0.000	0.000
14	  G	  0.0	  0.4	0.000	4.730	4.730
15	  V	  1.2	  0.3	0.000	11.817	11.817
16	  V	  1.3	  0.1	0.000	11.817	11.817
17	  G	  1.3	  0.1	0.345	11.817	11.817
18	  A	  0.4	  0.1	0.345	11.817	11.817
19	  V	  1.5	  0.1	0.345	11.817	11.817
20	  E	  1.8	  0.1	0.345	0.000	0.000
21	  K	  2.3	  0.1	0.345	0.000	0.000
22	  T	  2.6	  0.3	0.345	0.000	0.000
23	  K	  2.2	  0.4	0.345	0.000	0.000
24	  Q	  1.5	  0.4	0.220	0.000	0.000
25	  G	  0.1	  0.4	0.000	0.000	0.000
26	  V	  0.9	  0.2	0.000	0.000	0.000
27	  T	  0.9	  0.1	1.115	0.000	0.000
28	  E	  0.9	  0.0	1.115	0.000	0.000
29	  A	  0.1	  0.0	1.115	0.000	0.000
30	  A	  0.1	  0.1	1.115	0.000	0.000
31	  E	  0.4	  0.1	1.115	0.000	0.000
32	  K	  1.2	  0.1	1.115	0.000	0.000
33	  T	  1.8	  0.3	0.371	0.000	0.000
34	  K	  1.5	  0.5	0.371	0.000	0.000
35	  E	  0.7	  0.5	0.162	0.000	0.000
36	  G	  0.0	  0.5	0.000	7.209	7.209
37	  V	  1.9	  0.3	0.000	19.782	19.782
38	  M	  2.8	  0.0	0.000	19.782	19.782
39	  Y	  3.5	  0.0	0.000	19.782	19.782
40	  V	  1.8	  0.1	0.000	19.782	19.782
41	  G	  0.9	  0.1	1.108	12.984	12.984
42	  A	  0.2	  0.2	1.108	5.949	5.949
43	  K	  0.8	  0.2	1.108	0.000	0.000
44	  T	  1.5	  0.2	1.108	0.000	0.000
45	  K	  1.5	  0.3	1.108	0.000	0.000
46	  E	  0.8	  0.3	1.108	0.000	0.000
47	  N	  2.1	  0.3	0.525	0.000	0.000
48	  V	  5.8	  0.2	0.000	0.547	0.547
49	  V	  6.9	  0.0	0.000	0.547	0.547
50	  Q	  5.3	  0.0	0.000	0.547	0.547
51	  S	  5.0	  0.0	0.000	0.733	0.733
52	  V	  6.5	  0.0	0.000	2.231	2.231
53	  T	  7.1	  0.0	0.180	2.049	2.049
54	  S	  4.2	  0.0	0.617	2.049	2.049
55	  V	  2.2	  0.0	0.617	2.049	2.049
56	  A	  1.4	  0.0	0.617	2.049	2.049
57	  E	  1.1	  0.1	0.617	0.000	0.000
58	  K	  1.1	  0.1	0.617	0.000	0.000
59	  T	  1.8	  0.2	0.437	0.000	0.000
60	  K	  1.5	  0.2	0.437	0.000	0.000
61	  E	  0.8	  0.1	0.311	0.000	0.000
62	  Q	  0.2	  0.4	0.171	0.000	0.000
63	  A	  0.1	  0.3	0.000	0.000	0.000
64	  N	  0.2	  0.3	0.000	0.000	0.000
65	  A	  0.7	  0.3	0.000	0.000	0.000
66	  V	  1.1	  0.0	0.000	0.000	0.000
67	  S	  1.0	  0.1	0.000	0.000	0.000
68	  E	  0.4	  0.1	0.000	0.000	0.000
69	  A	  0.8	  0.1	0.000	1.956	1.956
70	  V	  5.2	  0.0	0.000	4.266	4.266
71	  V	  6.4	  0.0	0.000	4.266	4.266
72	  S	  5.9	  0.0	0.000	4.266	4.266
73	  S	  6.3	  0.2	0.000	4.266	4.266
74	  V	  6.2	  0.3	0.000	4.266	4.266
75	  N	  6.9	  0.2	0.000	3.200	3.200
76	  T	  5.9	  0.2	0.000	3.200	3.200
77	  V	  5.7	  0.0	0.000	3.200	3.200
78	  A	  5.0	  0.0	0.000	2.909	2.909
79	  T	  2.7	  0.1	0.000	1.082	1.082
80	  K	  2.5	  0.1	0.000	0.000	0.000
81	  T	  9.1	  0.1	0.542	0.000	0.000
82	  V	  8.3	  0.1	0.542	0.000	0.000
83	  E	  7.5	  0.0	0.542	0.000	0.000
84	  E	  0.6	  0.0	0.542	0.000	0.000
85	  A	  0.1	  0.2	0.542	0.000	0.000
86	  E	  0.1	  0.2	0.542	0.000	0.000
87	  N	  0.4	  0.2	0.429	0.230	0.230
88	  I	  4.0	  0.2	0.000	7.694	7.694
89	  A	  4.4	  0.0	0.000	7.694	7.694
90	  V	  6.8	  0.0	0.000	7.694	7.694
91	  T	  3.3	  0.2	0.000	7.694	7.694
92	  S	  2.8	  0.2	0.000	7.694	7.694
93	  G	  0.1	  0.2	0.000	7.517	7.517
94	  V	  2.9	  0.2	0.000	7.517	7.517
95	  V	  3.6	  0.0	0.000	6.130	6.130
96	  R	  3.8	  0.1	0.000	0.000	0.000
97	  K	  1.0	  0.6	0.000	0.000	0.000
98	  E	  0.2	  0.6	0.000	0.000	0.000
99	  D	  0.8	  0.6	0.000	0.000	0.000
100	  L	  0.9	  0.5	0.000	0.000	0.000
101	  R	  0.9	  0.4	0.000	0.000	0.000
102	  P	  0.2	  0.4	0.000	0.000	0.000
103	  S	  0.1	  0.4	0.000	0.000	0.000
104	  A	  0.1	  0.6	0.000	0.000	0.000
105	  P	  0.1	  0.2	0.000	0.000	0.000
106	  Q	  0.3	  0.3	0.000	0.000	0.000
107	  Q	  0.3	  0.7	0.000	0.000	0.000
108	  E	  0.3	  0.6	0.000	0.000	0.000
109	  G	  0.0	  0.6	1.105	0.000	0.000
110	  E	  0.2	  0.5	1.105	0.000	0.000
111	  A	  0.4	  0.2	1.105	0.000	0.000
112	  S	  0.9	  0.2	1.401	0.000	0.000
113	  K	  1.0	  0.2	1.401	0.000	0.000
114	  E	  0.9	  0.2	1.401	0.000	0.000
115	  K	  0.6	  0.2	0.956	0.000	0.000
116	  E	  0.3	  0.1	0.678	0.000	0.000
117	  E	  1.9	  0.1	0.459	0.000	0.000
118	  V	  2.5	  0.0	0.159	0.000	0.000
119	  A	  2.5	  0.1	0.159	0.000	0.000
120	  E	  0.8	  0.1	0.159	0.000	0.000
121	  E	  0.1	  0.1	0.159	0.000	0.000
122	  A	  0.2	  0.4	0.159	0.000	0.000
123	  Q	  0.2	  0.4	0.159	0.000	0.000
124	  S	  0.1	  0.6	0.000	0.000	0.000
125	  G	  0.0	  0.6	0.000	0.000	0.000
126	  G	  0.0	  0.4	0.000	0.000	0.000
127	  D	  0.0	  0.2	0.000	0.000	0.000
