res	aa	Beta	Turn	Helix	Aggregation	Conc-Stab_Aggregation
01	  M	  0.0	  0.0	0.000	0.000	0.000
02	  P	  0.0	  0.0	0.000	0.000	0.000
03	  S	  0.0	  1.5	0.000	0.000	0.000
04	  P	  0.0	  1.5	0.000	0.017	0.017
05	  G	  0.0	  1.5	0.000	1.781	1.781
06	  T	  3.1	  1.5	0.239	21.526	21.526
07	  V	  4.1	  0.0	0.239	54.679	54.679
08	  C	  5.4	  0.1	1.116	57.480	57.480
09	  S	  2.6	  0.1	2.378	61.086	61.086
10	  L	  2.5	  0.1	2.378	86.113	86.113
11	  L	  2.0	  0.1	2.378	90.973	90.973
12	  L	  1.9	  0.0	2.378	91.782	91.782
13	  L	  1.1	  0.0	2.378	91.535	91.535
14	  G	  0.2	  0.0	2.655	88.918	88.918
15	  M	  0.6	  0.0	1.274	88.334	88.334
16	  L	  1.1	  0.0	0.637	87.577	87.577
17	  W	  1.6	  0.3	1.016	83.316	83.316
18	  L	  2.1	  0.3	1.016	70.437	70.437
19	  D	  1.6	  0.3	2.199	0.000	0.000
20	  L	  1.4	  0.3	2.072	0.000	0.000
21	  A	  0.4	  0.0	2.072	0.000	0.000
22	  M	  0.5	  0.4	2.072	0.000	0.000
23	  A	  0.1	  1.0	1.655	0.000	0.000
24	  G	  0.1	  1.2	1.655	0.000	0.000
25	  S	  0.3	  1.2	1.129	0.000	0.000
26	  S	  0.9	  0.7	0.000	0.000	0.000
27	  F	  2.7	  0.2	0.000	0.000	0.000
28	  L	  2.5	  0.0	0.000	0.000	0.000
29	  S	  2.0	  0.3	0.299	0.000	0.000
30	  P	  0.1	  0.4	0.299	0.000	0.000
31	  E	  0.3	  0.4	0.299	0.000	0.000
32	  H	  0.7	  0.5	0.299	0.000	0.000
33	  Q	  1.3	  0.2	0.299	0.000	0.000
34	  R	  2.5	  0.1	0.299	0.000	0.000
35	  V	  3.6	  0.1	0.299	0.000	0.000
36	  Q	  3.2	  0.1	0.299	0.000	0.000
37	  Q	  2.0	  0.1	0.161	0.000	0.000
38	  R	  0.7	  0.1	0.161	0.000	0.000
39	  K	  0.6	  0.2	0.000	0.000	0.000
40	  E	  0.7	  0.2	0.000	0.000	0.000
41	  S	  0.8	  0.2	0.000	0.000	0.000
42	  K	  0.7	  0.2	0.000	0.000	0.000
43	  K	  0.3	  0.0	0.000	0.000	0.000
44	  P	  0.0	  0.0	0.000	0.000	0.000
45	  P	  0.0	  0.0	0.000	0.000	0.000
46	  A	  0.3	  0.0	0.000	0.000	0.000
47	  K	  1.5	  0.0	0.000	0.000	0.000
48	  L	  1.6	  0.0	0.000	0.000	0.000
49	  Q	  1.3	  0.2	0.000	0.000	0.000
50	  P	  0.1	  0.2	0.000	0.000	0.000
51	  R	  0.2	  0.2	0.000	0.000	0.000
52	  A	  0.2	  0.2	0.000	0.000	0.000
53	  L	  0.3	  0.8	0.000	0.000	0.000
54	  A	  0.1	  0.8	0.000	0.000	0.000
55	  G	  0.1	  0.8	0.000	0.000	0.000
56	  W	  1.3	  0.8	0.000	0.000	0.000
57	  L	  1.5	  0.0	0.000	0.000	0.000
58	  R	  1.5	  0.2	0.000	0.000	0.000
59	  P	  0.2	  1.4	0.000	0.000	0.000
60	  E	  0.0	  1.5	0.000	0.000	0.000
61	  D	  0.0	  3.7	0.000	0.000	0.000
62	  G	  0.0	  3.5	0.000	0.000	0.000
63	  G	  0.1	  2.3	0.000	0.000	0.000
64	  Q	  0.3	  2.4	0.000	0.000	0.000
65	  A	  0.3	  0.6	0.000	0.000	0.000
66	  E	  0.2	  0.8	0.000	0.000	0.000
67	  G	  0.0	  0.9	0.000	0.000	0.000
68	  A	  0.0	  1.0	0.000	0.000	0.000
69	  E	  0.0	  0.6	0.000	0.000	0.000
70	  D	  0.0	  0.5	1.784	0.000	0.000
71	  E	  0.2	  0.4	2.162	0.000	0.000
72	  L	  1.8	  0.1	2.162	0.000	0.000
73	  E	  3.4	  0.1	2.162	0.000	0.000
74	  V	  5.5	  0.0	2.162	0.000	0.000
75	  R	  8.3	  0.0	2.162	0.000	0.000
76	  F	  9.3	  0.0	1.917	0.000	0.000
77	  N	  7.2	  0.0	1.609	0.000	0.000
78	  A	  2.8	  0.0	0.263	0.000	0.000
79	  P	  0.0	  0.0	0.000	0.000	0.000
80	  F	  3.5	  0.0	0.000	0.000	0.000
81	  D	  3.5	  0.0	0.880	0.000	0.000
82	  V	  3.9	  0.1	0.880	0.000	0.000
83	  G	  0.5	  0.1	0.880	0.000	0.000
84	  I	  5.9	  0.1	0.880	0.000	0.000
85	  K	  5.9	  0.2	0.880	0.000	0.000
86	  L	  6.0	  0.3	0.880	0.000	0.000
87	  S	  0.7	  0.3	0.880	0.000	0.000
88	  G	  0.2	  0.3	0.421	0.000	0.000
89	  V	  3.5	  0.1	0.000	0.000	0.000
90	  Q	  7.4	  0.0	0.000	0.000	0.000
91	  Y	  9.1	  0.0	0.000	0.000	0.000
92	  Q	  6.1	  0.1	0.000	0.000	0.000
93	  Q	  2.2	  0.1	0.000	0.000	0.000
94	  H	  0.5	  0.2	0.000	0.000	0.000
95	  S	  0.3	  0.2	0.476	0.000	0.000
96	  Q	  0.4	  0.2	0.476	0.000	0.000
97	  A	  0.3	  0.3	0.476	0.000	0.000
98	  L	  0.2	  0.5	0.476	0.000	0.000
99	  G	  0.1	  0.5	0.476	0.000	0.000
100	  K	  0.3	  0.5	0.476	0.000	0.000
101	  F	  1.1	  0.3	0.000	0.000	0.000
102	  L	  1.3	  0.1	0.000	0.000	0.000
103	  Q	  1.2	  0.1	0.000	0.000	0.000
104	  D	  0.4	  0.1	0.000	0.000	0.000
105	  I	  1.6	  0.1	0.000	0.000	0.000
106	  L	  1.6	  0.0	0.137	0.000	0.000
107	  W	  1.9	  0.1	0.525	0.000	0.000
108	  E	  0.5	  0.1	0.525	0.000	0.000
109	  E	  0.9	  0.1	0.525	0.000	0.000
110	  A	  0.5	  0.2	0.525	0.000	0.000
111	  K	  0.8	  0.1	0.525	0.000	0.000
112	  E	  0.4	  0.1	0.388	0.000	0.000
113	  A	  0.3	  0.1	0.182	0.000	0.000
114	  P	  0.0	  0.5	0.000	0.000	0.000
115	  A	  0.0	  0.5	0.000	0.000	0.000
116	  D	  0.0	  0.5	0.000	0.000	0.000
117	  K	  0.0	  0.5	0.000	0.000	0.000
