res	aa	Beta	Turn	Helix	Aggregation	Conc-Stab_Aggregation
01	  M	  0.7	  0.0	0.000	0.000	0.000
02	  F	  1.2	  0.0	0.000	0.000	0.000
03	  Q	  1.2	  0.0	0.000	0.000	0.000
04	  P	  0.5	  0.0	0.000	0.000	0.000
05	  A	  0.0	  0.2	0.000	0.000	0.000
06	  P	  0.0	  0.2	0.000	0.000	0.000
07	  K	  0.5	  0.3	0.000	0.000	0.000
08	  R	  2.8	  0.3	0.000	0.000	0.000
09	  C	  3.7	  0.1	0.000	0.000	0.000
10	  F	 12.0	  0.0	0.000	0.209	0.209
11	  T	 13.5	  0.0	0.502	0.209	0.209
12	  I	 13.1	  0.1	0.502	0.209	0.209
13	  E	  4.6	  0.1	0.502	0.209	0.209
14	  S	  0.9	  0.1	0.919	0.209	0.209
15	  L	  1.3	  0.1	0.919	0.209	0.209
16	  V	  2.0	  0.0	0.919	0.209	0.209
17	  A	  1.7	  0.3	0.919	0.209	0.209
18	  K	  0.9	  0.3	0.745	0.209	0.209
19	  D	  0.1	  0.3	0.417	0.000	0.000
20	  S	  0.1	  0.3	0.000	0.000	0.000
21	  P	  0.0	  0.0	0.000	0.000	0.000
22	  L	  0.0	  0.0	0.000	0.000	0.000
23	  P	  0.0	  0.2	0.000	0.000	0.000
24	  A	  0.2	  0.3	0.000	0.000	0.000
25	  S	  1.8	  0.8	0.000	0.000	0.000
26	  R	  2.0	  0.9	0.000	0.000	0.000
27	  S	  1.9	  0.7	0.000	0.000	0.000
28	  E	  0.2	  0.6	0.000	0.000	0.000
29	  D	  0.1	  0.1	0.000	0.000	0.000
30	  P	  0.0	  0.0	0.000	0.000	0.000
31	  I	  0.5	  0.0	0.000	0.000	0.000
32	  R	  0.5	  0.0	0.136	0.000	0.000
33	  P	  0.5	  0.0	0.136	0.000	0.000
34	  A	  0.1	  0.0	0.136	0.000	0.000
35	  A	  0.4	  0.0	0.136	0.000	0.000
36	  L	  2.7	  0.0	0.136	0.000	0.000
37	  S	  3.3	  0.0	0.136	0.000	0.000
38	  Y	  3.3	  0.3	0.136	0.000	0.000
39	  A	  1.0	  0.3	0.000	0.000	0.000
40	  N	  0.5	  0.3	0.000	0.000	0.000
41	  S	  0.2	  0.3	0.000	0.000	0.000
42	  S	  0.2	  0.0	0.000	0.000	0.000
43	  P	  0.0	  0.0	0.000	0.000	0.000
44	  I	  0.3	  0.0	0.000	0.000	0.000
45	  N	  0.3	  0.0	0.000	0.000	0.000
46	  P	  0.3	  0.0	0.000	0.000	0.000
47	  F	  1.2	  0.3	0.000	0.168	0.168
48	  L	  1.3	  1.5	0.000	0.168	0.168
49	  N	  1.3	  1.5	0.000	0.168	0.168
50	  G	  0.2	  1.5	0.000	0.168	0.168
51	  F	  0.6	  1.2	0.000	0.168	0.168
52	  H	  0.7	  0.1	1.118	0.000	0.000
53	  S	  0.8	  0.1	5.068	0.000	0.000
54	  A	  0.3	  0.1	5.573	0.000	0.000
55	  A	  0.2	  0.1	5.884	0.000	0.000
56	  A	  0.1	  0.0	5.884	0.000	0.000
57	  A	  0.1	  0.0	5.884	0.000	0.000
58	  A	  0.1	  0.4	5.764	0.000	0.000
59	  A	  0.1	  0.8	5.085	0.000	0.000
60	  G	  0.1	  0.9	3.903	0.000	0.000
61	  R	  0.1	  0.9	1.918	0.000	0.000
62	  G	  0.1	  0.5	0.179	0.000	0.000
63	  V	  4.6	  0.2	0.000	0.000	0.000
64	  Y	  5.0	  0.0	0.000	0.000	0.000
65	  S	  5.0	  0.0	0.000	0.000	0.000
66	  N	  0.5	  3.7	0.000	0.000	0.000
67	  P	  0.0	  3.8	0.000	0.000	0.000
68	  D	  0.2	  3.8	0.000	0.000	0.000
69	  L	  1.5	  3.8	0.000	0.000	0.000
70	  V	  3.5	  0.0	0.000	0.000	0.000
71	  F	  3.7	  0.0	0.000	0.000	0.000
72	  A	  2.4	  0.0	0.000	0.000	0.000
73	  E	  0.4	  0.0	0.000	0.000	0.000
74	  A	  0.6	  0.0	0.000	0.000	0.000
75	  V	  4.7	  0.0	0.000	0.000	0.000
76	  S	  4.6	  0.0	0.000	0.000	0.000
77	  H	  4.1	  0.0	0.000	0.000	0.000
78	  P	  0.0	  0.0	0.000	0.000	0.000
79	  P	  0.0	  0.0	0.000	0.000	0.000
80	  N	  0.0	  0.0	0.000	0.000	0.000
81	  P	  0.0	  0.0	0.000	0.000	0.000
82	  A	  0.1	  0.0	0.000	0.000	0.000
83	  V	  0.2	  0.0	0.000	0.000	0.000
84	  P	  0.2	  0.0	0.000	0.000	0.000
85	  V	  0.5	  0.0	0.000	0.000	0.000
86	  H	  0.4	  0.0	0.000	0.000	0.000
87	  P	  0.4	  0.0	0.000	0.000	0.000
88	  V	  0.0	  0.0	0.000	0.000	0.000
89	  P	  0.0	  0.0	0.000	0.000	0.000
90	  P	  0.0	  0.3	0.000	0.000	0.000
91	  P	  0.0	  0.3	0.000	0.000	0.000
92	  H	  0.3	  0.3	0.370	0.000	0.000
93	  A	  0.4	  0.3	0.370	0.000	0.000
94	  L	  0.5	  0.0	0.370	0.000	0.000
95	  A	  0.4	  0.0	0.370	0.000	0.000
96	  A	  0.3	  0.0	0.370	0.000	0.000
97	  H	  0.3	  0.0	0.370	0.000	0.000
98	  P	  0.0	  0.0	0.000	0.000	0.000
99	  L	  0.0	  0.3	0.000	0.000	0.000
100	  P	  0.0	  0.5	0.000	0.000	0.000
101	  S	  0.2	  0.6	0.000	0.000	0.000
102	  S	  2.9	  0.6	0.000	0.000	0.000
103	  H	  2.9	  0.3	0.000	0.000	0.000
104	  S	  2.7	  0.1	0.000	0.000	0.000
105	  P	  0.0	  0.0	0.000	0.000	0.000
106	  H	  0.0	  0.3	0.000	0.000	0.000
107	  P	  0.0	  0.3	0.000	0.000	0.000
108	  L	  0.4	  0.3	0.000	0.000	0.000
109	  F	  1.2	  0.5	0.000	0.000	0.000
110	  A	  1.4	  0.2	0.000	0.000	0.000
111	  S	  1.4	  0.3	0.000	0.000	0.000
112	  Q	  0.7	  0.3	0.000	0.000	0.000
113	  Q	  0.7	  0.2	0.000	0.000	0.000
114	  R	  0.4	  0.1	0.000	0.000	0.000
115	  D	  0.2	  3.5	0.594	0.000	0.000
116	  P	  0.0	  3.6	0.594	0.000	0.000
117	  S	  0.7	  3.6	0.594	0.000	0.000
118	  T	 11.0	  3.6	0.594	0.000	0.000
119	  F	 11.1	  0.1	0.594	0.000	0.000
120	  Y	 10.5	  0.3	0.594	0.000	0.000
121	  P	  0.2	  0.3	0.000	0.000	0.000
122	  W	  0.4	  0.3	0.106	0.000	0.000
123	  L	  1.0	  0.3	0.106	0.000	0.000
124	  I	  2.4	  0.0	0.106	0.000	0.000
125	  H	  2.8	  0.0	0.106	0.000	0.000
126	  R	  3.4	  0.0	0.106	0.000	0.000
127	  Y	  4.8	  0.0	0.106	0.000	0.000
128	  R	  4.6	  0.0	0.000	0.000	0.000
129	  Y	  3.8	  0.1	0.000	0.000	0.000
130	  L	  1.0	  0.2	0.000	0.000	0.000
131	  G	  0.4	  0.2	0.000	0.000	0.000
132	  H	  0.9	  0.2	0.000	0.000	0.000
133	  R	  2.1	  0.1	0.000	0.000	0.000
134	  F	  2.6	  0.2	0.000	0.000	0.000
135	  Q	  1.8	  0.9	0.000	0.000	0.000
136	  G	  0.5	  1.0	0.000	0.000	0.000
137	  N	  0.0	  1.1	0.000	0.000	0.000
138	  D	  0.3	  0.9	0.000	0.000	0.000
139	  T	  0.4	  0.2	0.000	0.000	0.000
140	  S	  0.4	  0.4	0.555	0.000	0.000
141	  P	  0.1	  0.5	0.555	0.000	0.000
142	  E	  0.2	  0.5	0.555	0.000	0.000
143	  S	  0.8	  0.5	1.503	0.000	0.000
144	  F	  1.5	  0.2	1.503	0.000	0.000
145	  L	  1.8	  0.0	1.503	0.000	0.000
146	  L	  1.5	  0.0	1.503	0.000	0.000
147	  H	  0.8	  0.1	2.282	0.000	0.000
148	  N	  0.3	  0.1	4.253	0.000	0.000
149	  A	  0.2	  0.1	3.710	0.000	0.000
150	  L	  0.1	  0.0	3.710	0.000	0.000
151	  A	  0.3	  0.0	3.710	0.000	0.000
152	  R	  0.3	  0.0	3.710	0.000	0.000
153	  K	  0.3	  0.1	2.828	0.000	0.000
154	  P	  0.1	  0.2	0.000	0.000	0.000
155	  K	  1.0	  0.2	0.000	0.000	0.000
156	  R	  4.9	  0.2	0.000	0.000	0.000
157	  I	  6.0	  0.1	0.000	0.000	0.000
158	  R	  5.2	  0.0	0.000	0.000	0.000
159	  T	  2.1	  0.0	0.000	0.000	0.000
160	  A	  1.8	  0.0	0.000	0.000	0.000
161	  F	  2.1	  0.0	0.000	0.000	0.000
162	  S	  1.3	  2.4	0.286	0.000	0.000
163	  P	  0.4	  2.5	0.286	0.000	0.000
164	  S	  0.2	  2.5	1.123	0.000	0.000
165	  Q	  0.7	  2.5	1.123	0.000	0.000
166	  L	  0.9	  0.1	1.123	0.000	0.000
167	  L	  2.3	  0.1	1.123	0.000	0.000
168	  R	  2.1	  0.0	1.123	0.000	0.000
169	  L	  2.3	  0.1	0.986	0.000	0.000
170	  E	  0.9	  0.1	0.655	0.000	0.000
171	  H	  0.9	  0.1	0.145	0.000	0.000
172	  A	  0.8	  0.1	0.000	0.000	0.000
173	  F	  2.7	  0.1	0.000	0.000	0.000
174	  E	  2.6	  0.2	0.000	0.000	0.000
175	  K	  2.4	  0.2	0.000	0.000	0.000
176	  N	  1.0	  0.2	0.000	0.000	0.000
177	  H	  2.9	  0.2	0.000	0.134	0.134
178	  Y	  5.1	  0.0	0.000	5.198	5.198
179	  V	  5.6	  0.0	0.000	5.198	5.198
180	  V	  3.5	  0.1	0.000	5.198	5.198
181	  G	  1.2	  0.1	1.585	5.198	5.198
182	  A	  0.2	  0.2	1.585	5.063	5.063
183	  E	  0.9	  0.2	1.843	0.000	0.000
184	  R	  1.1	  0.1	1.843	0.000	0.000
185	  K	  1.1	  0.2	1.843	0.000	0.000
186	  Q	  0.4	  0.1	1.843	0.000	0.000
187	  L	  0.4	  0.1	1.277	0.000	0.000
188	  A	  0.3	  0.0	1.027	0.000	0.000
189	  H	  0.4	  0.1	0.800	0.000	0.000
190	  S	  6.0	  0.4	0.000	0.000	0.000
191	  L	  7.7	  0.5	0.000	0.000	0.000
192	  S	  9.1	  0.4	0.000	0.000	0.000
193	  L	  3.6	  0.4	0.000	0.000	0.000
194	  T	  1.8	  0.1	0.000	0.000	0.000
195	  E	  0.2	  0.1	0.000	0.000	0.000
196	  T	  0.9	  0.1	0.238	0.000	0.000
197	  Q	  1.7	  0.1	0.238	0.000	0.000
198	  V	 16.6	  0.0	0.238	0.000	0.000
199	  K	 16.6	  0.0	0.238	0.000	0.000
200	  V	 17.0	  0.0	0.238	0.000	0.000
201	  W	  3.2	  0.0	0.238	0.000	0.000
202	  F	  3.8	  0.2	0.131	0.000	0.000
203	  Q	  2.6	  0.2	0.000	0.000	0.000
204	  N	  1.5	  0.2	1.552	0.000	0.000
205	  R	  0.4	  0.3	1.552	0.000	0.000
206	  R	  0.5	  0.1	1.552	0.000	0.000
207	  T	  1.8	  0.1	1.552	0.000	0.000
208	  K	  2.6	  0.1	1.552	0.000	0.000
209	  F	  3.4	  0.1	1.552	0.000	0.000
210	  K	  2.4	  0.1	0.228	0.000	0.000
211	  R	  1.6	  0.1	0.000	0.000	0.000
212	  Q	  1.0	  0.1	0.000	0.000	0.000
213	  K	  2.2	  0.1	0.000	0.000	0.000
214	  L	  2.0	  0.1	0.000	0.000	0.000
215	  E	  1.6	  0.2	0.000	0.000	0.000
216	  E	  0.0	  0.5	0.000	0.000	0.000
217	  E	  0.0	  1.3	0.000	0.000	0.000
218	  G	  0.0	  1.6	0.000	0.000	0.000
219	  S	  0.1	  2.0	0.000	0.000	0.000
220	  D	  0.1	  1.8	0.144	0.000	0.000
221	  S	  0.4	  1.1	2.992	0.000	0.000
222	  Q	  0.6	  0.8	2.992	0.000	0.000
223	  Q	  0.7	  0.3	2.992	0.000	0.000
224	  K	  0.5	  0.3	2.992	0.000	0.000
225	  K	  0.2	  0.5	2.992	0.000	0.000
226	  K	  0.1	  0.6	2.848	0.000	0.000
227	  G	  0.1	  0.6	0.771	0.000	0.000
228	  T	  1.5	  0.4	0.000	0.000	0.000
229	  H	  5.1	  0.2	0.000	0.000	0.000
230	  H	 11.3	  0.1	0.000	0.000	0.000
231	  I	 10.5	  0.1	0.000	0.000	0.000
232	  N	  7.0	  0.1	0.650	0.000	0.000
233	  R	  1.4	  0.1	0.650	0.000	0.000
234	  W	  4.2	  0.0	0.650	0.000	0.000
235	  R	  5.9	  0.0	0.650	0.000	0.000
236	  I	  6.3	  0.0	0.650	0.000	0.000
237	  A	  3.2	  0.0	0.650	0.000	0.000
238	  T	  2.8	  0.1	0.497	0.000	0.000
239	  K	  1.8	  0.1	0.497	0.000	0.000
240	  Q	  1.9	  0.1	0.214	0.000	0.000
241	  A	  0.5	  0.1	0.000	0.000	0.000
242	  S	  0.4	  0.3	0.000	0.000	0.000
243	  P	  0.0	  0.3	0.000	0.000	0.000
244	  E	  0.0	  0.3	0.000	0.000	0.000
245	  E	  3.0	  0.3	0.000	0.000	0.000
246	  I	  9.9	  0.1	0.000	0.000	0.000
247	  D	 10.9	  0.0	0.000	0.000	0.000
248	  V	 10.7	  0.0	0.000	0.000	0.000
249	  T	  4.0	  0.4	0.000	0.000	0.000
250	  S	  2.7	  0.4	0.000	0.000	0.000
251	  D	  0.1	  0.4	0.000	0.000	0.000
252	  D	  0.0	  0.4	0.000	0.000	0.000
