res	aa	Beta	Turn	Helix	Aggregation	Conc-Stab_Aggregation
01	  M	  0.0	  0.0	0.000	0.000	0.000
02	  A	  0.1	  0.1	0.000	0.000	0.000
03	  E	  0.1	  0.2	0.000	0.000	0.000
04	  S	  0.2	  2.2	0.404	0.000	0.000
05	  S	  0.2	  2.2	0.528	0.000	0.000
06	  D	  0.1	  2.2	0.528	0.000	0.000
07	  K	  0.2	  2.1	0.528	0.000	0.000
08	  L	  0.4	  0.1	0.528	0.000	0.000
09	  Y	  4.4	  0.1	0.528	0.000	0.000
10	  R	  6.2	  0.0	0.125	0.000	0.000
11	  V	  9.6	  0.0	0.125	0.000	0.000
12	  E	  6.0	  0.0	0.125	0.000	0.000
13	  Y	  4.4	  0.0	0.125	0.000	0.000
14	  A	  1.0	  0.4	0.125	0.000	0.000
15	  K	  0.7	  0.6	0.000	0.000	0.000
16	  S	  0.3	  0.9	0.000	0.000	0.000
17	  G	  0.2	  0.9	0.000	0.000	0.000
18	  R	  0.3	  0.8	0.000	0.000	0.000
19	  A	  0.7	  0.6	0.000	0.000	0.000
20	  S	  2.1	  0.3	0.000	0.000	0.000
21	  C	  2.3	  0.5	0.000	0.000	0.000
22	  K	  1.9	  0.2	0.000	0.000	0.000
23	  K	  1.1	  0.2	0.000	0.000	0.000
24	  C	  1.1	  0.3	0.000	0.000	0.000
25	  S	  1.1	  0.9	0.000	0.000	0.000
26	  E	  0.5	  0.9	0.000	0.000	0.000
27	  S	  0.4	  0.9	0.000	0.000	0.000
28	  I	  0.2	  0.8	0.000	0.000	0.000
29	  P	  0.1	  0.3	0.137	0.000	0.000
30	  K	  0.1	  0.4	0.137	0.000	0.000
31	  D	  0.1	  0.5	0.638	0.000	0.000
32	  S	  2.1	  0.5	1.663	0.000	0.000
33	  L	  3.6	  0.2	1.663	0.000	0.000
34	  R	  3.7	  0.1	1.663	0.000	0.000
35	  M	  2.2	  0.0	1.663	3.331	3.331
36	  A	  1.2	  0.0	1.663	3.331	3.331
37	  I	  4.8	  0.0	1.663	3.331	3.331
38	  M	  4.7	  0.0	1.663	3.331	3.331
39	  V	  6.2	  0.0	0.599	3.331	3.331
40	  Q	  2.5	  0.0	0.599	0.126	0.126
41	  S	  2.1	  0.2	0.000	0.000	0.000
42	  P	  0.0	  0.2	0.000	0.000	0.000
43	  M	  0.5	  0.3	0.000	0.000	0.000
44	  F	  0.8	  1.9	0.000	0.000	0.000
45	  D	  0.8	  1.8	0.000	0.000	0.000
46	  G	  0.4	  1.8	0.000	0.000	0.000
47	  K	  0.2	  1.7	0.000	0.000	0.000
48	  V	  0.3	  0.3	0.000	0.000	0.000
49	  P	  0.2	  0.2	0.000	0.000	0.000
50	  H	  1.3	  0.2	0.000	0.000	0.000
51	  W	  1.8	  0.2	0.000	10.564	10.564
52	  Y	  4.4	  0.0	0.000	11.777	11.777
53	  H	  6.4	  0.0	0.000	12.048	12.048
54	  F	 23.6	  0.0	0.000	13.337	13.337
55	  S	 23.1	  0.0	0.000	13.337	13.337
56	  C	 20.9	  0.0	0.000	13.337	13.337
57	  F	  3.9	  0.0	0.000	13.066	13.066
58	  W	  2.6	  0.0	0.000	11.851	11.851
59	  K	  2.4	  0.1	0.000	0.000	0.000
60	  V	  1.8	  0.3	0.000	0.000	0.000
61	  G	  0.6	  0.3	0.000	0.000	0.000
62	  H	  0.5	  0.3	0.000	0.000	0.000
63	  S	  2.8	  0.2	0.000	0.000	0.000
64	  I	  4.3	  0.0	0.000	0.000	0.000
65	  R	  4.1	  0.0	0.000	0.000	0.000
66	  H	  1.6	  1.3	0.000	0.000	0.000
67	  P	  0.1	  1.3	0.000	0.000	0.000
68	  D	  2.1	  1.3	0.000	0.000	0.000
69	  V	 21.5	  1.3	0.000	0.000	0.000
70	  E	 25.5	  0.1	0.000	0.000	0.000
71	  V	 23.8	  0.3	0.000	0.000	0.000
72	  D	  6.1	  0.3	0.000	0.000	0.000
73	  G	  0.2	  0.3	0.000	0.000	0.000
74	  F	  0.7	  0.4	0.000	0.000	0.000
75	  S	  0.7	  0.2	0.000	0.000	0.000
76	  E	  0.9	  0.2	0.000	0.000	0.000
77	  L	  1.4	  0.2	0.000	0.000	0.000
78	  R	  4.0	  0.2	0.000	0.000	0.000
79	  W	  3.9	  0.3	0.000	0.000	0.000
80	  D	  2.8	  0.4	0.715	0.000	0.000
81	  D	  0.3	  0.6	2.454	0.000	0.000
82	  Q	  0.4	  0.4	2.454	0.000	0.000
83	  Q	  0.9	  0.3	2.454	0.000	0.000
84	  K	  5.1	  0.2	2.454	0.000	0.000
85	  V	  5.5	  0.0	2.454	0.000	0.000
86	  K	  5.1	  0.1	2.454	0.000	0.000
87	  K	  1.3	  0.1	0.940	0.000	0.000
88	  T	  0.9	  0.1	0.161	0.000	0.000
89	  A	  0.7	  0.2	0.161	0.000	0.000
90	  E	  0.4	  0.3	0.161	0.000	0.000
91	  A	  0.0	  1.1	0.000	0.000	0.000
92	  G	  0.0	  1.2	0.134	0.000	0.000
93	  G	  0.1	  1.1	0.134	0.000	0.000
94	  V	  0.8	  1.0	0.134	0.000	0.000
95	  T	  0.9	  0.4	0.134	0.000	0.000
96	  G	  0.8	  1.2	0.134	0.000	0.000
97	  K	  0.1	  1.2	0.134	0.000	0.000
98	  G	  0.0	  2.1	0.000	0.000	0.000
99	  Q	  0.0	  1.9	0.000	0.000	0.000
100	  D	  0.0	  1.2	0.000	0.000	0.000
101	  G	  0.0	  1.4	0.184	0.000	0.000
102	  I	  0.1	  1.1	0.184	0.000	0.000
103	  G	  0.1	  1.0	0.184	0.000	0.000
104	  S	  0.2	  0.9	0.184	0.000	0.000
105	  K	  0.4	  0.7	0.184	0.000	0.000
106	  A	  0.5	  0.2	0.184	0.000	0.000
107	  E	  0.7	  0.1	0.184	0.000	0.000
108	  K	  0.6	  0.1	0.000	0.000	0.000
109	  T	  0.7	  0.1	2.913	0.000	0.000
110	  L	  0.3	  2.5	2.913	0.000	0.000
111	  G	  0.1	  2.5	4.264	0.000	0.000
112	  D	  0.1	  2.5	6.359	0.000	0.000
113	  F	  0.8	  2.5	6.931	0.000	0.000
114	  A	  0.8	  0.0	7.502	0.000	0.000
115	  A	  0.8	  0.0	7.696	0.000	0.000
116	  E	  0.5	  0.0	7.796	0.000	0.000
117	  Y	  1.0	  0.0	7.641	0.000	0.000
118	  A	  1.0	  0.1	6.882	0.000	0.000
119	  K	  0.7	  0.3	6.000	0.000	0.000
120	  S	  0.2	  0.3	4.254	0.000	0.000
121	  N	  0.1	  0.9	3.176	0.000	0.000
122	  R	  0.4	  0.9	0.757	0.000	0.000
123	  S	  1.2	  0.7	0.111	0.000	0.000
124	  T	  5.0	  0.7	0.000	0.000	0.000
125	  C	  4.7	  1.5	0.000	0.000	0.000
126	  K	  3.9	  1.7	0.000	0.000	0.000
127	  G	  0.1	  1.7	0.000	0.000	0.000
128	  C	  1.2	  1.7	0.000	0.000	0.000
129	  M	  1.3	  0.3	0.000	0.000	0.000
130	  E	  1.4	  0.0	0.000	0.000	0.000
131	  K	  4.4	  0.0	0.000	0.000	0.000
132	  I	  4.8	  0.1	0.000	0.000	0.000
133	  E	  4.8	  0.7	0.000	0.000	0.000
134	  K	  0.7	  0.7	0.000	0.000	0.000
135	  G	  0.0	  0.7	0.000	0.000	0.000
136	  Q	  0.5	  0.6	0.000	0.000	0.000
137	  V	  4.4	  0.0	0.000	0.000	0.000
138	  R	  4.8	  0.0	0.000	0.000	0.000
139	  L	  4.6	  0.1	0.000	0.000	0.000
140	  S	  0.9	  0.1	0.000	0.000	0.000
141	  K	  0.5	  0.1	0.000	0.000	0.000
142	  K	  0.9	  0.1	0.000	0.000	0.000
143	  M	  2.1	  0.1	0.000	0.000	0.000
144	  V	  2.3	  0.0	0.000	0.000	0.000
145	  D	  1.6	  0.6	0.000	0.000	0.000
146	  P	  0.3	  0.6	0.000	0.000	0.000
147	  E	  0.0	  0.6	0.000	0.000	0.000
148	  K	  0.0	  0.8	0.000	0.000	0.000
149	  P	  0.0	  0.3	0.000	0.000	0.000
150	  Q	  0.1	  0.3	0.000	0.000	0.000
151	  L	  0.2	  0.3	0.000	0.000	0.000
152	  G	  0.2	  0.1	0.763	0.000	0.000
153	  M	  0.7	  0.0	0.763	0.000	0.000
154	  I	  1.1	  0.0	0.763	0.000	0.000
155	  D	  1.1	  0.0	0.763	0.000	0.000
156	  R	  1.4	  0.0	0.763	0.000	0.000
157	  W	  2.1	  0.0	0.763	0.000	0.000
158	  Y	  2.2	  0.0	0.539	0.000	0.000
159	  H	  1.4	  5.1	0.000	0.000	0.000
160	  P	  0.2	  5.4	0.000	0.000	0.000
161	  G	  0.1	  5.4	0.000	0.000	0.000
162	  C	  2.4	  5.4	0.000	0.000	0.000
163	  F	  4.4	  0.3	0.000	0.000	0.000
164	  V	  6.0	  0.1	0.000	0.000	0.000
165	  K	  3.8	  0.1	0.000	0.000	0.000
166	  N	  1.7	  0.2	1.847	0.000	0.000
167	  R	  0.1	  0.3	1.847	0.000	0.000
168	  E	  0.0	  0.2	1.847	0.000	0.000
169	  E	  0.0	  0.2	1.847	0.000	0.000
170	  L	  0.1	  0.1	1.847	0.000	0.000
171	  G	  0.2	  0.1	1.847	0.000	0.000
172	  F	  0.6	  0.0	1.372	0.000	0.000
173	  R	  0.5	  0.2	0.000	0.000	0.000
174	  P	  0.4	  0.2	0.000	0.000	0.000
175	  E	  1.4	  0.2	0.000	0.000	0.000
176	  Y	  5.6	  0.2	0.000	0.000	0.000
177	  S	  8.6	  0.9	0.559	0.000	0.000
178	  A	  7.4	  1.0	0.559	0.000	0.000
179	  S	  3.8	  1.0	0.745	0.000	0.000
180	  Q	  1.3	  1.0	0.745	0.000	0.000
181	  L	  1.1	  0.9	0.745	0.000	0.000
182	  K	  1.0	  0.8	0.745	0.000	0.000
183	  G	  0.1	  0.8	0.581	0.637	0.637
184	  F	  3.3	  0.9	0.301	7.721	7.721
185	  S	  3.5	  0.1	0.000	7.721	7.721
186	  L	  3.7	  0.1	0.000	7.721	7.721
187	  L	  0.5	  0.1	0.000	7.721	7.721
188	  A	  0.3	  0.0	0.227	7.721	7.721
189	  T	  0.1	  0.3	2.250	1.273	1.273
190	  E	  0.1	  0.4	3.740	0.000	0.000
191	  D	  0.1	  0.5	13.167	0.000	0.000
192	  K	  0.2	  0.5	15.120	0.000	0.000
193	  E	  0.2	  0.2	15.545	0.000	0.000
194	  A	  0.3	  0.2	15.545	0.000	0.000
195	  L	  0.3	  0.1	15.545	0.000	0.000
196	  K	  0.3	  0.1	15.247	0.000	0.000
197	  K	  0.4	  0.1	12.996	0.000	0.000
198	  Q	  0.4	  0.1	8.073	0.000	0.000
199	  L	  0.4	  0.9	3.130	0.000	0.000
200	  P	  0.1	  0.8	0.000	0.000	0.000
201	  G	  0.1	  0.8	0.000	0.000	0.000
202	  V	  3.2	  0.9	0.000	0.000	0.000
203	  K	  3.4	  0.2	0.000	0.000	0.000
204	  S	  3.4	  1.2	0.000	0.000	0.000
205	  E	  0.3	  1.4	0.000	0.000	0.000
206	  G	  0.0	  1.4	0.000	0.000	0.000
207	  K	  0.4	  1.4	0.000	0.000	0.000
208	  R	  0.5	  0.7	0.000	0.000	0.000
209	  K	  0.5	  1.4	0.000	0.000	0.000
210	  G	  0.0	  1.3	0.000	0.000	0.000
211	  D	  0.0	  1.3	0.000	0.000	0.000
212	  E	  4.9	  1.0	0.000	0.000	0.000
213	  V	  5.1	  0.8	0.000	0.000	0.000
214	  D	  5.1	  0.8	0.250	0.000	0.000
215	  G	  0.3	  0.8	2.436	0.000	0.000
216	  V	  0.2	  0.7	3.142	0.000	0.000
217	  D	  0.2	  0.0	15.540	0.000	0.000
218	  E	  1.6	  0.0	16.613	0.000	0.000
219	  V	  2.1	  0.0	16.782	0.000	0.000
220	  A	  2.1	  0.0	16.782	0.000	0.000
221	  K	  0.8	  0.1	16.782	0.000	0.000
222	  K	  0.2	  0.2	16.662	0.000	0.000
223	  K	  0.6	  0.2	11.583	0.000	0.000
224	  S	  0.6	  0.2	5.902	0.000	0.000
225	  K	  0.7	  0.2	2.120	0.000	0.000
226	  K	  0.6	  0.2	0.478	0.000	0.000
227	  E	  0.7	  0.3	0.237	0.000	0.000
228	  K	  0.5	  0.3	0.237	0.000	0.000
229	  D	  0.3	  3.2	0.237	0.000	0.000
230	  K	  0.1	  3.2	0.237	0.000	0.000
231	  D	  0.1	  3.1	2.621	0.000	0.000
232	  S	  0.3	  3.1	9.190	0.000	0.000
233	  K	  1.7	  0.2	9.335	0.000	0.000
234	  L	  1.7	  0.2	9.450	0.000	0.000
235	  E	  1.7	  0.1	9.811	0.000	0.000
236	  K	  0.3	  0.1	9.811	0.000	0.000
237	  A	  0.4	  0.1	9.293	0.000	0.000
238	  L	  0.6	  0.0	8.595	0.000	0.000
239	  K	  0.6	  0.0	7.924	0.000	0.000
240	  A	  0.5	  0.2	5.879	0.000	0.000
241	  Q	  0.2	  0.3	4.111	0.000	0.000
242	  N	  0.1	  0.3	0.917	0.000	0.000
243	  D	  0.2	  0.3	0.485	0.000	0.000
244	  L	  0.6	  0.1	0.268	6.266	6.266
245	  I	  0.9	  0.0	0.144	6.266	6.266
246	  W	  3.7	  0.0	0.144	6.266	6.266
247	  N	  5.2	  0.0	0.602	6.266	6.266
248	  I	  5.2	  0.1	0.602	6.266	6.266
249	  K	  2.3	  0.1	0.842	0.000	0.000
250	  D	  0.3	  0.3	0.698	0.000	0.000
251	  E	  1.3	  0.3	0.698	0.000	0.000
252	  L	  1.4	  0.2	0.698	0.000	0.000
253	  K	  1.6	  0.2	0.698	0.000	0.000
254	  K	  1.2	  0.0	0.490	0.000	0.000
255	  V	  2.2	  0.0	0.000	0.000	0.000
256	  C	  2.2	  0.2	0.000	0.000	0.000
257	  S	  1.8	  0.7	0.565	0.000	0.000
258	  T	  0.9	  0.8	0.864	0.000	0.000
259	  N	  0.7	  0.8	1.788	0.000	0.000
260	  D	  0.2	  0.7	7.478	0.000	0.000
261	  L	  0.2	  0.2	7.621	7.706	7.706
262	  K	  0.3	  0.1	7.773	9.066	9.066
263	  E	  0.2	  0.1	7.594	9.066	9.066
264	  L	  1.0	  0.1	7.594	16.818	16.818
265	  L	  1.4	  0.0	7.594	16.818	16.818
266	  I	  1.7	  0.0	7.195	16.818	16.818
267	  F	  1.5	  0.0	7.195	16.818	16.818
268	  N	  1.0	  0.1	2.195	8.041	8.041
269	  K	  0.8	  0.2	1.223	0.000	0.000
270	  Q	  0.6	  0.2	0.331	0.000	0.000
271	  Q	  0.6	  0.1	0.115	0.000	0.000
272	  V	  0.5	  0.7	0.000	0.000	0.000
273	  P	  0.1	  0.9	0.000	0.000	0.000
274	  S	  0.1	  1.3	0.000	0.000	0.000
275	  G	  0.1	  1.5	0.000	0.000	0.000
276	  E	  0.1	  0.9	0.000	0.000	0.000
277	  S	  0.4	  0.6	0.153	0.000	0.000
278	  A	  1.0	  0.2	0.153	0.000	0.000
279	  I	  1.4	  0.1	0.153	0.000	0.000
280	  L	  1.1	  0.1	0.153	0.000	0.000
281	  D	  0.5	  0.1	0.153	0.000	0.000
282	  R	  1.1	  0.1	0.153	0.000	0.000
283	  V	  1.7	  0.6	0.000	0.000	0.000
284	  A	  1.7	  0.8	0.000	0.000	0.000
285	  D	  0.7	  0.8	0.000	0.000	0.000
286	  G	  0.0	  0.8	0.000	0.137	0.137
287	  M	  1.6	  0.3	0.000	1.931	1.931
288	  V	  2.7	  0.0	0.000	5.698	5.698
289	  F	  2.9	  0.9	0.000	5.698	5.698
290	  G	  1.2	  0.9	0.000	5.698	5.698
291	  A	  0.8	  0.9	0.000	5.698	5.698
292	  L	  0.7	  0.9	0.000	5.420	5.420
293	  L	  0.7	  0.0	0.000	0.127	0.127
294	  P	  0.1	  0.0	0.000	0.000	0.000
295	  C	  0.6	  0.2	0.000	0.000	0.000
296	  E	  0.6	  0.2	0.000	0.000	0.000
297	  E	  1.2	  0.3	0.000	0.000	0.000
298	  C	  1.0	  1.0	0.131	0.000	0.000
299	  S	  1.0	  0.9	0.253	0.000	0.000
300	  G	  0.4	  0.9	0.253	0.000	0.000
301	  Q	  0.8	  0.8	0.253	0.000	0.000
302	  L	  2.1	  0.1	0.253	0.000	0.000
303	  V	  3.4	  0.0	0.253	0.000	0.000
304	  F	  3.6	  0.2	0.253	0.000	0.000
305	  K	  2.3	  0.6	0.000	0.000	0.000
306	  S	  1.0	  0.6	0.000	0.000	0.000
307	  D	  0.1	  0.6	0.000	0.000	0.000
308	  A	  0.4	  0.5	0.000	0.000	0.000
309	  Y	  5.3	  0.0	0.000	0.000	0.000
310	  Y	  6.5	  0.0	0.000	0.000	0.000
311	  C	  6.5	  0.2	0.000	0.000	0.000
312	  T	  1.6	  0.5	0.000	0.000	0.000
313	  G	  0.4	  0.5	0.257	0.000	0.000
314	  D	  1.2	  0.5	0.257	0.000	0.000
315	  V	  4.2	  0.3	0.257	2.328	2.328
316	  T	  4.8	  0.0	0.689	2.328	2.328
317	  A	  4.0	  0.0	0.689	2.328	2.328
318	  W	  3.4	  0.0	0.689	2.328	2.328
319	  T	  4.3	  0.1	0.432	2.328	2.328
320	  K	  4.5	  0.1	0.432	0.000	0.000
321	  C	  4.0	  0.1	0.432	0.000	0.000
322	  M	  3.1	  0.0	0.237	0.000	0.000
323	  V	  4.1	  0.0	0.237	0.000	0.000
324	  K	  2.6	  0.0	0.237	0.000	0.000
325	  T	  3.2	  0.0	0.000	0.000	0.000
326	  Q	  1.7	  0.0	0.000	0.000	0.000
327	  T	  1.4	  0.9	0.128	0.000	0.000
328	  P	  0.0	  0.9	0.128	0.000	0.000
329	  N	  0.0	  1.0	0.128	0.000	0.000
330	  R	  0.2	  1.0	0.128	0.000	0.000
331	  K	  0.3	  0.1	0.128	0.000	0.000
332	  E	  0.4	  0.1	0.128	0.000	0.000
333	  W	  1.1	  0.0	0.000	0.000	0.000
334	  V	  1.6	  0.0	0.000	0.000	0.000
335	  T	  1.5	  0.2	0.623	0.000	0.000
336	  P	  0.6	  0.3	0.623	0.000	0.000
337	  K	  0.2	  0.3	0.623	0.000	0.000
338	  E	  0.9	  0.3	0.623	0.000	0.000
339	  F	  1.4	  0.2	0.623	0.000	0.000
340	  R	  1.4	  0.1	0.623	0.000	0.000
341	  E	  2.0	  0.1	0.373	0.000	0.000
342	  I	  5.5	  0.1	0.373	0.000	0.000
343	  S	  5.8	  0.0	5.226	0.000	0.000
344	  Y	  5.3	  0.0	5.226	0.000	0.000
345	  L	  1.4	  0.0	5.095	0.000	0.000
346	  K	  0.9	  0.1	5.095	0.000	0.000
347	  K	  1.2	  0.1	4.978	0.000	0.000
348	  L	  2.8	  0.1	4.978	0.000	0.000
349	  K	  6.8	  0.0	3.993	0.000	0.000
350	  V	  6.4	  0.0	1.712	0.000	0.000
351	  K	  4.8	  0.1	1.475	0.000	0.000
352	  K	  0.8	  0.4	0.285	0.000	0.000
353	  Q	  0.2	  0.4	0.148	0.000	0.000
354	  D	  0.2	  0.4	0.000	0.000	0.000
355	  R	  5.3	  0.3	0.000	0.000	0.000
356	  I	  5.3	  0.0	0.000	0.000	0.000
357	  F	  5.2	  0.0	0.000	0.000	0.000
358	  P	  0.0	  0.2	0.000	0.000	0.000
359	  P	  0.0	  0.3	0.000	0.000	0.000
360	  E	  0.1	  0.3	0.000	0.000	0.000
361	  T	  0.5	  0.3	0.000	0.000	0.000
362	  S	  3.8	  1.0	0.000	0.000	0.000
363	  A	  4.2	  1.0	0.000	0.000	0.000
364	  S	  4.4	  0.9	0.000	0.000	0.000
365	  V	  2.4	  0.9	0.000	0.000	0.000
366	  A	  2.0	  0.0	0.000	0.000	0.000
367	  A	  1.4	  0.0	0.000	0.000	0.000
368	  T	  0.1	  0.0	0.000	0.000	0.000
369	  P	  0.0	  0.0	0.000	0.000	0.000
370	  P	  0.0	  0.4	0.000	0.000	0.000
371	  P	  0.0	  0.5	0.000	0.000	0.000
372	  S	  0.1	  0.5	0.000	0.000	0.000
373	  T	  3.1	  0.7	0.000	0.000	0.000
374	  A	  3.5	  0.3	0.000	0.000	0.000
375	  S	  3.5	  0.2	0.000	0.000	0.000
376	  A	  0.5	  0.2	0.000	0.000	0.000
377	  P	  0.1	  0.0	0.000	0.000	0.000
378	  A	  0.2	  0.0	0.000	0.000	0.000
379	  A	  0.5	  0.0	0.000	0.000	0.000
380	  V	  2.1	  0.0	0.000	0.000	0.000
381	  N	  2.0	  1.2	0.000	0.000	0.000
382	  S	  1.8	  1.2	0.000	0.000	0.000
383	  S	  3.2	  2.3	0.000	0.000	0.000
384	  A	  3.3	  2.3	0.000	0.000	0.000
385	  S	  3.6	  3.7	0.000	0.000	0.000
386	  A	  0.6	  3.6	0.000	0.000	0.000
387	  D	  0.4	  2.5	0.000	0.000	0.000
388	  K	  0.0	  2.5	0.000	0.000	0.000
389	  P	  0.0	  0.0	0.000	0.000	0.000
390	  L	  0.1	  0.2	0.000	0.000	0.000
391	  S	  0.1	  0.2	0.183	0.000	0.000
392	  N	  0.4	  0.2	0.573	0.000	0.000
393	  M	  2.4	  0.2	0.573	0.000	0.000
394	  K	  3.0	  0.0	0.573	0.000	0.000
395	  I	  4.5	  0.0	0.573	0.150	0.150
396	  L	  4.6	  0.0	0.573	0.150	0.150
397	  T	  4.2	  0.2	1.102	0.150	0.150
398	  L	  2.4	  0.3	1.102	0.150	0.150
399	  G	  0.1	  0.3	1.251	0.150	0.150
400	  K	  0.5	  0.3	0.812	0.000	0.000
401	  L	  0.6	  0.2	0.677	0.000	0.000
402	  S	  0.9	  1.1	0.677	0.000	0.000
403	  R	  0.4	  1.1	0.677	0.000	0.000
404	  N	  0.4	  2.8	1.203	0.000	0.000
405	  K	  0.1	  2.8	1.149	0.000	0.000
406	  D	  0.1	  1.8	3.910	0.000	0.000
407	  E	 13.3	  1.8	4.922	0.137	0.137
408	  V	 15.1	  0.0	5.042	0.137	0.137
409	  K	 15.2	  0.0	5.042	0.137	0.137
410	  A	  2.4	  0.0	5.012	0.137	0.137
411	  M	  0.5	  0.0	5.012	0.137	0.137
412	  I	  1.0	  0.0	4.738	0.137	0.137
413	  E	  0.8	  0.1	4.738	0.000	0.000
414	  K	  0.8	  0.1	4.606	0.000	0.000
415	  L	  0.2	  2.3	3.083	0.000	0.000
416	  G	  0.1	  2.4	2.684	0.000	0.000
417	  G	  0.0	  2.3	1.933	0.000	0.000
418	  K	  1.9	  2.3	0.157	0.000	0.000
419	  L	  2.1	  0.2	0.000	0.000	0.000
420	  T	  2.1	  0.2	0.000	0.000	0.000
421	  G	  0.3	  0.2	0.000	0.000	0.000
422	  T	  0.5	  0.6	0.140	0.000	0.000
423	  A	  0.4	  0.5	0.140	0.000	0.000
424	  N	  0.3	  0.4	0.343	0.000	0.000
425	  K	  0.2	  0.6	0.343	0.000	0.000
426	  A	  0.6	  0.3	0.343	0.000	0.000
427	  S	  1.2	  0.2	0.343	0.000	0.000
428	  L	  2.7	  0.2	0.202	0.000	0.000
429	  C	  5.1	  0.1	0.202	0.000	0.000
430	  I	  5.4	  0.0	0.000	0.000	0.000
431	  S	  4.1	  0.1	0.000	0.000	0.000
432	  T	  2.3	  0.1	0.807	0.000	0.000
433	  K	  1.5	  0.1	0.807	0.000	0.000
434	  K	  1.7	  0.1	1.078	0.000	0.000
435	  E	  3.0	  0.1	1.078	0.000	0.000
436	  V	  3.9	  0.1	1.078	0.000	0.000
437	  E	  3.4	  0.0	1.202	0.000	0.000
438	  K	  2.1	  0.0	1.202	0.000	0.000
439	  M	  1.1	  0.0	1.057	0.000	0.000
440	  N	  1.1	  0.1	0.804	0.000	0.000
441	  K	  0.2	  0.1	0.635	0.000	0.000
442	  K	  1.7	  0.1	0.522	0.000	0.000
443	  M	  1.7	  0.1	0.107	0.000	0.000
444	  E	  1.6	  0.0	0.107	0.000	0.000
445	  E	 14.2	  0.0	0.107	0.000	0.000
446	  V	 15.6	  0.1	0.107	0.000	0.000
447	  K	 15.6	  0.0	0.204	0.000	0.000
448	  E	  1.8	  0.2	0.097	0.000	0.000
449	  A	  0.3	  0.2	0.097	0.000	0.000
450	  N	  3.5	  0.1	0.097	0.000	0.000
451	  I	  9.9	  0.1	0.097	0.000	0.000
452	  R	 11.9	  0.0	0.097	0.000	0.000
453	  V	 12.9	  0.0	0.000	0.000	0.000
454	  V	  6.7	  0.0	0.000	0.000	0.000
455	  S	  4.6	  2.1	0.000	0.000	0.000
456	  E	  0.4	  2.1	0.000	0.000	0.000
457	  D	  0.1	  2.1	0.000	0.000	0.000
458	  F	  0.9	  2.1	0.000	0.000	0.000
459	  L	  1.0	  0.1	0.000	0.000	0.000
460	  Q	  1.3	  0.1	0.000	0.000	0.000
461	  D	  1.3	  0.4	0.000	0.000	0.000
462	  V	  3.2	  0.4	0.000	0.000	0.000
463	  S	  5.8	  1.0	2.162	0.000	0.000
464	  A	  5.1	  1.0	2.162	0.000	0.000
465	  S	  3.5	  0.8	2.287	0.000	0.000
466	  T	  3.3	  0.9	2.397	0.000	0.000
467	  K	  3.3	  0.2	2.397	0.000	0.000
468	  S	  3.6	  0.2	11.667	0.000	0.000
469	  L	  0.8	  0.2	10.955	0.000	0.000
470	  Q	  0.7	  0.1	10.880	0.000	0.000
471	  E	  0.3	  0.1	10.628	0.000	0.000
472	  L	  0.9	  0.1	10.452	3.222	3.222
473	  F	  1.3	  0.0	10.452	3.722	3.722
474	  L	  1.3	  0.0	8.868	3.834	3.834
475	  A	  1.5	  0.0	7.921	3.834	3.834
476	  H	  5.5	  0.0	7.295	3.834	3.834
477	  I	  7.6	  0.0	5.675	3.834	3.834
478	  L	  6.9	  0.0	5.675	3.334	3.334
479	  S	  2.5	  0.5	3.906	0.000	0.000
480	  P	  0.1	  0.7	0.000	0.000	0.000
481	  W	  0.1	  0.7	0.000	0.000	0.000
482	  G	  0.1	  0.7	0.185	0.000	0.000
483	  A	  0.3	  0.2	0.185	0.000	0.000
484	  E	 14.4	  0.1	0.185	0.000	0.000
485	  V	 16.4	  0.0	0.185	0.000	0.000
486	  K	 16.8	  0.0	0.185	0.000	0.000
487	  A	  2.9	  0.0	0.185	0.000	0.000
488	  E	  0.7	  0.0	0.185	0.000	0.000
489	  P	  0.0	  0.0	0.000	0.000	0.000
490	  V	 17.6	  0.0	0.000	0.000	0.000
491	  E	 18.1	  0.0	0.000	0.000	0.000
492	  V	 26.5	  0.0	0.000	0.000	0.000
493	  V	  9.5	  0.0	0.000	0.000	0.000
494	  A	  8.8	  0.4	0.000	0.000	0.000
495	  P	  0.4	  0.7	0.000	0.000	0.000
496	  R	  0.0	  0.7	0.000	0.000	0.000
497	  G	  0.0	  1.3	0.000	0.000	0.000
498	  K	  0.1	  1.0	0.000	0.000	0.000
499	  S	  0.1	  1.0	0.464	0.000	0.000
500	  G	  0.1	  0.9	1.205	0.000	0.000
501	  A	  0.2	  0.4	1.205	0.000	0.000
502	  A	  0.4	  0.2	1.205	0.000	0.000
503	  L	  0.7	  0.0	1.205	0.000	0.000
504	  S	  0.7	  0.1	1.355	0.000	0.000
505	  K	  0.5	  0.2	1.169	0.000	0.000
506	  K	  0.7	  0.4	0.387	0.000	0.000
507	  S	  0.6	  1.3	0.150	0.000	0.000
508	  K	  0.6	  1.2	0.150	0.000	0.000
509	  G	  0.1	  1.1	0.150	0.000	0.000
510	  Q	  1.1	  1.0	0.150	0.000	0.000
511	  V	  2.7	  0.0	0.000	0.000	0.000
512	  K	  2.9	  0.2	0.122	0.000	0.000
513	  E	  1.8	  0.3	0.122	0.000	0.000
514	  E	  0.2	  0.5	0.122	0.000	0.000
515	  G	  0.3	  0.5	0.296	0.000	0.000
516	  I	  0.7	  0.3	0.296	0.000	0.000
517	  N	  0.8	  1.1	0.690	0.000	0.000
518	  K	  0.7	  1.0	0.690	0.000	0.000
519	  S	  0.4	  1.1	0.823	0.000	0.000
520	  E	  0.4	  1.2	0.701	0.000	0.000
521	  K	  0.3	  0.2	0.527	0.000	0.000
522	  R	  0.7	  0.1	0.527	0.000	0.000
523	  M	  2.2	  0.1	0.293	0.000	0.000
524	  K	  4.0	  0.0	0.133	0.000	0.000
525	  L	  5.9	  0.0	0.133	0.000	0.000
526	  T	  7.3	  0.0	0.133	0.000	0.000
527	  L	  5.5	  0.2	0.133	0.000	0.000
528	  K	  3.2	  0.9	0.133	0.000	0.000
529	  G	  0.1	  1.0	0.000	0.000	0.000
530	  G	  0.1	  1.0	0.000	0.000	0.000
531	  A	  0.2	  0.7	0.000	0.000	0.000
532	  A	  0.7	  0.1	0.000	0.000	0.000
533	  V	  0.9	  0.0	0.000	0.000	0.000
534	  D	  0.7	 10.5	0.000	0.000	0.000
535	  P	  0.2	 10.8	0.000	0.000	0.000
536	  D	  0.0	 10.9	0.000	0.000	0.000
537	  S	  0.0	 11.0	0.000	0.000	0.000
538	  G	  0.0	  0.5	0.000	0.000	0.000
539	  L	  0.4	  0.3	0.000	0.000	0.000
540	  E	  0.5	  0.1	0.000	0.000	0.000
541	  H	  0.6	  0.1	0.000	0.000	0.000
542	  S	  0.6	  0.1	0.000	0.000	0.000
543	  A	  0.8	  0.1	0.000	0.000	0.000
544	  H	  2.4	  0.1	0.000	0.000	0.000
545	  V	  3.4	  0.0	0.000	0.000	0.000
546	  L	  3.3	  0.2	0.000	0.000	0.000
547	  E	  1.6	  0.3	0.000	0.000	0.000
548	  K	  0.1	  3.1	0.000	0.000	0.000
549	  G	  0.0	  3.1	0.000	0.000	0.000
550	  G	  0.0	  2.9	0.000	0.000	0.000
551	  K	  0.9	  2.8	0.000	0.829	0.829
552	  V	  5.4	  0.0	0.000	34.684	34.684
553	  F	  9.2	  0.0	0.000	37.424	37.424
554	  S	  9.1	  0.2	0.000	37.424	37.424
555	  A	  5.1	  0.2	0.000	37.780	37.780
556	  T	  1.4	  0.2	0.122	38.200	38.200
557	  L	  0.6	  0.2	0.122	38.331	38.331
558	  G	  0.2	  0.0	0.656	37.642	37.642
559	  L	  0.6	  0.0	0.656	38.166	38.166
560	  V	  5.3	  0.0	0.656	35.525	35.525
561	  D	  6.4	  0.0	0.656	2.817	2.817
562	  I	  8.7	  0.0	0.656	2.817	2.817
563	  V	  4.6	  0.3	0.656	2.817	2.817
564	  K	  3.4	  0.5	0.656	1.989	1.989
565	  G	  0.6	  0.6	0.163	0.000	0.000
566	  T	  0.9	  0.6	0.000	0.000	0.000
567	  N	  1.9	  0.3	0.233	0.000	0.000
568	  S	  3.0	  0.1	0.829	0.000	0.000
569	  Y	  3.5	  0.0	0.829	0.000	0.000
570	  Y	  3.8	  0.0	0.977	0.000	0.000
571	  K	  3.2	  0.0	1.122	0.000	0.000
572	  L	  3.5	  0.1	1.122	0.000	0.000
573	  Q	  2.7	  0.1	1.122	0.000	0.000
574	  L	  2.2	  0.0	1.122	0.000	0.000
575	  L	  0.7	  0.3	1.122	0.000	0.000
576	  E	  0.2	  0.4	1.122	0.000	0.000
577	  D	  0.1	  0.5	2.291	0.000	0.000
578	  D	  0.1	  0.7	3.737	0.000	0.000
579	  K	  0.1	  0.6	3.737	0.000	0.000
580	  E	  0.1	  0.5	3.737	0.000	0.000
581	  N	  0.2	  0.4	3.737	0.000	0.000
582	  R	  1.2	  0.2	3.737	0.000	0.000
583	  Y	  1.9	  0.0	3.442	0.000	0.000
584	  W	  2.2	  0.0	1.438	0.000	0.000
585	  I	  2.5	  0.0	0.870	0.000	0.000
586	  F	  3.8	  0.0	0.870	0.000	0.000
587	  R	  4.8	  0.0	0.646	0.000	0.000
588	  S	  3.9	  0.3	0.416	0.000	0.000
589	  W	  2.1	  0.4	0.000	0.000	0.000
590	  G	  0.6	  0.4	0.000	0.000	0.000
591	  R	  0.5	  0.4	0.000	0.000	0.000
592	  V	  0.5	  0.2	0.000	2.027	2.027
593	  G	  0.5	  0.1	0.000	2.027	2.027
594	  T	  3.7	  0.1	0.000	2.027	2.027
595	  V	  4.7	  0.1	0.000	2.027	2.027
596	  I	  4.8	  1.3	0.000	2.027	2.027
597	  G	  1.1	  1.6	0.000	0.167	0.167
598	  S	  0.1	  1.6	0.000	0.000	0.000
599	  N	  0.0	  1.7	0.248	0.000	0.000
600	  K	  1.6	  0.4	0.248	0.000	0.000
601	  L	  1.7	  0.2	0.248	0.000	0.000
602	  E	  1.7	  0.1	0.248	0.000	0.000
603	  Q	  0.2	  0.1	0.248	0.000	0.000
604	  M	  0.2	  0.5	0.248	0.000	0.000
605	  P	  0.1	  0.5	0.000	0.000	0.000
606	  S	  0.5	  0.6	0.000	0.000	0.000
607	  K	  0.6	  1.1	0.000	0.000	0.000
608	  E	  0.6	  0.7	0.000	0.000	0.000
609	  D	  0.1	  0.7	1.813	0.000	0.000
610	  A	  0.3	  0.5	1.813	0.000	0.000
611	  I	  0.8	  0.1	1.813	0.000	0.000
612	  E	  1.2	  0.1	1.813	0.000	0.000
613	  H	  2.8	  0.1	1.813	0.000	0.000
614	  F	  3.2	  0.1	1.813	0.000	0.000
615	  M	  4.4	  0.1	1.580	0.000	0.000
616	  K	  2.9	  0.1	1.580	0.000	0.000
617	  L	  2.1	  0.1	1.442	0.000	0.000
618	  Y	  1.1	  0.2	1.289	0.000	0.000
619	  E	  1.0	  0.1	1.108	0.000	0.000
620	  E	  1.2	  0.2	0.480	0.000	0.000
621	  K	  0.6	  0.3	0.320	0.000	0.000
622	  T	  0.4	  1.0	0.140	0.000	0.000
623	  G	  0.1	  1.0	0.140	0.000	0.000
624	  N	  0.2	  0.9	0.140	0.000	0.000
625	  A	  0.5	  0.8	0.000	0.000	0.000
626	  W	  0.9	  0.0	0.000	0.000	0.000
627	  H	  0.8	  0.2	0.000	0.000	0.000
628	  S	  1.1	  1.9	0.000	0.000	0.000
629	  K	  0.8	  1.9	0.000	0.000	0.000
630	  N	  2.2	  1.8	0.000	0.000	0.000
631	  F	  5.9	  1.7	0.000	0.000	0.000
632	  T	  7.9	  0.0	0.000	0.000	0.000
633	  K	  6.5	  0.0	0.000	0.000	0.000
634	  Y	  2.3	  0.2	0.000	0.000	0.000
635	  P	  0.1	  0.2	0.000	0.000	0.000
636	  K	  0.1	  0.2	0.000	0.000	0.000
637	  K	  0.6	  0.2	0.000	0.000	0.000
638	  F	  0.8	  0.1	0.000	0.000	0.000
639	  Y	  0.7	  0.0	0.000	0.000	0.000
640	  P	  0.2	  0.0	0.000	0.000	0.000
641	  L	  1.4	  0.0	0.000	0.000	0.000
642	  E	  4.5	  0.0	0.000	0.000	0.000
643	  I	  7.6	  0.0	0.000	0.000	0.000
644	  D	  6.3	  0.5	0.000	0.000	0.000
645	  Y	  3.3	  0.6	0.000	0.000	0.000
646	  G	  0.2	  0.8	0.591	0.000	0.000
647	  Q	  0.2	  0.8	0.591	0.000	0.000
648	  D	  0.1	  0.6	5.544	0.000	0.000
649	  E	  0.1	  0.5	6.977	0.000	0.000
650	  E	  0.1	  0.2	7.477	0.000	0.000
651	  A	  0.7	  0.2	7.477	0.000	0.000
652	  V	  1.2	  0.0	7.477	0.000	0.000
653	  K	  1.3	  0.0	7.477	0.000	0.000
654	  K	  2.3	  0.0	6.623	0.000	0.000
655	  L	  4.9	  0.0	4.724	0.000	0.000
656	  T	 12.9	  0.0	2.054	0.000	0.000
657	  V	 11.5	  0.0	2.054	0.000	0.000
658	  N	  8.3	  1.7	2.760	0.000	0.000
659	  P	  0.2	  1.8	0.706	0.000	0.000
660	  G	  0.0	  1.8	0.706	0.000	0.000
661	  T	  3.5	  1.9	0.706	0.000	0.000
662	  K	  4.0	  0.3	0.706	0.000	0.000
663	  S	  4.3	  0.2	0.706	0.000	0.000
664	  K	  1.0	  0.2	0.706	0.000	0.000
665	  L	  0.5	  0.0	0.187	0.000	0.000
666	  P	  0.1	  0.0	0.000	0.000	0.000
667	  K	  0.0	  0.0	0.000	0.000	0.000
668	  P	  0.0	  0.0	0.000	0.000	0.000
669	  V	  1.1	  0.1	0.000	1.068	1.068
670	  Q	  1.2	  0.1	0.000	1.068	1.068
671	  D	  1.4	  0.1	0.631	1.378	1.378
672	  L	  0.7	  0.1	0.631	2.692	2.692
673	  I	  6.2	  0.0	0.631	2.933	2.933
674	  K	  6.6	  0.0	0.631	2.933	2.933
675	  M	  6.7	  0.0	0.631	2.933	2.933
676	  I	  1.4	  0.0	0.631	2.933	2.933
677	  F	  4.0	  0.0	0.631	2.933	2.933
678	  D	  5.6	  0.0	7.813	1.555	1.555
679	  V	  6.7	  0.1	7.807	1.555	1.555
680	  E	  3.6	  0.1	8.047	0.000	0.000
681	  S	  1.9	  0.1	9.054	0.000	0.000
682	  M	  0.7	  0.1	9.054	0.000	0.000
683	  K	  0.7	  0.1	9.054	0.000	0.000
684	  K	  0.3	  0.1	8.000	0.000	0.000
685	  A	  0.4	  0.1	6.657	0.000	0.000
686	  M	  0.6	  0.0	5.083	0.000	0.000
687	  V	  3.7	  0.0	2.707	0.000	0.000
688	  E	  4.1	  0.0	2.577	0.000	0.000
689	  Y	  9.2	  0.0	1.993	0.000	0.000
690	  E	  8.9	  0.0	0.860	0.000	0.000
691	  I	 10.7	  0.0	0.427	0.000	0.000
692	  D	  5.9	  0.0	0.427	0.000	0.000
693	  L	  3.0	  0.1	0.427	0.000	0.000
694	  Q	  1.0	  0.0	0.427	0.000	0.000
695	  K	  0.9	  0.0	0.286	0.000	0.000
696	  M	  0.8	  0.4	0.137	0.000	0.000
697	  P	  0.1	  0.6	0.290	0.000	0.000
698	  L	  0.0	  0.7	0.290	0.000	0.000
699	  G	  0.0	  0.7	0.414	0.000	0.000
700	  K	  0.5	  0.4	0.414	0.000	0.000
701	  L	  0.8	  0.2	0.414	0.000	0.000
702	  S	  1.6	  0.2	0.533	0.000	0.000
703	  K	  1.4	  0.1	0.533	0.000	0.000
704	  R	  2.4	  0.1	0.244	0.000	0.000
705	  Q	  2.4	  0.1	0.120	0.000	0.000
706	  I	  2.4	  0.0	0.120	1.506	1.506
707	  Q	  1.2	  0.0	0.120	1.506	1.506
708	  A	  0.5	  0.0	0.120	2.137	2.137
709	  A	  0.7	  0.0	0.120	2.635	2.635
710	  Y	  4.2	  0.0	0.120	2.635	2.635
711	  S	  4.3	  0.0	0.000	2.635	2.635
712	  I	  5.2	  0.0	0.000	2.635	2.635
713	  L	  1.7	  0.0	0.000	2.424	2.424
714	  S	  1.5	  0.0	0.000	0.166	0.166
715	  E	  2.9	  0.0	0.000	0.000	0.000
716	  V	  4.3	  0.1	0.000	0.000	0.000
717	  Q	  4.3	  0.0	0.000	0.000	0.000
718	  Q	  1.8	  0.0	0.000	0.000	0.000
719	  A	  0.9	  0.0	0.000	0.000	0.000
720	  V	  2.7	  0.1	0.000	0.000	0.000
721	  S	  2.5	  0.7	0.000	0.000	0.000
722	  Q	  1.9	  1.0	0.000	0.000	0.000
723	  G	  0.1	  1.2	0.000	0.000	0.000
724	  S	  0.1	  2.9	0.000	0.000	0.000
725	  S	  0.1	  2.8	0.000	0.000	0.000
726	  D	  0.2	  2.5	0.000	0.000	0.000
727	  S	  0.5	  2.3	0.000	0.000	0.000
728	  Q	  1.3	  0.6	0.000	0.000	0.000
729	  I	  1.7	  0.1	0.000	0.000	0.000
730	  L	  2.5	  0.1	0.000	0.000	0.000
731	  D	  1.7	  0.9	0.543	0.000	0.000
732	  L	  1.3	  1.1	0.543	0.000	0.000
733	  S	  0.2	  1.0	0.543	0.000	0.000
734	  N	  0.2	  1.0	0.543	0.000	0.000
735	  R	  1.4	  0.2	0.543	0.000	0.000
736	  F	  2.5	  0.0	0.543	1.671	1.671
737	  Y	  7.3	  0.0	0.212	1.671	1.671
738	  T	  7.0	  0.0	0.000	1.671	1.671
739	  L	  5.9	  0.0	0.000	1.671	1.671
740	  I	  1.1	  0.2	0.000	1.671	1.671
741	  P	  0.1	  0.2	0.000	1.436	1.436
742	  H	  0.3	  0.4	0.000	0.000	0.000
743	  D	  0.4	  0.6	0.000	0.000	0.000
744	  F	  0.6	  0.5	0.000	0.000	0.000
745	  G	  0.2	  0.4	0.000	0.000	0.000
746	  M	  0.5	  0.3	0.000	0.000	0.000
747	  K	  0.3	  0.0	0.000	0.000	0.000
748	  K	  0.3	  0.0	0.000	0.000	0.000
749	  P	  0.0	  0.2	0.000	0.000	0.000
750	  P	  0.0	  0.2	0.000	0.000	0.000
751	  L	  0.5	  0.3	0.000	0.000	0.000
752	  L	  0.6	  0.3	0.000	0.000	0.000
753	  N	  0.6	  0.2	0.000	0.000	0.000
754	  N	  0.2	  3.2	0.000	0.000	0.000
755	  A	  0.0	  3.2	0.000	0.000	0.000
756	  D	  0.2	  3.1	0.000	0.000	0.000
757	  S	  1.5	  3.1	1.408	0.000	0.000
758	  V	  2.5	  0.1	1.408	0.000	0.000
759	  Q	  2.5	  0.0	1.408	0.000	0.000
760	  A	  1.5	  0.0	1.408	0.000	0.000
761	  K	  7.6	  0.0	1.408	0.000	0.000
762	  V	 11.9	  0.0	1.408	0.000	0.000
763	  E	 11.7	  0.0	1.408	0.000	0.000
764	  M	  5.2	  0.1	0.888	0.000	0.000
765	  L	  0.6	  0.2	0.539	0.000	0.000
766	  D	  0.5	  0.2	0.303	0.000	0.000
767	  N	  0.1	  0.2	0.303	0.000	0.000
768	  L	  0.4	  0.1	0.094	0.000	0.000
769	  L	  2.7	  0.0	0.094	0.000	0.000
770	  D	  4.3	  0.0	0.591	0.000	0.000
771	  I	 11.7	  0.0	0.591	0.000	0.000
772	  E	 11.0	  0.0	0.591	0.000	0.000
773	  V	 11.0	  0.0	0.591	20.437	20.437
774	  A	  3.8	  0.0	0.591	21.904	21.904
775	  Y	  5.0	  0.1	0.591	21.904	21.904
776	  S	  3.6	  0.1	0.316	21.904	21.904
777	  L	  3.3	  0.1	0.316	21.904	21.904
778	  L	  0.6	  0.2	0.316	18.731	18.731
779	  R	  0.4	  0.4	0.316	0.000	0.000
780	  G	  0.2	  0.8	0.120	0.000	0.000
781	  G	  0.0	  1.3	0.000	0.000	0.000
782	  S	  0.0	  2.4	0.000	0.000	0.000
783	  D	  0.0	  3.1	0.000	0.000	0.000
784	  D	  0.1	  4.3	0.000	0.000	0.000
785	  S	  0.2	  3.9	0.000	0.000	0.000
786	  S	  1.1	  2.7	0.000	0.000	0.000
787	  K	  1.1	  1.7	0.000	0.000	0.000
788	  D	  1.0	  0.1	0.256	0.000	0.000
789	  P	  0.0	  0.0	0.256	0.000	0.000
790	  I	  6.5	  0.0	0.256	0.000	0.000
791	  D	  7.3	  0.3	0.256	0.000	0.000
792	  V	 10.2	  0.3	0.256	0.000	0.000
793	  N	  6.2	  0.3	1.045	0.000	0.000
794	  Y	  7.1	  0.4	0.789	0.000	0.000
795	  E	  4.5	  0.1	0.789	0.000	0.000
796	  K	  2.9	  0.1	0.789	0.000	0.000
797	  L	  1.2	  0.2	0.789	0.000	0.000
798	  K	  1.3	  0.2	0.789	0.000	0.000
799	  T	  0.5	  0.2	0.448	0.000	0.000
800	  D	  1.4	  0.2	0.448	0.152	0.152
801	  I	  8.8	  0.1	0.272	0.300	0.300
802	  K	 10.3	  0.0	0.272	0.300	0.300
803	  V	 12.8	  0.0	0.000	0.300	0.300
804	  V	  5.6	  0.0	0.000	0.300	0.300
805	  D	  3.6	  1.9	0.798	0.148	0.148
806	  R	  0.2	  2.0	1.047	0.000	0.000
807	  D	  0.1	  2.1	3.498	0.000	0.000
808	  S	  0.1	  2.2	10.205	0.000	0.000
809	  E	  0.1	  0.3	12.009	0.000	0.000
810	  E	  0.1	  0.2	13.238	0.000	0.000
811	  A	  0.2	  0.1	14.626	0.000	0.000
812	  E	  0.4	  0.0	14.933	0.000	0.000
813	  I	  4.0	  0.0	14.933	0.000	0.000
814	  I	  4.4	  0.0	14.933	0.000	0.000
815	  R	  4.7	  0.0	14.933	0.000	0.000
816	  K	  1.5	  0.0	14.294	0.000	0.000
817	  Y	  2.6	  0.0	8.841	0.000	0.000
818	  V	  3.7	  0.1	1.154	0.000	0.000
819	  K	  3.7	  0.1	1.154	0.000	0.000
820	  N	  2.1	  0.1	0.129	0.000	0.000
821	  T	  1.3	  0.1	0.000	0.000	0.000
822	  H	  1.2	  0.2	0.000	0.000	0.000
823	  A	  1.1	  0.2	0.000	0.000	0.000
824	  T	  1.9	  0.2	0.000	0.000	0.000
825	  T	  2.5	  0.3	0.000	0.000	0.000
826	  H	  2.4	  0.1	0.000	0.000	0.000
827	  N	  1.2	  0.3	0.000	0.000	0.000
828	  A	  0.5	  0.2	0.000	0.000	0.000
829	  Y	  1.6	  0.2	0.000	0.000	0.000
830	  D	  1.6	  0.2	0.416	0.000	0.000
831	  L	  3.0	  0.0	0.416	0.000	0.000
832	  E	  2.3	  0.0	0.416	0.000	0.000
833	  V	  6.8	  0.0	0.416	16.288	16.288
834	  I	 10.2	  0.0	0.416	17.656	17.656
835	  D	 10.8	  0.0	0.990	17.997	17.997
836	  I	  6.6	  0.0	0.990	18.191	18.191
837	  F	  3.5	  0.0	0.990	18.191	18.191
838	  K	  6.0	  0.0	0.684	18.191	18.191
839	  I	  7.1	  0.0	0.574	17.993	17.993
840	  E	  5.4	  0.1	0.574	0.193	0.193
841	  R	  1.5	  0.5	0.522	0.000	0.000
842	  E	  0.1	  0.6	0.390	0.000	0.000
843	  G	  0.0	  0.6	2.556	0.000	0.000
844	  E	  0.5	  0.5	2.556	0.000	0.000
845	  C	  1.4	  0.3	2.556	0.000	0.000
846	  Q	  2.2	  0.1	2.556	0.000	0.000
847	  R	  2.8	  0.1	2.556	0.000	0.000
848	  Y	  2.1	  0.1	2.556	0.000	0.000
849	  K	  1.3	  0.0	0.538	0.000	0.000
850	  P	  0.2	  0.0	0.000	0.000	0.000
851	  F	  0.7	  0.2	0.000	0.000	0.000
852	  K	  0.8	  0.2	0.000	0.000	0.000
853	  Q	  1.5	  0.2	0.000	0.000	0.000
854	  L	  1.0	  0.2	0.000	0.000	0.000
855	  H	  0.9	  0.1	0.000	0.000	0.000
856	  N	  0.4	  0.1	0.422	0.000	0.000
857	  R	  0.6	  0.1	0.422	0.000	0.000
858	  R	  0.9	  0.1	0.422	0.000	0.000
859	  L	  1.3	  0.1	0.422	0.000	0.000
860	  L	  1.3	  0.0	0.422	0.000	0.000
861	  W	  1.0	  0.2	0.422	0.000	0.000
862	  H	  0.6	  0.9	0.204	0.000	0.000
863	  G	  0.2	  0.9	0.000	0.000	0.000
864	  S	  0.4	  1.0	0.194	0.000	0.000
865	  R	  0.6	  0.8	0.194	0.000	0.000
866	  T	  1.1	  0.2	0.194	0.000	0.000
867	  T	  1.5	  0.2	0.194	0.000	0.000
868	  N	  1.3	  0.1	0.194	0.134	0.134
869	  F	  1.2	  0.6	0.194	4.004	4.004
870	  A	  0.6	  0.6	0.000	4.004	4.004
871	  G	  0.5	  0.6	0.000	4.004	4.004
872	  I	  1.6	  0.6	0.000	4.004	4.004
873	  L	  1.7	  0.2	0.000	4.004	4.004
874	  S	  1.7	  0.4	0.294	0.427	0.427
875	  Q	  0.2	  0.4	0.294	0.000	0.000
876	  G	  0.1	  0.4	0.294	0.000	0.000
877	  L	  4.4	  0.2	0.294	0.000	0.000
878	  R	  8.5	  0.0	0.294	0.000	0.000
879	  I	  8.5	  0.0	0.294	0.000	0.000
880	  A	  4.2	  0.0	0.294	0.000	0.000
881	  P	  0.0	  0.3	0.000	0.000	0.000
882	  P	  0.0	  0.3	0.000	0.000	0.000
883	  E	  0.0	  0.3	0.000	0.000	0.000
884	  A	  0.0	  0.3	0.000	0.000	0.000
885	  P	  0.0	  0.0	0.000	0.000	0.000
886	  V	  0.7	  0.1	0.000	0.860	0.860
887	  T	  0.8	  0.1	0.000	0.860	0.860
888	  G	  0.8	  0.1	0.000	0.860	0.860
889	  Y	  0.9	  0.1	0.000	0.860	0.860
890	  M	  1.0	  0.2	0.000	0.860	0.860
891	  F	  1.2	  0.9	0.000	0.703	0.703
892	  G	  0.3	  1.2	0.000	0.000	0.000
893	  K	  0.2	  1.3	0.000	0.000	0.000
894	  G	  0.1	  1.0	0.000	5.746	5.746
895	  I	  1.2	  0.4	0.000	5.746	5.746
896	  Y	  2.9	  0.1	0.000	5.746	5.746
897	  F	  3.0	  0.8	0.000	5.746	5.746
898	  A	  2.0	  0.8	0.000	5.746	5.746
899	  D	  0.5	  0.8	0.000	0.000	0.000
900	  M	  1.1	  0.8	0.000	0.000	0.000
901	  V	  2.0	  0.0	0.000	0.000	0.000
902	  S	  4.2	  0.9	0.116	0.000	0.000
903	  K	  3.6	  0.9	0.116	0.000	0.000
904	  S	  3.2	  3.1	0.116	0.000	0.000
905	  A	  0.9	  3.1	0.116	0.000	0.000
906	  N	  1.5	  2.2	0.116	0.000	0.000
907	  Y	  3.0	  2.2	0.116	0.000	0.000
908	  C	  3.3	  0.0	0.000	0.000	0.000
909	  H	  3.1	  0.1	0.000	0.000	0.000
910	  T	  2.3	  0.3	0.000	0.000	0.000
911	  S	  1.9	  0.7	0.000	0.000	0.000
912	  Q	  1.2	  0.7	0.000	0.000	0.000
913	  G	  0.0	  0.6	0.000	0.000	0.000
914	  D	  0.0	  0.4	0.219	0.000	0.000
915	  P	  0.0	  0.0	0.219	0.139	0.139
916	  I	  0.2	  0.0	0.219	18.238	18.238
917	  G	  0.3	  0.0	0.806	21.354	21.354
918	  L	  1.6	  0.0	0.806	24.213	24.213
919	  I	  4.4	  0.0	0.806	24.213	24.213
920	  L	  4.5	  0.0	0.806	24.213	24.213
921	  L	  3.2	  0.0	0.806	18.513	18.513
922	  G	  0.1	  0.0	1.347	4.140	4.140
923	  E	  1.7	  0.0	0.777	0.000	0.000
924	  V	  5.1	  0.0	0.541	0.000	0.000
925	  A	  5.1	  0.0	0.541	0.000	0.000
926	  L	  3.5	  1.2	0.541	0.000	0.000
927	  G	  0.1	  1.2	0.541	0.000	0.000
928	  N	  0.6	  1.2	1.556	0.000	0.000
929	  M	  0.8	  1.2	1.503	0.000	0.000
930	  Y	  3.2	  0.0	1.503	0.000	0.000
931	  E	  3.9	  0.0	1.503	0.000	0.000
932	  L	  4.0	  0.1	1.503	0.000	0.000
933	  K	  1.9	  0.1	1.503	0.000	0.000
934	  H	  0.8	  0.4	1.126	0.000	0.000
935	  A	  0.9	  0.4	0.302	0.000	0.000
936	  S	  1.7	  0.4	0.126	0.000	0.000
937	  H	  6.2	  0.4	0.000	0.000	0.000
938	  I	  6.5	  0.1	0.000	0.000	0.000
939	  S	  5.9	  0.0	0.000	0.000	0.000
940	  K	  1.1	  0.0	0.000	0.000	0.000
941	  L	  0.4	  0.5	0.000	0.000	0.000
942	  P	  0.1	  1.2	0.000	0.000	0.000
943	  K	  0.0	  1.3	0.000	0.000	0.000
944	  G	  0.0	  1.4	0.000	0.000	0.000
945	  K	  0.1	  1.0	0.000	0.000	0.000
946	  H	  0.3	  0.2	0.000	0.000	0.000
947	  S	  2.1	  0.1	0.000	0.000	0.000
948	  V	  2.6	  0.3	0.000	0.000	0.000
949	  K	  2.3	  0.4	0.000	0.000	0.000
950	  G	  0.6	  0.6	0.000	0.000	0.000
951	  L	  0.0	  0.8	0.000	0.000	0.000
952	  G	  0.1	  0.6	0.000	0.000	0.000
953	  K	  1.6	  0.5	0.000	0.000	0.000
954	  T	  1.7	  0.3	0.000	0.000	0.000
955	  T	  1.7	  0.1	0.000	0.000	0.000
956	  P	  0.2	  0.0	0.000	0.000	0.000
957	  D	  0.0	  5.2	0.000	0.000	0.000
958	  P	  0.0	  5.2	0.000	0.000	0.000
959	  S	  0.5	  6.7	0.000	0.000	0.000
960	  A	  0.6	  6.7	0.000	0.000	0.000
961	  N	  1.7	  1.5	0.000	0.000	0.000
962	  I	  4.8	  1.5	0.000	0.000	0.000
963	  S	  6.7	  2.0	0.000	0.000	0.000
964	  L	  5.6	  2.5	0.000	0.000	0.000
965	  D	  2.2	  2.5	0.000	0.000	0.000
966	  G	  0.1	  2.5	0.000	0.000	0.000
967	  V	 12.9	  0.5	0.000	0.000	0.000
968	  D	 13.0	  0.0	0.000	0.000	0.000
969	  V	 13.0	  0.2	0.000	0.000	0.000
970	  P	  0.1	  0.2	0.000	0.000	0.000
971	  L	  0.0	  0.4	0.000	0.000	0.000
972	  G	  0.0	  0.5	0.000	0.000	0.000
973	  T	  0.1	  0.4	0.000	0.000	0.000
974	  G	  0.1	  0.4	0.000	0.000	0.000
975	  I	  0.8	  0.4	0.000	0.000	0.000
976	  S	  0.8	  0.6	0.000	0.000	0.000
977	  S	  0.8	  0.5	0.000	0.000	0.000
978	  G	  0.2	  0.5	0.000	0.000	0.000
979	  V	  0.7	  0.4	0.000	0.000	0.000
980	  N	  0.7	  0.2	0.357	0.000	0.000
981	  D	  0.7	  0.3	0.357	0.000	0.000
982	  T	  0.7	  0.4	0.357	0.000	0.000
983	  S	  0.9	  0.4	0.357	0.000	0.000
984	  L	  1.3	  0.2	0.357	0.000	0.000
985	  L	  1.2	  0.0	0.357	0.000	0.000
986	  Y	  1.3	  0.0	0.357	0.000	0.000
987	  N	  0.8	  0.0	0.000	0.000	0.000
988	  E	  0.4	  0.0	0.000	0.000	0.000
989	  Y	  1.8	  0.0	0.000	26.504	26.504
990	  I	  6.6	  0.0	0.000	34.162	34.162
991	  V	  9.6	  0.0	0.000	34.244	34.244
992	  Y	 11.0	  0.0	0.000	34.244	34.244
993	  D	  6.4	  0.0	1.976	34.244	34.244
994	  I	  4.0	  0.0	1.976	34.332	34.332
995	  A	  1.0	  0.0	1.976	34.332	34.332
996	  Q	  1.3	  0.0	1.976	34.332	34.332
997	  V	  3.6	  0.0	1.976	34.332	34.332
998	  N	  3.8	  0.0	12.813	34.332	34.332
999	  L	  4.1	  0.0	12.529	34.332	34.332
1000	  K	  1.2	  0.0	12.983	34.244	34.244
1001	  Y	  1.6	  0.0	12.723	34.244	34.244
1002	  L	  1.0	  0.0	12.488	34.144	34.144
1003	  L	  2.0	  0.0	12.488	28.871	28.871
1004	  K	  2.3	  0.0	12.111	0.000	0.000
1005	  L	  2.8	  0.0	9.486	0.000	0.000
1006	  K	  2.4	  0.0	8.411	0.000	0.000
1007	  F	  4.6	  0.0	4.789	0.000	0.000
1008	  N	  4.6	  0.0	2.016	0.000	0.000
1009	  F	  4.2	  0.1	0.717	0.000	0.000
1010	  K	  1.3	  0.1	0.186	0.000	0.000
1011	  T	  1.1	  0.1	0.000	0.000	0.000
1012	  S	  1.1	  0.1	0.000	0.000	0.000
1013	  L	  0.9	  0.0	0.000	0.000	0.000
1014	  W	  0.4	  0.0	0.000	0.000	0.000
