res	aa	Beta	Turn	Helix	Aggregation	Conc-Stab_Aggregation
01	  M	  0.2	  0.0	0.000	0.000	0.000
02	  A	  0.3	  0.0	0.000	0.000	0.000
03	  H	  0.6	  0.0	0.000	0.000	0.000
04	  A	  0.5	  0.0	0.000	0.000	0.000
05	  M	  0.5	  0.2	0.000	0.000	0.000
06	  E	  0.2	  0.2	0.000	0.000	0.000
07	  N	  0.9	  0.2	0.120	0.000	0.000
08	  S	  5.7	  0.2	0.120	0.000	0.000
09	  W	 10.6	  0.0	0.120	0.000	0.000
10	  T	 21.7	  0.0	0.120	0.000	0.000
11	  I	 17.5	  0.0	0.120	0.000	0.000
12	  S	 13.1	  0.1	0.120	0.000	0.000
13	  K	  1.1	  0.1	0.000	0.000	0.000
14	  E	  3.6	  0.1	0.000	0.000	0.000
15	  Y	  8.4	  0.1	0.000	0.000	0.000
16	  H	 13.4	  0.0	0.000	0.000	0.000
17	  I	 10.6	  0.0	0.000	0.000	0.000
18	  D	  5.5	  0.1	0.000	0.000	0.000
19	  E	  0.2	  0.1	0.000	0.000	0.000
20	  E	  0.1	  0.1	0.000	0.000	0.000
21	  V	  0.3	  0.1	0.000	0.000	0.000
22	  G	  0.5	  0.0	0.000	0.000	0.000
23	  F	  1.9	  0.0	0.000	0.000	0.000
24	  A	  1.8	  0.0	0.000	0.000	0.000
25	  L	  1.6	  0.0	0.000	0.000	0.000
26	  P	  0.0	  0.0	0.000	0.000	0.000
27	  N	  0.0	  0.4	0.000	0.000	0.000
28	  P	  0.0	  0.5	0.000	0.000	0.000
29	  Q	  0.0	  0.7	0.000	0.000	0.000
30	  E	  0.1	  0.7	0.000	0.000	0.000
31	  N	  0.1	  0.3	0.000	0.000	0.000
32	  L	  0.1	  2.2	0.000	0.000	0.000
33	  P	  0.0	  2.0	0.000	0.000	0.000
34	  D	  1.0	  2.0	0.523	0.000	0.000
35	  F	  3.0	  2.1	0.523	0.000	0.000
36	  Y	  3.5	  0.1	0.523	0.000	0.000
37	  N	  2.5	  0.1	0.672	0.000	0.000
38	  D	  0.6	  0.1	1.036	0.000	0.000
39	  W	  0.6	  0.1	1.036	47.995	47.995
40	  M	  1.3	  0.0	1.251	47.995	47.995
41	  F	  3.0	  0.0	1.251	47.995	47.995
42	  I	  3.0	  0.0	1.110	47.995	47.995
43	  A	  2.3	  0.1	1.110	47.995	47.995
44	  K	  0.8	  0.1	1.110	0.000	0.000
45	  H	  0.4	  0.1	0.787	0.000	0.000
46	  L	  0.3	  0.8	0.000	0.000	0.000
47	  P	  0.1	  0.8	0.000	0.000	0.000
48	  D	  0.2	  0.8	0.000	0.000	0.000
49	  L	  0.3	  0.8	0.000	0.000	0.000
50	  I	  0.9	  0.2	0.000	0.000	0.000
51	  E	  0.7	  0.4	0.000	0.000	0.000
52	  S	  0.6	  0.5	1.685	0.000	0.000
53	  G	  0.0	  0.6	2.109	0.000	0.000
54	  Q	  0.8	  0.4	2.109	0.000	0.000
55	  L	  0.8	  0.2	2.109	0.000	0.000
56	  R	  0.9	  0.1	2.109	0.000	0.000
57	  E	  0.2	  0.1	2.109	0.000	0.000
58	  R	  2.2	  0.1	1.649	0.000	0.000
59	  V	  3.3	  0.1	1.223	0.000	0.000
60	  E	  3.2	  0.1	1.223	0.000	0.000
61	  K	  2.0	  0.1	0.841	0.000	0.000
62	  L	  2.4	  0.1	0.664	0.000	0.000
63	  N	  2.3	  0.0	0.259	0.000	0.000
64	  M	  2.1	  0.0	0.129	0.000	0.000
65	  L	  2.3	  0.0	0.000	0.000	0.000
66	  S	  5.3	  0.4	0.000	0.000	0.000
67	  I	  5.1	  0.4	0.000	0.000	0.000
68	  D	  3.5	  0.4	0.000	0.000	0.000
69	  H	  1.0	  0.4	0.000	0.000	0.000
70	  L	  0.9	  0.1	0.000	0.000	0.000
71	  T	  1.0	  0.1	0.000	0.000	0.000
72	  D	  0.4	  0.2	0.000	0.000	0.000
73	  H	  0.6	  0.4	0.000	0.000	0.000
74	  K	  0.8	  0.4	0.000	0.000	0.000
75	  S	  1.5	  0.4	0.646	0.000	0.000
76	  Q	  1.3	  0.4	0.646	0.000	0.000
77	  R	  1.2	  0.1	0.646	0.000	0.000
78	  L	  0.4	  0.1	0.646	0.000	0.000
79	  A	  0.4	  0.0	0.646	0.000	0.000
80	  R	  0.9	  0.0	0.646	0.000	0.000
81	  L	  2.9	  0.0	0.393	51.045	51.045
82	  V	  3.2	  0.0	0.393	60.388	60.388
83	  L	  2.7	  0.1	0.393	62.534	62.534
84	  G	  0.7	  0.1	0.534	62.923	62.923
85	  C	  1.3	  0.1	0.299	67.290	67.290
86	  I	 12.2	  0.1	0.299	80.596	80.596
87	  T	 12.6	  0.0	1.287	81.495	81.495
88	  M	 11.7	  0.0	1.287	82.733	82.733
89	  A	  1.1	  0.0	1.287	82.627	82.627
90	  Y	  1.9	  0.0	1.134	82.449	82.449
91	  V	  2.3	  0.0	0.988	81.584	81.584
92	  W	  2.1	  0.2	0.988	71.146	71.146
93	  G	  0.8	  0.9	0.811	5.967	5.967
94	  K	  0.1	  1.0	0.343	0.000	0.000
95	  G	  0.0	  1.2	0.000	0.000	0.000
96	  H	  0.0	  1.5	0.000	0.000	0.000
97	  G	  0.0	  0.8	0.150	0.000	0.000
98	  D	  1.9	  0.7	0.726	0.000	0.000
99	  V	  2.6	  0.5	0.726	0.000	0.000
100	  R	  3.2	  0.0	0.726	0.000	0.000
101	  K	  3.3	  0.0	0.726	0.000	0.000
102	  V	  3.0	  0.0	0.726	0.000	0.000
103	  L	  2.4	  0.2	0.726	0.000	0.000
104	  P	  0.5	  0.3	0.000	0.000	0.000
105	  R	  0.4	  0.3	0.000	0.000	0.000
106	  N	  0.7	  0.3	0.000	0.000	0.000
107	  I	  6.5	  0.2	0.000	0.000	0.000
108	  A	  6.1	  0.0	0.000	0.000	0.000
109	  V	  5.8	  0.1	0.000	0.000	0.000
110	  P	  0.1	  0.1	0.000	0.000	0.000
111	  Y	  2.1	  0.1	0.000	0.000	0.000
112	  C	  3.5	  0.2	0.166	0.000	0.000
113	  Q	  4.2	  0.1	0.166	0.000	0.000
114	  L	  2.5	  0.1	0.166	0.000	0.000
115	  S	  1.2	  0.2	0.364	0.000	0.000
116	  K	  0.5	  0.2	0.364	0.000	0.000
117	  K	  1.9	  0.2	0.364	0.000	0.000
118	  L	  3.2	  0.1	0.197	0.000	0.000
119	  E	  3.1	  0.0	0.197	0.000	0.000
120	  L	  1.5	  0.0	0.197	0.000	0.000
121	  P	  0.0	  0.0	0.000	0.000	0.000
122	  P	  0.0	  0.0	0.000	0.839	0.839
123	  I	  3.5	  0.0	0.000	31.043	31.043
124	  L	  4.8	  0.0	0.000	31.043	31.043
125	  V	  6.8	  0.0	0.000	31.043	31.043
126	  Y	  3.6	  0.5	0.000	31.043	31.043
127	  A	  2.3	  0.5	0.000	30.572	30.572
128	  D	  0.6	  0.5	0.276	0.147	0.147
129	  C	  2.1	  0.5	0.467	0.483	0.483
130	  V	  3.2	  0.0	0.640	1.112	1.112
131	  L	  2.9	  0.6	0.640	1.112	1.112
132	  A	  1.3	  0.6	0.640	1.112	1.112
133	  N	  0.7	  0.6	0.640	1.112	1.112
134	  W	  0.9	  0.7	0.364	1.112	1.112
135	  K	  0.9	  0.1	0.173	0.147	0.147
136	  K	  0.4	  0.1	0.000	0.000	0.000
137	  K	  0.2	  0.1	0.000	0.000	0.000
138	  D	  0.1	  9.8	0.000	0.000	0.000
139	  P	  0.0	  9.8	0.000	0.000	0.000
140	  N	  0.0	  9.8	0.000	0.000	0.000
141	  K	  0.0	  9.8	0.000	0.000	0.000
142	  P	  0.0	  0.0	0.000	0.000	0.000
143	  L	  3.5	  0.0	0.000	0.000	0.000
144	  T	 14.0	  0.0	0.000	0.000	0.000
145	  Y	 14.8	  0.5	0.000	0.000	0.000
146	  E	 11.5	  0.5	0.000	0.000	0.000
147	  N	  1.2	  0.9	0.279	0.000	0.000
148	  M	  2.5	  0.9	0.279	0.000	0.000
149	  D	  2.5	  0.4	0.279	0.000	0.000
150	  V	  3.7	  0.4	0.279	42.719	42.719
151	  L	  2.0	  0.0	0.279	42.719	42.719
152	  F	  8.3	  0.0	0.279	42.719	42.719
153	  S	 13.1	  0.0	0.165	42.719	42.719
154	  F	 13.2	  0.6	0.000	42.719	42.719
155	  R	  7.3	  0.8	0.000	0.000	0.000
156	  D	  0.7	  1.4	0.000	0.000	0.000
157	  G	  0.0	  1.4	0.305	0.000	0.000
158	  D	  0.4	  1.3	0.453	0.000	0.000
159	  C	  2.2	  1.4	0.453	0.002	0.002
160	  S	  2.3	  1.5	0.453	0.014	0.014
161	  K	  1.9	  1.5	0.453	0.262	0.262
162	  G	  0.1	  1.0	0.453	8.163	8.163
163	  F	  1.0	  0.7	0.310	98.108	98.108
164	  F	  2.1	  0.0	0.467	99.722	99.722
165	  L	  2.8	  0.0	0.467	99.853	99.853
166	  V	  6.1	  0.0	0.467	99.876	99.876
167	  S	  5.2	  0.0	1.432	99.855	99.855
168	  L	  5.3	  0.0	1.432	99.828	99.828
169	  L	  1.2	  0.0	1.432	99.609	99.609
170	  V	  8.2	  0.0	1.754	92.092	92.092
171	  E	  8.1	  0.0	1.965	3.589	3.589
172	  I	  8.8	  0.0	1.965	3.584	3.584
173	  A	  1.8	  0.0	1.965	3.513	3.513
174	  A	  1.0	  0.1	1.699	3.452	3.452
175	  A	  0.3	  0.2	1.537	3.401	3.401
176	  S	  0.5	  0.2	0.896	3.358	3.358
177	  A	  0.8	  0.2	0.097	3.353	3.353
178	  I	  8.8	  0.0	0.097	3.349	3.349
179	  K	 12.2	  0.0	0.097	3.327	3.327
180	  V	 12.3	  0.0	0.000	3.053	3.053
181	  I	  4.7	  0.0	0.000	0.048	0.048
182	  P	  0.6	  0.0	0.000	0.004	0.004
183	  T	  5.8	  0.0	0.257	0.000	0.000
184	  V	  7.0	  0.0	0.257	0.000	0.000
185	  F	  8.1	  0.1	0.257	0.000	0.000
186	  K	  2.4	  0.1	0.257	0.000	0.000
187	  A	  1.4	  0.1	0.257	0.000	0.000
188	  M	  2.4	  0.1	0.257	0.000	0.000
189	  Q	  3.4	  0.0	0.460	0.000	0.000
190	  M	  3.3	  0.0	0.722	0.000	0.000
191	  Q	  1.4	  0.1	1.116	0.000	0.000
192	  E	  0.3	  0.2	1.761	0.000	0.000
193	  R	  0.4	  0.2	2.213	0.000	0.000
194	  D	  0.3	  0.2	3.750	0.000	0.000
195	  T	  0.8	  0.1	12.363	3.894	3.894
196	  L	  0.9	  0.1	13.099	4.698	4.698
197	  L	  1.2	  0.0	13.351	5.042	5.042
198	  K	  0.6	  0.0	13.351	5.042	5.042
199	  A	  0.6	  0.0	13.351	5.042	5.042
200	  L	  0.4	  0.0	13.351	5.042	5.042
201	  L	  1.5	  0.0	12.981	5.042	5.042
202	  E	  1.9	  0.0	12.434	5.042	5.042
203	  I	  2.8	  0.1	8.178	4.883	4.883
204	  A	  2.0	  0.1	8.053	2.590	2.590
205	  S	  2.5	  0.1	7.182	0.803	0.803
206	  C	  2.5	  0.1	4.205	0.637	0.637
207	  L	  2.2	  0.1	3.519	0.637	0.637
208	  E	  1.2	  0.1	3.393	0.000	0.000
209	  K	  0.3	  0.1	3.142	0.000	0.000
210	  A	  0.4	  0.1	2.516	4.202	4.202
211	  L	  1.1	  0.0	2.291	4.202	4.202
212	  Q	  2.1	  0.0	1.984	4.202	4.202
213	  V	  5.0	  0.0	0.610	4.202	4.202
214	  F	  5.4	  0.0	0.610	4.202	4.202
215	  H	  5.6	  0.0	0.000	0.000	0.000
216	  Q	  3.3	  0.0	0.000	0.000	0.000
217	  I	  2.2	  0.1	0.000	0.000	0.000
218	  H	  1.1	  0.1	0.000	0.000	0.000
219	  D	  0.4	  0.1	0.000	0.000	0.000
220	  H	  3.0	  0.1	0.000	0.000	0.000
221	  V	  3.2	  0.1	0.000	0.000	0.000
222	  N	  3.1	  0.4	0.210	0.000	0.000
223	  P	  0.3	  0.4	0.210	0.000	0.000
224	  K	  0.1	  0.4	0.210	0.000	0.000
225	  A	  0.4	  0.4	0.210	8.372	8.372
226	  F	  2.6	  0.0	0.210	16.738	16.738
227	  F	  7.1	  0.0	0.210	16.738	16.738
228	  S	  7.3	  0.0	1.054	16.738	16.738
229	  V	  7.0	  0.0	1.054	16.738	16.738
230	  L	  6.2	  0.0	1.054	15.440	15.440
231	  R	  8.5	  0.0	1.054	0.000	0.000
232	  I	  8.2	  0.0	1.054	0.142	0.142
233	  Y	  5.2	  0.1	1.054	0.142	0.142
234	  L	  2.5	  0.6	0.532	0.142	0.142
235	  S	  1.1	  0.6	0.532	0.142	0.142
236	  G	  0.2	  0.6	0.320	0.142	0.142
237	  W	  0.1	  0.7	0.000	0.142	0.142
238	  K	  0.1	  0.2	0.000	0.000	0.000
239	  G	  0.1	  0.2	0.000	0.000	0.000
240	  N	  0.0	  0.4	0.000	0.000	0.000
241	  P	  0.0	  0.3	0.000	0.000	0.000
242	  Q	  0.8	  0.3	0.000	0.000	0.000
243	  L	  0.8	  1.0	0.000	0.000	0.000
244	  S	  0.8	  0.9	0.000	0.000	0.000
245	  D	  0.1	  0.9	0.000	0.000	0.000
246	  G	  0.0	  0.9	0.000	0.000	0.000
247	  L	  1.4	  0.2	0.000	0.000	0.000
248	  V	  4.8	  0.0	0.000	0.000	0.000
249	  Y	  5.1	  0.4	0.000	0.000	0.000
250	  E	  3.8	  0.4	0.000	0.000	0.000
251	  G	  0.4	  0.4	0.000	0.000	0.000
252	  F	  1.7	  0.4	0.000	0.000	0.000
253	  W	  2.6	  0.0	0.000	0.000	0.000
254	  E	  2.6	  0.0	0.000	0.000	0.000
255	  D	  0.9	  0.5	0.192	0.000	0.000
256	  P	  0.0	  0.5	0.192	0.000	0.000
257	  K	  0.2	  0.5	0.192	0.000	0.000
258	  E	  0.5	  0.5	0.192	0.000	0.000
259	  F	  1.0	  0.4	0.192	0.000	0.000
260	  A	  0.8	  0.5	0.192	0.000	0.000
261	  G	  0.4	  0.8	0.192	0.000	0.000
262	  G	  0.1	  0.9	0.000	0.000	0.000
263	  S	  0.2	  1.5	0.000	0.000	0.000
264	  A	  0.3	  1.3	0.000	0.000	0.000
265	  G	  0.1	  1.2	0.000	0.000	0.000
266	  Q	  0.1	  1.1	0.000	0.000	0.000
267	  S	  0.3	  0.2	0.000	0.000	0.000
268	  S	  1.1	  0.2	0.000	0.000	0.000
269	  V	  5.1	  0.1	0.000	0.293	0.293
270	  F	 11.7	  0.0	0.000	0.293	0.293
271	  Q	 12.3	  0.0	0.000	0.293	0.293
272	  C	 10.8	  0.0	0.000	0.293	0.293
273	  F	  7.3	  0.0	0.000	0.293	0.293
274	  D	  5.6	  0.0	0.000	0.000	0.000
275	  V	  7.1	  0.0	0.000	7.748	7.748
276	  L	  3.9	  0.0	0.000	7.748	7.748
277	  L	  3.9	  0.0	0.000	7.748	7.748
278	  G	  0.3	  0.0	0.000	7.748	7.748
279	  I	  0.5	  0.0	0.000	7.748	7.748
280	  Q	  0.5	  0.1	0.000	0.291	0.291
281	  Q	  0.6	  0.1	0.000	0.000	0.000
282	  T	  0.3	  0.4	0.000	0.000	0.000
283	  A	  0.1	  0.5	0.000	0.000	0.000
284	  G	  0.1	  0.8	0.000	0.000	0.000
285	  G	  0.0	  0.8	0.000	0.000	0.000
286	  G	  0.1	  0.5	0.378	0.000	0.000
287	  H	  0.3	  0.4	1.321	0.000	0.000
288	  A	  0.4	  0.1	1.693	0.000	0.000
289	  A	  0.6	  0.0	1.834	0.000	0.000
290	  Q	  1.5	  0.0	1.834	0.000	0.000
291	  F	  2.3	  0.0	1.834	0.000	0.000
292	  L	  2.1	  0.2	1.834	0.000	0.000
293	  Q	  1.2	  0.2	2.222	0.000	0.000
294	  D	  0.7	  0.2	3.411	0.000	0.000
295	  M	  0.7	  0.2	3.411	0.000	0.000
296	  R	  1.5	  0.1	3.411	0.000	0.000
297	  R	  2.4	  0.1	3.243	0.000	0.000
298	  Y	  2.2	  0.1	3.122	0.000	0.000
299	  M	  1.3	  0.0	1.981	0.000	0.000
300	  P	  0.0	  0.0	0.000	0.000	0.000
301	  P	  0.0	  0.0	0.000	0.000	0.000
302	  A	  0.2	  0.0	0.000	0.000	0.000
303	  H	  0.4	  0.5	0.000	0.000	0.000
304	  R	  0.8	  0.5	0.000	0.000	0.000
305	  N	  0.7	  0.5	0.000	0.000	0.000
306	  F	  2.4	  0.4	0.000	1.523	1.523
307	  L	  2.5	  0.0	0.000	1.523	1.523
308	  C	  4.0	  0.1	0.000	1.523	1.523
309	  S	  3.0	  0.1	0.000	1.523	1.523
310	  L	  2.7	  0.2	0.000	1.523	1.523
311	  E	  1.3	  0.2	0.000	0.000	0.000
312	  S	  0.2	  0.1	0.000	0.000	0.000
313	  N	  0.1	  1.6	0.134	0.000	0.000
314	  P	  0.0	  1.5	0.134	0.000	0.000
315	  S	  3.6	  1.5	0.498	0.000	0.000
316	  V	  4.1	  1.5	0.498	0.166	0.166
317	  R	  4.3	  0.1	0.498	0.166	0.166
318	  E	  0.7	  0.1	0.498	0.166	0.166
319	  F	  1.9	  0.1	0.498	0.166	0.166
320	  V	  4.7	  0.0	0.364	0.166	0.166
321	  L	  4.9	  0.1	0.364	0.166	0.166
322	  S	  3.4	  0.8	0.604	0.000	0.000
323	  K	  0.4	  1.6	0.604	0.000	0.000
324	  G	  0.1	  1.7	0.370	0.000	0.000
325	  D	  0.0	  1.8	0.582	0.000	0.000
326	  A	  0.0	  1.2	0.582	0.000	0.000
327	  G	  0.1	  0.4	1.132	0.000	0.000
328	  L	  0.1	  0.3	1.132	0.000	0.000
329	  R	  0.1	  0.1	0.762	0.000	0.000
330	  E	  0.2	  0.1	0.762	0.000	0.000
331	  A	  0.3	  0.1	0.762	0.000	0.000
332	  Y	  1.1	  0.1	0.762	0.000	0.000
333	  D	  1.0	  0.0	1.311	0.000	0.000
334	  A	  1.0	  0.0	1.311	0.000	0.000
335	  C	  4.0	  0.0	1.905	0.000	0.000
336	  V	  6.0	  0.0	1.789	0.000	0.000
337	  K	  6.0	  0.0	1.789	0.000	0.000
338	  A	  2.4	  0.0	1.628	0.307	0.307
339	  L	  1.0	  0.0	1.498	0.307	0.307
340	  V	  5.5	  0.0	1.157	0.307	0.307
341	  S	  7.1	  0.0	1.157	0.307	0.307
342	  L	  6.9	  0.2	0.461	0.307	0.307
343	  R	  4.1	  0.2	0.461	0.000	0.000
344	  S	  4.2	  0.2	0.000	0.000	0.000
345	  Y	  5.1	  0.2	0.000	0.000	0.000
346	  H	  4.1	  0.0	0.000	0.000	0.000
347	  L	  3.4	  0.0	0.000	0.354	0.354
348	  Q	  3.6	  0.0	0.000	0.354	0.354
349	  I	  7.2	  0.0	0.000	0.354	0.354
350	  V	  7.5	  0.0	0.000	0.354	0.354
351	  T	  7.2	  0.0	0.000	0.354	0.354
352	  K	  3.4	  0.0	0.000	0.000	0.000
353	  Y	  2.7	  0.0	0.000	0.291	0.291
354	  I	  5.2	  0.0	0.000	0.291	0.291
355	  L	  4.9	  0.0	0.000	0.291	0.291
356	  I	  3.9	  0.0	0.000	0.291	0.291
357	  P	  0.1	  0.2	0.000	0.291	0.291
358	  A	  0.2	  0.2	0.000	0.000	0.000
359	  S	  0.8	  0.2	0.000	0.000	0.000
360	  Q	  0.9	  0.2	0.000	0.000	0.000
361	  Q	  0.7	  0.1	0.000	0.000	0.000
362	  P	  0.1	  0.1	0.000	0.000	0.000
363	  K	  0.1	  0.3	0.000	0.000	0.000
364	  E	  0.2	  0.3	0.000	0.000	0.000
365	  N	  0.2	  0.5	0.000	0.000	0.000
366	  K	  0.3	  0.4	0.000	0.000	0.000
367	  T	  0.4	  0.3	0.000	0.000	0.000
368	  S	  0.4	  0.2	0.000	0.000	0.000
369	  E	  0.2	  0.1	0.000	0.000	0.000
370	  D	  0.1	  5.2	3.619	0.000	0.000
371	  P	  0.0	  5.2	3.619	0.000	0.000
372	  S	  0.2	  5.3	4.518	0.000	0.000
373	  K	  1.6	  5.3	4.518	0.000	0.000
374	  L	  1.8	  0.1	4.518	0.000	0.000
375	  E	  2.1	  0.2	4.518	0.000	0.000
376	  A	  0.6	  0.4	3.907	0.000	0.000
377	  K	  0.5	  0.6	3.353	0.000	0.000
378	  G	  0.1	  0.7	0.894	0.000	0.000
379	  T	  0.0	  0.8	0.000	0.000	0.000
380	  G	  0.0	  0.7	0.000	0.000	0.000
381	  G	  0.0	  0.6	0.000	0.000	0.000
382	  T	  0.2	  0.5	0.257	0.000	0.000
383	  D	  0.2	  0.3	0.968	0.000	0.000
384	  L	  0.7	  0.4	0.968	2.720	2.720
385	  M	  2.8	  0.3	0.968	2.720	2.720
386	  N	  2.8	  0.3	0.968	2.720	2.720
387	  F	  3.1	  0.3	0.968	2.720	2.720
388	  L	  1.0	  0.0	0.838	2.720	2.720
389	  K	  1.7	  0.0	0.684	0.000	0.000
390	  T	  8.7	  0.0	0.117	0.000	0.000
391	  V	 10.5	  0.1	0.117	0.000	0.000
392	  R	 10.1	  0.1	0.117	0.000	0.000
393	  S	  3.2	  0.1	0.000	0.000	0.000
394	  T	  1.4	  0.1	0.000	0.000	0.000
395	  T	  1.3	  0.2	0.000	0.000	0.000
396	  E	  0.8	  0.2	0.000	0.000	0.000
397	  K	  0.7	  0.2	0.000	0.000	0.000
398	  S	  0.7	  0.2	0.000	0.000	0.000
399	  L	  0.7	  0.1	0.000	0.000	0.000
400	  L	  0.5	  0.2	0.000	0.000	0.000
401	  K	  0.4	  0.2	0.000	0.000	0.000
402	  E	  0.1	  0.2	0.000	0.000	0.000
403	  G	  0.1	  0.2	0.000	0.000	0.000
