res	aa	Beta	Turn	Helix	Aggregation	Conc-Stab_Aggregation
01	  M	  2.3	  0.0	0.000	0.000	0.000
02	  S	  3.9	  0.0	0.000	0.000	0.000
03	  V	  6.6	  0.0	0.000	0.000	0.000
04	  K	  6.3	  0.0	0.000	0.000	0.000
05	  W	  6.2	  0.1	0.000	17.910	17.910
06	  T	  4.4	  0.1	0.525	19.846	19.846
07	  S	  3.4	  0.1	1.610	28.425	28.425
08	  V	  9.0	  0.1	1.610	95.166	95.166
09	  I	 10.9	  0.0	1.610	98.598	98.598
10	  L	 10.6	  0.0	1.711	98.895	98.895
11	  L	  3.9	  0.0	1.711	98.881	98.881
12	  I	  2.2	  0.0	1.711	98.255	98.255
13	  Q	  2.0	  0.0	1.711	64.990	64.990
14	  L	  4.0	  0.0	1.166	63.614	63.614
15	  S	  5.5	  0.0	1.166	55.978	55.978
16	  F	  8.0	  0.0	0.353	55.076	55.076
17	  C	  9.4	  0.0	0.000	44.005	44.005
18	  F	  8.1	  0.4	0.000	41.069	41.069
19	  S	  5.1	  0.5	0.000	5.067	5.067
20	  S	  1.6	  1.8	0.000	0.602	0.602
21	  G	  0.1	  1.8	0.000	0.049	0.049
22	  N	  0.1	  1.5	0.000	0.000	0.000
23	  C	  0.3	  1.3	0.000	0.000	0.000
24	  G	  0.3	  0.1	0.000	0.022	0.022
25	  K	  1.2	  0.0	0.000	0.334	0.334
26	  V	  7.6	  0.0	0.000	86.393	86.393
27	  L	  8.7	  0.0	0.000	89.724	89.724
28	  V	  9.2	  0.0	0.000	89.724	89.724
29	  W	  3.0	  0.0	0.000	89.724	89.724
30	  A	  1.8	  0.0	0.000	89.724	89.724
31	  A	  0.5	  0.0	0.000	42.897	42.897
32	  E	  1.5	  0.0	0.000	0.356	0.356
33	  Y	  3.6	  0.0	0.000	0.322	0.322
34	  S	  3.9	  0.0	0.000	0.052	0.052
35	  H	  3.5	  0.0	0.000	0.021	0.021
36	  W	  2.0	  0.2	0.000	0.021	0.021
37	  M	  5.0	  0.2	0.000	0.021	0.021
38	  N	  5.6	  0.2	14.422	0.021	0.021
39	  I	  6.2	  0.2	14.422	0.021	0.021
40	  K	  3.4	  0.0	14.422	0.021	0.021
41	  T	  3.9	  0.0	18.680	0.021	0.021
42	  I	  3.1	  0.1	18.813	0.021	0.021
43	  L	  2.5	  0.1	18.915	0.021	0.021
44	  D	  0.4	  0.1	19.448	0.000	0.000
45	  E	  0.0	  0.1	19.248	0.000	0.000
46	  L	  0.1	  0.1	18.015	0.000	0.000
47	  I	  0.5	  0.1	17.659	0.000	0.000
48	  Q	  0.5	  0.2	17.659	0.000	0.000
49	  R	  0.5	  0.2	12.852	0.000	0.000
50	  G	  0.1	  0.2	7.877	0.000	0.000
51	  H	  0.9	  0.1	1.583	0.000	0.000
52	  E	  5.2	  0.0	0.000	0.000	0.000
53	  V	 22.7	  0.0	0.000	14.003	14.003
54	  T	 25.0	  0.0	0.099	14.239	14.239
55	  V	 21.9	  0.0	0.099	15.324	15.324
56	  L	  4.5	  0.1	0.099	15.324	15.324
57	  A	  1.1	  0.2	0.099	15.324	15.324
58	  S	  0.3	  0.2	0.099	6.481	6.481
59	  S	  3.4	  1.1	0.099	5.560	5.560
60	  A	  3.7	  1.0	0.000	6.838	6.838
61	  S	  3.9	  0.9	0.000	6.724	6.724
62	  I	  2.2	  0.8	0.000	6.724	6.724
63	  L	  2.3	  0.0	0.000	6.571	6.571
64	  F	  2.3	  0.0	0.000	6.293	6.293
65	  D	  0.8	 11.1	0.000	0.000	0.000
66	  P	  0.2	 11.1	0.000	0.000	0.000
67	  N	  0.0	 11.4	0.000	0.000	0.000
68	  N	  0.1	 12.4	0.116	0.000	0.000
69	  S	  0.2	  1.4	0.549	0.000	0.000
70	  S	  0.3	  1.3	1.064	0.000	0.000
71	  A	  0.4	  1.1	1.196	0.000	0.000
72	  L	  2.0	  0.0	1.196	0.000	0.000
73	  K	  5.9	  0.0	1.196	0.000	0.000
74	  I	 10.1	  0.0	1.196	0.000	0.000
75	  E	  9.2	  0.0	1.196	0.000	0.000
76	  I	  5.4	  0.0	1.095	0.000	0.000
77	  Y	  1.0	  0.2	1.095	0.000	0.000
78	  P	  0.1	  0.2	0.000	0.000	0.000
79	  T	  0.5	  0.3	0.000	0.000	0.000
80	  S	  2.2	  0.3	0.000	0.000	0.000
81	  L	  2.6	  0.1	0.000	0.000	0.000
82	  T	  3.6	  0.1	3.094	0.000	0.000
83	  K	  2.3	  0.1	3.094	0.000	0.000
84	  T	  2.0	  0.1	3.750	0.000	0.000
85	  E	  0.6	  0.1	3.750	0.000	0.000
86	  L	  0.3	  0.6	3.750	0.000	0.000
87	  E	  0.3	  0.6	3.750	0.000	0.000
88	  N	  1.0	  0.5	3.988	0.000	0.000
89	  F	  2.0	  0.5	3.172	0.152	0.152
90	  I	  3.5	  0.0	1.992	0.152	0.152
91	  M	  2.8	  0.0	1.992	0.152	0.152
92	  Q	  2.0	  0.0	1.794	0.152	0.152
93	  Q	  2.1	  0.0	1.669	0.152	0.152
94	  I	  4.0	  0.0	1.509	0.152	0.152
95	  K	  4.1	  0.0	1.509	0.000	0.000
96	  R	  3.1	  0.0	0.799	0.000	0.000
97	  W	  1.1	  0.6	0.326	0.000	0.000
98	  S	  0.9	  0.6	0.000	0.000	0.000
99	  D	  0.2	  0.6	0.000	0.000	0.000
100	  L	  0.0	  0.8	0.000	0.000	0.000
101	  P	  0.0	  0.4	0.000	0.000	0.000
102	  K	  0.3	  0.5	0.000	0.044	0.044
103	  D	  2.0	  0.5	0.127	0.044	0.044
104	  T	  7.6	  0.3	0.307	80.111	80.111
105	  F	  8.0	  0.0	0.307	96.928	96.928
106	  W	  6.7	  0.0	0.307	97.417	97.417
107	  L	  1.7	  0.0	0.307	97.425	97.425
108	  Y	  3.2	  0.0	0.307	97.425	97.425
109	  F	  5.0	  0.1	0.307	92.125	92.125
110	  S	  4.6	  0.1	0.307	12.489	12.489
111	  Q	  3.1	  0.1	0.000	2.205	2.205
112	  V	  1.5	  0.1	0.000	1.803	1.803
113	  Q	  1.4	  0.0	0.000	0.065	0.065
114	  E	  0.9	  0.0	0.000	0.000	0.000
115	  I	  2.0	  0.0	0.000	1.708	1.708
116	  M	  3.8	  0.0	0.000	1.708	1.708
117	  S	  3.9	  0.0	0.000	1.708	1.708
118	  I	  3.2	  0.0	0.000	1.708	1.708
119	  F	  1.3	  2.2	0.000	1.708	1.708
120	  G	  1.0	  2.2	3.350	0.141	0.141
121	  D	  1.4	  2.2	3.637	0.000	0.000
122	  I	  5.2	  2.2	3.637	0.000	0.000
123	  T	  6.2	  0.1	3.637	0.000	0.000
124	  R	  5.4	  0.1	3.637	0.000	0.000
125	  K	  2.4	  0.1	3.637	0.000	0.000
126	  F	  2.4	  0.0	1.246	0.000	0.000
127	  C	  2.0	  0.4	0.000	0.000	0.000
128	  K	  1.4	  0.4	0.000	0.000	0.000
129	  D	  1.5	  0.4	0.000	0.000	0.000
130	  V	  6.0	  0.4	0.000	0.000	0.000
131	  V	  6.1	  0.1	0.000	0.000	0.000
132	  S	  5.0	  0.1	0.133	0.000	0.000
133	  N	  0.3	  0.2	0.133	0.000	0.000
134	  K	  0.1	  0.2	0.133	0.000	0.000
135	  K	  0.3	  0.1	0.133	0.000	0.000
136	  F	  1.3	  0.1	0.133	0.000	0.000
137	  M	  1.4	  0.0	0.133	0.000	0.000
138	  K	  1.3	  0.0	0.000	0.000	0.000
139	  K	  1.9	  0.0	0.000	0.000	0.000
140	  V	  2.4	  0.1	0.000	0.000	0.000
141	  Q	  2.2	  0.1	0.000	0.000	0.000
142	  E	  0.7	  0.1	0.000	0.000	0.000
143	  S	  0.3	  0.1	0.000	0.000	0.000
144	  R	  3.9	  0.1	0.000	0.000	0.000
145	  F	  7.5	  0.0	0.000	0.000	0.000
146	  D	  9.1	  0.0	0.000	0.000	0.000
147	  V	  7.7	  0.0	0.000	0.000	0.000
148	  I	  4.8	  0.0	0.122	0.000	0.000
149	  F	  3.1	  0.4	0.256	0.000	0.000
150	  A	  1.0	  0.4	0.256	0.000	0.000
151	  D	  0.3	  0.4	0.256	0.000	0.000
152	  A	  0.5	  0.4	0.256	0.000	0.000
153	  I	  0.6	  0.0	0.256	0.000	0.000
154	  F	  0.6	  0.0	0.256	0.000	0.000
155	  P	  0.2	  0.0	0.000	0.000	0.000
156	  C	  0.3	  0.1	0.389	0.000	0.000
157	  S	  0.3	  0.2	1.690	0.000	0.000
158	  E	  0.4	  0.2	2.202	0.000	0.000
159	  L	  0.3	  0.2	2.561	0.000	0.000
160	  L	  0.3	  0.1	2.561	0.000	0.000
161	  A	  0.3	  0.0	2.561	0.000	0.000
162	  E	  0.2	  0.0	2.561	0.000	0.000
163	  L	  0.7	  0.0	2.218	0.000	0.000
164	  F	  8.7	  0.0	2.218	0.000	0.000
165	  N	  8.8	  0.0	0.960	0.000	0.000
166	  I	  8.4	  0.0	0.000	0.000	0.000
167	  P	  0.2	  0.0	0.000	0.402	0.402
168	  F	  1.5	  0.0	0.000	35.013	35.013
169	  V	  4.5	  0.0	0.000	36.759	36.759
170	  Y	  6.8	  0.0	0.000	36.897	36.897
171	  S	  9.1	  0.3	0.000	36.897	36.897
172	  L	  8.0	  0.3	0.000	36.897	36.897
173	  S	 35.1	  0.3	0.000	23.542	23.542
174	  F	 31.5	  0.2	0.000	21.796	21.796
175	  S	 29.9	  1.1	0.000	0.000	0.000
176	  P	  0.3	  1.1	0.000	0.000	0.000
177	  G	  0.1	  1.1	0.000	0.000	0.000
178	  Y	 12.2	  1.1	0.000	0.000	0.000
179	  T	 21.8	  0.0	0.000	0.000	0.000
180	  F	 23.4	  0.1	0.000	0.000	0.000
181	  E	 12.5	  0.1	0.000	0.000	0.000
182	  K	  2.4	  0.1	0.000	0.000	0.000
183	  H	  0.6	  0.5	0.000	0.000	0.000
184	  S	  0.1	  0.6	0.000	0.000	0.000
185	  G	  0.1	  0.6	0.000	0.000	0.000
186	  G	  0.0	  0.6	0.000	0.000	0.000
187	  F	  1.2	  0.2	0.000	0.000	0.000
188	  I	  1.2	  0.0	0.000	0.000	0.000
189	  F	  1.2	  0.0	0.000	0.000	0.000
190	  P	  0.0	  0.6	0.000	0.000	0.000
191	  P	  0.0	  0.6	0.000	0.000	0.000
192	  S	  1.4	  0.6	0.000	0.000	0.000
193	  Y	  1.6	  0.6	0.000	0.000	0.000
194	  V	  1.7	  0.0	0.000	0.000	0.000
195	  P	  0.3	  0.0	0.000	0.000	0.000
196	  V	  8.5	  0.0	0.000	0.000	0.000
197	  V	 11.7	  0.0	0.000	0.000	0.000
198	  M	 11.7	  0.0	0.000	0.000	0.000
199	  S	  3.5	  0.1	0.214	0.000	0.000
200	  E	  0.6	  0.1	0.214	0.000	0.000
201	  L	  0.8	  0.1	0.214	0.000	0.000
202	  T	  1.2	  0.1	0.214	0.000	0.000
203	  D	  0.6	  0.1	1.328	0.000	0.000
204	  Q	  1.3	  0.1	1.328	0.000	0.000
205	  M	  5.5	  0.0	1.114	0.000	0.000
206	  T	  8.8	  0.0	5.268	0.008	0.008
207	  F	  8.5	  0.0	5.428	0.159	0.159
208	  M	  4.1	  0.0	6.129	0.171	0.171
209	  E	  0.9	  0.0	5.962	0.181	0.181
210	  R	  1.5	  0.0	5.962	0.711	0.711
211	  V	  3.2	  0.1	5.962	36.918	36.918
212	  K	  3.1	  0.1	5.962	45.232	45.232
213	  N	  2.1	  0.1	5.365	47.055	47.055
214	  M	  1.1	  0.1	4.024	93.831	93.831
215	  I	  2.4	  0.0	1.366	99.301	99.301
216	  Y	  3.6	  0.0	1.366	99.764	99.764
217	  V	  4.5	  0.0	0.691	99.764	99.764
218	  L	  3.7	  0.0	0.691	99.763	99.763
219	  Y	  3.7	  0.0	0.544	99.617	99.617
220	  F	  4.3	  0.0	0.359	95.551	95.551
221	  D	  4.5	  0.0	0.115	45.235	45.235
222	  F	  3.9	  0.0	0.115	45.202	45.202
223	  W	  3.1	  0.0	0.115	44.801	44.801
224	  F	  7.5	  0.0	0.115	41.456	41.456
225	  E	  7.1	  0.0	0.115	0.530	0.530
226	  I	  6.0	  0.0	0.115	0.520	0.520
227	  F	  2.1	  0.0	0.115	0.481	0.481
228	  D	  1.7	  0.0	1.247	0.000	0.000
229	  M	  1.5	  0.0	1.247	0.000	0.000
230	  K	  0.4	  0.0	1.247	0.000	0.000
231	  K	  0.6	  0.0	1.132	0.000	0.000
232	  W	  1.1	  0.0	1.132	0.000	0.000
233	  D	  1.7	  0.0	1.132	0.000	0.000
234	  Q	  4.4	  0.0	0.774	0.000	0.000
235	  F	  6.1	  0.0	0.522	0.000	0.000
236	  Y	  6.1	  0.1	0.313	0.000	0.000
237	  S	  3.1	  0.1	0.499	0.000	0.000
238	  E	  1.2	  0.1	0.499	0.000	0.000
239	  V	  1.2	  0.1	0.499	0.000	0.000
240	  L	  1.1	  0.0	0.499	0.000	0.000
241	  G	  0.6	  0.0	0.499	0.000	0.000
242	  R	  0.0	  0.2	0.499	0.000	0.000
243	  P	  0.0	  0.2	0.000	0.000	0.000
244	  T	  0.9	  0.2	0.000	0.000	0.000
245	  T	  6.6	  0.2	0.217	0.000	0.000
246	  L	  6.6	  0.1	0.217	0.000	0.000
247	  S	  5.8	  0.2	0.217	0.000	0.000
248	  E	  0.1	  0.2	0.217	0.000	0.000
249	  T	  0.3	  0.4	0.217	0.000	0.000
250	  M	  0.3	  0.4	0.217	0.000	0.000
251	  G	  0.4	  0.3	0.338	0.000	0.000
252	  K	  0.2	  0.8	0.121	0.000	0.000
253	  A	  0.2	  0.6	0.121	0.000	0.000
254	  D	  2.2	  0.5	0.998	0.000	0.000
255	  V	  4.6	  0.5	1.130	0.000	0.000
256	  W	  5.0	  0.0	1.130	0.000	0.000
257	  L	  3.2	  0.0	1.130	0.000	0.000
258	  I	  0.9	  0.1	1.130	0.000	0.000
259	  R	  0.4	  0.1	1.130	0.000	0.000
260	  N	  1.0	  0.1	1.038	0.000	0.000
261	  S	  6.9	  0.5	0.457	0.000	0.000
262	  W	  8.6	  0.4	0.252	0.000	0.000
263	  N	  8.8	  0.4	0.252	0.000	0.000
264	  F	 11.3	  0.4	0.252	0.000	0.000
265	  Q	  9.5	  0.0	0.252	0.000	0.000
266	  F	  8.6	  0.0	0.252	0.000	0.000
267	  P	  0.2	  0.0	0.000	0.000	0.000
268	  Y	  0.0	  0.3	0.000	0.000	0.000
269	  P	  0.0	  0.3	0.000	0.000	0.000
270	  L	  0.1	  0.3	0.000	0.000	0.000
271	  L	  0.1	  0.8	0.000	0.000	0.000
272	  P	  0.1	  0.6	0.000	0.000	0.000
273	  N	  1.3	  0.8	0.000	0.000	0.000
274	  V	  3.4	  0.8	0.000	0.000	0.000
275	  D	  3.8	  0.3	0.000	0.000	0.000
276	  F	  3.2	  0.3	0.000	0.134	0.134
277	  V	  1.2	  0.7	0.000	0.134	0.134
278	  G	  0.8	  0.7	0.000	0.134	0.134
279	  G	  0.1	  0.7	0.000	0.134	0.134
280	  L	  2.0	  0.7	0.000	0.134	0.134
281	  H	  3.1	  0.1	0.000	0.000	0.000
282	  C	  3.2	  0.0	0.000	0.000	0.000
283	  K	  1.3	  0.0	0.000	0.000	0.000
284	  P	  0.1	  0.0	0.000	0.000	0.000
285	  A	  0.0	  0.0	0.000	0.000	0.000
286	  K	  0.0	  0.0	0.000	0.000	0.000
287	  P	  0.0	  0.0	0.000	0.000	0.000
288	  L	  0.0	  0.1	0.000	0.000	0.000
289	  P	  0.0	  0.2	0.000	0.000	0.000
290	  K	  0.1	  0.2	0.000	0.000	0.000
291	  E	  0.3	  0.2	0.000	0.000	0.000
292	  M	  0.4	  0.8	0.000	0.000	0.000
293	  E	  0.3	  0.7	0.000	0.000	0.000
294	  D	  0.5	  0.7	0.000	0.000	0.000
295	  F	  1.9	  0.7	0.000	0.000	0.000
296	  V	  3.1	  0.0	0.000	0.000	0.000
297	  Q	  2.8	  0.3	0.000	0.000	0.000
298	  S	  1.4	  0.7	0.000	0.000	0.000
299	  S	  0.2	  1.1	0.000	0.000	0.000
300	  G	  0.1	  2.0	0.000	0.000	0.000
301	  E	  0.1	  4.7	0.000	0.000	0.000
302	  N	  0.0	  4.4	0.000	0.208	0.208
303	  G	  0.0	  4.0	0.000	5.571	5.571
304	  V	 11.4	  3.0	0.000	86.942	86.942
305	  V	 14.5	  0.0	0.000	92.989	92.989
306	  V	 18.4	  0.0	0.000	93.085	93.085
307	  F	 10.0	  0.1	0.000	93.077	93.077
308	  S	  6.8	  0.3	0.000	90.281	90.281
309	  L	  2.9	  0.8	0.000	79.772	79.772
310	  G	  0.2	  0.8	0.000	17.676	17.676
311	  S	  0.4	  0.7	0.000	12.058	12.058
312	  M	  1.4	  0.5	0.000	11.365	11.365
313	  V	  1.6	  0.1	0.000	10.575	10.575
314	  S	  1.2	  0.1	0.163	1.210	1.210
315	  N	  0.7	  0.1	0.450	0.057	0.057
316	  M	  0.5	  0.1	0.561	0.017	0.017
317	  T	  0.5	  0.1	3.905	0.000	0.000
318	  E	  0.1	  0.1	3.905	0.000	0.000
319	  E	  0.1	  0.1	3.905	0.000	0.000
320	  R	  0.4	  0.3	3.742	0.000	0.000
321	  A	  0.5	  0.3	3.742	1.098	1.098
322	  N	  3.6	  0.2	3.967	1.098	1.098
323	  V	  7.5	  0.2	1.522	8.021	8.021
324	  I	  8.4	  0.0	1.530	8.557	8.557
325	  A	  5.3	  0.0	1.722	8.557	8.557
326	  S	  1.4	  0.0	1.513	8.023	8.023
327	  A	  0.3	  0.0	0.976	8.023	8.023
328	  L	  0.2	  0.0	0.976	7.398	7.398
329	  A	  0.7	  0.0	0.976	3.389	3.389
330	  Q	  0.7	  0.0	0.976	0.000	0.000
331	  I	  0.7	  0.0	0.000	0.000	0.000
332	  P	  0.1	  0.0	0.349	0.000	0.000
333	  Q	  0.6	  0.0	0.349	0.000	0.000
334	  K	  1.5	  0.0	0.349	0.000	0.000
335	  V	  2.8	  0.0	0.349	0.000	0.000
336	  L	  2.3	  0.0	0.349	0.000	0.000
337	  W	  3.1	  0.0	0.349	0.000	0.000
338	  R	  5.5	  0.2	0.227	0.000	0.000
339	  F	  5.7	  0.5	0.000	0.000	0.000
340	  D	  4.2	  1.1	0.000	0.000	0.000
341	  G	  0.4	  1.1	0.000	0.000	0.000
342	  N	  0.0	  0.9	0.000	0.000	0.000
343	  K	  0.0	  1.8	0.000	0.000	0.000
344	  P	  0.0	  1.2	0.000	0.000	0.000
345	  D	  0.0	  1.3	0.000	0.000	0.000
346	  T	  0.2	  1.3	0.000	0.000	0.000
347	  L	  0.2	  0.2	0.000	0.000	0.000
348	  G	  0.3	  0.3	2.754	0.000	0.000
349	  L	  0.5	  0.2	2.754	0.000	0.000
350	  N	  1.0	  0.2	2.992	0.000	0.000
351	  T	  1.3	  0.2	3.117	0.000	0.000
352	  R	  1.6	  0.1	3.117	0.000	0.000
353	  L	  1.3	  0.1	3.117	0.000	0.000
354	  Y	  2.0	  0.0	2.537	0.000	0.000
355	  K	  2.0	  0.0	1.605	0.000	0.000
356	  W	  1.8	  0.0	0.518	0.000	0.000
357	  I	  0.7	  0.1	0.149	0.000	0.000
358	  P	  0.1	  0.4	0.000	0.000	0.000
359	  Q	  0.1	  0.5	0.000	0.000	0.000
360	  N	  0.0	  0.5	0.475	0.000	0.000
361	  D	  0.1	  0.5	0.475	0.000	0.000
362	  L	  0.1	  0.2	0.475	0.000	0.000
363	  L	  0.2	  0.2	0.475	0.000	0.000
364	  G	  0.2	  0.2	0.475	0.000	0.000
365	  H	  0.1	  0.3	0.475	0.000	0.000
366	  P	  0.0	  0.4	0.000	0.000	0.000
367	  K	  0.3	  0.4	0.000	0.000	0.000
368	  T	  0.6	  0.4	0.000	0.000	0.000
369	  R	  0.9	  0.1	0.000	0.000	0.000
370	  A	  0.9	  0.0	0.000	0.000	0.000
371	  F	  1.5	  0.0	0.000	0.000	0.000
372	  I	  3.6	  0.0	0.000	0.000	0.000
373	  T	  3.4	  0.2	0.000	0.000	0.000
374	  H	  2.6	  0.6	0.000	0.000	0.000
375	  G	  0.2	  0.8	0.000	0.000	0.000
376	  G	  0.0	  2.1	0.000	0.000	0.000
377	  A	  0.0	  3.5	0.000	0.000	0.000
378	  N	  0.0	  3.0	0.000	0.000	0.000
379	  G	  0.1	  2.8	0.447	0.000	0.000
380	  I	  0.9	  1.6	0.447	0.000	0.000
381	  Y	  3.2	  0.1	0.447	0.000	0.000
382	  E	  3.1	  0.0	0.447	0.000	0.000
383	  A	  2.5	  0.0	0.447	0.000	0.000
384	  I	  0.7	  0.0	0.447	0.000	0.000
385	  Y	  1.7	  2.4	0.447	0.000	0.000
386	  H	  1.9	  2.4	0.262	0.000	0.000
387	  G	  1.5	  2.4	0.000	0.000	0.000
388	  I	  0.5	  2.4	0.000	0.000	0.000
389	  P	  0.1	  0.0	0.000	0.000	0.000
390	  M	  0.3	  0.0	0.000	0.000	0.000
391	  V	  1.0	  0.0	0.000	0.000	0.000
392	  G	  1.0	  0.0	0.000	0.000	0.000
393	  I	  0.8	  0.2	0.000	0.000	0.000
394	  P	  0.0	  0.2	0.000	0.000	0.000
395	  L	  0.4	  0.2	0.000	0.000	0.000
396	  F	  0.6	  0.5	0.000	0.000	0.000
397	  A	  0.7	  0.3	0.000	0.000	0.000
398	  D	  0.3	  0.3	0.000	0.000	0.000
399	  Q	  0.1	  1.2	0.000	0.000	0.000
400	  P	  0.0	  1.0	0.000	0.000	0.000
401	  D	  0.1	  1.0	0.438	0.000	0.000
402	  N	  0.4	  1.0	1.852	0.000	0.000
403	  I	  0.9	  0.2	1.852	0.000	0.000
404	  A	  1.1	  0.0	1.852	0.000	0.000
405	  H	  1.5	  0.0	1.852	0.000	0.000
406	  M	  1.4	  0.0	1.852	0.000	0.000
407	  K	  1.3	  0.2	1.694	0.000	0.000
408	  A	  0.6	  0.4	1.092	0.000	0.000
409	  R	  0.2	  0.4	0.954	0.000	0.000
410	  G	  0.1	  0.4	0.366	0.000	0.000
411	  A	  0.2	  0.2	0.000	0.000	0.000
412	  A	  0.7	  0.0	0.000	0.000	0.000
413	  V	 10.0	  0.0	0.000	0.000	0.000
414	  R	 14.9	  0.0	0.000	0.000	0.000
415	  V	 16.1	  0.0	0.000	0.000	0.000
416	  D	  8.0	  0.3	0.191	0.000	0.000
417	  F	  2.9	  0.3	0.191	0.000	0.000
418	  N	  1.2	  0.3	0.191	0.000	0.000
419	  T	  6.4	  0.3	0.191	0.000	0.000
420	  M	  6.0	  0.1	0.191	0.000	0.000
421	  S	  6.3	  0.2	6.935	0.000	0.000
422	  S	  1.1	  0.6	7.506	0.000	0.000
423	  T	  0.8	  0.6	8.719	0.000	0.000
424	  D	  0.6	  0.6	11.832	0.000	0.000
425	  L	  0.5	  0.4	12.032	0.286	0.286
426	  L	  0.7	  0.0	12.178	0.286	0.286
427	  N	  0.7	  0.0	12.477	0.286	0.286
428	  A	  0.5	  0.0	12.012	0.286	0.286
429	  L	  0.3	  0.0	11.604	0.286	0.286
430	  K	  0.7	  0.0	10.484	0.000	0.000
431	  R	  3.2	  0.0	4.702	0.000	0.000
432	  V	  8.3	  0.1	1.409	0.000	0.000
433	  I	  8.1	  0.0	1.315	0.000	0.000
434	  N	  5.5	  0.0	1.315	0.000	0.000
435	  D	  0.2	  2.5	0.622	0.000	0.000
436	  P	  0.0	  2.5	0.000	0.000	0.000
437	  S	  1.6	  2.5	0.490	0.000	0.000
438	  Y	  2.3	  2.6	0.490	0.000	0.000
439	  K	  2.4	  0.2	0.490	0.000	0.000
440	  E	  0.8	  0.2	0.490	0.000	0.000
441	  N	  0.3	  0.2	1.346	0.000	0.000
442	  V	  1.6	  0.2	1.346	0.000	0.000
443	  M	  3.3	  0.0	1.346	0.000	0.000
444	  K	  3.6	  0.0	1.099	0.000	0.000
445	  L	  2.3	  0.1	0.980	0.000	0.000
446	  S	  1.0	  0.1	0.980	0.000	0.000
447	  R	  2.0	  0.0	0.183	0.000	0.000
448	  I	  2.1	  0.1	0.000	0.000	0.000
449	  Q	  1.9	  0.1	0.000	0.000	0.000
450	  H	  0.7	  0.1	0.000	0.000	0.000
451	  D	  0.5	  0.1	0.000	0.000	0.000
452	  Q	  0.3	  0.0	0.000	0.000	0.000
453	  P	  0.0	  0.0	0.000	0.000	0.000
454	  V	  0.7	  0.0	0.000	0.000	0.000
455	  K	  0.7	  0.1	0.000	0.000	0.000
456	  P	  0.7	  0.3	0.000	0.000	0.000
457	  L	  0.0	  0.3	0.000	0.396	0.396
458	  D	  0.0	  0.3	1.071	0.396	0.396
459	  R	  0.3	  0.2	1.071	32.016	32.016
460	  A	  0.9	  0.1	1.071	84.833	84.833
461	  V	  2.6	  0.0	1.071	85.804	85.804
462	  F	  3.0	  0.0	1.479	86.029	86.029
463	  W	  3.1	  0.0	2.553	86.048	86.048
464	  I	  4.0	  0.0	2.821	86.015	86.015
465	  E	  3.4	  0.0	2.821	39.007	39.007
466	  F	  4.5	  0.0	2.821	39.007	39.007
467	  V	  4.0	  0.0	2.821	38.840	38.840
468	  M	  4.8	  0.0	2.821	24.139	24.139
469	  R	  3.4	  0.1	2.821	7.388	7.388
470	  H	  1.3	  0.9	2.821	0.045	0.045
471	  K	  0.4	  1.0	1.460	0.000	0.000
472	  G	  0.1	  0.9	0.341	0.000	0.000
473	  A	  0.1	  1.0	0.000	0.000	0.000
474	  K	  0.2	  0.1	0.000	0.000	0.000
475	  H	  1.0	  0.1	0.000	0.000	0.000
476	  L	  3.2	  0.1	0.000	0.000	0.000
477	  R	  4.1	  0.0	0.000	0.000	0.000
478	  V	  4.5	  0.0	0.000	0.000	0.000
479	  A	  2.4	  0.0	0.000	0.000	0.000
480	  A	  1.5	  0.1	0.000	0.000	0.000
481	  H	  0.3	  0.1	0.000	0.000	0.000
482	  D	  0.4	  0.1	0.000	0.000	0.000
483	  L	  3.5	  0.1	0.000	1.497	1.497
484	  T	  7.8	  0.0	0.000	1.690	1.690
485	  W	  8.8	  0.0	0.000	1.690	1.690
486	  F	 11.0	  0.0	0.000	1.690	1.690
487	  Q	  8.0	  0.0	0.000	1.690	1.690
488	  Y	  7.3	  0.0	0.000	1.509	1.509
489	  H	  2.2	  0.1	0.000	0.000	0.000
490	  S	  2.9	  0.7	0.000	0.000	0.000
491	  L	  4.6	  0.7	0.000	0.000	0.000
492	  D	  6.2	  0.7	0.573	0.000	0.000
493	  V	  5.1	  0.7	0.573	90.733	90.733
494	  I	  3.1	  0.1	0.573	98.442	98.442
495	  G	  1.2	  0.1	0.712	98.560	98.560
496	  F	  0.9	  0.1	0.712	99.867	99.867
497	  L	  1.5	  0.0	0.712	99.974	99.974
498	  L	  2.8	  0.0	0.712	99.994	99.994
499	  V	  4.3	  0.0	0.712	99.997	99.997
500	  C	  9.0	  0.0	0.712	99.998	99.998
501	  V	  8.7	  0.0	0.554	99.999	99.999
502	  A	  7.3	  0.0	0.554	99.999	99.999
503	  T	  4.8	  0.0	0.000	100.000	100.000
504	  V	  5.7	  0.0	0.000	100.000	100.000
505	  I	  6.0	  0.0	0.000	99.999	99.999
506	  F	  4.4	  0.0	0.000	99.992	99.992
507	  I	  6.1	  0.0	0.000	99.910	99.910
508	  V	  6.8	  0.0	0.000	99.009	99.009
509	  T	  6.7	  0.1	0.560	35.303	35.303
510	  K	  5.8	  0.1	0.560	0.001	0.001
511	  C	 12.3	  0.1	0.671	0.001	0.001
512	  C	 11.3	  0.0	0.905	0.025	0.025
513	  L	 10.1	  0.0	0.905	0.423	0.423
514	  F	  5.0	  0.0	0.905	0.423	0.423
515	  C	  5.3	  0.0	0.739	0.423	0.423
516	  F	  4.7	  0.0	0.739	0.423	0.423
517	  W	  2.5	  0.0	0.739	0.422	0.422
518	  K	  2.2	  0.0	0.739	0.000	0.000
519	  F	  2.0	  0.0	0.604	0.000	0.000
520	  A	  1.3	  0.0	0.604	0.000	0.000
521	  R	  0.8	  0.1	0.604	0.000	0.000
522	  K	  0.5	  0.1	0.377	0.000	0.000
523	  A	  0.4	  0.2	0.000	0.000	0.000
524	  K	  0.3	  1.6	0.000	0.000	0.000
525	  K	  0.1	  1.7	0.000	0.000	0.000
526	  G	  0.1	  2.1	0.000	0.000	0.000
527	  K	  0.1	  1.9	0.000	0.000	0.000
528	  N	  0.1	  0.6	0.000	0.000	0.000
529	  D	  0.1	  0.4	0.000	0.000	0.000
