res	aa	Beta	Turn	Helix	Aggregation	Conc-Stab_Aggregation
01	  M	  0.1	  0.0	0.000	0.000	0.000
02	  A	  0.2	  0.0	0.000	0.000	0.000
03	  A	  0.2	  0.0	0.000	0.000	0.000
04	  A	  0.3	  0.0	0.000	0.000	0.000
05	  A	  0.3	  0.0	0.000	0.000	0.000
06	  S	  0.2	  0.0	0.000	0.000	0.000
07	  P	  0.0	  0.0	0.000	0.000	0.000
08	  A	  1.2	  0.0	0.000	0.000	0.000
09	  I	  1.6	  0.0	0.000	0.000	0.000
10	  L	  1.6	  0.2	0.000	0.000	0.000
11	  P	  0.4	  0.2	0.000	0.000	0.000
12	  R	  0.1	  0.2	0.000	0.000	0.000
13	  L	  0.5	  0.2	0.000	0.000	0.000
14	  A	  1.8	  0.0	0.000	0.000	0.000
15	  I	  2.0	  0.0	0.000	0.000	0.000
16	  L	  1.6	  0.1	0.000	0.000	0.000
17	  P	  0.4	  0.1	0.000	0.351	0.351
18	  Y	  0.8	  0.1	0.000	0.351	0.351
19	  L	  1.3	  0.1	0.000	0.351	0.351
20	  L	  1.7	  0.0	0.000	0.351	0.351
21	  F	  2.9	  0.0	0.000	0.351	0.351
22	  D	  2.8	  1.4	0.000	0.000	0.000
23	  W	  2.7	  1.5	0.000	0.000	0.000
24	  S	  0.8	  2.1	0.000	0.000	0.000
25	  G	  0.3	  2.3	0.000	0.000	0.000
26	  T	  0.1	  1.1	0.000	0.000	0.000
27	  G	  0.1	  1.0	0.000	0.000	0.000
28	  R	  0.4	  1.1	0.000	0.000	0.000
29	  A	  0.3	  0.9	0.000	0.000	0.000
30	  D	  0.3	  1.0	0.000	0.000	0.000
31	  A	  0.1	  1.0	0.000	0.000	0.000
32	  H	  0.3	  0.3	0.000	0.026	0.026
33	  S	  0.5	  0.3	0.000	7.608	7.608
34	  L	  0.8	  0.0	0.000	68.785	68.785
35	  W	  1.7	  0.0	0.000	81.162	81.162
36	  Y	  4.6	  0.0	0.000	82.562	82.562
37	  N	  5.5	  0.0	0.106	82.928	82.928
38	  F	 12.8	  0.0	0.106	82.997	82.997
39	  T	 11.8	  0.0	0.106	82.136	82.136
40	  I	 11.4	  0.0	0.106	81.530	81.530
41	  I	  8.1	  0.0	0.106	74.792	74.792
42	  H	  5.9	  0.0	0.106	0.770	0.770
43	  L	  5.0	  0.1	0.106	0.000	0.000
44	  P	  0.1	  0.3	0.000	0.000	0.000
45	  R	  0.2	  1.1	0.000	0.000	0.000
46	  H	  0.2	  1.1	0.000	0.000	0.000
47	  G	  0.2	  1.0	0.000	0.000	0.000
48	  Q	  1.0	  0.8	0.000	0.000	0.000
49	  Q	  2.3	  0.0	0.000	0.000	0.000
50	  W	  4.2	  0.0	0.000	0.000	0.000
51	  C	  9.7	  0.0	0.000	0.000	0.000
52	  E	 10.9	  0.0	0.000	0.000	0.000
53	  V	 10.2	  0.0	0.000	0.000	0.000
54	  Q	  4.1	  0.1	0.000	0.000	0.000
55	  S	  1.5	  0.1	0.170	0.000	0.000
56	  Q	  0.8	  0.1	0.170	0.000	0.000
57	  V	  1.8	  0.1	0.170	0.000	0.000
58	  D	  1.8	  0.2	0.170	0.000	0.000
59	  Q	  1.5	  0.3	0.170	0.000	0.000
60	  K	  0.4	  0.3	0.170	0.000	0.000
61	  N	  0.3	  0.3	0.000	0.175	0.175
62	  F	  1.1	  0.2	0.000	0.175	0.175
63	  L	  3.1	  0.1	0.000	0.175	0.175
64	  S	 10.7	  0.7	0.000	0.175	0.175
65	  Y	 14.7	  0.8	0.000	0.175	0.175
66	  D	 12.7	  0.8	0.000	0.000	0.000
67	  C	  5.5	  1.2	0.000	0.000	0.000
68	  G	  0.1	  0.8	0.000	0.000	0.000
69	  S	  0.1	  0.8	0.000	0.000	0.000
70	  D	  0.1	  0.7	0.220	0.000	0.000
71	  K	  1.0	  0.4	0.220	0.000	0.000
72	  V	  4.1	  0.0	0.220	0.141	0.141
73	  L	  5.9	  0.0	0.220	0.141	0.141
74	  S	  5.3	  0.3	0.220	0.141	0.141
75	  M	  2.4	  0.3	0.220	0.141	0.141
76	  G	  0.4	  0.4	0.000	0.141	0.141
77	  H	  0.6	  0.4	0.143	0.000	0.000
78	  L	  0.5	  0.1	0.143	0.000	0.000
79	  E	  0.6	  0.1	0.143	0.000	0.000
80	  E	  0.1	  0.1	0.143	0.000	0.000
81	  Q	  1.2	  0.1	0.143	0.000	0.000
82	  L	  1.6	  0.1	0.143	0.000	0.000
83	  Y	  1.9	  0.0	0.143	0.000	0.000
84	  A	  0.8	  0.1	0.000	0.000	0.000
85	  T	  0.5	  0.1	0.193	0.000	0.000
86	  D	  0.2	  0.6	0.902	0.000	0.000
87	  A	  0.2	  0.8	0.902	0.000	0.000
88	  W	  0.2	  0.8	1.040	0.000	0.000
89	  G	  0.2	  0.9	1.833	0.000	0.000
90	  K	  0.2	  0.4	1.833	0.000	0.000
91	  Q	  1.6	  0.2	1.768	0.000	0.000
92	  L	  2.3	  0.1	1.768	0.000	0.000
93	  E	  2.3	  0.0	1.768	0.000	0.000
94	  M	  1.0	  0.0	1.768	0.000	0.000
95	  L	  0.3	  0.0	1.378	0.000	0.000
96	  R	  0.4	  0.0	1.378	0.000	0.000
97	  E	  0.4	  0.0	1.378	0.000	0.000
98	  V	  0.5	  0.1	0.584	0.000	0.000
99	  G	  0.3	  0.1	2.318	0.000	0.000
100	  Q	  0.4	  0.1	2.055	0.000	0.000
101	  R	  0.9	  0.1	1.734	0.000	0.000
102	  L	  2.5	  0.1	1.734	0.000	0.000
103	  R	  2.6	  0.0	1.734	0.000	0.000
104	  L	  2.6	  0.1	1.734	0.000	0.000
105	  E	  1.2	  0.1	1.462	0.000	0.000
106	  L	  0.8	  0.3	1.054	0.000	0.000
107	  A	  0.1	  0.3	0.759	0.000	0.000
108	  D	  0.2	  0.3	0.308	0.000	0.000
109	  T	  0.2	  0.3	0.000	0.000	0.000
110	  E	  0.4	  0.1	0.000	0.000	0.000
111	  L	  0.3	  0.7	0.000	0.000	0.000
112	  E	  0.3	  0.7	0.000	0.000	0.000
113	  D	  1.6	  0.7	0.000	0.000	0.000
114	  F	  2.1	  0.7	0.000	0.000	0.000
115	  T	  2.1	  1.4	0.000	0.000	0.000
116	  P	  0.7	  1.4	0.000	0.000	0.000
117	  S	  0.0	  1.5	0.000	0.000	0.000
118	  G	  0.0	  1.7	1.001	0.000	0.000
119	  P	  0.0	  0.3	1.001	0.000	0.000
120	  L	  2.2	  0.3	1.001	0.185	0.185
121	  T	  5.0	  0.1	1.456	0.185	0.185
122	  L	  5.7	  0.0	1.456	0.185	0.185
123	  Q	  3.9	  0.0	1.456	0.185	0.185
124	  V	  4.4	  0.0	0.907	0.185	0.185
125	  R	  4.1	  0.0	0.907	0.000	0.000
126	  M	 10.2	  0.0	0.675	0.000	0.000
127	  S	 15.0	  0.0	0.329	0.000	0.000
128	  C	 16.5	  0.1	0.000	0.000	0.000
129	  E	 10.8	  0.1	0.000	0.000	0.000
130	  C	  6.0	  0.1	0.214	0.000	0.000
131	  E	  3.9	  0.7	0.214	0.000	0.000
132	  A	  3.5	  0.9	0.214	0.000	0.000
133	  D	  0.1	  1.0	0.214	0.000	0.000
134	  G	  0.0	  0.9	0.344	0.000	0.000
135	  Y	  1.4	  0.3	0.344	0.000	0.000
136	  I	  3.6	  0.1	0.130	0.000	0.000
137	  R	  3.6	  0.1	0.130	0.000	0.000
138	  G	  2.3	  0.1	0.130	0.000	0.000
139	  S	  2.0	  0.1	0.130	0.000	0.000
140	  W	  4.9	  0.0	0.000	0.000	0.000
141	  Q	  7.0	  0.0	0.000	0.000	0.000
142	  F	 11.3	  0.0	0.000	0.000	0.000
143	  S	 15.1	  0.8	0.000	0.000	0.000
144	  F	 13.3	  1.7	0.000	0.000	0.000
145	  D	  7.5	  1.8	0.100	0.000	0.000
146	  G	  0.4	  1.9	0.100	0.000	0.000
147	  R	  0.5	  1.1	0.100	0.000	0.000
148	  K	  0.7	  0.2	0.100	0.159	0.159
149	  F	  1.5	  0.1	0.100	0.159	0.159
150	  L	  1.5	  0.0	0.100	0.159	0.159
151	  L	  1.7	  0.0	0.100	0.159	0.159
152	  F	  1.8	  0.1	0.100	0.159	0.159
153	  D	  1.3	  3.6	0.203	0.159	0.159
154	  S	  0.9	  4.0	0.535	0.000	0.000
155	  N	  0.0	  4.0	0.535	0.000	0.000
156	  N	  0.1	  3.9	0.535	0.000	0.000
157	  R	  0.4	  0.4	0.535	0.000	0.000
158	  K	  2.3	  0.0	0.535	0.000	0.000
159	  W	  8.2	  0.0	0.333	0.000	0.000
160	  T	 13.0	  0.0	0.000	0.000	0.000
161	  V	 15.6	  0.0	0.000	0.000	0.000
162	  V	 11.4	  0.0	0.000	0.000	0.000
163	  H	  6.3	  0.7	0.362	0.000	0.000
164	  A	  1.8	  0.8	0.362	0.000	0.000
165	  G	  0.1	  0.8	0.924	0.000	0.000
166	  A	  0.2	  0.8	0.924	0.000	0.000
167	  R	  0.6	  0.2	0.924	0.000	0.000
168	  R	  1.0	  0.0	0.924	0.000	0.000
169	  M	  0.9	  0.1	0.924	0.000	0.000
170	  K	  0.7	  0.1	0.685	0.000	0.000
171	  E	  0.5	  0.1	0.542	0.000	0.000
172	  K	  3.0	  0.1	0.542	0.000	0.000
173	  W	  3.9	  0.1	0.117	0.000	0.000
174	  E	  4.0	  0.2	0.117	0.000	0.000
175	  K	  1.5	  0.4	0.000	0.000	0.000
176	  D	  0.3	  0.6	0.000	0.000	0.000
177	  S	  0.1	  0.7	0.120	0.184	0.184
178	  G	  0.1	  0.5	0.291	4.556	4.556
179	  L	  0.4	  0.3	0.291	10.597	10.597
180	  T	  3.9	  0.2	0.291	10.597	10.597
181	  T	 10.4	  0.0	0.291	10.597	10.597
182	  F	 11.2	  0.0	0.291	10.597	10.597
183	  F	  9.0	  0.0	0.172	10.267	10.267
184	  K	  3.1	  0.0	0.000	0.000	0.000
185	  M	  2.7	  0.0	0.000	0.000	0.000
186	  V	  6.4	  0.0	0.000	0.000	0.000
187	  S	  8.0	  0.0	0.503	0.000	0.000
188	  M	  7.4	  0.3	0.503	0.000	0.000
189	  R	  2.6	  0.3	0.503	0.000	0.000
190	  D	  0.4	  0.3	1.506	0.000	0.000
191	  C	  0.6	  0.5	1.506	0.000	0.000
192	  K	  0.9	  0.3	1.506	0.000	0.000
193	  S	  1.1	  0.2	2.745	0.000	0.000
194	  W	  1.4	  0.2	2.842	0.000	0.000
195	  L	  1.2	  0.4	2.842	0.000	0.000
196	  R	  1.0	  0.4	2.842	0.000	0.000
197	  D	  0.4	  0.4	3.022	0.000	0.000
198	  F	  1.1	  0.4	3.190	0.000	0.000
199	  L	  1.4	  0.0	3.190	0.000	0.000
200	  M	  1.5	  0.0	3.190	0.000	0.000
201	  H	  1.1	  0.1	2.745	0.000	0.000
202	  R	  0.6	  0.1	2.428	0.000	0.000
203	  K	  0.5	  0.2	2.113	0.000	0.000
204	  K	  0.3	  0.2	0.383	0.000	0.000
205	  R	  1.2	  0.1	0.000	0.000	0.000
206	  L	  1.2	  0.1	0.000	0.000	0.000
207	  E	  1.1	  0.2	0.000	0.000	0.000
208	  P	  0.1	  0.2	0.000	0.000	0.000
209	  T	  0.0	  0.2	0.000	0.000	0.000
210	  A	  0.0	  0.2	0.000	0.000	0.000
211	  P	  0.0	  0.3	0.000	0.000	0.000
212	  P	  0.0	  0.3	0.000	0.000	0.000
213	  T	  1.3	  0.3	0.000	0.000	0.000
214	  M	  1.3	  0.3	0.000	0.000	0.000
215	  A	  1.3	  0.7	0.000	0.000	0.000
216	  P	  0.0	  0.8	0.000	0.000	0.000
217	  G	  0.1	  0.8	0.000	0.000	0.000
218	  L	  0.2	  0.8	0.000	0.000	0.000
219	  A	  0.2	  0.0	0.000	0.000	0.000
220	  Q	  0.1	  0.1	0.000	0.000	0.000
221	  P	  0.0	  0.2	0.000	0.000	0.000
222	  K	  0.3	  0.2	0.000	0.000	0.000
223	  A	  0.5	  0.2	0.000	0.014	0.014
224	  I	  1.6	  0.0	0.000	0.031	0.031
225	  A	  1.5	  0.0	0.000	0.031	0.031
226	  T	  2.1	  0.0	0.000	0.031	0.031
227	  T	 10.5	  0.0	0.000	0.031	0.031
228	  L	 10.5	  0.0	0.000	0.031	0.031
229	  S	  9.7	  0.2	0.101	0.000	0.000
230	  P	  0.1	  0.2	0.101	0.792	0.792
231	  W	  3.3	  0.2	0.101	65.333	65.333
232	  S	  3.8	  0.2	0.989	68.876	68.876
233	  F	  4.6	  0.0	0.989	97.277	97.277
234	  L	  2.7	  0.0	0.989	99.524	99.524
235	  I	  7.7	  0.0	0.989	99.932	99.932
236	  I	  8.6	  0.0	0.989	99.959	99.959
237	  L	  8.2	  0.0	0.989	99.859	99.859
238	  C	  4.1	  0.0	0.989	98.467	98.467
239	  F	  4.3	  0.0	0.780	97.831	97.831
240	  I	  3.7	  0.0	0.238	90.006	90.006
241	  L	  2.3	  0.7	0.238	4.434	4.434
242	  P	  0.3	  0.7	0.000	1.220	1.220
243	  G	  0.0	  0.7	0.000	0.000	0.000
244	  I	  0.0	  0.7	0.000	0.000	0.000
