res	aa	Beta	Turn	Helix	Aggregation	Conc-Stab_Aggregation
01	  M	  0.2	  0.1	0.000	0.000	0.000
02	  A	  0.6	  0.2	0.000	0.000	0.000
03	  S	  1.7	  0.2	1.448	0.000	0.000
04	  H	  2.1	  0.3	2.179	0.001	0.001
05	  R	  2.1	  0.1	2.467	0.006	0.006
06	  L	  1.9	  0.1	2.467	82.310	82.310
07	  L	  2.2	  0.1	2.657	99.183	99.183
08	  L	  3.0	  0.0	2.657	99.689	99.689
09	  L	  3.3	  0.0	2.657	99.781	99.781
10	  C	  4.6	  0.0	2.657	99.798	99.798
11	  L	  3.5	  0.1	2.540	99.876	99.876
12	  A	  2.3	  0.1	2.540	99.874	99.874
13	  G	  0.1	  0.1	2.158	99.874	99.874
14	  L	  1.3	  0.1	0.000	99.891	99.891
15	  V	  7.3	  0.0	0.000	99.884	99.884
16	  F	  8.9	  0.0	0.000	99.793	99.793
17	  V	  8.1	  0.0	0.000	98.682	98.682
18	  S	  2.1	  0.2	0.000	10.918	10.918
19	  E	  0.4	  0.2	0.000	0.006	0.006
20	  A	  0.0	  0.3	0.000	0.003	0.003
21	  G	  0.0	  1.4	0.000	0.000	0.000
22	  P	  0.0	  1.4	0.000	0.000	0.000
23	  T	  0.1	  1.7	0.000	0.000	0.000
24	  G	  0.1	  1.7	0.000	0.000	0.000
25	  T	  0.1	  0.8	0.000	0.000	0.000
26	  G	  0.0	  0.9	0.000	0.000	0.000
27	  E	  0.5	  0.6	0.000	0.000	0.000
28	  S	  1.4	  0.5	0.000	0.000	0.000
29	  K	  1.5	  0.3	0.000	0.000	0.000
30	  C	  1.1	  0.3	0.111	0.000	0.000
31	  P	  0.1	  0.2	0.111	0.000	0.000
32	  L	  0.9	  0.2	0.111	2.532	2.532
33	  M	  1.5	  0.2	0.111	2.838	2.838
34	  V	 16.7	  0.0	0.111	3.106	3.106
35	  K	 16.7	  0.0	0.111	3.106	3.106
36	  V	 18.4	  0.0	0.000	3.106	3.106
37	  L	  3.6	  0.0	0.000	3.106	3.106
38	  D	  2.6	  0.0	0.236	3.106	3.106
39	  A	  0.8	  0.0	0.236	2.677	2.677
40	  V	  1.4	  0.1	0.236	2.512	2.512
41	  R	  1.4	  0.1	0.236	0.000	0.000
42	  G	  0.9	  0.1	0.236	0.000	0.000
43	  S	  0.1	  0.1	0.236	0.000	0.000
44	  P	  0.0	  0.0	0.000	0.000	0.000
45	  A	  0.3	  0.0	0.000	3.001	3.001
46	  I	  9.0	  0.0	0.000	6.315	6.315
47	  N	  9.3	  0.0	0.119	6.315	6.315
48	  V	 15.1	  0.0	0.119	7.490	7.490
49	  A	  7.1	  0.0	0.119	7.490	7.490
50	  V	 14.6	  0.0	0.119	7.282	7.282
51	  H	 10.3	  0.0	0.119	1.929	1.929
52	  V	 11.5	  0.0	0.119	1.929	1.929
53	  F	  5.1	  0.0	0.119	1.714	1.714
54	  R	  3.5	  0.1	0.000	0.000	0.000
55	  K	  1.5	  0.1	0.000	0.000	0.000
56	  A	  0.2	  0.4	0.000	0.000	0.000
57	  A	  0.2	  0.5	0.000	0.000	0.000
58	  D	  0.0	  0.5	0.000	0.000	0.000
59	  D	  1.4	  0.5	0.000	0.000	0.000
60	  T	 19.0	  0.1	0.000	0.000	0.000
61	  W	 19.3	  0.0	0.000	0.000	0.000
62	  E	 18.0	  0.0	0.000	0.000	0.000
63	  P	  0.4	  0.0	0.000	0.000	0.000
64	  F	  0.7	  0.5	0.000	0.000	0.000
65	  A	  0.8	  0.8	0.000	0.000	0.000
66	  S	  0.8	  1.3	0.000	0.000	0.000
67	  G	  0.1	  1.4	0.000	0.000	0.000
68	  K	  0.3	  1.0	0.000	0.000	0.000
69	  T	  0.4	  0.7	0.000	0.000	0.000
70	  S	  0.5	  3.1	0.000	0.000	0.000
71	  E	  0.3	  3.2	0.000	0.000	0.000
72	  S	  0.3	  3.4	0.000	0.000	0.000
73	  G	  0.1	  3.4	0.000	0.000	0.000
74	  E	  1.3	  0.5	0.000	0.000	0.000
75	  L	  1.4	  0.6	0.000	0.000	0.000
76	  H	  1.5	  0.5	0.000	0.000	0.000
77	  G	  0.3	  0.4	0.000	0.000	0.000
78	  L	  0.5	  0.5	0.000	0.000	0.000
79	  T	  0.7	  0.2	0.000	0.000	0.000
80	  T	  0.7	  0.1	0.000	0.000	0.000
81	  E	  0.4	  0.1	0.000	0.000	0.000
82	  E	  0.1	  0.1	0.000	0.000	0.000
83	  E	  0.2	  0.1	0.000	0.000	0.000
84	  F	  2.4	  0.0	0.000	0.000	0.000
85	  V	  2.5	  0.1	0.000	0.000	0.000
86	  E	  2.4	  0.2	0.000	0.000	0.000
87	  G	  0.3	  0.2	0.000	0.000	0.000
88	  I	  0.4	  0.2	0.000	0.000	0.000
89	  Y	  2.8	  0.1	0.000	0.000	0.000
90	  K	  9.6	  0.0	0.000	0.000	0.000
91	  V	 16.3	  0.0	0.000	0.000	0.000
92	  E	 16.6	  0.0	0.000	0.000	0.000
93	  I	 11.2	  0.0	0.000	0.000	0.000
94	  D	  4.6	  0.1	0.268	0.000	0.000
95	  T	  4.5	  0.2	0.268	0.000	0.000
96	  K	  3.7	  0.2	0.268	0.000	0.000
97	  S	  4.4	  0.2	0.268	0.000	0.000
98	  Y	  2.3	  0.1	0.268	0.000	0.000
99	  W	  2.5	  0.1	0.268	0.000	0.000
100	  K	  1.7	  0.2	0.100	0.000	0.000
101	  A	  0.8	  0.2	0.000	0.000	0.000
102	  L	  0.3	  0.3	0.000	0.000	0.000
103	  G	  0.4	  0.2	0.000	0.000	0.000
104	  I	  0.6	  0.1	0.000	0.000	0.000
105	  S	  0.4	  0.2	0.000	0.000	0.000
106	  P	  0.3	  0.2	0.000	0.000	0.000
107	  F	  1.1	  0.2	0.000	0.000	0.000
108	  H	  1.5	  0.4	0.000	0.000	0.000
109	  E	  1.6	  0.2	0.000	0.000	0.000
110	  H	  0.7	  0.3	0.000	0.000	0.000
111	  A	  0.5	  0.3	0.000	0.000	0.000
112	  E	  0.9	  0.1	0.000	0.000	0.000
113	  V	  4.3	  0.1	0.000	6.756	6.756
114	  V	  6.8	  0.0	0.000	6.756	6.756
115	  F	 11.5	  0.0	0.000	6.756	6.756
116	  T	  8.2	  0.4	0.000	6.756	6.756
117	  A	  5.5	  0.5	0.000	6.756	6.756
118	  N	  0.3	  2.7	0.000	0.253	0.253
119	  D	  0.0	  2.6	0.000	0.000	0.000
120	  S	  0.0	  2.4	0.000	0.000	0.000
121	  G	  0.0	  2.5	0.000	0.000	0.000
122	  P	  0.0	  0.4	0.000	0.000	0.000
123	  R	  0.8	  0.4	0.000	0.000	0.000
124	  R	  2.5	  0.3	0.000	0.000	0.000
125	  Y	 11.3	  0.0	0.000	3.820	3.820
126	  T	 13.2	  0.0	1.167	6.880	6.880
127	  I	 12.3	  0.0	1.167	18.521	18.521
128	  A	  3.7	  0.0	1.167	18.521	18.521
129	  A	  1.2	  0.0	1.167	18.521	18.521
130	  L	  1.1	  0.0	1.167	18.416	18.416
131	  L	  1.1	  0.0	1.167	17.367	17.367
132	  S	  0.8	  0.2	0.784	0.000	0.000
133	  P	  0.1	  0.2	0.000	0.000	0.000
134	  Y	  6.6	  0.2	0.000	0.671	0.671
135	  S	 26.3	  0.3	0.000	0.794	0.794
136	  Y	 27.0	  0.2	0.000	2.375	2.375
137	  S	 22.4	  0.2	0.000	2.838	2.838
138	  T	  1.9	  0.2	0.000	6.575	6.575
139	  T	  1.7	  0.1	0.000	8.942	8.942
140	  A	  1.9	  0.0	0.000	8.942	8.942
141	  V	  4.4	  0.0	0.000	8.942	8.942
142	  V	  6.8	  0.0	0.000	8.942	8.942
143	  T	  6.0	  0.0	0.000	4.774	4.774
144	  N	  3.1	  0.3	0.000	0.000	0.000
145	  P	  0.0	  0.3	0.000	0.000	0.000
146	  K	  0.0	  0.3	0.000	0.000	0.000
147	  E	  0.0	  0.3	0.000	0.000	0.000
