res	aa	Beta	Turn	Helix	Aggregation	Conc-Stab_Aggregation
01	  M	  8.9	  0.0	0.000	0.000	0.000
02	  R	  9.3	  0.0	0.000	0.000	0.000
03	  I	  9.4	  0.0	0.000	0.000	0.000
04	  P	  0.5	  0.0	0.000	0.000	0.000
05	  V	  0.6	  0.0	0.000	0.000	0.000
06	  D	  0.6	  1.5	0.554	0.000	0.000
07	  A	  0.7	  1.6	0.554	0.000	0.000
08	  S	  2.2	  1.8	0.679	0.000	0.000
09	  T	  2.7	  1.8	0.679	0.000	0.000
10	  S	  3.1	  0.4	0.679	0.000	0.000
11	  R	  2.0	  0.3	0.679	0.000	0.000
12	  R	  4.5	  0.1	0.265	0.000	0.000
13	  F	  4.0	  0.1	0.125	0.000	0.000
14	  T	  3.1	  0.0	0.000	0.000	0.000
15	  P	  0.0	  0.4	0.000	0.000	0.000
16	  P	  0.0	  0.5	0.000	0.000	0.000
17	  S	  0.1	  0.5	0.000	0.000	0.000
18	  T	  0.6	  0.5	0.000	0.000	0.000
19	  A	  1.1	  0.1	0.000	0.000	0.000
20	  L	  1.0	  0.0	0.000	0.000	0.000
21	  S	  0.6	  3.6	0.128	0.000	0.000
22	  P	  0.1	  3.7	0.128	0.000	0.000
23	  G	  0.0	  3.7	0.128	0.000	0.000
24	  K	  0.6	  3.7	0.128	0.000	0.000
25	  M	  0.6	  0.2	0.128	0.000	0.000
26	  S	  0.6	  0.1	0.128	0.000	0.000
27	  E	  0.1	  0.1	0.128	0.000	0.000
28	  A	  0.1	  0.1	0.128	0.000	0.000
29	  L	  0.1	  0.4	0.128	0.000	0.000
30	  P	  0.1	  0.5	0.000	0.000	0.000
31	  L	  0.1	  0.5	0.000	0.000	0.000
32	  G	  0.1	  0.5	0.000	0.000	0.000
33	  A	  0.1	  1.1	0.000	0.000	0.000
34	  P	  0.0	  1.0	0.000	0.000	0.000
35	  D	  0.0	  2.1	3.123	0.000	0.000
36	  A	  0.0	  2.2	3.123	0.000	0.000
37	  G	  0.1	  1.2	4.790	0.000	0.000
38	  A	  0.2	  1.1	4.957	0.000	0.000
39	  A	  0.2	  0.1	4.957	0.000	0.000
40	  L	  0.2	  0.4	4.957	0.000	0.000
41	  A	  0.1	  0.5	4.957	0.000	0.000
42	  G	  0.1	  0.6	4.576	0.000	0.000
43	  K	  0.7	  0.6	2.871	0.000	0.000
44	  L	  1.3	  0.4	0.174	0.000	0.000
45	  R	  1.4	  0.5	0.000	0.000	0.000
46	  S	  0.7	  2.4	0.000	0.000	0.000
47	  G	  0.2	  2.4	0.000	0.000	0.000
48	  D	  0.1	  2.6	0.000	0.000	0.000
49	  R	  0.5	  2.4	0.000	0.000	0.000
50	  S	  0.8	  0.4	1.763	0.000	0.000
51	  M	  1.0	  0.4	1.763	0.000	0.000
52	  V	 19.2	  0.0	1.763	0.000	0.000
53	  E	 19.3	  0.0	1.763	0.000	0.000
54	  V	 20.0	  0.0	1.763	0.000	0.000
55	  L	  1.5	  0.2	1.763	0.000	0.000
56	  A	  1.0	  0.2	1.504	0.000	0.000
57	  D	  0.1	  0.2	1.264	0.000	0.000
58	  H	  0.0	  3.4	0.397	0.000	0.000
59	  P	  0.0	  3.3	0.000	0.000	0.000
60	  G	  0.0	  3.3	0.000	0.000	0.000
61	  E	  0.1	  3.3	0.000	0.000	0.000
62	  L	  0.3	  0.1	0.000	0.000	0.000
63	  V	  1.0	  0.1	0.000	0.000	0.000
64	  R	  1.3	  0.2	0.000	0.000	0.000
65	  T	  2.1	  0.2	0.000	0.000	0.000
66	  D	  1.5	  0.2	0.000	0.000	0.000
67	  S	  1.0	  5.9	0.000	0.000	0.000
68	  P	  0.0	  5.8	0.000	0.000	0.000
69	  N	  0.1	  5.8	0.000	0.000	0.000
70	  F	  2.0	  5.8	0.000	1.091	1.091
71	  L	  2.4	  0.0	0.000	1.091	1.091
72	  C	  4.6	  0.0	0.000	1.091	1.091
73	  S	  3.8	  0.0	0.000	1.091	1.091
74	  V	  3.8	  0.0	0.000	1.091	1.091
75	  L	  1.6	  0.2	0.000	0.000	0.000
76	  P	  0.4	  0.2	0.000	0.000	0.000
77	  T	  2.5	  0.2	0.000	0.000	0.000
78	  H	  4.6	  0.2	0.000	0.000	0.000
79	  W	  9.4	  0.0	0.000	0.000	0.000
80	  R	 10.4	  0.0	0.000	0.000	0.000
81	  C	  8.8	  0.0	0.000	0.000	0.000
82	  N	  4.2	  0.1	0.000	0.000	0.000
83	  K	  1.0	  0.1	0.000	0.000	0.000
84	  T	  0.7	  0.1	0.000	0.000	0.000
85	  L	  0.7	  0.1	0.000	0.000	0.000
86	  P	  0.3	  0.0	0.000	0.000	0.000
87	  I	  1.8	  0.0	0.000	0.581	0.581
88	  A	  2.0	  0.0	0.000	0.581	0.581
89	  F	  4.5	  0.0	0.000	0.581	0.581
90	  K	  4.6	  0.0	0.000	0.581	0.581
91	  V	  8.7	  0.0	0.000	9.209	9.209
92	  V	  9.6	  0.0	0.000	9.209	9.209
93	  A	  7.7	  0.0	0.000	9.209	9.209
94	  L	  3.5	  0.2	0.000	9.209	9.209
95	  G	  0.1	  0.2	0.000	9.209	9.209
96	  D	  0.1	  0.2	0.000	0.581	0.581
97	  V	  0.1	  1.7	0.000	0.000	0.000
98	  P	  0.1	  1.6	0.000	0.000	0.000
99	  D	  0.0	  1.6	0.000	0.000	0.000
100	  G	  0.0	  1.7	0.000	0.894	0.894
101	  T	  1.0	  0.2	0.000	10.934	10.934
102	  L	  1.4	  0.1	0.000	42.432	42.432
103	  V	 19.9	  0.0	0.000	45.142	45.142
104	  T	 22.3	  0.0	0.000	45.142	45.142
105	  V	 23.0	  0.0	0.000	45.142	45.142
106	  M	  5.0	  0.1	0.000	41.651	41.651
107	  A	  1.1	  1.0	0.000	20.849	20.849
108	  G	  0.0	  1.0	0.000	0.648	0.648
109	  N	  0.0	  1.1	0.000	0.000	0.000
110	  D	  0.0	  2.7	0.000	0.000	0.000
111	  E	  0.1	  1.9	0.000	0.000	0.000
112	  N	  1.2	  2.1	0.437	0.000	0.000
113	  Y	  5.0	  2.0	0.437	0.000	0.000
114	  S	  5.3	  0.3	2.744	0.000	0.000
115	  A	  4.3	  0.3	2.744	0.000	0.000
116	  E	  0.7	  0.1	2.744	0.000	0.000
117	  L	  0.5	  0.2	2.744	0.000	0.000
118	  R	  0.5	  0.2	2.744	0.000	0.000
119	  N	  0.3	  0.4	3.524	0.000	0.000
120	  A	  0.2	  0.4	2.069	0.000	0.000
121	  T	  0.5	  0.2	2.680	0.000	0.000
122	  A	  0.6	  0.2	2.680	0.000	0.000
123	  A	  0.7	  0.0	2.680	0.000	0.000
124	  M	  0.6	  0.2	2.565	0.000	0.000
125	  K	  0.6	  0.2	2.114	0.000	0.000
126	  N	  0.5	  0.2	1.767	0.000	0.000
127	  Q	  0.5	  0.2	1.264	0.000	0.000
128	  V	  1.4	  0.0	0.143	0.000	0.000
129	  A	  1.5	  0.0	0.143	0.000	0.000
130	  R	  5.8	  0.0	0.143	0.000	0.000
131	  F	  5.2	  0.2	0.143	0.000	0.000
132	  N	  5.0	  0.2	0.000	0.000	0.000
133	  D	  0.8	  0.2	0.142	0.000	0.000
134	  L	  1.7	  0.2	0.142	0.000	0.000
135	  R	  2.5	  0.1	0.142	0.000	0.000
136	  F	  2.9	  0.2	0.142	0.000	0.000
137	  V	  1.7	  0.5	0.142	0.000	0.000
138	  G	  0.9	  0.9	0.142	0.000	0.000
139	  R	  0.2	  1.2	0.000	0.000	0.000
140	  S	  0.2	  1.7	0.000	0.000	0.000
141	  G	  0.2	  1.7	0.000	0.000	0.000
142	  R	  0.1	  1.4	0.000	0.000	0.000
143	  G	  0.1	  1.2	0.000	0.000	0.000
144	  K	  0.4	  0.5	0.000	0.000	0.000
145	  S	  6.9	  0.2	0.000	6.391	6.391
146	  F	 10.2	  0.2	0.000	57.939	57.939
147	  T	 11.8	  0.0	0.086	69.356	69.356
148	  L	  8.1	  0.0	0.086	88.468	88.468
149	  T	 13.7	  0.0	0.086	91.798	91.798
150	  I	 26.1	  0.0	0.086	93.886	93.886
151	  T	 27.7	  0.0	0.086	93.488	93.488
152	  V	 21.5	  0.0	0.086	93.204	93.204
153	  F	  9.2	  0.0	0.086	88.933	88.933
154	  T	  4.5	  0.0	0.000	34.479	34.479
155	  N	  2.4	  0.0	0.000	0.000	0.000
156	  P	  0.0	  0.2	0.000	0.000	0.000
157	  P	  0.0	  0.2	0.000	0.000	0.000
158	  Q	  0.2	  0.2	0.000	0.000	0.000
159	  V	  1.3	  0.3	0.000	0.000	0.000
160	  A	  2.1	  0.1	0.000	0.000	0.000
161	  T	  9.4	  0.1	0.000	0.000	0.000
162	  Y	  9.7	  0.1	0.000	0.000	0.000
163	  H	  9.0	  0.0	0.000	0.000	0.000
164	  R	  1.9	  0.0	0.000	0.000	0.000
165	  A	  0.8	  0.0	0.000	0.000	0.000
166	  I	  5.1	  0.0	0.000	0.000	0.000
167	  K	  9.4	  0.0	0.000	0.000	0.000
168	  I	 25.6	  0.0	0.000	0.000	0.000
169	  T	 25.3	  0.1	0.000	0.000	0.000
170	  V	 20.8	  0.1	0.000	0.000	0.000
171	  D	  4.4	  0.2	0.000	0.000	0.000
172	  G	  0.2	  0.4	0.000	0.000	0.000
173	  P	  0.0	  0.2	0.000	0.000	0.000
174	  R	  0.0	  0.2	0.000	0.000	0.000
175	  E	  0.0	  0.2	0.000	0.000	0.000
176	  P	  0.0	  0.1	0.000	0.000	0.000
177	  R	  0.5	  0.1	0.000	0.000	0.000
178	  R	  1.0	  0.1	0.000	0.000	0.000
179	  H	  1.6	  0.2	0.000	0.000	0.000
180	  R	  1.5	  0.2	0.000	0.000	0.000
181	  Q	  1.3	  0.2	0.000	0.000	0.000
182	  K	  1.3	  0.4	0.000	0.000	0.000
183	  L	  1.1	  0.4	0.000	0.000	0.000
184	  D	  0.8	  0.5	0.000	0.000	0.000
185	  D	  0.1	  0.7	0.000	0.000	0.000
186	  Q	  0.5	  0.4	0.000	0.000	0.000
187	  T	  0.7	  0.3	0.000	0.000	0.000
188	  K	  0.7	  1.4	0.000	0.000	0.000
189	  P	  0.2	  1.4	0.000	0.000	0.000
190	  G	  0.0	  1.5	0.000	0.000	0.000
191	  S	  4.5	  1.8	0.000	0.000	0.000
192	  L	  6.5	  0.6	0.000	0.000	0.000
193	  S	 25.1	  0.3	1.485	0.000	0.000
194	  F	 21.4	  0.3	1.485	0.000	0.000
195	  S	 19.5	  0.1	2.906	0.000	0.000
196	  E	  0.7	  0.1	3.322	0.000	0.000
197	  R	  0.4	  0.1	4.684	0.000	0.000
198	  L	  0.4	  0.1	5.122	0.000	0.000
199	  S	  0.3	  0.1	13.048	0.000	0.000
200	  E	  0.2	  0.1	15.430	0.000	0.000
201	  L	  0.2	  0.1	16.718	0.000	0.000
202	  E	  0.2	  0.1	17.110	0.000	0.000
203	  Q	  0.7	  0.1	17.110	0.000	0.000
204	  L	  0.8	  0.1	17.025	0.000	0.000
205	  R	  1.1	  0.1	16.668	0.000	0.000
206	  R	  0.5	  0.1	15.401	0.000	0.000
207	  T	  0.7	  0.1	11.489	0.000	0.000
208	  A	  0.8	  0.0	11.363	0.000	0.000
209	  M	  3.0	  0.0	9.993	0.000	0.000
210	  R	  4.7	  0.0	1.931	0.000	0.000
211	  V	  4.7	  0.0	0.249	0.000	0.000
212	  S	  2.4	  0.4	0.249	0.000	0.000
213	  P	  0.3	  0.4	0.000	0.000	0.000
214	  H	  0.1	  0.4	0.000	0.000	0.000
215	  H	  0.1	  0.4	0.000	0.000	0.000
216	  P	  0.1	  0.0	0.000	0.000	0.000
217	  A	  0.0	  0.0	0.000	0.000	0.000
218	  P	  0.0	  0.0	0.000	0.000	0.000
219	  T	  0.0	  0.0	0.000	0.000	0.000
220	  P	  0.0	  0.0	0.000	0.000	0.000
221	  N	  0.0	  0.4	0.277	0.000	0.000
222	  P	  0.0	  0.4	0.277	0.000	0.000
223	  R	  0.2	  0.6	0.277	0.000	0.000
224	  A	  0.6	  0.6	0.277	0.000	0.000
225	  S	  3.6	  0.9	0.277	0.000	0.000
226	  L	  3.8	  0.9	0.277	0.000	0.000
227	  N	  3.4	  0.9	1.233	0.000	0.000
228	  H	  0.6	  1.1	1.101	0.000	0.000
229	  S	  0.3	  0.4	1.101	0.000	0.000
230	  T	  1.1	  0.4	1.101	0.000	0.000
231	  A	  1.4	  0.2	1.101	0.000	0.000
232	  F	  1.5	  0.0	1.101	0.000	0.000
233	  N	  0.7	  0.0	0.388	0.000	0.000
234	  P	  0.2	  0.0	0.000	0.000	0.000
235	  Q	  0.0	  0.2	0.000	0.000	0.000
236	  P	  0.0	  0.3	0.000	0.000	0.000
237	  Q	  0.3	  0.3	0.000	0.000	0.000
238	  S	  0.5	  0.3	0.000	0.000	0.000
239	  Q	  1.7	  0.1	0.000	0.000	0.000
240	  M	  1.7	  0.2	0.000	0.000	0.000
241	  Q	  1.7	  0.2	0.000	0.000	0.000
242	  D	  0.7	  0.2	0.000	0.000	0.000
243	  T	  2.1	  0.3	0.000	0.000	0.000
244	  R	  3.2	  0.1	0.000	0.000	0.000
245	  Q	  4.5	  0.1	0.000	0.000	0.000
246	  I	  3.0	  0.0	0.000	0.000	0.000
247	  Q	  1.8	  0.0	0.000	0.000	0.000
248	  P	  0.1	  0.0	0.000	0.000	0.000
249	  S	  0.0	  0.0	0.000	0.000	0.000
250	  P	  0.0	  0.1	0.000	0.000	0.000
251	  P	  0.0	  0.1	0.000	0.000	0.000
252	  W	  3.9	  0.1	0.000	0.000	0.000
253	  S	 11.1	  0.5	0.000	0.000	0.000
254	  Y	 12.0	  0.4	0.000	0.000	0.000
255	  D	  8.4	  0.9	0.000	0.000	0.000
256	  Q	  1.8	  0.9	0.000	0.000	0.000
257	  S	  3.8	  0.5	0.000	0.000	0.000
258	  Y	  9.4	  0.5	0.000	0.000	0.000
259	  Q	  9.6	  0.0	0.000	0.000	0.000
260	  Y	  7.1	  0.1	0.000	0.134	0.134
261	  L	  1.5	  0.3	0.000	0.134	0.134
262	  G	  0.4	  0.3	0.000	0.134	0.134
263	  S	  0.4	  0.3	0.000	0.134	0.134
264	  I	  2.4	  0.1	0.000	0.134	0.134
265	  A	  2.4	  0.0	0.000	0.000	0.000
266	  S	  2.1	  2.3	0.000	0.000	0.000
267	  P	  0.1	  2.3	0.000	0.000	0.000
268	  S	  2.9	  2.3	0.000	0.000	0.000
269	  V	  3.3	  2.3	0.000	0.000	0.000
270	  H	  3.3	  0.1	0.000	0.000	0.000
271	  P	  0.4	  0.1	0.000	0.000	0.000
272	  A	  0.0	  0.1	0.000	0.000	0.000
273	  T	  0.0	  0.1	0.000	0.000	0.000
274	  P	  0.0	  0.0	0.000	0.000	0.000
275	  I	  0.3	  0.0	0.000	0.000	0.000
276	  S	  0.3	  3.1	0.275	0.000	0.000
277	  P	  0.3	  3.2	0.275	0.000	0.000
278	  G	  0.1	  3.2	0.275	0.000	0.000
279	  R	  0.2	  3.7	0.275	0.000	0.000
280	  A	  0.3	  0.8	0.275	0.000	0.000
281	  S	  0.2	  0.7	0.275	0.000	0.000
282	  G	  0.2	  0.7	0.275	0.000	0.000
283	  M	  0.5	  0.3	0.117	0.000	0.000
284	  T	  1.3	  0.0	0.000	0.000	0.000
285	  T	  6.9	  0.0	0.320	0.000	0.000
286	  L	  7.2	  0.0	0.320	0.000	0.000
287	  S	  6.7	  0.0	0.928	0.000	0.000
288	  A	  1.2	  0.1	0.928	0.000	0.000
289	  E	  0.8	  0.1	0.928	0.000	0.000
290	  L	  0.8	  0.1	0.928	0.000	0.000
291	  S	  1.0	  0.2	0.928	0.000	0.000
292	  S	  0.7	  0.2	0.735	0.000	0.000
293	  R	  0.9	  0.2	0.368	0.000	0.000
294	  L	  0.7	  0.2	0.219	0.000	0.000
295	  S	  1.0	  0.1	0.219	0.000	0.000
296	  T	  0.7	  0.1	0.000	0.000	0.000
297	  A	  0.5	  1.0	0.000	0.000	0.000
298	  P	  0.2	  0.9	0.000	0.000	0.000
299	  D	  0.2	  0.9	0.000	0.000	0.000
300	  L	  1.0	  1.0	0.000	0.000	0.000
301	  T	  1.9	  0.0	0.000	0.000	0.000
302	  A	  2.2	  0.0	0.000	0.000	0.000
303	  F	  1.9	  0.0	0.000	0.000	0.000
304	  S	  1.0	  0.0	0.000	0.000	0.000
305	  D	  0.5	  0.5	0.000	0.000	0.000
306	  P	  0.0	  0.5	0.000	0.000	0.000
307	  R	  3.3	  0.5	0.000	0.000	0.000
308	  Q	  3.5	  0.5	0.000	0.000	0.000
309	  F	  3.5	  0.3	0.000	0.000	0.000
310	  P	  0.2	  0.2	0.000	0.000	0.000
311	  A	  0.1	  0.2	0.000	0.000	0.000
312	  L	  0.0	  0.5	0.000	0.000	0.000
313	  P	  0.0	  0.3	0.000	0.000	0.000
314	  S	  6.0	  0.5	0.000	0.000	0.000
315	  I	  6.1	  0.5	0.000	0.000	0.000
316	  S	  6.1	  0.2	0.000	0.000	0.000
317	  D	  0.1	  0.4	0.293	0.000	0.000
318	  P	  0.0	  0.2	0.293	0.000	0.000
319	  R	  0.5	  0.2	0.293	0.000	0.000
320	  M	  3.5	  0.2	0.293	0.000	0.000
321	  H	  3.8	  0.0	0.293	0.000	0.000
322	  Y	  3.3	  0.7	0.293	0.000	0.000
323	  P	  0.3	  0.8	0.000	0.000	0.000
324	  G	  0.0	  0.8	0.000	0.000	0.000
325	  A	  0.2	  0.8	0.000	0.000	0.000
326	  F	 10.4	  0.1	0.000	0.000	0.000
327	  T	 50.6	  0.0	0.000	0.000	0.000
328	  Y	 50.6	  0.0	0.000	0.000	0.000
329	  S	 43.1	  0.0	0.000	0.000	0.000
330	  P	  0.4	  0.0	0.000	0.000	0.000
331	  T	  0.0	  0.0	0.000	0.000	0.000
332	  P	  0.0	  0.0	0.000	0.000	0.000
333	  V	  2.9	  0.1	0.000	0.000	0.000
334	  T	  3.0	  0.2	0.000	0.000	0.000
335	  S	  3.0	  0.4	0.000	0.000	0.000
336	  G	  0.1	  0.4	0.000	0.000	0.000
337	  I	  0.4	  0.6	0.000	0.000	0.000
338	  G	  0.4	  0.6	0.000	0.000	0.000
339	  I	  0.6	  0.4	0.000	0.000	0.000
340	  G	  0.3	  0.4	0.000	0.000	0.000
341	  M	  1.1	  0.2	0.000	0.000	0.000
342	  S	  1.0	  0.2	0.000	0.000	0.000
343	  A	  1.1	  0.4	0.000	0.000	0.000
344	  M	  0.3	  0.6	0.000	0.000	0.000
345	  G	  0.3	  0.6	0.870	0.000	0.000
346	  S	  1.0	  0.6	0.870	0.000	0.000
347	  A	  1.1	  0.5	0.870	0.000	0.000
348	  T	  1.8	  0.2	0.870	0.000	0.000
349	  R	  1.9	  0.2	0.870	0.000	0.000
350	  Y	  2.4	  0.0	0.870	0.000	0.000
351	  H	  4.6	  0.0	0.000	0.000	0.000
352	  T	 10.5	  0.0	0.000	0.000	0.000
353	  Y	  9.8	  0.0	0.000	0.000	0.000
354	  L	  6.8	  0.0	0.000	0.000	0.000
355	  P	  0.0	  0.0	0.000	0.000	0.000
356	  P	  0.0	  0.0	0.000	0.000	0.000
357	  P	  0.0	  0.0	0.000	0.000	0.000
358	  Y	  0.0	  1.9	0.000	0.000	0.000
359	  P	  0.0	  2.4	0.000	0.000	0.000
360	  G	  0.0	  2.5	0.000	0.000	0.000
361	  S	  0.2	  2.6	0.000	0.000	0.000
362	  S	  0.3	  0.7	0.000	0.000	0.000
363	  Q	  0.5	  0.5	0.000	0.000	0.000
364	  A	  0.3	  0.5	0.000	0.000	0.000
365	  Q	  0.2	  0.4	0.000	0.000	0.000
366	  G	  0.0	  0.5	0.000	0.000	0.000
367	  G	  0.0	  0.3	0.000	0.000	0.000
368	  P	  0.0	  0.1	0.000	0.000	0.000
369	  F	  2.6	  0.1	0.000	0.000	0.000
370	  Q	  2.7	  0.0	0.000	0.000	0.000
371	  A	  3.0	  0.0	0.000	0.000	0.000
372	  S	  0.5	  0.0	0.000	0.000	0.000
373	  S	  0.3	  3.0	0.000	0.000	0.000
374	  P	  0.1	  3.0	0.000	0.000	0.000
375	  S	  2.4	  3.0	0.000	0.125	0.125
376	  Y	  3.8	  3.1	0.000	1.134	1.134
377	  H	  4.3	  0.0	0.000	1.134	1.134
378	  L	  2.6	  0.0	0.000	1.387	1.387
379	  Y	  2.1	  0.0	0.000	1.387	1.387
380	  Y	  1.8	  0.5	0.000	1.387	1.387
381	  G	  1.2	  0.8	0.000	0.253	0.253
382	  A	  0.4	  0.9	0.000	0.253	0.253
383	  S	  0.3	  1.6	0.000	0.000	0.000
384	  A	  0.3	  1.6	0.000	0.000	0.000
385	  G	  0.2	  1.4	0.000	0.000	0.000
386	  S	  3.1	  1.3	0.000	0.000	0.000
387	  Y	  8.7	  0.6	0.000	0.163	0.163
388	  Q	 10.9	  0.0	0.000	0.163	0.163
389	  F	 11.1	  0.0	0.000	0.163	0.163
390	  S	  5.9	  0.0	0.000	0.163	0.163
391	  M	  3.8	  0.0	0.000	0.163	0.163
392	  V	  0.7	  1.1	0.000	0.163	0.163
393	  G	  0.3	  1.2	0.000	0.000	0.000
394	  G	  0.1	  1.3	0.000	0.000	0.000
395	  E	  0.5	  1.3	0.000	0.000	0.000
396	  R	  0.5	  0.2	0.000	0.000	0.000
397	  S	  0.5	  0.1	0.000	0.000	0.000
398	  P	  0.0	  0.2	0.000	0.000	0.000
399	  P	  0.0	  0.2	0.000	0.000	0.000
400	  R	  6.4	  0.2	0.000	0.000	0.000
401	  I	  6.4	  0.2	0.000	0.000	0.000
402	  L	  6.4	  0.0	0.000	0.000	0.000
403	  P	  0.0	  0.0	0.000	0.000	0.000
404	  P	  0.0	  0.0	0.000	0.000	0.000
405	  C	  1.0	  0.1	0.000	0.000	0.000
406	  T	  1.1	  0.2	0.000	0.000	0.000
407	  N	  1.2	  1.3	0.167	0.000	0.000
408	  A	  0.3	  1.5	0.167	0.000	0.000
409	  S	  0.3	  1.6	0.167	0.000	0.000
410	  T	  0.4	  2.0	0.167	0.000	0.000
411	  G	  0.4	  0.9	0.436	0.000	0.000
412	  S	  0.4	  0.6	0.436	0.000	0.000
413	  A	  0.5	  0.4	0.269	0.000	0.000
414	  L	  1.2	  0.0	0.269	0.000	0.000
415	  L	  1.1	  0.0	0.269	0.000	0.000
416	  N	  0.8	  1.8	0.269	0.000	0.000
417	  P	  0.1	  1.8	0.000	0.000	0.000
418	  S	  0.1	  1.8	0.000	0.000	0.000
419	  L	  0.1	  2.4	0.000	0.000	0.000
420	  P	  0.1	  0.6	0.000	0.000	0.000
421	  N	  0.1	  1.6	0.000	0.000	0.000
422	  Q	  0.1	  1.8	0.000	0.000	0.000
423	  S	  0.1	  1.2	0.000	0.000	0.000
424	  D	  1.2	  1.2	0.000	0.000	0.000
425	  V	  5.3	  0.2	0.000	0.000	0.000
426	  V	  6.9	  0.0	0.000	0.000	0.000
427	  E	  5.8	  0.1	0.000	0.000	0.000
428	  A	  1.7	  0.7	0.000	0.000	0.000
429	  E	  0.1	  1.6	0.000	0.000	0.000
430	  G	  0.0	  1.6	0.000	0.000	0.000
431	  S	  1.5	  1.7	0.000	0.000	0.000
432	  H	  1.5	  1.7	0.000	0.000	0.000
433	  S	  1.6	  0.8	0.000	0.000	0.000
434	  N	  0.2	  0.7	0.000	0.000	0.000
435	  S	  0.2	  1.0	0.000	0.000	0.000
436	  P	  0.0	  0.6	0.000	0.000	0.000
437	  T	  0.2	  0.6	0.000	0.000	0.000
438	  N	  0.3	  0.6	0.000	0.000	0.000
439	  M	  0.4	  0.1	0.000	0.000	0.000
440	  A	  0.1	  0.5	0.000	0.000	0.000
441	  P	  0.0	  0.5	0.000	0.000	0.000
442	  S	  0.8	  0.5	0.344	0.000	0.000
443	  A	  1.0	  0.5	0.344	0.000	0.000
444	  R	  1.4	  0.1	0.485	0.000	0.000
445	  L	  0.6	  0.1	0.485	0.000	0.000
446	  E	  0.4	  0.1	0.485	0.000	0.000
447	  E	  0.1	  0.1	0.485	0.000	0.000
448	  A	  0.6	  0.1	0.277	0.000	0.000
449	  V	  4.1	  0.0	0.277	0.000	0.000
450	  W	  4.3	  0.0	0.277	0.000	0.000
451	  R	  3.8	  0.0	0.000	0.000	0.000
452	  P	  0.3	  0.0	0.000	0.000	0.000
453	  Y	  0.0	  0.0	0.000	0.000	0.000
