res	aa	Beta	Turn	Helix	Aggregation	Conc-Stab_Aggregation
01	  M	  0.2	  0.0	0.000	0.000	0.000
02	  A	  0.3	  0.1	0.000	0.000	0.000
03	  S	  2.2	  0.3	0.000	0.000	0.000
04	  T	  3.6	  0.3	0.000	0.000	0.000
05	  S	 10.7	  0.7	0.000	0.000	0.000
06	  Y	 10.8	  0.7	0.000	0.000	0.000
07	  D	  9.8	  0.4	0.000	0.000	0.000
08	  Y	  5.0	  0.4	0.000	0.000	0.000
09	  C	  6.2	  0.0	0.000	0.000	0.000
10	  R	  5.8	  0.0	0.000	0.000	0.000
11	  V	  3.8	  0.0	0.000	0.000	0.000
12	  P	  0.2	  0.0	0.000	0.000	0.000
13	  M	  0.1	  0.8	0.000	0.000	0.000
14	  E	  0.1	  0.9	0.155	0.000	0.000
15	  D	  0.1	  1.6	2.082	0.000	0.000
16	  G	  0.0	  1.7	3.052	0.000	0.000
17	  D	  0.1	  1.1	3.834	0.000	0.000
18	  K	  0.6	  1.0	3.834	0.000	0.000
19	  R	  0.9	  0.3	3.834	0.000	0.000
20	  C	  1.4	  0.3	3.898	0.000	0.000
21	  K	  1.0	  0.1	3.198	0.000	0.000
22	  L	  1.1	  0.0	2.811	62.004	62.004
23	  L	  0.6	  0.0	2.603	71.831	71.831
24	  L	  0.5	  0.0	2.504	76.779	76.779
25	  G	  0.1	  0.0	26.832	77.684	77.684
26	  I	  0.1	  0.1	26.952	87.741	87.741
27	  G	  0.1	  0.1	57.448	88.661	88.661
28	  I	  1.2	  0.0	59.513	98.877	98.877
29	  L	  1.7	  0.0	61.037	99.811	99.811
30	  V	  2.9	  0.0	61.738	99.982	99.982
31	  L	  2.1	  0.0	61.925	99.997	99.997
32	  L	  1.9	  0.0	61.836	99.999	99.999
33	  I	  3.2	  0.0	61.763	99.999	99.999
34	  I	  5.5	  0.0	61.763	99.989	99.989
35	  V	  7.4	  0.0	61.763	99.880	99.880
36	  I	  5.4	  0.0	61.582	98.592	98.592
37	  L	  2.8	  0.0	61.352	84.520	84.520
38	  G	  0.4	  0.0	55.099	7.639	7.639
39	  V	  0.0	  0.0	12.310	0.717	0.717
40	  P	  0.0	  0.0	0.000	0.156	0.156
41	  L	  1.0	  0.0	0.000	0.014	0.014
42	  I	  2.8	  0.0	0.000	0.023	0.023
43	  I	  4.1	  0.0	0.000	0.023	0.023
44	  F	 11.6	  0.0	0.000	0.023	0.023
45	  T	 20.1	  0.0	0.000	0.023	0.023
46	  I	 20.1	  0.0	0.000	0.022	0.022
47	  K	 12.3	  0.2	0.000	0.000	0.000
48	  A	  1.5	  0.2	0.000	0.000	0.000
49	  N	  0.2	  0.4	0.000	0.000	0.000
50	  S	  0.1	  0.4	1.045	0.000	0.000
51	  E	  0.2	  0.2	1.045	0.000	0.000
52	  A	  0.2	  0.2	1.045	0.000	0.000
53	  C	  0.7	  1.4	1.045	0.000	0.000
54	  R	  0.6	  1.5	1.045	0.000	0.000
55	  D	  0.4	  1.5	1.045	0.000	0.000
56	  G	  0.0	  1.5	1.245	0.000	0.000
57	  L	  0.4	  0.2	0.712	0.000	0.000
58	  R	  0.7	  0.0	0.569	0.000	0.000
59	  A	  1.6	  0.0	0.569	0.000	0.000
60	  V	  2.9	  0.0	0.569	0.000	0.000
61	  M	  4.0	  0.0	0.569	0.000	0.000
62	  E	  3.4	  0.0	0.415	0.000	0.000
63	  C	  2.2	  0.3	0.415	0.000	0.000
64	  R	  1.1	  0.3	0.219	0.000	0.000
65	  N	  2.9	  0.3	0.157	0.000	0.000
66	  V	  7.1	  0.3	0.157	0.000	0.000
67	  T	  7.7	  0.0	0.157	0.000	0.000
68	  H	  6.2	  0.0	0.157	0.000	0.000
69	  L	  1.7	  0.0	0.157	0.000	0.000
70	  L	  0.9	  0.0	0.157	0.000	0.000
71	  Q	  0.6	  0.1	0.157	0.000	0.000
72	  Q	  0.5	  0.1	0.000	0.000	0.000
73	  E	  1.0	  0.1	0.000	0.000	0.000
74	  L	  0.8	  0.1	0.124	0.000	0.000
75	  T	  0.7	  0.1	2.523	0.000	0.000
76	  E	  0.2	  0.0	2.523	0.000	0.000
77	  A	  0.3	  0.2	2.523	0.000	0.000
78	  Q	  0.2	  0.5	2.523	0.000	0.000
79	  K	  0.1	  0.4	2.523	0.000	0.000
80	  G	  0.1	  0.4	2.523	0.000	0.000
81	  F	  1.4	  0.7	1.261	0.000	0.000
82	  Q	  1.8	  0.4	0.138	0.000	0.000
83	  D	  4.2	  0.4	0.184	0.000	0.000
84	  V	  4.5	  0.4	0.184	0.000	0.000
85	  E	  4.2	  0.0	0.184	0.000	0.000
86	  A	  1.9	  0.0	0.184	0.000	0.000
87	  Q	  0.2	  0.0	0.184	0.000	0.000
88	  A	  0.2	  0.2	0.184	0.000	0.000
89	  A	  0.4	  0.2	0.184	0.000	0.000
90	  T	  2.8	  0.2	0.000	0.000	0.000
91	  C	  3.2	  0.3	0.000	0.000	0.000
92	  N	  3.0	  0.1	0.000	0.000	0.000
93	  H	  3.1	  0.1	0.000	0.000	0.000
94	  T	  6.6	  0.0	0.648	6.052	6.052
95	  V	  7.8	  0.0	0.648	13.380	13.380
96	  M	  5.7	  0.0	0.648	13.651	13.651
97	  A	  2.0	  0.0	0.648	13.651	13.651
98	  L	  0.9	  0.0	0.648	13.651	13.651
99	  M	  0.7	  0.1	0.648	11.858	11.858
100	  A	  0.8	  0.2	0.342	6.468	6.468
101	  S	  2.8	  1.0	1.117	1.655	1.655
102	  L	  2.9	  1.0	1.332	1.484	1.484
103	  D	  2.5	  1.1	7.258	0.000	0.000
104	  A	  0.3	  1.1	7.391	0.000	0.000
105	  E	  0.2	  0.3	7.609	0.000	0.000
106	  K	  0.3	  0.5	7.609	0.000	0.000
107	  A	  0.2	  0.6	7.420	0.000	0.000
108	  Q	  0.1	  0.6	7.420	0.000	0.000
109	  G	  0.0	  0.6	4.905	0.000	0.000
110	  Q	  0.2	  0.4	3.767	0.000	0.000
111	  K	  0.3	  0.1	0.657	0.000	0.000
112	  K	  7.5	  0.1	0.000	0.000	0.000
113	  V	  7.9	  0.1	0.000	0.000	0.000
114	  E	  7.7	  0.1	0.000	0.000	0.000
115	  E	  0.7	  0.1	0.000	0.000	0.000
116	  L	  0.2	  0.4	0.000	0.000	0.000
117	  E	  0.2	  0.4	0.000	0.000	0.000
118	  G	  0.0	  0.4	0.550	0.000	0.000
119	  E	  3.7	  0.4	0.550	0.000	0.000
120	  I	  7.3	  0.1	0.550	0.141	0.141
121	  T	  8.1	  0.0	0.550	0.141	0.141
122	  T	  6.2	  0.1	0.550	0.141	0.141
123	  L	  3.0	  0.1	0.550	0.141	0.141
124	  N	  2.2	  0.1	0.362	0.141	0.141
125	  H	  1.1	  0.2	0.145	0.000	0.000
126	  K	  1.2	  0.1	0.000	0.000	0.000
127	  L	  1.3	  0.2	0.000	0.000	0.000
128	  Q	  0.7	  0.2	0.000	0.000	0.000
129	  D	  0.2	  1.9	2.436	0.000	0.000
130	  A	  0.2	  1.9	3.322	0.000	0.000
131	  S	  0.5	  1.7	11.784	0.000	0.000
132	  A	  0.6	  1.7	14.006	0.000	0.000
133	  E	  2.3	  0.0	16.601	0.000	0.000
134	  V	  3.3	  0.0	18.096	0.000	0.000
135	  E	  3.1	  0.0	18.764	0.000	0.000
136	  R	  1.8	  0.0	18.764	0.000	0.000
137	  L	  0.7	  0.1	18.603	0.000	0.000
138	  R	  0.7	  0.1	17.398	0.000	0.000
139	  R	  0.3	  0.2	15.554	0.000	0.000
140	  E	  0.2	  0.2	12.318	0.000	0.000
141	  N	  0.3	  0.2	7.160	0.000	0.000
142	  Q	  0.6	  0.2	3.727	0.537	0.537
143	  V	  3.1	  0.0	0.276	0.537	0.537
144	  L	  4.6	  0.0	0.276	0.537	0.537
145	  S	  7.6	  0.0	0.521	0.537	0.537
146	  V	 12.9	  0.0	0.420	0.537	0.537
147	  R	 12.8	  0.0	0.568	0.000	0.000
148	  I	  9.6	  0.2	0.568	0.000	0.000
149	  A	  1.8	  0.2	0.568	0.000	0.000
150	  D	  0.1	  0.3	0.568	0.000	0.000
151	  K	  0.1	  0.3	0.415	0.000	0.000
152	  K	  0.6	  0.1	0.258	0.000	0.000
153	  Y	  0.8	  0.1	0.000	0.000	0.000
154	  Y	  0.7	  0.4	0.000	0.000	0.000
155	  P	  0.2	  0.5	0.000	0.000	0.000
156	  S	  0.2	  0.6	0.000	0.000	0.000
157	  S	  0.8	  2.0	0.000	0.000	0.000
158	  Q	  0.9	  1.6	0.000	0.000	0.000
159	  D	  0.8	  3.0	0.000	0.000	0.000
160	  S	  1.1	  3.7	0.126	0.000	0.000
161	  S	  1.0	  2.5	0.126	0.000	0.000
162	  S	  1.1	  2.4	0.126	0.000	0.000
163	  A	  0.3	  0.9	0.126	0.000	0.000
164	  A	  0.2	  0.0	0.126	0.000	0.000
165	  A	  0.1	  0.2	0.920	0.000	0.000
166	  P	  0.0	  0.2	1.712	0.039	0.039
167	  Q	  0.5	  0.2	2.296	3.226	3.226
168	  L	  1.3	  0.2	2.516	83.782	83.782
169	  L	  2.7	  0.0	2.516	97.734	97.734
170	  I	 10.6	  0.0	2.516	99.495	99.495
171	  V	 13.3	  0.0	2.516	99.650	99.650
172	  L	 12.0	  0.0	2.516	99.628	99.628
173	  L	  3.9	  0.0	2.516	95.125	95.125
174	  G	  0.2	  0.0	2.959	66.187	66.187
175	  L	  0.7	  0.1	0.795	63.514	63.514
176	  S	  0.8	  0.1	0.442	48.854	48.854
177	  A	  1.1	  0.0	0.442	47.034	47.034
178	  L	  0.6	  0.0	0.442	45.495	45.495
179	  L	  0.4	  0.0	0.442	42.420	42.420
180	  Q	  0.1	  0.0	0.322	0.000	0.000
