res	aa	Beta	Turn	Helix	Aggregation	Conc-Stab_Aggregation
01	  M	  0.7	  0.0	0.000	0.000	0.000
02	  V	  8.2	  0.0	0.000	0.000	0.000
03	  K	  8.5	  0.0	0.000	0.000	0.000
04	  L	  7.8	  0.0	0.000	0.000	0.000
05	  A	  0.5	  0.1	0.000	0.000	0.000
06	  K	  0.2	  0.5	0.000	0.000	0.000
07	  A	  0.1	  0.7	0.000	0.000	0.000
08	  G	  0.1	  1.0	0.000	0.000	0.000
09	  K	  0.2	  1.0	0.000	0.000	0.000
10	  N	  0.1	  1.1	0.000	0.000	0.000
11	  Q	  0.1	  0.9	0.000	0.000	0.000
12	  G	  0.0	  0.6	0.000	0.000	0.000
13	  D	  0.0	  1.2	0.382	0.000	0.000
14	  P	  0.0	  0.6	0.382	0.000	0.000
15	  K	  0.1	  0.6	0.382	0.000	0.000
16	  K	  1.0	  0.6	0.382	0.000	0.000
17	  M	  1.0	  0.1	0.382	0.000	0.000
18	  A	  0.9	  0.0	0.382	0.000	0.000
19	  P	  0.0	  0.0	0.000	0.000	0.000
20	  P	  0.0	  0.2	0.000	0.000	0.000
21	  P	  0.0	  0.3	0.000	0.000	0.000
22	  K	  0.6	  0.3	0.000	0.000	0.000
23	  E	  2.8	  0.3	0.000	0.000	0.000
24	  V	  3.4	  0.1	0.000	0.000	0.000
25	  E	  2.9	  0.2	0.000	0.000	0.000
26	  E	  0.6	  0.3	0.000	0.000	0.000
27	  D	  0.1	  0.5	0.000	0.000	0.000
28	  S	  0.1	  2.3	0.000	0.000	0.000
29	  E	  0.1	  2.2	0.000	0.000	0.000
30	  D	  0.1	  2.2	0.000	0.000	0.000
31	  E	  0.0	  2.0	0.000	0.000	0.000
32	  E	  0.5	  0.1	0.000	0.000	0.000
33	  M	  0.5	  0.2	0.000	0.000	0.000
34	  S	  0.5	  1.9	0.000	0.000	0.000
35	  E	  0.1	  2.0	0.000	0.000	0.000
36	  D	  0.1	  2.2	0.000	0.000	0.000
37	  E	  0.0	  2.4	0.000	0.000	0.000
38	  E	  0.1	  0.6	0.000	0.000	0.000
39	  D	  0.1	  1.5	0.000	0.000	0.000
40	  D	  0.1	  6.0	0.000	0.000	0.000
41	  S	  0.1	  6.1	0.000	0.000	0.000
42	  S	  0.2	  6.2	0.000	0.000	0.000
43	  G	  0.1	  5.3	0.000	0.000	0.000
44	  E	  0.1	  0.5	0.000	0.000	0.000
45	  E	  0.6	  0.2	0.000	0.000	0.000
46	  V	 13.3	  0.1	0.000	0.000	0.000
47	  V	 13.9	  0.0	0.000	0.000	0.000
48	  I	 13.4	  0.0	0.000	0.000	0.000
49	  P	  0.6	  0.0	0.000	0.000	0.000
50	  Q	  0.2	  0.2	0.000	0.000	0.000
51	  K	  0.2	  1.6	0.000	0.000	0.000
52	  K	  0.2	  1.6	0.000	0.000	0.000
53	  G	  0.0	  1.6	0.000	0.000	0.000
54	  K	  0.1	  1.6	0.000	0.000	0.000
55	  K	  0.2	  0.2	0.000	0.000	0.000
56	  A	  0.3	  0.1	0.000	0.000	0.000
57	  A	  0.2	  0.0	0.000	0.000	0.000
58	  A	  0.3	  0.0	0.000	0.000	0.000
59	  T	  0.7	  0.1	0.000	0.000	0.000
60	  S	  0.9	  0.1	0.000	0.000	0.000
61	  A	  0.7	  0.1	0.000	0.000	0.000
62	  K	  0.4	  0.1	0.000	0.000	0.000
63	  K	  2.0	  0.0	0.000	0.000	0.000
64	  V	 14.2	  0.0	0.000	0.000	0.000
65	  V	 21.2	  0.0	0.000	0.000	0.000
66	  V	 19.8	  0.0	0.000	0.000	0.000
67	  S	  8.2	  0.3	0.000	0.000	0.000
68	  P	  0.3	  0.3	0.000	0.000	0.000
69	  T	  0.9	  0.4	0.000	0.000	0.000
70	  K	  1.1	  0.4	0.000	0.000	0.000
71	  K	  3.2	  0.1	0.000	0.000	0.000
72	  V	  9.3	  0.0	0.000	0.000	0.000
73	  A	  9.5	  0.0	0.000	0.000	0.000
74	  V	  9.2	  0.0	0.000	0.000	0.000
75	  A	  2.3	  0.0	0.000	0.000	0.000
76	  T	  1.8	  0.0	0.580	0.000	0.000
77	  P	  0.0	  0.0	0.580	0.000	0.000
78	  A	  0.1	  0.1	0.580	0.000	0.000
79	  K	  0.1	  0.1	0.580	0.000	0.000
80	  K	  0.3	  0.1	0.580	0.000	0.000
81	  A	  0.4	  0.1	0.580	0.000	0.000
82	  A	  1.0	  0.0	0.301	0.000	0.000
83	  V	  1.5	  0.0	0.000	0.000	0.000
84	  T	  1.3	  2.5	0.792	0.000	0.000
85	  P	  0.6	  2.5	0.792	0.000	0.000
86	  G	  0.0	  2.6	0.926	0.000	0.000
87	  K	  0.1	  2.6	0.926	0.000	0.000
88	  K	  0.2	  0.2	0.926	0.000	0.000
89	  A	  0.3	  0.1	0.926	0.000	0.000
90	  A	  0.3	  0.0	0.926	0.000	0.000
91	  A	  0.2	  0.0	0.656	0.000	0.000
92	  T	  0.2	  0.0	0.182	0.000	0.000
93	  P	  0.0	  0.0	0.000	0.000	0.000
94	  A	  0.1	  0.0	0.000	0.000	0.000
95	  K	  0.2	  0.1	0.000	0.000	0.000
96	  K	  1.0	  0.1	0.000	0.000	0.000
97	  T	 18.7	  0.1	0.000	0.000	0.000
98	  V	 19.0	  0.0	0.000	0.000	0.000
99	  T	 18.2	  0.0	0.000	0.000	0.000
100	  P	  0.6	  0.0	0.000	0.000	0.000
101	  A	  0.1	  0.0	0.000	0.000	0.000
102	  K	  0.3	  0.0	0.000	0.000	0.000
103	  A	  0.7	  0.0	0.000	0.000	0.000
104	  V	  3.8	  0.0	0.000	0.000	0.000
105	  T	  3.7	  0.0	0.000	0.000	0.000
106	  T	  3.3	  2.4	0.000	0.000	0.000
107	  P	  0.2	  2.5	0.000	0.000	0.000
108	  G	  0.0	  2.7	0.000	0.000	0.000
109	  K	  0.0	  3.0	0.000	0.000	0.000
110	  K	  0.0	  0.8	0.000	0.000	0.000
111	  G	  0.1	  0.8	0.000	0.000	0.000
112	  A	  0.1	  0.5	0.000	0.000	0.000
113	  T	  0.1	  2.7	0.000	0.000	0.000
114	  P	  0.0	  2.5	0.000	0.000	0.000
115	  G	  0.1	  2.6	0.000	0.000	0.000
116	  K	  0.2	  2.6	0.000	0.000	0.000
117	  A	  0.4	  0.1	0.000	0.000	0.000
118	  L	  1.3	  0.0	0.000	0.000	0.000
119	  V	  3.1	  0.0	0.000	0.000	0.000
120	  A	  2.9	  0.0	0.000	0.000	0.000
121	  T	  1.9	  2.4	0.000	0.000	0.000
122	  P	  0.0	  2.5	0.000	0.000	0.000
123	  G	  0.0	  2.7	0.000	0.000	0.000
124	  K	  0.0	  3.1	0.000	0.000	0.000
125	  K	  0.0	  0.7	0.000	0.000	0.000
126	  G	  0.1	  0.6	0.000	0.000	0.000
127	  A	  0.4	  0.4	0.000	0.000	0.000
128	  A	  0.4	  0.1	0.000	0.000	0.000
129	  I	  0.4	  0.0	0.000	0.000	0.000
130	  P	  0.1	  0.2	0.000	0.000	0.000
131	  A	  0.0	  0.6	0.000	0.000	0.000
132	  K	  0.0	  0.7	0.000	0.000	0.000
133	  G	  0.0	  0.7	0.000	0.000	0.000
134	  A	  0.1	  1.1	0.000	0.000	0.000
135	  K	  0.1	  9.2	0.000	0.000	0.000
136	  N	  0.1	  9.3	0.000	0.000	0.000
137	  G	  0.0	  9.7	0.000	0.000	0.000
138	  K	  0.1	  9.0	0.000	0.000	0.000
139	  N	  0.1	  0.7	0.000	0.000	0.000
140	  A	  0.2	  0.5	0.000	0.000	0.000
141	  K	  0.3	  0.3	0.000	0.000	0.000
142	  K	  0.3	  0.7	0.000	0.000	0.000
143	  E	  0.3	  0.6	0.000	0.000	0.000
144	  D	  0.1	  3.7	0.000	0.000	0.000
145	  S	  0.0	  3.6	0.000	0.000	0.000
146	  D	  0.0	  3.3	0.000	0.000	0.000
147	  E	  0.0	  3.3	0.000	0.000	0.000
148	  E	  0.0	  0.5	0.000	0.000	0.000
149	  E	  0.1	  0.6	0.000	0.000	0.000
150	  D	  0.1	  2.7	0.000	0.000	0.000
151	  D	  0.0	  3.5	0.000	0.000	0.000
152	  D	  0.1	  3.5	0.000	0.000	0.000
153	  S	  0.1	  3.5	0.000	0.000	0.000
154	  E	  0.1	  1.4	0.000	0.000	0.000
155	  E	  0.1	  0.5	0.000	0.000	0.000
156	  D	  0.0	  0.6	0.000	0.000	0.000
157	  E	  0.0	  0.7	0.000	0.000	0.000
158	  E	  0.1	  0.6	0.000	0.000	0.000
159	  D	  0.1	  0.7	0.000	0.000	0.000
160	  D	  0.0	  3.7	0.000	0.000	0.000
161	  E	  0.0	  3.5	0.000	0.000	0.000
162	  D	  0.0	  6.5	0.000	0.000	0.000
163	  E	  0.0	  6.4	0.000	0.000	0.000
164	  D	  0.0	  6.3	0.000	0.000	0.000
165	  E	  0.0	  6.3	0.000	0.000	0.000
166	  D	  0.0	  6.3	0.000	0.000	0.000
167	  E	  0.0	  6.3	0.000	0.000	0.000
168	  D	  0.0	  3.2	0.000	0.000	0.000
169	  E	  2.0	  3.1	0.000	0.000	0.000
170	  I	  2.5	  0.0	0.000	0.000	0.000
171	  E	  2.4	  0.0	1.820	0.000	0.000
172	  P	  0.5	  0.0	2.583	0.000	0.000
173	  A	  0.1	  0.0	2.583	0.000	0.000
174	  A	  0.4	  0.0	2.583	0.000	0.000
175	  M	  0.8	  0.0	2.583	0.000	0.000
176	  K	  0.8	  0.0	2.791	0.000	0.000
177	  A	  0.6	  0.0	2.398	0.000	0.000
178	  A	  0.2	  0.0	2.398	0.000	0.000
179	  A	  0.2	  0.0	1.823	0.000	0.000
180	  A	  0.2	  0.0	1.419	0.000	0.000
181	  A	  0.1	  0.0	0.869	0.000	0.000
182	  P	  0.0	  0.2	0.000	0.000	0.000
183	  A	  0.0	  0.2	0.000	0.000	0.000
184	  S	  0.1	  2.0	0.000	0.000	0.000
185	  E	  0.1	  2.0	0.000	0.000	0.000
186	  D	  0.1	  6.5	0.000	0.000	0.000
187	  E	  0.0	  6.5	0.000	0.000	0.000
188	  D	  0.0	  4.9	0.000	0.000	0.000
189	  D	  0.0	  9.4	0.000	0.000	0.000
190	  E	  0.0	  4.8	0.000	0.000	0.000
191	  D	  0.0	  4.8	0.000	0.000	0.000
192	  D	  0.0	  9.1	0.000	0.000	0.000
193	  E	  0.0	  4.7	0.000	0.000	0.000
194	  D	  0.0	  4.8	0.000	0.000	0.000
195	  D	  0.0	  9.0	0.000	0.000	0.000
196	  E	  0.0	  4.8	0.000	0.000	0.000
197	  D	  0.0	  7.3	0.000	0.000	0.000
198	  D	  0.0	  9.9	0.000	0.000	0.000
199	  D	  0.0	  7.3	0.000	0.000	0.000
200	  D	  0.0	  7.3	0.000	0.000	0.000
201	  D	  0.0	  4.9	0.000	0.000	0.000
202	  E	  0.0	  2.4	0.000	0.000	0.000
203	  E	  0.1	  0.7	0.000	0.000	0.000
204	  D	  0.1	  1.5	0.000	0.000	0.000
205	  D	  0.1	  1.4	0.000	0.000	0.000
206	  S	  0.1	  1.3	0.749	0.000	0.000
207	  E	  0.1	  1.2	0.749	0.000	0.000
208	  E	  0.1	  0.3	0.749	0.000	0.000
209	  E	  0.0	  0.2	0.749	0.000	0.000
210	  A	  0.1	  0.1	0.749	0.000	0.000
211	  M	  0.2	  0.1	0.749	0.000	0.000
212	  E	  0.4	  0.1	0.256	0.000	0.000
213	  T	  0.5	  0.1	0.000	0.000	0.000
214	  T	  0.5	  0.1	0.638	0.000	0.000
215	  P	  0.2	  0.3	0.638	0.000	0.000
216	  A	  0.0	  1.0	0.638	0.000	0.000
217	  K	  0.0	  1.0	0.638	0.000	0.000
218	  G	  0.1	  1.1	0.768	0.000	0.000
219	  K	  0.1	  0.9	0.768	0.000	0.000
220	  K	  0.2	  0.2	0.130	0.000	0.000
221	  A	  0.3	  0.1	0.130	0.000	0.000
222	  A	  0.6	  0.0	0.130	0.000	0.000
223	  K	  3.6	  0.0	0.130	0.000	0.000
224	  V	  4.1	  0.0	0.000	0.000	0.000
225	  V	  3.8	  0.0	0.000	0.000	0.000
226	  P	  0.7	  0.0	0.000	0.000	0.000
227	  V	  2.3	  0.0	0.000	0.000	0.000
228	  K	  2.5	  0.0	0.000	0.000	0.000
229	  A	  2.5	  0.2	0.000	0.000	0.000
230	  K	  0.7	  0.2	0.000	0.000	0.000
231	  N	  0.8	  0.2	0.000	0.000	0.000
232	  V	  1.5	  0.2	0.000	0.000	0.000
233	  A	  1.1	  0.3	0.000	0.000	0.000
234	  E	  0.8	  0.3	0.000	0.000	0.000
235	  D	  0.0	  3.7	0.000	0.000	0.000
236	  E	  0.0	  3.7	0.000	0.000	0.000
237	  D	  0.0	  3.6	0.000	0.000	0.000
238	  E	  0.0	  3.7	0.000	0.000	0.000
239	  E	  0.0	  0.5	0.000	0.000	0.000
240	  E	  0.1	  0.5	0.000	0.000	0.000
241	  D	  0.1	  0.5	0.000	0.000	0.000
242	  D	  0.0	  3.6	0.000	0.000	0.000
243	  E	  0.0	  3.4	0.000	0.000	0.000
244	  D	  0.0	  7.8	0.000	0.000	0.000
245	  E	  0.0	  7.7	0.000	0.000	0.000
246	  D	  0.0	  7.2	0.000	0.000	0.000
247	  D	  0.0	  9.7	0.000	0.000	0.000
248	  D	  0.0	  6.9	0.000	0.000	0.000
249	  D	  0.0	  6.9	0.000	0.000	0.000
250	  D	  0.0	  8.7	0.000	0.000	0.000
251	  E	  0.0	  6.2	0.000	0.000	0.000
252	  D	  0.0	  4.6	0.000	0.000	0.000
253	  D	  0.0	  8.8	0.000	0.000	0.000
254	  E	  0.0	  4.6	0.000	0.000	0.000
255	  D	  0.0	  7.1	0.000	0.000	0.000
256	  D	  0.0	  8.8	0.000	0.000	0.000
257	  D	  0.0	  4.7	0.000	0.000	0.000
258	  D	  0.0	  9.1	0.000	0.000	0.000
259	  E	  0.0	  6.6	0.000	0.000	0.000
260	  D	  0.0	  4.9	0.000	0.000	0.000
261	  D	  0.0	  4.9	0.000	0.000	0.000
262	  E	  0.0	  0.4	0.000	0.000	0.000
263	  E	  0.0	  0.3	0.000	0.000	0.000
264	  E	  0.0	  0.3	0.000	0.000	0.000
265	  E	  0.0	  0.1	0.000	0.000	0.000
266	  E	  0.0	  0.1	0.000	0.000	0.000
267	  E	  0.0	  0.1	0.000	0.000	0.000
268	  E	  0.0	  0.1	0.000	0.000	0.000
269	  E	  0.0	  0.1	0.000	0.000	0.000
270	  E	  0.0	  0.1	0.000	0.000	0.000
271	  E	  0.0	  0.0	0.000	0.000	0.000
272	  P	  0.0	  0.0	0.000	0.000	0.000
273	  V	  1.7	  0.0	0.000	0.000	0.000
274	  K	  2.0	  0.0	0.000	0.000	0.000
275	  E	  2.0	  0.0	0.000	0.000	0.000
276	  A	  0.4	  2.2	0.000	0.000	0.000
277	  P	  0.0	  2.3	0.000	0.000	0.000
278	  G	  0.0	  2.4	0.303	0.000	0.000
279	  K	  0.4	  2.4	0.303	0.000	0.000
280	  R	  0.5	  0.2	0.303	0.000	0.000
281	  K	  0.7	  0.2	0.303	0.000	0.000
282	  K	  0.4	  0.1	0.496	0.000	0.000
283	  E	  0.4	  0.1	0.624	0.000	0.000
284	  M	  0.3	  0.0	0.624	0.000	0.000
285	  A	  0.3	  0.1	0.466	0.000	0.000
286	  K	  0.5	  0.1	0.466	0.000	0.000
287	  Q	  0.5	  0.1	0.466	0.000	0.000
288	  K	  0.7	  0.1	0.128	0.000	0.000
289	  A	  0.4	  0.1	0.000	0.000	0.000
290	  A	  0.4	  0.2	0.317	0.000	0.000
291	  P	  0.0	  0.3	0.565	0.000	0.000
292	  E	  0.5	  0.3	0.712	0.000	0.000
293	  A	  0.5	  0.3	0.712	0.000	0.000
294	  K	  0.6	  0.1	0.712	0.000	0.000
295	  K	  0.4	  0.1	0.712	0.000	0.000
296	  Q	  0.9	  0.1	0.571	0.000	0.000
297	  K	  8.3	  0.1	0.147	0.000	0.000
298	  V	  8.2	  0.2	0.000	0.000	0.000
299	  E	  7.7	  0.3	0.000	0.000	0.000
300	  G	  0.2	  0.3	0.000	0.000	0.000
301	  T	  0.1	  0.3	0.000	0.000	0.000
302	  E	  0.1	  0.2	0.000	0.000	0.000
303	  P	  0.1	  0.0	0.000	0.000	0.000
304	  T	  0.7	  0.0	0.000	1.958	1.958
305	  T	  1.6	  0.0	0.000	10.611	10.611
306	  A	  1.8	  0.0	0.000	25.155	25.155
307	  F	  2.9	  0.0	0.000	41.127	41.127
308	  N	  2.6	  0.0	0.000	41.233	41.233
309	  L	  3.1	  0.0	0.000	42.014	42.014
310	  F	  2.0	  0.0	0.000	42.120	42.120
311	  V	  1.5	  1.2	0.000	40.331	40.331
312	  G	  0.8	  1.2	0.000	4.931	4.931
313	  N	  0.4	  1.7	0.000	1.639	1.639
314	  L	  2.1	  1.7	0.000	1.534	1.534
315	  N	  3.1	  0.9	0.000	0.206	0.206
316	  F	  3.4	  0.9	0.000	0.206	0.206
317	  N	  1.7	  1.6	0.000	0.000	0.000
318	  K	  1.6	  1.6	0.000	0.000	0.000
319	  S	  1.0	  1.2	0.000	0.000	0.000
320	  A	  0.9	  1.4	0.000	0.000	0.000
321	  P	  0.1	  0.3	0.000	0.000	0.000
322	  E	  1.3	  0.3	0.000	0.000	0.000
323	  L	  1.5	  0.5	0.000	0.000	0.000
324	  K	  1.6	  0.3	0.000	0.000	0.000
325	  T	  0.3	  0.3	0.000	0.000	0.000
326	  G	  0.2	  0.3	0.000	0.000	0.000
327	  I	  0.2	  0.3	0.000	0.000	0.000
328	  S	  0.1	  0.2	0.276	0.000	0.000
329	  D	  2.5	  0.1	0.276	0.000	0.000
330	  V	  4.6	  0.1	0.276	0.000	0.000
331	  F	  5.1	  0.0	0.276	0.000	0.000
332	  A	  2.7	  0.3	0.276	0.000	0.000
333	  K	  0.7	  0.4	0.276	0.000	0.000
334	  N	  0.1	  0.5	0.000	0.000	0.000
335	  D	  0.0	  0.5	0.000	0.000	0.000
336	  L	  0.4	  0.2	0.000	1.966	1.966
337	  A	  1.0	  0.1	0.000	2.295	2.295
338	  V	  4.6	  0.0	0.000	2.899	2.899
339	  V	 12.4	  0.0	0.000	2.899	2.899
340	  D	 13.3	  0.0	0.153	2.899	2.899
341	  V	 17.3	  0.0	0.153	2.899	2.899
342	  R	  9.9	  0.0	0.153	2.899	2.899
343	  I	  8.2	  0.0	0.153	2.899	2.899
344	  G	  0.9	  0.0	0.303	1.091	1.091
345	  M	  0.5	  0.0	0.303	1.091	1.091
346	  T	  1.4	  0.1	0.150	0.169	0.169
347	  R	  1.9	  0.1	0.150	0.000	0.000
348	  K	  1.9	  0.1	0.150	0.158	0.158
349	  F	  1.0	  0.1	0.150	0.158	0.158
350	  G	  0.5	  0.0	0.150	0.158	0.158
351	  Y	  1.6	  0.1	0.000	0.158	0.158
352	  V	  3.5	  0.1	0.000	0.158	0.158
353	  D	  4.9	  0.1	0.000	0.158	0.158
354	  F	  4.8	  0.2	0.000	0.158	0.158
355	  E	  2.9	  0.2	0.000	0.000	0.000
356	  S	  1.7	  0.3	1.470	0.000	0.000
357	  A	  0.4	  0.6	1.470	0.000	0.000
358	  E	  0.4	  0.4	1.470	0.000	0.000
359	  D	  0.2	  0.4	10.756	0.000	0.000
360	  L	  0.4	  0.3	10.756	0.000	0.000
361	  E	  0.4	  0.1	10.895	0.000	0.000
362	  K	  0.3	  0.1	10.895	0.000	0.000
363	  A	  0.2	  0.1	10.699	0.424	0.424
364	  L	  0.8	  0.0	10.582	0.424	0.424
365	  E	  1.3	  0.0	9.667	0.424	0.424
366	  L	  1.3	  0.1	7.342	0.424	0.424
367	  T	  0.8	  0.1	4.357	0.424	0.424
368	  G	  0.2	  0.1	4.239	0.424	0.424
369	  L	  1.8	  0.1	1.783	0.424	0.424
370	  K	  2.7	  0.0	0.640	0.424	0.424
371	  V	  3.6	  0.0	0.000	0.424	0.424
372	  F	  2.0	  1.6	0.000	0.424	0.424
373	  G	  1.0	  1.6	0.000	0.000	0.000
374	  N	  0.1	  1.6	0.331	0.000	0.000
375	  E	  6.6	  1.6	0.331	0.000	0.000
376	  I	 11.9	  0.0	0.331	0.000	0.000
377	  K	 13.2	  0.0	0.331	0.000	0.000
378	  L	  7.3	  0.0	0.331	0.000	0.000
379	  E	  2.0	  0.0	0.331	0.000	0.000
380	  K	  0.3	  0.4	0.129	0.000	0.000
381	  P	  0.0	  1.2	0.000	0.000	0.000
382	  K	  0.0	  1.2	0.000	0.000	0.000
383	  G	  0.0	  1.6	0.000	0.000	0.000
384	  K	  0.1	  1.2	0.000	0.000	0.000
385	  D	  0.1	  0.7	0.666	0.000	0.000
386	  S	  0.2	  0.6	5.482	0.000	0.000
387	  K	  0.4	  0.3	5.482	0.000	0.000
388	  K	  0.4	  0.3	5.482	0.000	0.000
389	  E	  0.5	  0.3	5.482	0.000	0.000
390	  R	  0.3	  0.2	5.482	0.000	0.000
391	  D	  0.2	  0.3	17.885	0.000	0.000
392	  A	  0.1	  0.3	17.581	0.000	0.000
393	  R	  0.4	  0.2	16.837	0.000	0.000
394	  T	  1.0	  0.2	15.733	0.000	0.000
395	  L	  1.1	  0.1	15.733	0.000	0.000
396	  L	  0.9	  0.0	15.492	0.000	0.000
397	  A	  0.3	  0.2	13.338	0.000	0.000
398	  K	  0.2	  0.2	11.606	0.000	0.000
399	  N	  0.2	  0.2	2.943	0.000	0.000
400	  L	  0.2	  0.3	1.086	0.000	0.000
401	  P	  0.0	  0.1	0.000	0.000	0.000
402	  Y	  2.6	  0.1	0.000	0.000	0.000
403	  K	  8.0	  0.1	0.000	0.000	0.000
404	  V	 11.6	  0.0	0.000	0.000	0.000
405	  T	  9.6	  0.2	0.688	0.000	0.000
406	  Q	  4.2	  0.2	0.688	0.000	0.000
407	  D	  0.6	  0.3	0.909	0.000	0.000
408	  E	  1.3	  0.3	0.909	0.000	0.000
409	  L	  1.3	  0.2	0.909	0.000	0.000
410	  K	  1.8	  0.2	0.909	0.000	0.000
411	  E	  2.4	  0.0	0.552	0.000	0.000
412	  V	  5.7	  0.0	0.359	0.000	0.000
413	  F	  5.9	  0.3	0.359	0.000	0.000
414	  E	  4.1	  0.4	0.000	0.000	0.000
415	  D	  0.8	  0.4	0.772	0.000	0.000
416	  A	  0.0	  0.4	0.917	0.000	0.000
417	  A	  0.2	  0.0	0.917	0.000	0.000
418	  E	  1.2	  0.0	0.917	0.000	0.000
419	  I	  5.4	  0.0	0.917	0.000	0.000
420	  R	  5.7	  0.0	0.917	0.000	0.000
421	  L	  5.4	  0.0	0.678	0.000	0.000
422	  V	  2.2	  0.0	0.503	0.000	0.000
423	  S	  2.0	  5.2	0.503	0.000	0.000
424	  K	  1.3	  6.5	0.000	0.000	0.000
425	  D	  0.5	  6.6	0.000	0.000	0.000
426	  G	  0.0	  6.7	0.000	0.000	0.000
427	  K	  0.5	  1.7	0.000	0.000	0.000
428	  S	  0.6	  0.8	0.000	0.000	0.000
429	  K	  0.6	  0.7	0.000	0.000	0.000
430	  G	  0.6	  0.5	0.260	5.331	5.331
431	  I	  2.3	  0.4	0.260	8.133	8.133
432	  A	  2.6	  0.0	0.260	8.133	8.133
433	  Y	  3.2	  0.0	0.260	8.133	8.133
434	  I	  4.4	  0.0	0.260	8.133	8.133
435	  E	  7.1	  0.0	0.260	2.960	2.960
436	  F	  6.4	  0.1	0.260	2.960	2.960
437	  K	  4.0	  0.1	0.144	2.960	2.960
438	  T	  0.8	  0.1	0.784	1.045	1.045
439	  E	  0.5	  0.3	0.784	0.000	0.000
440	  A	  0.2	  0.3	0.784	0.000	0.000
441	  D	  0.1	  0.5	0.911	0.000	0.000
442	  A	  0.1	  0.5	0.911	0.000	0.000
443	  E	  0.4	  0.3	0.911	0.000	0.000
444	  K	  1.0	  0.3	0.551	0.000	0.000
445	  T	 11.9	  0.1	0.552	0.000	0.000
446	  F	 12.3	  0.1	0.552	0.000	0.000
447	  E	 11.8	  0.1	0.425	0.000	0.000
448	  E	  1.0	  0.2	0.425	0.000	0.000
449	  K	  0.3	  0.3	0.425	0.000	0.000
450	  Q	  0.2	  0.3	0.425	0.000	0.000
451	  G	  0.0	  0.3	0.149	0.000	0.000
452	  T	  0.1	  0.2	0.183	0.000	0.000
453	  E	  3.3	  0.2	0.183	0.000	0.000
454	  I	  3.9	  1.0	0.183	0.000	0.000
455	  D	  3.8	  1.2	0.744	0.000	0.000
456	  G	  0.7	  1.3	0.744	0.000	0.000
457	  R	  0.8	  1.2	0.744	0.000	0.000
458	  S	  6.5	  0.4	0.561	1.219	1.219
459	  I	  9.9	  0.3	0.561	11.318	11.318
460	  S	  9.5	  0.2	0.561	11.318	11.318
461	  L	  4.5	  0.2	0.389	11.857	11.857
462	  Y	  2.0	  0.0	0.389	11.857	11.857
463	  Y	  3.1	  0.1	0.175	11.857	11.857
464	  T	  2.6	  0.2	0.000	9.818	9.818
465	  G	  1.5	  0.5	0.000	0.803	0.803
466	  E	  0.1	  1.1	0.000	0.000	0.000
467	  K	  0.0	  1.1	0.000	0.000	0.000
468	  G	  0.0	  1.2	0.000	0.000	0.000
469	  Q	  0.3	  0.9	0.000	0.000	0.000
470	  N	  0.4	  1.3	0.000	0.000	0.000
471	  Q	  0.8	  1.2	0.000	0.000	0.000
472	  D	  1.7	  1.0	0.000	0.000	0.000
473	  Y	  3.0	  1.1	0.000	0.000	0.000
474	  R	  2.5	  2.1	0.000	0.000	0.000
475	  G	  1.4	  2.2	0.000	0.000	0.000
476	  G	  0.0	  2.5	0.000	0.000	0.000
477	  K	  0.1	  2.4	0.000	0.000	0.000
478	  N	  0.2	  0.4	0.000	0.000	0.000
479	  S	  0.7	  0.3	0.000	0.000	0.000
480	  T	 24.1	  0.0	0.000	0.000	0.000
481	  W	 24.2	  0.2	0.000	0.000	0.000
482	  S	 23.8	  0.4	0.000	0.000	0.000
483	  G	  0.3	  0.6	0.000	0.000	0.000
484	  E	  0.4	  0.6	0.000	0.000	0.000
485	  S	  1.0	  0.5	0.000	0.000	0.000
486	  K	  1.2	  0.3	0.000	0.000	0.000
487	  T	  2.1	  0.1	0.000	0.759	0.759
488	  L	  3.5	  0.1	0.000	0.986	0.986
489	  V	  6.2	  0.0	0.000	0.986	0.986
490	  L	  5.0	  0.1	0.000	0.986	0.986
491	  S	  3.0	  0.2	0.000	0.986	0.986
492	  N	  0.3	  0.3	0.000	0.363	0.363
493	  L	  2.3	  0.3	0.000	0.363	0.363
494	  S	 23.2	  0.4	0.000	0.000	0.000
495	  Y	 26.2	  0.4	0.000	0.000	0.000
496	  S	 25.0	  0.3	0.000	0.000	0.000
497	  A	  4.8	  0.3	0.000	0.000	0.000
498	  T	  0.8	  0.2	0.104	0.000	0.000
499	  E	  0.1	  0.2	0.104	0.000	0.000
500	  E	  0.1	  0.1	0.104	0.000	0.000
501	  T	  2.8	  0.1	1.188	0.000	0.000
502	  L	  2.8	  0.1	1.188	0.000	0.000
503	  Q	  3.1	  0.0	1.188	0.000	0.000
504	  E	  2.2	  0.0	1.083	0.000	0.000
505	  V	  5.4	  0.0	1.083	4.586	4.586
506	  F	  7.0	  0.1	1.083	4.944	4.944
507	  E	  5.3	  0.1	0.902	4.944	4.944
508	  K	  2.5	  0.1	0.902	4.944	4.944
509	  A	  1.3	  0.1	0.692	4.944	4.944
510	  T	  3.3	  0.0	0.413	4.944	4.944
511	  F	  4.1	  0.0	0.413	4.944	4.944
512	  I	 15.1	  0.0	0.000	4.559	4.559
513	  K	 13.2	  0.0	0.000	0.000	0.000
514	  V	 12.0	  0.1	0.000	0.000	0.000
515	  P	  0.2	  0.3	0.000	0.000	0.000
516	  Q	  0.2	  0.3	0.000	0.000	0.000
517	  N	  0.3	  5.1	0.000	0.000	0.000
518	  Q	  0.3	  7.9	0.000	0.000	0.000
519	  N	  0.1	  7.9	0.000	0.000	0.000
520	  G	  0.0	  8.1	0.000	0.000	0.000
521	  K	  0.5	  3.4	0.000	0.000	0.000
522	  S	  0.6	  1.0	0.000	0.000	0.000
523	  K	  0.6	  0.8	0.000	0.000	0.000
524	  G	  0.2	  0.7	0.000	5.945	5.945
525	  Y	  1.1	  0.5	0.000	5.945	5.945
526	  A	  1.4	  0.0	0.000	5.945	5.945
527	  F	  2.3	  0.0	0.000	5.945	5.945
528	  I	  4.1	  0.0	0.000	5.945	5.945
529	  E	  4.1	  0.0	0.000	0.000	0.000
530	  F	  3.8	  0.2	0.000	0.000	0.000
531	  A	  1.7	  0.2	0.000	0.000	0.000
532	  S	  8.1	  0.2	0.143	0.000	0.000
533	  F	  8.1	  0.5	0.143	0.000	0.000
534	  E	  7.5	  0.3	0.279	0.000	0.000
535	  D	  0.8	  0.5	1.572	0.000	0.000
536	  A	  0.1	  0.6	1.687	0.000	0.000
537	  K	  0.2	  0.3	1.687	0.000	0.000
538	  E	  0.2	  0.2	1.544	0.000	0.000
539	  A	  0.3	  0.1	1.544	0.000	0.000
540	  L	  0.6	  0.1	1.544	0.000	0.000
541	  N	  1.1	  0.1	1.347	0.000	0.000
542	  S	  9.2	  0.6	0.632	0.000	0.000
543	  C	  9.3	  0.6	0.279	0.000	0.000
544	  N	  8.9	  0.6	1.176	0.000	0.000
545	  K	  0.9	  0.6	1.176	0.000	0.000
546	  R	  0.6	  0.1	1.176	0.000	0.000
547	  E	  1.3	  0.1	1.049	0.000	0.000
548	  I	  1.3	  0.3	1.049	0.000	0.000
549	  E	  1.2	  0.5	1.308	0.000	0.000
550	  G	  0.4	  0.5	2.978	0.000	0.000
551	  R	  0.4	  0.5	2.722	0.000	0.000
552	  A	  0.8	  0.2	2.287	0.000	0.000
553	  I	  5.1	  0.0	2.116	0.000	0.000
554	  R	  5.2	  0.0	2.116	0.000	0.000
555	  L	  5.4	  0.0	2.116	0.000	0.000
556	  E	  1.4	  0.0	1.850	0.000	0.000
557	  L	  1.0	  0.0	1.415	0.000	0.000
558	  Q	  0.4	  0.1	1.266	0.000	0.000
559	  G	  0.0	  0.8	0.629	0.000	0.000
560	  P	  0.0	  1.0	0.000	0.000	0.000
561	  R	  0.1	  1.0	0.000	0.000	0.000
562	  G	  0.1	  1.0	0.000	0.000	0.000
563	  S	  0.1	  6.0	0.364	0.000	0.000
564	  P	  0.0	  5.7	0.364	0.000	0.000
565	  N	  0.1	  5.9	0.364	0.000	0.000
566	  A	  0.3	  6.0	0.364	0.000	0.000
567	  R	  1.0	  0.2	0.364	0.000	0.000
568	  S	  0.9	  0.2	0.364	0.000	0.000
569	  Q	  0.8	  0.4	0.135	0.000	0.000
570	  P	  0.1	  0.4	0.000	0.000	0.000
571	  S	  0.6	  0.5	0.000	0.000	0.000
572	  K	  0.9	  0.5	0.000	0.000	0.000
573	  T	  2.0	  0.2	0.000	0.000	0.000
574	  L	  2.1	  0.1	0.000	0.000	0.000
575	  F	  4.1	  0.0	0.000	0.000	0.000
576	  V	  3.5	  0.3	0.000	0.000	0.000
577	  K	  2.8	  0.3	0.000	0.000	0.000
578	  G	  0.6	  0.3	0.000	0.000	0.000
579	  L	  0.1	  0.4	0.000	0.000	0.000
580	  S	  0.1	  1.7	0.000	0.000	0.000
581	  E	  0.2	  1.7	0.000	0.000	0.000
582	  D	  0.3	  1.7	0.000	0.000	0.000
583	  T	  0.6	  1.7	0.339	0.000	0.000
584	  T	  0.6	  0.1	0.854	0.000	0.000
585	  E	  0.4	  0.2	0.854	0.000	0.000
586	  E	  0.1	  0.1	0.854	0.000	0.000
587	  T	  3.0	  0.1	0.854	0.000	0.000
588	  L	  3.0	  0.1	0.854	0.000	0.000
589	  K	  3.1	  0.2	0.854	0.000	0.000
590	  E	  0.3	  0.2	0.427	0.000	0.000
591	  S	  7.5	  1.0	0.111	0.000	0.000
592	  F	  7.7	  1.3	0.000	0.000	0.000
593	  D	  7.6	  1.2	0.107	0.000	0.000
594	  G	  0.4	  1.2	0.410	0.000	0.000
595	  S	  3.3	  0.4	0.410	0.000	0.000
596	  V	  4.4	  0.1	0.410	0.000	0.000
597	  R	  4.5	  0.0	0.410	0.000	0.000
598	  A	  1.9	  0.0	0.410	0.000	0.000
599	  R	  5.6	  0.0	0.410	0.000	0.000
600	  I	  9.7	  0.0	0.000	0.000	0.000
601	  V	 10.5	  0.0	0.000	0.000	0.000
602	  T	  5.8	  0.1	0.000	0.000	0.000
603	  D	  1.6	  0.2	0.482	0.000	0.000
604	  R	  0.1	  0.4	0.482	0.000	0.000
605	  E	  0.0	  0.4	0.482	0.000	0.000
606	  T	  0.2	  1.1	0.482	0.000	0.000
607	  G	  0.2	  1.2	0.482	0.000	0.000
608	  S	  0.3	  1.2	0.482	0.000	0.000
609	  S	  0.2	  1.9	0.000	0.000	0.000
610	  K	  0.2	  1.2	0.000	0.000	0.000
611	  G	  0.1	  1.2	0.000	2.500	2.500
612	  F	  0.2	  1.0	0.000	2.500	2.500
613	  G	  0.3	  0.2	0.000	2.500	2.500
614	  F	  1.6	  0.3	0.000	2.500	2.500
615	  V	  3.2	  0.1	0.000	2.500	2.500
616	  D	  3.7	  0.5	0.000	0.000	0.000
617	  F	  3.6	  0.5	0.000	0.000	0.000
618	  N	  1.8	  0.5	2.512	0.000	0.000
619	  S	  1.3	  0.6	9.733	0.000	0.000
620	  E	  0.1	  0.4	9.992	0.000	0.000
621	  E	  0.1	  0.4	11.171	0.000	0.000
622	  D	  0.1	  0.5	16.294	0.000	0.000
623	  A	  0.1	  0.4	16.536	0.000	0.000
624	  K	  0.2	  0.2	16.536	0.000	0.000
625	  A	  0.2	  0.2	15.693	0.000	0.000
626	  A	  0.2	  0.1	14.762	0.000	0.000
627	  K	  0.2	  0.1	13.490	0.000	0.000
628	  E	  0.2	  0.1	7.226	0.000	0.000
629	  A	  0.2	  0.1	4.728	0.000	0.000
630	  M	  0.2	  0.8	3.296	0.000	0.000
631	  E	  0.2	  1.1	0.786	0.000	0.000
632	  D	  0.1	  1.1	0.113	0.000	0.000
633	  G	  0.0	  1.1	0.346	0.000	0.000
634	  E	  3.2	  0.4	0.346	0.000	0.000
635	  I	  3.8	  0.3	0.346	0.000	0.000
636	  D	  3.8	  0.9	0.346	0.000	0.000
637	  G	  0.7	  0.9	0.346	0.000	0.000
638	  N	  0.1	  0.8	0.706	0.000	0.000
639	  K	  5.4	  0.6	0.360	0.000	0.000
640	  V	 12.4	  0.0	0.360	0.000	0.000
641	  T	 13.7	  0.1	0.604	0.000	0.000
642	  L	  9.4	  0.1	0.604	0.000	0.000
643	  D	  2.5	  0.1	0.604	0.000	0.000
644	  W	  1.6	  0.1	0.369	0.000	0.000
645	  A	  0.7	  0.0	0.369	0.000	0.000
646	  K	  0.7	  0.5	0.369	0.000	0.000
647	  P	  0.0	  1.0	0.000	0.000	0.000
648	  K	  0.0	  1.1	0.000	0.000	0.000
649	  G	  0.0	  1.6	0.000	0.000	0.000
650	  E	  0.0	  1.3	0.000	0.000	0.000
651	  G	  0.0	  0.8	0.000	0.000	0.000
652	  G	  0.0	  0.8	0.000	0.000	0.000
653	  F	  0.1	  2.8	0.000	0.000	0.000
654	  G	  0.1	  3.0	0.000	0.000	0.000
655	  G	  0.1	  3.1	0.000	0.000	0.000
656	  R	  0.0	  3.1	0.000	0.000	0.000
657	  G	  0.0	  1.2	0.000	0.000	0.000
658	  G	  0.0	  1.1	0.000	0.000	0.000
659	  G	  0.0	  1.1	0.000	0.000	0.000
660	  R	  0.0	  1.1	0.000	0.000	0.000
661	  G	  0.0	  0.6	0.000	0.000	0.000
662	  G	  0.0	  0.5	0.000	0.000	0.000
663	  F	  0.1	  2.8	0.000	0.000	0.000
664	  G	  0.1	  3.0	0.000	0.000	0.000
665	  G	  0.1	  3.1	0.000	0.000	0.000
666	  R	  0.0	  3.1	0.000	0.000	0.000
667	  G	  0.0	  1.1	0.000	0.000	0.000
668	  G	  0.0	  1.1	0.000	0.000	0.000
669	  G	  0.0	  1.1	0.000	0.000	0.000
670	  R	  0.0	  2.4	0.000	0.000	0.000
671	  G	  0.0	  2.2	0.000	0.000	0.000
672	  G	  0.0	  2.0	0.000	0.000	0.000
673	  R	  0.0	  2.0	0.000	0.000	0.000
674	  G	  0.0	  0.6	0.000	0.000	0.000
675	  G	  0.0	  0.5	0.000	0.000	0.000
676	  F	  0.1	  2.8	0.000	0.000	0.000
677	  G	  0.1	  3.0	0.000	0.000	0.000
678	  G	  0.1	  3.3	0.000	0.000	0.000
679	  R	  0.1	  3.2	0.000	0.000	0.000
680	  G	  0.1	  0.9	0.000	0.000	0.000
681	  R	  0.1	  0.7	0.000	0.000	0.000
682	  G	  0.0	  0.4	0.000	0.000	0.000
683	  G	  0.0	  0.5	0.000	0.000	0.000
684	  F	  0.1	  2.8	0.000	0.000	0.000
685	  G	  0.1	  3.0	0.000	0.000	0.000
686	  G	  0.1	  3.2	0.000	0.000	0.000
687	  R	  0.0	  3.1	0.000	0.000	0.000
688	  G	  0.0	  0.6	0.000	0.000	0.000
689	  G	  0.1	  0.3	0.000	0.000	0.000
690	  F	  1.4	  0.3	0.000	0.000	0.000
691	  R	  1.5	  1.5	0.000	0.000	0.000
692	  G	  1.4	  1.8	0.000	0.000	0.000
693	  G	  0.0	  2.0	0.000	0.000	0.000
694	  R	  0.0	  2.0	0.000	0.000	0.000
695	  G	  0.0	  0.8	0.000	0.000	0.000
696	  G	  0.0	  0.6	0.000	0.000	0.000
697	  G	  0.0	  1.6	0.000	0.000	0.000
698	  G	  0.0	  1.5	0.000	0.000	0.000
699	  D	  0.1	  1.4	0.000	0.000	0.000
700	  H	  0.2	  1.3	0.000	0.000	0.000
701	  K	  0.2	  0.6	0.000	0.000	0.000
702	  P	  0.1	  1.0	0.000	0.000	0.000
703	  Q	  0.0	  1.1	0.000	0.000	0.000
704	  G	  0.0	  1.2	0.348	0.000	0.000
705	  K	  0.2	  0.7	0.348	0.000	0.000
706	  K	  1.0	  0.2	0.348	0.000	0.000
707	  T	  2.4	  0.1	0.348	0.000	0.000
708	  K	  3.8	  0.1	0.348	0.000	0.000
709	  F	  3.0	  0.0	0.348	0.000	0.000
710	  E	  1.7	  0.0	0.000	0.000	0.000
