res	aa	Beta	Turn	Helix	Aggregation	Conc-Stab_Aggregation
01	  M	  1.4	  0.0	0.000	0.000	0.000
02	  H	  2.0	  0.0	0.000	11.282	11.282
03	  L	  2.1	  0.2	0.000	41.140	41.140
04	  L	  0.7	  0.2	0.000	51.269	51.269
05	  G	  0.2	  0.2	0.000	53.133	53.133
06	  F	  2.4	  0.2	0.000	71.154	71.154
07	  F	  7.4	  0.0	0.000	72.316	72.316
08	  S	  7.9	  0.0	0.126	69.459	69.459
09	  V	  7.2	  0.0	0.126	69.707	69.707
10	  A	  2.4	  0.0	0.126	62.690	62.690
11	  C	  3.1	  0.1	0.244	54.056	54.056
12	  S	  1.8	  0.1	1.424	52.317	52.317
13	  L	  1.8	  0.1	1.593	54.339	54.339
14	  L	  0.5	  0.1	1.796	53.366	53.366
15	  A	  0.4	  0.0	1.796	45.815	45.815
16	  A	  0.3	  0.0	1.796	39.431	39.431
17	  A	  0.8	  0.0	1.796	33.989	33.989
18	  L	  0.8	  0.0	1.432	29.063	29.063
19	  L	  0.7	  0.0	1.126	1.724	1.724
20	  P	  0.1	  0.0	0.000	0.781	0.781
21	  G	  0.0	  0.3	0.000	0.000	0.000
22	  P	  0.0	  0.3	0.000	0.000	0.000
23	  R	  0.1	  0.3	0.000	0.000	0.000
24	  E	  0.1	  0.3	0.000	0.000	0.000
25	  A	  0.1	  0.1	0.196	0.000	0.000
26	  P	  0.0	  0.0	0.416	0.000	0.000
27	  A	  0.0	  0.0	0.584	0.000	0.000
28	  A	  0.1	  0.0	0.584	0.145	0.145
29	  A	  0.1	  0.0	0.584	0.145	0.145
30	  A	  0.2	  0.0	0.584	0.145	0.145
31	  A	  0.4	  0.0	0.584	0.145	0.145
32	  F	  1.7	  0.5	0.584	0.145	0.145
33	  E	  1.6	  0.5	0.000	0.000	0.000
34	  S	  1.4	  0.6	0.000	0.000	0.000
35	  G	  0.1	  0.8	0.000	0.000	0.000
36	  L	  1.2	  0.3	0.000	0.000	0.000
37	  D	  1.3	  1.1	0.142	0.000	0.000
38	  L	  1.3	  1.3	0.142	0.000	0.000
39	  S	  0.2	  1.1	0.142	0.000	0.000
40	  D	  0.1	  1.1	0.142	0.000	0.000
41	  A	  0.1	  0.3	0.142	0.000	0.000
42	  E	  0.1	  0.6	0.142	0.000	0.000
43	  P	  0.0	  0.7	0.000	0.000	0.000
44	  D	  0.0	  1.7	0.413	0.000	0.000
45	  A	  0.0	  1.8	0.413	0.000	0.000
46	  G	  0.0	  1.3	2.930	0.000	0.000
47	  E	  0.3	  1.2	2.930	0.000	0.000
48	  A	  0.4	  0.1	2.930	0.197	0.197
49	  T	  1.2	  0.0	3.096	0.197	0.197
50	  A	  1.1	  0.0	3.096	0.197	0.197
51	  Y	  1.7	  0.2	3.096	0.197	0.197
52	  A	  1.1	  0.2	1.144	0.197	0.197
53	  S	  1.4	  1.9	2.324	0.000	0.000
54	  K	  0.7	  1.9	2.230	0.000	0.000
55	  D	  0.7	  1.7	5.602	0.000	0.000
56	  L	  0.3	  1.7	6.041	0.000	0.000
57	  E	  0.3	  0.1	6.708	0.000	0.000
58	  E	  0.1	  0.1	6.708	0.000	0.000
59	  Q	  0.7	  0.1	6.591	0.000	0.000
60	  L	  1.2	  0.1	6.455	0.000	0.000
61	  R	  1.9	  0.1	6.330	0.000	0.000
62	  S	 10.8	  0.2	5.562	0.000	0.000
63	  V	 11.5	  0.2	1.371	0.000	0.000
64	  S	 10.9	  0.2	1.328	0.000	0.000
65	  S	  5.2	  0.4	0.545	0.000	0.000
66	  V	  4.1	  0.3	0.405	0.000	0.000
67	  D	  4.0	  0.3	1.094	0.000	0.000
68	  E	  0.2	  0.3	1.297	0.000	0.000
69	  L	  0.3	  0.1	1.297	1.902	1.902
70	  M	  4.6	  0.1	1.297	1.902	1.902
71	  T	  8.3	  0.0	1.297	1.902	1.902
72	  V	 10.4	  0.0	1.297	1.902	1.902
73	  L	  6.2	  0.0	1.297	1.902	1.902
74	  Y	  2.5	  0.2	1.375	0.000	0.000
75	  P	  0.1	  0.2	1.569	0.000	0.000
76	  E	  0.4	  0.2	1.956	0.000	0.000
77	  Y	  1.3	  0.2	1.956	0.000	0.000
78	  W	  2.1	  0.0	1.956	0.000	0.000
79	  K	  2.0	  0.0	1.956	0.000	0.000
80	  M	  1.4	  0.0	1.956	0.000	0.000
81	  Y	  4.8	  0.0	1.956	0.000	0.000
82	  K	  5.2	  0.0	1.751	0.000	0.000
83	  C	  6.4	  0.1	0.646	0.000	0.000
84	  Q	  2.9	  0.1	0.434	0.000	0.000
85	  L	  2.4	  0.2	0.319	0.000	0.000
86	  R	  1.1	  0.4	0.319	0.000	0.000
87	  K	  0.3	  0.9	0.000	0.000	0.000
88	  G	  0.1	  0.9	0.000	0.000	0.000
89	  G	  0.0	  0.8	0.000	0.000	0.000
90	  W	  1.2	  0.6	0.000	0.000	0.000
91	  Q	  1.4	  0.1	0.000	0.000	0.000
92	  H	  1.4	  0.1	0.000	0.000	0.000
93	  N	  0.3	  0.2	0.427	0.000	0.000
94	  R	  0.1	  0.2	0.589	0.000	0.000
95	  E	  0.1	  0.2	0.946	0.000	0.000
96	  Q	  0.1	  0.4	0.946	0.000	0.000
97	  A	  0.2	  0.3	0.946	0.000	0.000
98	  N	  0.5	  1.1	0.946	0.000	0.000
99	  L	  0.8	  1.2	0.946	0.000	0.000
100	  N	  1.0	  1.0	1.126	0.000	0.000
101	  S	  1.0	  1.1	0.512	0.000	0.000
102	  R	  0.6	  0.2	0.179	0.000	0.000
103	  T	  0.4	  0.2	0.850	0.000	0.000
104	  E	  0.1	  0.2	0.850	0.000	0.000
105	  E	  0.1	  0.1	0.850	0.000	0.000
106	  T	 11.6	  0.1	1.216	0.000	0.000
107	  I	 14.4	  0.0	1.216	0.000	0.000
108	  K	 14.9	  0.0	1.216	0.000	0.000
109	  F	  4.3	  0.0	1.059	0.000	0.000
110	  A	  1.2	  0.0	0.877	0.000	0.000
111	  A	  0.8	  0.0	0.877	0.000	0.000
112	  A	  0.6	  0.0	0.877	0.000	0.000
113	  H	  3.6	  0.1	0.772	0.000	0.000
114	  Y	  4.4	  0.1	0.295	0.000	0.000
115	  N	  4.2	  0.1	0.732	0.000	0.000
116	  T	  1.3	  0.1	1.347	0.000	0.000
117	  E	  0.6	  0.0	1.347	0.000	0.000
118	  I	  1.2	  0.0	1.347	0.000	0.000
119	  L	  1.4	  0.1	1.347	0.000	0.000
120	  K	  1.6	  0.1	1.347	0.000	0.000
121	  S	  3.8	  0.5	1.026	0.000	0.000
122	  I	  3.5	  0.6	0.000	0.000	0.000
123	  D	  3.1	  0.5	0.274	0.000	0.000
124	  N	  0.2	  0.5	3.198	0.000	0.000
125	  E	  0.5	  0.1	3.198	0.000	0.000
126	  W	  1.3	  0.0	3.198	0.000	0.000
127	  R	  1.5	  0.1	3.198	0.000	0.000
128	  K	  1.4	  0.1	3.198	0.000	0.000
129	  T	  1.9	  0.1	2.924	0.000	0.000
130	  Q	  2.8	  0.1	2.924	0.000	0.000
131	  C	  2.7	  0.0	1.862	0.000	0.000
132	  M	  1.4	  0.2	0.673	0.000	0.000
133	  P	  0.3	  0.2	0.000	0.000	0.000
134	  R	  0.2	  0.2	0.000	0.000	0.000
135	  E	  1.1	  0.2	0.000	0.000	0.000
136	  V	  3.0	  0.0	0.000	0.000	0.000
137	  C	  6.0	  0.0	0.000	0.000	0.000
138	  I	 11.7	  0.0	0.000	0.000	0.000
139	  D	  9.9	  0.5	0.000	0.000	0.000
140	  V	  6.9	  0.6	0.000	0.000	0.000
141	  G	  0.1	  0.7	0.000	0.000	0.000
142	  K	  0.2	  0.7	0.000	0.000	0.000
143	  E	  0.2	  0.2	0.000	0.000	0.000
144	  F	  0.4	  0.1	0.000	2.501	2.501
145	  G	  0.5	  0.0	0.000	2.816	2.816
146	  V	  1.5	  0.0	0.000	3.285	3.285
147	  A	  1.4	  0.1	0.000	3.285	3.285
148	  T	  1.7	  0.1	0.000	3.285	3.285
149	  N	  3.7	  0.1	0.000	2.185	2.185
150	  T	 10.4	  0.1	0.000	2.185	2.185
151	  F	 12.4	  0.0	0.000	2.185	2.185
152	  F	  9.3	  0.0	0.000	2.185	2.185
153	  K	  2.8	  0.0	0.000	0.000	0.000
154	  P	  0.0	  0.0	0.000	0.000	0.000
155	  P	  0.0	  0.0	0.000	0.000	0.000
156	  C	  1.5	  0.0	0.000	0.311	0.311
157	  V	  9.7	  0.0	0.000	0.311	0.311
158	  S	 10.5	  0.0	0.000	0.311	0.311
159	  V	 11.3	  0.0	0.000	0.311	0.311
160	  Y	 10.5	  0.1	0.000	0.311	0.311
161	  R	  9.9	  0.1	0.000	0.000	0.000
162	  C	  7.9	  0.3	0.000	0.000	0.000
163	  G	  0.4	  0.5	0.000	0.000	0.000
164	  G	  0.2	  0.4	0.000	0.000	0.000
165	  C	  7.6	  0.5	0.000	0.000	0.000
166	  C	  8.2	  0.3	0.000	0.000	0.000
167	  N	  8.1	  0.6	0.000	0.000	0.000
168	  S	  0.7	  0.9	0.000	0.000	0.000
169	  E	  0.1	  0.8	0.000	0.000	0.000
170	  G	  0.0	  0.7	0.000	0.000	0.000
171	  L	  1.7	  0.4	0.000	0.000	0.000
172	  Q	  2.3	  0.1	0.000	0.000	0.000
173	  C	  4.3	  0.2	0.000	0.000	0.000
174	  M	  3.0	  0.2	0.000	0.000	0.000
175	  N	  2.6	  0.4	0.000	0.000	0.000
176	  T	  1.5	  0.5	0.000	0.000	0.000
177	  S	  3.2	  0.6	0.000	0.000	0.000
178	  T	  4.5	  0.5	0.000	0.000	0.000
179	  S	  4.3	  0.3	0.118	0.000	0.000
180	  Y	  3.2	  0.2	0.118	0.161	0.161
181	  L	  1.8	  0.0	0.118	0.161	0.161
182	  S	  1.9	  0.1	0.118	0.161	0.161
183	  K	  1.1	  0.1	0.118	0.161	0.161
184	  T	  1.6	  0.1	0.118	0.161	0.161
185	  L	  1.1	  0.1	0.118	0.161	0.161
186	  F	  5.3	  0.0	0.118	0.161	0.161
187	  E	  7.5	  0.0	0.000	0.161	0.161
188	  I	 31.8	  0.0	0.000	0.161	0.161
189	  T	 28.3	  0.0	0.000	0.000	0.000
190	  V	 25.3	  0.0	0.000	0.000	0.000
191	  P	  0.6	  0.0	0.000	0.000	0.000
192	  L	  0.2	  0.1	0.000	0.000	0.000
193	  S	  0.2	  0.1	0.000	0.000	0.000
194	  Q	  0.2	  0.2	0.000	0.000	0.000
195	  G	  0.0	  0.2	0.000	0.000	0.000
196	  P	  0.0	  0.0	0.000	0.000	0.000
197	  K	  0.0	  0.0	0.000	0.000	0.000
198	  P	  0.0	  0.0	0.000	0.000	0.000
199	  V	  9.4	  0.0	0.000	4.768	4.768
200	  T	 21.9	  0.0	0.000	5.276	5.276
201	  I	 25.4	  0.0	0.000	5.276	5.276
202	  S	 17.4	  0.0	0.000	5.276	5.276
203	  F	  5.0	  0.2	0.000	5.276	5.276
204	  A	  0.8	  0.3	0.000	2.691	2.691
205	  N	  0.4	  0.3	0.000	0.000	0.000
206	  H	  0.8	  0.4	0.000	0.000	0.000
207	  T	  2.8	  0.2	0.000	0.000	0.000
208	  S	 10.1	  0.2	0.000	0.000	0.000
209	  C	 11.3	  0.2	0.000	0.000	0.000
210	  R	 10.4	  0.1	0.000	0.000	0.000
211	  C	  4.8	  0.2	0.000	0.000	0.000
212	  M	  3.0	  0.2	0.000	0.000	0.000
213	  S	  2.1	  0.2	1.452	0.000	0.000
214	  K	  1.1	  0.4	1.452	0.000	0.000
215	  L	  2.8	  0.3	1.452	0.000	0.000
216	  D	  4.9	  0.2	1.757	0.000	0.000
217	  V	  6.7	  0.1	1.757	0.000	0.000
218	  Y	  6.7	  0.1	1.757	0.000	0.000
219	  R	  5.0	  0.1	1.256	0.000	0.000
220	  Q	  3.2	  0.1	1.134	0.000	0.000
221	  V	  2.0	  0.1	0.782	0.000	0.000
222	  H	  1.8	  0.0	0.782	0.000	0.000
223	  S	  1.9	  0.0	0.352	0.000	0.000
224	  I	  5.1	  0.0	0.251	0.000	0.000
225	  I	  7.1	  0.0	0.251	0.000	0.000
226	  R	  6.8	  0.1	0.251	0.000	0.000
227	  R	  3.7	  0.1	0.251	0.000	0.000
228	  S	  1.5	  0.1	0.251	0.000	0.000
229	  L	  1.2	  0.1	0.000	0.000	0.000
230	  P	  0.1	  0.0	0.000	0.000	0.000
231	  A	  1.0	  0.0	0.000	0.000	0.000
232	  T	  1.2	  0.0	0.000	0.000	0.000
233	  L	  1.2	  0.3	0.000	0.000	0.000
234	  P	  0.2	  0.3	0.292	0.000	0.000
235	  Q	  0.8	  0.3	0.292	0.000	0.000
236	  C	  3.3	  0.4	0.641	0.000	0.000
237	  Q	  3.3	  0.1	0.641	0.000	0.000
238	  A	  2.5	  0.4	0.641	0.000	0.000
239	  A	  0.1	  0.4	0.641	0.000	0.000
240	  N	  0.1	  0.6	0.641	0.000	0.000
241	  K	  1.3	  0.6	0.503	0.000	0.000
242	  T	  1.6	  0.3	0.000	0.000	0.000
243	  C	  1.6	  0.9	0.000	0.000	0.000
244	  P	  0.4	  0.7	0.000	0.000	0.000
245	  T	  0.6	  0.7	0.000	0.000	0.000
246	  N	  0.7	  0.7	0.192	0.000	0.000
247	  Y	  1.4	  0.1	0.192	0.000	0.000
248	  M	  1.2	  0.1	0.192	0.000	0.000
249	  W	  1.4	  0.1	0.192	0.000	0.000
250	  N	  0.7	  0.1	0.192	0.000	0.000
251	  N	  0.9	  0.1	0.192	0.000	0.000
252	  H	  3.6	  0.1	0.000	0.000	0.000
253	  I	  4.5	  0.0	0.000	0.000	0.000
254	  C	  5.9	  0.1	0.254	0.000	0.000
255	  R	  4.1	  0.0	0.254	0.000	0.000
256	  C	  5.4	  0.0	0.254	0.000	0.000
257	  L	  3.4	  0.0	0.254	0.000	0.000
258	  A	  2.3	  0.1	0.254	0.000	0.000
259	  Q	  0.1	  0.3	0.254	0.000	0.000
260	  E	  0.1	  0.3	0.000	0.000	0.000
261	  D	  0.1	  0.3	0.000	0.000	0.000
262	  F	  0.9	  0.3	0.000	0.000	0.000
263	  M	  1.6	  0.0	0.000	0.000	0.000
264	  F	  3.2	  0.2	0.000	0.000	0.000
265	  S	  2.4	  2.1	0.000	0.000	0.000
266	  S	  1.6	  2.2	0.000	0.000	0.000
267	  D	  0.1	  3.2	0.000	0.000	0.000
268	  A	  0.0	  4.2	0.000	0.000	0.000
269	  G	  0.0	  2.4	0.000	0.000	0.000
270	  D	  0.0	  3.1	0.000	0.000	0.000
271	  D	  0.1	  2.4	0.000	0.000	0.000
272	  S	  0.6	  2.9	0.000	0.000	0.000
273	  T	  0.6	  2.9	0.000	0.000	0.000
274	  D	  0.6	  2.2	0.000	0.000	0.000
275	  G	  0.1	  1.9	0.000	0.000	0.000
276	  F	  0.8	  0.4	0.000	0.000	0.000
277	  H	  1.6	  0.1	0.000	0.000	0.000
278	  D	  1.9	  0.1	0.000	0.000	0.000
279	  I	  2.1	  0.1	0.000	0.000	0.000
280	  C	  1.4	  0.1	0.000	0.000	0.000
281	  G	  0.9	  1.3	0.000	0.000	0.000
282	  P	  0.0	  1.3	0.000	0.000	0.000
283	  N	  0.1	  1.4	0.000	0.000	0.000
284	  K	  0.2	  1.3	0.000	0.000	0.000
285	  E	  0.9	  0.1	0.000	0.000	0.000
286	  L	  0.8	  0.1	0.000	0.000	0.000
287	  D	  0.8	  0.2	3.551	0.000	0.000
288	  E	  0.0	  0.2	3.551	0.000	0.000
289	  E	  0.2	  0.2	3.551	0.000	0.000
290	  T	  6.1	  0.2	3.551	0.000	0.000
291	  C	  7.2	  0.1	3.551	0.000	0.000
292	  Q	  7.6	  0.0	3.551	0.000	0.000
293	  C	  2.6	  0.0	1.647	0.000	0.000
294	  V	  1.9	  0.0	0.991	0.000	0.000
295	  C	  3.9	  0.1	0.991	0.000	0.000
296	  R	  3.1	  0.3	0.645	0.000	0.000
297	  A	  2.5	  0.3	0.394	0.000	0.000
298	  G	  0.2	  0.3	0.277	0.000	0.000
299	  L	  0.2	  0.2	0.000	0.000	0.000
300	  R	  0.2	  0.0	0.000	0.000	0.000
301	  P	  0.2	  0.3	0.000	0.000	0.000
302	  A	  0.5	  0.4	0.000	0.000	0.000
303	  S	  1.8	  0.4	0.000	0.000	0.000
304	  C	  1.8	  0.5	0.000	0.000	0.000
305	  G	  1.3	  0.5	0.000	0.000	0.000
306	  P	  0.0	  0.4	0.000	0.000	0.000
307	  H	  0.3	  0.5	0.226	0.000	0.000
308	  K	  0.4	  0.5	0.969	0.000	0.000
309	  E	  1.2	  0.2	0.969	0.000	0.000
310	  L	  0.9	  0.3	0.969	0.000	0.000
311	  D	  0.8	  2.2	1.231	0.000	0.000
312	  R	  0.1	  2.2	1.231	0.000	0.000
313	  N	  0.6	  2.2	1.231	0.000	0.000
314	  S	  3.5	  2.1	0.412	0.000	0.000
315	  C	  4.6	  0.2	0.262	0.000	0.000
316	  Q	  4.7	  0.1	0.262	0.000	0.000
317	  C	  2.7	  0.0	0.000	0.000	0.000
318	  V	  1.7	  0.0	0.000	0.000	0.000
319	  C	  1.4	  0.5	0.431	0.000	0.000
320	  K	  0.6	  0.5	0.431	0.000	0.000
321	  N	  0.3	  0.6	0.431	0.000	0.000
322	  K	  0.5	  0.6	0.431	0.000	0.000
323	  L	  0.5	  0.1	0.431	0.000	0.000
324	  F	  0.5	  0.4	0.431	0.000	0.000
325	  P	  0.1	  0.5	0.000	0.000	0.000
326	  S	  0.5	  0.7	0.158	0.000	0.000
327	  Q	  0.5	  0.7	0.158	0.000	0.000
328	  C	  1.0	  0.5	0.158	0.000	0.000
329	  G	  0.5	  0.8	0.158	0.000	0.000
330	  A	  0.4	  0.6	0.158	0.000	0.000
331	  N	  0.0	  0.7	0.158	0.000	0.000
332	  R	  0.2	  0.5	0.000	0.000	0.000
333	  E	  2.2	  0.1	0.000	0.000	0.000
334	  F	  2.4	  0.1	0.000	0.000	0.000
335	  D	  2.2	  2.4	0.916	0.000	0.000
336	  E	  0.3	  2.4	0.916	0.000	0.000
337	  N	  0.8	  2.4	0.916	0.000	0.000
338	  T	  6.8	  2.3	0.916	0.000	0.000
339	  C	  7.8	  0.1	0.916	0.000	0.000
340	  Q	  7.7	  0.1	0.916	0.000	0.000
341	  C	  2.7	  0.0	0.114	0.000	0.000
342	  V	  1.6	  0.0	0.000	0.000	0.000
343	  C	  1.5	  0.1	0.000	0.000	0.000
344	  K	  1.1	  0.2	0.000	0.000	0.000
345	  R	  1.0	  0.2	0.000	0.000	0.000
346	  T	  1.0	  0.2	0.000	0.000	0.000
347	  C	  0.5	  0.5	0.000	0.000	0.000
348	  P	  0.4	  0.7	0.000	0.000	0.000
349	  R	  0.2	  0.7	0.000	0.000	0.000
350	  N	  0.2	  0.7	0.000	0.000	0.000
351	  Q	  0.2	  0.3	0.000	0.000	0.000
352	  P	  0.0	  0.1	0.000	0.000	0.000
353	  L	  0.1	  0.1	0.000	0.000	0.000
354	  N	  0.1	  4.9	0.000	0.000	0.000
355	  P	  0.1	  4.9	0.000	0.000	0.000
356	  G	  0.0	  4.9	0.000	0.000	0.000
357	  K	  0.8	  4.9	0.000	0.000	0.000
358	  C	  1.4	  0.1	0.000	0.000	0.000
359	  A	  1.4	  0.0	0.000	0.000	0.000
360	  C	  3.1	  0.1	0.000	0.000	0.000
361	  E	  3.6	  0.1	0.000	0.000	0.000
362	  C	  4.1	  0.1	0.000	0.000	0.000
363	  T	  2.1	  0.1	0.000	0.000	0.000
364	  E	  1.0	  0.0	0.000	0.000	0.000
365	  S	  0.5	  0.4	3.067	0.000	0.000
366	  P	  0.0	  0.4	3.067	0.000	0.000
367	  Q	  0.4	  0.5	3.067	0.000	0.000
368	  K	  0.9	  0.5	3.067	0.000	0.000
369	  C	  2.1	  0.1	3.239	0.000	0.000
370	  L	  1.9	  0.0	3.239	0.000	0.000
371	  L	  1.5	  1.0	3.044	0.000	0.000
372	  K	  0.3	  1.1	2.808	0.000	0.000
373	  G	  0.1	  1.1	1.839	0.000	0.000
374	  K	  0.1	  1.1	0.917	0.000	0.000
375	  K	  0.8	  0.1	0.000	0.000	0.000
376	  F	  1.9	  0.1	0.000	0.000	0.000
377	  H	  2.3	  0.0	0.000	0.000	0.000
378	  H	  1.8	  0.2	0.000	0.000	0.000
379	  Q	  0.9	  0.2	0.000	0.000	0.000
380	  T	 10.8	  0.2	0.000	0.000	0.000
381	  C	 14.1	  0.2	0.000	0.000	0.000
382	  S	 16.2	  0.1	0.000	0.000	0.000
383	  C	  9.4	  0.1	0.000	0.000	0.000
384	  Y	  8.4	  0.1	0.000	0.000	0.000
385	  R	  6.2	  0.0	0.000	0.000	0.000
386	  R	  3.5	  0.0	0.000	0.000	0.000
387	  P	  0.1	  0.0	0.000	0.000	0.000
388	  C	  1.0	  0.1	0.000	0.000	0.000
389	  T	  1.1	  0.1	0.000	0.000	0.000
390	  N	  1.2	  0.3	0.000	0.000	0.000
391	  R	  0.5	  0.3	0.000	0.000	0.000
392	  Q	  0.4	  0.2	0.000	0.000	0.000
393	  K	  0.5	  0.2	0.000	0.000	0.000
394	  A	  0.5	  0.1	0.000	0.000	0.000
395	  C	  0.9	  0.0	0.000	0.000	0.000
396	  E	  0.7	  0.7	0.000	0.000	0.000
397	  P	  0.5	  0.7	0.000	0.000	0.000
398	  G	  0.0	  0.7	0.000	0.000	0.000
399	  F	  6.7	  0.7	0.000	0.000	0.000
400	  S	 26.4	  0.1	0.101	0.000	0.000
401	  Y	 26.8	  0.2	0.101	0.000	0.000
402	  S	 21.6	  0.2	0.768	0.000	0.000
403	  E	  0.7	  0.2	0.768	0.000	0.000
404	  E	  0.8	  0.1	0.768	0.000	0.000
405	  V	  1.4	  0.1	0.768	0.000	0.000
406	  C	  3.4	  0.0	0.768	0.000	0.000
407	  R	  4.6	  0.0	0.768	0.000	0.000
408	  C	  4.2	  0.0	0.768	0.000	0.000
409	  V	  2.2	  0.5	0.175	0.000	0.000
410	  P	  0.2	  0.5	0.000	0.000	0.000
411	  S	  1.0	  0.5	0.000	0.000	0.000
412	  Y	  1.9	  0.5	0.000	0.000	0.000
413	  W	  3.1	  0.0	0.000	0.000	0.000
414	  K	  2.2	  0.0	0.000	0.000	0.000
415	  R	  1.3	  0.2	0.000	0.000	0.000
416	  P	  0.1	  0.2	0.000	0.000	0.000
417	  Q	  0.7	  0.2	0.000	0.000	0.000
418	  M	  0.7	  0.2	0.000	0.000	0.000
419	  S	  0.7	  0.0	0.000	0.000	0.000
