res	aa	Beta	Turn	Helix	Aggregation	Conc-Stab_Aggregation
01	  M	  0.5	  0.0	0.000	0.000	0.000
02	  A	  2.3	  0.0	0.000	0.000	0.000
03	  V	  2.8	  0.0	0.000	0.000	0.000
04	  L	  2.3	  0.0	0.000	0.000	0.000
05	  P	  0.5	  0.1	0.000	0.000	0.000
06	  G	  0.0	  0.2	0.178	0.000	0.000
07	  P	  0.0	  0.2	0.178	0.113	0.113
08	  L	  1.6	  0.2	0.178	11.182	11.182
09	  Q	  2.2	  0.2	0.178	13.201	13.201
10	  L	  2.3	  0.0	0.178	64.855	64.855
11	  L	  0.7	  0.0	0.178	74.195	74.195
12	  G	  0.2	  0.0	0.178	75.781	75.781
13	  V	  3.3	  0.0	0.000	92.648	92.648
14	  L	  3.4	  0.0	0.000	93.309	93.309
15	  L	  6.7	  0.0	0.000	92.584	92.584
16	  T	 15.5	  0.0	0.000	87.389	87.389
17	  I	 18.5	  0.0	0.000	84.234	84.234
18	  S	 19.7	  0.3	0.740	40.968	40.968
19	  L	  8.4	  0.3	0.740	35.523	35.523
20	  S	  5.1	  0.3	1.866	5.680	5.680
21	  S	  2.6	  0.3	2.760	1.984	1.984
22	  I	  6.3	  0.1	2.760	1.826	1.826
23	  R	  6.8	  0.0	2.760	0.000	0.000
24	  L	  4.8	  0.0	2.632	0.000	0.000
25	  I	  1.1	  0.0	2.632	0.000	0.000
26	  Q	  0.5	  0.3	2.632	0.000	0.000
27	  A	  0.4	  0.5	1.876	0.000	0.000
28	  G	  0.0	  0.5	1.645	0.000	0.000
29	  A	  0.3	  0.5	0.000	0.205	0.205
30	  Y	  1.3	  0.4	0.000	0.205	0.205
31	  Y	  1.7	  0.3	0.000	0.205	0.205
32	  G	  1.6	  0.3	0.000	0.205	0.205
33	  I	  1.1	  0.3	0.000	0.205	0.205
34	  K	  0.7	  0.1	0.000	0.000	0.000
35	  P	  0.5	  0.0	0.000	0.000	0.000
36	  L	  0.0	  0.0	0.000	0.000	0.000
37	  P	  0.0	  0.2	0.000	0.000	0.000
38	  P	  0.0	  0.2	0.000	0.000	0.000
39	  Q	  0.0	  0.2	0.000	0.000	0.000
40	  I	  0.0	  0.2	0.000	0.000	0.000
41	  P	  0.0	  0.3	0.000	0.000	0.000
42	  P	  0.0	  0.3	0.000	0.000	0.000
43	  Q	  0.0	  0.3	0.000	0.000	0.000
44	  M	  0.0	  0.3	0.000	0.000	0.000
45	  P	  0.0	  0.2	0.000	0.000	0.000
46	  P	  0.0	  0.2	0.000	0.000	0.000
47	  Q	  0.1	  0.2	0.000	0.000	0.000
48	  I	  0.1	  0.5	0.000	0.000	0.000
49	  P	  0.1	  0.3	0.000	0.000	0.000
50	  Q	  8.2	  0.3	0.000	0.000	0.000
51	  Y	  8.7	  0.3	0.000	0.000	0.000
52	  Q	  8.7	  0.3	0.000	0.000	0.000
53	  P	  0.5	  0.5	0.000	0.000	0.000
54	  L	  0.0	  0.5	0.000	0.000	0.000
55	  G	  0.0	  0.6	0.000	0.000	0.000
56	  Q	  0.5	  0.3	0.000	0.000	0.000
57	  Q	  0.5	  0.1	0.000	0.000	0.000
58	  V	  0.5	  0.1	0.000	0.000	0.000
59	  P	  0.1	  0.0	0.000	0.000	0.000
60	  H	  0.2	  0.0	0.000	0.000	0.000
61	  M	  0.2	  0.1	0.000	0.000	0.000
62	  P	  0.2	  0.1	0.000	0.000	0.000
63	  L	  0.1	  0.1	0.000	0.000	0.000
64	  A	  0.1	  1.0	0.000	0.000	0.000
65	  K	  0.1	  1.1	0.000	0.000	0.000
66	  D	  0.0	  1.2	0.000	0.000	0.000
67	  G	  0.1	  1.2	0.000	0.000	0.000
68	  L	  0.4	  0.3	0.000	0.000	0.000
69	  A	  0.5	  0.2	0.000	0.000	0.000
70	  M	  0.5	  0.3	0.000	0.000	0.000
71	  G	  0.2	  0.4	0.000	0.000	0.000
72	  K	  0.3	  0.4	0.000	0.000	0.000
73	  E	  0.2	  0.1	0.000	0.000	0.000
74	  M	  0.2	  0.3	0.000	0.000	0.000
75	  P	  0.0	  0.2	0.000	0.000	0.000
76	  H	  0.7	  0.2	0.000	0.000	0.000
77	  L	  2.3	  0.2	0.000	0.000	0.000
78	  Q	  2.6	  0.0	0.000	0.000	0.000
79	  Y	  2.1	  0.2	0.000	0.000	0.000
80	  G	  0.4	  0.3	0.000	0.000	0.000
81	  K	  0.4	  0.3	0.000	0.000	0.000
82	  E	  0.3	  0.3	0.000	0.000	0.000
83	  Y	  0.3	  0.6	0.000	0.000	0.000
84	  P	  0.1	  0.5	0.000	0.000	0.000
85	  H	  0.1	  0.5	0.000	0.000	0.000
86	  L	  0.1	  1.0	0.000	0.000	0.000
87	  P	  0.1	  0.5	0.000	0.000	0.000
88	  Q	  1.2	  0.5	0.000	0.000	0.000
89	  Y	  2.2	  0.5	0.000	0.000	0.000
90	  M	  2.2	  0.0	0.000	0.000	0.000
91	  K	  1.5	  0.0	0.000	0.000	0.000
92	  E	  2.0	  0.0	0.000	0.000	0.000
93	  I	  2.0	  0.0	0.000	0.000	0.000
94	  Q	  1.6	  0.0	0.000	0.000	0.000
95	  P	  0.1	  0.0	0.000	0.000	0.000
96	  A	  0.0	  0.2	0.000	0.000	0.000
97	  P	  0.0	  0.2	0.000	0.000	0.000
98	  R	  0.2	  0.4	0.000	0.000	0.000
99	  M	  0.3	  0.4	0.000	0.000	0.000
100	  G	  0.3	  0.4	0.000	0.000	0.000
101	  K	  0.2	  0.4	0.000	0.000	0.000
102	  E	  0.2	  0.2	0.000	0.000	0.000
103	  A	  0.3	  0.1	0.000	0.000	0.000
104	  V	  0.1	  0.0	0.000	0.000	0.000
105	  P	  0.1	  0.2	0.000	0.000	0.000
106	  K	  0.0	  1.6	0.000	0.000	0.000
107	  K	  0.0	  1.7	0.000	0.000	0.000
108	  G	  0.1	  1.7	0.000	0.000	0.000
109	  K	  0.8	  1.5	0.000	0.000	0.000
110	  E	  0.8	  0.1	0.000	0.000	0.000
111	  I	  0.9	  0.1	0.000	0.000	0.000
112	  P	  0.2	  0.0	0.644	0.000	0.000
113	  L	  0.2	  0.1	0.644	0.000	0.000
114	  A	  0.6	  0.2	0.644	0.000	0.000
115	  S	  2.6	  0.2	0.644	0.000	0.000
116	  L	  2.7	  0.3	0.644	0.000	0.000
117	  R	  2.3	  0.2	0.644	0.000	0.000
118	  G	  0.3	  0.5	0.324	0.000	0.000
119	  E	  0.0	  0.5	0.135	0.000	0.000
120	  Q	  0.0	  0.4	0.000	0.000	0.000
121	  G	  0.0	  1.2	0.000	0.000	0.000
122	  P	  0.0	  1.1	0.000	0.000	0.000
123	  R	  0.1	  1.1	0.000	0.000	0.000
124	  G	  0.1	  1.0	0.000	0.000	0.000
125	  E	  0.1	  0.2	0.000	0.000	0.000
126	  P	  0.0	  0.0	0.000	0.000	0.000
127	  G	  0.0	  0.9	0.000	0.000	0.000
128	  P	  0.0	  0.9	0.000	0.000	0.000
129	  R	  0.0	  0.9	0.000	0.000	0.000
130	  G	  0.0	  0.8	0.000	0.000	0.000
131	  P	  0.0	  0.0	0.000	0.000	0.000
132	  P	  0.0	  0.0	0.000	0.000	0.000
133	  G	  0.0	  0.0	0.000	0.000	0.000
134	  P	  0.0	  0.9	0.000	0.000	0.000
135	  P	  0.0	  0.9	0.000	0.000	0.000
136	  G	  0.0	  0.9	0.000	0.000	0.000
137	  L	  0.0	  2.6	0.000	0.000	0.000
138	  P	  0.0	  1.8	0.000	0.000	0.000
139	  G	  0.0	  1.9	0.000	0.000	0.000
140	  H	  0.5	  1.9	0.000	0.000	0.000
141	  G	  0.5	  0.3	0.000	0.000	0.000
142	  I	  0.5	  0.6	0.000	0.000	0.000
143	  P	  0.0	  0.5	0.000	0.000	0.000
144	  G	  0.1	  0.5	0.000	0.000	0.000
145	  I	  1.2	  2.0	0.000	0.000	0.000
146	  K	  1.3	  1.6	0.000	0.000	0.000
147	  G	  1.2	  1.5	0.000	0.000	0.000
148	  K	  0.1	  1.5	0.000	0.000	0.000
149	  P	  0.0	  0.0	0.000	0.000	0.000
150	  G	  0.0	  1.0	0.000	0.000	0.000
151	  P	  0.0	  1.2	0.000	0.000	0.000
152	  Q	  0.0	  1.2	0.000	0.000	0.000
153	  G	  0.0	  1.2	0.000	0.000	0.000
154	  Y	  0.0	  2.7	0.000	0.000	0.000
155	  P	  0.0	  2.5	0.000	0.000	0.000
156	  G	  0.0	  2.7	0.000	0.000	0.000
157	  V	  0.1	  2.7	0.000	0.000	0.000
158	  G	  0.1	  0.3	0.000	0.000	0.000
159	  K	  0.1	  1.6	0.000	0.000	0.000
160	  P	  0.0	  1.3	0.000	0.000	0.000
161	  G	  0.0	  1.3	0.000	0.000	0.000
162	  M	  0.0	  2.8	0.000	0.000	0.000
163	  P	  0.0	  1.5	0.000	0.000	0.000
164	  G	  0.0	  1.5	0.000	0.000	0.000
165	  M	  0.0	  3.5	0.000	0.000	0.000
166	  P	  0.0	  2.0	0.000	0.000	0.000
167	  G	  0.0	  2.0	0.000	0.000	0.000
168	  K	  0.0	  3.2	0.000	0.000	0.000
169	  P	  0.0	  1.4	0.000	0.000	0.000
170	  G	  0.0	  1.5	0.000	0.000	0.000
171	  A	  0.1	  1.7	0.000	0.000	0.000
172	  M	  0.7	  0.5	0.000	0.000	0.000
173	  G	  0.7	  0.3	0.000	0.000	0.000
174	  M	  0.6	  1.5	0.000	0.000	0.000
175	  P	  0.0	  1.4	0.000	0.000	0.000
176	  G	  0.0	  1.7	0.000	0.000	0.000
177	  A	  0.0	  2.2	0.000	0.000	0.000
178	  K	  0.1	  0.8	0.000	0.000	0.000
179	  G	  0.1	  0.8	0.000	0.000	0.000
180	  E	  0.1	  0.5	0.000	0.000	0.000
181	  I	  0.2	  0.1	0.000	0.000	0.000
182	  G	  0.2	  0.3	0.000	0.000	0.000
183	  Q	  0.1	  0.6	0.000	0.000	0.000
184	  K	  0.1	  0.6	0.000	0.000	0.000
185	  G	  0.1	  0.6	0.000	0.000	0.000
186	  E	  0.1	  0.4	0.000	0.000	0.000
187	  I	  0.1	  0.2	0.000	0.000	0.000
188	  G	  0.1	  0.6	0.000	0.000	0.000
189	  P	  0.0	  0.6	0.000	0.000	0.000
190	  M	  0.8	  0.6	0.000	0.000	0.000
191	  G	  0.8	  0.4	0.000	0.000	0.000
192	  I	  0.8	  0.0	0.000	0.000	0.000
193	  P	  0.0	  0.0	0.000	0.000	0.000
194	  G	  0.0	  1.0	0.000	0.000	0.000
195	  P	  0.0	  1.0	0.000	0.000	0.000
196	  Q	  0.0	  1.0	0.000	0.000	0.000
197	  G	  0.0	  1.0	0.000	0.000	0.000
198	  P	  0.0	  0.0	0.000	0.000	0.000
199	  P	  0.0	  0.1	0.000	0.000	0.000
200	  G	  0.0	  1.1	0.000	0.000	0.000
201	  P	  0.0	  1.2	0.000	0.000	0.000
202	  H	  0.2	  1.2	0.000	0.000	0.000
203	  G	  0.2	  1.1	0.000	0.000	0.000
204	  L	  0.2	  0.9	0.000	0.000	0.000
205	  P	  0.0	  0.8	0.000	0.000	0.000
206	  G	  0.0	  1.1	0.000	0.000	0.000
207	  I	  0.1	  1.1	0.000	0.000	0.000
208	  G	  0.1	  0.3	0.000	0.000	0.000
209	  K	  0.1	  1.1	0.000	0.000	0.000
210	  P	  0.0	  0.9	0.000	0.000	0.000
211	  G	  0.0	  1.0	0.000	0.000	0.000
212	  G	  0.0	  2.0	0.000	0.000	0.000
213	  P	  0.0	  1.1	0.000	0.000	0.000
214	  G	  0.0	  1.1	0.000	0.000	0.000
215	  L	  0.0	  2.9	0.000	0.000	0.000
216	  P	  0.0	  1.9	0.000	0.000	0.000
217	  G	  0.0	  1.9	0.000	0.000	0.000
218	  Q	  0.0	  1.9	0.000	0.000	0.000
219	  P	  0.0	  0.0	0.000	0.000	0.000
220	  G	  0.0	  0.8	0.000	0.000	0.000
221	  P	  0.0	  1.3	0.000	0.000	0.000
222	  K	  0.0	  2.5	0.000	0.000	0.000
223	  G	  0.0	  2.6	0.000	0.000	0.000
224	  D	  0.0	  1.9	0.000	0.000	0.000
225	  R	  0.0	  1.4	0.000	0.000	0.000
226	  G	  0.0	  1.0	0.000	0.000	0.000
227	  P	  0.0	  1.1	0.000	0.000	0.000
228	  K	  0.0	  1.1	0.000	0.000	0.000
229	  G	  0.0	  1.0	0.000	0.000	0.000
230	  L	  0.0	  0.3	0.000	0.000	0.000
231	  P	  0.0	  0.0	0.000	0.000	0.000
232	  G	  0.0	  1.0	0.000	0.000	0.000
233	  P	  0.0	  1.2	0.000	0.000	0.000
234	  Q	  0.0	  1.2	0.000	0.000	0.000
235	  G	  0.0	  1.1	0.000	0.000	0.000
236	  L	  0.3	  0.2	0.000	0.000	0.000
237	  R	  0.3	  0.0	0.000	0.000	0.000
238	  G	  0.2	  0.8	0.000	0.000	0.000
239	  P	  0.0	  1.3	0.000	0.000	0.000
240	  K	  0.0	  2.2	0.000	0.000	0.000
241	  G	  0.0	  2.4	0.000	0.000	0.000
242	  D	  0.0	  2.2	0.000	0.000	0.000
243	  K	  0.0	  1.7	0.000	0.000	0.000
244	  G	  0.0	  1.0	0.000	0.000	0.000
245	  F	  0.4	  0.9	0.000	0.000	0.000
246	  G	  0.4	  0.3	0.000	0.000	0.000
247	  M	  0.4	  1.6	0.000	0.000	0.000
248	  P	  0.0	  1.3	0.000	0.000	0.000
249	  G	  0.0	  1.3	0.000	0.000	0.000
250	  A	  0.0	  2.5	0.000	0.000	0.000
251	  P	  0.0	  1.1	0.000	0.000	0.000
252	  G	  0.1	  1.1	0.000	0.000	0.000
253	  V	  0.6	  1.1	0.000	0.000	0.000
254	  K	  0.6	  0.0	0.000	0.000	0.000
255	  G	  0.6	  0.0	0.000	0.000	0.000
256	  P	  0.0	  2.0	0.000	0.000	0.000
257	  P	  0.0	  2.0	0.000	0.000	0.000
258	  G	  0.0	  2.2	0.000	0.000	0.000
259	  M	  0.2	  2.2	0.000	0.000	0.000
260	  H	  0.2	  0.2	0.000	0.000	0.000
261	  G	  0.2	  0.2	0.000	0.000	0.000
262	  P	  0.0	  0.0	0.000	0.000	0.000
263	  P	  0.0	  0.0	0.000	0.000	0.000
264	  G	  0.0	  0.0	0.000	0.000	0.000
265	  P	  0.0	  0.0	0.000	0.000	0.000
266	  V	  0.6	  0.0	0.000	0.000	0.000
267	  G	  0.6	  0.0	0.000	0.000	0.000
268	  L	  0.6	  1.0	0.000	0.000	0.000
269	  P	  0.0	  1.0	0.000	0.000	0.000
270	  G	  0.0	  1.3	0.000	0.000	0.000
271	  V	  0.1	  1.3	0.000	0.000	0.000
272	  G	  0.1	  0.3	0.000	0.000	0.000
273	  K	  0.1	  1.2	0.000	0.000	0.000
274	  P	  0.0	  1.0	0.000	0.000	0.000
275	  G	  0.1	  1.0	0.000	0.000	0.000
276	  V	  0.9	  1.1	0.000	0.000	0.000
277	  T	  1.0	  0.1	0.000	0.000	0.000
278	  G	  0.9	  0.1	0.000	0.000	0.000
279	  F	  0.1	  0.1	0.000	0.000	0.000
280	  P	  0.0	  0.0	0.000	0.000	0.000
281	  G	  0.0	  1.0	0.000	0.000	0.000
282	  P	  0.0	  1.0	0.000	0.000	0.000
283	  Q	  0.0	  1.0	0.000	0.000	0.000
284	  G	  0.0	  1.6	0.000	0.000	0.000
285	  P	  0.0	  0.8	0.000	0.000	0.000
286	  L	  0.0	  0.8	0.000	0.000	0.000
287	  G	  0.0	  0.8	0.000	0.000	0.000
288	  K	  0.0	  1.4	0.000	0.000	0.000
289	  P	  0.0	  1.2	0.000	0.000	0.000
290	  G	  0.0	  1.2	0.000	0.000	0.000
291	  A	  0.0	  2.7	0.000	0.000	0.000
292	  P	  0.0	  1.5	0.000	0.000	0.000
293	  G	  0.0	  1.5	0.000	0.000	0.000
294	  E	  0.0	  1.5	0.000	0.000	0.000
295	  P	  0.0	  0.0	0.000	0.000	0.000
296	  G	  0.0	  1.0	0.000	0.000	0.000
297	  P	  0.0	  1.0	0.000	0.000	0.000
298	  Q	  0.0	  1.0	0.000	0.000	0.000
299	  G	  0.0	  1.0	0.000	0.000	0.000
300	  P	  0.0	  0.0	0.000	0.000	0.000
301	  I	  0.3	  0.0	0.000	0.000	0.000
302	  G	  0.3	  0.0	0.000	0.000	0.000
303	  V	  0.4	  0.6	0.000	0.000	0.000
304	  P	  0.0	  0.6	0.000	0.000	0.000
305	  G	  0.0	  0.6	0.000	0.000	0.000
306	  V	  0.2	  0.6	0.000	0.000	0.000
307	  Q	  0.2	  0.0	0.000	0.000	0.000
308	  G	  0.2	  0.0	0.000	0.000	0.000
309	  P	  0.0	  1.1	0.000	0.000	0.000
310	  P	  0.0	  1.1	0.000	0.000	0.000
311	  G	  0.0	  1.1	0.000	0.000	0.000
312	  I	  0.0	  1.6	0.000	0.000	0.000
313	  P	  0.0	  0.5	0.000	0.000	0.000
314	  G	  0.0	  0.8	0.000	0.000	0.000
315	  I	  0.1	  0.8	0.000	0.000	0.000
316	  G	  0.1	  0.3	0.000	0.000	0.000
317	  K	  0.1	  2.1	0.000	0.000	0.000
318	  P	  0.0	  1.9	0.000	0.000	0.000
319	  G	  0.0	  2.8	0.000	0.000	0.000
320	  Q	  0.0	  2.9	0.000	0.000	0.000
321	  D	  0.1	  1.1	0.000	0.000	0.000
322	  G	  0.0	  1.0	0.000	0.000	0.000
323	  I	  0.1	  1.3	0.000	0.000	0.000
324	  P	  0.0	  1.1	0.000	0.000	0.000
325	  G	  0.0	  1.1	0.000	0.000	0.000
326	  Q	  0.0	  2.3	0.000	0.000	0.000
327	  P	  0.0	  1.2	0.000	0.000	0.000
328	  G	  0.0	  1.2	0.000	0.000	0.000
329	  F	  0.0	  2.3	0.000	0.000	0.000
330	  P	  0.0	  1.8	0.000	0.000	0.000
331	  G	  0.0	  2.0	0.000	0.000	0.000
332	  G	  0.0	  2.6	0.000	0.000	0.000
333	  K	  0.0	  1.5	0.000	0.000	0.000
334	  G	  0.0	  1.2	0.000	0.000	0.000
335	  E	  0.0	  1.0	0.000	0.000	0.000
336	  Q	  0.0	  0.4	0.000	0.000	0.000
337	  G	  0.0	  0.4	0.000	0.000	0.000
338	  L	  0.0	  0.7	0.000	0.000	0.000
339	  P	  0.0	  0.6	0.000	0.000	0.000
340	  G	  0.0	  0.6	0.000	0.000	0.000
341	  L	  0.0	  0.6	0.000	0.000	0.000
342	  P	  0.0	  0.0	0.000	0.000	0.000
343	  G	  0.0	  0.0	0.000	0.000	0.000
344	  P	  0.0	  0.9	0.000	0.000	0.000
345	  P	  0.0	  0.9	0.000	0.000	0.000
346	  G	  0.0	  0.9	0.000	0.000	0.000
347	  L	  0.0	  1.7	0.000	0.000	0.000
348	  P	  0.0	  0.8	0.000	0.000	0.000
349	  G	  0.0	  1.1	0.000	0.000	0.000
350	  I	  0.1	  1.1	0.000	0.000	0.000
351	  G	  0.1	  0.3	0.000	0.000	0.000
352	  K	  0.1	  1.6	0.000	0.000	0.000
353	  P	  0.0	  1.3	0.000	0.000	0.000
354	  G	  0.0	  1.3	0.000	0.000	0.000
355	  F	  0.0	  1.3	0.000	0.000	0.000
356	  P	  0.0	  0.0	0.000	0.000	0.000
357	  G	  0.0	  0.8	0.000	0.000	0.000
358	  P	  0.0	  1.3	0.000	0.000	0.000
359	  K	  0.0	  2.5	0.000	0.000	0.000
360	  G	  0.0	  2.6	0.000	0.000	0.000
361	  D	  0.0	  2.1	0.000	0.000	0.000
362	  R	  0.1	  1.6	0.000	0.000	0.000
363	  G	  0.1	  0.6	0.000	0.000	0.000
364	  M	  0.1	  1.0	0.000	0.000	0.000
365	  G	  0.0	  0.7	0.000	0.000	0.000
366	  G	  0.0	  0.7	0.000	0.000	0.000
367	  V	  0.0	  1.3	0.000	0.000	0.000
368	  P	  0.0	  0.8	0.000	0.000	0.000
369	  G	  0.0	  1.1	0.000	0.000	0.000
370	  A	  0.1	  1.1	0.000	0.000	0.000
371	  L	  0.1	  0.4	0.000	0.000	0.000
372	  G	  0.1	  1.1	0.000	0.000	0.000
373	  P	  0.0	  1.1	0.000	0.000	0.000
374	  R	  0.0	  1.1	0.000	0.000	0.000
375	  G	  0.0	  1.3	0.000	0.000	0.000
376	  E	  0.1	  0.5	0.000	0.000	0.000
377	  K	  0.0	  0.3	0.000	0.000	0.000
378	  G	  0.0	  0.3	0.000	0.000	0.000
379	  P	  0.0	  0.2	0.000	0.000	0.000
380	  I	  0.2	  0.2	0.000	0.000	0.000
381	  G	  0.2	  0.2	0.000	0.000	0.000
382	  A	  0.2	  1.1	0.000	0.000	0.000
383	  P	  0.0	  1.0	0.000	0.000	0.000
384	  G	  0.0	  1.0	0.000	0.000	0.000
385	  I	  0.1	  1.0	0.000	0.000	0.000
386	  G	  0.1	  0.1	0.000	0.000	0.000
387	  G	  0.1	  0.0	0.000	0.000	0.000
388	  P	  0.0	  1.9	0.000	0.000	0.000
389	  P	  0.0	  1.9	0.000	0.000	0.000
390	  G	  0.0	  1.9	0.000	0.000	0.000
391	  E	  0.0	  2.3	0.000	0.000	0.000
392	  P	  0.0	  0.4	0.000	0.000	0.000
393	  G	  0.0	  0.4	0.000	0.000	0.000
394	  L	  0.0	  1.2	0.000	0.000	0.000
395	  P	  0.0	  0.8	0.000	0.000	0.000
396	  G	  0.0	  0.8	0.000	0.000	0.000
397	  I	  0.0	  0.8	0.000	0.000	0.000
398	  P	  0.0	  0.1	0.000	0.000	0.000
399	  G	  0.0	  0.5	0.000	0.000	0.000
400	  P	  0.0	  0.5	0.000	0.000	0.000
401	  M	  0.0	  0.5	0.000	0.000	0.000
402	  G	  0.0	  0.4	0.000	0.000	0.000
403	  P	  0.0	  1.8	0.000	0.000	0.000
404	  P	  0.0	  1.9	0.000	0.000	0.000
405	  G	  0.0	  1.9	0.000	0.000	0.000
406	  A	  0.1	  2.0	0.000	0.000	0.000
407	  I	  0.4	  0.2	0.000	0.000	0.000
408	  G	  0.4	  0.1	0.000	0.000	0.000
409	  F	  0.3	  0.1	0.000	0.000	0.000
410	  P	  0.0	  0.0	0.000	0.000	0.000
411	  G	  0.0	  0.8	0.000	0.000	0.000
412	  P	  0.0	  1.3	0.000	0.000	0.000
413	  K	  0.0	  1.5	0.000	0.000	0.000
414	  G	  0.0	  1.9	0.000	0.000	0.000
415	  E	  0.0	  1.8	0.000	0.000	0.000
416	  G	  0.0	  1.3	0.000	0.000	0.000
417	  G	  0.1	  1.2	0.000	0.000	0.000
418	  I	  3.2	  0.8	0.000	0.000	0.000
419	  V	  3.2	  0.1	0.000	0.000	0.000
420	  G	  3.2	  1.0	0.000	0.000	0.000
421	  P	  0.0	  1.0	0.000	0.000	0.000
422	  Q	  0.0	  1.0	0.000	0.000	0.000
423	  G	  0.0	  0.9	0.000	0.000	0.000
424	  P	  0.0	  0.0	0.000	0.000	0.000
425	  P	  0.0	  0.0	0.000	0.000	0.000
426	  G	  0.0	  0.8	0.000	0.000	0.000
427	  P	  0.0	  1.4	0.000	0.000	0.000
428	  K	  0.1	  1.4	0.000	0.000	0.000
429	  G	  0.1	  1.3	0.000	0.000	0.000
430	  E	  0.1	  1.0	0.000	0.000	0.000
431	  P	  0.0	  0.5	0.000	0.000	0.000
432	  G	  0.0	  0.5	0.000	0.000	0.000
433	  L	  0.1	  1.0	0.000	0.000	0.000
434	  Q	  0.1	  0.6	0.000	0.000	0.000
435	  G	  0.1	  0.5	0.000	0.000	0.000
436	  F	  0.0	  3.0	0.000	0.000	0.000
437	  P	  0.0	  2.4	0.000	0.000	0.000
438	  G	  0.0	  2.4	0.000	0.000	0.000
439	  K	  0.0	  3.7	0.000	0.000	0.000
440	  P	  0.0	  1.3	0.000	0.000	0.000
441	  G	  0.0	  1.3	0.000	0.000	0.000
442	  F	  0.4	  1.3	0.000	0.000	0.000
443	  L	  0.4	  0.0	0.000	0.000	0.000
444	  G	  0.4	  0.0	0.000	0.000	0.000
445	  E	  0.1	  0.0	0.000	0.000	0.000
446	  V	  0.1	  0.0	0.000	0.000	0.000
447	  G	  0.1	  0.0	0.000	0.000	0.000
448	  P	  0.0	  2.0	0.000	0.000	0.000
449	  P	  0.0	  2.1	0.000	0.000	0.000
450	  G	  0.0	  2.1	0.000	0.000	0.000
451	  M	  0.3	  2.1	0.000	0.000	0.000
452	  R	  0.4	  0.1	0.000	0.000	0.000
453	  G	  0.4	  0.1	0.000	0.000	0.000
454	  L	  0.1	  0.1	0.000	0.000	0.000
455	  P	  0.0	  0.0	0.000	0.000	0.000
456	  G	  0.0	  0.0	0.000	0.000	0.000
457	  P	  0.0	  0.0	0.000	0.000	0.000
458	  I	  0.0	  0.1	0.000	0.000	0.000
459	  G	  0.0	  0.9	0.000	0.000	0.000
460	  P	  0.0	  1.4	0.000	0.000	0.000
461	  K	  0.0	  1.5	0.000	0.000	0.000
462	  G	  0.1	  1.5	0.000	0.000	0.000
463	  E	  0.1	  1.0	0.000	0.000	0.000
464	  A	  0.1	  0.6	0.000	0.000	0.000
465	  G	  0.0	  0.7	0.000	0.000	0.000
466	  Q	  0.0	  0.8	0.000	0.000	0.000
467	  K	  0.1	  0.5	0.000	0.000	0.000
468	  G	  0.0	  0.5	0.000	0.000	0.000
469	  V	  0.0	  0.6	0.000	0.000	0.000
470	  P	  0.0	  0.4	0.000	0.000	0.000
471	  G	  0.0	  0.4	0.000	0.000	0.000
472	  L	  0.0	  1.3	0.000	0.000	0.000
473	  P	  0.0	  1.0	0.000	0.000	0.000
474	  G	  0.0	  1.0	0.000	0.000	0.000
475	  V	  0.0	  1.3	0.000	0.000	0.000
476	  P	  0.0	  0.4	0.000	0.000	0.000
477	  G	  0.0	  0.4	0.000	0.000	0.000
478	  L	  0.1	  0.4	0.000	0.000	0.000
479	  L	  0.1	  0.1	0.000	0.000	0.000
480	  G	  0.1	  0.8	0.000	0.000	0.000
481	  P	  0.0	  1.4	0.000	0.000	0.000
482	  K	  0.1	  1.4	0.000	0.000	0.000
483	  G	  0.1	  1.3	0.000	0.000	0.000
484	  E	  0.1	  1.1	0.000	0.000	0.000
485	  P	  0.0	  0.5	0.000	0.000	0.000
486	  G	  0.0	  0.5	0.000	0.000	0.000
487	  I	  0.0	  1.3	0.000	0.000	0.000
488	  P	  0.0	  1.3	0.000	0.000	0.000
489	  G	  0.0	  1.5	0.000	0.000	0.000
490	  D	  0.0	  1.6	0.000	0.000	0.000
491	  Q	  0.0	  0.9	0.000	0.000	0.000
492	  G	  0.0	  0.4	0.000	0.000	0.000
493	  L	  0.1	  0.2	0.000	0.000	0.000
494	  Q	  0.1	  0.0	0.000	0.000	0.000
495	  G	  0.0	  0.0	0.000	0.000	0.000
496	  P	  0.0	  1.1	0.000	0.000	0.000
497	  P	  0.0	  1.1	0.000	0.000	0.000
498	  G	  0.0	  1.1	0.000	0.000	0.000
499	  I	  0.0	  1.6	0.000	0.000	0.000
500	  P	  0.0	  0.5	0.000	0.000	0.000
501	  G	  0.0	  0.5	0.000	0.000	0.000
502	  I	  0.1	  0.5	0.000	0.000	0.000
503	  G	  0.1	  0.2	0.000	0.000	0.000
504	  G	  0.1	  1.9	0.000	0.000	0.000
505	  P	  0.0	  1.9	0.000	0.000	0.000
506	  S	  0.0	  2.0	0.000	0.000	0.000
507	  G	  0.0	  1.9	0.000	0.000	0.000
508	  P	  0.0	  0.1	0.000	0.000	0.000
509	  I	  0.0	  0.1	0.000	0.000	0.000
510	  G	  0.0	  0.0	0.000	0.000	0.000
511	  P	  0.0	  1.1	0.000	0.000	0.000
512	  P	  0.0	  1.1	0.000	0.000	0.000
513	  G	  0.0	  1.1	0.000	0.000	0.000
514	  I	  0.0	  1.1	0.000	0.000	0.000
515	  P	  0.0	  0.0	0.000	0.000	0.000
516	  G	  0.0	  0.8	0.000	0.000	0.000
517	  P	  0.0	  1.4	0.000	0.000	0.000
518	  K	  0.1	  1.4	0.000	0.000	0.000
519	  G	  0.1	  1.3	0.000	0.000	0.000
520	  E	  0.1	  1.0	0.000	0.000	0.000
521	  P	  0.0	  0.4	0.000	0.000	0.000
522	  G	  0.0	  0.4	0.000	0.000	0.000
523	  L	  0.0	  0.4	0.000	0.000	0.000
524	  P	  0.0	  0.0	0.000	0.000	0.000
525	  G	  0.0	  0.0	0.000	0.000	0.000
526	  P	  0.0	  1.9	0.000	0.000	0.000
527	  P	  0.0	  1.9	0.000	0.000	0.000
528	  G	  0.0	  1.9	0.000	0.000	0.000
529	  F	  0.0	  4.1	0.000	0.000	0.000
530	  P	  0.0	  2.2	0.000	0.000	0.000
531	  G	  0.0	  2.5	0.000	0.000	0.000
532	  I	  0.1	  2.5	0.000	0.000	0.000
533	  G	  0.1	  0.3	0.000	0.000	0.000
534	  K	  0.1	  1.2	0.000	0.000	0.000
535	  P	  0.0	  0.9	0.000	0.000	0.000
536	  G	  0.2	  0.9	0.000	0.000	0.000
537	  V	  0.9	  0.9	0.000	0.000	0.000
538	  A	  0.9	  0.1	0.000	0.000	0.000
539	  G	  0.7	  0.0	0.000	0.000	0.000
540	  L	  0.2	  0.0	0.000	0.000	0.000
541	  H	  0.2	  0.0	0.000	0.000	0.000
542	  G	  0.2	  0.0	0.000	0.000	0.000
543	  P	  0.0	  2.8	0.000	0.000	0.000
544	  P	  0.0	  2.8	0.000	0.000	0.000
545	  G	  0.0	  2.8	0.000	0.000	0.000
546	  K	  0.0	  3.9	0.000	0.000	0.000
547	  P	  0.0	  1.3	0.000	0.000	0.000
548	  G	  0.0	  1.5	0.000	0.000	0.000
549	  A	  0.1	  1.5	0.000	0.000	0.000
550	  L	  0.1	  0.4	0.000	0.000	0.000
551	  G	  0.1	  1.2	0.000	0.000	0.000
552	  P	  0.0	  1.5	0.000	0.000	0.000
553	  Q	  0.0	  1.5	0.000	0.000	0.000
554	  G	  0.0	  1.4	0.000	0.000	0.000
555	  Q	  0.0	  1.1	0.000	0.000	0.000
556	  P	  0.0	  0.6	0.000	0.000	0.000
557	  G	  0.0	  0.6	0.000	0.000	0.000
558	  L	  0.0	  0.6	0.000	0.000	0.000
559	  P	  0.0	  0.0	0.000	0.000	0.000
560	  G	  0.0	  0.0	0.000	0.000	0.000
561	  P	  0.0	  0.0	0.000	0.000	0.000
562	  P	  0.0	  0.0	0.000	0.000	0.000
563	  G	  0.0	  0.0	0.000	0.000	0.000
564	  P	  0.0	  0.0	0.000	0.000	0.000
565	  P	  0.0	  0.0	0.000	0.000	0.000
566	  G	  0.0	  0.0	0.000	0.000	0.000
567	  P	  0.0	  0.0	0.000	0.000	0.000
568	  P	  0.0	  0.0	0.000	0.000	0.000
569	  G	  0.0	  0.0	0.000	0.000	0.000
570	  P	  0.0	  0.0	0.000	0.000	0.000
571	  P	  0.0	  0.0	0.000	0.000	0.000
572	  A	  1.9	  0.0	0.000	0.000	0.000
573	  V	  1.9	  0.0	0.000	0.000	0.000
574	  M	  1.9	  0.0	0.000	0.000	0.000
575	  P	  0.0	  0.0	0.000	0.000	0.000
576	  P	  0.0	  0.0	0.000	0.000	0.000
577	  T	  0.0	  0.0	0.000	0.000	0.000
578	  P	  0.0	  0.0	0.000	0.000	0.000
579	  P	  0.0	  0.9	0.000	0.000	0.000
580	  P	  0.0	  1.2	0.000	0.000	0.000
581	  Q	  0.0	  1.3	0.000	0.000	0.000
582	  G	  0.0	  1.3	0.000	0.000	0.000
583	  E	  0.3	  0.5	0.000	0.000	0.000
584	  Y	  0.4	  0.1	0.000	0.000	0.000
585	  L	  0.4	  0.7	0.000	0.000	0.000
586	  P	  0.2	  0.7	0.000	0.000	0.000
587	  D	  0.0	  0.7	0.000	0.000	0.000
588	  M	  0.3	  0.8	0.000	0.000	0.000
589	  G	  0.3	  0.1	0.000	0.000	0.000
590	  L	  0.4	  0.1	0.000	0.000	0.000
591	  G	  0.4	  0.4	0.000	0.000	0.000
592	  I	  1.1	  1.2	0.000	0.000	0.000
593	  D	  1.0	  1.2	0.000	0.000	0.000
594	  G	  0.8	  1.1	0.000	0.000	0.000
595	  V	  0.1	  0.9	0.000	0.000	0.000
596	  K	  0.1	  0.0	0.000	0.000	0.000
597	  P	  0.0	  0.3	0.000	0.000	0.000
598	  P	  0.0	  0.3	0.000	0.000	0.000
599	  H	  0.4	  0.7	0.000	0.000	0.000
600	  A	  0.5	  0.7	0.000	0.000	0.000
601	  Y	  0.7	  0.7	0.000	0.000	0.000
602	  G	  0.3	  0.7	0.124	0.000	0.000
603	  A	  0.3	  0.5	0.124	0.000	0.000
604	  K	  0.1	  1.8	0.124	0.000	0.000
605	  K	  0.1	  1.7	0.124	0.000	0.000
606	  G	  0.1	  2.7	0.124	0.000	0.000
607	  K	  0.1	  3.3	0.124	0.000	0.000
608	  N	  0.0	  1.9	0.000	0.000	0.000
609	  G	  0.0	  1.8	0.000	0.000	0.000
610	  G	  0.0	  1.0	0.000	0.000	0.000
611	  P	  0.0	  0.2	0.000	0.000	0.000
612	  A	  0.2	  0.2	0.000	0.000	0.000
613	  Y	  5.2	  0.1	0.000	0.000	0.000
614	  E	  5.3	  0.0	0.000	0.000	0.000
615	  M	  5.1	  0.2	0.000	0.000	0.000
616	  P	  0.0	  0.2	0.000	0.000	0.000
617	  A	  0.4	  0.2	0.000	0.000	0.000
618	  F	  6.0	  0.2	0.000	0.000	0.000
619	  T	  6.3	  0.0	0.000	0.000	0.000
620	  A	  6.0	  0.0	0.000	0.000	0.000
621	  E	  1.1	  0.0	0.000	0.000	0.000
622	  L	  2.5	  0.0	0.000	0.000	0.000
623	  T	  2.6	  0.0	0.000	0.000	0.000
624	  A	  2.0	  0.0	0.000	0.000	0.000
625	  P	  0.2	  0.0	0.000	0.000	0.000
626	  F	  0.0	  0.0	0.000	0.000	0.000
627	  P	  0.0	  0.0	0.000	0.000	0.000
628	  P	  0.0	  0.2	0.000	0.000	0.000
629	  V	  0.3	  0.2	0.000	0.000	0.000
630	  G	  0.3	  0.2	0.000	0.000	0.000
631	  A	  0.3	  0.2	0.000	0.000	0.000
632	  P	  0.0	  0.0	0.000	0.000	0.000
633	  V	  3.4	  0.0	0.000	0.000	0.000
634	  K	  4.3	  0.0	0.000	0.000	0.000
635	  F	  4.9	  0.0	0.000	0.000	0.000
636	  N	  1.6	  0.1	0.270	0.000	0.000
637	  K	  0.9	  0.1	0.270	0.000	0.000
638	  L	  0.8	  0.1	0.270	0.000	0.000
639	  L	  1.2	  0.2	0.270	0.000	0.000
640	  Y	  1.4	  9.1	0.270	0.000	0.000
641	  N	  0.9	  9.2	0.270	0.000	0.000
642	  G	  0.5	  9.3	0.000	0.000	0.000
643	  R	  1.4	  9.3	0.000	0.000	0.000
644	  Q	  2.1	  0.3	0.000	0.000	0.000
645	  N	  3.5	  0.2	0.000	0.000	0.000
646	  Y	  2.4	  0.2	0.000	0.000	0.000
647	  N	  1.7	  0.3	0.000	0.000	0.000
648	  P	  0.2	  0.5	0.000	0.000	0.000
649	  Q	  0.0	  0.6	0.000	0.000	0.000
650	  T	  0.0	  0.6	0.000	0.000	0.000
651	  G	  0.1	  0.3	0.000	0.000	0.000
652	  I	  1.3	  0.1	0.000	0.000	0.000
653	  F	 17.8	  0.1	0.000	0.000	0.000
654	  T	 21.6	  0.0	0.000	0.000	0.000
655	  C	 28.5	  0.0	0.000	0.000	0.000
656	  E	 12.9	  0.0	0.000	0.000	0.000
657	  V	  8.6	  0.4	0.000	0.000	0.000
658	  P	  0.2	  0.4	0.000	0.000	0.000
659	  G	  0.0	  0.4	0.245	7.733	7.733
660	  V	  2.2	  0.4	0.245	82.762	82.762
661	  Y	  3.6	  0.0	0.245	88.355	88.355
662	  Y	  5.2	  0.0	0.245	88.930	88.930
663	  F	  3.9	  0.0	0.245	88.989	88.989
664	  A	  2.9	  0.0	0.245	88.008	88.008
665	  Y	  3.7	  0.0	0.245	77.963	77.963
666	  H	  4.7	  0.0	0.245	40.629	40.629
667	  V	  7.8	  0.0	0.000	37.611	37.611
668	  H	  5.9	  0.0	0.000	0.761	0.761
669	  C	  4.2	  0.5	0.000	0.559	0.559
670	  K	  0.6	  0.9	0.000	0.000	0.000
671	  G	  0.1	  1.1	0.000	0.000	0.000
672	  G	  0.0	  1.1	0.153	0.094	0.094
673	  N	  3.4	  0.6	1.940	3.314	3.314
674	  V	  7.5	  0.2	2.084	82.947	82.947
675	  W	  8.9	  0.0	2.281	89.207	89.207
676	  V	  8.8	  0.0	2.281	89.207	89.207
677	  A	  4.9	  0.0	2.281	89.207	89.207
678	  L	  3.6	  0.0	2.281	89.090	89.090
679	  F	  1.0	  0.3	2.281	82.850	82.850
680	  K	  0.8	  0.3	1.922	0.000	0.000
681	  N	  0.6	  0.3	0.339	0.000	0.000
682	  N	  0.1	  0.3	0.000	0.000	0.000
683	  E	  0.0	  0.0	0.000	0.000	0.000
684	  P	  0.0	  0.0	0.000	0.000	0.000
685	  V	  1.5	  0.0	0.000	0.255	0.255
686	  M	  1.8	  0.0	0.000	0.255	0.255
687	  Y	 13.5	  0.0	0.000	0.255	0.255
688	  T	 18.3	  0.0	3.042	0.255	0.255
689	  Y	 18.1	  0.0	3.168	0.255	0.255
690	  D	  6.9	  0.2	4.510	0.000	0.000
691	  E	  2.7	  0.2	4.510	0.000	0.000
692	  Y	  2.9	  0.3	4.510	0.000	0.000
693	  K	  2.9	  0.6	4.510	0.000	0.000
694	  K	  0.4	  0.5	4.129	0.000	0.000
695	  G	  0.0	  0.5	3.470	0.000	0.000
696	  F	  0.9	  0.4	1.342	0.000	0.000
697	  L	  1.1	  0.1	0.282	0.000	0.000
698	  D	  1.1	  0.2	0.000	0.000	0.000
699	  Q	  0.4	  0.6	0.000	0.000	0.000
700	  A	  0.3	  0.8	0.000	0.213	0.213
701	  S	  0.5	  1.3	0.000	0.213	0.213
702	  G	  0.5	  1.3	0.150	0.484	0.484
703	  S	  0.7	  0.9	0.860	4.061	4.061
704	  A	  1.2	  0.6	0.860	28.426	28.426
705	  V	  5.0	  0.0	0.860	28.426	28.426
706	  L	  5.7	  0.0	0.860	28.426	28.426
707	  L	  5.1	  0.0	0.860	28.426	28.426
708	  L	  1.4	  0.0	0.860	27.870	27.870
709	  R	  0.4	  1.2	0.582	0.000	0.000
710	  P	  0.1	  1.9	0.000	0.000	0.000
711	  G	  0.0	  1.9	0.000	0.000	0.000
712	  D	  0.0	  1.9	0.293	0.000	0.000
713	  R	  2.7	  0.7	0.293	0.000	0.000
714	  V	  6.2	  0.0	0.293	0.000	0.000
715	  F	  7.0	  0.0	0.293	0.000	0.000
716	  L	  7.5	  0.0	0.293	0.000	0.000
717	  Q	  4.2	  0.0	0.293	0.000	0.000
718	  M	  3.3	  0.3	0.145	0.000	0.000
719	  P	  0.1	  0.4	0.000	0.000	0.000
720	  S	  0.0	  0.5	0.756	0.000	0.000
721	  E	  0.1	  0.5	0.756	0.000	0.000
722	  Q	  0.1	  0.2	0.756	0.000	0.000
723	  A	  0.1	  0.3	0.756	0.000	0.000
724	  A	  0.1	  0.3	0.756	0.000	0.000
725	  G	  0.1	  0.2	0.756	0.000	0.000
726	  L	  0.4	  0.2	0.434	0.131	0.131
727	  Y	  0.8	  0.6	0.164	0.131	0.131
728	  A	  0.8	  0.6	0.000	0.131	0.131
729	  G	  0.5	  0.6	0.000	0.131	0.131
730	  Q	  1.6	  0.6	0.000	0.131	0.131
731	  Y	  2.8	  0.1	0.000	0.131	0.131
732	  V	  3.6	  0.0	0.000	0.131	0.131
733	  H	  2.1	  0.2	0.000	0.000	0.000
734	  S	  1.2	  0.2	0.000	0.000	0.000
735	  S	 21.2	  0.6	0.000	0.000	0.000
736	  F	 22.3	  0.7	0.000	0.962	0.962
737	  S	 22.0	  0.5	0.000	0.962	0.962
738	  G	  1.5	  0.5	0.000	0.962	0.962
739	  Y	  0.7	  0.2	0.000	0.962	0.962
740	  L	  1.5	  0.0	0.000	0.962	0.962
741	  L	  1.6	  0.0	0.000	0.813	0.813
742	  Y	  1.0	  0.0	0.000	0.000	0.000
743	  P	  0.1	  0.0	0.000	0.000	0.000
744	  M	  0.0	  0.0	0.000	0.000	0.000
