res	aa	Beta	Turn	Helix	Aggregation	Conc-Stab_Aggregation
01	  M	  0.1	  0.0	0.000	0.000	0.000
02	  L	  0.1	  0.1	0.000	0.000	0.000
03	  E	  0.1	  0.1	0.000	0.000	0.000
04	  E	  0.2	  0.1	0.000	0.000	0.000
05	  L	  1.3	  0.2	0.000	0.000	0.000
06	  E	  1.4	  0.1	0.000	0.000	0.000
07	  C	  2.2	  0.1	0.000	0.000	0.000
08	  G	  1.0	  0.1	0.000	0.000	0.000
09	  A	  1.0	  1.4	0.000	0.000	0.000
10	  P	  0.0	  1.5	0.000	0.000	0.000
11	  G	  0.0	  1.8	0.000	0.000	0.000
12	  A	  0.1	  2.0	0.000	0.000	0.000
13	  R	  0.1	  0.6	0.000	0.000	0.000
14	  G	  0.1	  0.5	0.618	0.000	0.000
15	  A	  0.1	  0.2	0.618	0.000	0.000
16	  A	  0.3	  0.0	0.618	0.000	0.000
17	  T	  0.7	  0.0	0.788	0.000	0.000
18	  A	  0.8	  0.2	0.788	0.000	0.000
19	  M	  3.6	  0.3	0.788	0.000	0.000
20	  D	  3.3	  0.3	0.294	0.000	0.000
21	  C	  3.3	  0.8	0.294	0.000	0.000
22	  K	  0.5	  0.6	0.294	0.000	0.000
23	  D	  0.2	  0.5	0.000	0.000	0.000
24	  R	  0.1	  0.5	0.000	0.000	0.000
25	  P	  0.0	  0.0	0.000	0.000	0.000
26	  A	  0.0	  0.0	0.000	0.000	0.000
27	  F	  0.1	  0.0	0.000	0.000	0.000
28	  P	  0.1	  0.0	0.497	0.000	0.000
29	  V	  0.7	  0.0	0.497	0.000	0.000
30	  K	  0.8	  0.1	0.497	0.000	0.000
31	  K	  1.3	  0.1	0.497	0.000	0.000
32	  L	  0.8	  0.1	0.497	0.000	0.000
33	  I	  1.1	  0.0	0.497	0.000	0.000
34	  Q	  0.6	  0.0	0.497	0.000	0.000
35	  A	  1.0	  0.0	0.221	0.000	0.000
36	  R	  0.7	  0.0	0.221	0.000	0.000
37	  L	  0.6	  0.0	0.000	0.000	0.000
38	  P	  0.1	  0.0	0.130	0.000	0.000
39	  F	  1.0	  0.1	0.130	0.000	0.000
40	  K	  1.1	  0.2	0.130	0.000	0.000
41	  R	  3.8	  0.2	0.130	0.000	0.000
42	  L	  4.4	  0.2	0.130	0.000	0.000
43	  N	  4.7	  0.0	0.130	0.000	0.000
44	  L	  2.2	  0.0	0.000	0.000	0.000
45	  V	  0.6	  0.3	0.000	0.000	0.000
46	  P	  0.1	  1.0	0.000	0.000	0.000
47	  K	  0.0	  1.1	0.000	0.000	0.000
48	  G	  0.1	  1.1	0.000	0.000	0.000
49	  K	  0.2	  1.6	0.000	0.000	0.000
50	  A	  0.1	  1.0	0.000	0.000	0.000
51	  D	  0.1	  0.9	0.000	0.000	0.000
52	  D	  0.2	  1.9	0.000	0.000	0.000
53	  M	  0.2	  1.5	0.000	0.000	0.000
54	  S	  0.2	  2.5	0.000	0.000	0.000
55	  D	  0.1	  2.9	0.000	0.000	0.000
56	  D	  0.0	  2.3	0.169	0.000	0.000
57	  Q	  0.0	  2.1	0.169	0.000	0.000
58	  G	  0.0	  1.1	0.169	0.000	0.000
59	  T	  0.9	  0.7	0.169	0.000	0.000
60	  S	  2.3	  0.2	0.169	0.000	0.000
61	  V	  3.4	  0.1	0.169	0.000	0.000
62	  Q	  2.7	  0.1	0.169	0.000	0.000
63	  S	  5.4	  0.1	0.000	0.000	0.000
64	  K	  4.3	  0.1	0.000	0.000	0.000
65	  S	  4.1	  5.9	0.118	0.000	0.000
66	  P	  0.1	  5.9	0.118	0.000	0.000
67	  D	  0.2	  5.9	0.118	0.000	0.000
68	  L	  0.4	  5.9	0.118	0.000	0.000
69	  E	  0.6	  0.0	0.118	0.000	0.000
70	  A	  0.8	  0.1	0.118	0.000	0.000
71	  S	  3.0	  0.7	0.984	0.000	0.000
72	  L	  3.1	  0.7	0.866	0.000	0.000
73	  D	  2.7	  0.7	0.866	0.000	0.000
74	  T	  1.3	  0.7	0.866	0.000	0.000
75	  L	  1.2	  0.3	0.866	0.000	0.000
76	  E	  1.2	  0.4	0.866	0.000	0.000
77	  N	  0.2	  0.3	0.338	0.000	0.000
78	  N	  0.4	  0.3	0.160	0.000	0.000
79	  C	  2.9	  0.1	0.000	0.000	0.000
80	  H	  3.2	  0.4	0.000	0.000	0.000
81	  V	  3.0	  1.0	0.000	0.000	0.000
82	  G	  0.5	  1.3	0.000	0.000	0.000
83	  S	  0.2	  1.3	0.000	0.000	0.000
84	  D	  0.8	  1.3	0.000	0.000	0.000
85	  I	  4.2	  0.6	0.000	0.000	0.000
86	  D	  6.5	  0.4	0.000	0.000	0.000
87	  F	  6.1	  0.3	0.000	0.000	0.000
88	  R	  3.0	  0.1	0.000	0.000	0.000
89	  P	  0.4	  0.2	0.000	0.000	0.000
90	  K	  0.6	  0.2	0.000	0.000	0.000
91	  L	  1.2	  0.3	0.000	0.000	0.000
92	  V	  1.5	  9.4	0.000	0.000	0.000
93	  N	  1.0	  9.6	0.000	0.000	0.000
94	  G	  0.3	  9.6	0.000	0.000	0.000
95	  K	  0.0	  9.5	0.000	0.000	0.000
96	  G	  0.0	  0.5	0.137	0.000	0.000
97	  P	  0.0	  0.4	0.137	0.000	0.000
98	  L	  0.1	  0.8	0.137	0.000	0.000
99	  D	  0.2	  0.7	0.398	0.000	0.000
100	  N	  0.3	  0.5	0.753	0.000	0.000
101	  F	  1.2	  0.4	0.753	0.000	0.000
102	  L	  1.4	  0.1	0.616	0.000	0.000
103	  R	  1.3	  0.2	0.616	0.000	0.000
104	  N	  0.4	  0.2	0.616	0.000	0.000
105	  R	  3.4	  0.2	0.355	0.000	0.000
106	  I	  3.9	  0.1	0.125	0.000	0.000
107	  E	  3.9	  0.1	0.125	0.000	0.000
108	  T	  1.0	  0.1	0.000	0.000	0.000
109	  S	  0.7	  0.3	0.000	0.000	0.000
110	  I	  0.7	  0.4	0.000	0.000	0.000
111	  G	  0.3	  0.5	0.000	0.000	0.000
112	  Q	  0.2	  0.5	0.000	0.000	0.000
113	  S	  0.6	  0.2	0.000	2.470	2.470
114	  T	  4.0	  0.1	0.000	2.470	2.470
115	  V	 10.9	  0.0	0.000	2.470	2.470
116	  I	 11.2	  0.0	0.000	2.470	2.470
117	  I	 10.7	  0.0	0.000	2.470	2.470
118	  D	  3.7	  0.0	0.000	0.000	0.000
119	  L	  2.9	  0.0	0.000	0.000	0.000
120	  T	  0.3	  0.4	0.000	0.000	0.000
121	  E	  0.1	  0.4	0.000	0.000	0.000
122	  D	  0.1	  3.0	0.000	0.000	0.000
123	  S	  0.1	  3.1	0.000	0.000	0.000
124	  N	  0.0	  2.7	0.000	0.000	0.000
125	  E	  0.0	  2.7	0.000	0.000	0.000
126	  Q	  0.0	  0.7	0.000	0.000	0.000
127	  P	  0.0	  0.8	0.000	0.000	0.000
128	  D	  0.0	  0.8	0.000	0.000	0.000
129	  S	  0.4	  0.8	0.000	0.000	0.000
130	  L	  1.0	  0.1	0.000	0.000	0.000
131	  V	  1.8	  0.1	0.000	0.000	0.000
132	  D	  1.4	  0.7	0.000	0.000	0.000
133	  H	  1.0	  0.8	0.000	0.000	0.000
134	  N	  0.1	  0.9	0.000	0.000	0.000
135	  K	  0.9	  0.8	0.000	0.000	0.000
136	  L	  1.3	  0.2	0.000	0.000	0.000
137	  N	  1.4	  0.3	0.000	0.000	0.000
138	  S	  0.6	  0.2	0.000	0.000	0.000
139	  E	  0.4	  0.2	0.000	0.000	0.000
140	  A	  0.3	  0.2	0.000	0.000	0.000
141	  S	  0.4	  2.9	0.000	0.000	0.000
142	  P	  0.1	  2.9	0.000	0.000	0.000
143	  S	  0.2	  3.0	0.563	0.000	0.000
144	  R	  0.1	  3.0	0.563	0.000	0.000
145	  E	  0.2	  0.1	0.563	0.000	0.000
146	  A	  0.3	  0.2	0.563	0.000	0.000
147	  I	  1.3	  6.3	0.563	0.000	0.000
148	  N	  1.3	  6.3	0.563	0.000	0.000
149	  G	  1.0	  6.4	0.375	0.000	0.000
150	  Q	  0.2	  6.3	0.232	0.000	0.000
151	  R	  0.3	  0.5	0.000	0.000	0.000
152	  E	  0.4	  0.6	0.000	0.000	0.000
153	  D	  0.2	  0.9	0.000	0.000	0.000
154	  T	  0.1	  1.6	0.000	0.000	0.000
155	  G	  0.0	  1.3	0.000	0.000	0.000
156	  D	  0.1	  1.6	0.534	0.000	0.000
157	  Q	  0.1	  1.4	0.534	0.000	0.000
158	  Q	  0.1	  0.6	0.534	0.000	0.000
159	  G	  0.0	  0.6	1.387	0.000	0.000
160	  L	  0.2	  0.1	1.387	0.000	0.000
161	  L	  0.6	  0.0	1.387	0.000	0.000
162	  K	  0.8	  0.0	1.387	0.000	0.000
163	  A	  0.8	  0.0	1.387	0.000	0.000
164	  I	  0.5	  0.1	1.387	0.000	0.000
165	  Q	  0.3	  0.2	1.387	0.000	0.000
166	  N	  0.1	  0.2	1.616	0.000	0.000
167	  D	  0.1	  0.3	1.112	0.000	0.000
168	  K	  0.4	  0.2	0.949	0.000	0.000
169	  L	  0.8	  0.2	0.949	0.000	0.000
170	  A	  0.8	  0.1	0.949	0.000	0.000
171	  F	  0.5	  1.5	0.949	0.000	0.000
172	  P	  0.0	  1.7	0.000	0.000	0.000
173	  G	  0.0	  1.8	0.000	0.000	0.000
174	  E	  0.0	  1.8	0.000	0.000	0.000
175	  T	  5.7	  0.3	0.000	0.000	0.000
176	  L	  5.8	  0.3	0.000	0.000	0.000
177	  S	  5.8	  0.2	0.000	0.000	0.000
178	  D	  0.2	  0.2	0.000	0.000	0.000
179	  I	  0.2	  0.2	0.000	0.000	0.000
180	  P	  0.1	  0.0	0.000	0.000	0.000
181	  C	  0.1	  0.1	0.000	0.000	0.000
182	  K	  0.5	  0.1	0.000	0.000	0.000
183	  T	  0.5	  0.2	0.143	0.000	0.000
184	  E	  0.4	  0.3	0.143	0.000	0.000
185	  E	  0.0	  0.4	0.143	0.000	0.000
186	  E	  0.0	  0.4	0.143	0.000	0.000
187	  G	  0.0	  0.7	0.143	0.000	0.000
188	  V	  0.2	  1.4	0.143	0.000	0.000
189	  G	  0.2	  1.2	0.143	0.000	0.000
190	  C	  0.3	  1.9	0.000	0.000	0.000
191	  G	  0.1	  1.8	0.000	0.000	0.000
192	  G	  0.1	  1.6	0.000	0.000	0.000
193	  A	  0.0	  1.8	0.000	0.000	0.000
194	  G	  0.0	  1.2	0.000	0.000	0.000
195	  R	  0.2	  1.1	0.000	0.000	0.000
196	  R	  0.2	  1.2	0.000	0.000	0.000
197	  G	  0.2	  1.2	0.000	0.000	0.000
198	  D	  0.1	  1.2	0.000	0.000	0.000
199	  S	  0.4	  1.1	0.000	0.000	0.000
200	  Q	  0.5	  0.4	0.000	0.000	0.000
201	  E	  1.5	  0.3	0.000	0.000	0.000
202	  C	  1.4	  0.1	0.000	0.000	0.000
203	  S	  1.3	  0.3	0.000	0.000	0.000
204	  P	  0.2	  0.5	0.000	0.000	0.000
205	  R	  0.3	  0.5	0.000	0.000	0.000
206	  S	  0.7	  0.5	0.000	0.000	0.000
207	  C	  0.7	  0.6	0.000	0.000	0.000
208	  P	  0.4	  0.4	0.000	0.000	0.000
209	  E	  0.7	  0.4	0.000	0.000	0.000
210	  L	  1.2	  0.5	0.000	0.000	0.000
211	  T	  1.3	  0.1	0.000	0.000	0.000
212	  S	  0.7	  0.2	0.000	0.000	0.000
213	  G	  0.1	  0.5	0.000	0.000	0.000
214	  P	  0.0	  0.4	0.000	0.000	0.000
215	  R	  0.1	  0.4	0.000	0.000	0.000
216	  M	  0.2	  0.2	0.000	0.000	0.000
217	  C	  0.2	  0.4	0.000	0.000	0.000
218	  P	  0.1	  0.4	0.000	0.000	0.000
219	  R	  0.2	  0.5	0.000	0.000	0.000
220	  K	  0.2	  0.5	0.000	0.000	0.000
221	  E	  0.3	  0.2	0.000	0.000	0.000
222	  Q	  0.2	  0.2	0.000	0.000	0.000
223	  D	  0.6	  0.2	0.000	0.000	0.000
224	  S	 16.4	  0.3	0.000	0.000	0.000
225	  W	 16.6	  0.2	0.000	0.000	0.000
226	  S	 16.2	  0.4	0.000	0.000	0.000
227	  E	  0.4	  0.5	0.000	0.000	0.000
228	  A	  0.0	  0.8	0.000	0.876	0.876
229	  G	  0.0	  0.8	0.000	1.911	1.911
230	  G	  0.0	  0.6	0.000	1.911	1.911
231	  I	  1.7	  0.5	0.000	1.911	1.911
232	  L	  1.9	  0.0	0.000	1.911	1.911
233	  F	  2.2	  1.6	0.000	1.911	1.911
234	  K	  0.6	  1.7	0.000	0.000	0.000
235	  G	  0.4	  1.7	0.000	0.000	0.000
236	  K	  0.3	  1.7	0.000	0.000	0.000
237	  V	  0.3	  0.0	0.000	0.000	0.000
238	  P	  0.2	  0.0	0.000	1.839	1.839
239	  M	  2.3	  0.0	0.000	2.638	2.638
240	  V	 10.1	  0.0	0.000	2.638	2.638
241	  V	 12.4	  0.0	0.379	2.638	2.638
242	  L	 10.4	  0.1	0.379	2.638	2.638
243	  Q	  2.8	  0.1	0.379	0.799	0.799
244	  D	  0.4	  0.1	0.809	0.000	0.000
245	  I	  1.1	  0.1	0.809	0.000	0.000
246	  L	  1.3	  0.0	0.809	0.000	0.000
247	  A	  2.4	  0.0	0.809	0.000	0.000
248	  V	  1.6	  0.0	0.809	0.000	0.000
249	  R	  1.2	  0.0	0.809	0.000	0.000
250	  P	  0.0	  0.2	0.000	0.000	0.000
251	  P	  0.0	  0.2	0.000	0.000	0.000
252	  Q	  1.9	  0.2	0.000	0.000	0.000
253	  I	  3.3	  0.3	0.000	0.000	0.000
254	  K	  3.7	  0.1	0.000	0.000	0.000
255	  S	  2.0	  0.1	0.000	0.000	0.000
256	  L	  0.6	  0.1	0.000	0.000	0.000
257	  P	  0.1	  0.0	0.000	0.000	0.000
258	  A	  0.0	  0.0	0.000	0.000	0.000
259	  T	  0.1	  0.8	0.000	0.000	0.000
260	  P	  0.1	  1.3	0.000	0.000	0.000
261	  Q	  0.0	  1.4	0.000	0.000	0.000
262	  G	  0.0	  1.7	0.000	0.000	0.000
263	  K	  0.1	  0.9	0.000	0.000	0.000
264	  N	  0.8	  0.4	0.000	0.000	0.000
265	  M	  0.9	  0.3	0.000	0.000	0.000
266	  T	  0.9	  0.2	0.000	0.000	0.000
267	  P	  0.2	  0.4	0.000	0.000	0.000
268	  E	  0.0	  0.4	0.000	0.000	0.000
269	  S	  0.1	  0.4	0.000	0.000	0.000
270	  E	  0.6	  0.2	0.000	0.000	0.000
271	  V	  2.1	  0.0	0.000	0.000	0.000
272	  L	  2.1	  0.3	0.000	0.000	0.000
273	  E	  2.0	  0.3	0.000	0.000	0.000
274	  S	  0.7	  0.3	0.000	0.000	0.000
275	  F	  0.6	  0.5	0.000	0.000	0.000
276	  P	  0.3	  0.3	0.000	0.000	0.000
277	  E	  0.0	  0.5	0.000	0.000	0.000
278	  E	  0.1	  0.5	0.000	0.000	0.000
279	  D	  0.2	  0.3	0.155	0.000	0.000
280	  S	  0.8	  0.2	0.155	0.000	0.000
281	  V	  3.8	  0.0	0.155	0.000	0.000
282	  L	  4.3	  0.1	0.155	0.000	0.000
283	  S	  5.1	  0.2	0.155	0.000	0.000
284	  H	  2.1	  0.5	0.155	0.000	0.000
285	  S	  1.5	  0.5	0.000	0.000	0.000
286	  S	  5.7	  0.8	0.000	0.000	0.000
287	  L	  6.2	  0.6	0.000	0.000	0.000
288	  S	  6.1	  0.4	0.000	0.000	0.000
289	  S	  0.7	  2.8	0.000	0.000	0.000
290	  P	  0.1	  2.6	0.000	0.000	0.000
291	  S	  0.4	  2.7	0.000	0.000	0.000
292	  S	  2.5	  2.9	0.000	0.000	0.000
293	  T	  4.9	  0.4	0.000	0.000	0.000
294	  S	  4.6	  0.3	0.000	0.000	0.000
295	  S	  2.6	  1.2	0.000	0.000	0.000
296	  P	  0.0	  1.0	0.000	0.000	0.000
297	  E	  0.0	  1.0	0.000	0.000	0.000
298	  G	  0.0	  1.0	0.000	0.000	0.000
299	  P	  0.0	  0.0	0.000	0.000	0.000
300	  P	  0.0	  0.0	0.000	0.000	0.000
301	  A	  0.0	  0.0	0.000	0.000	0.000
302	  P	  0.0	  0.2	0.000	0.000	0.000
303	  P	  0.0	  0.3	0.000	0.000	0.000
304	  K	  0.2	  0.3	0.000	0.000	0.000
305	  Q	  0.3	  0.3	0.000	0.000	0.000
306	  H	  0.4	  0.3	0.000	0.000	0.000
307	  S	  0.6	  0.4	0.000	0.000	0.000
308	  S	  4.3	  0.3	0.000	0.000	0.000
309	  T	  4.3	  0.3	0.000	0.000	0.000
310	  S	  4.0	  0.1	0.000	0.000	0.000
311	  P	  0.1	  0.0	0.000	0.000	0.000
312	  F	  0.0	  0.3	0.000	0.000	0.000
313	  P	  0.0	  0.3	0.000	0.000	0.000
314	  T	  1.5	  0.3	0.000	0.000	0.000
315	  S	  1.5	  0.3	0.000	0.000	0.000
316	  T	  1.5	  0.2	0.000	0.000	0.000
317	  P	  0.1	  0.1	0.000	0.000	0.000
318	  L	  0.2	  0.2	0.000	0.000	0.000
319	  R	  1.9	  0.2	0.000	0.000	0.000
320	  R	  8.2	  0.0	0.000	0.000	0.000
321	  I	 10.4	  0.0	0.000	0.000	0.000
322	  T	  9.6	  0.1	0.000	0.000	0.000
323	  K	  3.4	  0.1	0.000	0.000	0.000
324	  K	  1.5	  0.1	0.000	0.000	0.000
325	  F	  2.7	  0.1	0.000	0.000	0.000
326	  V	  3.2	  0.3	0.000	0.000	0.000
327	  K	  2.7	  0.9	0.000	0.000	0.000
328	  G	  0.6	  0.9	0.000	0.000	0.000
329	  S	  0.3	  1.0	0.134	0.000	0.000
330	  T	  0.5	  0.8	1.477	0.000	0.000
331	  E	  0.8	  0.3	1.477	0.000	0.000
332	  K	  0.6	  0.3	1.477	0.000	0.000
333	  N	  0.4	  0.3	1.829	0.000	0.000
334	  K	  0.8	  0.2	1.829	0.000	0.000
335	  L	  2.3	  0.1	1.695	0.000	0.000
336	  R	  2.8	  0.1	1.266	0.000	0.000
337	  L	  2.1	  0.1	0.904	0.000	0.000
338	  Q	  0.7	  0.2	0.676	0.000	0.000
339	  R	  0.3	  0.2	1.038	0.000	0.000
340	  D	  0.3	  0.3	1.694	0.000	0.000
341	  Q	  0.3	  0.3	1.694	0.000	0.000
342	  E	  0.2	  0.3	1.694	0.000	0.000
343	  R	  0.2	  0.4	1.694	0.000	0.000
344	  L	  0.2	  0.3	1.694	0.000	0.000
345	  G	  0.1	  0.3	3.212	0.000	0.000
346	  K	  0.2	  0.3	2.499	0.000	0.000
347	  Q	  1.1	  0.2	2.086	0.000	0.000
348	  L	  2.3	  0.1	1.951	0.000	0.000
349	  K	  2.8	  0.1	1.951	0.000	0.000
350	  L	  2.3	  0.0	3.458	0.000	0.000
351	  R	  1.1	  0.0	3.669	0.000	0.000
352	  A	  0.5	  0.0	6.227	0.000	0.000
353	  E	  0.1	  0.1	8.646	0.000	0.000
354	  R	  0.1	  0.1	9.501	0.000	0.000
355	  E	  0.2	  0.1	13.726	0.000	0.000
356	  E	  0.2	  0.1	17.455	0.000	0.000
357	  K	  0.3	  0.1	20.134	0.000	0.000
358	  E	  0.3	  0.1	23.576	0.000	0.000
359	  K	  0.8	  0.1	24.202	0.000	0.000
360	  L	  0.6	  0.1	25.398	0.000	0.000
361	  K	  0.7	  0.1	36.043	0.000	0.000
362	  E	  0.1	  0.1	39.578	0.000	0.000
363	  E	  0.3	  0.1	43.454	0.000	0.000
364	  A	  0.3	  0.1	44.350	0.000	0.000
365	  K	  0.4	  0.0	44.350	0.000	0.000
366	  R	  0.2	  0.0	43.468	0.000	0.000
367	  A	  0.2	  0.1	42.514	0.000	0.000
368	  K	  0.2	  0.1	41.689	0.000	0.000
369	  E	  0.1	  0.1	40.830	0.000	0.000
370	  E	  0.3	  0.1	42.014	0.000	0.000
371	  A	  0.3	  0.1	40.093	0.000	0.000
372	  K	  0.3	  0.1	38.265	0.000	0.000
373	  K	  0.1	  0.1	30.952	0.000	0.000
374	  K	  0.2	  0.1	23.778	0.000	0.000
375	  K	  0.3	  0.1	17.998	0.000	0.000
376	  E	  0.2	  0.1	14.590	0.000	0.000
377	  E	  0.2	  0.1	15.228	0.000	0.000
378	  E	  0.2	  0.1	14.586	0.000	0.000
379	  K	  0.2	  0.1	12.840	0.000	0.000
380	  E	  1.1	  0.1	9.688	0.000	0.000
381	  L	  1.1	  0.1	9.574	0.000	0.000
382	  K	  1.3	  0.1	13.369	0.000	0.000
383	  E	  0.4	  0.1	12.053	0.000	0.000
384	  K	  0.5	  0.1	11.785	0.000	0.000
385	  E	  0.4	  0.1	10.558	0.000	0.000
386	  R	  0.4	  0.1	10.142	0.000	0.000
387	  R	  0.3	  0.1	9.682	0.000	0.000
388	  E	  0.3	  0.1	7.113	0.000	0.000
389	  K	  0.4	  0.1	5.339	0.000	0.000
390	  R	  0.4	  0.2	3.833	0.000	0.000
391	  E	  0.5	  0.2	2.407	0.000	0.000
392	  K	  0.3	  0.2	2.407	0.000	0.000
393	  D	  0.2	  0.3	16.097	0.000	0.000
394	  E	  0.1	  0.3	17.576	0.000	0.000
395	  K	  0.3	  0.2	17.486	0.000	0.000
396	  E	  0.4	  0.2	17.369	0.000	0.000
397	  K	  0.6	  0.1	17.369	0.000	0.000
398	  A	  0.4	  0.1	17.824	0.000	0.000
399	  E	  0.4	  0.1	18.249	0.000	0.000
400	  K	  0.3	  0.1	16.967	0.000	0.000
401	  Q	  0.5	  0.1	14.845	0.000	0.000
402	  R	  0.6	  0.1	12.180	0.000	0.000
403	  L	  0.6	  0.1	10.931	0.000	0.000
404	  K	  0.5	  0.1	10.226	0.000	0.000
405	  E	  0.2	  0.1	9.495	0.000	0.000
406	  E	  0.3	  0.1	9.558	0.000	0.000
407	  R	  0.4	  0.1	6.641	0.000	0.000
408	  R	  0.5	  0.1	4.699	0.000	0.000
409	  K	  0.5	  0.1	4.065	0.000	0.000
410	  E	  0.6	  0.1	2.596	0.000	0.000
411	  R	  0.6	  0.1	2.363	0.000	0.000
412	  Q	  0.5	  0.1	2.405	0.000	0.000
413	  E	  0.2	  0.1	3.056	0.000	0.000
414	  A	  0.1	  0.0	8.056	0.000	0.000
415	  L	  0.2	  0.0	10.002	0.000	0.000
416	  E	  0.4	  0.0	12.061	0.000	0.000
417	  A	  0.5	  0.0	12.715	0.000	0.000
418	  K	  1.1	  0.0	20.076	0.000	0.000
419	  L	  0.9	  0.0	23.017	0.000	0.000
420	  E	  0.8	  0.1	40.276	0.000	0.000
421	  E	  0.1	  0.1	47.888	0.000	0.000
422	  K	  0.3	  0.1	47.728	0.000	0.000
423	  R	  0.3	  0.1	47.350	0.000	0.000
424	  K	  0.3	  0.1	47.596	0.000	0.000
425	  K	  0.2	  0.1	50.296	0.000	0.000
426	  E	  0.2	  0.1	50.726	0.000	0.000
427	  E	  0.1	  0.1	52.475	0.000	0.000
428	  E	  0.1	  0.1	52.926	0.000	0.000
429	  K	  0.2	  0.1	51.274	0.000	0.000
430	  R	  0.4	  0.0	48.788	0.000	0.000
431	  L	  0.3	  0.0	47.048	0.000	0.000
432	  R	  0.3	  0.0	47.208	0.000	0.000
433	  E	  0.0	  0.1	46.094	0.000	0.000
434	  E	  0.1	  0.1	42.728	0.000	0.000
435	  E	  0.1	  0.1	38.488	0.000	0.000
436	  K	  0.6	  0.0	35.406	0.000	0.000
437	  R	  1.9	  0.0	33.094	0.000	0.000
438	  I	  2.7	  0.0	29.632	0.000	0.000
439	  K	  2.4	  0.0	29.399	0.000	0.000
440	  A	  1.0	  0.0	24.293	0.000	0.000
441	  E	  0.3	  0.0	20.463	0.000	0.000
442	  K	  0.3	  0.0	8.845	0.000	0.000
443	  A	  0.4	  0.0	4.061	0.000	0.000
444	  E	  3.3	  0.0	3.008	0.000	0.000
445	  I	  6.6	  0.0	1.667	0.000	0.000
446	  T	  7.3	  0.0	1.667	0.000	0.000
447	  R	  5.5	  0.0	1.667	0.000	0.000
448	  F	  4.0	  0.0	1.457	0.000	0.000
449	  F	  6.8	  0.0	0.083	0.000	0.000
450	  Q	  5.7	  0.0	0.000	0.000	0.000
451	  K	  3.7	  0.0	0.000	0.000	0.000
452	  P	  0.1	  0.0	0.000	0.000	0.000
453	  K	  0.1	  0.0	0.000	0.000	0.000
454	  T	  0.1	  0.3	0.000	0.000	0.000
455	  P	  0.1	  0.3	0.000	0.000	0.000
456	  Q	  0.1	  0.3	0.000	0.000	0.000
457	  A	  0.0	  0.4	0.000	0.000	0.000
458	  P	  0.0	  0.2	0.000	0.000	0.000
459	  K	  0.2	  0.2	0.000	0.000	0.000
460	  T	  0.7	  0.2	0.000	0.000	0.000
461	  L	  0.7	  0.5	0.000	0.000	0.000
462	  A	  0.5	  0.7	0.000	0.000	0.000
463	  G	  0.1	  0.8	0.000	0.000	0.000
464	  S	  1.3	  1.0	0.000	0.000	0.000
465	  C	  1.6	  0.7	0.000	0.000	0.000
466	  G	  1.5	  0.4	0.000	0.000	0.000
467	  K	  1.6	  0.3	0.000	0.000	0.000
468	  F	  1.5	  0.1	0.000	0.000	0.000
469	  A	  1.5	  0.0	0.000	0.000	0.000
470	  P	  0.2	  0.0	0.000	0.000	0.000
471	  F	  6.0	  0.0	0.000	0.000	0.000
472	  E	 12.4	  0.0	0.000	0.000	0.000
473	  I	 13.1	  0.0	0.000	0.000	0.000
474	  K	  8.2	  0.1	0.000	0.000	0.000
475	  E	  0.9	  0.1	0.000	0.000	0.000
476	  H	  1.1	  0.1	0.000	0.000	0.000
477	  M	  3.5	  0.1	0.000	0.000	0.000
478	  V	  6.1	  0.0	0.000	0.000	0.000
479	  L	  5.3	  0.0	0.000	0.000	0.000
480	  A	  2.8	  0.2	0.000	0.000	0.000
481	  P	  0.0	  0.2	0.000	0.000	0.000
482	  R	  0.4	  0.2	0.000	0.000	0.000
483	  R	  0.7	  0.3	0.000	0.000	0.000
484	  R	  0.8	  0.1	0.000	0.000	0.000
485	  T	  1.3	  0.1	0.000	0.000	0.000
486	  A	  1.9	  0.1	0.000	0.000	0.000
487	  F	  1.9	  0.0	0.000	0.000	0.000
488	  H	  1.1	  1.9	0.000	0.000	0.000
489	  P	  0.2	  2.0	0.000	0.000	0.000
490	  D	  0.1	  2.0	0.432	0.000	0.000
491	  L	  0.6	  2.0	0.432	0.000	0.000
492	  C	  2.4	  0.2	0.752	0.000	0.000
493	  S	  2.5	  0.2	2.423	0.000	0.000
494	  Q	  2.7	  0.2	2.582	0.000	0.000
495	  L	  1.0	  0.2	2.582	0.000	0.000
496	  D	  0.9	  0.1	3.225	0.000	0.000
497	  Q	  0.7	  0.1	3.225	0.000	0.000
498	  L	  0.8	  0.1	3.225	0.000	0.000
499	  L	  0.9	  0.1	3.225	0.000	0.000
500	  Q	  0.6	  0.1	3.225	0.000	0.000
501	  Q	  0.6	  0.3	2.501	0.000	0.000
502	  Q	  0.5	  0.4	0.768	0.000	0.000
503	  S	  0.2	  0.7	0.000	0.000	0.000
504	  G	  0.1	  0.7	0.000	0.000	0.000
505	  E	  1.5	  0.5	0.000	0.000	0.000
506	  F	  8.0	  0.3	0.000	0.162	0.162
507	  S	  8.5	  0.0	0.183	0.162	0.162
508	  F	  7.9	  0.0	0.183	0.162	0.162
509	  L	  1.5	  0.2	0.183	0.162	0.162
510	  K	  1.0	  0.2	0.183	0.162	0.162
511	  D	  0.4	  0.4	0.183	0.162	0.162
512	  L	  0.3	  1.2	0.183	0.162	0.162
513	  K	  0.3	  1.0	0.183	0.000	0.000
514	  G	  0.1	  1.0	0.000	0.000	0.000
515	  R	  0.2	  0.8	0.000	0.000	0.000
516	  Q	  0.2	  0.1	0.000	0.000	0.000
517	  P	  0.1	  0.0	0.000	0.000	0.000
518	  L	  0.6	  0.2	0.000	0.000	0.000
519	  R	  0.7	  0.2	0.000	0.000	0.000
520	  S	  0.7	  0.6	0.000	0.000	0.000
521	  G	  0.1	  0.9	0.000	0.000	0.000
522	  P	  0.0	  0.7	0.000	0.000	0.000
523	  T	  1.8	  0.7	0.000	0.000	0.000
524	  H	  3.5	  0.4	0.000	0.000	0.000
525	  V	  4.5	  0.1	0.000	0.000	0.000
526	  S	  3.3	  0.1	0.000	0.000	0.000
527	  T	  1.9	  0.3	0.000	0.000	0.000
528	  R	  1.0	  0.3	0.000	0.000	0.000
529	  N	  0.3	  1.4	0.000	0.000	0.000
530	  A	  0.2	  1.4	0.000	0.000	0.000
531	  D	  1.4	  1.2	0.000	0.000	0.000
532	  I	  1.7	  1.2	0.000	0.000	0.000
533	  F	  2.9	  0.1	0.000	0.000	0.000
534	  N	  1.6	  0.8	0.000	0.000	0.000
535	  S	  1.3	  0.8	0.000	0.000	0.000
536	  D	  1.0	  0.8	0.000	0.000	0.000
537	  V	  7.9	  0.8	0.000	2.639	2.639
538	  V	 21.4	  0.0	0.000	2.845	2.845
539	  I	 22.9	  0.0	0.000	2.845	2.845
540	  V	 17.8	  0.1	0.000	2.845	2.845
541	  E	  3.9	  0.2	0.000	2.845	2.845
542	  R	  1.3	  0.3	0.000	2.845	2.845
543	  G	  0.0	  0.8	0.000	0.217	0.217
544	  K	  0.0	  3.2	0.000	0.000	0.000
545	  G	  0.0	  3.3	0.000	0.000	0.000
546	  D	  0.0	  3.3	0.000	0.000	0.000
547	  G	  0.0	  2.7	0.000	0.000	0.000
548	  V	  0.0	  0.3	0.313	0.000	0.000
549	  P	  0.0	  0.1	0.711	0.000	0.000
550	  E	  0.2	  0.1	0.711	0.000	0.000
551	  R	  0.4	  0.1	0.711	0.000	0.000
552	  R	  0.9	  0.1	0.711	0.000	0.000
553	  K	  1.0	  0.2	0.711	0.000	0.000
554	  F	  0.9	  1.9	0.585	0.000	0.000
555	  G	  0.4	  1.8	1.301	0.000	0.000
556	  R	  0.5	  1.8	1.301	0.000	0.000
557	  M	  2.0	  1.7	1.301	0.000	0.000
558	  K	  2.3	  0.0	1.301	0.000	0.000
559	  L	  2.1	  0.0	1.301	0.492	0.492
560	  L	  2.0	  0.0	1.301	0.492	0.492
561	  Q	  3.8	  0.0	1.095	0.492	0.492
562	  F	  7.0	  0.0	0.636	0.492	0.492
563	  C	  6.1	  0.5	0.286	0.492	0.492
564	  E	  4.2	  0.5	0.286	0.000	0.000
565	  N	  1.3	  0.5	0.286	0.000	0.000
566	  H	  0.7	  0.5	0.172	0.000	0.000
567	  R	  0.5	  0.0	0.000	0.000	0.000
568	  P	  0.1	  0.0	0.000	0.000	0.000
569	  A	  0.3	  0.0	0.000	0.000	0.000
570	  Y	  0.9	  0.0	0.000	0.157	0.157
571	  W	  1.0	  0.0	0.000	0.157	0.157
572	  G	  0.8	  0.0	0.000	0.157	0.157
573	  T	  6.5	  0.0	0.000	0.157	0.157
574	  W	  6.9	  0.0	0.000	0.157	0.157
575	  N	  6.8	  0.1	3.949	0.000	0.000
576	  K	  0.6	  0.2	3.949	0.000	0.000
577	  K	  0.6	  0.2	3.949	0.000	0.000
578	  T	  1.0	  0.1	3.949	0.000	0.000
579	  A	  1.1	  0.1	3.949	0.000	0.000
580	  L	  0.9	  0.0	3.949	0.000	0.000
581	  I	  1.8	  0.0	2.899	0.000	0.000
582	  R	  1.7	  0.0	2.899	0.000	0.000
583	  A	  1.6	  0.0	1.471	0.000	0.000
584	  R	  0.2	  0.0	0.940	0.000	0.000
585	  D	  0.1	  0.4	0.115	0.000	0.000
586	  P	  0.0	  0.4	0.000	0.000	0.000
587	  W	  0.3	  0.4	0.000	0.000	0.000
588	  A	  0.4	  0.6	0.000	0.000	0.000
589	  Q	  0.5	  0.2	0.000	0.000	0.000
590	  D	  0.5	  0.2	0.114	0.000	0.000
591	  T	  1.3	  0.3	0.114	0.000	0.000
592	  K	  1.4	  0.1	0.114	0.000	0.000
593	  L	  1.5	  0.3	0.114	0.000	0.000
594	  L	  1.7	  0.3	0.114	0.000	0.000
595	  D	  2.8	  0.2	0.114	0.000	0.000
596	  Y	 11.0	  0.2	0.114	0.000	0.000
597	  E	 14.4	  0.0	0.000	0.000	0.000
598	  V	 14.0	  0.1	0.000	0.000	0.000
599	  D	  6.1	  2.7	0.000	0.000	0.000
600	  S	  1.0	  2.7	0.000	0.000	0.000
601	  D	  0.0	  2.7	0.000	0.000	0.000
602	  E	  0.0	  2.6	0.000	0.000	0.000
603	  E	  0.7	  0.0	0.000	0.000	0.000
604	  W	  1.1	  0.1	0.000	0.000	0.000
605	  E	  1.0	  0.1	0.000	0.000	0.000
606	  E	  0.4	  0.1	0.000	0.000	0.000
607	  E	  0.0	  0.1	0.000	0.000	0.000
608	  E	  0.0	  0.9	0.000	0.000	0.000
609	  P	  0.0	  1.0	0.000	0.000	0.000
610	  G	  0.0	  1.1	0.000	0.000	0.000
611	  E	  0.0	  1.2	0.000	0.000	0.000
612	  S	  5.7	  0.7	0.000	0.000	0.000
613	  L	  6.4	  0.6	0.000	0.000	0.000
614	  S	  7.7	  0.6	0.000	0.000	0.000
615	  H	  2.2	  0.9	0.000	0.000	0.000
616	  S	  1.4	  1.2	0.000	0.000	0.000
617	  E	  0.0	  2.9	0.000	0.000	0.000
618	  G	  0.0	  3.0	0.000	0.000	0.000
619	  D	  0.0	  5.5	0.000	0.000	0.000
620	  D	  0.0	  7.7	0.000	0.000	0.000
621	  D	  0.0	  6.9	0.000	0.000	0.000
622	  D	  0.0	  6.7	0.000	0.000	0.000
623	  D	  0.0	  4.3	0.000	0.000	0.000
624	  M	  0.0	  1.6	0.000	0.000	0.000
625	  G	  0.0	  1.0	0.000	0.000	0.000
626	  E	  0.0	  0.9	0.000	0.000	0.000
627	  D	  0.0	  3.7	0.000	0.000	0.000
628	  E	  0.0	  3.7	0.000	0.000	0.000
629	  D	  0.0	  8.0	0.000	0.000	0.000
630	  E	  0.0	  8.3	0.000	0.000	0.000
631	  D	  0.0	  5.4	0.000	0.000	0.000
632	  D	  0.0	  5.4	0.000	0.000	0.000
633	  G	  0.1	  0.7	0.000	0.000	0.000
634	  F	  2.4	  0.3	0.000	0.000	0.000
635	  F	  2.6	  0.0	0.000	0.000	0.000
636	  V	  2.5	  0.3	0.000	0.000	0.000
637	  P	  0.2	  0.5	0.000	0.000	0.000
638	  H	  0.1	  0.6	0.000	0.000	0.000
639	  G	  0.1	  0.6	0.000	0.000	0.000
640	  Y	  1.1	  0.2	0.000	0.000	0.000
641	  L	  1.1	  0.1	0.000	0.000	0.000
642	  S	  1.1	  1.9	0.000	0.000	0.000
643	  E	  0.1	  2.0	0.000	0.000	0.000
644	  D	  0.1	  2.5	0.000	0.000	0.000
645	  E	  0.0	  2.4	0.000	0.000	0.000
646	  G	  0.1	  0.6	0.000	0.000	0.000
647	  V	  0.9	  0.5	0.000	0.000	0.000
648	  T	  0.9	  0.2	0.000	0.000	0.000
649	  E	  0.9	  0.2	0.000	0.000	0.000
650	  E	  0.3	  0.2	0.000	0.000	0.000
651	  C	  0.7	  0.1	0.000	0.000	0.000
652	  A	  0.7	  0.0	0.000	0.000	0.000
653	  D	  0.5	  0.7	0.382	0.000	0.000
654	  P	  0.0	  1.1	0.382	0.000	0.000
655	  E	  0.1	  1.1	0.382	0.000	0.000
656	  N	  0.3	  1.1	0.707	0.000	0.000
657	  H	  1.4	  0.4	0.707	0.000	0.000
658	  K	  3.0	  0.0	0.707	0.000	0.000
659	  V	  5.4	  0.0	0.444	0.000	0.000
660	  R	  4.5	  0.1	0.444	0.000	0.000
661	  Q	  3.1	  0.1	0.325	0.000	0.000
662	  K	  1.7	  0.1	0.163	0.000	0.000
663	  L	  1.7	  0.1	0.000	0.000	0.000
664	  K	  1.7	  0.1	0.000	0.000	0.000
665	  A	  0.6	  0.0	0.000	0.000	0.000
666	  K	  0.4	  0.0	0.000	0.000	0.000
667	  E	  1.5	  0.0	0.000	0.000	0.000
668	  W	  1.6	  0.0	0.517	0.000	0.000
669	  D	  1.5	  0.0	5.452	0.000	0.000
670	  E	  0.3	  0.0	6.068	0.000	0.000
671	  F	  0.8	  0.0	6.247	0.000	0.000
672	  L	  0.8	  0.2	6.247	0.000	0.000
673	  A	  0.7	  0.8	6.247	0.000	0.000
674	  K	  0.1	  0.9	6.247	0.000	0.000
675	  G	  0.1	  0.9	4.230	0.000	0.000
676	  K	  0.2	  0.8	2.246	0.000	0.000
677	  R	  1.3	  0.1	0.295	0.000	0.000
678	  F	  5.2	  0.1	0.000	0.000	0.000
679	  R	  6.6	  0.0	0.000	0.000	0.000
680	  V	 10.2	  0.0	0.000	0.000	0.000
681	  L	  6.4	  0.0	0.000	0.000	0.000
682	  Q	  4.7	  0.0	0.000	0.000	0.000
683	  P	  0.1	  0.0	0.000	0.000	0.000
684	  V	  7.3	  0.0	0.000	0.000	0.000
685	  K	  7.5	  0.2	0.000	0.000	0.000
686	  I	  7.7	  0.3	0.000	7.976	7.976
687	  G	  0.4	  0.3	0.000	8.624	8.624
688	  C	  0.8	  0.3	0.000	13.279	13.279
689	  V	  2.1	  0.2	0.000	13.279	13.279
690	  W	  2.5	  0.0	0.147	13.279	13.279
691	  A	  1.9	  0.3	0.147	12.390	12.390
692	  A	  0.5	  0.4	0.147	6.481	6.481
693	  D	  0.0	  4.4	0.147	0.000	0.000
694	  R	  0.0	  4.4	0.147	0.000	0.000
695	  D	  0.1	  4.1	0.147	0.000	0.000
696	  C	  0.3	  4.7	0.000	0.000	0.000
697	  A	  0.3	  1.8	0.000	0.000	0.000
698	  G	  0.2	  2.0	0.193	0.000	0.000
699	  D	  0.0	  2.0	1.591	0.000	0.000
700	  D	  0.2	  1.4	3.524	0.000	0.000
701	  L	  1.8	  0.3	3.524	0.000	0.000
702	  K	  2.7	  0.1	3.524	0.000	0.000
703	  V	  4.9	  0.0	3.524	2.217	2.217
704	  L	  3.4	  0.1	3.524	2.377	2.377
705	  Q	  3.7	  0.1	3.317	2.377	2.377
706	  Q	  1.7	  0.1	2.631	2.377	2.377
707	  F	  2.3	  0.1	0.691	5.407	5.407
708	  A	  1.2	  0.0	0.000	5.618	5.618
709	  A	  1.0	  0.0	0.000	5.618	5.618
710	  C	  2.1	  0.0	0.000	5.618	5.618
711	  F	  2.7	  0.0	0.000	5.618	5.618
712	  L	  2.5	  0.1	0.000	4.805	4.805
713	  E	  0.8	  0.1	0.000	0.000	0.000
714	  T	  0.4	  0.1	0.000	0.000	0.000
715	  L	  0.3	  0.1	0.000	0.000	0.000
716	  P	  0.3	  0.0	0.000	0.000	0.000
717	  A	  0.0	  0.0	0.000	0.000	0.000
718	  Q	  0.1	  0.1	0.000	0.000	0.000
719	  E	  0.1	  0.1	0.000	0.000	0.000
720	  E	  0.2	  0.1	0.000	0.000	0.000
721	  Q	  0.2	  0.1	0.000	0.000	0.000
722	  T	  0.2	  0.3	0.359	0.000	0.000
723	  P	  0.1	  0.2	0.359	0.000	0.000
724	  K	  0.2	  0.4	0.359	0.000	0.000
725	  A	  0.4	  0.4	0.359	0.000	0.000
726	  S	  1.2	  0.3	0.525	0.000	0.000
727	  K	  1.3	  0.3	0.525	0.000	0.000
728	  R	  1.2	  0.2	0.166	0.000	0.000
729	  E	  0.5	  0.2	0.166	0.000	0.000
730	  R	  0.8	  0.4	0.462	0.000	0.000
731	  R	  0.8	  0.4	1.041	0.000	0.000
732	  D	  0.6	  0.4	3.695	0.000	0.000
733	  E	  0.0	  0.4	4.216	0.000	0.000
734	  Q	  0.9	  0.1	4.430	0.000	0.000
735	  I	  1.8	  0.1	4.638	0.250	0.250
736	  L	  1.8	  0.0	4.638	0.250	0.250
737	  A	  1.2	  0.0	4.638	0.250	0.250
738	  Q	  1.5	  0.0	4.638	0.250	0.250
739	  L	  1.5	  0.0	3.216	0.250	0.250
740	  L	  1.3	  0.0	2.966	0.000	0.000
741	  P	  0.1	  0.0	0.000	0.000	0.000
742	  L	  0.5	  0.0	0.000	0.000	0.000
743	  L	  0.6	  0.2	0.000	0.000	0.000
744	  H	  0.7	  0.7	0.000	0.000	0.000
745	  G	  0.2	  0.7	0.000	0.000	0.000
746	  N	  1.6	  1.9	0.000	0.000	0.000
747	  V	  1.9	  2.9	0.000	0.000	0.000
748	  N	  1.9	  2.8	0.000	0.000	0.000
749	  G	  0.3	  2.8	0.000	0.000	0.000
750	  S	  0.4	  1.6	0.000	0.000	0.000
751	  K	  2.6	  0.3	0.000	0.000	0.000
752	  V	  9.6	  0.1	0.000	2.410	2.410
753	  I	 13.2	  0.0	0.000	2.618	2.618
754	  I	 11.3	  0.0	0.000	2.618	2.618
755	  R	  4.6	  0.0	0.000	2.618	2.618
756	  E	  1.8	  0.0	0.000	2.618	2.618
757	  F	  2.5	  0.1	0.000	2.618	2.618
758	  Q	  2.4	  0.1	0.000	0.000	0.000
759	  E	  1.5	  0.1	0.000	0.000	0.000
760	  H	  1.5	  0.1	0.000	0.000	0.000
761	  C	  2.6	  0.3	0.000	0.000	0.000
762	  R	  2.4	  0.3	0.000	0.000	0.000
763	  R	  1.4	  0.3	0.000	0.000	0.000
764	  G	  0.2	  0.3	0.000	0.000	0.000
765	  L	  0.5	  0.1	0.000	0.000	0.000
766	  L	  0.5	  0.2	0.000	0.000	0.000
767	  S	  0.5	  0.2	0.000	0.000	0.000
768	  N	  0.2	  0.4	0.000	0.000	0.000
769	  H	  0.3	  0.7	0.000	0.000	0.000
770	  T	  0.6	  0.5	0.000	0.000	0.000
771	  G	  0.5	  0.4	0.000	0.000	0.000
772	  S	  0.3	  0.6	0.000	0.000	0.000
773	  P	  0.0	  0.3	0.000	0.000	0.000
774	  R	  0.1	  0.3	0.000	0.000	0.000
775	  S	  0.1	  2.3	0.000	0.000	0.000
776	  P	  0.1	  2.1	0.000	0.000	0.000
777	  S	  0.8	  2.1	0.000	0.000	0.000
778	  T	  4.3	  2.1	0.000	0.000	0.000
779	  T	  7.7	  0.1	0.000	0.000	0.000
780	  Y	  7.6	  0.0	0.000	0.000	0.000
781	  L	  4.4	  0.0	0.000	0.000	0.000
782	  H	  1.2	  0.0	0.000	0.000	0.000
783	  T	  0.5	  0.0	0.000	0.000	0.000
784	  P	  0.2	  0.0	0.000	0.000	0.000
785	  T	  0.1	  0.4	0.000	0.000	0.000
786	  P	  0.0	  0.5	0.000	0.000	0.000
787	  S	  0.1	  2.8	0.000	0.000	0.000
788	  E	  0.1	  2.9	0.000	0.000	0.000
789	  D	  0.1	  2.4	0.000	0.000	0.000
790	  A	  0.3	  2.4	0.000	0.000	0.000
791	  A	  0.4	  0.0	0.000	0.000	0.000
792	  I	  0.4	  0.2	0.000	0.000	0.000
793	  P	  0.1	  0.3	0.000	0.000	0.000
794	  S	  2.5	  1.1	0.143	0.000	0.000
795	  K	  2.7	  1.1	0.143	0.000	0.000
796	  S	  2.7	  1.0	0.143	0.000	0.000
797	  R	  0.6	  0.9	0.143	0.000	0.000
798	  L	  0.5	  0.1	0.143	0.000	0.000
799	  K	  0.6	  0.1	0.143	0.000	0.000
800	  R	  0.9	  0.1	0.000	0.000	0.000
801	  L	  1.3	  0.1	0.000	0.000	0.000
802	  I	  1.3	  0.1	0.000	0.000	0.000
803	  S	  0.8	  1.7	0.000	0.000	0.000
804	  E	  0.3	  1.7	0.000	0.000	0.000
805	  N	  0.4	  1.7	0.000	0.000	0.000
806	  S	  1.3	  1.7	0.266	0.000	0.000
807	  V	  4.5	  0.0	0.266	0.000	0.000
808	  Y	  6.3	  0.1	0.266	0.000	0.000
809	  E	  5.6	  0.1	0.266	0.000	0.000
810	  K	  2.4	  0.1	0.266	0.000	0.000
811	  R	  0.4	  1.8	0.266	0.000	0.000
812	  P	  0.1	  1.8	0.000	0.000	0.000
813	  D	  1.2	  1.8	0.446	0.000	0.000
814	  F	  3.3	  1.8	0.446	0.000	0.000
815	  R	  3.3	  0.0	0.446	0.000	0.000
816	  M	  3.2	  0.0	0.446	3.850	3.850
817	  C	  1.8	  0.0	0.446	3.850	3.850
818	  W	  2.6	  0.0	0.446	3.850	3.850
819	  Y	  4.0	  0.0	0.446	3.850	3.850
820	  V	  3.6	  0.0	0.174	3.850	3.850
821	  H	  2.8	  0.4	0.174	0.000	0.000
822	  P	  0.4	  0.4	0.000	0.000	0.000
823	  Q	  0.5	  0.4	0.000	0.000	0.000
824	  V	  2.9	  0.4	0.000	0.255	0.255
825	  L	  3.2	  0.2	0.000	0.255	0.255
826	  Q	  3.6	  0.2	0.000	0.255	0.255
827	  S	  4.4	  0.2	0.000	0.255	0.255
828	  F	  6.0	  0.2	0.000	0.255	0.255
829	  Q	  5.4	  0.1	0.000	0.000	0.000
830	  Q	  2.3	  0.1	0.000	0.000	0.000
831	  E	  0.5	  0.1	0.000	0.000	0.000
832	  H	  0.3	  0.1	0.000	0.000	0.000
833	  L	  0.3	  0.1	0.000	0.000	0.000
834	  P	  0.2	  0.0	0.000	0.000	0.000
835	  V	  0.1	  0.0	0.000	0.000	0.000
836	  P	  0.0	  0.0	0.000	0.000	0.000
837	  C	  0.9	  0.0	0.000	0.000	0.000
838	  Q	  2.6	  0.0	0.000	0.000	0.000
839	  W	  6.4	  0.0	0.000	1.806	1.806
840	  S	  6.4	  0.0	0.000	1.806	1.806
841	  Y	  5.5	  0.0	0.000	1.806	1.806
842	  V	  4.5	  0.0	0.000	1.806	1.806
843	  T	  5.0	  0.0	0.000	1.806	1.806
844	  S	  4.4	  0.0	0.000	0.199	0.199
845	  V	  1.7	  0.2	0.000	0.000	0.000
846	  P	  0.2	  0.2	0.000	0.000	0.000
847	  S	  0.1	  0.2	0.000	0.000	0.000
848	  A	  0.1	  0.4	0.000	0.000	0.000
849	  P	  0.1	  0.2	0.000	0.000	0.000
850	  K	  0.1	  0.7	0.000	0.000	0.000
851	  E	  0.1	  0.9	0.000	0.000	0.000
852	  D	  0.1	  1.7	0.000	0.000	0.000
853	  S	  0.3	  1.9	0.000	0.000	0.000
854	  G	  0.3	  1.4	0.000	0.000	0.000
855	  S	  0.5	  1.2	0.000	0.000	0.000
856	  V	  0.2	  0.4	0.000	0.000	0.000
857	  P	  0.2	  0.5	0.000	0.000	0.000
858	  S	  0.1	  0.5	0.000	0.000	0.000
859	  T	  0.1	  0.6	0.000	0.000	0.000
860	  G	  0.1	  0.9	0.000	0.000	0.000
861	  P	  0.0	  0.9	0.000	0.000	0.000
862	  S	  0.0	  1.2	0.000	0.000	0.000
863	  Q	  0.0	  1.0	0.000	0.000	0.000
864	  G	  0.0	  0.5	0.000	0.000	0.000
865	  T	  0.0	  0.3	0.421	0.000	0.000
866	  P	  0.0	  0.0	0.421	0.000	0.000
867	  I	  3.8	  0.0	0.421	0.000	0.000
868	  S	  4.4	  0.0	0.802	0.000	0.000
869	  L	  4.5	  0.1	0.802	0.000	0.000
870	  K	  1.1	  0.1	0.802	0.000	0.000
871	  R	  0.7	  0.2	0.504	0.000	0.000
872	  K	  1.0	  0.3	0.381	0.000	0.000
873	  S	  0.7	  1.0	0.381	0.000	0.000
874	  A	  0.5	  1.5	0.000	0.000	0.000
875	  G	  0.1	  1.4	0.000	0.000	0.000
876	  S	  0.7	  1.3	0.409	0.000	0.000
877	  M	  2.5	  0.6	0.409	0.000	0.000
878	  C	  3.7	  0.0	1.173	0.000	0.000
879	  I	  7.3	  0.0	1.173	0.000	0.000
880	  T	  7.7	  0.0	1.684	0.000	0.000
881	  Q	  7.6	  0.0	1.684	0.000	0.000
882	  F	  4.4	  0.0	1.684	0.000	0.000
883	  M	  2.1	  0.0	1.684	0.000	0.000
884	  K	  1.1	  0.1	1.684	0.000	0.000
885	  K	  0.5	  0.1	1.231	0.000	0.000
886	  R	  0.8	  0.2	0.525	0.000	0.000
887	  R	  1.8	  0.5	0.000	0.000	0.000
888	  H	  1.5	  1.2	0.000	0.000	0.000
889	  D	  1.1	  1.2	0.000	0.000	0.000
890	  G	  0.1	  1.2	0.000	0.000	0.000
891	  Q	  0.1	  0.8	0.000	0.000	0.000
892	  I	  0.2	  0.2	0.000	0.000	0.000
893	  G	  0.2	  0.3	0.000	0.000	0.000
894	  A	  0.1	  0.6	0.000	0.000	0.000
895	  E	  0.0	  0.6	0.000	0.000	0.000
896	  D	  0.2	  5.9	0.000	0.000	0.000
897	  M	  0.2	  6.2	0.000	0.000	0.000
898	  D	  0.2	  6.0	0.000	0.000	0.000
899	  G	  0.1	  6.0	0.000	0.000	0.000
900	  F	  2.5	  0.5	0.000	0.000	0.000
901	  Q	  2.6	  0.2	0.000	0.000	0.000
902	  A	  2.5	  0.3	0.000	0.000	0.000
903	  D	  0.2	  0.3	0.000	0.000	0.000
904	  T	  0.2	  0.3	0.000	0.000	0.000
905	  E	  0.2	  0.2	0.000	0.000	0.000
906	  E	  0.1	  0.2	0.000	0.000	0.000
907	  E	  0.0	  0.2	0.000	0.000	0.000
908	  E	  0.0	  0.1	0.000	0.000	0.000
909	  E	  0.0	  0.2	0.000	0.000	0.000
910	  E	  0.0	  0.4	0.000	0.000	0.000
911	  E	  0.0	  1.5	0.000	0.000	0.000
912	  G	  0.0	  1.5	0.000	0.000	0.000
913	  D	  0.0	  1.4	0.000	0.000	0.000
914	  C	  1.1	  1.1	0.000	0.000	0.000
915	  M	  2.8	  0.0	0.000	0.000	0.000
916	  I	  3.6	  0.0	0.000	0.000	0.000
917	  V	 15.6	  0.0	0.000	0.000	0.000
918	  D	 14.0	  0.0	0.000	0.000	0.000
919	  V	 13.2	  0.4	0.000	0.000	0.000
920	  P	  0.1	  0.4	0.000	0.000	0.000
921	  D	  0.0	  0.4	0.245	0.000	0.000
922	  A	  0.0	  0.4	0.245	0.000	0.000
923	  A	  0.3	  0.0	0.245	0.000	0.000
924	  E	  3.1	  0.0	0.245	0.000	0.000
925	  V	  5.9	  0.0	0.245	0.000	0.000
926	  Q	  5.7	  0.0	0.245	0.000	0.000
927	  A	  2.9	  0.4	0.000	0.000	0.000
928	  P	  0.0	  0.4	0.000	0.000	0.000
929	  C	  0.4	  0.4	0.000	0.000	0.000
930	  G	  0.5	  0.4	0.000	0.000	0.000
931	  A	  0.6	  0.6	0.000	0.000	0.000
932	  A	  0.2	  0.8	0.000	0.000	0.000
933	  S	  0.2	  1.4	0.000	0.000	0.000
934	  G	  0.1	  1.7	0.000	0.000	0.000
935	  A	  0.0	  1.4	0.000	0.000	0.000
936	  G	  0.0	  1.6	0.000	0.000	0.000
937	  G	  0.0	  1.0	0.000	0.000	0.000
938	  G	  0.0	  0.7	0.000	0.000	0.000
939	  V	  0.4	  0.6	0.000	0.000	0.000
940	  G	  0.5	  0.2	0.177	0.000	0.000
941	  V	  1.4	  0.3	0.177	0.000	0.000
942	  D	  1.0	  0.6	0.177	0.000	0.000
943	  T	  1.0	  0.7	0.177	0.000	0.000
944	  G	  0.2	  0.7	0.325	0.000	0.000
945	  K	  0.7	  0.6	0.325	0.000	0.000
946	  A	  1.0	  0.1	0.148	0.000	0.000
947	  T	  3.7	  0.0	0.148	0.000	0.000
948	  L	  4.1	  0.0	0.148	0.000	0.000
949	  T	  8.6	  0.0	0.148	0.000	0.000
950	  A	  5.9	  0.0	0.148	0.000	0.000
951	  S	  5.1	  0.7	0.148	0.000	0.000
952	  P	  0.0	  0.8	0.000	0.000	0.000
953	  L	  0.0	  0.9	0.000	0.000	0.000
954	  G	  0.0	  0.9	0.000	0.000	0.000
955	  A	  0.0	  0.3	0.000	0.000	0.000
956	  S	  0.0	  0.2	0.000	0.000	0.000
