res	aa	Beta	Turn	Helix	Aggregation	Conc-Stab_Aggregation
01	  M	  0.1	  0.0	0.000	0.000	0.000
02	  M	  0.1	  0.0	0.000	0.000	0.000
03	  P	  0.1	  0.0	0.000	0.000	0.000
04	  T	  0.0	  0.0	0.186	0.000	0.000
05	  P	  0.0	  0.0	0.186	7.578	7.578
06	  V	  7.8	  0.0	0.186	8.146	8.146
07	  I	 10.7	  0.0	0.186	8.146	8.146
08	  L	 10.9	  0.0	0.186	8.146	8.146
09	  L	  3.5	  0.1	0.186	8.146	8.146
10	  K	  0.3	  0.3	0.186	0.568	0.568
11	  E	  0.1	  0.6	0.000	0.568	0.568
12	  G	  0.0	  0.7	0.000	0.000	0.000
13	  T	  0.6	  0.7	0.000	0.000	0.000
14	  D	  0.7	  1.9	0.000	0.000	0.000
15	  S	  0.8	  1.9	0.000	0.000	0.000
16	  S	  0.3	  2.1	0.000	0.000	0.000
17	  Q	  0.2	  2.0	0.000	0.000	0.000
18	  G	  0.1	  0.6	0.000	0.000	0.000
19	  I	  0.0	  0.3	0.000	0.000	0.000
20	  P	  0.0	  0.0	0.000	0.000	0.000
21	  Q	  0.8	  0.0	0.000	0.000	0.000
22	  L	  1.6	  0.0	0.000	0.219	0.219
23	  V	  1.9	  0.1	0.000	0.219	0.219
24	  S	  1.1	  0.1	0.000	0.219	0.219
25	  N	  1.6	  0.3	0.000	0.219	0.219
26	  I	  2.9	  0.3	0.000	0.219	0.219
27	  S	  3.1	  0.3	0.000	0.000	0.000
28	  A	  2.0	  0.3	0.000	0.000	0.000
29	  C	  1.5	  0.0	0.000	0.000	0.000
30	  Q	  1.5	  0.0	0.000	0.000	0.000
31	  V	  5.7	  0.0	0.000	0.000	0.000
32	  I	  5.0	  0.0	0.000	0.000	0.000
33	  A	  4.7	  0.0	0.000	0.000	0.000
34	  E	  0.4	  0.0	0.000	0.000	0.000
35	  A	  0.6	  0.0	0.000	0.000	0.000
36	  V	  1.3	  0.0	0.000	0.000	0.000
37	  R	  1.6	  0.0	0.000	0.000	0.000
38	  T	  1.9	  0.1	0.000	0.000	0.000
39	  T	  1.3	  0.1	0.000	0.000	0.000
40	  L	  1.0	  0.1	0.000	0.000	0.000
41	  G	  0.1	  0.9	0.000	0.000	0.000
42	  P	  0.0	  1.1	0.000	0.000	0.000
43	  R	  0.1	  1.1	0.000	0.000	0.000
44	  G	  0.2	  1.2	0.000	0.000	0.000
45	  M	  0.3	  0.5	0.000	0.222	0.222
46	  D	  0.2	  0.3	0.155	0.222	0.222
47	  K	  0.7	  0.3	0.155	0.418	0.418
48	  L	  2.1	  0.1	0.155	0.418	0.418
49	  I	  3.1	  0.1	0.155	0.418	0.418
50	  V	  2.7	  1.1	0.155	0.418	0.418
51	  D	  1.2	  1.4	0.155	0.196	0.196
52	  G	  0.2	  1.7	0.000	0.000	0.000
53	  R	  0.0	  1.7	0.000	0.000	0.000
54	  G	  0.1	  0.7	0.109	0.000	0.000
55	  K	  0.5	  0.3	0.109	0.000	0.000
56	  A	  1.3	  0.0	0.109	0.000	0.000
57	  T	 14.4	  0.0	0.109	0.000	0.000
58	  I	 14.0	  0.1	0.109	0.000	0.000
59	  S	 13.2	  1.4	0.109	0.000	0.000
60	  N	  0.1	  1.9	0.000	0.000	0.000
61	  D	  0.0	  2.1	0.658	0.000	0.000
62	  G	  0.0	  2.0	0.947	0.570	0.570
63	  A	  0.8	  0.7	0.947	3.817	3.817
64	  T	  3.5	  0.3	1.746	14.350	14.350
65	  I	  4.3	  0.0	1.746	32.356	32.356
66	  L	  4.8	  0.0	1.746	33.999	33.999
67	  K	  2.4	  0.0	1.590	33.976	33.976
68	  L	  1.9	  0.0	1.470	33.976	33.976
69	  L	  2.6	  0.0	1.470	33.976	33.976
70	  D	  3.4	  0.0	1.314	33.976	33.976
71	  V	 11.2	  0.0	0.739	33.857	33.857
72	  V	  9.5	  0.0	0.739	31.249	31.249
73	  H	  8.4	  0.2	0.739	0.000	0.000
74	  P	  0.3	  0.2	0.000	0.000	0.000
75	  A	  0.1	  0.2	0.000	0.000	0.000
76	  A	  0.1	  0.3	0.000	0.000	0.000
77	  K	  0.4	  0.1	0.000	0.000	0.000
78	  T	  1.5	  0.1	2.190	0.000	0.000
79	  L	  2.0	  0.1	2.190	0.000	0.000
80	  V	  6.4	  0.0	2.318	0.000	0.000
81	  D	  5.4	  0.0	2.591	0.000	0.000
82	  I	  5.3	  0.0	2.591	0.000	0.000
83	  A	  0.8	  0.1	2.591	0.000	0.000
84	  K	  0.9	  0.2	2.264	0.000	0.000
85	  S	  1.0	  1.6	1.193	0.000	0.000
86	  Q	  0.9	  1.6	0.554	0.000	0.000
87	  D	  0.7	  1.5	0.000	0.000	0.000
88	  A	  0.3	  1.5	0.000	0.000	0.000
89	  E	  0.4	  0.0	0.000	0.000	0.000
90	  V	  0.4	  2.6	0.000	0.000	0.000
91	  G	  0.2	  2.8	0.000	0.000	0.000
92	  D	  0.1	  3.1	0.000	0.000	0.000
93	  G	  0.0	  3.1	0.000	0.000	0.000
94	  T	  2.7	  0.5	0.000	0.179	0.179
95	  T	  3.5	  0.3	0.000	1.622	1.622
96	  S	  7.0	  0.1	0.108	4.017	4.017
97	  V	 11.3	  0.0	0.108	12.145	12.145
98	  T	 11.2	  0.0	1.602	12.517	12.517
99	  L	  7.9	  0.0	1.602	12.714	12.714
100	  L	  1.1	  0.0	1.894	12.564	12.564
101	  A	  0.3	  0.0	2.300	10.144	10.144
102	  A	  0.2	  0.0	2.300	5.920	5.920
103	  E	  0.2	  0.0	2.300	2.093	2.093
104	  F	  1.0	  0.0	1.888	2.093	2.093
105	  L	  1.0	  0.0	1.614	2.093	2.093
106	  K	  1.1	  0.0	1.505	2.093	2.093
107	  Q	  2.4	  0.0	1.313	0.232	0.232
108	  V	  2.9	  0.0	0.496	0.232	0.232
109	  K	  2.7	  0.0	0.496	0.000	0.000
110	  P	  0.6	  0.0	0.000	0.000	0.000
111	  Y	  2.1	  0.0	0.000	0.000	0.000
112	  V	  2.7	  0.1	0.000	0.000	0.000
113	  E	  2.7	  0.2	0.000	0.000	0.000
114	  E	  0.6	  0.3	0.000	0.000	0.000
115	  G	  0.0	  0.3	0.000	0.000	0.000
116	  L	  0.1	  0.2	0.000	0.000	0.000
117	  H	  0.1	  0.4	0.116	0.000	0.000
118	  P	  0.1	  0.3	0.116	0.000	0.000
119	  Q	  0.6	  0.3	0.116	0.000	0.000
120	  I	  6.0	  0.3	0.229	0.000	0.000
121	  I	 10.1	  0.0	0.229	0.000	0.000
122	  I	 10.9	  0.0	0.229	0.000	0.000
123	  R	  5.9	  0.0	0.229	0.000	0.000
124	  A	  2.0	  0.0	0.229	0.000	0.000
125	  F	  1.2	  0.1	0.229	0.000	0.000
126	  R	  1.0	  0.1	0.000	0.000	0.000
127	  T	  1.9	  0.1	0.419	0.000	0.000
128	  A	  1.6	  0.1	0.419	0.000	0.000
129	  T	  2.5	  0.1	1.471	0.000	0.000
130	  Q	  1.4	  0.1	1.471	0.000	0.000
131	  L	  1.5	  0.1	1.471	0.000	0.000
132	  A	  0.8	  0.0	1.471	0.000	0.000
133	  V	  1.1	  0.0	1.471	0.000	0.000
134	  N	  0.9	  0.0	1.593	0.000	0.000
135	  K	  3.1	  0.0	0.550	0.000	0.000
136	  I	  3.5	  0.0	0.122	0.000	0.000
137	  K	  3.6	  0.0	0.122	0.000	0.000
138	  E	  1.6	  0.0	0.122	0.000	0.000
139	  I	  3.4	  0.0	0.122	15.116	15.116
140	  A	  3.4	  0.0	0.122	15.116	15.116
141	  V	 20.6	  0.0	0.122	15.116	15.116
142	  T	 30.9	  0.0	0.206	15.116	15.116
143	  V	 31.0	  0.0	0.206	15.116	15.116
144	  K	 15.5	  0.0	0.206	0.000	0.000
145	  K	  0.6	  0.4	0.084	0.000	0.000
146	  A	  0.1	  0.4	0.084	0.000	0.000
147	  D	  0.1	  0.4	0.591	0.000	0.000
148	  K	  7.2	  0.4	1.377	0.000	0.000
149	  V	  8.3	  0.1	1.973	0.000	0.000
150	  E	  8.3	  0.1	3.987	0.000	0.000
151	  Q	  1.5	  0.1	4.168	0.000	0.000
152	  R	  0.6	  0.1	4.168	0.000	0.000
153	  K	  0.8	  0.1	4.014	0.000	0.000
154	  L	  0.6	  0.1	3.874	0.000	0.000
155	  L	  0.5	  0.1	3.874	0.000	0.000
156	  E	  0.4	  0.1	3.752	0.000	0.000
157	  K	  1.2	  0.1	3.082	0.000	0.000
158	  C	  1.8	  0.1	0.435	0.000	0.000
159	  A	  1.7	  0.0	0.236	0.000	0.000
160	  M	  1.9	  0.0	0.236	0.000	0.000
161	  T	  1.6	  0.0	0.140	0.000	0.000
162	  A	  1.7	  0.0	0.140	0.000	0.000
163	  L	  1.1	  0.1	0.140	0.000	0.000
164	  S	  0.7	  0.2	0.140	0.000	0.000
165	  S	  0.6	  0.2	0.296	0.000	0.000
166	  K	  0.9	  0.2	0.296	0.000	0.000
167	  L	  1.2	  0.1	0.156	0.000	0.000
168	  I	  2.2	  0.1	0.156	0.000	0.000
169	  S	  2.0	  0.1	1.288	0.000	0.000
170	  Q	  1.8	  0.1	1.288	0.000	0.000
171	  Q	  0.6	  0.2	1.132	0.000	0.000
172	  K	  0.5	  0.1	1.132	0.000	0.000
173	  A	  0.5	  0.1	1.132	36.101	36.101
174	  F	  2.1	  0.0	1.132	78.798	78.798
175	  F	  2.5	  0.1	0.582	79.942	79.942
176	  A	  2.5	  0.1	0.220	80.018	80.018
177	  K	  1.5	  0.1	0.220	80.109	80.109
178	  M	  3.1	  0.1	0.000	80.109	80.109
179	  V	  6.6	  0.0	0.000	80.109	80.109
180	  V	  6.5	  0.0	0.000	80.109	80.109
181	  D	  4.3	  0.0	1.133	80.109	80.109
182	  A	  1.4	  0.0	1.133	79.861	79.861
183	  V	  5.2	  0.0	1.133	79.618	79.618
184	  M	  6.3	  0.0	1.736	76.723	76.723
185	  M	  5.9	  0.1	4.409	73.426	73.426
186	  L	  1.8	  0.2	4.971	48.854	48.854
187	  D	  0.5	  0.3	7.353	0.000	0.000
188	  D	  0.1	  0.3	9.347	0.000	0.000
189	  L	  0.2	  0.2	9.881	0.000	0.000
190	  L	  1.6	  0.1	9.881	0.000	0.000
191	  Q	  2.5	  0.0	9.881	0.000	0.000
192	  L	  3.7	  0.0	9.531	0.000	0.000
193	  K	  2.8	  0.0	8.996	0.000	0.000
194	  M	  2.1	  0.0	6.825	0.000	0.000
195	  I	  1.0	  0.1	5.014	0.000	0.000
196	  G	  0.5	  0.1	5.214	0.000	0.000
197	  I	  0.8	  0.1	2.007	0.000	0.000
198	  K	  0.7	  0.1	2.007	0.000	0.000
199	  K	  2.2	  0.0	0.201	0.000	0.000
200	  V	  1.9	  0.1	0.201	0.000	0.000
201	  Q	  1.7	  0.3	0.201	0.000	0.000
202	  G	  0.2	  0.5	0.000	0.000	0.000
203	  G	  0.0	  0.5	0.000	0.000	0.000
204	  A	  0.1	  0.4	0.000	0.000	0.000
205	  L	  0.2	  0.4	0.000	0.000	0.000
206	  E	  0.2	  0.3	0.000	0.000	0.000
207	  D	  0.2	  0.4	0.000	0.000	0.000
208	  S	  0.3	  0.4	0.161	1.212	1.212
209	  Q	  1.1	  0.2	0.161	2.815	2.815
210	  L	  2.0	  0.1	0.161	11.525	11.525
211	  V	  2.4	  0.2	0.161	12.530	12.530
212	  A	  1.6	  0.1	0.161	12.530	12.530
213	  G	  0.9	  0.1	0.259	12.530	12.530
214	  V	  2.2	  0.1	0.098	12.530	12.530
215	  A	  2.3	  0.0	0.098	9.295	9.295
216	  F	  2.4	  0.0	0.098	7.820	7.820
217	  K	  0.7	  0.1	0.098	0.000	0.000
218	  K	  0.9	  0.1	0.098	0.000	0.000
219	  T	 31.7	  0.1	0.000	0.184	0.184
220	  F	 36.1	  0.0	0.000	1.027	1.027
221	  S	 36.1	  0.0	0.000	1.027	1.027
222	  Y	  8.1	  0.2	0.000	1.027	1.027
223	  A	  0.7	  0.2	0.000	1.027	1.027
224	  G	  0.4	  0.2	0.000	1.027	1.027
225	  F	  2.7	  0.2	0.000	1.027	1.027
226	  E	  3.5	  0.0	0.000	0.000	0.000
227	  M	  3.6	  0.0	0.000	0.000	0.000
228	  Q	  1.1	  0.1	0.000	0.000	0.000
229	  P	  0.1	  0.2	0.000	0.000	0.000
230	  K	  0.1	  0.2	0.000	0.000	0.000
231	  K	  0.8	  0.2	0.000	0.000	0.000
232	  Y	  2.3	  0.1	0.000	0.000	0.000
233	  H	  2.3	  0.0	0.000	0.000	0.000
234	  N	  1.6	  0.1	0.448	0.000	0.000
235	  P	  0.0	  0.1	0.448	0.000	0.000
236	  K	  1.4	  0.1	0.448	0.000	0.000
237	  I	  3.9	  0.1	0.448	18.819	18.819
238	  A	  4.2	  0.0	0.448	20.407	20.407
239	  L	  3.3	  0.0	0.448	20.407	20.407
240	  L	  3.7	  0.0	0.326	20.407	20.407
241	  N	  7.4	  0.0	1.377	20.407	20.407
242	  V	 11.2	  0.0	1.344	18.932	18.932
243	  E	  8.5	  0.0	1.482	0.000	0.000
244	  L	  5.1	  0.1	1.482	0.000	0.000
245	  E	  2.0	  0.1	1.482	0.000	0.000
246	  L	  2.2	  0.1	1.482	0.000	0.000
247	  K	  1.9	  0.1	1.366	0.000	0.000
248	  A	  0.7	  0.1	0.760	0.000	0.000
249	  E	  0.6	  0.3	0.512	0.000	0.000
250	  K	  0.3	  0.4	0.120	0.000	0.000
251	  D	  0.3	  0.4	0.569	0.000	0.000
252	  N	  0.1	  0.3	1.120	0.000	0.000
253	  A	  0.3	  0.2	1.120	0.000	0.000
254	  E	  1.2	  0.0	1.120	0.000	0.000
255	  I	  7.5	  0.0	1.120	0.000	0.000
256	  R	  8.9	  0.0	1.120	0.000	0.000
257	  V	  9.5	  0.0	0.715	0.000	0.000
258	  H	  5.5	  0.0	0.715	0.000	0.000
259	  T	  9.9	  0.0	0.000	0.000	0.000
260	  V	  9.2	  0.3	0.000	0.000	0.000
261	  E	  7.0	  0.3	0.000	0.000	0.000
262	  D	  1.4	  0.3	0.671	0.000	0.000
263	  Y	  2.9	  0.4	0.671	0.000	0.000
264	  Q	  3.0	  0.0	0.671	0.000	0.000
265	  A	  3.1	  0.0	0.671	0.000	0.000
266	  I	  1.7	  0.1	0.671	0.000	0.000
267	  V	  2.2	  0.0	0.671	0.000	0.000
268	  D	  1.6	  0.0	0.790	0.000	0.000
269	  A	  0.7	  0.0	0.475	0.000	0.000
270	  E	  1.8	  0.0	0.475	0.000	0.000
271	  W	  4.7	  0.0	0.119	4.282	4.282
272	  N	  4.7	  0.0	0.119	4.282	4.282
273	  I	  4.6	  0.0	0.119	4.584	4.584
274	  L	  2.1	  0.0	0.119	4.584	4.584
275	  Y	  2.4	  0.1	0.119	4.584	4.584
276	  D	  0.8	  0.2	0.553	0.303	0.303
277	  K	  2.0	  0.2	0.434	0.303	0.303
278	  L	  1.7	  0.2	0.434	0.303	0.303
279	  E	  1.8	  0.1	0.434	0.000	0.000
280	  K	  1.2	  0.0	0.434	0.000	0.000
281	  I	  1.7	  0.0	0.434	0.000	0.000
282	  H	  1.9	  0.2	0.434	0.000	0.000
283	  H	  0.9	  0.7	0.133	0.000	0.000
284	  S	  0.3	  0.9	0.000	0.000	0.000
285	  G	  0.1	  0.9	0.000	0.000	0.000
286	  A	  0.3	  0.7	0.000	0.000	0.000
287	  K	  2.2	  0.2	0.000	0.000	0.000
288	  V	 10.1	  0.0	0.000	0.000	0.000
289	  V	 12.6	  0.0	0.000	0.000	0.000
290	  L	 11.0	  0.0	0.000	0.000	0.000
291	  S	  3.6	  0.0	0.000	0.000	0.000
292	  K	  0.7	  0.0	0.000	0.000	0.000
293	  L	  0.4	  0.0	0.000	0.000	0.000
294	  P	  0.1	  0.2	0.000	0.000	0.000
295	  I	  0.0	  0.7	0.000	0.000	0.000
296	  G	  0.0	  0.7	0.000	0.000	0.000
297	  D	  0.2	  0.7	0.769	0.000	0.000
298	  V	  1.3	  0.5	0.769	0.511	0.511
299	  A	  1.6	  0.0	0.769	0.511	0.511
300	  T	  3.8	  0.0	0.769	0.651	0.651
301	  Q	  5.8	  0.0	0.769	0.651	0.651
302	  Y	  7.1	  0.0	0.769	0.651	0.651
303	  F	  5.0	  0.4	0.000	0.651	0.651
304	  A	  1.9	  0.4	0.000	0.651	0.651
305	  D	  0.2	  1.4	0.000	0.000	0.000
306	  R	  0.1	  1.4	0.000	0.000	0.000
307	  D	  0.4	  1.1	0.000	0.000	0.000
308	  M	  2.6	  1.0	0.000	0.000	0.000
309	  F	  5.3	  0.0	0.000	0.000	0.000
310	  C	  5.2	  0.9	0.000	0.000	0.000
311	  A	  3.1	  0.9	0.000	0.000	0.000
312	  G	  0.3	  0.9	0.000	0.000	0.000
313	  R	  0.2	  0.9	0.000	0.000	0.000
314	  V	  0.2	  0.0	0.000	0.000	0.000
315	  P	  0.2	  0.1	2.308	0.000	0.000
316	  E	  0.0	  0.3	2.657	0.000	0.000
317	  E	  0.0	  0.3	2.842	0.000	0.000
318	  D	  0.2	  0.3	6.658	0.000	0.000
319	  L	  0.3	  0.2	6.658	0.000	0.000
320	  K	  0.7	  0.1	6.658	0.000	0.000
321	  R	  0.9	  0.1	6.494	0.000	0.000
322	  T	  1.8	  0.1	5.746	0.000	0.000
323	  M	  1.6	  0.0	5.746	0.000	0.000
324	  M	  1.6	  0.1	4.417	0.000	0.000
325	  A	  0.7	  0.1	1.851	0.000	0.000
326	  C	  0.5	  0.5	1.617	0.000	0.000
327	  G	  0.1	  0.7	0.649	0.000	0.000
328	  G	  0.1	  0.6	0.158	0.000	0.000
329	  S	  0.4	  0.6	0.332	0.000	0.000
330	  I	  0.6	  0.2	0.332	0.000	0.000
331	  Q	  0.7	  0.0	0.332	0.000	0.000
332	  T	  1.2	  0.0	0.332	0.000	0.000
333	  S	  6.3	  0.4	0.332	0.000	0.000
334	  V	  7.0	  0.3	0.332	0.000	0.000
335	  N	  6.2	  0.3	0.711	0.000	0.000
336	  A	  1.1	  0.3	0.529	0.000	0.000
337	  L	  0.9	  0.0	0.529	0.000	0.000
338	  S	  1.3	  2.1	1.040	0.000	0.000
339	  A	  1.1	  2.1	1.040	0.000	0.000
340	  D	  0.6	  2.1	1.040	0.000	0.000
341	  V	  0.8	  2.0	0.796	0.000	0.000
342	  L	  0.7	  0.1	0.796	0.000	0.000
343	  G	  0.6	  0.1	0.796	0.000	0.000
344	  R	  1.0	  0.1	0.670	0.000	0.000
345	  C	  2.1	  0.1	0.121	0.000	0.000
346	  Q	  3.2	  0.0	0.000	0.000	0.000
347	  V	  5.6	  0.0	0.000	0.000	0.000
348	  F	  5.2	  0.1	0.000	0.000	0.000
349	  E	  4.1	  0.1	0.000	0.000	0.000
350	  E	  0.8	  0.1	0.000	0.000	0.000
351	  T	  0.9	  0.1	0.000	0.000	0.000
352	  Q	  1.0	  0.1	0.000	0.000	0.000
353	  I	  1.0	  1.1	0.000	0.000	0.000
354	  G	  0.2	  1.2	0.000	0.000	0.000
355	  G	  0.1	  1.2	0.120	0.000	0.000
356	  E	  0.2	  1.2	0.120	0.000	0.000
357	  R	  4.6	  0.2	0.120	0.000	0.000
358	  Y	  8.0	  0.1	0.120	2.034	2.034
359	  N	  9.5	  0.0	0.644	2.034	2.034
360	  F	  6.3	  0.0	0.644	2.034	2.034
361	  F	  4.4	  0.2	0.524	2.034	2.034
362	  T	  2.6	  0.2	0.524	2.034	2.034
363	  G	  1.5	  0.2	0.524	0.168	0.168
364	  C	  0.1	  0.5	0.524	0.000	0.000
365	  P	  0.0	  0.4	0.000	0.000	0.000
366	  K	  0.3	  0.4	0.000	0.000	0.000
367	  A	  0.3	  0.5	0.000	0.000	0.000
368	  K	  1.0	  0.1	0.000	0.000	0.000
369	  T	  7.1	  0.1	0.000	0.428	0.428
370	  C	  9.8	  0.1	0.000	1.150	1.150
371	  T	 11.4	  0.0	0.140	1.150	1.150
372	  F	  6.1	  0.0	0.140	1.150	1.150
373	  I	  5.4	  0.0	0.140	1.150	1.150
374	  L	  3.4	  0.1	0.140	1.150	1.150
375	  R	  2.4	  0.5	0.140	0.000	0.000
376	  G	  0.2	  0.6	0.140	0.000	0.000
377	  G	  0.0	  0.6	0.000	0.000	0.000
378	  A	  0.0	  0.6	0.000	0.000	0.000
379	  E	  0.2	  0.2	0.000	0.000	0.000
380	  Q	  1.4	  0.1	0.000	0.000	0.000
381	  F	  2.2	  0.1	0.000	0.000	0.000
382	  M	  2.1	  0.0	0.000	0.000	0.000
383	  E	  0.9	  0.1	0.000	0.000	0.000
384	  E	  0.1	  0.1	0.000	0.000	0.000
385	  T	  0.2	  0.2	0.000	0.000	0.000
386	  E	  0.5	  0.2	0.000	0.000	0.000
387	  R	  1.0	  0.2	0.000	0.000	0.000
388	  S	  1.5	  0.2	0.548	0.000	0.000
389	  L	  1.4	  0.1	0.548	0.000	0.000
390	  H	  0.9	  0.1	0.673	0.000	0.000
391	  D	  0.3	  0.1	1.206	0.000	0.000
392	  A	  0.7	  0.1	1.206	43.555	43.555
393	  I	  3.1	  0.0	1.206	43.555	43.555
394	  M	  4.8	  0.0	1.206	43.555	43.555
395	  I	  9.0	  0.0	0.984	43.555	43.555
396	  V	  7.8	  0.0	0.984	43.555	43.555
397	  R	  6.1	  0.0	0.984	0.000	0.000
398	  R	  1.7	  0.0	0.358	0.000	0.000
399	  A	  0.9	  0.0	0.115	0.000	0.000
400	  I	  1.1	  0.2	0.000	0.000	0.000
401	  K	  0.8	  0.2	0.000	0.000	0.000
402	  N	  0.3	  0.5	0.000	0.000	0.000
403	  D	  0.2	  0.5	0.000	0.000	0.000
404	  S	  1.1	  0.4	0.000	0.000	0.000
405	  V	  5.7	  0.3	0.000	0.000	0.000
406	  V	  6.2	  0.0	0.000	0.000	0.000
407	  A	  5.2	  0.2	0.000	0.000	0.000
408	  G	  0.7	  0.3	0.000	0.000	0.000
409	  G	  0.0	  0.4	0.000	0.000	0.000
410	  G	  0.0	  0.4	0.464	0.000	0.000
411	  A	  0.2	  0.2	0.464	0.000	0.000
412	  I	  3.2	  0.0	0.583	0.000	0.000
413	  E	  3.4	  0.0	0.583	0.000	0.000
414	  M	  4.0	  0.0	0.799	0.000	0.000
415	  E	  1.4	  0.0	1.502	0.000	0.000
416	  L	  1.5	  0.1	1.502	0.000	0.000
417	  S	  0.9	  0.1	3.528	0.000	0.000
418	  K	  0.8	  0.1	3.392	0.000	0.000
419	  Y	  1.5	  0.1	3.081	0.000	0.000
420	  L	  1.5	  0.4	2.730	0.000	0.000
421	  R	  1.5	  0.4	2.730	0.000	0.000
422	  D	  1.0	  0.8	2.578	0.000	0.000
423	  Y	  2.5	  0.8	2.330	0.000	0.000
424	  S	  2.5	  0.5	1.479	0.000	0.000
425	  R	  3.3	  0.5	0.135	0.000	0.000
426	  T	  2.2	  0.1	0.000	0.000	0.000
427	  I	  2.0	  1.1	0.000	0.000	0.000
428	  P	  0.6	  1.1	0.000	0.000	0.000
429	  G	  0.0	  1.2	0.000	0.000	0.000
430	  K	  0.2	  1.2	0.000	0.000	0.000
431	  Q	  0.5	  0.2	0.000	0.000	0.000
432	  Q	  1.1	  0.1	0.000	0.000	0.000
433	  L	  1.8	  0.1	0.000	5.410	5.410
434	  L	  1.6	  0.0	0.151	6.034	6.034
435	  I	  1.1	  1.0	0.151	6.034	6.034
436	  G	  0.2	  1.0	0.958	6.034	6.034
437	  A	  0.3	  1.0	0.958	6.034	6.034
438	  Y	  0.7	  1.0	0.958	4.571	4.571
439	  A	  0.8	  0.0	0.958	2.388	2.388
440	  K	  0.7	  0.0	0.958	0.542	0.542
441	  A	  0.2	  0.0	0.807	0.542	0.542
442	  L	  1.6	  0.0	0.652	0.542	0.542
443	  E	  1.9	  0.0	0.421	0.542	0.542
444	  I	  2.3	  0.0	0.000	0.542	0.542
445	  I	  0.9	  0.0	0.000	0.000	0.000
446	  P	  0.5	  0.1	0.000	0.000	0.000
447	  R	  0.8	  0.1	0.000	0.000	0.000
448	  Q	  1.4	  0.1	0.000	0.000	0.000
449	  L	  1.7	  0.2	0.000	0.000	0.000
450	  C	  1.0	  0.5	0.000	0.000	0.000
451	  D	  0.4	  0.5	0.000	0.000	0.000
452	  N	  0.2	  0.9	0.000	0.000	0.000
453	  A	  0.0	  0.8	0.000	0.000	0.000
454	  G	  0.1	  0.5	0.000	0.000	0.000
455	  F	  1.0	  0.4	0.000	0.000	0.000
456	  D	  1.0	  0.4	1.931	0.000	0.000
457	  A	  1.0	  0.4	1.931	0.195	0.195
458	  T	  0.5	  0.4	2.224	0.195	0.195
459	  N	  0.6	  0.4	3.621	0.195	0.195
460	  I	  1.1	  0.1	3.621	0.195	0.195
461	  L	  0.8	  0.1	3.621	0.195	0.195
462	  N	  0.7	  0.1	4.618	0.000	0.000
463	  K	  0.9	  0.1	4.373	0.000	0.000
464	  L	  1.1	  0.1	3.495	0.000	0.000
465	  R	  1.3	  0.1	3.130	0.000	0.000
466	  A	  0.8	  0.1	2.317	0.000	0.000
467	  R	  0.6	  0.1	1.809	0.000	0.000
468	  H	  0.7	  0.6	0.312	0.000	0.000
469	  A	  0.5	  0.8	0.000	0.000	0.000
470	  Q	  0.3	  1.0	0.000	0.000	0.000
471	  G	  0.0	  1.0	0.000	0.000	0.000
472	  G	  0.1	  0.4	0.000	0.000	0.000
473	  T	  4.8	  0.3	0.000	0.440	0.440
474	  W	  4.9	  0.2	0.000	0.440	0.440
475	  Y	  5.0	  0.2	0.000	0.440	0.440
476	  G	  0.4	  0.2	0.000	0.440	0.440
477	  V	  4.9	  0.2	0.000	0.440	0.440
478	  D	  5.6	  0.7	0.000	0.000	0.000
479	  I	  5.7	  0.7	0.000	0.000	0.000
480	  N	  1.2	  0.8	0.161	0.000	0.000
481	  N	  0.2	  1.8	0.161	0.000	0.000
482	  E	  0.0	  1.1	0.161	0.000	0.000
483	  D	  0.2	  1.1	0.161	0.000	0.000
484	  I	  0.3	  1.2	0.161	0.000	0.000
485	  A	  0.3	  0.4	0.161	0.000	0.000
486	  D	  0.2	  0.4	0.161	0.000	0.000
487	  N	  2.8	  0.4	0.000	0.000	0.000
488	  F	  5.0	  0.2	0.000	0.000	0.000
489	  E	  5.0	  0.0	0.000	0.000	0.000
490	  A	  2.7	  0.0	0.000	0.000	0.000
491	  F	  1.9	  0.0	0.000	0.000	0.000
492	  V	  7.5	  0.0	0.000	0.000	0.000
493	  W	  7.6	  0.0	0.000	0.000	0.000
494	  E	  6.2	  0.0	0.000	0.000	0.000
495	  P	  0.4	  0.0	0.000	0.000	0.000
496	  A	  0.2	  0.0	0.000	0.000	0.000
497	  M	  0.5	  0.0	0.000	0.000	0.000
498	  V	  8.5	  0.0	0.000	0.000	0.000
499	  R	 21.8	  0.0	0.000	0.000	0.000
500	  I	 22.4	  0.0	0.000	0.141	0.141
501	  N	 15.4	  0.0	2.835	0.141	0.141
502	  A	  1.1	  0.0	2.835	0.141	0.141
503	  L	  0.8	  0.0	2.835	0.141	0.141
504	  T	  1.1	  0.0	2.950	0.141	0.141
505	  A	  1.1	  0.1	2.950	0.141	0.141
506	  A	  0.4	  0.2	2.950	0.141	0.141
507	  S	  0.1	  0.2	1.610	0.000	0.000
508	  E	  0.1	  0.2	0.960	0.000	0.000
509	  A	  0.1	  0.1	0.666	2.463	2.463
510	  A	  0.3	  0.1	0.559	5.201	5.201
511	  C	  1.2	  0.0	0.422	6.950	6.950
512	  L	  2.5	  0.0	0.172	13.695	13.695
513	  I	  5.1	  0.0	0.000	13.695	13.695
514	  V	 12.8	  0.0	0.000	13.531	13.531
515	  S	 14.8	  0.2	0.614	9.297	9.297
516	  V	 12.3	  0.2	0.730	8.966	8.966
517	  D	  4.1	  0.3	2.978	0.000	0.000
518	  E	  0.2	  0.3	2.978	0.000	0.000
519	  T	 10.9	  0.1	2.978	0.000	0.000
520	  I	 11.3	  0.1	2.978	0.000	0.000
521	  K	 11.3	  0.0	2.978	0.000	0.000
522	  N	  0.5	  0.3	2.978	0.000	0.000
523	  P	  0.0	  0.4	0.000	0.000	0.000
524	  R	  0.4	  0.4	0.000	0.000	0.000
525	  S	  0.8	  0.4	0.000	0.000	0.000
526	  T	  5.7	  0.1	0.000	0.000	0.000
527	  V	  6.7	  0.1	0.000	0.000	0.000
528	  D	  6.3	  0.0	0.337	0.000	0.000
529	  A	  1.5	  0.3	0.337	0.000	0.000
530	  P	  0.0	  0.3	0.337	0.000	0.000
531	  T	  0.3	  0.3	0.541	0.000	0.000
532	  A	  0.3	  0.7	0.541	0.000	0.000
533	  A	  0.4	  0.8	0.541	0.000	0.000
534	  G	  0.1	  1.1	0.541	0.000	0.000
535	  R	  0.1	  1.2	0.409	0.000	0.000
536	  G	  0.1	  1.1	0.204	0.000	0.000
537	  R	  0.1	  0.8	0.000	0.000	0.000
538	  G	  0.1	  0.8	0.000	0.000	0.000
539	  R	  0.2	  0.7	0.000	0.000	0.000
540	  G	  0.1	  0.4	0.000	0.000	0.000
541	  R	  0.1	  0.3	0.000	0.000	0.000
542	  P	  0.0	  0.0	0.000	0.000	0.000
543	  H	  0.0	  0.0	0.000	0.000	0.000
