res	aa	Beta	Turn	Helix	Aggregation	Conc-Stab_Aggregation
01	  M	  0.4	  0.1	0.000	0.000	0.000
02	  D	  0.4	  0.2	0.000	0.000	0.000
03	  S	  0.5	  0.2	0.810	4.853	4.853
04	  L	  0.3	  0.3	0.810	14.193	14.193
05	  A	  0.7	  0.3	0.810	18.727	18.727
06	  S	  0.9	  0.2	0.810	23.354	23.354
07	  L	  2.9	  0.2	0.810	60.084	60.084
08	  V	  4.8	  0.0	0.810	66.754	66.754
09	  L	  4.6	  0.1	0.810	66.925	66.925
10	  C	  2.7	  0.2	0.478	64.486	64.486
11	  G	  0.4	  0.2	0.560	64.284	64.284
12	  V	  4.9	  0.2	0.218	68.763	68.763
13	  S	  4.9	  0.0	0.218	66.624	66.624
14	  L	  5.8	  0.0	0.218	66.551	66.551
15	  L	  1.6	  0.1	0.218	65.072	65.072
16	  L	  1.5	  0.2	0.218	56.866	56.866
17	  S	  0.6	  0.3	0.218	8.046	8.046
18	  G	  0.2	  0.3	0.000	1.955	1.955
19	  T	  7.2	  0.2	0.000	1.515	1.515
20	  V	  7.3	  0.3	0.000	1.453	1.453
21	  E	  7.3	  0.5	0.000	0.000	0.000
22	  G	  0.2	  0.5	0.119	0.000	0.000
23	  A	  0.1	  0.7	0.119	0.000	0.000
24	  M	  1.4	  0.5	0.119	0.000	0.000
25	  D	  1.6	  0.1	0.871	0.000	0.000
26	  L	  2.8	  0.1	0.871	3.455	3.455
27	  I	  3.8	  0.0	0.871	3.455	3.455
28	  L	  4.1	  0.0	0.871	3.455	3.455
29	  I	  4.0	  0.0	0.871	3.455	3.455
30	  N	  1.8	  0.0	0.871	3.455	3.455
31	  S	  1.4	  0.0	0.154	0.381	0.381
32	  L	  0.2	  0.0	0.000	0.000	0.000
33	  P	  0.1	  0.0	0.000	0.000	0.000
34	  L	  0.8	  0.0	0.000	0.000	0.000
35	  V	  1.0	  0.1	0.000	0.000	0.000
36	  S	  1.0	  0.2	0.000	0.000	0.000
37	  D	  0.3	  0.3	0.265	0.000	0.000
38	  A	  0.1	  0.4	0.265	0.000	0.000
39	  E	  0.1	  0.3	0.265	0.000	0.000
40	  T	  0.6	  0.3	0.265	0.000	0.000
41	  S	  2.1	  0.1	0.403	0.000	0.000
42	  L	  6.3	  0.1	0.403	0.368	0.368
43	  T	  8.0	  0.0	0.138	0.368	0.368
44	  C	 15.9	  0.0	0.138	0.368	0.368
45	  I	 12.5	  0.2	0.138	0.368	0.368
46	  A	 10.5	  0.4	0.138	0.368	0.368
47	  S	  1.2	  0.4	0.138	0.000	0.000
48	  G	  0.2	  0.4	0.000	0.000	0.000
49	  W	  0.3	  0.2	0.000	0.000	0.000
50	  R	  0.3	  0.2	0.000	0.000	0.000
51	  P	  0.2	  0.2	0.000	0.000	0.000
52	  H	  0.1	  0.2	0.000	0.000	0.000
53	  E	  0.1	  0.2	0.000	0.000	0.000
54	  P	  0.1	  0.0	0.000	0.000	0.000
55	  I	 13.6	  0.0	0.000	0.000	0.000
56	  T	 13.9	  0.1	0.000	0.000	0.000
57	  I	 14.0	  0.5	0.000	0.000	0.000
58	  G	  0.5	  0.7	0.698	0.000	0.000
59	  R	  0.3	  0.7	1.174	0.000	0.000
60	  D	  1.6	  0.6	4.390	0.000	0.000
61	  F	  3.9	  0.3	4.786	0.000	0.000
62	  E	  3.7	  0.1	4.786	0.000	0.000
63	  A	  2.6	  0.1	4.786	0.000	0.000
64	  L	  0.8	  0.1	4.786	0.000	0.000
65	  M	  1.0	  0.0	4.786	0.000	0.000
66	  N	  0.8	  0.1	4.663	0.000	0.000
67	  Q	  0.8	  0.1	2.597	0.000	0.000
68	  H	  1.1	  0.1	0.841	0.000	0.000
69	  Q	  1.0	  0.1	0.163	0.000	0.000
70	  D	  0.5	  0.3	0.000	0.000	0.000
71	  P	  0.0	  0.3	0.000	0.000	0.000
72	  L	  1.8	  0.3	0.000	0.000	0.000
73	  E	  7.0	  0.3	0.000	0.000	0.000
74	  V	 10.5	  0.0	0.000	0.000	0.000
75	  T	  9.3	  0.2	0.000	0.000	0.000
76	  Q	  4.5	  0.2	0.000	0.000	0.000
77	  D	  1.9	  0.2	0.230	0.000	0.000
78	  V	  3.1	  0.2	0.230	0.000	0.000
79	  T	  3.0	  0.0	2.220	0.000	0.000
80	  R	  2.0	  0.0	2.394	0.000	0.000
81	  E	  0.6	  0.0	2.394	0.000	0.000
82	  W	  0.7	  0.0	2.394	0.000	0.000
83	  A	  0.6	  0.0	2.394	0.000	0.000
84	  K	  0.5	  0.0	2.394	0.000	0.000
85	  K	  2.2	  0.0	1.471	0.000	0.000
86	  V	  5.2	  0.0	0.372	0.000	0.000
87	  V	  5.8	  0.0	0.372	0.000	0.000
88	  W	  4.5	  0.0	0.503	0.000	0.000
89	  K	  1.7	  0.1	0.344	0.000	0.000
90	  R	  0.9	  0.1	0.131	0.000	0.000
91	  E	  0.4	  0.2	0.131	0.000	0.000
92	  K	  0.3	  0.2	0.131	0.000	0.000
93	  A	  0.5	  0.2	0.131	0.000	0.000
94	  S	  0.7	  0.2	0.131	0.000	0.000
95	  K	  2.2	  0.2	0.000	0.000	0.000
96	  I	  2.9	  2.1	0.000	0.209	0.209
97	  N	  2.6	  2.2	0.000	0.209	0.209
98	  G	  1.0	  2.2	0.000	0.209	0.209
99	  A	  0.3	  2.2	0.000	0.209	0.209
100	  Y	  5.1	  0.1	0.000	0.209	0.209
101	  F	  8.3	  0.0	0.000	0.209	0.209
102	  C	  8.1	  1.0	0.385	0.000	0.000
103	  E	  3.5	  1.1	0.385	0.000	0.000
104	  G	  0.1	  1.1	0.565	0.000	0.000
105	  R	  1.7	  1.1	0.565	0.000	0.000
106	  V	  2.4	  0.2	0.565	0.000	0.000
107	  R	  2.5	  0.1	0.565	0.000	0.000
108	  G	  0.9	  0.1	0.782	0.000	0.000
109	  E	  0.1	  0.1	0.639	0.000	0.000
110	  A	  0.5	  0.0	0.217	0.000	0.000
111	  I	  9.2	  0.0	0.217	0.000	0.000
112	  R	 12.7	  0.0	0.217	0.000	0.000
113	  I	 13.2	  0.0	0.217	0.000	0.000
114	  R	  5.0	  0.0	0.217	0.000	0.000
115	  T	  4.5	  0.0	0.125	0.000	0.000
116	  M	  5.3	  0.0	0.125	0.000	0.000
117	  K	  5.8	  0.0	0.125	0.000	0.000
118	  M	  3.0	  0.0	0.125	0.000	0.000
119	  R	  1.6	  0.1	0.125	0.000	0.000
120	  Q	  0.8	  0.1	0.125	0.000	0.000
121	  Q	  0.6	  0.2	0.125	0.000	0.000
122	  A	  0.9	  0.2	0.000	0.000	0.000
123	  S	  2.0	  0.2	0.000	0.000	0.000
124	  F	  2.0	  0.1	0.000	0.000	0.000
125	  L	  1.3	  0.0	0.000	0.000	0.000
126	  P	  0.2	  0.0	0.000	0.000	0.000
127	  A	  0.4	  0.0	0.000	2.007	2.007
128	  T	  3.1	  0.0	0.000	4.381	4.381
129	  L	  5.4	  0.0	0.000	8.372	8.372
130	  T	  8.1	  0.0	0.000	8.372	8.372
131	  M	  9.5	  0.0	0.000	8.372	8.372
132	  T	 11.4	  0.0	0.000	8.372	8.372
133	  V	  8.7	  0.0	0.000	8.372	8.372
134	  D	  4.5	  1.1	0.000	0.000	0.000
135	  K	  0.2	  2.9	0.000	0.000	0.000
136	  G	  0.0	  3.1	0.000	0.000	0.000
137	  D	  0.1	  3.0	0.000	0.000	0.000
138	  N	  1.5	  2.1	0.118	0.000	0.000
139	  V	  7.9	  0.3	0.118	0.462	0.462
140	  N	  9.0	  0.1	0.118	0.462	0.462
141	  I	 11.6	  0.1	0.118	0.462	0.462
142	  S	  6.6	  0.0	0.270	0.462	0.462
143	  F	  5.8	  0.1	0.270	0.462	0.462
144	  K	  2.0	  0.1	0.153	0.000	0.000
145	  K	  1.5	  0.1	0.153	0.000	0.000
146	  V	  4.1	  0.1	0.153	0.819	0.819
147	  L	  4.3	  0.0	0.153	0.819	0.819
148	  I	  4.1	  0.0	0.153	0.819	0.819
149	  K	  1.3	  0.1	0.497	0.819	0.819
150	  E	  1.0	  0.3	0.345	0.819	0.819
151	  E	  0.2	  0.3	0.345	0.000	0.000
152	  D	  0.1	  0.3	0.945	0.000	0.000
153	  A	  1.2	  0.2	0.945	0.000	0.000
154	  V	  3.4	  0.0	0.945	0.000	0.000
155	  I	  3.8	  0.0	0.945	0.000	0.000
156	  Y	  3.2	  0.7	0.945	0.000	0.000
157	  K	  1.0	  1.9	0.829	0.000	0.000
158	  N	  0.6	  2.1	0.198	0.000	0.000
159	  G	  0.1	  2.1	0.000	0.000	0.000
160	  S	  1.0	  1.5	0.000	0.000	0.000
161	  F	  1.7	  0.3	0.000	0.000	0.000
162	  I	  2.0	  0.0	0.000	0.000	0.000
163	  H	  1.6	  0.0	0.000	0.000	0.000
164	  S	  1.0	  0.0	0.000	0.000	0.000
165	  V	  0.7	  0.0	0.000	0.000	0.000
166	  P	  0.2	  0.1	0.000	0.000	0.000
167	  R	  0.4	  0.1	0.000	0.000	0.000
168	  H	  2.4	  0.1	0.000	0.000	0.000
169	  E	  2.6	  0.1	0.000	0.000	0.000
170	  V	  2.2	  0.3	0.000	0.000	0.000
171	  P	  0.2	  0.3	0.000	0.000	0.000
172	  D	  0.1	  0.3	0.000	0.000	0.000
173	  I	  0.7	  0.3	0.000	0.000	0.000
174	  L	  2.3	  0.0	0.000	0.000	0.000
175	  E	 13.9	  0.0	0.000	0.000	0.000
176	  V	 21.4	  0.0	0.000	0.000	0.000
177	  H	 19.9	  0.0	0.000	0.000	0.000
178	  L	  9.1	  0.2	0.000	0.000	0.000
179	  P	  0.1	  0.2	0.000	0.000	0.000
180	  H	  0.5	  0.2	0.000	0.000	0.000
181	  A	  0.5	  0.2	0.000	0.000	0.000
182	  Q	  0.5	  0.2	0.000	0.000	0.000
183	  P	  0.0	  0.5	0.000	0.000	0.000
184	  Q	  0.0	  0.5	0.000	0.000	0.000
185	  D	  0.0	  0.9	0.000	0.000	0.000
186	  A	  0.0	  0.7	0.000	0.000	0.000
187	  G	  0.1	  0.4	0.000	0.000	0.000
188	  V	  4.7	  0.4	0.000	0.000	0.000
189	  Y	  8.6	  0.0	0.000	0.000	0.000
190	  S	  9.3	  0.1	0.123	0.000	0.000
191	  A	  5.0	  0.1	0.123	0.000	0.000
192	  R	  1.8	  0.1	0.123	0.000	0.000
193	  Y	  1.5	  0.1	0.123	0.000	0.000
194	  I	  1.4	  0.5	0.123	0.000	0.000
195	  G	  0.6	  1.3	0.123	0.000	0.000
196	  G	  0.1	  1.3	0.000	0.000	0.000
197	  N	  0.5	  1.3	0.000	0.000	0.000
198	  L	  0.9	  0.8	0.000	2.030	2.030
199	  F	  3.8	  0.1	0.000	2.234	2.234
200	  T	  3.7	  0.1	0.000	2.234	2.234
201	  S	  3.6	  0.1	1.986	2.234	2.234
202	  A	  1.0	  0.1	1.986	2.234	2.234
203	  F	  3.5	  0.1	1.986	1.985	1.985
204	  T	  3.7	  0.1	2.223	0.664	0.664
205	  R	  3.9	  0.1	2.223	0.000	0.000
206	  L	  2.4	  0.1	2.223	0.000	0.000
207	  I	  6.4	  0.0	1.808	0.000	0.000
208	  V	  7.0	  0.0	1.808	0.000	0.000
209	  R	  5.7	  0.0	1.799	0.000	0.000
210	  R	  2.8	  0.0	0.768	0.000	0.000
211	  C	  5.4	  0.1	0.606	0.000	0.000
212	  E	  5.4	  0.1	0.487	0.000	0.000
213	  A	  4.1	  0.0	0.487	0.000	0.000
214	  Q	  0.8	  0.0	0.487	0.000	0.000
215	  K	  0.8	  0.0	0.164	0.000	0.000
216	  W	  0.7	  0.0	0.164	0.000	0.000
217	  G	  0.2	  0.5	0.000	0.000	0.000
218	  P	  0.0	  0.6	0.000	0.000	0.000
219	  E	  0.9	  0.6	0.000	0.000	0.000
220	  C	  1.4	  0.6	0.000	0.000	0.000
221	  N	  1.4	  0.2	0.000	0.000	0.000
222	  H	  1.0	  0.1	0.000	0.000	0.000
223	  L	  0.8	  0.1	0.000	0.000	0.000
224	  C	  6.9	  0.1	0.000	0.000	0.000
225	  T	  6.9	  0.0	0.000	0.000	0.000
226	  A	  6.9	  0.0	0.000	0.000	0.000
227	  C	  2.9	  0.3	0.000	0.000	0.000
228	  M	  2.4	  0.5	0.000	0.000	0.000
229	  N	  2.2	  1.3	0.000	0.000	0.000
230	  N	  0.2	  1.3	0.000	0.000	0.000
231	  G	  0.0	  1.0	0.000	0.000	0.000
232	  V	  1.2	  0.8	0.000	0.000	0.000
233	  C	  2.2	  0.0	0.000	0.000	0.000
234	  H	  2.3	  0.5	0.000	0.000	0.000
235	  E	  1.2	  0.6	0.000	0.000	0.000
236	  D	  0.2	  1.0	0.000	0.000	0.000
237	  T	  0.1	  1.0	0.000	0.000	0.000
238	  G	  0.1	  0.6	0.000	0.000	0.000
239	  E	  0.1	  0.5	0.000	0.000	0.000
240	  C	  2.9	  0.1	0.000	0.000	0.000
241	  I	  2.9	  0.0	0.000	0.000	0.000
242	  C	  2.8	  0.0	0.000	0.000	0.000
243	  P	  0.0	  1.9	0.000	0.000	0.000
244	  P	  0.0	  1.9	0.000	0.000	0.000
245	  G	  0.0	  1.9	0.000	0.000	0.000
246	  F	  0.8	  2.1	0.000	0.000	0.000
247	  M	  0.8	  0.5	0.000	0.000	0.000
248	  G	  0.8	  0.6	0.000	0.000	0.000
249	  R	  0.1	  0.6	0.000	0.000	0.000
250	  T	  4.7	  0.5	0.000	0.000	0.000
251	  C	  7.4	  0.2	0.000	0.000	0.000
252	  E	  7.4	  0.2	0.000	0.000	0.000
253	  K	  3.0	  0.1	0.000	0.000	0.000
254	  A	  0.3	  0.1	0.000	0.000	0.000
255	  C	  2.0	  0.1	0.000	0.000	0.000
256	  E	  3.1	  0.1	0.000	0.000	0.000
257	  L	  3.2	  0.1	0.000	0.000	0.000
258	  H	  4.7	  0.1	0.000	0.000	0.000
259	  T	  4.3	  0.3	0.000	0.000	0.000
260	  F	  4.3	  1.3	0.000	0.000	0.000
261	  G	  1.1	  1.4	0.123	0.000	0.000
262	  R	  0.2	  1.4	0.123	0.000	0.000
263	  T	  4.0	  1.2	0.304	0.000	0.000
264	  C	  4.2	  0.2	0.304	0.000	0.000
265	  K	  4.3	  0.2	0.304	0.000	0.000
266	  E	  0.8	  0.2	0.304	0.000	0.000
267	  R	  1.3	  0.2	0.304	0.000	0.000
268	  C	  1.5	  0.8	0.181	0.000	0.000
269	  S	  1.3	  0.8	0.000	0.000	0.000
270	  G	  0.4	  1.0	0.000	0.000	0.000
271	  Q	  0.0	  1.5	0.000	0.000	0.000
272	  E	  0.0	  1.2	0.000	0.000	0.000
273	  G	  0.0	  1.1	0.000	0.000	0.000
274	  C	  0.4	  1.2	0.000	0.000	0.000
275	  K	  0.8	  0.6	0.000	0.000	0.000
276	  S	  1.7	  0.3	0.000	0.314	0.314
277	  Y	  3.0	  0.3	0.000	1.551	1.551
278	  V	  6.6	  0.0	0.000	1.551	1.551
279	  F	 10.4	  0.0	0.000	1.551	1.551
280	  C	  8.9	  0.0	0.000	1.551	1.551
281	  L	  5.1	  0.0	0.000	1.237	1.237
282	  P	  0.2	  0.0	0.000	0.630	0.630
283	  D	  0.0	  1.4	0.000	0.000	0.000
284	  P	  0.0	  1.6	0.000	0.000	0.000
285	  Y	  0.5	  2.7	0.000	0.000	0.000
286	  G	  0.6	  2.7	0.000	0.000	0.000
287	  C	  4.7	  1.4	0.000	0.000	0.000
288	  S	  5.1	  1.2	0.551	0.000	0.000
289	  C	  5.2	  0.7	0.551	0.000	0.000
290	  A	  1.2	  0.7	0.551	0.000	0.000
291	  T	  0.3	  0.6	0.551	0.000	0.000
292	  G	  0.1	  0.6	0.551	0.000	0.000
293	  W	  0.1	  0.5	0.551	0.000	0.000
294	  K	  0.1	  0.5	0.185	0.000	0.000
295	  G	  0.1	  0.5	0.000	0.000	0.000
296	  L	  1.8	  0.5	0.000	0.000	0.000
297	  Q	  2.2	  0.0	0.000	0.000	0.000
298	  C	  2.3	  0.1	0.000	0.000	0.000
299	  N	  0.6	  0.2	0.000	0.000	0.000
300	  E	  0.2	  0.1	0.000	0.000	0.000
301	  A	  0.5	  0.1	0.000	0.000	0.000
302	  C	  0.7	  0.1	0.000	0.000	0.000
303	  H	  0.6	  3.3	0.000	0.000	0.000
304	  P	  0.2	  3.3	0.000	0.000	0.000
305	  G	  0.0	  3.3	0.000	0.000	0.000
306	  F	  1.0	  3.3	0.000	0.000	0.000
307	  Y	  1.0	  0.2	0.000	0.000	0.000
308	  G	  1.0	  2.2	0.253	0.000	0.000
309	  P	  0.0	  2.2	0.253	0.000	0.000
310	  D	  0.2	  2.2	0.687	0.000	0.000
311	  C	  0.7	  2.1	0.687	0.000	0.000
312	  K	  1.4	  0.1	0.687	0.000	0.000
313	  L	  4.1	  0.1	0.687	0.000	0.000
314	  R	  4.3	  0.1	0.687	0.000	0.000
315	  C	  7.6	  0.1	0.585	0.000	0.000
316	  S	 12.5	  0.6	0.135	0.000	0.000
317	  C	 11.8	  0.9	0.000	0.000	0.000
318	  N	  8.2	  1.8	0.000	0.000	0.000
319	  N	  0.2	  1.8	0.000	0.000	0.000
320	  G	  0.0	  1.3	0.144	0.000	0.000
321	  E	  0.2	  1.0	0.144	0.000	0.000
322	  M	  0.5	  0.1	0.144	0.000	0.000
323	  C	  0.7	  0.1	0.144	0.000	0.000
324	  D	  0.5	  0.1	0.144	0.000	0.000
325	  R	  1.5	  0.1	0.144	0.000	0.000
326	  F	  1.8	  0.6	0.144	0.000	0.000
327	  Q	  1.8	  0.7	0.000	0.000	0.000
328	  G	  0.5	  0.7	0.000	0.000	0.000
329	  C	  1.3	  0.7	0.000	0.000	0.000
330	  L	  2.1	  0.2	0.000	0.000	0.000
331	  C	  2.3	  0.0	0.000	0.000	0.000
332	  S	  1.0	  2.6	0.000	0.000	0.000
333	  P	  0.2	  2.6	0.000	0.000	0.000
334	  G	  0.0	  2.6	0.000	0.000	0.000
335	  W	  0.1	  2.8	0.000	0.000	0.000
336	  Q	  0.1	  0.3	0.000	0.000	0.000
337	  G	  0.1	  0.3	0.000	0.000	0.000
338	  L	  1.8	  0.3	0.000	0.000	0.000
339	  Q	  4.0	  0.0	0.000	0.000	0.000
340	  C	  5.7	  0.1	0.192	0.000	0.000
341	  E	  4.1	  0.2	0.192	0.000	0.000
342	  R	  1.8	  0.4	0.336	0.000	0.000
343	  E	  0.1	  0.5	0.336	0.000	0.000
344	  G	  0.0	  0.4	0.336	0.000	0.000
345	  I	  0.6	  0.3	0.336	0.000	0.000
346	  Q	  0.9	  0.1	0.336	0.000	0.000
347	  R	  2.2	  0.0	0.336	0.000	0.000
348	  M	  1.8	  0.0	0.336	0.000	0.000
349	  T	  1.6	  0.1	0.000	0.000	0.000
350	  P	  0.2	  0.2	0.000	0.000	0.000
351	  K	  1.6	  0.2	0.000	0.000	0.000
352	  I	  2.5	  0.2	0.000	0.000	0.000
353	  V	  7.4	  0.0	0.000	0.000	0.000
354	  D	  5.9	  0.0	0.000	0.000	0.000
355	  L	  4.9	  0.7	0.000	0.000	0.000
356	  P	  0.0	  0.7	0.000	0.000	0.000
357	  D	  0.3	  0.7	0.000	0.000	0.000
358	  H	  5.1	  0.7	0.000	0.000	0.000
359	  I	 13.2	  0.0	0.000	0.000	0.000
360	  E	 18.3	  0.0	0.000	0.000	0.000
361	  V	 15.2	  0.1	0.000	0.000	0.000
362	  N	  7.4	  0.7	0.000	0.000	0.000
363	  S	  1.5	  1.0	0.000	0.000	0.000
364	  G	  0.0	  1.0	0.000	0.000	0.000
365	  K	  1.5	  0.9	0.000	0.000	0.000
366	  F	  1.7	  0.3	0.000	0.000	0.000
367	  N	  1.6	  0.0	0.327	0.000	0.000
368	  P	  0.2	  0.0	0.327	0.000	0.000
369	  I	  0.2	  0.0	0.327	0.000	0.000
370	  C	  1.3	  0.1	0.327	0.000	0.000
371	  K	  1.5	  0.5	0.327	0.000	0.000
372	  A	  1.3	  0.7	0.327	0.000	0.000
373	  S	  0.3	  0.7	0.179	0.000	0.000
374	  G	  0.1	  0.7	0.000	0.000	0.000
375	  W	  0.1	  0.3	0.000	0.000	0.000
376	  P	  0.0	  0.0	0.000	0.000	0.000
377	  L	  0.0	  0.3	0.000	0.000	0.000
378	  P	  0.0	  0.3	0.000	0.000	0.000
379	  T	  0.1	  0.4	0.000	0.000	0.000
380	  N	  0.1	  0.4	0.151	0.000	0.000
381	  E	  0.1	  0.1	0.151	0.000	0.000
382	  E	  0.7	  0.1	0.151	0.000	0.000
383	  M	  3.5	  0.1	0.151	0.000	0.000
384	  T	  4.7	  0.0	0.151	0.000	0.000
385	  L	  5.1	  0.0	0.151	0.000	0.000
386	  V	  3.0	  0.0	0.151	0.000	0.000
387	  K	  1.8	  4.1	0.151	0.000	0.000
388	  P	  0.6	  4.3	0.000	0.000	0.000
389	  D	  0.0	  4.3	0.000	0.000	0.000
390	  G	  0.0	  4.3	0.000	0.000	0.000
391	  T	  3.8	  0.2	0.000	0.000	0.000
392	  V	  7.7	  0.0	0.000	0.000	0.000
393	  L	  7.7	  0.0	0.000	0.000	0.000
394	  H	  4.1	  0.5	0.000	0.000	0.000
395	  P	  0.1	  0.8	0.000	0.000	0.000
396	  K	  0.1	  0.8	0.000	0.000	0.000
397	  D	  0.6	  1.3	0.000	0.000	0.000
398	  F	  1.5	  0.9	0.000	0.000	0.000
399	  N	  1.5	  0.6	0.000	0.000	0.000
400	  H	  1.3	  0.7	0.000	0.000	0.000
401	  T	  0.6	  0.3	0.000	0.000	0.000
402	  D	  0.8	  0.3	0.000	0.000	0.000
403	  H	  3.9	  0.2	0.000	0.677	0.677
404	  F	  8.7	  0.1	0.000	84.209	84.209
405	  S	  8.9	  0.0	0.000	85.658	85.658
406	  V	  8.3	  0.0	0.000	95.454	95.454
407	  A	  3.6	  0.0	0.000	96.116	96.116
408	  I	  4.3	  0.0	0.000	96.122	96.122
409	  F	  9.5	  0.0	0.000	95.935	95.935
410	  T	 12.3	  0.0	0.162	93.274	93.274
411	  I	 12.4	  0.0	0.162	89.740	89.740
412	  H	  6.9	  0.0	0.162	0.655	0.655
413	  R	  9.1	  0.0	0.162	0.000	0.000
414	  I	  7.8	  0.0	0.162	0.000	0.000
415	  L	  5.4	  0.0	0.162	0.000	0.000
416	  P	  0.0	  1.0	0.000	0.000	0.000
417	  P	  0.0	  1.3	0.000	0.000	0.000
418	  D	  0.0	  1.5	0.000	0.000	0.000
419	  S	  0.0	  1.5	0.000	0.261	0.261
420	  G	  0.1	  0.5	0.000	2.271	2.271
421	  V	  4.1	  0.2	0.000	51.272	51.272
422	  W	  5.3	  0.0	0.000	55.219	55.219
423	  V	  6.2	  0.0	0.000	55.289	55.289
424	  C	  4.4	  0.0	0.000	55.229	55.229
425	  S	  7.9	  0.2	0.000	54.715	54.715
426	  V	  8.1	  0.2	0.000	53.229	53.229
427	  N	  6.9	  0.2	0.000	30.574	30.574
428	  T	  6.0	  0.2	0.000	30.273	30.273
429	  V	  5.3	  0.2	0.000	30.999	30.999
430	  A	  4.4	  0.2	0.000	24.903	24.903
431	  G	  0.6	  0.2	0.000	19.681	19.681
432	  M	  0.3	  0.2	0.000	19.266	19.266
433	  V	  2.6	  0.0	0.000	19.093	19.093
434	  E	  2.6	  0.0	0.000	0.000	0.000
435	  K	  2.3	  0.0	0.000	0.000	0.000
436	  P	  0.0	  0.0	0.000	0.000	0.000
437	  F	  4.1	  0.0	0.000	0.000	0.000
438	  N	  5.1	  0.0	0.000	0.000	0.000
439	  I	  8.9	  0.0	0.000	0.000	0.000
440	  S	  6.3	  0.0	0.000	0.000	0.000
441	  V	 19.6	  0.0	0.000	0.000	0.000
442	  K	 17.5	  0.0	0.000	0.000	0.000
443	  V	 16.4	  0.0	0.000	0.000	0.000
444	  L	  2.5	  0.0	0.000	0.000	0.000
445	  P	  0.4	  0.0	0.000	0.000	0.000
446	  K	  0.0	  0.1	0.000	0.000	0.000
447	  P	  0.0	  0.3	0.000	0.000	0.000
448	  L	  0.8	  0.3	0.000	0.000	0.000
449	  N	  0.8	  0.3	0.000	0.000	0.000
450	  A	  0.8	  0.8	0.000	0.000	0.000
451	  P	  0.0	  0.6	0.000	0.000	0.000
452	  N	  3.3	  0.6	0.000	0.000	0.000
453	  V	  8.3	  0.6	0.000	0.000	0.000
454	  I	  9.7	  0.1	0.000	0.000	0.000
455	  D	  6.4	  0.5	0.000	0.000	0.000
456	  T	  1.5	  0.7	0.000	0.000	0.000
457	  G	  0.1	  0.7	0.000	0.000	0.000
458	  H	  0.5	  0.6	0.000	0.000	0.000
459	  N	  0.6	  0.2	0.000	2.886	2.886
460	  F	  1.7	  0.1	0.000	28.620	28.620
461	  A	  2.2	  0.0	0.000	30.739	30.739
462	  V	  8.0	  0.0	0.000	30.848	30.848
463	  I	 14.4	  0.0	0.000	30.848	30.848
464	  N	 14.5	  0.2	0.000	28.824	28.824
465	  I	  9.5	  0.2	0.000	26.798	26.798
466	  S	  2.1	  0.2	0.000	1.783	1.783
467	  S	  0.8	  0.2	0.000	0.175	0.175
468	  E	  0.3	  0.0	0.000	0.000	0.000
469	  P	  0.0	  0.0	0.000	0.000	0.000
470	  Y	  1.0	  0.2	0.000	0.000	0.000
471	  F	  1.0	  5.4	0.000	0.000	0.000
472	  G	  1.0	  5.4	0.000	0.000	0.000
473	  D	  0.1	  5.4	0.000	0.000	0.000
474	  G	  0.0	  5.3	0.655	0.000	0.000
475	  P	  0.0	  0.0	0.655	0.000	0.000
476	  I	  1.4	  0.1	0.655	0.000	0.000
477	  K	  1.9	  0.1	0.655	0.000	0.000
478	  S	  2.0	  0.2	1.246	0.000	0.000
479	  K	  0.7	  0.2	1.246	0.000	0.000
480	  K	  0.5	  0.2	0.714	0.000	0.000
481	  L	  0.9	  0.1	0.591	0.000	0.000
482	  L	  1.3	  0.0	0.591	0.000	0.000
483	  Y	  1.2	  0.0	0.591	0.000	0.000
484	  K	  0.7	  0.0	0.213	0.000	0.000
485	  P	  0.2	  0.0	0.000	0.000	0.000
486	  V	  1.2	  0.0	0.000	0.000	0.000
487	  N	  1.8	  0.0	0.962	0.000	0.000
488	  H	  5.5	  0.0	0.962	0.000	0.000
489	  Y	  6.6	  0.0	0.962	0.000	0.000
490	  E	  6.1	  0.0	0.962	0.000	0.000
491	  A	  2.7	  0.0	0.962	0.000	0.000
492	  W	  1.4	  0.1	0.962	0.000	0.000
493	  Q	  1.9	  0.1	0.962	0.000	0.000
494	  H	  3.9	  0.1	0.542	0.000	0.000
495	  I	  3.8	  0.1	0.173	0.000	0.000
496	  Q	  4.0	  0.0	0.173	0.000	0.000
497	  V	  3.5	  0.0	0.000	0.000	0.000
498	  T	  2.6	  0.0	0.000	0.000	0.000
499	  N	  1.9	  0.0	0.000	0.000	0.000
500	  E	  0.4	  0.0	0.000	0.000	0.000
501	  I	  4.5	  0.0	0.000	3.308	3.308
502	  V	 11.5	  0.0	0.000	3.536	3.536
503	  T	 12.9	  0.1	0.000	3.536	3.536
504	  L	 10.5	  0.1	0.000	3.536	3.536
505	  N	  3.6	  0.1	0.000	3.536	3.536
506	  Y	  3.3	  0.1	0.000	3.175	3.175
507	  L	  1.7	  0.0	0.000	2.718	2.718
508	  E	  1.7	  0.0	0.000	0.000	0.000
509	  P	  0.1	  0.1	0.000	0.000	0.000
510	  R	  0.1	  0.1	0.000	0.000	0.000
511	  T	  0.3	  0.1	1.232	0.000	0.000
512	  E	  1.1	  0.1	1.232	0.000	0.000
513	  Y	  3.3	  0.1	1.232	0.000	0.000
514	  E	  3.2	  0.1	1.232	0.000	0.000
515	  L	  3.2	  0.1	1.232	2.390	2.390
516	  C	  3.6	  0.1	1.652	2.740	2.740
517	  V	  7.8	  0.0	1.395	2.740	2.740
518	  Q	  7.8	  0.0	1.395	2.740	2.740
519	  L	  5.4	  0.0	0.923	2.740	2.740
520	  V	  2.3	  0.1	0.731	2.299	2.299
521	  R	  1.6	  0.2	0.731	0.000	0.000
522	  R	  1.4	  0.3	0.113	0.000	0.000
523	  G	  0.2	  0.7	0.000	0.000	0.000
524	  E	  0.0	  1.4	0.000	0.000	0.000
525	  G	  0.0	  1.4	0.000	0.000	0.000
526	  G	  0.0	  2.2	0.000	0.000	0.000
527	  E	  0.0	  1.8	0.000	0.000	0.000
528	  G	  0.0	  1.0	0.000	0.000	0.000
529	  H	  0.0	  0.8	0.000	0.000	0.000
530	  P	  0.0	  0.0	0.000	0.000	0.000
531	  G	  0.0	  0.0	0.207	0.000	0.000
532	  P	  0.0	  0.0	0.207	0.000	0.000
533	  V	  1.3	  0.1	0.207	0.000	0.000
534	  R	  2.2	  0.0	0.207	0.000	0.000
535	  R	  4.1	  0.0	0.207	0.000	0.000
536	  F	  4.4	  0.1	0.207	0.000	0.000
537	  T	  4.1	  0.0	0.000	0.000	0.000
538	  T	  5.2	  0.2	0.000	0.000	0.000
539	  A	  4.0	  0.2	0.000	0.000	0.000
540	  S	  3.5	  0.2	0.000	0.000	0.000
541	  I	  1.2	  0.1	0.000	0.000	0.000
542	  G	  0.7	  0.0	0.000	0.000	0.000
543	  L	  0.5	  0.0	0.000	0.000	0.000
544	  P	  0.0	  0.0	0.000	0.000	0.000
545	  P	  0.0	  0.7	0.000	0.000	0.000
546	  P	  0.0	  0.8	0.000	0.000	0.000
547	  R	  0.1	  0.8	0.000	0.000	0.000
548	  G	  0.2	  1.0	0.000	0.000	0.000
549	  L	  1.8	  0.3	0.000	0.000	0.000
550	  N	  1.7	  0.2	0.000	0.000	0.000
551	  L	  1.7	  0.1	0.000	0.000	0.000
552	  L	  0.1	  0.2	0.000	0.000	0.000
553	  P	  0.1	  0.3	0.000	0.000	0.000
554	  K	  0.3	  0.3	0.000	0.000	0.000
555	  S	  0.6	  0.4	0.619	0.000	0.000
556	  Q	  0.7	  0.2	0.619	0.000	0.000
557	  T	  1.3	  0.1	0.619	0.000	0.000
558	  T	  2.3	  0.1	0.619	0.000	0.000
559	  L	  3.3	  0.0	0.619	0.180	0.180
560	  N	  2.7	  0.0	0.619	0.180	0.180
561	  L	  4.2	  0.0	0.360	0.180	0.180
562	  T	 28.8	  0.0	0.176	0.180	0.180
563	  W	 28.8	  0.0	0.176	0.180	0.180
564	  Q	 26.2	  0.0	0.176	0.000	0.000
565	  P	  0.3	  0.0	0.000	0.000	0.000
566	  I	  0.1	  0.0	0.000	0.000	0.000
567	  F	  0.1	  0.4	0.000	0.000	0.000
568	  P	  0.1	  0.6	0.000	0.000	0.000
569	  S	  0.1	  0.7	0.000	0.000	0.000
570	  S	  0.2	  3.3	0.000	0.000	0.000
571	  E	  0.2	  3.0	0.000	0.000	0.000
572	  D	  0.1	  2.8	0.000	0.000	0.000
573	  D	  0.9	  2.7	0.239	0.000	0.000
574	  F	  2.0	  0.1	0.239	0.000	0.000
575	  Y	  3.7	  0.0	0.239	0.000	0.000
576	  V	 21.4	  0.0	1.003	0.000	0.000
577	  E	 22.0	  0.0	1.108	0.000	0.000
578	  V	 21.6	  0.0	1.108	0.000	0.000
579	  E	  3.9	  0.0	1.224	0.000	0.000
580	  R	  1.7	  0.1	1.224	0.000	0.000
581	  R	  1.2	  0.1	1.224	0.000	0.000
582	  S	  2.4	  0.1	0.771	0.000	0.000
583	  V	  2.9	  0.1	0.259	0.000	0.000
584	  Q	  2.3	  0.1	0.259	0.000	0.000
585	  K	  1.0	  0.5	0.000	0.000	0.000
586	  S	  0.3	  0.6	0.000	0.000	0.000
587	  D	  0.1	  0.7	0.000	0.000	0.000
588	  Q	  0.2	  0.7	0.000	0.000	0.000
589	  Q	  0.4	  0.3	0.000	0.000	0.000
590	  N	  2.3	  0.2	0.000	0.000	0.000
591	  I	 14.1	  0.1	0.000	0.000	0.000
592	  K	 14.1	  0.0	0.000	0.000	0.000
593	  V	 12.3	  0.3	0.000	0.000	0.000
594	  P	  0.2	  0.9	0.000	0.000	0.000
595	  G	  0.0	  0.9	0.000	0.000	0.000
596	  N	  0.3	  0.9	0.224	0.305	0.305
597	  L	  0.9	  0.7	0.224	9.880	9.880
598	  T	  1.8	  0.0	0.422	11.315	11.315
599	  S	  2.0	  0.0	0.422	11.315	11.315
600	  V	  5.4	  0.0	0.422	11.477	11.477
601	  L	  5.0	  0.1	0.422	11.477	11.477
602	  L	  4.6	  0.2	0.422	10.042	10.042
603	  N	  0.7	  0.2	0.422	0.467	0.467
604	  N	  0.3	  0.2	0.000	0.162	0.162
605	  L	  0.2	  0.1	0.000	0.162	0.162
606	  H	  0.3	  0.4	0.000	0.000	0.000
607	  P	  0.1	  0.4	0.000	0.000	0.000
608	  R	  0.0	  0.5	0.000	0.000	0.000
609	  E	  0.2	  0.5	0.000	0.000	0.000
610	  Q	  1.7	  0.1	0.000	0.000	0.000
611	  Y	  4.0	  0.1	0.000	0.000	0.000
612	  V	  6.5	  0.0	0.000	0.000	0.000
613	  V	  6.1	  0.0	0.000	0.000	0.000
614	  R	  3.9	  0.0	0.000	0.000	0.000
615	  A	  1.6	  0.0	0.000	0.000	0.000
616	  R	  7.0	  0.0	0.000	0.000	0.000
617	  V	  8.1	  0.0	0.000	0.000	0.000
618	  N	  8.2	  0.0	0.000	0.000	0.000
619	  T	  2.3	  0.1	0.000	0.000	0.000
620	  K	  1.1	  0.3	0.000	0.000	0.000
621	  A	  0.6	  0.5	0.000	0.000	0.000
622	  Q	  0.2	  0.5	0.000	0.000	0.000
623	  G	  0.0	  0.5	0.000	0.000	0.000
624	  E	  1.0	  0.3	0.000	0.000	0.000
625	  W	  1.4	  0.1	0.000	0.000	0.000
626	  S	  1.5	  2.2	0.118	0.000	0.000
627	  E	  0.4	  2.2	0.118	0.000	0.000
628	  D	  0.2	  2.2	0.118	0.000	0.000
629	  L	  0.9	  2.1	0.118	0.000	0.000
630	  T	  1.6	  0.0	0.238	0.000	0.000
631	  A	  1.6	  0.0	0.238	0.000	0.000
632	  W	  3.8	  0.0	0.238	0.000	0.000
633	  T	  8.6	  0.0	0.665	0.000	0.000
634	  L	  8.4	  0.2	0.665	0.000	0.000
635	  S	  5.8	  0.2	0.665	0.000	0.000
636	  D	  0.2	  0.2	0.545	0.000	0.000
637	  I	  0.2	  0.2	0.545	0.000	0.000
638	  L	  0.2	  0.0	0.545	0.000	0.000
639	  P	  0.0	  0.0	0.000	0.000	0.000
640	  P	  0.0	  0.0	0.000	0.000	0.000
641	  Q	  0.0	  0.2	0.000	0.000	0.000
642	  P	  0.0	  0.4	0.000	0.000	0.000
643	  E	  0.0	  0.4	0.000	0.000	0.000
644	  N	  2.0	  0.4	0.000	0.000	0.000
645	  I	  7.3	  0.3	0.000	0.000	0.000
646	  K	  8.1	  0.0	0.000	0.000	0.000
647	  I	  6.1	  0.1	0.000	0.000	0.000
648	  S	  0.9	  0.1	0.000	0.000	0.000
649	  N	  2.6	  0.1	0.000	0.000	0.000
650	  I	  4.9	  0.1	0.000	0.000	0.000
651	  T	  6.9	  0.0	0.000	0.000	0.000
652	  H	  4.4	  0.3	0.000	0.000	0.000
653	  S	  2.2	  0.3	0.000	0.429	0.429
654	  S	  0.4	  0.3	0.000	4.142	4.142
655	  A	  1.3	  0.3	0.000	28.711	28.711
656	  V	  5.2	  0.0	0.000	56.049	56.049
657	  I	  8.2	  0.0	0.000	58.286	58.286
658	  S	 12.3	  0.0	0.000	58.459	58.459
659	  W	 13.2	  0.0	0.000	58.459	58.459
660	  T	 12.4	  0.0	0.000	56.841	56.841
661	  I	  7.7	  0.1	0.000	54.864	54.864
662	  L	  2.9	  1.1	0.000	46.398	46.398
663	  D	  0.5	  1.1	0.000	0.000	0.000
664	  G	  0.1	  1.1	0.000	0.000	0.000
665	  Y	  3.6	  1.0	0.000	0.831	0.831
666	  S	  8.4	  0.1	0.000	0.831	0.831
667	  I	  8.8	  0.2	0.000	1.107	1.107
668	  S	  5.8	  0.2	1.038	1.107	1.107
669	  S	  3.0	  0.2	1.164	1.107	1.107
670	  I	 14.3	  0.0	1.164	1.107	1.107
671	  T	 20.1	  0.0	1.417	1.107	1.107
672	  I	 20.4	  0.0	1.417	1.107	1.107
673	  R	  9.7	  0.0	1.417	0.000	0.000
674	  Y	  5.3	  0.0	0.762	0.000	0.000
675	  K	  3.9	  0.0	0.351	0.000	0.000
676	  V	  3.6	  0.2	0.253	0.000	0.000
677	  Q	  1.6	  0.3	0.253	0.000	0.000
678	  G	  0.2	  0.6	0.000	0.000	0.000
679	  K	  0.1	  0.6	0.000	0.000	0.000
680	  N	  0.1	  2.7	0.000	0.000	0.000
681	  E	  0.1	  2.6	0.000	0.000	0.000
682	  D	  0.1	  2.4	0.000	0.000	0.000
683	  Q	  0.6	  2.3	0.000	0.000	0.000
684	  H	  1.8	  0.1	0.000	0.000	0.000
685	  V	  9.7	  0.1	0.000	0.000	0.000
686	  D	 10.4	  0.0	0.315	0.000	0.000
687	  V	 16.2	  0.0	0.315	0.000	0.000
688	  K	 10.8	  0.0	0.315	0.000	0.000
689	  I	  9.5	  0.1	0.315	0.000	0.000
690	  K	  2.9	  0.1	0.315	0.000	0.000
691	  N	  0.3	  0.1	0.315	0.000	0.000
692	  A	  0.8	  0.1	0.131	0.000	0.000
693	  T	 11.7	  0.0	0.000	0.000	0.000
694	  I	 15.4	  0.0	0.000	0.000	0.000
695	  T	 16.7	  0.0	0.387	0.000	0.000
696	  Q	  9.3	  0.0	0.387	0.000	0.000
697	  Y	  8.4	  0.0	0.387	0.000	0.000
698	  Q	  7.1	  0.0	0.387	0.000	0.000
699	  L	  3.9	  0.2	0.387	0.000	0.000
700	  K	  1.0	  0.2	0.387	0.000	0.000
701	  G	  0.1	  0.2	0.191	0.000	0.000
702	  L	  0.2	  0.2	0.000	0.000	0.000
703	  E	  0.2	  0.0	0.132	0.000	0.000
704	  P	  0.1	  0.1	0.132	0.000	0.000
705	  E	  0.1	  0.1	0.132	0.000	0.000
706	  T	  0.9	  0.1	0.132	0.000	0.000
707	  A	  1.3	  0.1	0.132	0.000	0.000
708	  Y	  3.9	  0.0	0.132	0.000	0.000
709	  Q	  3.5	  0.0	0.000	0.000	0.000
710	  V	  7.7	  0.0	0.000	0.000	0.000
711	  D	  6.4	  0.0	0.000	0.000	0.000
712	  I	  6.7	  0.0	0.000	0.000	0.000
713	  F	  2.4	  0.0	0.000	0.000	0.000
714	  A	  1.1	  0.3	0.000	0.000	0.000
715	  E	  0.4	  0.3	0.000	0.000	0.000
716	  N	  0.2	  0.3	0.000	0.000	0.000
717	  N	  0.2	  0.7	0.000	0.000	0.000
718	  I	  0.3	  1.4	0.000	0.000	0.000
719	  G	  0.1	  1.6	0.000	0.000	0.000
720	  S	  0.2	  1.6	0.000	0.000	0.000
721	  S	  0.2	  1.2	0.000	0.000	0.000
722	  N	  0.1	  0.2	0.000	0.000	0.000
723	  P	  0.0	  0.0	0.000	0.000	0.000
724	  A	  0.5	  0.0	0.000	0.000	0.000
725	  F	  2.8	  0.1	0.000	0.000	0.000
726	  S	  3.4	  0.1	0.000	0.000	0.000
727	  H	  3.2	  0.1	0.000	0.000	0.000
728	  E	  1.0	  0.1	0.000	0.000	0.000
729	  L	  0.7	  0.1	0.000	0.000	0.000
730	  V	 14.7	  0.1	0.000	0.000	0.000
731	  T	 14.9	  0.0	0.000	0.000	0.000
732	  L	 14.5	  0.1	0.000	0.000	0.000
733	  P	  0.2	  0.3	0.000	0.000	0.000
734	  E	  0.1	  0.3	0.000	0.000	0.000
735	  S	  0.3	  0.3	0.000	0.000	0.000
736	  Q	  0.4	  0.2	0.000	0.000	0.000
737	  A	  0.3	  0.0	0.000	0.000	0.000
738	  P	  0.0	  0.4	0.000	0.000	0.000
739	  A	  0.0	  0.5	0.000	0.000	0.000
740	  D	  0.0	  0.8	0.000	0.000	0.000
741	  L	  0.1	  1.0	0.000	0.000	0.000
742	  G	  0.0	  1.2	0.431	0.000	0.000
743	  G	  0.0	  1.3	0.584	0.000	0.000
744	  G	  0.0	  1.1	1.990	0.000	0.000
745	  K	  0.3	  0.9	2.352	0.000	0.000
746	  M	  1.4	  0.1	2.665	9.967	9.967
747	  L	  2.3	  0.0	3.018	18.422	18.422
748	  L	  2.5	  0.0	3.142	21.325	21.325
749	  I	  3.9	  0.0	3.142	21.334	21.334
750	  A	  3.6	  0.0	3.142	21.335	21.335
751	  I	  4.2	  0.0	3.142	21.017	21.017
752	  L	  1.8	  0.2	3.142	15.320	15.320
753	  G	  1.3	  0.3	2.877	0.269	0.269
754	  S	  0.2	  0.8	1.907	0.100	0.100
755	  A	  0.2	  0.8	0.000	0.612	0.612
756	  G	  0.2	  0.5	0.961	1.234	1.234
757	  M	  3.8	  0.4	1.022	8.160	8.160
758	  T	  5.0	  0.0	5.930	14.232	14.232
759	  C	  5.1	  0.0	17.545	24.439	24.439
760	  L	  3.5	  0.0	18.689	73.288	73.288
761	  T	  4.4	  0.0	27.613	82.235	82.235
762	  V	  6.3	  0.0	31.108	98.293	98.293
763	  L	  4.5	  0.0	35.372	99.657	99.657
764	  L	  2.5	  0.0	35.936	99.906	99.906
765	  A	  0.4	  0.0	36.271	99.948	99.948
766	  F	  0.8	  0.0	36.544	99.992	99.992
767	  L	  1.5	  0.0	35.619	99.969	99.969
768	  I	  4.8	  0.0	35.921	99.846	99.846
769	  I	  5.2	  0.0	35.990	98.502	98.502
770	  L	  5.2	  0.0	35.990	83.862	83.862
771	  Q	  2.3	  0.0	35.669	3.915	3.915
772	  L	  1.5	  0.0	30.589	2.607	2.607
773	  K	  0.7	  0.1	26.875	0.000	0.000
774	  R	  0.4	  0.2	14.670	0.000	0.000
775	  A	  0.4	  0.2	7.413	0.000	0.000
776	  N	  1.3	  0.2	5.915	0.000	0.000
777	  V	  2.0	  0.2	3.428	0.000	0.000
778	  Q	  2.2	  0.0	3.361	0.000	0.000
779	  R	  1.6	  0.0	1.632	0.000	0.000
780	  R	  0.8	  0.0	1.167	0.000	0.000
781	  M	  0.6	  0.0	0.940	0.000	0.000
782	  A	  0.2	  0.0	0.801	0.000	0.000
783	  Q	  0.5	  0.0	0.801	0.000	0.000
784	  A	  0.9	  0.0	0.639	0.000	0.000
785	  F	  2.6	  0.4	0.509	0.000	0.000
786	  Q	  2.7	  0.4	0.317	0.000	0.000
787	  N	  5.6	  0.4	0.194	0.000	0.000
788	  V	  4.4	  0.4	0.000	0.000	0.000
789	  R	  3.8	  0.0	0.000	0.000	0.000
790	  E	  0.5	  0.0	0.000	0.000	0.000
791	  E	  0.1	  0.0	0.000	0.000	0.000
792	  P	  0.0	  0.0	0.000	0.000	0.000
793	  A	  0.5	  0.0	0.000	0.000	0.000
794	  V	  3.7	  0.0	0.000	0.000	0.000
795	  Q	  5.6	  0.0	0.000	0.000	0.000
796	  F	  6.4	  0.1	0.000	0.000	0.000
797	  N	  3.3	  0.4	6.631	0.000	0.000
798	  S	  1.3	  0.7	6.631	0.000	0.000
799	  G	  0.1	  0.7	7.104	0.000	0.000
800	  T	  0.5	  0.6	7.904	0.000	0.000
801	  L	  0.7	  0.3	8.051	0.000	0.000
802	  A	  0.9	  0.0	8.051	0.000	0.000
803	  L	  0.5	  0.0	8.051	0.000	0.000
804	  N	  0.2	  0.0	7.428	0.000	0.000
805	  R	  0.6	  0.0	5.349	0.000	0.000
806	  K	  4.6	  0.0	3.169	0.000	0.000
807	  V	  6.3	  0.2	0.966	0.000	0.000
808	  K	  5.8	  0.1	0.966	0.000	0.000
809	  N	  1.8	  0.1	0.676	0.000	0.000
810	  N	  0.1	  0.1	0.545	0.000	0.000
811	  P	  0.0	  0.0	0.000	0.000	0.000
812	  D	  0.0	  0.3	0.000	0.000	0.000
813	  P	  0.0	  0.3	0.000	0.000	0.000
814	  T	  4.4	  0.3	0.000	0.000	0.000
815	  I	  4.5	  0.3	0.000	0.000	0.000
816	  Y	  4.5	  0.0	0.000	0.000	0.000
817	  P	  0.2	  0.0	0.000	0.000	0.000
818	  V	  2.8	  0.1	0.000	0.000	0.000
819	  L	  3.8	  0.1	0.000	0.000	0.000
820	  D	  4.2	  1.1	0.298	0.000	0.000
821	  W	  1.7	  1.3	0.298	0.000	0.000
822	  N	  0.7	  1.1	0.408	0.000	0.000
823	  D	  1.4	  1.1	0.408	0.000	0.000
824	  I	  4.2	  0.1	0.408	0.000	0.000
825	  K	  5.0	  0.0	0.408	0.000	0.000
826	  F	  5.3	  0.4	0.236	0.000	0.000
827	  Q	  2.7	  0.4	0.110	0.000	0.000
828	  D	  3.5	  0.4	0.000	0.000	0.000
829	  V	  3.2	  0.4	0.000	0.000	0.000
830	  I	  2.9	  0.4	0.000	0.000	0.000
831	  G	  1.1	  0.7	0.000	0.000	0.000
832	  E	  0.0	  2.6	0.000	0.000	0.000
833	  G	  0.0	  2.6	0.000	0.000	0.000
834	  N	  0.0	  2.8	0.000	0.000	0.000
835	  F	  0.2	  2.6	0.000	0.000	0.000
836	  G	  0.2	  0.6	0.927	0.000	0.000
837	  Q	  0.7	  0.6	0.927	0.000	0.000
838	  V	  1.7	  0.1	1.086	0.000	0.000
839	  L	  2.0	  0.0	1.086	0.000	0.000
840	  K	  1.7	  0.0	1.086	0.000	0.000
841	  A	  1.2	  0.0	1.086	0.000	0.000
842	  R	  3.5	  0.0	0.841	0.000	0.000
843	  I	  3.8	  0.0	0.473	0.000	0.000
844	  K	  3.1	  1.3	0.473	0.000	0.000
845	  K	  0.5	  1.5	0.000	0.000	0.000
846	  D	  0.1	  1.6	0.000	0.000	0.000
847	  G	  0.0	  1.5	0.109	0.000	0.000
848	  L	  1.6	  0.3	0.217	0.000	0.000
849	  R	  3.8	  0.3	1.624	0.000	0.000
850	  M	  4.0	  0.3	2.234	0.000	0.000
851	  D	  2.5	  0.3	7.464	0.000	0.000
852	  A	  0.4	  0.3	7.841	0.000	0.000
853	  A	  0.6	  0.0	7.967	0.000	0.000
854	  I	  2.6	  0.0	7.967	0.000	0.000
855	  K	  2.6	  0.0	7.967	0.000	0.000
856	  R	  2.6	  0.0	7.513	0.000	0.000
857	  M	  0.6	  0.1	6.229	0.000	0.000
858	  K	  0.6	  0.1	3.874	0.000	0.000
859	  E	  0.6	  0.1	3.475	0.000	0.000
860	  Y	  1.3	  0.3	3.306	0.000	0.000
861	  A	  1.4	  0.2	1.505	0.000	0.000
862	  S	  1.5	  2.5	1.143	0.000	0.000
863	  K	  0.7	  2.8	0.276	0.000	0.000
864	  D	  0.5	  2.7	0.000	0.000	0.000
865	  D	  0.1	  2.7	0.000	0.000	0.000
866	  H	  0.3	  1.0	0.000	0.000	0.000
867	  R	  0.5	  0.7	0.000	0.000	0.000
868	  D	  0.5	  0.5	0.418	0.000	0.000
869	  F	  0.7	  0.9	0.531	0.000	0.000
870	  A	  0.5	  0.5	0.531	0.000	0.000
871	  G	  0.4	  0.5	3.275	0.000	0.000
872	  E	  0.2	  0.5	4.119	0.000	0.000
873	  L	  1.9	  0.2	4.233	0.000	0.000
874	  E	  2.3	  0.1	4.587	0.000	0.000
875	  V	  4.5	  0.0	4.587	0.000	0.000
876	  L	  3.0	  0.0	4.587	0.000	0.000
877	  C	  3.0	  0.2	4.460	0.000	0.000
878	  K	  0.8	  0.2	4.460	0.000	0.000
879	  L	  0.7	  0.3	3.216	0.000	0.000
880	  G	  0.2	  0.3	2.707	0.000	0.000
881	  H	  0.2	  0.1	0.760	0.000	0.000
882	  H	  0.1	  1.4	0.125	0.000	0.000
883	  P	  0.1	  1.3	0.000	0.000	0.000
884	  N	  2.7	  1.3	0.634	0.273	0.273
885	  I	  3.8	  1.3	0.634	8.995	8.995
886	  I	  8.0	  0.0	0.634	8.995	8.995
887	  N	  5.3	  0.0	0.634	8.995	8.995
888	  L	  4.3	  0.0	0.634	8.995	8.995
889	  L	  0.1	  0.1	0.634	8.995	8.995
890	  G	  0.1	  0.1	0.509	0.859	0.859
891	  A	  0.1	  0.1	0.000	0.203	0.203
892	  C	  2.1	  0.2	0.000	0.000	0.000
893	  E	  2.3	  0.2	0.000	0.000	0.000
894	  H	  2.4	  0.5	0.000	0.000	0.000
895	  R	  0.5	  0.5	0.000	0.000	0.000
896	  G	  0.3	  0.3	0.000	6.501	6.501
897	  Y	  0.9	  0.3	0.000	84.313	84.313
898	  L	  1.5	  0.0	0.000	87.077	87.077
899	  Y	  2.2	  0.0	0.000	87.077	87.077
900	  L	  1.8	  0.0	0.000	87.077	87.077
901	  A	  1.2	  0.0	0.000	86.994	86.994
902	  I	  3.5	  0.0	0.000	79.894	79.894
903	  E	  4.0	  0.0	0.000	0.000	0.000
904	  Y	  4.0	  0.0	0.000	0.000	0.000
905	  A	  1.1	  0.7	0.000	0.000	0.000
906	  P	  0.2	  0.8	0.000	0.000	0.000
907	  H	  0.0	  2.2	0.000	0.000	0.000
908	  G	  0.0	  2.2	0.754	0.000	0.000
909	  N	  0.1	  1.5	3.601	0.000	0.000
910	  L	  0.4	  1.7	3.725	0.000	0.000
911	  L	  1.6	  0.2	4.126	0.000	0.000
912	  D	  1.6	  0.2	5.634	0.000	0.000
913	  F	  2.3	  0.2	5.634	0.000	0.000
914	  L	  1.3	  0.0	5.634	0.000	0.000
915	  R	  1.5	  0.1	5.508	0.000	0.000
916	  K	  0.6	  0.2	4.937	0.000	0.000
917	  S	  0.6	  0.2	2.693	0.000	0.000
918	  R	  2.0	  0.1	0.311	0.000	0.000
919	  V	  3.3	  0.0	0.000	0.000	0.000
920	  L	  3.1	  0.1	0.000	0.000	0.000
921	  E	  1.7	  0.1	0.000	0.000	0.000
922	  T	  0.3	  0.1	0.000	0.000	0.000
923	  D	  0.2	  0.2	1.746	0.000	0.000
924	  P	  0.0	  0.1	1.746	0.000	0.000
925	  A	  0.2	  0.1	1.746	1.803	1.803
926	  F	  1.2	  0.1	1.746	2.030	2.030
927	  A	  1.4	  0.0	1.746	2.030	2.030
928	  I	  1.4	  0.1	1.746	2.030	2.030
929	  A	  0.4	  0.2	1.746	2.030	2.030
930	  N	  0.3	  0.3	1.598	0.227	0.227
931	  S	  0.3	  0.3	0.724	0.000	0.000
932	  T	  3.0	  0.3	0.000	0.000	0.000
933	  A	  3.0	  0.4	0.000	0.000	0.000
934	  S	  3.0	  0.2	0.000	0.000	0.000
935	  T	  5.8	  0.2	0.000	0.000	0.000
936	  L	  6.0	  0.2	0.000	0.000	0.000
937	  S	  6.0	  0.2	0.337	0.000	0.000
938	  S	  0.8	  0.2	0.588	0.000	0.000
939	  Q	  0.7	  0.3	0.588	0.000	0.000
940	  Q	  1.1	  0.2	0.588	0.000	0.000
941	  L	  1.4	  0.1	0.588	0.000	0.000
942	  L	  2.6	  0.0	0.588	0.000	0.000
943	  H	  3.6	  0.0	0.588	0.000	0.000
944	  F	  3.9	  0.0	0.323	0.000	0.000
945	  A	  2.4	  0.3	0.000	0.000	0.000
946	  A	  0.8	  0.3	0.000	0.000	0.000
947	  D	  0.3	  0.3	0.296	0.000	0.000
948	  V	  1.4	  0.3	0.296	0.000	0.000
949	  A	  1.4	  0.2	0.296	0.000	0.000
950	  R	  1.2	  0.2	0.296	0.000	0.000
951	  G	  0.2	  0.4	0.296	0.000	0.000
952	  M	  1.7	  0.4	0.296	0.000	0.000
953	  D	  1.7	  0.2	0.138	0.000	0.000
954	  Y	  2.6	  0.2	0.138	0.000	0.000
955	  L	  1.3	  0.1	0.138	0.000	0.000
956	  S	  1.5	  0.1	0.138	0.000	0.000
957	  Q	  0.7	  0.2	0.138	0.000	0.000
958	  K	  0.7	  0.2	0.138	0.000	0.000
959	  Q	  1.0	  0.1	0.000	0.000	0.000
960	  F	  1.5	  0.1	0.000	0.000	0.000
961	  I	  2.7	  0.0	0.000	0.000	0.000
962	  H	  2.4	  0.5	0.755	0.000	0.000
963	  R	  1.8	  0.5	0.881	0.000	0.000
964	  D	  0.3	  0.5	1.152	0.000	0.000
965	  L	  0.2	  0.5	1.152	0.000	0.000
966	  A	  0.2	  0.0	1.152	0.000	0.000
967	  A	  0.2	  0.1	1.152	0.000	0.000
968	  R	  0.5	  0.1	0.980	0.000	0.000
969	  N	  0.6	  0.1	0.551	0.397	0.397
970	  I	  4.0	  0.1	0.000	1.075	1.075
971	  L	  3.7	  0.0	0.000	1.075	1.075
972	  V	  3.7	  0.3	0.000	1.075	1.075
973	  G	  0.3	  0.6	0.000	1.075	1.075
974	  E	  0.2	  0.6	0.000	0.678	0.678
975	  N	  0.8	  0.6	4.145	0.678	0.678
976	  Y	  3.3	  0.4	4.145	1.309	1.309
977	  V	  4.0	  0.0	4.145	1.309	1.309
978	  A	  3.6	  0.0	4.145	1.309	1.309
979	  K	  2.4	  0.0	4.145	1.309	1.309
980	  I	  1.8	  0.4	4.145	1.309	1.309
981	  A	  1.5	  0.4	4.145	0.941	0.941
982	  D	  0.2	  0.4	3.426	0.631	0.631
983	  F	  0.2	  0.6	2.288	0.631	0.631
984	  G	  0.2	  0.1	1.001	0.495	0.495
985	  L	  0.3	  0.3	0.258	0.495	0.495
986	  S	  0.2	  0.7	0.000	0.000	0.000
987	  R	  0.2	  0.5	0.000	0.000	0.000
988	  G	  0.1	  0.6	0.000	0.000	0.000
989	  Q	  0.4	  0.4	0.000	0.000	0.000
990	  E	  2.2	  0.1	0.000	0.000	0.000
991	  V	  8.3	  0.0	0.000	0.000	0.000
992	  Y	 10.0	  0.0	0.000	0.000	0.000
993	  V	  8.9	  0.0	0.000	0.000	0.000
994	  K	  3.1	  0.1	0.000	0.000	0.000
995	  K	  1.1	  0.1	0.000	0.000	0.000
996	  T	  0.7	  0.3	0.000	0.000	0.000
997	  M	  0.5	  0.4	0.000	0.000	0.000
998	  G	  0.3	  0.4	0.000	0.000	0.000
999	  R	  0.1	  0.4	0.000	0.000	0.000
1000	  L	  0.1	  0.2	0.000	0.000	0.000
1001	  P	  0.1	  0.0	0.000	0.000	0.000
1002	  V	  2.0	  0.0	0.000	0.000	0.000
1003	  R	  2.5	  0.0	0.000	0.000	0.000
1004	  W	  2.9	  0.0	0.000	0.000	0.000
1005	  M	  1.4	  0.0	0.000	0.000	0.000
1006	  A	  1.1	  0.0	0.000	0.000	0.000
1007	  I	  1.2	  0.1	0.000	0.000	0.000
1008	  E	  0.7	  0.1	0.000	0.000	0.000
1009	  S	  3.4	  0.8	0.000	0.000	0.000
1010	  L	  4.6	  0.8	0.000	0.000	0.000
1011	  N	  5.6	  0.7	0.000	0.000	0.000
1012	  Y	  7.6	  0.7	0.000	0.998	0.998
1013	  S	  6.6	  0.0	0.000	0.998	0.998
1014	  V	  8.3	  0.0	0.000	0.998	0.998
1015	  Y	  5.1	  0.0	0.000	0.998	0.998
1016	  T	  4.8	  0.1	0.000	0.998	0.998
1017	  T	  2.9	  0.1	0.000	0.372	0.372
1018	  N	  1.3	  1.0	0.000	0.000	0.000
1019	  S	  0.8	  1.0	0.000	0.000	0.000
1020	  D	  1.9	  0.9	0.000	0.000	0.000
1021	  V	  5.1	  0.9	0.000	32.748	32.748
1022	  W	  8.7	  0.2	0.000	35.487	35.487
1023	  S	  7.5	  0.3	0.331	37.043	37.043
1024	  Y	  4.6	  0.3	0.331	49.036	49.036
1025	  G	  0.9	  0.3	0.783	50.493	50.493
1026	  V	  3.9	  0.2	0.783	50.493	50.493
1027	  L	  4.1	  0.1	1.030	49.968	49.968
1028	  L	  4.2	  0.0	1.030	46.784	46.784
1029	  W	  3.5	  0.0	1.030	39.206	39.206
1030	  E	  3.3	  0.0	1.030	0.000	0.000
1031	  I	  6.3	  0.0	0.895	0.099	0.099
1032	  V	  7.9	  0.1	0.895	0.099	0.099
1033	  S	  7.7	  0.1	0.895	0.099	0.099
1034	  L	  4.8	  0.6	0.342	0.099	0.099
1035	  G	  0.2	  0.6	0.342	0.099	0.099
1036	  G	  0.0	  0.5	0.000	0.000	0.000
1037	  T	  0.0	  0.8	0.000	0.000	0.000
1038	  P	  0.0	  0.3	0.000	0.000	0.000
1039	  Y	  1.5	  0.4	0.000	0.000	0.000
1040	  C	  1.6	  0.4	0.000	0.000	0.000
1041	  G	  1.7	  0.2	0.000	0.000	0.000
1042	  M	  5.8	  0.2	0.000	0.000	0.000
1043	  T	  7.1	  0.0	6.219	0.000	0.000
1044	  C	  7.4	  0.1	6.334	0.000	0.000
1045	  A	  2.0	  0.2	6.334	0.000	0.000
1046	  E	  0.5	  0.2	6.334	0.000	0.000
1047	  L	  0.4	  0.2	6.334	0.000	0.000
1048	  Y	  2.3	  0.2	6.334	0.000	0.000
1049	  E	  2.2	  0.1	4.920	0.000	0.000
1050	  K	  2.2	  0.1	3.128	0.000	0.000
1051	  L	  0.2	  0.7	1.187	0.000	0.000
1052	  P	  0.1	  0.8	0.000	0.000	0.000
1053	  Q	  0.0	  0.8	0.000	0.000	0.000
1054	  G	  0.1	  0.8	0.133	0.000	0.000
1055	  Y	  2.1	  0.3	0.133	0.000	0.000
1056	  R	  2.5	  0.0	0.133	0.000	0.000
1057	  L	  2.7	  0.0	0.133	0.000	0.000
1058	  E	  0.7	  0.0	0.133	0.000	0.000
1059	  K	  0.3	  0.1	0.133	0.000	0.000
1060	  P	  0.0	  0.3	0.000	0.000	0.000
1061	  L	  3.4	  0.3	0.000	0.000	0.000
1062	  N	  3.8	  1.1	0.000	0.000	0.000
1063	  C	  3.9	  1.3	0.000	0.000	0.000
1064	  D	  0.5	  1.2	0.499	0.000	0.000
1065	  D	  0.1	  1.1	4.324	0.000	0.000
1066	  E	  1.8	  0.3	4.953	0.000	0.000
1067	  V	  4.8	  0.1	4.953	0.000	0.000
1068	  Y	  5.9	  0.1	5.216	0.000	0.000
1069	  D	  4.2	  0.1	6.291	0.000	0.000
1070	  L	  1.3	  0.1	6.291	0.000	0.000
1071	  M	  0.5	  0.1	6.291	0.000	0.000
1072	  R	  0.5	  0.1	6.179	0.000	0.000
1073	  Q	  1.7	  0.1	5.871	0.000	0.000
1074	  C	  3.6	  0.1	4.595	0.000	0.000
1075	  W	  3.8	  0.0	2.809	0.000	0.000
1076	  R	  2.6	  0.0	2.341	0.000	0.000
1077	  E	  0.4	  0.0	0.924	0.000	0.000
1078	  K	  0.1	  0.0	0.362	0.000	0.000
1079	  P	  0.0	  0.0	0.000	0.000	0.000
1080	  Y	  4.7	  0.0	0.000	0.000	0.000
1081	  E	  4.7	  0.0	0.000	0.000	0.000
1082	  R	  4.7	  0.4	0.000	0.000	0.000
1083	  P	  0.0	  0.4	0.000	0.000	0.000
1084	  S	  0.6	  0.4	0.000	0.696	0.696
1085	  F	  1.1	  0.6	0.000	18.733	18.733
1086	  A	  1.4	  0.2	0.000	20.109	20.109
1087	  Q	  1.7	  0.2	0.000	20.546	20.546
1088	  I	  4.2	  0.2	0.000	28.285	28.285
1089	  L	  4.6	  0.0	0.000	28.285	28.285
1090	  V	  8.3	  0.0	0.000	27.236	27.236
1091	  S	  7.9	  0.6	3.074	13.325	13.325
1092	  L	  7.2	  0.6	3.074	11.543	11.543
1093	  N	  3.0	  0.6	4.544	0.408	0.408
1094	  R	  0.5	  0.6	4.651	0.000	0.000
1095	  M	  0.5	  0.0	4.651	0.000	0.000
1096	  L	  0.5	  0.1	4.651	0.000	0.000
1097	  E	  0.1	  0.1	4.651	0.000	0.000
1098	  E	  0.8	  0.1	4.518	0.000	0.000
1099	  R	  1.0	  0.2	2.966	0.000	0.000
1100	  K	  1.6	  0.1	1.418	0.000	0.000
1101	  T	  5.9	  0.1	0.160	0.134	0.134
1102	  Y	  7.3	  0.1	0.160	1.261	1.261
1103	  V	  7.9	  0.0	0.000	1.768	1.768
1104	  N	  3.3	  0.1	0.000	1.768	1.768
1105	  T	  2.4	  0.1	0.000	1.768	1.768
1106	  T	  2.3	  0.0	0.440	1.768	1.768
1107	  L	  2.0	  0.0	0.440	1.768	1.768
1108	  Y	  2.9	  0.1	0.440	1.269	1.269
1109	  E	  2.0	  0.1	0.440	0.000	0.000
1110	  K	  4.7	  0.1	0.440	0.000	0.000
1111	  F	 15.3	  0.1	0.440	1.185	1.185
1112	  T	 18.2	  0.0	0.197	1.450	1.450
1113	  Y	 15.9	  0.4	0.197	1.450	1.450
1114	  A	  3.7	  0.4	0.000	1.450	1.450
1115	  G	  0.6	  0.4	0.000	1.450	1.450
1116	  I	  3.1	  0.4	0.000	1.450	1.450
1117	  D	  3.4	  0.5	0.000	0.000	0.000
1118	  C	  7.4	  0.5	0.000	0.000	0.000
1119	  S	  4.9	  0.5	0.000	0.000	0.000
1120	  A	  4.5	  0.6	0.000	0.000	0.000
1121	  E	  0.5	  0.1	0.000	0.000	0.000
1122	  E	  0.1	  0.1	0.000	0.000	0.000
1123	  A	  0.1	  0.1	0.000	0.000	0.000
1124	  A	  0.1	  0.0	0.000	0.000	0.000
