res	aa	Beta	Turn	Helix	Aggregation	Conc-Stab_Aggregation
01	  M	  0.0	  0.0	0.000	0.000	0.000
02	  P	  0.0	  0.0	0.000	0.000	0.000
03	  I	  4.1	  0.0	0.000	0.000	0.000
04	  T	  4.5	  0.0	0.175	0.000	0.000
05	  R	  5.2	  0.0	0.175	0.000	0.000
06	  M	  3.2	  0.0	0.175	0.000	0.000
07	  R	  4.1	  0.0	0.175	0.000	0.000
08	  M	  3.6	  0.0	0.175	0.000	0.000
09	  R	  1.6	  0.0	0.175	0.000	0.000
10	  P	  0.2	  0.0	0.354	0.000	0.000
11	  W	  0.4	  0.0	0.817	0.000	0.000
12	  L	  1.1	  0.0	1.235	0.000	0.000
13	  E	  1.5	  0.0	1.235	0.000	0.000
14	  M	  3.1	  0.0	1.235	0.000	0.000
15	  Q	  3.6	  0.0	1.235	0.000	0.000
16	  I	  4.4	  0.0	1.235	0.000	0.000
17	  N	  2.5	  1.9	1.235	0.000	0.000
18	  S	  1.2	  1.9	0.523	0.000	0.000
19	  N	  0.9	  1.9	0.523	0.000	0.000
20	  Q	  1.0	  1.9	0.000	0.000	0.000
21	  I	  1.0	  0.4	0.000	0.000	0.000
22	  P	  0.2	  0.4	0.000	0.000	0.000
23	  G	  0.0	  0.4	0.000	5.800	5.800
24	  L	  0.5	  0.4	0.000	20.333	20.333
25	  I	  1.2	  0.0	0.000	20.333	20.333
26	  W	  2.0	  0.0	0.000	20.333	20.333
27	  I	  2.0	  0.0	0.000	20.333	20.333
28	  N	  1.4	  0.1	0.555	15.841	15.841
29	  K	  0.7	  0.2	0.555	0.000	0.000
30	  E	  0.3	  0.2	0.555	0.000	0.000
31	  E	  0.2	  0.2	0.555	0.000	0.000
32	  M	  0.7	  0.0	0.555	0.000	0.000
33	  I	  2.0	  0.0	0.555	0.000	0.000
34	  F	  8.9	  0.0	0.555	0.000	0.000
35	  Q	  8.4	  0.0	0.255	0.000	0.000
36	  I	  7.1	  0.0	0.000	0.000	0.000
37	  P	  0.2	  0.0	0.000	0.000	0.000
38	  W	  0.3	  0.1	0.000	0.000	0.000
39	  K	  0.4	  0.1	0.000	0.000	0.000
40	  H	  0.7	  0.1	0.000	0.000	0.000
41	  A	  0.4	  0.1	0.000	0.000	0.000
42	  A	  0.4	  0.2	0.000	0.000	0.000
43	  K	  0.3	  0.6	0.000	0.000	0.000
44	  H	  0.3	  0.6	0.000	0.000	0.000
45	  G	  0.2	  0.6	0.000	0.000	0.000
46	  W	  2.1	  0.4	0.000	0.000	0.000
47	  D	  3.0	  0.6	0.000	0.000	0.000
48	  I	  3.3	  0.6	0.000	0.000	0.000
49	  N	  1.4	  3.2	0.697	0.000	0.000
50	  K	  0.5	  3.2	0.697	0.000	0.000
51	  D	  0.1	  2.6	0.919	0.000	0.000
52	  A	  0.3	  2.6	0.919	0.000	0.000
53	  C	  0.8	  0.0	0.919	0.000	0.000
54	  L	  0.9	  0.0	0.919	0.000	0.000
55	  F	  2.7	  0.0	0.771	0.000	0.000
56	  R	  3.6	  0.0	0.402	0.000	0.000
57	  S	  3.9	  0.0	0.000	0.000	0.000
58	  W	  2.5	  0.0	0.000	0.000	0.000
59	  A	  1.5	  0.0	0.000	0.000	0.000
60	  I	  2.4	  0.0	0.000	0.000	0.000
61	  H	  2.0	  0.3	0.000	0.000	0.000
62	  T	  1.6	  0.7	0.000	0.000	0.000
63	  G	  0.3	  0.7	0.000	0.000	0.000
64	  R	  0.6	  0.7	0.000	0.000	0.000
65	  Y	  1.8	  0.4	0.000	0.000	0.000
66	  K	  1.8	  0.4	0.000	0.000	0.000
67	  A	  1.3	  0.5	0.000	0.000	0.000
68	  G	  0.1	  0.5	0.000	0.000	0.000
69	  E	  0.3	  0.5	0.000	0.000	0.000
70	  K	  0.3	  0.2	0.000	0.000	0.000
71	  E	  0.3	  0.1	0.000	0.000	0.000
72	  P	  0.1	  0.0	0.000	0.000	0.000
73	  D	  0.0	  0.4	3.553	0.000	0.000
74	  P	  0.0	  0.4	3.553	0.000	0.000
75	  K	  0.5	  0.4	3.553	0.000	0.000
76	  T	 10.3	  0.4	3.669	0.000	0.000
77	  W	 10.9	  0.0	3.669	0.000	0.000
78	  K	 10.4	  0.3	3.669	0.000	0.000
79	  A	  0.9	  0.3	2.165	0.000	0.000
80	  N	  1.9	  0.3	2.038	0.000	0.000
81	  F	  9.8	  0.3	1.385	0.000	0.000
82	  R	 10.2	  0.0	0.711	0.000	0.000
83	  C	  9.1	  0.0	0.341	0.000	0.000
84	  A	  1.4	  0.0	0.235	0.000	0.000
85	  M	  1.4	  0.0	0.235	0.000	0.000
86	  N	  0.7	  0.0	0.235	0.000	0.000
87	  S	  0.7	  0.0	0.000	0.000	0.000
88	  L	  0.2	  0.6	0.000	0.000	0.000
89	  P	  0.1	  0.5	0.000	0.000	0.000
90	  D	  1.5	  0.5	0.130	0.000	0.000
91	  I	  1.7	  0.6	0.130	0.000	0.000
92	  E	  1.7	  0.0	0.130	0.000	0.000
93	  E	 14.2	  0.0	0.130	0.000	0.000
94	  V	 15.3	  0.1	0.130	0.000	0.000
95	  K	 15.3	  0.1	0.130	0.000	0.000
96	  D	  1.6	  1.1	0.000	0.000	0.000
97	  Q	  0.2	  1.1	0.000	0.000	0.000
98	  S	  0.5	  2.3	0.000	0.000	0.000
99	  R	  0.5	  2.3	0.000	0.000	0.000
100	  N	  0.4	  2.5	0.000	0.000	0.000
101	  K	  0.0	  2.8	0.000	0.000	0.000
102	  G	  0.0	  1.7	0.000	0.000	0.000
103	  S	  0.1	  1.7	0.165	0.000	0.000
104	  S	  0.3	  0.5	0.402	0.000	0.000
105	  A	  0.8	  0.2	0.402	0.000	0.000
106	  V	  9.8	  0.0	0.402	0.000	0.000
107	  R	 12.0	  0.0	0.402	0.000	0.000
108	  V	 13.7	  0.0	0.402	0.000	0.000
109	  Y	  7.0	  0.0	0.402	0.000	0.000
110	  R	  5.0	  0.0	0.000	0.000	0.000
111	  M	  2.8	  0.0	0.000	0.000	0.000
112	  L	  0.9	  0.0	0.000	0.000	0.000
113	  P	  0.0	  0.1	0.185	0.000	0.000
114	  P	  0.0	  0.1	0.185	0.000	0.000
115	  L	  0.5	  0.1	0.185	0.000	0.000
116	  T	  1.1	  0.4	0.342	0.000	0.000
117	  K	  1.2	  0.3	0.342	0.000	0.000
118	  N	  1.0	  0.4	0.485	0.000	0.000
119	  Q	  0.8	  0.4	0.300	0.000	0.000
120	  R	  0.8	  0.2	0.300	0.000	0.000
121	  K	  0.7	  0.2	0.300	0.000	0.000
122	  E	  1.2	  0.2	0.143	0.000	0.000
123	  R	  1.2	  0.2	0.143	0.000	0.000
124	  K	  1.5	  0.2	0.000	0.000	0.000
125	  S	  3.0	  0.9	0.000	0.000	0.000
126	  K	  3.0	  1.0	0.000	0.000	0.000
127	  S	  2.8	  1.0	0.960	0.000	0.000
128	  S	  0.7	  2.4	2.079	0.000	0.000
129	  R	  0.6	  1.6	2.079	0.000	0.000
130	  D	  0.3	  1.7	2.582	0.000	0.000
131	  A	  0.2	  1.8	2.582	0.000	0.000
132	  K	  0.7	  0.4	2.582	0.000	0.000
133	  S	  0.7	  0.4	2.055	0.000	0.000
134	  K	  0.9	  0.2	1.578	0.000	0.000
135	  A	  0.5	  0.1	1.134	0.000	0.000
136	  K	  0.8	  0.1	0.854	0.000	0.000
137	  R	  0.7	  0.3	0.000	0.000	0.000
138	  K	  1.7	  0.4	0.000	0.000	0.000
139	  S	  2.5	  0.3	0.000	0.000	0.000
140	  C	  2.4	  1.3	0.000	0.000	0.000
141	  G	  1.3	  1.2	0.000	0.000	0.000
142	  D	  0.1	  1.1	0.000	0.000	0.000
143	  S	  0.1	  1.1	0.000	0.000	0.000
144	  S	  0.1	  3.3	0.000	0.000	0.000
145	  P	  0.0	  3.3	0.000	0.000	0.000
146	  D	  1.4	  3.3	0.000	0.000	0.000
147	  T	 30.9	  3.3	0.000	0.000	0.000
148	  F	 31.1	  0.7	0.000	0.000	0.000
149	  S	 29.8	  0.8	0.000	0.000	0.000
150	  D	  0.3	  0.8	0.000	0.000	0.000
151	  G	  0.0	  0.8	0.000	0.000	0.000
152	  L	  0.4	  0.3	0.000	0.000	0.000
153	  S	  1.3	  0.8	0.000	0.000	0.000
154	  S	  1.6	  0.9	0.000	0.000	0.000
155	  S	  1.6	  0.9	0.000	0.000	0.000
156	  T	  0.9	  0.8	0.000	0.000	0.000
157	  L	  0.6	  1.1	0.000	0.000	0.000
158	  P	  0.3	  1.2	0.000	0.000	0.000
159	  D	  0.0	  1.3	0.000	0.000	0.000
160	  D	  0.0	  1.6	0.000	0.000	0.000
161	  H	  0.1	  0.8	0.000	0.000	0.000
162	  S	  0.3	  0.6	0.000	0.000	0.000
163	  S	  7.7	  0.5	0.000	0.000	0.000
164	  Y	 22.7	  0.2	0.000	0.000	0.000
165	  T	 23.1	  0.0	0.000	0.000	0.000
166	  V	 16.4	  1.1	0.000	0.000	0.000
167	  P	  0.6	  1.1	0.000	0.000	0.000
168	  G	  0.0	  1.1	0.000	0.000	0.000
169	  Y	  1.0	  1.1	0.000	0.000	0.000
170	  M	  1.2	  0.2	0.000	0.000	0.000
171	  Q	  1.3	  0.2	0.000	0.000	0.000
172	  D	  0.6	  0.2	0.120	0.000	0.000
173	  L	  2.2	  0.2	0.120	0.000	0.000
174	  E	  4.3	  0.0	0.120	0.000	0.000
175	  V	  5.3	  0.0	0.120	0.000	0.000
176	  E	  3.5	  0.0	0.120	0.000	0.000
177	  Q	  1.5	  0.0	0.120	0.000	0.000
178	  A	  0.5	  0.0	0.120	0.000	0.000
179	  L	  0.6	  0.0	0.120	0.000	0.000
180	  T	  0.5	  0.0	0.000	0.000	0.000
181	  P	  0.2	  0.0	0.000	0.000	0.000
182	  A	  0.5	  0.0	0.000	0.000	0.000
183	  L	  0.6	  0.0	0.000	0.000	0.000
184	  S	  0.6	  0.2	0.163	0.000	0.000
185	  P	  0.1	  0.2	0.163	0.000	0.000
186	  C	  1.2	  0.2	0.163	0.000	0.000
187	  A	  1.8	  0.2	0.163	0.000	0.000
188	  V	  3.2	  0.0	0.163	0.000	0.000
189	  S	  2.3	  0.2	0.163	0.000	0.000
190	  S	  2.1	  0.2	0.000	0.000	0.000
191	  T	  0.9	  0.2	0.000	0.000	0.000
192	  L	  0.6	  1.9	0.000	0.000	0.000
193	  P	  0.2	  1.7	0.000	0.000	0.000
194	  D	  0.1	  1.7	0.000	0.000	0.000
195	  W	  4.5	  1.7	0.000	0.000	0.000
196	  H	  5.1	  0.0	0.000	0.000	0.000
197	  I	  5.0	  0.0	0.000	0.000	0.000
198	  P	  0.6	  0.0	0.000	0.000	0.000
199	  V	 18.5	  0.0	0.000	0.000	0.000
200	  E	 19.3	  0.0	0.000	0.000	0.000
201	  V	 19.8	  0.0	0.000	0.000	0.000
202	  V	  1.7	  0.4	0.000	0.000	0.000
203	  P	  0.5	  0.4	0.000	0.000	0.000
204	  D	  0.1	  0.6	0.000	0.000	0.000
205	  S	  2.2	  0.9	0.000	0.000	0.000
206	  T	  2.3	  0.9	0.000	0.000	0.000
207	  S	  2.2	  0.8	0.000	0.000	0.000
208	  D	  0.4	  0.6	0.000	0.000	0.000
209	  L	  0.7	  0.5	0.000	0.000	0.000
210	  Y	  4.2	  0.2	0.000	0.000	0.000
211	  N	  4.9	  0.1	0.000	0.000	0.000
212	  F	  7.2	  0.1	0.000	0.000	0.000
213	  Q	  4.7	  0.0	0.000	0.000	0.000
214	  V	  3.9	  0.0	0.000	0.000	0.000
215	  S	  1.3	  0.0	0.000	0.000	0.000
216	  P	  0.3	  0.0	0.000	0.000	0.000
217	  M	  0.0	  0.3	0.000	0.000	0.000
218	  P	  0.0	  0.4	0.000	0.000	0.000
219	  S	  2.2	  0.6	0.000	0.000	0.000
220	  T	  2.3	  0.7	0.000	0.000	0.000
221	  S	  2.3	  0.4	0.000	0.000	0.000
222	  E	  0.4	  0.3	0.000	0.000	0.000
223	  A	  0.4	  0.1	0.000	0.000	0.000
224	  T	  0.8	  0.1	0.000	0.000	0.000
225	  T	  0.6	  0.2	0.000	0.000	0.000
226	  D	  0.5	  3.5	0.000	0.000	0.000
227	  E	  0.0	  3.5	0.000	0.000	0.000
228	  D	  0.0	  4.1	0.478	0.000	0.000
229	  E	  0.0	  4.4	0.478	0.000	0.000
230	  E	  0.0	  1.2	0.478	0.000	0.000
231	  G	  0.0	  1.2	0.478	0.000	0.000
232	  K	  0.1	  0.6	0.478	0.000	0.000
233	  L	  0.1	  0.4	0.612	0.000	0.000
234	  P	  0.1	  0.5	1.906	0.000	0.000
235	  E	  0.0	  0.5	2.336	0.000	0.000
236	  D	  0.1	  0.5	11.078	0.000	0.000
237	  I	  1.0	  0.3	11.214	0.000	0.000
238	  M	  2.5	  0.0	11.214	0.000	0.000
239	  K	  2.7	  0.0	11.214	0.000	0.000
240	  L	  1.9	  0.0	11.214	0.000	0.000
241	  L	  0.4	  0.1	11.214	0.000	0.000
242	  E	  0.2	  0.1	10.205	0.000	0.000
243	  Q	  0.2	  0.1	6.374	0.000	0.000
244	  S	  0.2	  0.1	1.267	0.000	0.000
245	  E	  2.1	  0.0	0.168	0.000	0.000
246	  W	  2.3	  0.0	0.000	0.000	0.000
247	  Q	  2.3	  0.2	0.000	0.000	0.000
248	  P	  0.3	  0.3	0.000	0.000	0.000
249	  T	  0.7	  0.3	0.000	0.000	0.000
250	  N	  2.0	  1.8	0.000	0.000	0.000
251	  V	  2.2	  3.0	0.000	0.000	0.000
252	  D	  1.5	  3.2	0.000	0.000	0.000
253	  G	  0.2	  3.7	0.000	0.000	0.000
254	  K	  0.0	  2.2	0.000	0.000	0.000
255	  G	  0.0	  0.7	0.000	0.000	0.000
256	  Y	  0.8	  0.5	0.000	0.000	0.000
257	  L	  1.3	  0.0	0.000	0.000	0.000
258	  L	  1.3	  0.0	0.000	0.000	0.000
259	  N	  0.5	  0.0	0.000	0.000	0.000
260	  E	  0.1	  0.7	0.000	0.000	0.000
261	  P	  0.0	  0.7	0.000	0.000	0.000
262	  G	  0.1	  0.7	0.000	0.000	0.000
263	  V	  0.4	  0.7	0.000	0.000	0.000
264	  Q	  0.5	  0.2	0.000	0.000	0.000
265	  P	  0.4	  0.2	0.000	0.000	0.000
266	  T	  0.9	  0.2	0.000	0.000	0.000
267	  S	  1.8	  0.2	0.000	0.000	0.000
268	  V	  2.7	  0.0	0.000	0.000	0.000
269	  Y	  1.8	  2.9	0.000	0.000	0.000
270	  G	  0.9	  2.9	0.000	0.000	0.000
271	  D	  0.6	  3.2	0.000	0.000	0.000
272	  F	 19.2	  3.3	0.000	0.000	0.000
273	  S	 20.3	  0.4	0.000	0.000	0.000
274	  C	 20.1	  0.4	0.000	0.000	0.000
275	  K	  2.0	  0.1	0.000	0.000	0.000
276	  E	  0.6	  0.1	0.000	0.000	0.000
277	  E	  0.4	  0.1	0.000	0.000	0.000
278	  P	  0.0	  0.0	0.000	0.000	0.000
279	  E	  3.2	  0.0	0.000	0.000	0.000
280	  I	  4.6	  0.0	0.000	0.000	0.000
281	  D	  4.6	  0.0	0.000	0.000	0.000
282	  S	  1.5	  1.7	0.000	0.000	0.000
283	  P	  0.0	  1.7	0.000	0.000	0.000
284	  G	  0.0	  2.1	0.000	0.000	0.000
285	  G	  0.0	  2.1	0.000	0.000	0.000
286	  D	  0.0	  0.4	0.448	0.000	0.000
287	  I	  0.3	  0.4	0.448	0.616	0.616
288	  G	  0.3	  0.1	0.448	0.616	0.616
289	  L	  2.0	  0.1	0.448	0.616	0.616
290	  S	  2.4	  0.1	0.745	0.616	0.616
291	  L	  2.5	  0.1	0.745	0.616	0.616
292	  Q	  1.3	  0.1	0.745	0.000	0.000
293	  R	  3.3	  0.0	0.448	0.000	0.000
294	  V	  6.1	  0.0	0.297	0.000	0.000
295	  F	  7.2	  0.2	0.297	0.000	0.000
296	  T	  4.7	  0.2	0.000	0.000	0.000
297	  D	  2.0	  0.2	0.000	0.000	0.000
298	  L	  0.5	  0.4	0.000	0.000	0.000
299	  K	  0.4	  0.2	0.000	0.000	0.000
300	  N	  0.5	  1.6	0.000	0.000	0.000
301	  M	  0.6	  1.6	0.000	0.000	0.000
302	  D	  0.6	  1.6	0.000	0.000	0.000
303	  A	  1.0	  1.6	0.000	0.000	0.000
304	  T	  3.2	  0.2	0.000	0.000	0.000
305	  W	  3.7	  0.1	0.000	0.000	0.000
306	  L	  3.3	  0.1	0.000	0.000	0.000
307	  D	  0.9	  0.1	0.000	0.000	0.000
308	  S	  0.5	  0.1	0.000	0.000	0.000
309	  L	  0.6	  0.1	0.000	0.000	0.000
310	  L	  0.7	  0.1	0.000	0.000	0.000
311	  T	  0.5	  0.0	0.000	0.000	0.000
312	  P	  0.2	  0.0	0.000	0.000	0.000
313	  V	  7.8	  0.0	0.000	0.000	0.000
314	  R	  7.8	  0.0	0.000	0.000	0.000
315	  L	  7.8	  0.3	0.000	0.000	0.000
316	  P	  0.1	  0.3	0.000	0.000	0.000
317	  S	  0.4	  0.3	0.000	0.000	0.000
318	  I	  0.8	  0.3	0.000	0.000	0.000
319	  Q	  1.0	  0.0	0.000	0.000	0.000
320	  A	  0.6	  0.0	0.000	0.000	0.000
321	  I	  0.3	  0.0	0.000	0.000	0.000
322	  P	  0.1	  0.0	0.000	0.000	0.000
323	  C	  0.2	  0.0	0.000	0.000	0.000
324	  A	  0.2	  0.0	0.000	0.000	0.000
325	  P	  0.2	  0.0	0.000	0.000	0.000
