res	aa	Beta	Turn	Helix	Aggregation	Conc-Stab_Aggregation
01	  M	  0.1	  0.0	0.000	0.000	0.000
02	  T	  0.2	  0.1	0.000	0.000	0.000
03	  E	  0.4	  0.1	0.000	0.000	0.000
04	  R	  1.7	  0.1	0.000	0.000	0.000
05	  R	  1.8	  0.1	0.000	0.000	0.000
06	  V	  1.6	  0.0	0.000	0.000	0.000
07	  P	  0.2	  0.0	0.000	0.000	0.000
08	  F	  3.3	  0.1	0.000	0.000	0.000
09	  S	  3.5	  0.1	0.000	0.000	0.000
10	  L	  3.6	  0.1	0.000	0.000	0.000
11	  L	  0.6	  0.1	0.000	0.000	0.000
12	  R	  0.3	  0.0	0.000	0.000	0.000
13	  G	  0.2	  0.6	0.000	0.000	0.000
14	  P	  0.0	  0.6	0.000	0.000	0.000
15	  S	  9.9	  0.6	0.000	0.000	0.000
16	  W	 10.0	  0.5	0.000	0.000	0.000
17	  D	 10.0	  0.3	1.875	0.000	0.000
18	  P	  0.1	  0.3	2.044	0.000	0.000
19	  F	  0.7	  0.5	2.044	0.000	0.000
20	  R	  0.9	  0.5	2.044	0.000	0.000
21	  D	  2.0	  0.2	2.044	0.000	0.000
22	  W	  1.5	  0.2	2.044	0.000	0.000
23	  Y	  1.3	  0.2	2.044	0.000	0.000
24	  P	  0.1	  0.2	0.000	0.000	0.000
25	  H	  0.1	  0.4	0.000	0.000	0.000
26	  S	  0.2	  0.4	0.000	0.000	0.000
27	  R	  0.8	  0.2	0.000	0.000	0.000
28	  L	  1.1	  0.2	0.000	0.000	0.000
29	  F	  2.1	  0.1	0.000	0.000	0.000
30	  D	  1.5	  0.1	0.127	0.000	0.000
31	  Q	  1.5	  0.1	0.127	0.000	0.000
32	  A	  0.6	  0.1	0.127	0.000	0.000
33	  F	  0.9	  0.0	0.127	0.000	0.000
34	  G	  0.5	  0.0	0.127	0.000	0.000
35	  L	  0.4	  0.2	0.127	0.000	0.000
36	  P	  0.0	  0.2	0.000	0.000	0.000
37	  R	  0.1	  0.2	0.000	0.000	0.000
38	  L	  0.1	  0.3	0.000	0.000	0.000
39	  P	  0.1	  0.1	0.000	0.000	0.000
40	  E	  0.0	  0.1	0.000	0.000	0.000
41	  E	  1.1	  0.1	0.000	0.000	0.000
42	  W	  2.4	  0.0	0.000	0.000	0.000
43	  S	  2.8	  0.0	0.000	0.000	0.000
44	  Q	  2.5	  0.0	0.000	0.000	0.000
45	  W	  1.3	  0.0	0.000	0.000	0.000
46	  L	  0.9	  0.3	0.000	0.000	0.000
47	  G	  0.1	  0.8	0.000	0.000	0.000
48	  G	  0.0	  1.0	0.000	0.000	0.000
49	  S	  0.5	  1.0	0.000	0.000	0.000
50	  S	  0.7	  0.7	0.000	0.000	0.000
51	  W	  0.7	  1.4	0.000	0.000	0.000
52	  P	  0.2	  1.2	0.000	0.000	0.000
53	  G	  0.0	  1.2	0.000	0.000	0.000
54	  Y	  3.5	  1.2	0.000	0.000	0.000
55	  V	  3.9	  0.0	0.000	0.000	0.000
56	  R	  3.9	  0.0	0.000	0.000	0.000
57	  P	  0.5	  0.0	0.000	0.000	0.000
58	  L	  0.0	  0.0	0.000	0.000	0.000
59	  P	  0.0	  0.0	0.000	0.000	0.000
60	  P	  0.0	  0.0	0.000	0.000	0.000
61	  A	  0.2	  0.0	0.000	0.000	0.000
62	  A	  0.4	  0.0	0.000	0.000	0.000
63	  I	  1.4	  0.0	0.000	0.000	0.000
64	  E	  1.3	  0.0	0.000	0.000	0.000
65	  S	  1.1	  0.0	0.195	0.000	0.000
66	  P	  0.0	  0.0	0.195	0.000	0.000
67	  A	  0.4	  0.0	0.195	0.000	0.000
68	  V	  3.5	  0.0	0.195	0.000	0.000
69	  A	  3.5	  0.0	0.195	0.000	0.000
70	  A	  3.1	  0.0	0.195	0.000	0.000
71	  P	  0.0	  0.0	0.000	0.000	0.000
72	  A	  0.5	  0.0	0.000	0.000	0.000
73	  Y	  2.3	  0.1	0.000	0.000	0.000
74	  S	  2.3	  0.1	0.406	0.000	0.000
75	  R	  2.0	  0.1	0.406	0.000	0.000
76	  A	  0.5	  0.1	0.406	0.000	0.000
77	  L	  0.5	  0.1	0.406	0.000	0.000
78	  S	  0.6	  0.1	0.406	0.000	0.000
79	  R	  1.1	  0.1	0.406	0.000	0.000
80	  Q	  1.8	  0.1	0.140	0.000	0.000
81	  L	  1.9	  0.4	0.000	0.000	0.000
82	  S	  1.2	  0.6	0.000	0.000	0.000
83	  S	  0.4	  0.6	0.000	0.000	0.000
84	  G	  0.1	  0.6	0.000	0.000	0.000
85	  V	  0.5	  0.3	0.000	0.000	0.000
86	  S	  0.5	  0.1	0.000	0.000	0.000
87	  E	  1.5	  0.0	0.000	0.000	0.000
88	  I	  2.1	  0.0	0.000	0.000	0.000
89	  R	  2.7	  0.0	0.000	0.000	0.000
90	  H	  2.5	  0.1	0.000	0.000	0.000
91	  T	  1.7	  0.4	0.000	0.000	0.000
92	  A	  1.0	  0.4	0.000	0.000	0.000
93	  D	  0.3	  0.4	0.140	0.000	0.000
94	  R	  0.8	  0.4	0.140	0.000	0.000
95	  W	  3.1	  0.0	0.140	0.000	0.000
96	  R	  4.2	  0.0	0.140	0.000	0.000
97	  V	  8.1	  0.0	0.140	0.000	0.000
98	  S	  8.1	  0.6	0.140	0.000	0.000
99	  L	  8.8	  0.6	0.000	0.000	0.000
100	  D	  5.2	  1.1	0.000	0.000	0.000
101	  V	  3.9	  1.1	0.000	0.000	0.000
102	  N	  2.5	  0.5	0.000	0.000	0.000
103	  H	  5.3	  0.5	0.000	0.000	0.000
104	  F	  4.4	  0.0	0.000	0.000	0.000
105	  A	  3.8	  0.6	0.000	0.000	0.000
106	  P	  0.2	  0.7	0.000	0.000	0.000
107	  D	  0.0	  0.7	1.699	0.000	0.000
108	  E	  0.5	  0.7	1.699	0.000	0.000
109	  L	  3.8	  0.1	1.699	0.000	0.000
110	  T	 18.9	  0.1	1.699	0.000	0.000
111	  V	 19.6	  0.0	1.699	0.000	0.000
112	  K	 17.2	  0.0	1.699	0.000	0.000
113	  T	  2.4	  0.7	0.183	0.000	0.000
114	  K	  1.0	  1.3	0.183	0.000	0.000
115	  D	  0.4	  1.2	0.000	0.000	0.000
116	  G	  0.0	  1.2	0.000	0.000	0.000
117	  V	  3.8	  0.6	0.000	0.000	0.000
118	  V	 11.5	  0.0	0.000	0.000	0.000
119	  E	 14.8	  0.0	0.000	0.000	0.000
120	  I	 13.5	  0.1	0.000	0.000	0.000
121	  T	  6.6	  0.2	0.000	0.000	0.000
122	  G	  2.5	  0.3	0.000	0.000	0.000
123	  K	  0.5	  0.3	0.000	0.000	0.000
124	  H	  0.5	  0.4	0.000	0.000	0.000
125	  E	  0.5	  0.3	0.000	0.000	0.000
126	  E	  0.5	  0.2	0.000	0.000	0.000
127	  R	  1.6	  0.5	0.000	0.000	0.000
128	  Q	  1.6	  0.4	0.000	0.000	0.000
129	  D	  1.3	  1.1	0.000	0.000	0.000
130	  E	  0.1	  1.8	0.000	0.000	0.000
131	  H	  0.1	  1.5	0.000	0.000	0.000
132	  G	  0.2	  1.5	0.000	0.000	0.000
133	  Y	  1.1	  0.7	0.000	0.000	0.000
134	  I	  2.1	  0.0	0.000	0.000	0.000
135	  S	  2.4	  0.1	0.000	0.000	0.000
136	  R	  3.9	  0.1	0.000	0.000	0.000
137	  C	  3.9	  0.1	0.000	0.000	0.000
138	  F	  6.3	  0.1	0.000	0.000	0.000
139	  T	  4.8	  0.1	0.000	0.000	0.000
140	  R	  4.3	  0.1	0.000	0.000	0.000
141	  K	  4.4	  0.1	0.000	0.000	0.000
142	  Y	 12.4	  0.0	0.000	0.000	0.000
143	  T	 12.0	  0.0	0.000	0.000	0.000
144	  L	  9.1	  0.0	0.000	0.000	0.000
145	  P	  0.0	  1.2	0.000	0.000	0.000
146	  P	  0.0	  1.3	0.000	0.000	0.000
147	  G	  0.2	  1.3	0.000	0.000	0.000
148	  V	  0.4	  1.3	0.000	0.000	0.000
149	  D	  0.4	  0.7	0.000	0.000	0.000
150	  P	  0.2	  0.7	0.000	0.000	0.000
151	  T	  0.8	  0.7	0.000	0.000	0.000
152	  Q	  1.3	  0.7	0.000	0.000	0.000
153	  V	  2.6	  0.1	0.000	0.000	0.000
154	  S	  2.6	  0.8	0.000	0.000	0.000
155	  S	  2.2	  0.9	0.000	0.000	0.000
156	  S	 10.6	  0.9	0.000	0.000	0.000
157	  L	  9.8	  0.8	0.000	0.000	0.000
158	  S	  9.7	  0.9	0.000	0.000	0.000
159	  P	  0.1	  1.1	0.000	0.000	0.000
160	  E	  0.0	  1.3	0.000	0.000	0.000
161	  G	  0.0	  1.3	0.130	0.000	0.000
162	  T	  2.7	  0.5	0.130	0.000	0.000
163	  L	  6.1	  0.2	0.130	0.000	0.000
164	  T	 12.8	  0.0	0.130	0.000	0.000
165	  V	 13.7	  0.0	0.130	0.000	0.000
166	  E	 10.3	  0.0	0.130	0.000	0.000
167	  A	  3.7	  0.0	0.000	0.000	0.000
168	  P	  0.0	  0.0	0.000	0.000	0.000
169	  M	  0.0	  0.2	0.000	0.000	0.000
170	  P	  0.0	  0.2	0.000	0.000	0.000
171	  K	  0.3	  0.2	0.000	0.000	0.000
172	  L	  0.4	  0.2	0.000	0.000	0.000
173	  A	  0.7	  0.1	0.000	0.000	0.000
174	  T	  2.6	  0.1	0.000	0.000	0.000
175	  Q	  2.6	  0.2	0.000	0.000	0.000
176	  S	  2.3	  0.2	0.000	0.000	0.000
177	  N	  0.1	  0.2	0.000	0.000	0.000
178	  E	  3.3	  0.1	0.000	0.000	0.000
179	  I	 22.8	  0.0	0.000	0.000	0.000
180	  T	 23.1	  0.0	0.000	0.000	0.000
181	  I	 20.2	  0.0	0.000	0.000	0.000
182	  P	  0.5	  0.0	0.000	0.000	0.000
183	  V	  7.1	  0.0	0.000	0.000	0.000
184	  T	 17.3	  0.0	0.164	0.000	0.000
185	  F	 18.4	  0.1	0.164	0.000	0.000
186	  E	 11.8	  0.2	0.164	0.000	0.000
187	  S	  1.3	  0.2	0.164	0.000	0.000
188	  R	  0.2	  0.2	0.164	0.000	0.000
189	  A	  0.4	  0.1	0.164	0.000	0.000
190	  Q	  0.5	  0.1	0.164	0.000	0.000
191	  L	  0.4	  0.1	0.000	0.000	0.000
192	  G	  0.1	  0.1	0.000	0.000	0.000
193	  G	  0.0	  0.3	0.677	0.000	0.000
194	  P	  0.0	  0.4	0.677	0.000	0.000
195	  E	  0.1	  0.4	0.677	0.000	0.000
196	  A	  0.1	  0.3	0.677	0.000	0.000
197	  A	  0.3	  0.2	0.677	0.000	0.000
198	  K	  0.2	  0.6	0.677	0.000	0.000
199	  S	  0.2	  0.6	0.182	0.000	0.000
200	  D	  0.0	  0.9	0.000	0.000	0.000
201	  E	  0.1	  0.7	0.000	0.000	0.000
202	  T	  0.4	  0.3	0.000	0.000	0.000
203	  A	  0.5	  0.3	0.000	0.000	0.000
204	  A	  0.4	  0.0	0.000	0.000	0.000
205	  K	  0.1	  0.0	0.000	0.000	0.000
