res	aa	Beta	Turn	Helix	Aggregation	Conc-Stab_Aggregation
01	  M	  0.2	  0.2	0.000	0.000	0.000
02	  A	  0.3	  0.2	0.000	0.000	0.000
03	  S	  0.5	  0.5	0.000	0.000	0.000
04	  A	  0.3	  1.2	0.000	0.000	0.000
05	  G	  0.1	  1.1	0.000	0.000	0.000
06	  N	  0.0	  1.0	0.000	0.000	0.000
07	  A	  0.1	  0.7	0.000	0.000	0.000
08	  A	  0.1	  0.0	0.000	0.000	0.000
09	  E	  0.1	  0.2	0.000	0.000	0.000
10	  P	  0.0	  0.4	0.000	0.000	0.000
11	  Q	  0.0	  0.5	0.000	0.000	0.000
12	  D	  0.0	  0.9	0.000	0.000	0.000
13	  R	  0.1	  0.9	0.000	0.000	0.000
14	  G	  0.0	  0.8	0.000	0.000	0.000
15	  G	  0.0	  0.8	0.000	0.000	0.000
16	  G	  0.0	  1.2	0.000	0.000	0.000
17	  G	  0.0	  1.6	0.000	0.000	0.000
18	  S	  0.1	  1.7	0.000	0.000	0.000
19	  G	  0.1	  1.6	0.000	0.000	0.000
20	  C	  0.8	  1.1	0.000	0.000	0.000
21	  I	  0.9	  0.5	0.000	0.000	0.000
22	  G	  0.9	  0.2	0.000	0.000	0.000
23	  A	  0.2	  2.1	0.000	0.000	0.000
24	  P	  0.0	  1.9	0.000	0.000	0.000
25	  G	  0.0	  1.9	0.000	0.000	0.000
26	  R	  0.0	  2.2	0.000	0.000	0.000
27	  P	  0.0	  0.6	0.000	0.000	0.000
28	  A	  0.0	  0.7	0.000	0.000	0.000
29	  G	  0.0	  1.2	0.000	0.000	0.000
30	  G	  0.0	  1.1	0.000	0.000	0.000
31	  G	  0.0	  0.9	0.000	0.000	0.000
32	  R	  0.4	  0.7	0.000	0.000	0.000
33	  R	  0.9	  0.3	0.000	0.000	0.000
34	  R	  1.1	  0.3	0.000	0.000	0.000
35	  R	  0.8	  0.3	0.000	0.000	0.000
36	  T	  0.4	  0.4	0.000	0.000	0.000
37	  G	  0.1	  0.4	0.000	0.000	0.000
38	  G	  0.0	  0.3	0.286	0.000	0.000
39	  L	  0.2	  0.2	0.286	0.000	0.000
40	  R	  0.4	  0.1	0.286	0.000	0.000
41	  R	  0.4	  0.1	0.286	0.000	0.000
42	  A	  0.3	  0.1	0.286	0.000	0.000
43	  A	  0.2	  0.0	0.286	0.000	0.000
44	  A	  0.1	  0.9	0.150	0.000	0.000
45	  P	  0.0	  1.0	0.000	0.000	0.000
46	  D	  0.0	  2.4	0.138	0.000	0.000
47	  R	  0.2	  2.4	0.138	0.000	0.000
48	  D	  0.3	  1.5	0.138	0.000	0.000
49	  Y	  0.9	  1.4	0.138	0.000	0.000
50	  L	  0.9	  0.0	0.138	0.000	0.000
51	  H	  1.0	  0.0	0.138	0.000	0.000
52	  R	  0.4	  0.4	0.000	0.000	0.000
53	  P	  0.1	  0.4	0.000	0.000	0.000
54	  S	  3.0	  0.4	0.118	0.000	0.000
55	  Y	  4.6	  0.5	0.118	0.000	0.000
56	  C	  5.4	  0.1	0.118	0.000	0.000
57	  D	  2.4	  0.1	1.519	0.000	0.000
58	  A	  0.9	  0.1	1.519	0.307	0.307
59	  A	  0.3	  0.0	1.519	0.307	0.307
60	  F	  1.0	  0.0	1.519	0.307	0.307
61	  A	  1.0	  0.0	1.905	0.307	0.307
62	  L	  0.9	  0.0	1.905	0.307	0.307
63	  E	  0.1	  0.0	1.734	0.000	0.000
64	  Q	  1.0	  0.0	1.591	0.000	0.000
65	  I	  1.6	  0.1	1.318	0.000	0.000
66	  S	  1.6	  1.1	1.458	0.000	0.000
67	  K	  0.8	  1.1	1.242	0.000	0.000
68	  G	  0.2	  1.2	1.084	0.000	0.000
69	  K	  0.6	  1.3	0.721	0.000	0.000
70	  A	  0.6	  0.5	0.422	0.000	0.000
71	  T	  0.6	  0.6	0.422	0.000	0.000
72	  G	  0.1	  0.6	0.422	0.000	0.000
73	  R	  0.3	  0.4	0.422	0.000	0.000
74	  K	  0.3	  0.2	0.000	0.000	0.000
75	  A	  0.3	  0.2	0.000	0.000	0.000
76	  P	  0.0	  0.1	0.000	0.000	0.000
77	  L	  0.5	  0.1	0.000	0.000	0.000
78	  W	  1.2	  0.1	1.519	0.000	0.000
79	  L	  1.6	  0.0	1.519	0.000	0.000
80	  R	  1.2	  0.0	1.519	0.000	0.000
81	  A	  0.7	  0.0	1.519	0.000	0.000
82	  K	  1.2	  0.0	1.519	0.000	0.000
83	  F	  3.3	  0.1	1.519	0.000	0.000
84	  Q	  3.4	  0.1	0.904	0.000	0.000
85	  R	  2.9	  0.1	0.462	0.000	0.000
86	  L	  1.2	  0.1	0.341	0.000	0.000
87	  L	  1.2	  0.0	0.341	0.000	0.000
88	  F	  2.1	  0.1	0.341	0.000	0.000
89	  K	  1.7	  0.3	0.125	0.000	0.000
90	  L	  1.6	  1.3	0.125	0.000	0.000
91	  G	  0.3	  1.3	0.125	0.000	0.000
92	  C	  1.7	  1.2	0.737	0.000	0.000
93	  Y	  2.0	  1.0	0.737	0.000	0.000
94	  I	  2.2	  0.0	0.737	0.000	0.000
95	  Q	  0.8	  0.3	0.737	0.000	0.000
96	  K	  0.6	  0.3	0.737	0.000	0.000
97	  N	  0.4	  0.3	0.737	0.000	0.000
98	  C	  0.5	  0.4	0.272	0.000	0.000
99	  G	  0.3	  0.1	0.272	0.000	0.000
100	  K	  0.5	  0.1	0.000	0.000	0.000
101	  F	  1.4	  0.1	0.000	88.497	88.497
102	  L	  3.3	  0.0	0.000	95.715	95.715
103	  V	  4.2	  0.0	0.151	99.332	99.332
104	  V	  3.4	  0.0	0.151	99.639	99.639
105	  G	  1.4	  0.0	0.151	99.665	99.665
106	  L	  1.2	  0.0	0.151	99.932	99.932
107	  L	  1.4	  0.0	0.151	99.971	99.971
108	  I	  2.5	  0.0	0.151	99.928	99.928
109	  F	  1.8	  0.5	0.151	99.357	99.357
110	  G	  1.3	  0.5	0.122	92.352	92.352
111	  A	  0.4	  0.5	0.122	91.720	91.720
112	  F	  1.4	  0.5	0.122	91.186	91.186
113	  A	  1.6	  0.0	0.122	84.629	84.629
114	  V	  1.7	  0.0	0.122	79.086	79.086
115	  G	  0.5	  0.0	0.386	13.860	13.860
116	  L	  0.7	  0.1	0.386	11.715	11.715
117	  K	  0.5	  0.1	0.386	0.000	0.000
118	  A	  0.5	  0.3	0.264	0.000	0.000
119	  A	  0.2	  0.3	0.264	0.000	0.000
120	  N	  0.5	  0.3	0.264	0.000	0.000
121	  L	  0.6	  0.4	0.000	0.000	0.000
122	  E	  0.6	  0.1	0.000	0.000	0.000
123	  T	  0.9	  0.1	0.000	0.000	0.000
124	  N	  5.3	  0.1	0.000	0.000	0.000
125	  V	  5.7	  0.1	0.000	0.000	0.000
126	  E	  5.0	  0.0	0.000	0.000	0.000
127	  E	  0.7	  0.0	0.000	0.000	0.000
128	  L	  0.5	  0.0	0.000	0.000	0.000
129	  W	  1.6	  0.0	0.000	0.000	0.000
130	  V	 20.3	  0.0	0.000	0.000	0.000
131	  E	 20.0	  0.0	0.000	0.000	0.000
132	  V	 19.0	  1.8	0.000	0.000	0.000
133	  G	  0.2	  1.9	0.000	0.000	0.000
134	  G	  0.1	  1.9	0.000	0.000	0.000
135	  R	  1.3	  1.9	0.000	0.000	0.000
136	  V	  2.2	  0.1	0.000	0.000	0.000
137	  S	  2.3	  0.1	0.327	0.000	0.000
138	  R	  1.1	  0.1	0.327	0.000	0.000
139	  E	  1.1	  0.2	0.327	0.000	0.000
140	  L	  2.7	  0.2	0.327	0.000	0.000
141	  N	  4.2	  0.1	0.327	0.000	0.000
142	  Y	  6.5	  0.1	0.327	0.000	0.000
143	  T	  6.3	  0.1	0.000	0.000	0.000
144	  R	  5.0	  0.1	0.000	0.000	0.000
145	  Q	  2.1	  0.1	0.000	0.000	0.000
146	  K	  0.8	  0.1	0.000	0.000	0.000
147	  I	  0.5	  0.2	0.000	0.000	0.000
148	  G	  0.3	  0.3	0.698	0.000	0.000
149	  E	  0.1	  0.3	0.926	0.000	0.000
150	  E	  0.0	  0.3	0.926	0.000	0.000
151	  A	  0.3	  0.1	0.926	0.000	0.000
152	  M	  1.2	  0.0	0.926	0.000	0.000
153	  F	  1.4	  0.0	0.926	0.000	0.000
154	  N	  1.1	  0.2	0.855	0.000	0.000
155	  P	  0.2	  0.3	0.186	0.000	0.000
156	  Q	  0.6	  0.3	0.186	0.000	0.000
157	  L	  1.7	  0.3	0.186	0.000	0.000
158	  M	  1.8	  0.0	0.186	0.000	0.000
159	  I	  1.5	  0.0	0.186	0.000	0.000
160	  Q	  0.5	  0.0	0.186	0.000	0.000
161	  T	  0.4	  0.2	0.340	0.000	0.000
162	  P	  0.0	  0.2	0.340	0.000	0.000
163	  K	  0.2	  0.4	0.340	0.000	0.000
164	  E	  0.2	  0.7	0.340	0.000	0.000
165	  E	  0.2	  0.9	0.340	0.000	0.000
166	  G	  0.0	  1.2	0.340	0.000	0.000
167	  A	  0.1	  1.0	0.204	0.000	0.000
168	  N	  0.3	  0.8	0.361	0.000	0.000
169	  V	  2.0	  0.4	0.157	0.000	0.000
170	  L	  2.2	  0.0	0.157	0.000	0.000
171	  T	  2.3	  0.0	2.842	0.000	0.000
172	  T	  0.7	  0.1	3.666	0.000	0.000
173	  E	  0.4	  0.1	3.666	0.000	0.000
174	  A	  0.4	  0.1	3.666	0.000	0.000
175	  L	  0.5	  0.0	3.666	0.000	0.000
176	  L	  1.0	  0.0	3.666	0.000	0.000
177	  Q	  1.0	  0.0	3.338	0.000	0.000
178	  H	  1.5	  0.3	1.311	0.000	0.000
179	  L	  1.3	  0.4	0.534	0.000	0.000
180	  D	  1.0	  0.4	1.080	0.000	0.000
181	  S	  0.5	  0.3	1.134	0.000	0.000
182	  A	  0.4	  0.1	1.134	0.000	0.000
183	  L	  0.7	  0.1	1.134	0.000	0.000
184	  Q	  0.7	  0.0	1.134	0.000	0.000
185	  A	  0.7	  0.1	1.011	0.000	0.000
186	  S	  0.5	  0.1	0.794	0.000	0.000
187	  R	  2.0	  0.0	0.111	0.000	0.000
188	  V	 10.8	  0.0	0.000	1.057	1.057
189	  H	 12.2	  0.0	0.000	1.057	1.057
190	  V	 14.0	  0.0	0.000	1.057	1.057
191	  Y	  6.0	  0.0	0.000	1.057	1.057
192	  M	  4.7	  0.0	0.000	1.057	1.057
193	  Y	  1.7	  0.0	0.000	0.811	0.811
194	  N	  1.0	  0.0	0.611	0.000	0.000
195	  R	  2.1	  0.0	0.611	0.000	0.000
196	  Q	  3.2	  0.0	0.611	0.000	0.000
197	  W	  4.0	  0.0	0.611	0.000	0.000
198	  K	  3.9	  0.0	0.611	0.000	0.000
199	  L	  2.7	  0.1	0.611	0.000	0.000
200	  E	  2.0	  0.1	0.611	0.000	0.000
201	  H	  1.0	  0.1	0.611	0.000	0.000
202	  L	  1.7	  0.1	0.363	0.000	0.000
203	  C	  5.5	  0.0	0.363	0.000	0.000
204	  Y	  5.9	  0.3	0.247	0.000	0.000
205	  K	  4.9	  0.5	0.000	0.000	0.000
206	  S	  1.2	  0.8	0.000	0.000	0.000
207	  G	  0.1	  0.8	0.000	0.000	0.000
208	  E	  0.1	  0.5	0.000	0.000	0.000
209	  L	  0.5	  0.3	0.000	0.000	0.000
210	  I	  1.2	  0.1	0.000	0.000	0.000
211	  T	  1.3	  0.3	0.000	0.000	0.000
212	  E	  0.9	  0.4	0.000	0.000	0.000
213	  T	  0.2	  0.4	0.000	0.000	0.000
214	  G	  0.1	  0.4	0.000	0.000	0.000
215	  Y	  1.2	  0.2	0.000	0.000	0.000
216	  M	  1.3	  0.2	0.000	0.000	0.000
217	  D	  1.5	  0.1	0.617	0.000	0.000
218	  Q	  1.0	  0.1	0.617	0.000	0.000
219	  I	  2.5	  0.0	0.617	0.000	0.000
220	  I	  5.1	  0.0	0.617	0.000	0.000
221	  E	  4.6	  0.0	0.617	0.000	0.000
222	  Y	  4.1	  0.0	0.617	0.000	0.000
223	  L	  1.3	  0.0	0.447	0.000	0.000
224	  Y	  1.3	  0.2	0.321	0.000	0.000
225	  P	  0.1	  0.2	0.000	0.000	0.000
226	  C	  1.1	  0.2	0.000	0.000	0.000
227	  L	  2.6	  0.2	0.000	0.000	0.000
228	  I	  9.8	  0.0	0.000	0.000	0.000
229	  I	  9.5	  0.0	0.000	0.000	0.000
230	  T	  8.0	  0.2	0.203	0.000	0.000
231	  P	  0.8	  0.4	0.203	0.000	0.000
232	  L	  2.3	  0.4	0.203	0.000	0.000
233	  D	  3.6	  0.4	0.203	0.000	0.000
234	  C	  4.4	  0.2	0.203	0.000	0.000
235	  F	  4.0	  0.0	0.203	0.000	0.000
236	  W	  2.6	  0.4	0.973	0.000	0.000
237	  E	  1.7	  0.6	0.973	0.000	0.000
238	  G	  0.1	  0.6	1.169	0.000	0.000
239	  A	  0.3	  0.6	1.169	0.000	0.000
240	  K	  0.8	  0.2	1.169	0.000	0.000
241	  L	  1.1	  0.3	1.169	0.000	0.000
242	  Q	  0.9	  0.4	1.169	0.000	0.000
243	  S	  0.4	  0.6	0.736	0.000	0.000
244	  G	  0.2	  0.6	0.879	0.000	0.000
245	  T	  1.1	  0.3	1.336	1.126	1.126
246	  A	  1.3	  0.2	1.336	1.296	1.296
247	  Y	  2.0	  0.0	1.336	1.296	1.296
248	  L	  1.2	  0.1	1.336	1.296	1.296
249	  L	  0.9	  0.1	1.336	1.296	1.296
250	  G	  0.1	  0.1	1.336	0.171	0.171
251	  K	  0.0	  0.1	0.685	0.000	0.000
252	  P	  0.0	  0.2	0.000	0.000	0.000
253	  P	  0.0	  0.2	0.000	0.000	0.000
254	  L	  1.2	  0.2	0.000	0.000	0.000
255	  R	  2.5	  0.2	0.000	0.000	0.000
256	  W	  3.6	  0.1	0.000	0.000	0.000
257	  T	  3.0	  0.1	0.000	0.000	0.000
258	  N	  3.1	  0.1	0.000	0.000	0.000
259	  F	  2.1	  0.1	0.000	0.000	0.000
260	  D	  1.6	  0.3	5.887	0.000	0.000
261	  P	  0.2	  0.3	6.328	0.000	0.000
262	  L	  0.7	  0.3	6.555	0.000	0.000
263	  E	  0.8	  0.3	6.960	0.000	0.000
264	  F	  1.4	  0.0	9.243	0.000	0.000
265	  L	  0.7	  0.0	11.018	0.000	0.000
266	  E	  0.6	  0.1	11.933	0.000	0.000
267	  E	  1.1	  0.1	12.313	0.000	0.000
268	  L	  1.2	  0.1	12.196	0.000	0.000
269	  K	  1.3	  0.1	12.196	0.000	0.000
270	  K	  1.6	  0.0	11.319	0.000	0.000
271	  I	  5.5	  0.0	8.106	0.000	0.000
272	  N	  6.2	  0.0	8.106	0.000	0.000
273	  Y	  7.0	  0.0	5.340	0.000	0.000
274	  Q	  3.4	  0.0	2.019	0.000	0.000
275	  V	  3.3	  0.0	0.000	0.000	0.000
276	  D	  1.6	  0.0	1.752	0.000	0.000
277	  S	  5.7	  0.0	8.156	0.000	0.000
278	  W	  5.2	  0.1	9.591	0.000	0.000
279	  E	  4.8	  0.1	9.796	0.000	0.000
280	  E	  0.4	  0.1	9.796	0.000	0.000
281	  M	  0.5	  0.1	9.796	0.000	0.000
282	  L	  0.7	  0.0	9.796	0.000	0.000
283	  N	  0.6	  0.1	10.085	0.000	0.000
284	  K	  0.4	  0.1	8.702	0.000	0.000
285	  A	  0.5	  0.1	3.050	0.000	0.000
286	  E	  0.6	  0.0	1.684	0.000	0.000
287	  V	  0.5	  0.2	0.404	0.000	0.000
288	  G	  0.3	  0.5	0.404	0.000	0.000
289	  H	  0.3	  0.5	0.117	0.000	0.000
290	  G	  0.1	  0.5	0.000	0.000	0.000
291	  Y	  1.2	  0.4	0.000	0.000	0.000
292	  M	  1.2	  0.1	0.000	0.000	0.000
293	  D	  1.2	  0.1	0.000	0.000	0.000
294	  R	  0.1	  0.1	0.000	0.000	0.000
295	  P	  0.0	  0.0	0.000	0.000	0.000
296	  C	  3.0	  0.0	0.000	0.000	0.000
297	  L	  3.1	  0.0	0.000	0.000	0.000
298	  N	  3.1	  0.2	0.000	0.000	0.000
299	  P	  0.1	  0.2	0.000	0.000	0.000
300	  A	  0.0	  0.2	0.000	0.000	0.000
301	  D	  0.0	 17.0	0.000	0.000	0.000
302	  P	  0.0	 16.7	0.000	0.000	0.000
303	  D	  0.0	 16.7	0.000	0.000	0.000
304	  C	  0.1	 16.9	0.000	0.000	0.000
305	  P	  0.1	  0.2	0.000	0.000	0.000
306	  A	  0.3	  0.2	0.000	0.000	0.000
307	  T	  0.5	  0.2	0.000	0.000	0.000
308	  A	  0.5	  1.0	0.000	0.000	0.000
309	  P	  0.2	  0.9	0.000	0.000	0.000
310	  N	  0.0	  2.9	0.000	0.000	0.000
311	  K	  0.1	  3.0	0.000	0.000	0.000
312	  N	  0.2	  2.3	0.000	0.000	0.000
313	  S	  0.9	  2.3	0.000	0.000	0.000
314	  T	  1.0	  0.2	0.000	0.000	0.000
315	  K	  0.9	  0.3	0.000	0.000	0.000
316	  P	  0.2	  0.3	0.000	0.000	0.000
317	  L	  1.1	  0.3	0.000	0.000	0.000
318	  D	  1.1	  0.3	1.720	0.000	0.000
319	  M	  1.5	  0.1	1.720	7.207	7.207
320	  A	  0.7	  0.0	1.720	7.444	7.444
321	  L	  2.7	  0.0	1.720	7.444	7.444
322	  V	  5.7	  0.1	1.720	7.444	7.444
323	  L	  5.5	  0.7	1.720	7.444	7.444
324	  N	  3.5	  0.8	1.268	0.507	0.507
325	  G	  0.1	  1.2	0.637	0.000	0.000
326	  G	  0.0	  1.0	0.161	0.000	0.000
327	  C	  0.6	  0.9	0.000	0.000	0.000
328	  H	  0.6	  0.9	0.000	0.000	0.000
329	  G	  0.6	  0.5	0.000	0.000	0.000
330	  L	  0.2	  0.5	0.000	0.000	0.000
331	  S	  0.3	  0.2	0.000	0.000	0.000
332	  R	  0.8	  0.1	0.000	0.000	0.000
333	  K	  0.9	  0.1	0.000	0.000	0.000
334	  Y	  1.5	  0.1	0.000	0.000	0.000
335	  M	  2.6	  0.0	0.000	0.000	0.000
336	  H	  4.7	  0.0	0.000	0.000	0.000
337	  W	  4.6	  0.0	0.000	0.000	0.000
338	  Q	  3.2	  0.1	0.000	0.000	0.000
339	  E	  0.7	  0.1	0.000	0.000	0.000
340	  E	  0.1	  0.1	0.000	0.000	0.000
341	  L	  1.6	  0.1	0.000	2.562	2.562
342	  I	  4.2	  0.0	0.000	3.744	3.744
343	  V	  4.3	  0.7	0.000	3.744	3.744
344	  G	  2.7	  0.7	0.000	3.744	3.744
345	  G	  0.1	  0.7	0.000	3.744	3.744
346	  T	 15.8	  0.7	0.000	3.744	3.744
347	  V	 17.4	  0.1	0.000	3.543	3.543
348	  K	 17.4	  0.1	0.000	0.000	0.000
349	  N	  2.0	  0.5	0.000	0.000	0.000
350	  S	  0.2	  0.8	0.000	0.000	0.000
351	  T	  0.3	  0.8	0.000	0.000	0.000
352	  G	  0.2	  0.8	0.000	0.000	0.000
353	  K	  0.7	  0.4	0.000	0.000	0.000
354	  L	  1.4	  0.2	0.000	0.000	0.000
355	  V	  3.5	  0.1	0.000	0.000	0.000
356	  S	  3.3	  0.2	0.429	0.000	0.000
357	  A	  2.6	  0.2	0.429	0.000	0.000
358	  H	  0.8	  0.2	0.429	0.000	0.000
359	  A	  0.6	  0.2	0.429	0.000	0.000
360	  L	  0.6	  0.0	0.429	0.000	0.000
361	  Q	  0.5	  0.0	0.429	0.000	0.000
362	  T	  1.6	  0.0	0.000	0.000	0.000
363	  M	  1.8	  0.0	0.000	0.212	0.212
364	  F	  5.1	  0.1	0.000	0.212	0.212
365	  Q	  4.4	  0.1	0.000	0.212	0.212
366	  L	  4.5	  0.1	0.000	0.212	0.212
367	  M	  1.3	  0.1	0.000	0.212	0.212
368	  T	  0.6	  0.2	0.000	0.000	0.000
369	  P	  0.2	  0.2	0.000	0.000	0.000
370	  K	  0.2	  0.2	0.000	0.000	0.000
371	  Q	  1.5	  0.2	0.000	0.000	0.000
372	  M	  1.6	  0.1	0.000	0.000	0.000
373	  Y	  3.5	  0.1	0.000	0.000	0.000
374	  E	  2.6	  0.1	0.000	0.000	0.000
375	  H	  4.4	  0.1	0.000	0.000	0.000
376	  F	  2.8	  0.9	0.000	0.000	0.000
377	  K	  2.3	  0.8	0.000	0.000	0.000
378	  G	  0.4	  0.8	0.000	0.000	0.000
379	  Y	  4.1	  0.8	0.000	0.000	0.000
380	  E	  4.2	  0.0	0.000	0.000	0.000
381	  Y	  5.6	  0.0	0.000	0.000	0.000
382	  V	  3.7	  0.0	0.000	0.000	0.000
383	  S	  4.5	  0.0	0.000	0.000	0.000
384	  H	  9.2	  0.0	0.000	0.000	0.000
385	  I	 10.6	  0.0	0.000	0.000	0.000
386	  N	 10.3	  0.5	0.000	0.000	0.000
387	  W	  4.4	  0.5	0.000	0.000	0.000
388	  N	  0.8	  3.1	1.172	0.000	0.000
389	  E	  0.2	  3.2	1.172	0.000	0.000
390	  D	  0.1	  2.8	3.046	0.000	0.000
391	  K	  0.2	  2.8	3.046	0.000	0.000
392	  A	  0.2	  0.1	3.046	2.068	2.068
393	  A	  0.3	  0.1	3.046	2.068	2.068
394	  A	  0.8	  0.0	2.867	2.068	2.068
395	  I	  1.5	  0.0	2.615	2.068	2.068
396	  L	  1.5	  0.0	2.615	2.068	2.068
397	  E	  1.0	  0.0	2.066	0.000	0.000
398	  A	  0.6	  0.0	1.530	0.000	0.000
399	  W	  1.5	  0.0	1.003	0.000	0.000
400	  Q	  1.6	  0.1	0.462	0.000	0.000
401	  R	  2.4	  0.1	0.125	0.166	0.166
402	  T	  5.4	  0.1	0.092	0.166	0.166
403	  Y	  7.0	  0.0	0.092	0.166	0.166
404	  V	 22.9	  0.0	0.092	0.166	0.166
405	  E	 19.3	  0.0	0.092	0.166	0.166
406	  V	 21.6	  0.0	0.092	0.166	0.166
407	  V	  6.4	  0.0	0.092	0.166	0.166
408	  H	  6.0	  0.1	0.092	0.000	0.000
409	  Q	  2.4	  0.1	0.000	0.000	0.000
410	  S	  1.2	  0.1	0.000	0.000	0.000
411	  V	  2.5	  0.1	0.000	0.000	0.000
412	  A	  2.2	  0.2	0.000	0.000	0.000
413	  Q	  1.7	  0.2	0.000	0.000	0.000
414	  N	  0.3	  0.3	0.000	0.000	0.000
415	  S	  0.7	  0.3	0.000	0.000	0.000
416	  T	  2.4	  0.2	0.000	0.000	0.000
417	  Q	  2.8	  0.2	0.000	0.000	0.000
418	  K	  3.3	  0.1	0.000	0.000	0.000
419	  V	  4.2	  0.1	0.000	7.815	7.815
420	  L	  5.7	  0.1	0.000	8.280	8.280
421	  S	 12.1	  0.1	0.000	8.280	8.280
422	  F	 10.9	  0.1	0.000	8.280	8.280
423	  T	 10.4	  0.0	0.000	8.280	8.280
424	  T	  4.6	  0.0	0.000	7.069	7.069
425	  T	  3.9	  0.1	0.144	6.361	6.361
426	  T	  3.7	  0.2	1.348	5.940	5.940
427	  L	  2.2	  0.3	1.348	3.948	3.948
428	  D	  1.5	  0.3	2.788	0.000	0.000
429	  D	  0.2	  0.3	3.426	0.000	0.000
430	  I	  0.8	  0.1	3.426	0.156	0.156
431	  L	  1.0	  0.2	3.426	0.156	0.156
432	  K	  1.3	  0.2	3.426	0.156	0.156
433	  S	 19.5	  0.3	3.097	0.156	0.156
434	  F	 19.4	  0.7	1.295	0.200	0.200
435	  S	 19.1	  0.5	0.000	0.213	0.213
436	  D	  0.9	  0.5	0.000	0.498	0.498
437	  V	  7.3	  0.4	0.000	0.498	0.498
438	  S	  8.3	  0.0	0.246	0.498	0.498
439	  V	 10.9	  0.0	0.246	0.498	0.498
440	  I	 10.3	  0.0	0.246	0.498	0.498
441	  R	 10.0	  0.0	0.246	0.342	0.342
442	  V	  9.1	  0.2	0.246	3.026	3.026
443	  A	  3.0	  0.4	0.388	3.224	3.224
444	  S	  2.2	  0.4	1.485	3.893	3.893
445	  G	  0.1	  0.4	3.121	9.378	9.378
446	  Y	  0.8	  0.2	3.271	69.674	69.674
447	  L	  1.8	  0.0	3.472	86.192	86.192
448	  L	  2.8	  0.0	3.472	89.047	89.047
449	  M	  2.3	  0.0	3.472	89.441	89.441
450	  L	  1.6	  0.0	3.472	89.641	89.641
451	  A	  0.7	  0.0	3.472	85.246	85.246
452	  Y	  1.8	  0.1	3.472	80.602	80.602
453	  A	  1.8	  0.1	1.670	65.019	65.019
454	  C	  2.0	  0.1	1.332	51.771	51.771
455	  L	  3.0	  0.1	0.889	49.010	49.010
456	  T	  3.6	  0.0	0.724	33.888	33.888
457	  M	  3.4	  0.0	0.724	24.902	24.902
458	  L	  2.1	  0.0	0.248	21.140	21.140
459	  R	  3.7	  0.2	0.248	0.511	0.511
460	  W	  6.6	  0.2	0.248	0.511	0.511
461	  D	  5.8	  0.6	0.133	0.511	0.511
462	  C	  5.3	  0.7	0.000	0.026	0.026
463	  S	  4.5	  1.2	0.000	0.000	0.000
464	  K	  4.4	  1.3	0.000	0.000	0.000
465	  S	  2.7	  1.3	0.000	0.000	0.000
466	  Q	  0.3	  1.3	0.000	0.014	0.014
467	  G	  0.0	  0.6	0.000	1.144	1.144
468	  A	  0.1	  0.4	0.000	14.894	14.894
469	  V	  0.5	  0.1	0.000	31.275	31.275
470	  G	  0.5	  0.0	0.402	32.722	32.722
471	  L	  0.4	  0.3	0.402	48.929	48.929
472	  A	  0.1	  0.3	0.402	51.899	51.899
473	  G	  0.1	  0.2	0.651	55.419	55.419
474	  V	  3.9	  0.2	0.651	95.477	95.477
475	  L	  4.7	  0.0	0.771	98.798	98.798
476	  L	  5.6	  0.0	0.771	99.316	99.316
477	  V	  5.1	  0.0	0.771	99.254	99.254
478	  A	  4.4	  0.0	0.771	97.268	97.268
479	  L	  5.4	  0.0	0.771	94.438	94.438
480	  S	  2.8	  0.0	1.111	78.431	78.431
481	  V	  3.7	  0.0	0.340	76.439	76.439
482	  A	  1.9	  0.2	0.340	52.907	52.907
483	  A	  1.3	  0.2	0.340	33.010	33.010
484	  G	  0.1	  0.2	0.340	16.189	16.189
485	  L	  0.1	  0.3	0.340	14.689	14.689
486	  G	  0.1	  0.1	0.790	6.533	6.533
487	  L	  0.6	  0.0	0.610	6.011	6.011
488	  C	  2.0	  0.1	0.610	3.493	3.493
489	  S	  2.3	  0.1	0.610	3.058	3.058
490	  L	  2.0	  0.1	0.610	3.815	3.815
491	  I	  0.7	  0.2	0.610	3.721	3.721
492	  G	  0.4	  0.1	0.610	1.174	1.174
493	  I	  4.6	  0.1	0.000	1.154	1.154
494	  S	 13.3	  0.4	0.000	1.057	1.057
495	  F	 14.3	  0.3	0.000	1.000	1.000
496	  N	 10.4	  0.3	0.455	0.068	0.068
497	  A	  1.3	  0.3	0.455	0.041	0.041
498	  A	  0.2	  0.0	0.455	0.019	0.019
499	  T	  2.6	  0.0	0.455	0.000	0.000
500	  T	  3.4	  0.0	0.455	0.000	0.000
501	  Q	  4.4	  0.0	0.455	0.000	0.000
502	  V	  2.4	  0.0	0.000	0.000	0.000
503	  L	  1.6	  0.0	0.000	0.000	0.000
504	  P	  0.5	  0.0	0.000	0.380	0.380
505	  F	  0.7	  0.0	0.000	20.416	20.416
506	  L	  1.0	  0.1	0.000	21.898	21.898
507	  A	  1.1	  0.1	0.000	21.898	21.898
508	  L	  0.5	  0.2	0.000	21.898	21.898
509	  G	  0.1	  0.3	0.000	21.713	21.713
510	  V	  0.5	  0.2	0.000	20.357	20.357
511	  G	  0.5	  0.2	0.000	2.913	2.913
512	  V	  0.8	  0.2	0.000	2.394	2.394
513	  D	  0.5	  0.1	1.401	0.000	0.000
514	  D	  2.7	  0.1	2.281	0.000	0.000
515	  V	  6.0	  0.1	2.281	23.582	23.582
516	  F	  6.6	  0.0	2.281	23.729	23.729
517	  L	  4.6	  0.0	2.281	23.729	23.729
518	  L	  1.1	  0.0	2.281	23.729	23.729
519	  A	  0.4	  0.0	2.281	23.729	23.729
520	  H	  0.6	  0.0	1.989	1.088	1.088
521	  A	  1.0	  0.0	0.554	0.920	0.920
522	  F	  1.6	  0.1	0.353	0.779	0.779
523	  S	  1.2	  0.5	0.000	0.000	0.000
524	  E	  0.7	  0.6	0.000	0.000	0.000
525	  T	  0.1	  0.7	0.236	0.000	0.000
526	  G	  0.1	  0.9	0.236	0.000	0.000
527	  Q	  0.2	  0.5	0.236	0.000	0.000
528	  N	  0.2	  0.4	0.236	0.000	0.000
529	  K	  1.9	  0.3	0.236	0.000	0.000
530	  R	  2.3	  0.1	0.236	0.000	0.000
531	  I	  2.2	  0.0	0.000	0.000	0.000
532	  P	  0.5	  0.0	0.000	0.000	0.000
533	  F	  0.8	  0.3	0.000	0.000	0.000
534	  E	  0.8	  0.3	0.000	0.000	0.000
535	  D	  0.8	  0.9	0.370	0.000	0.000
536	  R	  0.1	  1.0	0.370	0.000	0.000
537	  T	  0.1	  0.7	0.519	0.000	0.000
538	  G	  0.1	  0.8	1.197	0.000	0.000
539	  E	  0.1	  0.3	1.197	0.000	0.000
540	  C	  2.5	  0.1	1.197	0.000	0.000
541	  L	  2.6	  0.1	1.197	0.000	0.000
542	  K	  3.0	  0.2	1.197	0.000	0.000
543	  R	  0.7	  0.3	1.197	0.000	0.000
544	  T	  0.6	  0.5	0.178	0.000	0.000
545	  G	  0.1	  0.6	0.178	0.000	0.000
546	  A	  0.5	  0.5	0.000	0.822	0.822
547	  S	  1.1	  0.4	0.000	2.310	2.310
548	  V	  4.5	  0.2	0.000	14.248	14.248
549	  A	  4.2	  0.0	0.000	15.270	15.270
550	  L	  4.0	  0.0	0.000	16.387	16.387
551	  T	  1.1	  0.0	0.000	16.436	16.436
552	  S	  6.4	  0.2	0.000	16.590	16.590
553	  I	  5.9	  0.3	0.000	19.302	19.302
554	  S	  5.6	  0.3	0.904	18.341	18.341
555	  N	  2.1	  0.3	0.904	20.366	20.366
556	  V	  4.9	  0.1	0.904	73.181	73.181
557	  T	  5.7	  0.0	0.904	77.153	77.153
558	  A	  4.1	  0.0	0.904	82.902	82.902
559	  F	  2.3	  0.0	0.904	88.746	88.746
560	  F	  2.1	  0.0	0.250	89.011	89.011
561	  M	  1.9	  0.0	0.000	80.752	80.752
562	  A	  1.0	  0.0	0.000	70.760	70.760
563	  A	  0.8	  0.0	0.000	61.502	61.502
564	  L	  0.8	  0.0	0.000	52.864	52.864
565	  I	  0.7	  0.0	0.000	5.920	5.920
566	  P	  0.2	  0.0	0.000	2.475	2.475
567	  I	  0.1	  0.0	0.177	0.000	0.000
568	  P	  0.0	  0.0	0.684	0.000	0.000
569	  A	  0.3	  0.0	0.684	0.000	0.000
570	  L	  0.7	  0.0	0.684	0.000	0.000
571	  R	  1.0	  0.0	0.684	0.000	0.000
572	  A	  1.3	  0.0	0.684	0.042	0.042
573	  F	  4.1	  0.1	0.684	0.309	0.309
574	  S	  4.4	  0.0	0.000	0.896	0.896
575	  L	  4.2	  0.0	0.000	5.986	5.986
576	  Q	  1.0	  0.0	0.000	6.967	6.967
577	  A	  0.4	  0.0	0.000	32.030	32.030
578	  A	  0.8	  0.0	0.000	61.675	61.675
579	  V	 12.0	  0.0	0.000	96.740	96.740
580	  V	 22.4	  0.0	0.000	99.719	99.719
581	  V	 24.6	  0.0	0.000	99.972	99.972
582	  V	 17.3	  0.0	0.000	99.993	99.993
583	  F	  8.6	  0.0	0.000	99.993	99.993
584	  N	  5.7	  0.0	0.832	99.947	99.947
585	  F	  3.4	  0.0	0.832	99.949	99.949
586	  A	  1.1	  0.0	1.052	99.926	99.926
587	  M	  3.3	  0.0	1.052	99.908	99.908
588	  V	  6.6	  0.0	1.052	99.886	99.886
589	  L	  7.1	  0.0	1.052	99.629	99.629
590	  L	  5.6	  0.0	1.052	98.225	98.225
591	  I	  1.9	  0.0	0.892	90.742	90.742
592	  F	  1.0	  0.2	0.892	11.351	11.351
593	  P	  0.1	  0.2	0.000	4.703	4.703
594	  A	  0.6	  0.2	0.000	0.000	0.000
595	  I	  1.9	  0.2	0.000	0.000	0.000
596	  L	  3.8	  0.0	0.000	0.000	0.000
597	  S	  6.0	  0.9	1.168	0.000	0.000
598	  M	  5.8	  1.0	1.168	0.000	0.000
599	  D	  4.2	  1.0	1.723	0.000	0.000
600	  L	  1.7	  1.0	1.723	0.000	0.000
601	  Y	  2.3	  0.1	1.723	0.000	0.000
602	  R	  2.2	  0.1	1.723	0.000	0.000
603	  R	  2.1	  0.6	1.317	0.000	0.000
604	  E	  0.2	  0.6	1.024	0.000	0.000
605	  D	  0.1	  0.6	0.157	0.000	0.000
606	  R	  0.4	  0.6	0.000	0.000	0.000
607	  R	  2.2	  0.2	0.000	0.000	0.000
608	  L	  4.1	  0.2	0.000	0.000	0.000
609	  D	  4.7	  0.2	0.000	0.000	0.000
610	  I	  4.2	  0.1	0.000	2.238	2.238
611	  F	 18.6	  0.0	0.000	2.238	2.238
612	  C	 22.3	  0.0	0.000	2.238	2.238
613	  C	 22.0	  0.0	0.000	2.238	2.238
614	  F	 10.3	  0.0	0.000	2.238	2.238
615	  T	  5.3	  0.0	0.000	0.835	0.835
616	  S	  4.4	  0.1	0.000	0.000	0.000
617	  P	  0.1	  0.1	0.000	0.000	0.000
618	  C	  1.6	  0.1	0.000	0.000	0.000
619	  V	  2.4	  0.2	0.000	0.000	0.000
620	  S	  2.6	  0.0	0.000	0.000	0.000
621	  R	  4.0	  0.0	0.000	0.000	0.000
622	  V	  5.2	  0.0	0.000	0.000	0.000
623	  I	  5.9	  0.0	0.000	0.000	0.000
624	  Q	  7.3	  0.0	0.000	0.000	0.000
625	  V	  6.0	  0.0	0.000	0.000	0.000
626	  E	  5.1	  0.1	0.000	0.000	0.000
627	  P	  0.8	  0.2	0.000	0.000	0.000
628	  Q	  0.4	  0.2	0.000	0.000	0.000
629	  A	  0.8	  0.2	0.000	0.000	0.000
630	  Y	  2.6	  0.1	0.000	0.000	0.000
631	  T	  2.6	  0.1	0.000	0.000	0.000
632	  D	  2.3	  0.2	0.000	0.000	0.000
633	  T	  1.3	  0.3	0.000	0.000	0.000
634	  H	  0.9	  0.5	0.000	0.000	0.000
635	  D	  0.8	  0.5	0.000	0.000	0.000
636	  N	  0.7	  0.4	0.000	0.000	0.000
637	  T	  1.6	  0.3	0.000	0.000	0.000
638	  R	  3.5	  0.1	0.000	0.000	0.000
639	  Y	  2.9	  0.0	0.000	0.000	0.000
640	  S	  2.0	  0.0	0.000	0.000	0.000
641	  P	  0.0	  0.0	0.000	0.000	0.000
642	  P	  0.0	  0.0	0.000	0.000	0.000
643	  P	  0.0	  0.2	0.000	0.000	0.000
644	  P	  0.0	  0.2	0.000	0.000	0.000
645	  Y	  1.6	  0.3	0.000	0.000	0.000
646	  S	  1.9	  0.4	0.000	0.000	0.000
647	  S	  3.3	  0.4	0.000	0.000	0.000
648	  H	  2.1	  0.4	0.000	0.000	0.000
649	  S	  2.5	  0.3	0.000	0.000	0.000
650	  F	  1.6	  0.2	0.000	0.000	0.000
651	  A	  1.2	  0.0	0.000	0.000	0.000
652	  H	  0.7	  0.1	0.000	0.000	0.000
653	  E	  0.3	  0.2	0.000	0.000	0.000
654	  T	  0.9	  0.2	0.000	0.000	0.000
655	  Q	  2.6	  0.1	0.000	0.000	0.000
656	  I	 13.8	  0.0	0.000	0.000	0.000
657	  T	 15.8	  0.0	0.000	0.000	0.000
658	  M	 14.2	  0.0	0.000	0.000	0.000
659	  Q	  3.6	  0.1	0.000	0.000	0.000
660	  S	  0.7	  0.1	0.000	0.000	0.000
661	  T	 10.7	  0.1	0.000	0.000	0.000
662	  V	 14.9	  0.0	0.000	0.000	0.000
663	  Q	 15.2	  0.0	0.000	0.000	0.000
664	  L	  5.6	  0.0	0.000	0.000	0.000
665	  R	  1.0	  0.1	0.000	0.000	0.000
666	  T	  0.4	  0.0	0.000	0.000	0.000
667	  E	  4.1	  0.0	0.000	0.000	0.000
668	  Y	  4.2	  0.0	0.000	0.000	0.000
669	  D	  4.0	  0.5	0.000	0.000	0.000
670	  P	  0.2	  0.5	0.000	0.000	0.000
671	  H	  1.1	  0.5	0.000	0.000	0.000
672	  T	  2.9	  0.5	0.000	0.380	0.380
673	  H	  4.6	  0.1	0.000	0.619	0.619
674	  V	  5.6	  0.0	0.000	3.095	3.095
675	  Y	  5.0	  0.0	0.000	3.095	3.095
676	  Y	  4.9	  0.0	0.000	3.095	3.095
677	  T	  3.5	  0.0	0.000	2.857	2.857
678	  T	  3.2	  0.0	0.000	2.477	2.477
679	  A	  1.5	  0.0	0.000	1.134	1.134
680	  E	  0.9	  0.0	0.000	0.000	0.000
681	  P	  0.0	  0.1	0.000	0.000	0.000
682	  R	  0.1	  0.1	0.000	0.000	0.000
683	  S	  0.2	  0.1	0.000	0.000	0.000
684	  E	  1.5	  0.1	0.000	0.000	0.000
685	  I	  6.2	  0.0	0.000	0.000	0.000
686	  S	  8.4	  0.0	0.000	0.000	0.000
687	  V	  7.3	  0.0	0.000	0.000	0.000
688	  Q	  2.7	  0.0	0.000	0.000	0.000
689	  P	  0.3	  0.0	0.000	0.000	0.000
690	  V	 17.7	  0.0	0.000	0.000	0.000
691	  T	 26.9	  0.0	0.000	0.000	0.000
692	  V	 29.7	  0.0	0.000	0.000	0.000
693	  T	 13.8	  0.1	0.000	0.000	0.000
694	  Q	  3.4	  0.1	0.000	0.000	0.000
695	  D	  0.5	  0.2	0.000	0.000	0.000
696	  T	  5.9	  0.2	0.000	0.000	0.000
697	  L	 11.5	  0.1	0.000	0.000	0.000
698	  S	 14.2	  0.0	0.000	0.000	0.000
699	  C	 10.2	  0.0	0.000	0.000	0.000
700	  Q	  3.9	  0.0	0.000	0.000	0.000
701	  S	  1.1	  0.3	0.000	0.000	0.000
702	  P	  0.0	  0.4	0.000	0.000	0.000
703	  E	  0.2	  0.4	0.000	0.000	0.000
704	  S	  2.3	  0.7	0.000	0.000	0.000
705	  T	  3.7	  0.5	0.000	0.000	0.000
706	  S	  3.9	  0.5	0.000	0.000	0.000
707	  S	  2.5	  0.5	0.457	0.000	0.000
708	  T	  1.3	  0.5	0.747	0.000	0.000
709	  R	  1.0	  0.4	0.747	0.000	0.000
710	  D	  0.3	  0.3	0.747	0.000	0.000
711	  L	  0.5	  0.2	0.747	0.000	0.000
712	  L	  0.7	  0.2	0.747	0.000	0.000
713	  S	  1.1	  0.1	0.747	0.000	0.000
714	  Q	  3.2	  0.1	0.381	0.000	0.000
715	  F	  3.2	  0.4	0.000	0.000	0.000
716	  S	  2.8	  0.8	0.000	0.000	0.000
717	  D	  0.4	  1.5	0.000	0.000	0.000
718	  S	  0.2	  1.5	0.000	0.000	0.000
719	  S	  0.8	  1.3	0.000	0.000	0.000
720	  L	  2.6	  0.8	0.000	0.000	0.000
721	  H	  3.6	  0.1	0.000	0.000	0.000
722	  C	  5.6	  0.0	0.000	0.000	0.000
723	  L	  3.8	  0.0	0.000	0.000	0.000
724	  E	  2.7	  0.0	0.000	0.000	0.000
725	  P	  0.0	  0.0	0.000	0.000	0.000
726	  P	  0.0	  0.0	0.000	0.000	0.000
727	  C	  3.5	  0.0	0.000	0.000	0.000
728	  T	  4.6	  0.0	0.000	0.000	0.000
729	  K	  6.6	  0.0	0.000	0.000	0.000
730	  W	  5.9	  0.0	0.000	0.553	0.553
731	  T	 10.0	  0.0	0.000	0.553	0.553
732	  L	  8.2	  0.3	0.000	0.698	0.698
733	  S	  5.9	  0.3	0.000	0.698	0.698
734	  S	  1.2	  0.2	1.335	0.698	0.698
735	  F	  1.2	  0.2	1.335	0.698	0.698
736	  A	  1.0	  0.1	1.335	0.276	0.276
737	  E	  1.0	  0.1	1.335	0.000	0.000
738	  K	  0.8	  0.1	1.335	0.000	0.000
739	  H	  4.6	  0.1	1.335	0.000	0.000
740	  Y	  4.2	  0.0	0.523	0.000	0.000
741	  A	  4.0	  0.0	0.000	0.000	0.000
742	  P	  0.2	  0.0	0.000	0.000	0.000
743	  F	  0.8	  0.0	0.000	0.000	0.000
744	  L	  1.3	  0.0	0.000	0.000	0.000
745	  L	  1.4	  0.0	0.000	0.000	0.000
746	  K	  0.6	  0.1	0.000	0.000	0.000
747	  P	  0.1	  0.2	0.000	0.000	0.000
748	  K	  0.2	  0.2	0.000	0.000	0.000
749	  A	  0.5	  0.2	0.000	0.000	0.000
750	  K	  2.2	  0.0	0.000	0.000	0.000
751	  V	 13.9	  0.0	0.000	90.342	90.342
752	  V	 20.2	  0.0	0.000	98.052	98.052
753	  V	 20.5	  0.0	0.000	99.836	99.836
754	  I	 10.2	  0.0	0.000	99.986	99.986
755	  F	  3.7	  0.0	0.000	99.998	99.998
756	  L	  2.5	  0.0	0.000	99.985	99.985
757	  F	  1.7	  0.1	0.000	99.900	99.900
758	  L	  1.2	  0.2	0.000	98.834	98.834
759	  G	  0.5	  0.2	0.000	93.007	93.007
760	  L	  0.2	  0.2	0.000	92.483	92.483
761	  L	  0.2	  0.0	0.000	89.620	89.620
762	  G	  0.2	  0.0	0.000	73.987	73.987
763	  V	  5.0	  0.1	0.000	72.581	72.581
764	  S	  5.2	  0.1	0.000	56.027	56.027
765	  L	  5.3	  0.0	0.000	53.934	53.934
766	  Y	  0.5	  1.0	0.000	42.505	42.505
767	  G	  0.2	  0.9	0.000	4.235	4.235
768	  T	  1.3	  0.9	0.000	0.791	0.791
769	  T	  2.3	  0.9	0.000	0.043	0.043
770	  R	  3.9	  0.0	0.000	0.000	0.000
771	  V	  3.5	  0.3	0.000	0.000	0.000
772	  R	  2.5	  0.5	0.000	0.000	0.000
773	  D	  0.8	  0.5	0.000	0.000	0.000
774	  G	  0.1	  0.7	0.000	0.000	0.000
775	  L	  1.1	  0.4	0.000	0.000	0.000
776	  D	  1.3	  0.2	0.140	0.000	0.000
777	  L	  1.5	  0.2	0.140	0.000	0.000
778	  T	  0.7	  0.1	0.140	0.000	0.000
779	  D	  2.5	  0.1	0.140	0.000	0.000
780	  I	  2.8	  0.1	0.140	0.000	0.000
781	  V	  2.6	  0.0	0.140	0.000	0.000
782	  P	  0.6	  0.0	0.000	0.000	0.000
783	  R	  0.0	  0.1	0.000	0.000	0.000
784	  E	  0.1	  0.1	0.000	0.000	0.000
785	  T	  0.3	  0.2	0.149	0.000	0.000
786	  R	  0.4	  0.1	0.149	0.000	0.000
787	  E	  2.3	  0.1	0.149	0.000	0.000
788	  Y	  4.5	  0.1	0.149	7.865	7.865
789	  D	  4.8	  0.0	1.731	9.838	9.838
790	  F	  4.4	  0.0	1.895	12.959	12.959
791	  I	  2.9	  0.0	1.895	13.182	13.182
792	  A	  2.5	  0.0	1.895	13.182	13.182
793	  A	  1.3	  0.0	1.895	13.182	13.182
794	  Q	  2.3	  0.0	1.895	13.182	13.182
795	  F	  3.5	  0.0	0.939	12.764	12.764
796	  K	  3.5	  0.0	0.107	9.838	9.838
797	  Y	  3.8	  0.0	0.000	42.185	42.185
798	  F	  8.6	  0.0	0.000	51.628	51.628
799	  S	  9.4	  0.0	0.000	53.211	53.211
800	  F	  9.1	  0.1	0.000	69.900	69.900
801	  Y	  4.6	  0.1	0.000	70.577	70.577
802	  N	  4.0	  0.1	0.152	67.355	67.355
803	  M	  3.0	  0.1	0.152	69.033	69.033
804	  Y	  2.9	  0.0	0.152	68.939	68.939
805	  I	  6.5	  0.0	0.152	68.253	68.253
806	  V	  9.4	  0.0	0.152	60.396	60.396
807	  T	  9.6	  0.1	0.336	12.317	12.317
808	  Q	  5.6	  0.1	0.336	0.499	0.499
809	  K	  2.0	  0.7	0.336	0.000	0.000
810	  A	  0.2	  0.7	0.184	0.000	0.000
811	  D	  0.2	  0.6	0.184	0.000	0.000
812	  Y	  0.1	  2.0	0.184	0.000	0.000
813	  P	  0.1	  1.4	0.000	0.000	0.000
814	  N	  0.6	  1.4	0.392	0.000	0.000
815	  I	  0.8	  1.4	0.392	0.000	0.000
816	  Q	  1.1	  0.0	0.392	0.000	0.000
817	  H	  1.1	  0.0	0.392	0.000	0.000
818	  L	  1.5	  0.0	0.392	0.000	0.000
819	  L	  1.5	  0.0	0.392	0.000	0.000
820	  Y	  2.1	  0.0	0.392	0.000	0.000
821	  D	  1.6	  0.0	0.293	0.000	0.000
822	  L	  1.3	  0.0	0.293	0.000	0.000
823	  H	  0.6	  0.2	0.293	0.000	0.000
824	  R	  2.1	  0.2	0.293	0.000	0.000
825	  S	 22.0	  0.3	0.196	0.000	0.000
826	  F	 21.8	  0.7	0.099	0.000	0.000
827	  S	 20.5	  0.5	0.000	0.000	0.000
828	  N	  2.2	  0.5	0.000	0.000	0.000
829	  V	  4.4	  0.4	0.000	0.168	0.168
830	  K	  4.9	  0.0	0.000	0.168	0.168
831	  Y	  4.7	  0.0	0.000	0.168	0.168
832	  V	  6.5	  0.0	0.000	0.168	0.168
833	  M	  6.1	  0.0	0.000	0.168	0.168
834	  L	  4.4	  0.1	0.130	0.168	0.168
835	  E	  0.1	  0.2	0.130	0.168	0.168
836	  E	  0.2	  0.2	0.130	0.000	0.000
837	  N	  0.2	  0.3	0.130	0.000	0.000
838	  K	  0.4	  0.2	0.130	0.000	0.000
839	  Q	  0.4	  0.1	0.130	0.000	0.000
840	  L	  0.4	  0.2	0.000	0.000	0.000
841	  P	  0.1	  0.1	0.423	0.000	0.000
842	  K	  0.3	  0.1	0.423	0.000	0.000
843	  M	  0.9	  0.1	0.423	1.306	1.306
844	  W	  1.2	  0.0	0.423	2.451	2.451
845	  L	  2.5	  0.0	0.423	2.451	2.451
846	  H	  4.1	  0.0	0.423	2.451	2.451
847	  Y	  5.7	  0.0	0.299	2.451	2.451
848	  F	  5.0	  0.2	0.299	2.451	2.451
849	  R	  2.9	  0.2	0.299	0.000	0.000
850	  D	  0.9	  0.2	0.299	0.000	0.000
851	  W	  0.7	  0.2	0.299	0.000	0.000
852	  L	  0.6	  0.1	0.299	0.000	0.000
853	  Q	  0.5	  0.1	0.299	0.000	0.000
854	  G	  0.1	  0.1	0.000	0.000	0.000
855	  L	  0.2	  0.3	0.000	0.000	0.000
856	  Q	  0.3	  0.2	0.000	0.000	0.000
857	  D	  0.3	  0.3	0.000	0.000	0.000
858	  A	  0.3	  0.4	0.000	0.000	0.000
859	  F	  1.3	  0.3	0.000	0.000	0.000
860	  D	  1.2	  2.0	0.000	0.000	0.000
861	  S	  1.0	  1.8	0.000	0.000	0.000
862	  D	  1.1	  1.8	0.628	0.000	0.000
863	  W	  1.3	  1.9	0.628	0.000	0.000
864	  E	  1.3	  0.4	0.628	0.000	0.000
865	  T	  0.4	  0.4	0.628	0.000	0.000
866	  G	  0.1	  0.4	0.628	0.000	0.000
867	  K	  1.4	  0.2	0.628	0.000	0.000
868	  I	  1.7	  0.1	0.000	0.000	0.000
869	  M	  1.7	  0.9	0.000	0.000	0.000
870	  P	  0.4	  1.0	0.000	0.000	0.000
871	  N	  0.2	  1.0	0.000	0.000	0.000
872	  N	  1.0	  1.0	0.000	0.000	0.000
873	  Y	  1.5	  0.7	0.000	0.000	0.000
874	  K	  1.4	  1.8	0.000	0.000	0.000
875	  N	  0.6	  2.3	0.000	0.000	0.000
876	  G	  0.0	  2.8	0.000	0.000	0.000
877	  S	  0.0	  5.8	0.000	0.000	0.000
878	  D	  0.0	  5.0	1.400	0.000	0.000
879	  D	  0.0	  4.5	2.087	0.194	0.194
880	  G	  0.0	  4.0	2.968	1.137	1.137
881	  V	  1.1	  0.4	3.128	1.137	1.137
882	  L	  1.4	  0.0	3.128	1.137	1.137
883	  A	  1.6	  0.0	3.128	1.137	1.137
884	  Y	  1.9	  0.1	3.128	1.137	1.137
885	  K	  1.9	  0.1	2.044	0.194	0.194
886	  L	  2.5	  0.1	1.267	0.371	0.371
887	  L	  1.4	  0.1	1.267	0.371	0.371
888	  V	  1.6	  0.1	0.983	0.371	0.371
889	  Q	  0.8	  0.2	0.983	0.178	0.178
890	  T	  0.6	  0.7	0.000	0.178	0.178
891	  G	  0.2	  0.8	0.000	0.000	0.000
892	  S	  0.5	  2.1	0.000	0.000	0.000
893	  R	  0.3	  2.0	0.000	0.000	0.000
894	  D	  0.3	  1.5	0.000	0.000	0.000
895	  K	  0.1	  1.4	0.000	0.000	0.000
896	  P	  0.0	  0.0	0.000	0.000	0.000
897	  I	  5.2	  0.0	0.000	0.000	0.000
898	  D	  5.8	  0.2	0.795	0.000	0.000
899	  I	  6.8	  0.3	0.795	0.000	0.000
900	  S	  1.9	  0.3	6.056	0.000	0.000
901	  Q	  2.0	  0.3	6.056	0.000	0.000
902	  L	  1.4	  0.1	6.056	0.000	0.000
903	  T	  2.6	  0.1	6.486	0.000	0.000
904	  K	  1.9	  0.1	6.486	0.000	0.000
905	  Q	  1.7	  0.1	6.196	0.000	0.000
906	  R	  0.9	  0.1	1.844	0.000	0.000
907	  L	  1.2	  0.0	1.140	0.000	0.000
908	  V	  1.5	  0.0	0.924	0.000	0.000
909	  D	  1.0	 12.3	0.924	0.000	0.000
910	  A	  0.5	 12.5	0.297	0.000	0.000
911	  D	  0.0	 12.5	0.297	0.000	0.000
912	  G	  0.1	 12.5	0.000	0.000	0.000
913	  I	  1.6	  0.2	0.000	0.000	0.000
914	  I	  1.8	  0.0	0.000	0.000	0.000
915	  N	  1.7	  4.0	0.122	0.000	0.000
916	  P	  0.3	  4.0	0.122	0.063	0.063
917	  S	  0.3	  4.0	0.249	5.193	5.193
918	  A	  0.5	  4.0	0.249	46.539	46.539
919	  F	  1.6	  0.0	0.249	95.375	95.375
920	  Y	  2.0	  0.0	0.249	99.327	99.327
921	  I	  3.2	  0.0	0.127	99.869	99.869
922	  Y	  2.6	  0.0	0.127	99.916	99.916
923	  L	  2.7	  0.0	0.127	99.856	99.856
924	  T	  2.0	  0.0	0.127	99.108	99.108
925	  A	  1.7	  0.0	0.127	98.645	98.645
926	  W	  1.9	  0.0	0.127	98.249	98.249
927	  V	  1.5	  0.1	0.127	90.875	90.875
928	  S	  1.3	  0.1	0.127	4.090	4.090
929	  N	  0.3	  0.1	0.000	0.153	0.153
930	  D	  0.0	  0.1	1.300	0.000	0.000
931	  P	  0.0	  0.0	1.300	0.000	0.000
932	  V	  1.9	  0.0	1.300	0.541	0.541
933	  A	  2.1	  0.0	1.300	0.541	0.541
934	  Y	  2.8	  0.0	1.300	0.541	0.541
935	  A	  1.0	  0.1	1.300	0.541	0.541
936	  A	  1.0	  0.2	1.129	0.541	0.541
937	  S	  0.4	  0.2	1.118	0.000	0.000
938	  Q	  0.3	  0.4	0.820	0.000	0.000
939	  A	  0.3	  0.3	0.581	0.000	0.000
940	  N	  7.3	  0.2	0.468	0.000	0.000
941	  I	  7.7	  0.2	0.170	0.000	0.000
942	  R	  7.6	  0.2	0.170	0.000	0.000
943	  P	  0.5	  0.2	0.000	0.000	0.000
944	  H	  0.1	  0.2	0.000	0.000	0.000
945	  R	  0.1	  0.4	0.000	0.000	0.000
946	  P	  0.1	  0.2	0.000	0.000	0.000
947	  E	  0.1	  0.2	0.000	0.000	0.000
948	  W	  1.0	  0.2	0.000	0.000	0.000
949	  V	  2.4	  0.0	0.000	0.000	0.000
950	  H	  2.3	  0.1	0.000	0.000	0.000
951	  D	  1.5	  0.2	0.000	0.000	0.000
952	  K	  0.1	  0.9	0.000	0.000	0.000
953	  A	  0.1	  0.8	0.000	0.000	0.000
954	  D	  0.2	  0.8	0.000	0.000	0.000
955	  Y	  0.3	  0.7	0.000	0.000	0.000
956	  M	  0.2	  0.1	0.000	0.000	0.000
957	  P	  0.2	  0.2	0.297	0.000	0.000
958	  E	  0.1	  0.2	0.297	0.000	0.000
959	  T	  0.5	  0.3	0.297	0.000	0.000
960	  R	  1.1	  0.1	0.297	0.000	0.000
961	  L	  8.4	  0.0	0.297	0.000	0.000
962	  R	  8.4	  0.0	0.297	0.000	0.000
963	  I	  7.8	  0.0	0.152	0.000	0.000
964	  P	  0.4	  0.0	0.000	0.000	0.000
965	  A	  0.1	  0.0	0.000	0.000	0.000
966	  A	  0.1	  0.0	0.000	0.000	0.000
967	  E	  0.1	  0.0	0.000	0.000	0.000
968	  P	  0.0	  0.0	0.000	0.000	0.000
969	  I	  3.0	  0.0	0.000	0.000	0.000
970	  E	  3.3	  0.0	0.000	0.000	0.000
971	  Y	  3.9	  0.0	0.000	0.000	0.000
972	  A	  1.5	  0.0	0.000	0.000	0.000
973	  Q	  1.3	  0.0	0.000	0.000	0.000
974	  F	  0.7	  0.0	0.000	0.000	0.000
975	  P	  0.2	  0.0	0.000	0.000	0.000
976	  F	  1.1	  0.0	0.000	0.725	0.725
977	  Y	  2.3	  0.3	0.000	0.725	0.725
978	  L	  2.4	  1.7	0.000	0.725	0.725
979	  N	  1.3	  1.8	0.000	0.725	0.725
980	  G	  0.1	  1.8	0.000	0.725	0.725
981	  L	  0.2	  1.6	0.000	0.725	0.725
982	  R	  0.3	  0.2	0.000	0.000	0.000
983	  D	  0.4	  0.7	0.000	0.000	0.000
984	  T	  0.3	  1.0	0.000	0.000	0.000
985	  S	  0.2	  0.9	0.133	0.000	0.000
986	  D	  0.5	  0.9	0.721	0.000	0.000
987	  F	  2.5	  0.3	0.721	0.000	0.000
988	  V	  4.2	  0.0	0.721	0.000	0.000
989	  E	  3.8	  0.0	0.721	0.000	0.000
990	  A	  1.9	  0.0	0.721	0.000	0.000
991	  I	  0.8	  0.0	0.721	0.000	0.000
992	  E	  0.9	  0.0	0.721	0.000	0.000
993	  K	  2.4	  0.0	0.589	0.000	0.000
994	  V	  2.5	  0.0	0.200	0.000	0.000
995	  R	  3.2	  0.0	0.200	0.000	0.000
996	  T	  4.0	  0.0	0.000	0.000	0.000
997	  I	  3.9	  0.0	0.000	0.000	0.000
998	  C	  3.2	  0.5	0.000	0.000	0.000
999	  S	  0.7	  0.5	0.000	0.000	0.000
1000	  N	  1.7	  0.5	0.000	0.000	0.000
1001	  Y	  4.7	  0.6	0.000	0.000	0.000
1002	  T	  5.2	  0.2	0.000	0.000	0.000
1003	  S	  3.8	  0.2	0.000	0.000	0.000
1004	  L	  0.8	  0.3	0.000	0.000	0.000
1005	  G	  0.3	  0.2	0.000	0.000	0.000
1006	  L	  0.4	  0.3	0.000	0.000	0.000
1007	  S	  0.8	  0.3	0.000	0.000	0.000
1008	  S	  1.1	  0.3	0.000	0.000	0.000
1009	  Y	  0.8	  2.7	0.000	0.000	0.000
1010	  P	  0.3	  3.3	0.000	0.000	0.000
1011	  N	  0.1	  3.3	0.000	0.000	0.000
1012	  G	  0.1	  3.3	0.000	0.000	0.000
1013	  Y	  0.1	  1.1	0.000	0.000	0.000
1014	  P	  0.0	  0.2	0.000	0.244	0.244
1015	  F	  0.8	  0.2	0.000	0.244	0.244
1016	  L	  1.3	  0.2	0.000	0.244	0.244
1017	  F	  3.0	  0.0	0.129	0.244	0.244
1018	  W	  2.9	  0.1	0.129	0.244	0.244
1019	  E	  2.5	  0.1	0.129	0.000	0.000
1020	  Q	  1.3	  0.1	0.129	0.000	0.000
1021	  Y	  1.1	  0.2	0.129	0.000	0.000
1022	  I	  1.2	  0.2	0.129	0.000	0.000
1023	  G	  0.7	  0.2	1.445	0.000	0.000
1024	  L	  1.1	  0.2	1.316	0.000	0.000
1025	  R	  2.3	  0.1	1.316	0.000	0.000
1026	  H	  3.4	  0.0	1.424	7.415	7.415
1027	  W	  3.0	  0.0	1.424	38.715	38.715
1028	  L	  2.5	  0.0	1.424	48.777	48.777
1029	  L	  1.8	  0.0	1.424	64.309	64.309
1030	  L	  2.0	  0.0	1.285	80.770	80.770
1031	  F	  2.0	  0.0	1.145	97.401	97.401
1032	  I	  5.7	  0.0	0.916	98.758	98.758
1033	  S	  6.0	  0.0	1.159	98.881	98.881
1034	  V	 12.4	  0.0	0.530	99.882	99.882
1035	  V	  9.2	  0.0	0.530	99.966	99.966
1036	  L	  8.6	  0.0	0.530	99.955	99.955
1037	  A	  1.5	  0.0	0.530	99.843	99.843
1038	  C	  3.1	  0.0	0.433	99.748	99.748
1039	  T	  6.1	  0.0	0.000	99.699	99.699
1040	  F	  7.1	  0.0	0.000	99.678	99.678
1041	  L	  5.6	  0.0	0.000	99.266	99.266
1042	  V	  3.0	  0.0	0.000	96.666	96.666
1043	  C	  3.1	  0.0	0.175	66.068	66.068
1044	  A	  2.4	  0.0	0.175	59.380	59.380
1045	  V	  5.2	  0.0	0.175	55.656	55.656
1046	  F	  4.9	  0.0	0.175	48.881	48.881
1047	  L	  5.0	  0.0	0.175	32.243	32.243
1048	  L	  1.6	  0.0	0.175	15.744	15.744
1049	  N	  0.8	  0.2	1.482	0.001	0.001
1050	  P	  0.1	  0.2	1.307	0.001	0.001
1051	  W	  2.9	  0.2	1.307	12.349	12.349
1052	  T	  3.0	  0.4	2.337	15.358	15.358
1053	  A	  3.0	  0.2	2.337	20.430	20.430
1054	  G	  0.2	  0.2	3.627	26.425	26.425
1055	  I	  6.7	  0.2	2.429	93.014	93.014
1056	  I	 14.7	  0.0	2.542	99.066	99.066
1057	  V	 20.9	  0.0	2.699	99.599	99.599
1058	  M	 16.7	  0.0	2.811	99.632	99.632
1059	  V	  9.7	  0.0	2.701	99.647	99.647
1060	  L	  3.4	  0.0	2.701	99.008	99.008
1061	  A	  1.4	  0.0	2.701	95.276	95.276
1062	  L	  0.7	  0.0	2.497	92.102	92.102
1063	  M	  4.5	  0.0	1.861	74.765	74.765
1064	  T	 10.7	  0.0	0.730	54.980	54.980
1065	  V	 14.7	  0.0	0.730	50.674	50.674
1066	  E	 10.9	  0.0	0.730	0.003	0.003
1067	  L	  4.6	  0.2	0.499	0.010	0.010
1068	  F	  0.5	  0.2	0.499	1.242	1.242
1069	  G	  0.3	  0.1	0.253	1.242	1.242
1070	  M	  0.4	  0.1	0.139	1.741	1.741
1071	  M	  0.5	  0.0	0.000	1.859	1.859
1072	  G	  0.5	  0.0	0.135	1.858	1.858
1073	  L	  0.4	  0.0	0.135	1.858	1.858
1074	  I	  0.4	  0.1	0.135	1.858	1.858
1075	  G	  0.5	  0.1	0.135	1.342	1.342
1076	  I	  6.0	  0.1	0.135	1.342	1.342
1077	  K	  6.2	  0.1	0.135	0.002	0.002
1078	  L	  6.7	  0.0	0.000	0.002	0.002
1079	  S	  1.6	  0.0	0.000	0.000	0.000
1080	  A	  1.1	  0.0	0.000	0.000	0.000
1081	  V	  0.5	  0.0	0.000	0.000	0.000
1082	  P	  0.1	  0.0	0.222	1.146	1.146
1083	  V	  7.4	  0.0	0.222	92.895	92.895
1084	  V	 14.5	  0.0	0.222	99.137	99.137
1085	  I	 16.4	  0.0	0.222	99.556	99.556
1086	  L	  9.9	  0.0	0.222	99.593	99.593
1087	  I	  3.7	  0.0	0.222	99.576	99.576
1088	  A	  2.0	  0.0	0.222	81.055	81.055
1089	  S	  1.8	  0.0	0.116	64.084	64.084
1090	  V	  1.2	  0.1	0.000	61.966	61.966
1091	  G	  0.8	  0.3	0.000	37.015	37.015
1092	  I	  0.6	  0.3	0.000	34.770	34.770
1093	  G	  0.2	  0.3	0.000	10.236	10.236
1094	  V	  3.3	  0.1	0.000	9.428	9.428
1095	  E	  5.1	  0.0	0.000	0.000	0.000
1096	  F	 14.1	  0.0	0.000	5.371	5.371
1097	  T	 16.4	  0.0	0.222	6.516	6.516
1098	  V	 21.7	  0.0	0.222	11.806	11.806
1099	  H	 14.1	  0.0	0.444	12.253	12.253
1100	  V	 11.8	  0.0	0.444	73.947	73.947
1101	  A	  4.2	  0.0	0.444	79.037	79.037
1102	  L	  3.0	  0.0	0.444	83.829	83.829
1103	  A	  0.6	  0.0	0.444	84.557	84.557
1104	  F	  1.0	  0.0	0.444	85.311	85.311
1105	  L	  1.6	  0.0	0.000	83.185	83.185
1106	  T	  1.7	  0.0	0.000	70.620	70.620
1107	  A	  1.3	  0.0	0.000	62.510	62.510
1108	  I	  0.5	  1.3	0.000	55.558	55.558
1109	  G	  0.1	  1.3	0.845	18.994	18.994
1110	  D	  0.0	  4.2	0.985	0.006	0.006
1111	  K	  0.0	  4.2	0.985	0.006	0.006
1112	  N	  0.1	  3.0	1.675	0.000	0.000
1113	  R	  0.2	  3.0	1.675	0.000	0.000
1114	  R	  0.5	  0.1	1.675	0.000	0.000
1115	  A	  1.3	  0.1	1.305	12.976	12.976
1116	  V	  2.3	  0.0	0.874	12.976	12.976
1117	  L	  2.4	  0.0	0.874	12.976	12.976
1118	  A	  1.6	  0.0	0.742	12.976	12.976
1119	  L	  0.8	  0.1	0.742	12.976	12.976
1120	  E	  0.5	  0.1	0.336	0.000	0.000
1121	  H	  1.1	  0.1	0.156	0.000	0.000
1122	  M	  1.7	  0.1	0.000	0.000	0.000
1123	  F	  1.8	  0.0	0.000	0.000	0.000
1124	  A	  1.2	  0.0	0.000	0.000	0.000
1125	  P	  0.2	  0.0	0.000	0.000	0.000
1126	  V	  2.9	  0.2	0.000	0.000	0.000
1127	  L	  2.9	  0.4	0.000	0.000	0.000
1128	  D	  2.9	  0.4	0.000	0.000	0.000
1129	  G	  0.1	  0.4	0.148	0.611	0.611
1130	  A	  0.6	  0.3	0.148	7.659	7.659
1131	  V	  1.5	  0.1	0.148	30.483	30.483
1132	  S	  1.7	  0.1	0.148	32.397	32.397
1133	  T	  1.9	  0.1	0.546	47.837	47.837
1134	  L	  1.1	  0.1	0.546	73.452	73.452
1135	  L	  1.0	  0.0	0.546	77.803	77.803
1136	  G	  0.2	  0.0	0.954	78.153	78.153
1137	  V	  4.3	  0.0	0.806	81.885	81.885
1138	  L	  5.3	  0.0	0.806	81.270	81.270
1139	  M	  5.6	  0.0	0.806	76.014	76.014
1140	  L	  1.5	  0.4	0.806	69.633	69.633
1141	  A	  0.3	  0.6	0.630	34.423	34.423
1142	  G	  0.1	  0.7	0.609	1.078	1.078
1143	  S	  0.1	  0.7	1.029	0.000	0.000
1144	  E	  1.9	  0.4	1.151	0.000	0.000
1145	  F	  4.1	  0.1	1.279	47.503	47.503
1146	  D	  4.5	  0.0	2.197	51.661	51.661
1147	  F	  4.2	  0.0	2.197	51.661	51.661
1148	  I	  6.5	  0.0	2.197	51.662	51.662
1149	  V	  8.1	  0.0	2.197	51.662	51.662
1150	  R	  7.7	  0.0	2.197	51.662	51.662
1151	  Y	  4.6	  0.0	2.197	83.921	83.921
1152	  F	  4.0	  0.0	1.840	95.034	95.034
1153	  F	  4.0	  0.0	0.121	99.184	99.184
1154	  A	  3.5	  0.0	0.367	99.531	99.531
1155	  V	  3.1	  0.0	0.367	99.948	99.948
1156	  L	  2.3	  0.0	0.367	99.979	99.979
1157	  A	  2.0	  0.0	0.367	99.960	99.960
1158	  I	  2.7	  0.0	0.367	99.945	99.945
1159	  L	  6.1	  0.0	0.367	99.704	99.704
1160	  T	  8.1	  0.0	0.367	98.385	98.385
1161	  I	  7.6	  0.0	0.367	97.600	97.600
1162	  L	  3.8	  0.0	0.367	89.022	89.022
1163	  G	  1.2	  0.0	0.367	42.191	42.191
1164	  V	  3.4	  0.1	0.000	41.440	41.440
1165	  L	  3.4	  1.4	0.000	35.923	35.923
1166	  N	  3.4	  1.4	0.000	5.806	5.806
1167	  G	  0.1	  1.4	0.000	4.632	4.632
1168	  L	  2.0	  1.3	0.000	4.527	4.527
1169	  V	  9.5	  0.0	0.000	3.950	3.950
1170	  L	  9.6	  0.0	0.000	2.097	2.097
1171	  L	  7.7	  0.0	0.000	0.020	0.020
1172	  P	  0.1	  0.0	0.000	0.008	0.008
1173	  V	  3.6	  0.0	0.000	6.706	6.706
1174	  L	  4.1	  0.0	0.000	7.935	7.935
1175	  L	  6.3	  0.0	0.000	7.935	7.935
1176	  S	  3.9	  0.0	0.000	7.935	7.935
1177	  F	  4.4	  0.0	0.000	7.935	7.935
1178	  F	  2.1	  0.3	0.000	7.430	7.430
1179	  G	  1.0	  0.3	0.000	0.004	0.004
1180	  P	  0.0	  0.3	0.000	0.000	0.000
1181	  Y	  0.0	  0.6	0.000	0.000	0.000
1182	  P	  0.0	  0.4	0.000	0.000	0.000
1183	  E	  5.4	  0.4	0.000	0.000	0.000
1184	  V	  5.7	  0.4	0.000	0.000	0.000
1185	  S	  5.7	  0.2	0.171	0.000	0.000
1186	  P	  0.3	  1.3	0.171	0.000	0.000
1187	  A	  0.0	  2.2	0.171	0.000	0.000
1188	  N	  0.0	  2.3	0.171	0.000	0.000
1189	  G	  0.1	  2.3	0.171	0.000	0.000
1190	  L	  0.1	  1.1	0.171	0.000	0.000
1191	  N	  0.1	  0.2	0.000	0.000	0.000
1192	  R	  0.1	  0.2	0.000	0.000	0.000
1193	  L	  0.1	  0.0	0.000	0.000	0.000
1194	  P	  0.1	  0.0	0.000	0.000	0.000
1195	  T	  0.1	  0.0	0.000	0.000	0.000
1196	  P	  0.1	  0.0	0.000	0.000	0.000
1197	  S	  0.1	  0.0	0.000	0.000	0.000
1198	  P	  0.0	  0.0	0.000	0.000	0.000
1199	  E	  0.0	  0.0	0.000	0.000	0.000
1200	  P	  0.0	  0.0	0.000	0.000	0.000
1201	  P	  0.0	  0.4	0.000	0.000	0.000
1202	  P	  0.0	  0.4	0.000	0.000	0.000
1203	  S	  0.9	  0.4	0.146	0.000	0.000
1204	  V	  3.8	  0.4	0.146	0.000	0.000
1205	  V	  6.1	  0.0	0.146	0.000	0.000
1206	  R	  5.5	  0.0	0.146	0.000	0.000
1207	  F	  4.2	  0.0	0.146	0.000	0.000
1208	  A	  1.8	  0.0	0.146	0.000	0.000
1209	  M	  1.5	  0.0	0.146	0.000	0.000
1210	  P	  0.0	  2.3	0.000	0.000	0.000
1211	  P	  0.0	  2.5	0.000	0.000	0.000
1212	  G	  0.1	  2.5	0.000	0.000	0.000
1213	  H	  1.3	  2.5	0.000	0.000	0.000
1214	  T	  3.2	  0.3	0.000	0.000	0.000
1215	  H	  3.2	  0.8	0.000	0.000	0.000
1216	  S	  2.3	  1.8	0.000	0.000	0.000
1217	  G	  0.3	  2.1	0.000	0.000	0.000
1218	  S	  0.3	  2.5	0.000	0.000	0.000
1219	  D	  0.1	  3.8	0.000	0.000	0.000
1220	  S	  0.2	  4.5	0.000	0.000	0.000
1221	  S	  0.2	  4.6	0.000	0.000	0.000
1222	  D	  0.2	  4.2	0.000	0.000	0.000
1223	  S	  0.2	  2.3	0.000	0.000	0.000
1224	  E	  1.5	  0.6	0.000	0.000	0.000
1225	  Y	  3.0	  0.2	0.000	0.000	0.000
1226	  S	  3.1	  0.1	0.000	0.000	0.000
1227	  S	  2.0	  0.2	0.000	0.000	0.000
1228	  Q	  0.5	  0.2	0.000	0.000	0.000
1229	  T	  2.4	  0.1	0.000	0.000	0.000
1230	  T	 20.0	  0.1	0.000	0.000	0.000
1231	  V	 20.4	  0.1	0.000	0.000	0.000
1232	  S	 18.5	  0.1	0.000	0.000	0.000
1233	  G	  0.7	  0.1	0.235	0.000	0.000
1234	  L	  0.1	  0.2	0.235	0.000	0.000
1235	  S	  0.1	  0.2	3.508	0.000	0.000
1236	  E	  0.1	  0.2	3.508	0.000	0.000
1237	  E	  0.3	  0.2	3.508	0.000	0.000
1238	  L	  1.0	  0.2	3.508	0.000	0.000
1239	  R	  2.7	  0.1	3.508	0.000	0.000
1240	  H	  6.1	  0.1	3.399	0.000	0.000
1241	  Y	  7.6	  0.1	1.712	0.000	0.000
1242	  E	  6.0	  0.0	0.623	0.000	0.000
1243	  A	  2.5	  0.2	0.387	0.000	0.000
1244	  Q	  0.2	  0.3	0.387	0.000	0.000
1245	  Q	  0.1	  0.5	0.156	0.000	0.000
1246	  G	  0.0	  0.9	0.000	0.000	0.000
1247	  A	  0.0	  0.7	0.000	0.000	0.000
1248	  G	  0.0	  0.6	0.000	0.000	0.000
1249	  G	  0.0	  0.5	0.000	0.000	0.000
1250	  P	  0.0	  0.2	0.000	0.000	0.000
1251	  A	  0.1	  0.2	0.000	0.000	0.000
1252	  H	  0.6	  0.1	0.000	0.000	0.000
1253	  Q	  0.9	  0.0	0.000	0.000	0.000
1254	  V	 15.4	  0.0	0.000	0.000	0.000
1255	  I	 17.5	  0.0	0.000	0.000	0.000
1256	  V	 18.7	  0.0	0.152	0.000	0.000
1257	  E	  4.5	  0.0	0.152	0.000	0.000
1258	  A	  1.7	  0.0	0.152	0.000	0.000
1259	  T	  0.3	  0.0	0.152	0.000	0.000
1260	  E	  0.1	  0.0	0.152	0.000	0.000
1261	  N	  0.1	  0.0	0.152	0.000	0.000
1262	  P	  0.0	  0.0	0.000	0.000	0.000
1263	  V	  2.2	  0.0	0.000	0.569	0.569
1264	  F	  2.7	  0.0	0.000	0.569	0.569
1265	  A	  2.7	  0.0	0.000	0.569	0.569
1266	  H	  0.7	  0.1	0.000	0.569	0.569
1267	  S	  0.6	  0.1	0.000	0.569	0.569
1268	  T	  6.2	  0.1	0.000	0.569	0.569
1269	  V	 14.1	  0.1	0.000	0.569	0.569
1270	  V	 14.0	  0.0	0.000	0.569	0.569
1271	  H	  8.6	  0.4	0.000	0.000	0.000
1272	  P	  0.3	  0.5	0.000	0.000	0.000
1273	  E	  0.0	  0.6	0.000	0.000	0.000
1274	  S	  0.3	  0.6	0.000	0.000	0.000
1275	  R	  1.2	  0.3	0.000	0.000	0.000
1276	  H	  1.2	  0.1	0.000	0.000	0.000
1277	  H	  0.9	  0.1	0.000	0.000	0.000
1278	  P	  0.0	  0.6	0.000	0.000	0.000
1279	  P	  0.0	  0.6	0.000	0.000	0.000
1280	  S	  0.0	  0.6	0.000	0.000	0.000
1281	  N	  0.0	  1.0	0.000	0.000	0.000
1282	  P	  0.0	  0.4	0.000	0.000	0.000
1283	  R	  0.9	  0.4	0.000	0.000	0.000
1284	  Q	  0.9	  0.4	0.000	0.000	0.000
1285	  Q	  0.9	  0.2	0.000	0.000	0.000
1286	  P	  0.1	  0.2	0.000	0.000	0.000
1287	  H	  0.7	  0.4	0.000	0.000	0.000
1288	  L	  1.0	  0.7	0.000	0.000	0.000
1289	  D	  1.0	  1.4	0.000	0.000	0.000
1290	  S	  0.6	  2.3	0.000	0.000	0.000
1291	  G	  0.3	  2.0	0.000	0.000	0.000
1292	  S	  0.3	  1.8	0.000	0.000	0.000
1293	  L	  0.0	  0.9	0.000	0.000	0.000
1294	  P	  0.0	  2.3	0.000	0.000	0.000
1295	  P	  0.0	  2.4	0.000	0.000	0.000
1296	  G	  0.0	  2.6	0.000	0.000	0.000
1297	  R	  0.1	  3.0	0.000	0.000	0.000
1298	  Q	  0.1	  0.7	0.000	0.000	0.000
1299	  G	  0.1	  0.6	0.000	0.000	0.000
1300	  Q	  0.1	  0.4	0.000	0.000	0.000
1301	  Q	  0.1	  0.2	0.000	0.000	0.000
1302	  P	  0.1	  0.2	0.000	0.000	0.000
1303	  R	  1.2	  0.2	0.000	0.000	0.000
1304	  R	  1.2	  0.2	0.000	0.000	0.000
1305	  D	  1.2	  0.1	0.000	0.000	0.000
1306	  P	  0.0	  0.2	0.000	0.000	0.000
1307	  P	  0.0	  0.4	0.000	0.000	0.000
1308	  R	  0.0	  0.6	0.000	0.000	0.000
1309	  E	  0.0	  0.6	0.000	0.000	0.000
1310	  G	  0.0	  0.4	0.000	0.000	0.000
1311	  L	  0.0	  0.2	0.000	0.000	0.000
1312	  W	  0.0	  0.0	0.000	0.000	0.000
1313	  P	  0.0	  0.0	0.000	0.000	0.000
1314	  P	  0.0	  0.2	0.000	0.000	0.000
1315	  P	  0.0	  0.2	0.000	0.000	0.000
1316	  Y	  0.4	  0.2	0.000	0.000	0.000
1317	  R	  0.4	  0.4	0.000	0.000	0.000
1318	  P	  0.4	  0.2	0.000	0.000	0.000
1319	  R	  0.6	  0.6	0.000	0.000	0.000
1320	  R	  0.6	  0.6	0.000	0.000	0.000
1321	  D	  0.7	  0.5	0.000	0.000	0.000
1322	  A	  0.3	  0.4	0.000	0.000	0.000
1323	  F	  5.9	  0.0	0.000	0.000	0.000
1324	  E	  7.1	  0.0	0.000	0.000	0.000
1325	  I	  7.9	  0.0	0.000	0.000	0.000
1326	  S	  2.7	  0.1	0.000	0.000	0.000
1327	  T	  1.2	  0.7	0.000	0.000	0.000
1328	  E	  0.2	  0.9	0.000	0.000	0.000
1329	  G	  0.0	  1.0	0.000	0.000	0.000
1330	  H	  0.1	  0.9	0.000	0.000	0.000
1331	  S	  0.1	  0.5	0.000	0.000	0.000
1332	  G	  0.0	  1.0	0.000	0.000	0.000
1333	  P	  0.0	  1.2	0.000	0.000	0.000
1334	  S	  0.0	  1.2	0.679	0.000	0.000
1335	  N	  0.0	  1.1	1.117	0.000	0.000
1336	  R	  0.2	  0.4	1.117	0.000	0.000
1337	  A	  0.3	  0.1	1.117	0.000	0.000
1338	  R	  0.5	  0.0	1.117	0.000	0.000
1339	  W	  0.4	  0.1	1.117	0.000	0.000
1340	  G	  0.2	  0.8	0.867	0.000	0.000
1341	  P	  0.0	  1.0	0.000	0.000	0.000
1342	  R	  0.0	  1.1	0.000	0.000	0.000
1343	  G	  0.0	  1.0	0.000	0.000	0.000
1344	  A	  0.2	  0.3	0.000	0.000	0.000
1345	  R	  0.6	  0.2	0.000	0.000	0.000
1346	  S	  2.3	  0.2	0.000	0.000	0.000
1347	  H	  2.2	  0.2	0.000	0.000	0.000
1348	  N	  1.7	  0.6	0.000	0.000	0.000
1349	  P	  0.0	  0.5	0.000	0.000	0.000
1350	  R	  0.0	  0.5	0.000	0.000	0.000
1351	  N	  0.0	  0.7	0.000	0.000	0.000
1352	  P	  0.0	  0.3	0.000	0.000	0.000
1353	  A	  0.1	  0.4	0.000	0.000	0.000
1354	  S	  0.3	  0.4	0.000	0.000	0.000
1355	  T	  0.8	  0.4	0.000	0.000	0.000
1356	  A	  0.8	  0.4	0.000	0.000	0.000
1357	  M	  0.7	  0.8	0.000	0.000	0.000
1358	  G	  0.2	  0.9	0.000	0.000	0.000
1359	  S	  0.4	  0.8	0.000	0.000	0.000
1360	  S	  0.5	  0.6	0.000	0.000	0.000
1361	  V	  0.5	  1.5	0.000	0.000	0.000
1362	  P	  0.2	  1.4	0.000	0.000	0.000
1363	  G	  0.1	  1.4	0.000	0.000	0.000
1364	  Y	  4.3	  1.4	0.000	0.000	0.000
1365	  C	  4.5	  0.0	0.000	0.000	0.000
1366	  Q	  4.5	  0.0	0.000	0.000	0.000
1367	  P	  0.2	  0.0	0.000	0.088	0.088
1368	  I	  3.2	  0.0	0.000	11.806	11.806
1369	  T	  5.2	  0.0	0.000	12.675	12.675
1370	  T	 15.3	  0.0	0.000	14.078	14.078
1371	  V	 14.9	  0.0	0.000	16.437	16.437
1372	  T	 15.2	  0.1	0.000	16.606	16.606
1373	  A	  5.3	  0.1	0.000	15.623	15.623
1374	  S	  4.7	  0.7	0.000	14.843	14.843
1375	  A	  2.6	  0.7	0.000	17.964	17.964
1376	  S	  5.5	  0.6	0.108	21.426	21.426
1377	  V	 20.0	  0.6	0.108	47.736	47.736
1378	  T	 22.8	  0.0	0.108	47.626	47.626
1379	  V	 25.8	  0.0	0.108	47.626	47.626
1380	  A	 10.6	  0.0	0.108	46.187	46.187
1381	  V	  7.1	  0.0	0.108	44.754	44.754
1382	  H	  1.5	  0.0	0.108	0.000	0.000
1383	  P	  0.0	  0.0	0.000	0.000	0.000
1384	  P	  0.0	  0.0	0.000	0.000	0.000
1385	  P	  0.0	  0.0	0.000	0.000	0.000
1386	  V	  0.0	  0.0	0.000	0.000	0.000
1387	  P	  0.0	  0.1	0.000	0.000	0.000
1388	  G	  0.0	  2.7	0.000	0.000	0.000
1389	  P	  0.0	  3.0	0.000	0.000	0.000
1390	  G	  0.0	  3.0	0.000	0.000	0.000
1391	  R	  0.0	  2.9	0.000	0.000	0.000
1392	  N	  0.1	  1.5	0.000	0.000	0.000
1393	  P	  0.0	  1.4	0.000	0.000	0.000
1394	  R	  0.0	  1.8	0.000	0.000	0.000
1395	  G	  0.0	  1.8	0.000	0.000	0.000
1396	  G	  0.1	  0.6	0.000	0.000	0.000
1397	  L	  0.1	  0.4	0.000	0.000	0.000
1398	  C	  0.1	  2.6	0.000	0.000	0.000
1399	  P	  0.1	  2.6	0.000	0.000	0.000
1400	  G	  0.0	  2.6	0.000	0.000	0.000
1401	  Y	  0.0	  2.7	0.000	0.000	0.000
1402	  P	  0.0	  0.3	0.000	0.000	0.000
1403	  E	  0.1	  0.3	0.000	0.000	0.000
1404	  T	  0.2	  0.5	0.000	0.000	0.000
1405	  D	  0.2	  0.6	0.000	0.000	0.000
1406	  H	  0.2	  0.5	0.000	0.000	0.000
1407	  G	  0.1	  0.5	0.000	0.000	0.000
1408	  L	  0.3	  0.3	0.000	0.000	0.000
1409	  F	  1.7	  0.1	0.000	0.000	0.000
1410	  E	  1.7	  0.0	0.000	0.000	0.000
1411	  D	  1.5	  0.3	0.000	0.000	0.000
1412	  P	  0.0	  0.3	0.000	0.000	0.000
1413	  H	  0.2	  0.3	0.000	0.000	0.000
1414	  V	  0.2	  0.3	0.000	0.000	0.000
1415	  P	  0.2	  0.0	0.000	0.000	0.000
1416	  F	  2.5	  0.0	0.000	0.000	0.000
1417	  H	  4.1	  0.0	0.000	0.000	0.000
1418	  V	  7.8	  0.0	0.000	0.000	0.000
1419	  R	  7.0	  0.0	0.000	0.000	0.000
1420	  C	  6.9	  0.1	0.000	0.000	0.000
1421	  E	  3.4	  0.1	0.000	0.000	0.000
1422	  R	  2.3	  0.4	0.000	0.000	0.000
1423	  R	  0.7	  0.5	0.000	0.000	0.000
1424	  D	  0.6	  0.4	0.000	0.000	0.000
1425	  S	  0.4	  0.4	0.000	0.000	0.000
1426	  K	  7.0	  0.1	0.000	0.000	0.000
1427	  V	 24.0	  0.0	0.000	0.000	0.000
1428	  E	 24.1	  0.0	0.000	0.000	0.000
1429	  V	 20.9	  0.0	0.000	0.000	0.000
1430	  I	  5.3	  0.0	0.000	0.000	0.000
1431	  E	  5.0	  0.0	0.000	0.000	0.000
1432	  L	  2.6	  0.1	0.000	0.000	0.000
1433	  Q	  0.8	  0.1	0.000	0.000	0.000
1434	  D	  2.9	  0.1	0.000	0.000	0.000
1435	  V	  6.5	  0.1	0.000	0.000	0.000
1436	  E	  6.6	  0.0	0.000	0.000	0.000
1437	  C	  4.8	  0.1	0.000	0.000	0.000
1438	  E	  1.1	  0.1	0.000	0.000	0.000
1439	  E	  0.6	  0.1	0.000	0.000	0.000
1440	  R	  0.1	  0.6	0.000	0.000	0.000
1441	  P	  0.0	  0.8	0.000	0.000	0.000
1442	  R	  0.0	  1.0	0.000	0.000	0.000
1443	  G	  0.1	  1.1	0.000	0.000	0.000
1444	  S	  1.0	  1.7	0.000	0.000	0.000
1445	  S	  1.5	  1.4	0.000	0.000	0.000
1446	  S	  1.5	  1.2	0.000	0.000	0.000
1447	  N	  0.6	  1.1	0.000	0.000	0.000
