res	aa	Beta	Turn	Helix	Aggregation	Conc-Stab_Aggregation
01	  M	  0.1	  0.0	0.000	0.000	0.000
02	  A	  0.2	  0.0	0.000	0.000	0.000
03	  A	  0.2	  1.1	0.000	0.000	0.000
04	  A	  0.1	  1.4	0.000	0.000	0.000
05	  D	  0.0	  2.6	0.000	0.000	0.000
06	  G	  0.0	  2.8	0.000	0.000	0.000
07	  D	  0.0	  2.2	0.000	0.000	0.000
08	  D	  0.0	  2.0	0.000	0.000	0.000
09	  S	  0.5	  0.8	0.000	0.000	0.000
10	  L	  0.6	  0.6	0.000	0.000	0.000
11	  Y	  0.6	  0.1	0.000	0.000	0.000
12	  P	  0.1	  0.0	0.000	0.534	0.534
13	  I	  3.7	  0.0	0.000	35.489	35.489
14	  A	  4.5	  0.0	0.000	35.489	35.489
15	  V	  7.5	  0.0	0.000	35.489	35.489
16	  L	  4.4	  0.0	0.000	35.489	35.489
17	  I	  3.6	  0.0	0.000	35.382	35.382
18	  D	  0.6	  0.1	0.211	0.000	0.000
19	  E	  0.4	  0.1	0.211	0.000	0.000
20	  L	  0.4	  0.3	0.211	0.000	0.000
21	  R	  0.4	  0.3	0.613	0.000	0.000
22	  N	  0.2	  1.1	1.879	0.000	0.000
23	  E	  0.0	  1.1	3.008	0.000	0.000
24	  D	  0.6	  1.0	12.553	0.000	0.000
25	  V	  4.5	  1.0	12.732	0.000	0.000
26	  Q	  5.2	  0.0	12.732	0.000	0.000
27	  L	  5.9	  0.0	12.732	0.000	0.000
28	  R	  4.2	  0.0	12.732	0.000	0.000
29	  L	  3.8	  0.0	12.732	0.000	0.000
30	  N	  2.8	  0.0	12.293	0.000	0.000
31	  S	  1.4	  0.0	6.337	0.000	0.000
32	  I	  1.4	  0.0	3.028	0.000	0.000
33	  K	  1.2	  0.1	3.028	0.000	0.000
34	  K	  0.9	  0.0	1.300	0.000	0.000
35	  L	  0.7	  0.1	0.643	1.819	1.819
36	  S	  1.1	  0.1	2.301	2.667	2.667
37	  T	  3.5	  0.0	3.199	19.580	19.580
38	  I	  5.9	  0.0	3.199	46.799	46.799
39	  A	  5.5	  0.0	3.199	48.638	48.638
40	  L	  3.1	  0.1	3.199	50.813	50.813
41	  A	  0.4	  0.1	3.199	50.733	50.733
42	  L	  0.4	  0.1	2.938	49.911	49.911
43	  G	  0.2	  0.1	2.250	38.294	38.294
44	  V	  1.7	  0.0	0.134	37.558	37.558
45	  E	  1.9	  0.1	0.134	0.000	0.000
46	  R	  2.1	  0.1	0.000	0.000	0.000
47	  T	  2.8	  0.2	0.302	0.000	0.000
48	  R	  2.6	  0.2	0.302	0.000	0.000
49	  S	  2.4	  0.2	0.302	0.000	0.000
50	  E	  0.2	  0.2	0.302	0.000	0.000
51	  L	  0.2	  0.1	0.302	0.000	0.000
52	  L	  0.2	  0.1	0.302	0.000	0.000
53	  P	  0.1	  0.0	0.000	0.000	0.000
54	  F	  0.5	  0.0	0.000	0.000	0.000
55	  L	  0.7	  0.0	0.000	0.000	0.000
56	  T	  1.2	  0.1	0.000	0.000	0.000
57	  D	  1.4	  0.1	0.000	0.000	0.000
58	  T	  3.6	  0.1	0.000	0.000	0.000
59	  I	  3.4	  0.1	0.000	0.000	0.000
60	  Y	  2.9	  0.1	0.000	0.000	0.000
61	  D	  0.4	  2.8	6.008	0.000	0.000
62	  E	  0.2	  2.8	6.140	0.000	0.000
63	  D	  0.0	  2.8	12.028	0.000	0.000
64	  E	  0.4	  2.8	12.867	0.000	0.000
65	  V	  3.8	  0.0	12.991	7.036	7.036
66	  L	  4.0	  0.0	13.219	7.785	7.785
67	  L	  3.8	  0.0	13.086	7.785	7.785
68	  A	  0.6	  0.0	12.964	7.785	7.785
69	  L	  0.4	  0.0	12.226	7.785	7.785
70	  A	  0.1	  0.1	10.905	3.973	3.973
71	  E	  0.1	  0.1	8.908	0.000	0.000
72	  Q	  0.1	  0.1	4.772	0.000	0.000
73	  L	  0.1	  0.4	2.025	1.502	1.502
74	  G	  0.1	  0.3	1.388	2.166	2.166
75	  T	 19.3	  0.3	0.206	11.057	11.057
76	  F	 20.7	  0.3	0.206	25.027	25.027
77	  T	 21.3	  0.0	0.000	25.027	25.027
78	  T	  3.4	  0.0	0.000	25.027	25.027
79	  L	  1.9	  0.0	0.000	25.027	25.027
80	  V	  1.2	  0.0	0.000	24.273	24.273
81	  G	  0.2	  0.0	0.000	1.949	1.949
82	  G	  0.1	  0.3	0.000	0.000	0.000
83	  P	  0.0	  0.3	0.000	0.000	0.000
84	  E	  0.1	  0.3	0.000	0.000	0.000
85	  Y	  1.5	  0.3	0.000	0.278	0.278
86	  V	  5.3	  0.0	0.000	0.278	0.278
87	  H	  6.2	  0.0	0.000	0.278	0.278
88	  C	  7.3	  0.0	0.000	0.278	0.278
89	  L	  3.6	  0.0	0.000	0.278	0.278
90	  L	  2.4	  0.0	0.000	0.000	0.000
91	  P	  0.0	  0.1	0.000	0.000	0.000
92	  P	  0.0	  0.1	0.000	0.000	0.000
93	  L	  0.1	  0.3	0.000	0.000	0.000
94	  E	  0.2	  0.3	0.000	0.000	0.000
95	  S	  0.3	  0.1	0.385	0.000	0.000
96	  L	  0.2	  0.1	0.385	0.000	0.000
97	  A	  0.9	  0.0	0.385	0.000	0.000
98	  T	  7.5	  0.0	0.385	0.000	0.000
99	  V	  8.0	  0.0	0.385	0.000	0.000
100	  E	  7.3	  0.1	0.385	0.000	0.000
101	  E	  0.6	  0.1	0.000	0.000	0.000
102	  T	  5.5	  0.1	0.000	0.000	0.000
103	  V	  8.2	  0.0	0.000	0.000	0.000
104	  V	  8.9	  0.1	0.000	0.000	0.000
105	  R	  3.6	  0.1	0.000	0.000	0.000
106	  D	  0.8	  0.2	0.799	0.000	0.000
107	  K	  0.3	  0.2	0.799	0.000	0.000
108	  A	  0.6	  0.1	0.799	0.000	0.000
109	  V	  2.1	  0.1	0.799	0.000	0.000
110	  E	  1.8	  0.1	0.799	0.000	0.000
111	  S	  3.5	  0.1	1.140	0.000	0.000
112	  L	  2.4	  0.1	0.925	0.000	0.000
113	  R	  2.7	  0.0	0.693	0.000	0.000
114	  A	  1.1	  0.0	0.493	0.000	0.000
115	  I	  1.3	  0.0	0.341	0.000	0.000
116	  S	  1.7	  0.0	0.341	0.000	0.000
117	  H	  1.7	  0.2	0.000	0.000	0.000
118	  E	  1.3	  0.2	0.000	0.000	0.000
119	  H	  0.6	  0.2	0.000	0.000	0.000
120	  S	  0.3	  3.7	0.000	0.000	0.000
121	  P	  0.1	  3.9	0.000	0.000	0.000
122	  S	  0.0	  3.9	0.460	0.000	0.000
123	  D	  0.2	  3.9	0.650	0.000	0.000
124	  L	  0.4	  0.4	0.650	0.000	0.000
125	  E	  0.9	  0.1	0.650	0.000	0.000
126	  A	  1.1	  0.0	0.650	0.000	0.000
127	  H	  4.6	  0.0	0.650	0.000	0.000
128	  F	  4.3	  0.0	0.349	0.000	0.000
129	  V	  3.9	  0.0	0.000	0.000	0.000
130	  P	  0.2	  0.0	0.313	0.000	0.000
131	  L	  0.6	  0.0	0.313	0.000	0.000
132	  V	  2.5	  0.0	0.313	0.000	0.000
133	  K	  2.7	  0.1	0.313	0.000	0.000
134	  R	  2.2	  0.1	0.313	0.000	0.000
135	  L	  0.3	  0.3	0.313	0.000	0.000
136	  A	  0.2	  0.4	0.313	0.000	0.000
137	  G	  0.0	  0.4	0.313	0.000	0.000
138	  G	  0.0	  0.4	0.139	0.000	0.000
139	  D	  0.7	  0.2	0.137	0.000	0.000
140	  W	  1.4	  0.0	0.137	0.000	0.000
141	  F	  4.6	  0.0	0.137	0.000	0.000
142	  T	  4.4	  0.1	0.137	0.000	0.000
143	  S	  4.0	  0.2	0.137	0.000	0.000
144	  R	  1.0	  0.2	0.137	0.000	0.000
145	  T	  0.9	  0.2	0.000	0.000	0.000
146	  S	  0.9	  0.4	0.000	0.000	0.000
147	  A	  0.8	  0.3	0.000	0.000	0.000
148	  C	  0.5	  0.3	0.000	0.000	0.000
149	  G	  0.2	  0.3	0.146	0.464	0.464
150	  L	  0.8	  0.0	0.146	1.552	1.552
151	  F	  5.8	  0.0	0.146	1.552	1.552
152	  S	  6.6	  0.0	0.146	1.552	1.552
153	  V	  7.7	  0.0	0.146	1.552	1.552
154	  C	  2.9	  0.0	0.146	1.088	1.088
155	  Y	  2.0	  0.3	0.146	0.000	0.000
156	  P	  0.3	  0.3	0.000	0.000	0.000
157	  R	  1.3	  0.3	0.000	0.000	0.000
158	  V	  2.6	  0.4	0.000	0.000	0.000
159	  S	  2.7	  0.1	0.997	0.000	0.000
160	  S	  1.7	  0.1	1.934	0.000	0.000
161	  A	  1.1	  0.1	1.934	0.000	0.000
162	  V	  3.2	  0.0	1.934	0.000	0.000
163	  K	  3.2	  0.0	2.330	0.000	0.000
164	  A	  2.6	  0.1	2.330	0.000	0.000
165	  E	  0.7	  0.1	2.461	0.000	0.000
166	  L	  0.6	  0.1	1.922	0.000	0.000
167	  R	  2.5	  0.1	1.922	0.000	0.000
168	  Q	  5.3	  0.1	1.405	0.000	0.000
169	  Y	  7.0	  0.1	0.673	0.000	0.000
170	  F	  5.9	  0.4	0.131	0.000	0.000
171	  R	  2.9	  0.4	0.000	0.000	0.000
172	  N	  1.2	  0.4	0.000	0.000	0.000
173	  L	  0.8	  0.4	0.000	0.000	0.000
174	  C	  0.8	  0.7	0.000	0.000	0.000
175	  S	  0.6	  1.6	0.000	0.000	0.000
176	  D	  0.2	  1.6	0.000	0.000	0.000
177	  D	  0.1	  1.6	0.000	0.000	0.000
178	  T	  0.1	  0.9	5.273	0.000	0.000
179	  P	  0.0	  0.0	5.273	0.000	0.000
180	  M	  0.3	  0.0	5.273	0.000	0.000
181	  V	  1.6	  0.0	5.806	0.000	0.000
182	  R	  1.7	  0.0	5.939	0.000	0.000
183	  R	  1.5	  0.0	5.939	0.000	0.000
184	  A	  0.2	  0.0	4.807	0.000	0.000
185	  A	  0.2	  0.2	4.239	0.000	0.000
186	  A	  0.3	  0.2	3.771	0.000	0.000
187	  S	  0.5	  0.4	2.894	0.000	0.000
188	  K	  0.5	  0.4	1.234	0.000	0.000
189	  L	  0.3	  0.6	0.181	0.135	0.135
190	  G	  0.2	  0.5	0.691	0.135	0.135
191	  E	  0.4	  0.3	0.691	0.135	0.135
192	  F	  1.0	  0.4	0.691	0.135	0.135
193	  A	  1.3	  0.1	0.691	0.135	0.135
194	  K	  1.8	  0.1	0.691	0.135	0.135
195	  V	  2.7	  0.1	0.691	0.135	0.135
196	  L	  3.1	  0.0	0.691	0.135	0.135
197	  E	  2.9	  0.1	0.526	0.000	0.000
198	  L	  1.5	  0.2	0.367	0.000	0.000
199	  D	  0.9	  0.2	0.000	0.000	0.000
200	  N	  2.7	  0.2	0.000	0.000	0.000
201	  V	  5.6	  0.2	0.000	0.000	0.000
202	  K	  5.8	  0.1	0.000	0.000	0.000
203	  S	  3.4	  0.1	0.000	0.000	0.000
204	  E	  0.7	  0.1	0.000	0.000	0.000
205	  I	  0.9	  0.0	0.000	0.000	0.000
206	  I	  0.9	  0.0	0.000	0.000	0.000
207	  P	  0.5	  0.0	0.000	0.000	0.000
208	  M	  0.8	  0.0	0.000	0.000	0.000
209	  F	  1.1	  0.6	0.000	0.000	0.000
210	  S	  1.1	  0.6	0.000	0.000	0.000
211	  N	  0.4	  0.6	0.000	0.000	0.000
212	  L	  0.2	  0.8	0.000	0.000	0.000
213	  A	  0.2	  0.4	0.000	0.000	0.000
214	  S	  0.2	  0.5	0.000	0.000	0.000
215	  D	  0.0	  0.7	0.000	0.000	0.000
216	  E	  0.1	  0.7	0.000	0.000	0.000
217	  Q	  0.2	  0.5	0.000	0.000	0.000
218	  D	  0.3	  0.4	0.900	0.000	0.000
219	  S	  3.9	  0.2	1.224	0.000	0.000
220	  V	  7.5	  0.1	1.224	0.000	0.000
221	  R	  7.7	  0.0	1.224	0.000	0.000
222	  L	  4.4	  0.0	1.224	0.000	0.000
223	  L	  1.0	  0.0	1.224	0.000	0.000
224	  A	  0.9	  0.0	1.155	0.000	0.000
225	  V	  2.2	  0.0	0.831	0.000	0.000
226	  E	  1.9	  0.0	0.831	0.000	0.000
227	  A	  1.8	  0.0	0.410	0.000	0.000
228	  C	  1.9	  0.0	0.410	0.000	0.000
229	  V	  8.5	  0.0	0.256	0.000	0.000
230	  N	  8.7	  0.0	0.816	0.000	0.000
231	  I	  7.9	  0.0	0.560	0.000	0.000
232	  A	  1.5	  0.0	0.560	0.000	0.000
233	  Q	  2.3	  0.0	0.560	0.000	0.000
234	  L	  1.5	  0.0	0.560	0.000	0.000
235	  L	  1.2	  0.2	0.560	0.000	0.000
236	  P	  0.1	  0.2	0.847	0.000	0.000
237	  Q	  0.0	  0.4	0.847	0.000	0.000
238	  E	  0.0	  0.5	0.997	0.000	0.000
239	  D	  0.3	  0.3	3.685	0.000	0.000
240	  L	  0.4	  0.3	3.819	0.000	0.000
241	  E	  0.4	  0.0	3.819	0.000	0.000
242	  A	  0.5	  0.0	3.819	0.000	0.000
243	  L	  4.5	  0.0	3.819	0.000	0.000
244	  V	  4.9	  0.0	3.819	0.000	0.000
245	  M	  4.7	  0.2	3.819	0.000	0.000
246	  P	  0.5	  0.2	0.000	0.000	0.000
247	  T	  2.3	  0.2	0.265	0.000	0.000
248	  L	  2.6	  0.3	0.579	0.000	0.000
249	  R	  2.8	  0.1	0.579	0.000	0.000
250	  Q	  0.6	  0.1	0.579	0.000	0.000
251	  A	  0.3	  0.1	0.579	0.000	0.000
252	  A	  0.1	  0.3	0.579	0.000	0.000
253	  E	  0.1	  0.3	0.579	0.000	0.000
254	  D	  0.1	  1.0	1.243	0.000	0.000
255	  K	  0.4	  1.0	0.778	0.000	0.000
256	  S	  4.9	  0.7	0.886	0.000	0.000
257	  W	  7.2	  0.7	0.886	0.000	0.000
258	  R	  8.4	  0.0	0.886	0.000	0.000
259	  V	  6.1	  0.0	0.886	0.000	0.000
260	  R	  4.3	  0.0	0.886	0.000	0.000
261	  Y	  3.9	  0.0	0.729	0.127	0.127
262	  M	  2.8	  0.0	0.615	0.127	0.127
263	  V	  2.9	  0.2	0.000	0.127	0.127
264	  A	  1.7	  0.2	0.000	0.127	0.127
265	  D	  0.7	  0.2	2.089	0.127	0.127
266	  K	  3.2	  0.2	2.089	0.127	0.127
267	  F	  4.4	  0.1	2.089	0.127	0.127
268	  T	  4.4	  0.1	2.893	0.000	0.000
269	  E	  1.6	  0.1	3.084	0.000	0.000
270	  L	  0.6	  0.1	3.084	0.000	0.000
271	  Q	  0.6	  0.1	2.782	0.000	0.000
272	  K	  0.5	  0.1	2.438	0.000	0.000
273	  A	  0.5	  0.1	1.692	0.000	0.000
274	  V	  0.4	  0.1	1.159	0.000	0.000
275	  G	  0.1	  0.3	1.159	0.000	0.000
276	  P	  0.0	  0.3	0.000	0.000	0.000
277	  E	  3.7	  0.3	0.000	0.000	0.000
278	  I	  6.2	  0.2	0.000	0.000	0.000
279	  T	  7.8	  0.1	0.136	0.000	0.000
280	  K	  4.2	  0.2	0.136	0.000	0.000
281	  T	  1.9	  0.2	0.136	0.000	0.000
282	  D	  0.5	  0.2	0.136	0.000	0.000
283	  L	  0.5	  0.1	0.136	0.000	0.000
284	  V	  0.4	  0.0	0.136	0.000	0.000
285	  P	  0.1	  0.0	0.000	0.000	0.000
286	  A	  0.5	  0.0	0.000	0.000	0.000
287	  F	  2.2	  0.4	0.000	0.000	0.000
288	  Q	  2.4	  0.4	0.000	0.000	0.000
289	  N	  2.0	  0.4	0.000	0.000	0.000
290	  L	  0.5	  0.4	0.000	0.000	0.000
291	  M	  0.4	  0.4	0.000	0.000	0.000
292	  K	  0.6	  0.4	0.107	0.000	0.000
293	  D	  1.4	  0.4	1.967	0.000	0.000
294	  C	  4.9	  0.4	5.709	0.000	0.000
295	  E	  4.8	  0.1	6.173	0.000	0.000
296	  A	  4.0	  0.0	6.304	0.000	0.000
297	  E	  1.9	  0.0	6.856	0.000	0.000
298	  V	  2.9	  0.0	7.044	0.000	0.000
299	  R	  2.8	  0.0	7.044	0.000	0.000
300	  A	  1.2	  0.0	6.582	0.000	0.000
301	  A	  0.2	  0.2	6.258	0.000	0.000
302	  A	  0.5	  0.2	5.396	0.000	0.000
303	  S	  0.8	  0.2	4.381	0.000	0.000
304	  H	  1.8	  0.2	1.728	0.000	0.000
305	  K	  5.4	  0.1	0.585	0.000	0.000
306	  V	  6.6	  0.1	0.000	0.000	0.000
307	  K	  5.6	  0.1	0.000	0.000	0.000
308	  E	  2.3	  0.1	0.000	0.000	0.000
309	  F	  4.1	  0.1	0.000	0.000	0.000
310	  C	  4.6	  0.5	0.000	0.000	0.000
311	  E	  3.9	  0.5	0.000	0.000	0.000
312	  N	  0.9	  1.0	0.000	0.000	0.000
313	  L	  0.9	  1.0	0.000	0.000	0.000
314	  S	  1.3	  4.4	0.289	0.000	0.000
315	  A	  1.0	  4.4	0.289	0.000	0.000
316	  D	  1.2	  3.9	0.289	0.000	0.000
317	  C	  1.1	  4.0	0.289	0.000	0.000
318	  R	  1.1	  0.3	0.289	0.000	0.000
319	  E	  0.4	  0.3	0.289	0.000	0.000
320	  N	  3.4	  0.3	0.116	0.000	0.000
321	  V	 11.1	  0.2	0.000	0.179	0.179
322	  I	 12.5	  0.0	0.000	0.179	0.179
323	  M	  9.6	  0.0	0.000	0.179	0.179
324	  S	  2.2	  0.0	0.000	0.179	0.179
325	  Q	  2.2	  0.0	0.000	0.179	0.179
326	  I	  2.3	  0.0	0.000	0.179	0.179
327	  L	  2.1	  0.0	0.000	0.000	0.000
328	  P	  0.4	  0.0	0.000	0.000	0.000
329	  C	  6.4	  0.0	0.000	0.000	0.000
330	  I	  7.1	  0.0	0.000	0.000	0.000
331	  K	  7.2	  0.1	0.000	0.000	0.000
332	  E	  0.9	  0.1	0.000	0.000	0.000
333	  L	  0.9	  0.1	0.000	0.000	0.000
334	  V	  1.0	  0.2	0.000	0.000	0.000
335	  S	  0.9	  0.2	0.119	0.000	0.000
336	  D	  0.2	  3.4	0.119	0.000	0.000
337	  A	  0.0	  3.4	0.119	0.000	0.000
338	  N	  0.1	  3.3	0.119	0.000	0.000
339	  Q	  0.7	  3.3	0.119	0.000	0.000
340	  H	  2.8	  0.1	0.119	0.000	0.000
341	  V	  5.7	  0.1	0.000	0.000	0.000
342	  K	  5.5	  0.1	0.000	0.000	0.000
343	  S	  3.5	  0.1	0.124	0.307	0.307
344	  A	  0.6	  0.1	0.124	3.657	3.657
345	  L	  0.3	  0.0	0.124	14.162	14.162
346	  A	  0.6	  0.0	0.124	15.329	15.329
347	  S	  1.7	  0.0	0.124	15.783	15.783
348	  V	  9.8	  0.0	0.124	19.447	19.447
349	  I	 11.7	  0.0	0.124	19.341	19.341
350	  M	 10.8	  0.0	0.124	14.292	14.292
351	  G	  2.9	  0.0	0.124	7.748	7.748
352	  L	  0.4	  0.0	0.000	7.245	7.245
353	  S	  0.2	  0.0	0.276	0.000	0.000
354	  P	  0.1	  0.0	0.276	0.000	0.000
355	  I	  1.3	  0.0	0.276	0.000	0.000
356	  L	  1.3	  0.1	0.276	0.000	0.000
357	  G	  1.3	  0.6	0.276	0.000	0.000
358	  K	  0.1	  0.7	0.276	0.000	0.000
359	  D	  0.1	  0.7	0.000	0.000	0.000
360	  N	  1.4	  0.6	0.000	0.000	0.000
361	  T	  5.6	  0.1	0.144	0.000	0.000
362	  I	  6.2	  0.1	0.144	0.000	0.000
363	  E	  5.0	  0.0	0.144	0.000	0.000
364	  H	  1.8	  0.0	0.144	0.000	0.000
365	  L	  1.3	  0.0	0.144	0.000	0.000
366	  L	  1.3	  0.3	0.144	0.000	0.000
367	  P	  0.1	  0.3	0.440	0.328	0.328
368	  L	  0.8	  0.3	0.440	10.430	10.430
369	  F	  1.4	  0.3	0.877	12.238	12.238
370	  L	  1.4	  0.0	0.877	12.238	12.238
371	  A	  1.0	  0.0	0.877	12.238	12.238
372	  Q	  1.3	  0.0	0.877	12.031	12.031
373	  L	  1.4	  0.2	0.611	11.789	11.789
374	  K	  1.2	  0.3	0.611	0.000	0.000
375	  D	  0.2	  0.2	0.184	0.000	0.000
376	  E	  0.1	  0.2	0.184	0.000	0.000
377	  C	  0.1	  0.4	2.193	0.000	0.000
378	  P	  0.0	  0.3	2.289	0.000	0.000
379	  E	  1.6	  0.3	2.289	0.000	0.000
380	  V	  5.2	  0.3	2.289	0.000	0.000
381	  R	  7.6	  0.0	2.289	0.000	0.000
382	  L	  9.5	  0.0	2.289	0.000	0.000
383	  N	  8.6	  0.0	2.109	0.000	0.000
384	  I	  7.9	  0.0	0.447	0.000	0.000
385	  I	  4.5	  0.1	0.447	0.000	0.000
386	  S	  1.9	  0.1	0.447	0.000	0.000
387	  N	  0.3	  1.8	0.104	0.000	0.000
388	  L	  2.6	  1.8	0.000	0.000	0.000
389	  D	  2.9	  1.7	0.000	0.000	0.000
390	  C	  4.4	  1.6	0.000	0.000	0.000
391	  V	  2.4	  0.0	0.000	0.000	0.000
392	  N	  2.0	  0.0	0.000	0.000	0.000
393	  E	  0.8	  0.0	0.000	0.000	0.000
394	  V	  1.6	  0.0	0.000	0.000	0.000
395	  I	  1.8	  0.1	0.000	0.000	0.000
396	  G	  1.5	  0.1	0.445	0.000	0.000
397	  I	  2.7	  0.1	0.445	0.000	0.000
398	  R	  3.1	  0.1	0.445	0.000	0.000
399	  Q	  3.7	  0.0	0.445	0.000	0.000
400	  L	  1.7	  0.1	0.445	0.000	0.000
401	  S	  2.6	  0.7	0.445	0.000	0.000
402	  Q	  2.0	  0.7	0.204	0.000	0.000
403	  S	  2.3	  0.7	0.000	0.000	0.000
404	  L	  0.8	  0.6	0.000	0.000	0.000
405	  L	  0.5	  0.0	0.000	0.000	0.000
406	  P	  0.1	  0.0	0.000	0.000	0.000
407	  A	  0.7	  0.0	0.000	0.000	0.000
408	  I	  3.6	  0.0	0.000	0.000	0.000
409	  V	  8.2	  0.0	0.000	0.000	0.000
410	  E	  7.6	  0.0	0.000	0.000	0.000
411	  L	  4.7	  0.0	0.293	0.000	0.000
412	  A	  0.1	  0.3	0.731	0.000	0.000
413	  E	  0.0	  0.3	0.731	0.000	0.000
414	  D	  0.1	  0.3	3.519	0.000	0.000
415	  A	  0.2	  0.3	3.519	0.000	0.000
416	  K	  0.7	  0.0	3.519	0.000	0.000
417	  W	  3.0	  0.0	3.347	0.000	0.000
418	  R	  4.5	  0.0	3.014	0.000	0.000
419	  V	  7.4	  0.0	2.901	0.399	0.399
420	  R	  5.3	  0.0	2.689	0.399	0.399
421	  L	  4.0	  0.0	1.970	0.399	0.399
422	  A	  1.2	  0.0	1.763	0.399	0.399
423	  I	  2.7	  0.0	1.244	0.399	0.399
424	  I	  5.2	  0.0	1.244	0.399	0.399
425	  E	  4.7	  0.0	1.244	0.399	0.399
426	  Y	  3.3	  0.0	0.981	0.399	0.399
427	  M	  0.4	  0.0	0.470	0.000	0.000
428	  P	  0.2	  0.0	0.000	0.000	0.000
429	  L	  0.3	  0.0	0.000	0.000	0.000
430	  L	  0.3	  0.5	0.000	0.000	0.000
431	  A	  0.3	  0.5	0.000	0.000	0.000
432	  G	  0.1	  0.6	0.000	0.000	0.000
433	  Q	  0.1	  0.6	0.000	0.000	0.000
434	  L	  0.1	  0.2	0.000	0.000	0.000
435	  G	  0.2	  0.1	0.000	0.000	0.000
436	  V	  3.8	  0.0	0.000	0.000	0.000
437	  E	  4.3	  0.0	0.000	0.000	0.000
438	  F	  5.9	  0.0	0.000	0.000	0.000
439	  F	  2.4	  0.1	0.000	0.000	0.000
440	  D	  1.8	  0.2	0.564	0.000	0.000
441	  E	  0.3	  0.2	0.564	0.000	0.000
442	  K	  0.8	  0.2	0.564	0.000	0.000
443	  L	  1.3	  0.1	0.564	1.450	1.450
444	  N	  1.2	  0.2	0.564	2.119	2.119
445	  S	  1.1	  0.2	0.564	4.842	4.842
446	  L	  2.0	  0.2	0.173	26.805	26.805
447	  C	  4.6	  0.1	0.331	30.683	30.683
448	  M	  4.2	  0.0	0.331	34.258	34.258
449	  A	  3.2	  0.0	0.331	34.258	34.258
450	  W	  1.1	  0.0	0.331	34.258	34.258
451	  L	  1.4	  0.0	0.331	33.367	33.367
452	  V	  2.0	  0.0	0.331	31.184	31.184
453	  D	  1.4	  0.0	0.331	1.324	1.324
454	  H	  2.7	  0.0	0.121	1.640	1.640
455	  V	  4.0	  0.0	0.121	1.640	1.640
456	  Y	  4.8	  0.0	0.121	1.640	1.640
457	  A	  3.6	  0.0	0.000	1.640	1.640
458	  I	  1.9	  0.0	0.000	1.640	1.640
459	  R	  0.9	  0.1	0.000	1.324	1.324
460	  E	  0.4	  0.1	0.000	0.000	0.000
461	  A	  0.1	  0.1	0.000	0.000	0.000
462	  A	  0.3	  0.1	0.000	0.000	0.000
463	  T	  0.3	  0.3	0.241	0.000	0.000
464	  S	  0.3	  0.3	0.998	0.000	0.000
465	  N	  0.4	  0.3	2.921	0.000	0.000
466	  L	  0.4	  0.3	2.921	0.000	0.000
467	  K	  0.5	  0.1	2.921	0.000	0.000
468	  K	  0.8	  0.1	2.921	0.000	0.000
469	  L	  0.9	  0.1	2.680	0.000	0.000
470	  V	  2.0	  0.1	2.680	0.000	0.000
471	  E	  1.6	  0.1	2.680	0.000	0.000
472	  K	  1.6	  0.3	1.794	0.000	0.000
473	  F	  0.6	  0.5	1.022	0.000	0.000
474	  G	  0.4	  0.4	0.331	0.000	0.000
475	  K	  0.3	  0.4	0.118	0.000	0.000
476	  E	  0.4	  0.2	0.118	0.000	0.000
477	  W	  0.7	  0.0	0.118	0.000	0.000
478	  A	  0.7	  0.0	0.118	0.000	0.000
479	  H	  0.7	  0.2	0.118	0.000	0.000
480	  A	  1.2	  0.2	0.000	0.000	0.000
481	  T	  5.5	  0.2	0.000	0.000	0.000
482	  I	  5.7	  0.2	0.000	0.000	0.000
483	  I	  4.9	  0.0	0.138	0.000	0.000
484	  P	  0.5	  0.0	0.349	0.000	0.000
485	  K	  0.9	  0.0	0.349	0.000	0.000
486	  V	  2.1	  0.0	0.349	1.230	1.230
487	  L	  2.5	  0.0	0.349	1.230	1.230
488	  A	  1.8	  0.2	0.349	1.230	1.230
489	  M	  0.8	  0.4	0.349	1.230	1.230
490	  S	  0.5	  0.4	0.000	1.230	1.230
491	  G	  0.3	  0.4	0.000	0.000	0.000
492	  D	  0.1	  5.5	0.126	0.000	0.000
493	  P	  0.0	  5.3	0.126	0.000	0.000
494	  N	  0.1	  5.3	0.289	0.000	0.000
495	  Y	  0.7	  5.3	0.289	0.000	0.000
496	  L	  0.8	  0.0	0.289	0.000	0.000
497	  H	  1.3	  0.0	0.289	0.000	0.000
498	  R	  1.5	  0.0	0.162	0.000	0.000
499	  M	  1.7	  0.0	0.162	14.929	14.929
500	  T	  2.0	  0.0	0.000	29.241	29.241
501	  T	  2.2	  0.0	0.000	36.651	36.651
502	  L	  3.3	  0.0	0.000	44.183	44.183
503	  F	  5.8	  0.0	0.000	45.528	45.528
504	  C	  8.4	  0.0	0.000	45.176	45.176
505	  I	 16.0	  0.0	0.000	45.176	45.176
506	  N	 12.9	  0.0	0.000	40.958	40.958
507	  V	 12.0	  0.0	0.000	40.652	40.652
508	  L	  2.8	  0.0	0.000	36.042	36.042
509	  S	  2.7	  0.0	0.000	3.972	3.972
510	  E	  1.1	  0.0	0.000	0.000	0.000
511	  V	  1.4	  0.3	0.000	0.000	0.000
512	  C	  1.6	  0.3	0.000	0.000	0.000
513	  G	  0.6	  0.5	0.000	0.000	0.000
514	  Q	  0.4	  0.5	0.000	0.000	0.000
515	  D	  1.6	  0.3	0.200	0.000	0.000
516	  I	  5.3	  0.2	0.200	0.000	0.000
517	  T	  7.9	  0.0	0.200	0.000	0.000
518	  T	  7.0	  0.1	0.200	0.000	0.000
519	  K	  3.5	  0.1	0.200	0.000	0.000
520	  H	  2.0	  0.1	0.200	0.000	0.000
521	  M	  1.5	  0.1	0.000	0.000	0.000
522	  L	  1.4	  0.2	0.000	0.000	0.000
523	  P	  0.1	  0.2	0.000	0.000	0.000
524	  T	  3.9	  0.2	0.000	0.000	0.000
525	  V	  5.9	  0.2	0.000	0.000	0.000
526	  L	  7.5	  0.0	0.000	0.000	0.000
527	  R	  3.8	  0.0	0.000	0.000	0.000
528	  M	  1.9	  0.3	0.000	0.000	0.000
529	  A	  0.2	  0.3	0.000	0.000	0.000
530	  G	  0.1	  0.3	0.000	0.000	0.000
531	  D	  0.0	  0.3	0.382	0.000	0.000
532	  P	  0.0	  0.0	0.382	0.000	0.000
533	  V	  0.8	  0.1	0.382	0.000	0.000
534	  A	  0.9	  0.1	0.382	0.000	0.000
535	  N	  3.9	  0.1	0.382	0.000	0.000
536	  V	  5.4	  0.1	0.382	0.000	0.000
537	  R	  9.6	  0.0	0.382	0.000	0.000
538	  F	 11.6	  0.0	0.146	0.000	0.000
539	  N	  9.9	  0.0	0.370	0.000	0.000
540	  V	  6.3	  0.0	0.370	0.000	0.000
541	  A	  1.2	  0.1	0.370	0.000	0.000
542	  K	  1.0	  0.1	0.370	0.000	0.000
543	  S	  1.0	  0.1	0.499	0.000	0.000
544	  L	  1.1	  0.2	0.499	0.000	0.000
545	  Q	  1.1	  0.1	0.499	0.000	0.000
546	  K	  0.7	  0.0	0.292	0.000	0.000
547	  I	  0.5	  0.1	0.129	0.000	0.000
548	  G	  0.3	  0.1	0.129	0.000	0.000
549	  P	  0.0	  0.0	0.000	0.000	0.000
550	  I	  0.5	  0.1	0.000	0.000	0.000
551	  L	  0.6	  0.2	0.000	0.000	0.000
552	  D	  0.6	  0.5	1.052	0.000	0.000
553	  N	  0.3	  0.6	1.052	0.000	0.000
554	  S	  0.3	  0.5	1.052	0.000	0.000
555	  T	  2.5	  0.4	1.153	0.000	0.000
556	  L	  2.5	  0.1	1.153	0.000	0.000
557	  Q	  2.5	  0.1	1.153	0.000	0.000
558	  S	  0.4	  0.1	0.494	0.000	0.000
559	  E	 25.1	  0.1	0.245	0.000	0.000
560	  V	 25.5	  0.0	0.102	0.000	0.000
561	  K	 25.5	  0.0	0.102	0.000	0.000
562	  P	  0.6	  0.0	0.000	0.000	0.000
563	  I	  0.6	  0.0	0.000	0.000	0.000
564	  L	  0.7	  0.0	0.000	0.000	0.000
565	  E	  0.7	  0.1	0.000	0.000	0.000
566	  K	  2.2	  0.1	0.000	0.000	0.000
567	  L	  2.4	  0.1	0.000	0.000	0.000
568	  T	  2.9	  0.2	0.000	0.000	0.000
569	  Q	  1.1	  0.2	0.000	0.000	0.000
570	  D	  0.8	  1.1	0.000	0.000	0.000
571	  Q	  0.5	  1.1	0.000	0.000	0.000
572	  D	  1.0	  1.2	0.000	0.000	0.000
573	  V	  9.5	  1.1	0.000	0.213	0.213
574	  D	 10.4	  0.2	0.233	0.213	0.213
575	  V	 12.7	  0.2	0.233	0.361	0.361
576	  K	  4.8	  0.0	0.233	0.361	0.361
577	  Y	  4.8	  0.0	0.233	0.361	0.361
578	  F	  2.4	  0.0	0.233	0.361	0.361
579	  A	  2.1	  0.0	0.233	0.148	0.148
580	  Q	  0.6	  0.1	0.233	0.148	0.148
581	  E	  0.1	  0.1	0.000	0.148	0.148
582	  A	  0.2	  0.1	0.000	6.243	6.243
583	  L	  3.8	  0.0	0.000	9.145	9.145
584	  T	  7.5	  0.0	0.000	10.499	10.499
585	  V	 10.3	  0.0	0.000	10.499	10.499
586	  L	  8.5	  0.0	0.000	10.499	10.499
587	  S	  4.9	  0.0	0.000	6.703	6.703
588	  L	  1.9	  0.0	0.000	6.341	6.341
589	  A	  0.2	  0.0	0.000	0.000	0.000
