res	aa	Beta	Turn	Helix	Aggregation	Conc-Stab_Aggregation
01	  M	  0.1	  0.1	0.000	0.000	0.000
02	  D	  0.1	  0.1	0.000	0.000	0.000
03	  G	  0.1	  0.1	0.000	0.000	0.000
04	  L	  0.0	  1.7	0.000	0.000	0.000
05	  P	  0.0	  1.7	0.000	0.000	0.000
06	  G	  0.1	  1.8	0.000	0.000	0.000
07	  R	  0.2	  1.9	0.000	0.000	0.000
08	  A	  0.3	  0.3	0.000	1.967	1.967
09	  L	  0.2	  0.3	0.000	4.293	4.293
10	  G	  0.1	  0.2	2.498	5.462	5.462
11	  A	  0.1	  0.1	2.498	18.564	18.564
12	  A	  0.3	  0.1	2.498	34.011	34.011
13	  C	  1.5	  0.0	3.921	51.966	51.966
14	  L	  2.4	  0.0	3.921	79.336	79.336
15	  L	  3.1	  0.0	4.088	83.081	83.081
16	  L	  2.1	  0.0	3.803	83.548	83.548
17	  L	  1.3	  0.0	3.428	83.038	83.038
18	  A	  0.3	  0.4	3.172	78.100	78.100
19	  A	  0.1	  0.4	2.583	66.999	66.999
20	  G	  0.1	  0.4	1.897	56.541	56.541
21	  W	  0.1	  0.4	0.304	55.633	55.633
22	  L	  0.1	  0.0	0.000	47.034	47.034
23	  G	  0.1	  0.3	0.130	0.000	0.000
24	  P	  0.0	  0.3	0.130	0.000	0.000
25	  E	  0.1	  0.3	0.130	0.000	0.000
26	  A	  0.2	  0.5	0.130	0.000	0.000
27	  W	  0.3	  0.2	0.130	0.000	0.000
28	  G	  0.3	  0.2	0.130	0.000	0.000
29	  S	  0.2	  0.2	0.000	0.000	0.000
30	  P	  0.0	  0.0	0.000	0.000	0.000
31	  T	  0.0	  0.0	0.000	0.000	0.000
32	  P	  0.0	  0.0	0.000	0.000	0.000
33	  P	  0.0	  0.0	0.000	0.000	0.000
34	  P	  0.0	  0.0	0.000	0.000	0.000
35	  T	  0.0	  0.0	0.000	0.000	0.000
36	  P	  0.0	  0.0	0.000	0.000	0.000
37	  A	  0.0	  0.0	0.000	0.000	0.000
38	  A	  0.0	  0.0	0.000	0.000	0.000
39	  P	  0.0	  0.0	0.000	0.000	0.000
40	  P	  0.0	  0.0	0.000	0.000	0.000
41	  P	  0.0	  0.0	0.000	0.000	0.000
42	  P	  0.0	  0.0	0.000	0.000	0.000
43	  P	  0.0	  0.0	0.000	0.000	0.000
44	  P	  0.0	  2.5	0.000	0.000	0.000
45	  P	  0.0	  2.5	0.000	0.000	0.000
46	  G	  0.0	  2.5	0.000	0.000	0.000
47	  S	  0.0	  4.1	0.000	0.000	0.000
48	  P	  0.0	  1.8	0.000	0.000	0.000
49	  G	  0.0	  2.0	0.000	0.000	0.000
50	  G	  0.0	  2.1	0.000	0.000	0.000
51	  S	  0.6	  1.4	0.000	0.000	0.000
52	  Q	  0.8	  1.3	0.000	0.000	0.000
53	  D	  1.1	  1.1	0.000	0.000	0.000
54	  T	  6.9	  1.0	0.000	0.000	0.000
55	  C	  8.2	  0.2	0.000	0.000	0.000
56	  T	  9.9	  0.2	0.000	0.000	0.000
57	  S	  4.7	  0.2	0.000	0.000	0.000
58	  C	  3.3	  0.4	0.000	0.000	0.000
59	  G	  1.2	  0.3	0.000	0.000	0.000
60	  G	  0.1	  0.2	0.000	0.000	0.000
61	  F	  4.1	  0.2	0.000	0.000	0.000
62	  R	  4.2	  0.0	0.000	0.000	0.000
63	  R	  4.1	  0.2	0.000	0.000	0.000
64	  P	  0.1	  0.2	0.000	0.000	0.000
65	  E	  0.0	  0.3	0.000	0.000	0.000
66	  E	  0.0	  0.3	0.000	0.000	0.000
67	  L	  0.0	  0.2	0.000	0.000	0.000
68	  G	  0.0	  0.1	0.000	0.000	0.000
69	  R	  5.4	  0.3	0.000	0.000	0.000
70	  V	  5.6	  0.4	0.000	0.000	0.000
71	  D	  5.6	  1.0	0.465	0.000	0.000
72	  G	  0.2	  1.0	1.805	0.000	0.000
73	  D	  0.0	  0.7	4.059	0.000	0.000
74	  F	  0.7	  0.6	5.287	0.264	0.264
75	  L	  0.9	  0.0	6.626	0.264	0.264
76	  E	  0.9	  0.0	7.150	0.264	0.264
77	  A	  0.9	  0.0	7.150	0.264	0.264
78	  V	  2.3	  0.0	7.150	0.264	0.264
79	  K	  2.6	  0.1	7.150	0.264	0.264
80	  R	  4.2	  0.1	6.165	0.000	0.000
81	  H	  7.0	  0.1	5.348	0.000	0.000
82	  I	  7.9	  0.0	2.718	0.000	0.000
83	  L	  5.9	  0.0	2.718	0.000	0.000
84	  S	  1.5	  0.1	2.683	0.000	0.000
85	  R	  0.6	  0.1	1.991	0.000	0.000
86	  L	  2.2	  0.1	0.858	0.000	0.000
87	  Q	  3.0	  0.0	0.858	0.000	0.000
88	  M	  2.9	  0.2	0.320	0.000	0.000
89	  R	  1.3	  0.2	0.203	0.000	0.000
90	  G	  0.4	  0.2	0.000	0.000	0.000
91	  R	  0.1	  0.8	0.000	0.000	0.000
92	  P	  0.0	  0.6	0.000	0.000	0.000
93	  N	  2.7	  0.6	0.000	0.000	0.000
94	  I	  5.1	  0.6	0.000	0.000	0.000
95	  T	  5.8	  0.0	0.000	0.000	0.000
96	  H	  4.0	  0.0	0.000	0.000	0.000
97	  A	  1.7	  0.0	0.000	0.000	0.000
98	  V	  1.0	  0.0	0.000	0.000	0.000
99	  P	  0.1	  0.0	0.000	0.000	0.000
100	  K	  0.2	  0.0	0.000	0.000	0.000
101	  A	  0.3	  0.0	0.000	0.130	0.130
102	  A	  0.6	  0.0	0.000	0.130	0.130
103	  M	  1.0	  0.0	0.000	0.437	0.437
104	  V	  3.9	  0.0	0.142	0.437	0.437
105	  T	  4.1	  0.0	2.131	0.437	0.437
106	  A	  3.8	  0.0	2.131	0.307	0.307
107	  L	  1.0	  0.0	2.131	0.307	0.307
108	  R	  0.8	  0.1	2.131	0.000	0.000
109	  K	  1.1	  0.1	2.131	0.000	0.000
110	  L	  1.3	  0.1	1.989	0.000	0.000
111	  H	  1.0	  1.2	1.337	0.000	0.000
112	  A	  0.5	  1.2	0.882	0.000	0.000
113	  G	  0.1	  1.2	0.637	0.000	0.000
114	  K	  1.8	  1.2	0.295	0.000	0.000
115	  V	  2.2	  0.1	0.000	0.000	0.000
116	  R	  2.3	  1.5	0.000	0.000	0.000
117	  E	  0.5	  2.1	0.000	0.000	0.000
118	  D	  0.1	  2.1	0.000	0.000	0.000
119	  G	  0.0	  2.1	0.000	0.000	0.000
120	  R	  2.0	  0.6	0.000	0.000	0.000
121	  V	 14.1	  0.0	0.000	0.000	0.000
122	  E	 14.2	  0.0	0.000	0.000	0.000
123	  I	 12.3	  0.0	0.000	0.000	0.000
124	  P	  0.1	  0.0	0.000	0.000	0.000
125	  H	  0.6	  0.7	0.000	0.000	0.000
126	  L	  0.7	  1.2	0.000	0.000	0.000
127	  D	  0.7	  1.2	0.000	0.000	0.000
128	  G	  0.2	  1.2	0.000	0.000	0.000
129	  H	  0.8	  0.5	0.000	0.000	0.000
130	  A	  0.8	  0.1	0.000	0.000	0.000
131	  S	  0.7	  2.3	0.000	0.000	0.000
132	  P	  0.0	  2.5	0.000	0.000	0.000
133	  G	  0.0	  4.0	0.000	0.000	0.000
134	  A	  0.0	  4.4	0.000	0.000	0.000
135	  D	  0.0	  2.1	0.000	0.000	0.000
136	  G	  0.0	  2.1	0.123	0.000	0.000
137	  Q	  0.1	  0.6	0.123	0.000	0.000
138	  E	  0.2	  0.1	0.123	0.000	0.000
139	  R	  1.5	  0.1	0.123	0.000	0.000
140	  V	  1.8	  0.1	0.123	0.000	0.000
141	  S	  1.8	  0.0	0.123	0.000	0.000
142	  E	  0.6	  0.0	0.000	0.000	0.000
143	  I	  2.4	  0.1	0.000	1.283	1.283
144	  I	  6.6	  0.0	0.000	1.283	1.283
145	  S	  7.1	  0.0	0.000	1.283	1.283
146	  F	  5.3	  0.0	0.000	1.283	1.283
147	  A	  1.0	  0.1	0.000	1.283	1.283
148	  E	  0.5	  0.2	0.000	0.000	0.000
149	  T	  0.1	  0.4	0.139	0.000	0.000
150	  D	  0.1	  0.4	0.274	0.000	0.000
151	  G	  0.1	  0.3	0.274	0.000	0.000
152	  L	  0.2	  0.3	0.274	0.000	0.000
153	  A	  0.4	  0.3	0.274	0.000	0.000
154	  S	  0.6	  0.3	0.677	0.000	0.000
155	  S	  0.6	  0.3	1.143	0.000	0.000
156	  R	  2.1	  0.2	0.869	0.000	0.000
157	  V	  5.6	  0.1	0.869	0.000	0.000
158	  R	  6.0	  0.0	0.869	0.000	0.000
159	  L	  4.9	  0.0	0.869	86.001	86.001
160	  Y	  2.6	  0.0	0.869	93.715	93.715
161	  F	  3.1	  0.0	0.383	93.726	93.726
162	  F	  3.5	  0.0	0.000	93.726	93.726
163	  I	  2.1	  0.1	0.000	93.726	93.726
164	  S	  1.1	  0.2	0.000	49.850	49.850
165	  N	  0.1	  0.7	0.145	1.880	1.880
166	  E	  0.0	  1.6	0.145	0.000	0.000
167	  G	  0.0	  1.6	0.145	0.002	0.002
168	  N	  0.1	  2.2	0.145	0.034	0.034
169	  Q	  0.3	  1.8	0.145	0.163	0.163
170	  N	  0.8	  0.8	0.145	3.511	3.511
171	  L	  1.4	  0.7	0.145	81.123	81.123
172	  F	  3.5	  0.0	0.000	95.278	95.278
173	  V	  6.9	  0.0	0.000	96.428	96.428
174	  V	  7.4	  0.0	0.000	96.524	96.524
175	  Q	  5.3	  0.0	0.000	96.192	96.192
176	  A	  1.8	  0.0	0.000	96.062	96.062
177	  S	  0.9	  0.0	1.524	95.965	95.965
178	  L	  1.2	  0.0	1.524	97.531	97.531
179	  W	  1.2	  0.0	2.113	97.303	97.303
180	  L	  1.7	  0.0	2.113	96.371	96.371
181	  Y	  2.0	  0.0	2.113	91.257	91.257
182	  L	  3.0	  0.0	2.113	77.382	77.382
183	  K	  2.8	  0.0	1.970	0.000	0.000
184	  L	  2.1	  0.0	1.511	0.000	0.000
185	  L	  0.7	  0.0	1.164	0.000	0.000
186	  P	  0.1	  0.0	0.000	0.000	0.000
187	  Y	  1.7	  0.0	0.000	0.000	0.000
188	  V	  3.2	  0.0	0.000	0.000	0.000
189	  L	  3.3	  0.2	0.000	0.000	0.000
190	  E	  1.6	  0.5	0.000	0.000	0.000
191	  K	  0.2	  0.7	0.000	0.000	0.000
192	  G	  0.0	  0.8	0.000	0.000	0.000
193	  S	  0.5	  0.7	0.000	0.000	0.000
194	  R	  0.7	  0.4	0.000	0.000	0.000
195	  R	  1.2	  0.2	0.000	0.000	0.000
196	  K	  2.1	  0.1	0.000	0.000	0.000
197	  V	  9.7	  0.0	0.000	0.000	0.000
198	  R	 10.5	  0.0	0.000	0.000	0.000
199	  V	 22.7	  0.0	0.000	0.000	0.000
200	  K	 15.8	  0.0	0.000	0.000	0.000
201	  V	 16.1	  0.0	0.000	0.000	0.000
202	  Y	  4.5	  0.0	0.000	0.000	0.000
203	  F	  4.5	  0.0	0.000	0.000	0.000
204	  Q	  2.9	  0.2	0.000	0.000	0.000
205	  E	  1.0	  0.4	0.000	0.000	0.000
206	  Q	  0.1	  0.5	0.000	0.000	0.000
207	  G	  0.0	  0.7	0.000	0.000	0.000
208	  H	  0.0	  2.0	0.000	0.000	0.000
209	  G	  0.0	  1.8	0.000	0.000	0.000
210	  D	  0.1	  1.7	0.000	0.000	0.000
211	  R	  3.3	  1.5	0.000	0.000	0.000
212	  W	  4.3	  0.0	0.000	0.000	0.000
213	  N	  4.6	  0.0	0.823	0.000	0.000
214	  M	  1.7	  0.0	0.823	0.000	0.000
215	  V	  1.6	  0.0	0.823	0.000	0.000
216	  E	  1.4	  0.0	0.823	0.000	0.000
217	  K	  1.7	  0.1	0.823	0.000	0.000
218	  R	  6.2	  0.1	0.823	0.000	0.000
219	  V	  8.3	  0.0	0.396	0.000	0.000
220	  D	  8.0	  0.0	0.526	0.000	0.000
221	  L	  2.7	  0.1	0.413	0.000	0.000
222	  K	  0.5	  0.3	0.413	0.000	0.000
223	  R	  0.4	  0.5	0.130	0.000	0.000
224	  S	  0.3	  0.5	0.130	0.000	0.000
225	  G	  0.2	  0.4	0.130	0.000	0.000
226	  W	  0.5	  0.2	0.000	0.000	0.000
227	  H	  5.7	  0.0	0.000	0.000	0.000
228	  T	  6.5	  0.0	0.000	0.000	0.000
229	  F	  6.1	  0.0	0.000	0.000	0.000
230	  P	  0.9	  0.0	0.468	0.000	0.000
231	  L	  0.1	  0.0	0.468	0.000	0.000
232	  T	  0.1	  0.0	1.067	0.000	0.000
233	  E	  0.1	  0.0	1.206	0.000	0.000
234	  A	  0.3	  0.0	1.206	1.250	1.250
235	  I	  0.6	  0.0	1.206	2.728	2.728
236	  Q	  0.7	  0.0	1.206	2.728	2.728
237	  A	  0.7	  0.0	1.037	2.728	2.728
238	  L	  0.5	  0.0	1.037	2.728	2.728
239	  F	  2.6	  0.2	0.671	2.728	2.728
240	  E	  2.5	  0.3	0.000	0.000	0.000
241	  R	  2.4	  0.3	0.000	0.000	0.000
242	  G	  0.1	  0.4	0.506	0.000	0.000
243	  E	  0.2	  0.2	0.506	0.000	0.000
244	  R	  0.6	  0.2	0.506	0.000	0.000
245	  R	  3.1	  0.1	0.506	0.000	0.000
246	  L	  4.5	  0.1	0.506	0.000	0.000
247	  N	  4.3	  0.4	0.506	0.000	0.000
248	  L	  3.9	  0.4	0.277	0.000	0.000
249	  D	  3.1	  0.4	0.121	0.000	0.000
250	  V	  5.0	  0.4	0.000	0.000	0.000
251	  Q	  3.3	  0.0	0.000	0.000	0.000
252	  C	  3.0	  0.3	0.000	0.000	0.000
253	  D	  1.0	  0.4	0.000	0.000	0.000
254	  S	  3.6	  0.3	0.000	0.000	0.000
255	  C	  3.7	  0.4	0.000	0.000	0.000
256	  Q	  3.5	  0.2	0.000	0.000	0.000
257	  E	  0.6	  0.1	0.000	0.000	0.000
258	  L	  0.6	  0.1	0.000	0.000	0.000
259	  A	  1.7	  0.0	0.000	0.000	0.000
260	  V	  2.1	  0.0	0.000	0.000	0.000
261	  V	  1.8	  0.0	0.000	0.000	0.000
262	  P	  0.6	  0.0	0.000	0.000	0.000
263	  V	  6.1	  0.0	0.000	0.000	0.000
264	  F	  8.5	  0.0	0.000	0.000	0.000
265	  V	  8.7	  0.0	0.000	0.000	0.000
266	  D	  2.9	  4.0	0.000	0.000	0.000
267	  P	  0.2	  4.1	0.000	0.000	0.000
268	  G	  0.0	  4.2	0.000	0.000	0.000
269	  E	  0.0	  4.2	0.000	0.000	0.000
270	  E	  0.6	  0.3	0.000	0.000	0.000
271	  S	  2.8	  0.2	0.000	0.000	0.000
272	  H	  2.9	  0.1	0.000	0.000	0.000
273	  R	  2.4	  0.0	0.000	0.000	0.000
274	  P	  0.1	  0.0	0.000	4.310	4.310
275	  F	  2.1	  0.0	0.000	14.658	14.658
276	  V	 14.5	  0.0	0.000	15.710	15.710
277	  V	 18.1	  0.0	0.000	15.710	15.710
278	  V	 17.1	  0.0	0.000	15.710	15.710
279	  Q	  5.1	  0.0	0.000	11.400	11.400
280	  A	  1.4	  0.1	0.000	5.766	5.766
281	  R	  0.4	  0.1	0.000	0.000	0.000
282	  L	  0.3	  1.2	0.000	0.000	0.000
283	  G	  0.1	  1.3	0.000	0.000	0.000
284	  D	  0.1	  1.4	0.000	0.000	0.000
285	  S	  0.3	  1.5	0.204	0.000	0.000
286	  R	  0.8	  0.3	0.204	0.000	0.000
287	  H	  3.5	  0.2	0.204	0.000	0.000
288	  R	  7.1	  0.1	0.204	0.000	0.000
289	  I	  7.4	  0.0	0.204	0.000	0.000
290	  R	  4.9	  0.2	0.204	0.000	0.000
291	  K	  1.1	  0.2	0.000	0.000	0.000
292	  R	  0.4	  0.2	0.000	0.000	0.000
293	  G	  0.2	  0.2	0.000	0.000	0.000
294	  L	  1.3	  0.1	0.000	0.000	0.000
295	  E	  2.0	  0.2	0.000	0.000	0.000
296	  C	  2.0	  1.1	0.000	0.000	0.000
297	  D	  0.9	  1.5	0.173	0.000	0.000
298	  G	  0.1	  1.5	0.173	0.000	0.000
299	  R	  0.5	  1.4	0.173	0.000	0.000
300	  T	  0.7	  0.5	0.173	0.000	0.000
301	  N	  0.8	  0.1	0.324	0.000	0.000
302	  L	  5.2	  0.1	0.324	0.000	0.000
303	  C	 13.6	  0.0	0.392	0.000	0.000
304	  C	 15.5	  0.1	0.392	0.000	0.000
305	  R	 11.1	  0.1	0.392	0.000	0.000
306	  Q	  3.8	  0.1	0.392	0.252	0.252
307	  Q	  4.1	  0.1	0.241	1.584	1.584
308	  F	  4.7	  0.0	0.241	34.600	34.600
309	  F	  4.8	  0.1	0.241	37.251	37.251
310	  I	  5.2	  0.1	0.241	37.416	37.416
311	  D	  5.2	  0.1	0.724	37.163	37.163
312	  F	  6.1	  0.1	0.724	37.163	37.163
313	  R	  3.8	  0.1	0.724	37.163	37.163
314	  L	  2.7	  0.3	0.581	36.844	36.844
315	  I	  0.9	  0.3	0.581	34.404	34.404
316	  G	  0.3	  0.2	0.581	7.221	7.221
317	  W	  0.5	  0.2	0.177	4.821	4.821
318	  N	  0.4	  0.0	0.000	0.224	0.224
319	  D	  0.7	  0.0	0.000	0.000	0.000
320	  W	  1.2	  0.0	0.000	0.000	0.000
321	  I	  8.5	  0.0	0.000	0.000	0.000
322	  I	  8.5	  0.0	0.000	0.000	0.000
323	  A	  7.8	  0.7	0.000	0.000	0.000
324	  P	  0.4	  0.8	0.000	0.000	0.000
325	  T	  0.1	  0.8	0.000	0.000	0.000
326	  G	  0.1	  0.8	0.000	0.000	0.000
327	  Y	  1.0	  0.1	0.000	0.000	0.000
328	  Y	  1.0	  4.1	0.000	0.000	0.000
329	  G	  1.0	  4.1	0.000	0.000	0.000
330	  N	  1.0	  4.1	0.000	0.000	0.000
331	  Y	  4.2	  4.1	0.000	0.000	0.000
332	  C	  4.4	  1.1	0.000	0.000	0.000
333	  E	  3.4	  1.5	0.000	0.000	0.000
334	  G	  0.2	  1.5	0.000	0.000	0.000
335	  S	  0.5	  1.5	0.000	0.000	0.000
336	  C	  0.5	  0.6	0.167	0.000	0.000
337	  P	  0.4	  0.2	0.167	0.000	0.000
338	  A	  0.4	  0.2	0.167	0.000	0.000
339	  Y	  1.0	  0.2	0.167	0.000	0.000
340	  L	  1.1	  0.2	0.167	0.000	0.000
341	  A	  0.7	  0.2	0.167	0.000	0.000
342	  G	  0.1	  0.2	0.167	0.000	0.000
343	  V	  0.1	  1.2	0.000	0.000	0.000
344	  P	  0.0	  1.2	0.000	0.000	0.000
345	  G	  0.1	  1.2	0.000	0.000	0.000
346	  S	  3.2	  2.2	0.000	0.000	0.000
347	  A	  3.4	  1.4	0.000	0.000	0.000
348	  S	  3.6	  1.2	0.000	0.000	0.000
349	  S	  2.7	  1.1	0.000	0.000	0.000
350	  F	  3.3	  0.1	0.000	0.395	0.395
351	  H	  3.7	  0.0	0.000	0.395	0.395
352	  T	  2.3	  0.0	0.000	0.552	0.552
353	  A	  2.3	  0.0	0.000	0.552	0.552
354	  V	  6.1	  0.0	0.000	0.552	0.552
355	  V	  7.0	  0.0	0.000	0.552	0.552
356	  N	  7.4	  0.0	0.416	0.156	0.156
357	  Q	  4.9	  0.0	0.416	0.000	0.000
358	  Y	  5.2	  0.0	0.416	0.000	0.000
359	  R	  4.7	  0.0	0.416	0.000	0.000
360	  M	  3.0	  0.1	0.416	0.000	0.000
361	  R	  1.0	  0.1	0.416	0.000	0.000
362	  G	  0.5	  0.1	0.285	0.000	0.000
363	  L	  0.3	  0.1	0.112	0.000	0.000
364	  N	  0.2	  2.0	0.000	0.000	0.000
365	  P	  0.1	  2.0	0.000	0.000	0.000
366	  G	  0.0	  2.0	0.000	0.000	0.000
367	  T	  4.4	  2.0	0.000	0.000	0.000
368	  V	  5.6	  0.1	0.000	0.000	0.000
369	  N	  5.9	  0.1	0.000	0.000	0.000
370	  S	 11.5	  0.1	0.000	0.000	0.000
371	  C	 26.0	  0.1	0.000	0.000	0.000
372	  C	 25.9	  0.1	0.000	0.000	0.000
373	  I	 16.8	  0.1	0.000	0.000	0.000
374	  P	  0.4	  0.1	0.000	0.000	0.000
375	  T	  0.7	  0.1	0.000	0.000	0.000
376	  K	  1.2	  0.1	0.000	0.000	0.000
377	  L	  1.3	  0.1	0.000	1.117	1.117
378	  S	  0.8	  0.1	0.172	1.284	1.284
379	  T	  6.9	  0.1	0.343	1.464	1.464
380	  M	  8.9	  0.1	0.343	1.767	1.767
381	  S	  8.9	  0.0	0.343	2.033	2.033
382	  M	  3.3	  0.0	0.343	2.033	2.033
383	  L	  1.4	  0.0	0.343	2.033	2.033
384	  Y	  2.8	  0.0	0.343	2.033	2.033
385	  F	  2.5	  0.2	0.343	1.827	1.827
386	  D	  1.9	  0.3	0.000	0.000	0.000
387	  D	  0.3	  0.4	0.533	0.000	0.000
388	  E	  2.3	  0.4	0.533	0.000	0.000
389	  Y	  7.1	  0.2	0.533	0.000	0.000
390	  N	  9.0	  0.2	0.645	0.000	0.000
391	  I	  9.5	  0.0	0.645	0.000	0.000
392	  V	  6.6	  0.0	0.645	0.000	0.000
393	  K	  4.5	  0.3	0.645	0.000	0.000
394	  R	  2.2	  0.3	0.306	0.000	0.000
395	  D	  0.6	  0.3	0.112	0.000	0.000
396	  V	  0.5	  0.6	0.000	0.000	0.000
397	  P	  0.1	  0.3	0.000	0.000	0.000
398	  N	  0.4	  0.3	0.000	0.000	0.000
399	  M	  2.3	  0.3	0.000	0.000	0.000
400	  I	  5.3	  0.0	0.000	0.000	0.000
401	  V	  5.5	  0.1	0.000	0.000	0.000
402	  E	  3.6	  0.1	0.000	0.000	0.000
403	  E	  0.6	  0.1	0.000	0.000	0.000
404	  C	  0.3	  0.3	0.000	0.000	0.000
405	  G	  0.4	  0.2	0.000	0.000	0.000
406	  C	  0.4	  0.2	0.000	0.000	0.000
407	  A	  0.2	  0.2	0.000	0.000	0.000
