res	aa	Beta	Turn	Helix	Aggregation	Conc-Stab_Aggregation
01	  M	  0.5	  0.0	0.420	0.000	0.000
02	  R	  0.7	  0.0	1.425	0.000	0.000
03	  A	  1.0	  0.0	1.959	0.004	0.004
04	  L	  0.7	  0.0	2.536	0.014	0.014
05	  L	  0.5	  0.0	2.651	0.018	0.018
06	  A	  0.5	  0.0	2.651	0.018	0.018
07	  R	  0.7	  0.0	2.651	0.019	0.019
08	  L	  1.5	  0.0	2.383	83.925	83.925
09	  L	  2.4	  0.0	2.383	99.288	99.288
10	  L	  2.7	  0.0	2.383	99.738	99.738
11	  C	  3.4	  0.0	1.590	99.806	99.806
12	  V	  8.5	  0.0	0.617	99.842	99.842
13	  L	  9.4	  0.0	0.617	99.828	99.828
14	  V	 12.1	  0.0	0.000	99.744	99.744
15	  V	  6.4	  0.1	0.000	98.672	98.672
16	  S	  4.5	  0.6	0.000	10.934	10.934
17	  D	  0.4	  1.1	0.000	0.014	0.014
18	  S	  0.2	  2.0	0.000	0.002	0.002
19	  K	  0.2	  2.3	0.000	0.000	0.000
20	  G	  0.1	  2.1	0.000	0.000	0.000
21	  S	  0.0	  1.7	0.000	0.000	0.000
22	  N	  0.0	  0.9	0.000	0.000	0.000
23	  E	  1.3	  0.4	0.000	0.000	0.000
24	  L	  1.4	  0.1	0.000	0.000	0.000
25	  H	  2.3	  0.1	0.000	0.000	0.000
26	  Q	  1.1	  0.0	0.000	0.000	0.000
27	  V	  0.9	  0.3	0.000	0.000	0.000
28	  P	  0.1	  0.7	0.000	0.000	0.000
29	  S	  0.1	  0.7	0.000	0.000	0.000
30	  N	  0.4	  1.9	0.000	0.000	0.000
31	  C	  1.4	  1.7	0.000	0.000	0.000
32	  D	  1.4	  1.2	0.000	0.000	0.000
33	  C	  2.8	  1.8	0.000	0.000	0.000
34	  L	  1.9	  1.2	0.000	0.000	0.000
35	  N	  1.9	  1.4	0.000	0.000	0.000
36	  G	  0.1	  1.5	0.000	0.000	0.000
37	  G	  0.1	  0.9	0.000	0.000	0.000
38	  T	  2.7	  0.3	0.000	0.000	0.000
39	  C	  4.3	  0.1	0.000	0.000	0.000
40	  V	  4.6	  0.1	0.000	0.000	0.000
41	  S	  2.0	  0.1	0.000	0.000	0.000
42	  N	  0.5	  0.1	0.000	0.000	0.000
43	  K	  0.5	  0.1	0.000	0.000	0.000
44	  Y	  2.8	  0.0	0.000	0.000	0.000
45	  F	  3.0	  0.5	0.000	0.000	0.000
46	  S	  2.7	  0.5	0.000	0.000	0.000
47	  N	  0.8	  0.5	0.000	0.000	0.000
48	  I	  3.2	  0.4	0.000	0.000	0.000
49	  H	  5.3	  0.0	0.000	0.000	0.000
50	  W	  6.0	  0.0	0.000	0.000	0.000
51	  C	  5.4	  0.0	0.000	0.000	0.000
52	  N	  3.2	  0.0	0.000	0.000	0.000
53	  C	  2.2	  0.4	0.000	0.000	0.000
54	  P	  0.1	  0.4	0.000	0.000	0.000
55	  K	  0.1	  0.4	0.000	0.000	0.000
56	  K	  0.3	  0.4	0.000	0.000	0.000
57	  F	  0.4	  2.3	0.000	0.000	0.000
58	  G	  0.3	  2.3	0.000	0.000	0.000
59	  G	  0.1	  2.4	0.000	0.000	0.000
60	  Q	  0.5	  2.4	0.000	0.000	0.000
61	  H	  1.9	  0.2	0.000	0.000	0.000
62	  C	  5.3	  0.1	0.439	0.000	0.000
63	  E	  7.8	  0.0	0.439	0.000	0.000
64	  I	  6.6	  0.0	0.439	0.000	0.000
65	  D	  3.4	  1.4	0.439	0.000	0.000
66	  K	  0.7	  1.4	0.439	0.000	0.000
67	  S	  1.1	  1.6	0.439	0.000	0.000
68	  K	  1.7	  1.6	0.157	0.000	0.000
69	  T	  5.6	  0.2	0.000	0.000	0.000
70	  C	  8.7	  0.2	0.000	0.000	0.000
71	  Y	  8.3	  0.2	0.000	0.000	0.000
72	  E	  4.1	  2.8	0.000	0.000	0.000
73	  G	  0.3	  3.6	0.000	0.000	0.000
74	  N	  0.0	  3.7	0.000	0.000	0.000
75	  G	  0.1	  3.5	0.000	0.000	0.000
76	  H	  2.3	  0.8	0.000	0.000	0.000
77	  F	  4.2	  0.0	0.000	0.000	0.000
78	  Y	  5.5	  0.4	0.000	0.000	0.000
79	  R	  3.4	  0.4	0.000	0.000	0.000
80	  G	  1.5	  0.4	0.000	0.000	0.000
81	  K	  0.3	  0.4	0.000	0.000	0.000
82	  A	  0.3	  0.2	0.000	0.000	0.000
83	  S	  0.8	  0.5	0.150	0.000	0.000
84	  T	  1.1	  0.5	0.150	0.000	0.000
85	  D	  1.0	  0.5	0.150	0.000	0.000
86	  T	  0.7	  0.6	0.150	0.000	0.000
87	  M	  0.4	  0.2	0.150	0.000	0.000
88	  G	  0.3	  0.2	0.150	0.000	0.000
89	  R	  0.1	  0.2	0.000	0.000	0.000
90	  P	  0.0	  0.0	0.000	0.000	0.000
91	  C	  0.3	  0.0	0.000	0.000	0.000
92	  L	  0.3	  0.1	0.000	0.000	0.000
93	  P	  0.3	  0.1	0.000	0.000	0.000
94	  W	  0.8	  0.2	0.000	0.000	0.000
95	  N	  0.8	  0.2	2.472	0.000	0.000
96	  S	  1.6	  0.2	2.585	0.243	0.243
97	  A	  1.5	  0.2	2.585	0.243	0.243
98	  T	  5.2	  0.2	2.585	0.243	0.243
99	  V	  6.7	  0.1	2.585	0.243	0.243
100	  L	  6.1	  0.0	2.585	0.243	0.243
101	  Q	  2.5	  0.1	1.645	0.000	0.000
102	  Q	  1.1	  0.1	1.179	0.000	0.000
103	  T	  8.2	  0.1	0.000	0.000	0.000
104	  Y	  9.7	  0.0	0.000	0.000	0.000
105	  H	  9.2	  0.2	0.000	0.000	0.000
106	  A	  2.2	  0.2	0.000	0.000	0.000
107	  H	  1.0	  0.4	0.000	0.000	0.000
108	  R	  0.8	  0.9	0.000	0.000	0.000
109	  S	  0.7	  0.8	0.530	0.000	0.000
110	  D	  0.2	  0.9	0.696	0.000	0.000
111	  A	  0.2	  0.7	0.696	0.000	0.000
112	  L	  1.8	  0.2	0.696	0.000	0.000
113	  Q	  1.9	  0.2	0.696	0.000	0.000
114	  L	  1.8	  0.1	0.696	0.000	0.000
115	  G	  0.2	  0.4	0.569	0.000	0.000
116	  L	  0.1	  0.4	0.362	0.000	0.000
117	  G	  0.0	  0.5	0.362	0.000	0.000
118	  K	  0.1	  0.5	0.000	0.000	0.000
119	  H	  0.6	  0.3	0.000	0.000	0.000
120	  N	  1.5	  0.2	0.000	0.000	0.000
121	  Y	  3.6	  0.0	0.000	0.000	0.000
122	  C	  3.9	  0.0	0.000	0.000	0.000
123	  R	  3.0	  0.0	0.000	0.000	0.000
124	  N	  0.8	  9.6	0.000	0.000	0.000
125	  P	  0.0	  9.7	0.000	0.000	0.000
126	  D	  0.0	  9.8	0.000	0.000	0.000
127	  N	  0.1	  9.8	0.000	0.000	0.000
128	  R	  0.8	  0.3	0.000	0.000	0.000
129	  R	  0.9	  0.1	0.000	0.000	0.000
130	  R	  0.8	  0.3	0.000	0.000	0.000
131	  P	  0.1	  0.2	0.000	0.000	0.000
132	  W	  1.9	  0.2	0.000	1.922	1.922
133	  C	  4.3	  0.2	0.000	2.145	2.145
134	  Y	  5.7	  0.0	0.000	2.381	2.381
135	  V	  8.1	  0.0	0.000	2.381	2.381
136	  Q	  5.8	  0.0	0.000	2.381	2.381
137	  V	  4.6	  0.0	0.000	2.252	2.252
138	  G	  0.4	  0.0	0.000	0.510	0.510
139	  L	  0.4	  0.0	0.000	0.510	0.510
140	  K	  0.2	  0.0	0.000	0.000	0.000
141	  P	  0.1	  0.0	0.000	0.000	0.000
142	  L	  0.3	  0.0	0.000	0.000	0.000
143	  V	  0.9	  0.0	0.000	0.000	0.000
144	  Q	  1.1	  0.1	0.000	0.000	0.000
145	  E	  0.8	  0.1	0.000	0.000	0.000
146	  C	  2.2	  0.1	0.000	0.000	0.000
147	  M	  3.3	  0.0	0.000	0.000	0.000
148	  V	  4.6	  0.0	0.000	0.000	0.000
149	  H	  3.0	  0.1	0.000	0.000	0.000
150	  D	  1.7	  0.1	0.262	0.000	0.000
151	  C	  0.6	  2.3	0.262	0.000	0.000
152	  A	  0.3	  2.9	0.262	0.000	0.000
153	  D	  0.2	  3.0	0.262	0.000	0.000
154	  G	  0.0	  3.0	0.262	0.000	0.000
155	  K	  0.0	  0.8	0.262	0.000	0.000
156	  K	  0.0	  0.4	0.000	0.000	0.000
157	  P	  0.0	  0.3	0.000	0.000	0.000
158	  S	  0.0	  0.3	0.000	0.000	0.000
159	  S	  0.0	  0.3	0.000	0.000	0.000
160	  P	  0.0	  0.2	0.000	0.000	0.000
161	  P	  0.0	  0.3	0.140	0.000	0.000
162	  E	  0.0	  0.3	0.140	0.000	0.000
163	  E	  1.3	  0.3	0.140	0.000	0.000
164	  L	  2.1	  0.1	0.140	0.000	0.000
165	  K	  3.0	  0.0	0.140	0.000	0.000
166	  F	  8.8	  0.1	0.140	0.000	0.000
167	  Q	  8.1	  0.1	0.000	0.000	0.000
168	  C	  7.4	  0.1	0.000	0.000	0.000
169	  G	  0.3	  0.1	0.460	0.000	0.000
170	  Q	  0.5	  0.1	0.460	0.000	0.000
171	  K	  0.5	  0.1	0.460	0.000	0.000
172	  T	  5.3	  0.1	0.460	0.000	0.000
173	  L	  5.3	  0.1	0.460	0.000	0.000
174	  R	  5.0	  0.2	0.460	0.000	0.000
175	  P	  0.2	  0.2	0.000	0.000	0.000
176	  R	  0.5	  0.2	0.000	0.000	0.000
177	  F	  2.6	  0.2	0.000	0.237	0.237
178	  K	  4.1	  0.0	0.000	0.237	0.237
179	  I	  5.7	  0.0	0.000	0.237	0.237
180	  I	  3.7	  1.1	0.000	0.237	0.237
181	  G	  2.2	  1.2	0.000	0.237	0.237
182	  G	  0.1	  1.2	0.000	0.237	0.237
183	  E	  2.4	  1.2	0.000	0.237	0.237
184	  F	  4.0	  0.2	0.000	0.237	0.237
185	  T	  5.1	  0.0	0.170	0.237	0.237
186	  T	  7.0	  0.0	0.170	0.237	0.237
187	  I	  5.5	  0.1	0.170	0.237	0.237
188	  E	  4.5	  0.1	0.170	0.000	0.000
189	  N	  0.3	  0.1	0.170	0.000	0.000
190	  Q	  0.2	  0.1	0.170	0.000	0.000
191	  P	  0.0	  0.0	0.127	0.216	0.216
192	  W	  1.0	  0.0	0.769	24.577	24.577
193	  F	  1.7	  0.0	0.908	26.572	26.572
194	  A	  1.9	  0.0	1.057	26.572	26.572
195	  A	  1.2	  0.0	1.057	26.572	26.572
196	  I	  1.9	  0.0	1.057	26.572	26.572
197	  Y	  3.7	  0.0	1.057	19.848	19.848
198	  R	  3.9	  0.1	0.895	0.000	0.000
199	  R	  2.9	  0.1	0.460	0.000	0.000
200	  H	  1.1	  0.3	0.000	0.000	0.000
201	  R	  0.7	  0.5	0.000	0.000	0.000
202	  G	  0.2	  0.6	0.000	0.000	0.000
203	  G	  0.0	  0.6	0.000	0.000	0.000
204	  S	  3.5	  0.3	0.000	2.287	2.287
205	  V	 12.0	  0.1	0.000	5.977	5.977
206	  T	 16.8	  0.0	0.000	5.977	5.977
207	  Y	 15.3	  0.0	0.000	5.977	5.977
208	  V	  7.2	  0.0	0.000	5.977	5.977
209	  C	  2.4	  0.4	0.000	4.088	4.088
210	  G	  0.4	  0.7	0.000	0.480	0.480
211	  G	  0.1	  0.8	0.000	0.191	0.191
212	  S	  0.4	  0.8	0.000	0.191	0.191
213	  L	  1.3	  0.4	0.000	0.191	0.191
214	  I	  1.5	  0.0	0.000	0.191	0.191
215	  S	  1.2	  0.2	0.000	0.000	0.000
216	  P	  0.3	  0.2	0.000	0.252	0.252
217	  C	  1.7	  0.2	0.000	13.779	13.779
218	  W	  3.0	  0.2	0.000	29.378	29.378
219	  V	  7.3	  0.0	0.000	30.367	30.367
220	  I	  7.1	  0.0	0.000	30.367	30.367
221	  S	  6.5	  0.2	0.000	30.115	30.115
222	  A	  2.7	  0.2	0.000	27.564	27.564
223	  T	  3.0	  0.2	0.000	23.147	23.147
224	  H	  3.7	  0.2	0.000	20.405	20.405
225	  C	  4.7	  0.0	0.000	20.180	20.180
226	  F	  4.0	  0.1	0.000	19.818	19.818
227	  I	  7.4	  0.1	0.000	18.198	18.198
228	  D	  6.1	  0.1	0.000	0.000	0.000
229	  Y	  5.0	  0.2	0.000	0.000	0.000
230	  P	  0.1	  0.2	0.000	0.000	0.000
231	  K	  0.2	  0.3	0.000	0.000	0.000
232	  K	  0.3	  0.8	0.000	0.000	0.000
233	  E	  0.3	  0.6	0.000	0.000	0.000
234	  D	  0.5	  0.6	1.065	0.000	0.000
235	  Y	  2.2	  0.5	1.065	80.041	80.041
236	  I	  7.2	  0.0	1.065	85.292	85.292
237	  V	 10.2	  0.0	1.065	85.292	85.292
238	  Y	  8.8	  0.1	1.065	85.292	85.292
239	  L	  3.9	  0.3	1.065	85.292	85.292
240	  G	  0.4	  0.4	1.381	11.859	11.859
241	  R	  0.3	  0.5	1.065	0.000	0.000
242	  S	  0.4	  0.4	0.626	0.000	0.000
243	  R	  2.9	  0.2	0.316	0.000	0.000
244	  L	  3.1	  0.1	0.316	0.000	0.000
245	  N	  3.0	  1.7	0.316	0.000	0.000
246	  S	  0.5	  1.7	0.145	0.000	0.000
247	  N	  0.4	  1.8	0.000	0.000	0.000
248	  T	  0.4	  2.0	0.000	0.000	0.000
249	  Q	  0.4	  0.5	0.000	0.000	0.000
250	  G	  0.1	  0.5	0.000	0.000	0.000
251	  E	  1.4	  0.4	0.000	0.000	0.000
252	  M	  2.3	  0.1	0.000	0.000	0.000
253	  K	  5.7	  0.0	0.000	0.000	0.000
254	  F	 12.8	  0.0	0.000	0.000	0.000
255	  E	 13.8	  0.0	0.000	0.000	0.000
256	  V	 11.4	  0.1	0.000	0.000	0.000
257	  E	  3.2	  0.1	0.000	0.000	0.000
258	  N	  1.3	  0.1	0.330	0.000	0.000
259	  L	  1.7	  0.1	0.330	0.000	0.000
260	  I	  2.3	  0.0	0.330	0.000	0.000
261	  L	  2.2	  0.0	0.330	0.000	0.000
262	  H	  1.1	  0.6	0.330	0.000	0.000
263	  K	  0.5	  0.6	0.330	0.000	0.000
264	  D	  0.9	  1.0	0.000	0.000	0.000
265	  Y	  4.6	  1.0	0.000	0.000	0.000
266	  S	  4.9	  2.2	1.310	0.000	0.000
267	  A	  4.3	  2.2	1.310	0.000	0.000
268	  D	  0.5	  1.8	1.310	0.000	0.000
269	  T	  0.5	  1.8	1.310	0.000	0.000
270	  L	  0.6	  0.1	1.310	0.000	0.000
271	  A	  0.9	  0.1	1.310	0.000	0.000
272	  H	  0.8	  0.2	0.890	0.000	0.000
273	  H	  0.7	  0.3	0.259	0.000	0.000
274	  N	  0.5	  0.3	2.393	0.000	0.000
275	  D	  0.3	  0.3	5.623	0.000	0.000
276	  I	  2.9	  0.1	5.805	0.000	0.000
277	  A	  3.0	  0.0	6.088	0.000	0.000
278	  L	  3.1	  0.0	6.088	0.000	0.000
279	  L	  2.1	  0.0	6.088	0.000	0.000
280	  K	  3.2	  0.0	5.851	0.000	0.000
281	  I	  4.4	  0.0	3.607	0.000	0.000
282	  R	  3.0	  0.1	3.607	0.000	0.000
283	  S	  2.2	  0.4	1.536	0.000	0.000
284	  K	  0.7	  0.8	0.569	0.000	0.000
285	  E	  0.5	  0.9	0.000	0.000	0.000
286	  G	  0.0	  0.9	0.000	0.000	0.000
287	  R	  0.6	  0.7	0.000	0.000	0.000
288	  C	  2.7	  0.2	0.000	0.000	0.000
289	  A	  2.7	  0.0	0.000	0.000	0.000
290	  Q	  2.2	  0.3	0.000	0.000	0.000
291	  P	  0.0	  0.3	0.000	0.000	0.000
292	  S	  0.3	  0.4	0.000	0.000	0.000
293	  R	  1.1	  0.4	0.000	0.000	0.000
294	  T	  5.2	  0.1	0.000	0.000	0.000
295	  I	  5.1	  0.1	0.000	0.000	0.000
296	  Q	  4.5	  0.0	0.000	0.000	0.000
297	  T	  2.9	  0.0	0.000	0.000	0.000
298	  I	  6.1	  0.0	0.000	0.000	0.000
299	  C	  6.2	  0.0	0.000	0.000	0.000
300	  L	  3.8	  0.3	0.000	0.000	0.000
301	  P	  0.3	  0.3	0.000	0.000	0.000
302	  S	  0.4	  0.3	0.000	0.000	0.000
303	  M	  0.9	  0.3	0.000	0.000	0.000
304	  Y	  1.8	  0.0	0.000	0.000	0.000
305	  N	  1.5	  0.0	0.000	0.000	0.000
306	  D	  0.9	  0.3	0.000	0.000	0.000
307	  P	  0.0	  0.3	0.000	0.000	0.000
308	  Q	  0.2	  0.3	0.000	0.000	0.000
309	  F	  0.3	  0.8	0.000	0.000	0.000
310	  G	  0.3	  0.5	0.000	0.000	0.000
311	  T	  2.0	  0.6	0.000	0.000	0.000
312	  S	 10.7	  0.6	0.000	0.000	0.000
313	  C	 13.8	  0.1	0.110	0.000	0.000
314	  E	 15.2	  0.0	0.110	0.000	0.000
315	  I	  9.0	  0.1	0.110	0.000	0.000
316	  T	  5.9	  0.1	0.110	0.000	0.000
317	  G	  2.4	  0.4	0.110	0.000	0.000
318	  F	  0.2	  0.6	0.110	0.000	0.000
319	  G	  0.2	  0.6	0.000	0.000	0.000
320	  K	  0.2	  0.8	0.000	0.000	0.000
321	  E	  0.1	  0.5	0.000	0.000	0.000
322	  N	  0.3	  0.5	0.000	0.000	0.000
323	  S	  0.7	  1.0	0.000	0.000	0.000
324	  T	  1.1	  0.8	0.000	0.000	0.000
325	  D	  1.0	  0.8	0.000	0.000	0.000
326	  Y	  1.6	  0.6	0.000	0.000	0.000
327	  L	  1.3	  0.0	0.000	0.000	0.000
328	  Y	  1.3	  0.2	0.317	0.000	0.000
329	  P	  0.1	  0.2	0.583	0.000	0.000
330	  E	  0.0	  0.3	0.583	0.000	0.000
331	  Q	  0.9	  0.3	0.583	0.000	0.000
332	  L	  2.3	  0.1	0.583	0.000	0.000
333	  K	  4.2	  0.0	0.583	0.000	0.000
334	  M	  7.2	  0.0	0.454	0.000	0.000
335	  T	 10.8	  0.0	0.451	0.000	0.000
336	  V	 11.4	  0.0	0.451	0.000	0.000
337	  V	 13.9	  0.0	0.451	0.000	0.000
338	  K	  9.4	  0.0	0.451	0.000	0.000
339	  L	  7.3	  0.0	0.451	0.000	0.000
340	  I	  1.6	  0.0	0.451	0.000	0.000
341	  S	  2.1	  0.0	0.773	0.000	0.000
342	  H	  1.8	  0.2	0.437	0.000	0.000
343	  R	  1.2	  0.2	0.321	0.000	0.000
344	  E	  0.7	  0.2	0.321	0.000	0.000
345	  C	  3.6	  0.2	0.321	0.000	0.000
346	  Q	  3.6	  0.0	0.321	0.000	0.000
347	  Q	  3.1	  0.2	0.178	0.000	0.000
348	  P	  0.1	  0.2	0.000	0.000	0.000
349	  H	  2.2	  0.2	0.000	0.000	0.000
350	  Y	  3.1	  0.3	0.000	0.000	0.000
351	  Y	  3.3	  0.9	0.000	0.000	0.000
352	  G	  1.1	  0.9	0.000	0.000	0.000
353	  S	  0.2	  0.9	1.331	0.000	0.000
354	  E	  5.2	  0.8	1.331	0.000	0.000
355	  V	  7.0	  0.1	1.331	0.000	0.000
356	  T	  9.5	  0.0	1.331	0.000	0.000
357	  T	  5.3	  0.0	1.331	0.000	0.000
358	  K	  3.8	  0.0	1.331	0.000	0.000
359	  M	  2.6	  0.0	0.945	0.146	0.146
360	  L	  2.1	  0.0	0.673	0.146	0.146
361	  C	  3.5	  0.0	0.520	0.146	0.146
362	  A	  2.1	  0.0	0.339	0.146	0.146
363	  A	  1.7	  0.0	0.135	0.146	0.146
364	  D	  0.0	  0.3	0.163	0.000	0.000
365	  P	  0.0	  0.3	0.163	0.000	0.000
366	  Q	  1.5	  0.3	0.163	0.000	0.000
367	  W	  1.8	  0.4	0.163	0.000	0.000
368	  K	  1.9	  0.2	0.163	0.000	0.000
369	  T	  1.0	  0.3	0.163	0.000	0.000
370	  D	  1.0	  0.4	0.163	0.000	0.000
371	  S	  3.8	  0.3	0.000	0.000	0.000
372	  C	  3.4	  0.8	0.000	0.000	0.000
373	  Q	  3.1	  1.5	0.000	0.000	0.000
374	  G	  0.1	  1.7	0.000	0.000	0.000
375	  D	  0.0	  2.2	0.000	0.000	0.000
376	  S	  0.0	  1.7	0.000	0.000	0.000
377	  G	  0.0	  0.9	0.000	0.000	0.000
378	  G	  0.0	  0.7	0.000	0.000	0.000
379	  P	  0.0	  0.2	0.000	0.000	0.000
380	  L	  1.4	  0.2	0.000	0.526	0.526
381	  V	  2.4	  0.2	0.000	0.526	0.526
382	  C	  3.9	  0.1	0.000	0.526	0.526
383	  S	  3.2	  0.2	0.000	0.526	0.526
384	  L	  2.2	  0.5	0.000	0.526	0.526
385	  Q	  0.7	  0.6	0.000	0.000	0.000
386	  G	  0.0	  0.6	0.000	0.000	0.000
387	  R	  0.8	  0.4	0.000	0.000	0.000
388	  M	  3.7	  0.2	0.000	0.555	0.555
389	  T	  6.5	  0.0	0.000	1.043	1.043
390	  L	  5.9	  0.1	0.000	3.985	3.985
391	  T	  3.1	  0.1	0.000	3.985	3.985
392	  G	  0.2	  0.1	0.000	4.114	4.114
393	  I	  3.2	  0.1	0.000	4.243	4.243
394	  V	  6.7	  0.0	0.000	4.243	4.243
395	  S	  7.2	  0.3	0.000	0.953	0.953
396	  W	  4.2	  0.6	0.000	0.676	0.676
397	  G	  0.6	  1.0	0.235	0.129	0.129
398	  R	  0.1	  1.0	0.235	0.000	0.000
399	  G	  0.2	  0.7	0.235	0.000	0.000
400	  C	  0.9	  0.5	0.235	0.000	0.000
401	  A	  1.1	  0.1	0.235	0.000	0.000
402	  L	  1.1	  0.2	0.235	0.000	0.000
403	  K	  0.5	  0.2	0.235	0.000	0.000
404	  D	  0.3	  0.2	0.000	0.000	0.000
405	  K	  0.1	  1.1	0.000	0.000	0.000
406	  P	  0.0	  0.9	0.000	0.000	0.000
407	  G	  0.0	  0.9	0.000	0.000	0.000
408	  V	  2.9	  0.9	0.000	0.000	0.000
409	  Y	  6.0	  0.0	0.000	0.000	0.000
410	  T	  6.8	  0.0	0.000	0.000	0.000
411	  R	  5.3	  0.0	0.000	0.000	0.000
412	  V	  4.4	  0.1	0.000	0.000	0.000
413	  S	  4.1	  0.1	0.000	0.000	0.000
414	  H	  6.1	  0.1	0.000	0.000	0.000
415	  F	  4.1	  0.1	0.000	0.000	0.000
416	  L	  3.5	  0.0	0.000	0.000	0.000
417	  P	  0.2	  0.0	0.000	0.000	0.000
418	  W	  0.8	  0.0	0.000	0.000	0.000
419	  I	  2.3	  0.0	0.000	0.000	0.000
420	  R	  2.8	  0.1	0.000	0.000	0.000
421	  S	  3.2	  0.1	0.000	0.000	0.000
422	  H	  2.7	  0.1	0.000	0.000	0.000
423	  T	  2.9	  0.2	0.000	0.000	0.000
424	  K	  1.9	  0.2	0.000	0.000	0.000
425	  E	  0.9	  0.6	0.000	0.000	0.000
426	  E	  0.2	  2.0	0.000	0.000	0.000
427	  N	  0.0	  2.0	0.000	0.000	0.000
428	  G	  0.1	  1.9	0.000	0.000	0.000
429	  L	  0.4	  1.4	0.000	0.000	0.000
430	  A	  0.4	  0.0	0.000	0.000	0.000
431	  L	  0.3	  0.0	0.000	0.000	0.000
