res	aa	Beta	Turn	Helix	Aggregation	Conc-Stab_Aggregation
01	  M	  0.1	  0.3	0.000	0.000	0.000
02	  S	  0.1	  0.3	0.000	0.000	0.000
03	  D	  0.1	  0.3	0.000	0.000	0.000
04	  K	  0.1	  0.3	0.000	0.000	0.000
05	  L	  0.1	  0.2	0.000	0.000	0.000
06	  P	  0.1	  0.1	0.000	0.000	0.000
07	  Y	  2.7	  0.1	0.000	0.000	0.000
08	  K	  4.9	  0.1	0.000	0.000	0.000
09	  V	  5.5	  0.1	0.000	0.000	0.000
10	  A	  3.0	  0.1	0.000	0.000	0.000
11	  D	  0.8	  0.1	0.852	0.000	0.000
12	  I	  0.4	  0.2	0.852	2.587	2.587
13	  G	  0.3	  0.1	2.624	2.824	2.824
14	  L	  0.4	  0.0	2.624	2.824	2.824
15	  A	  0.3	  0.2	2.624	2.824	2.824
16	  A	  0.3	  0.4	2.624	2.824	2.824
17	  W	  0.3	  0.5	2.624	2.824	2.824
18	  G	  0.2	  0.5	2.437	0.000	0.000
19	  R	  0.2	  0.4	1.430	0.000	0.000
20	  K	  0.2	  0.2	0.430	0.000	0.000
21	  A	  0.3	  0.1	0.197	0.000	0.000
22	  L	  2.8	  0.0	0.197	0.000	0.000
23	  D	  2.9	  0.0	0.197	0.000	0.000
24	  I	  3.2	  0.0	0.000	0.000	0.000
25	  A	  0.6	  0.2	0.000	0.000	0.000
26	  E	  0.4	  0.2	0.000	0.000	0.000
27	  N	  0.0	  0.2	0.000	0.000	0.000
28	  E	  0.0	  0.2	0.000	0.000	0.000
29	  M	  0.0	  0.7	0.000	0.000	0.000
30	  P	  0.0	  0.7	0.000	0.000	0.000
31	  G	  0.0	  0.7	0.351	0.000	0.000
32	  L	  0.2	  0.7	0.351	0.000	0.000
33	  M	  2.3	  0.0	0.351	0.000	0.000
34	  R	  3.0	  0.0	0.500	0.000	0.000
35	  M	  2.8	  0.0	0.500	0.000	0.000
36	  R	  0.8	  0.1	0.500	0.000	0.000
37	  E	  0.3	  0.1	0.285	0.000	0.000
38	  R	  1.3	  0.1	0.285	0.000	0.000
39	  Y	  5.5	  0.1	0.150	0.000	0.000
40	  S	  8.4	  1.1	0.000	0.000	0.000
41	  A	  7.8	  1.1	0.000	0.000	0.000
42	  S	  4.0	  1.1	0.000	0.000	0.000
43	  K	  0.6	  1.1	0.000	0.000	0.000
44	  P	  0.1	  0.0	0.000	0.000	0.000
45	  L	  0.1	  0.3	0.000	0.000	0.000
46	  K	  0.1	  0.4	0.000	0.000	0.000
47	  G	  0.1	  0.4	0.000	0.000	0.000
48	  A	  0.7	  0.4	0.000	0.000	0.000
49	  R	  2.5	  0.1	0.000	0.000	0.000
50	  I	  3.8	  0.3	0.000	0.264	0.264
51	  A	  3.1	  0.6	0.000	0.264	0.264
52	  G	  1.3	  0.6	0.000	0.264	0.264
53	  C	  1.2	  0.6	0.000	0.264	0.264
54	  L	  2.3	  0.3	0.000	0.264	0.264
55	  H	  2.9	  0.0	0.000	0.264	0.264
56	  M	  6.0	  0.0	0.000	0.264	0.264
57	  T	 11.5	  0.0	0.114	0.264	0.264
58	  V	 11.4	  0.0	0.114	0.264	0.264
59	  E	  7.3	  0.0	0.114	0.000	0.000
60	  T	  1.4	  0.0	0.225	2.829	2.829
61	  A	  1.6	  0.0	0.225	2.829	2.829
62	  V	  4.6	  0.0	0.225	2.829	2.829
63	  L	  3.9	  0.0	0.353	2.829	2.829
64	  I	  3.6	  0.0	0.353	2.829	2.829
65	  E	  0.6	  0.0	0.353	0.000	0.000
66	  T	  1.7	  0.0	0.128	2.710	2.710
67	  L	  1.6	  0.0	0.128	2.995	2.995
68	  V	  9.0	  0.0	0.128	2.995	2.995
69	  T	  7.9	  0.0	0.345	2.995	2.995
70	  L	  7.5	  0.1	0.345	2.995	2.995
71	  G	  0.2	  0.1	0.345	0.285	0.285
72	  A	  0.2	  0.1	0.217	0.131	0.131
73	  E	  3.0	  0.1	0.217	0.000	0.000
74	  V	  5.6	  0.0	0.217	0.000	0.000
75	  Q	  6.9	  0.0	0.217	0.000	0.000
76	  W	  5.0	  0.2	0.000	0.000	0.000
77	  S	  3.0	  0.2	0.000	0.000	0.000
78	  S	  9.5	  0.5	0.000	0.000	0.000
79	  C	 10.2	  0.5	0.000	0.000	0.000
80	  N	 11.6	  0.4	0.000	0.000	0.000
81	  I	  4.9	  0.3	0.000	0.000	0.000
82	  F	  3.9	  0.1	0.000	0.000	0.000
83	  S	  2.2	  0.1	0.000	0.000	0.000
84	  T	  1.7	  0.3	0.153	0.000	0.000
85	  Q	  1.0	  0.4	0.153	0.000	0.000
86	  D	  0.6	  0.3	1.783	0.000	0.000
87	  H	  0.3	  0.3	3.169	0.000	0.000
88	  A	  0.2	  0.1	3.700	1.504	1.504
89	  A	  0.3	  0.0	3.979	1.504	1.504
90	  A	  0.3	  0.0	4.129	1.504	1.504
91	  A	  0.5	  0.0	4.129	1.504	1.504
92	  I	  1.0	  0.0	3.953	1.504	1.504
93	  A	  0.9	  0.1	3.953	0.689	0.689
94	  K	  0.7	  0.3	3.626	0.000	0.000
95	  A	  0.2	  0.3	1.935	0.000	0.000
96	  G	  0.2	  0.3	1.428	0.000	0.000
97	  I	  0.2	  0.2	0.000	0.000	0.000
98	  P	  0.1	  0.0	0.000	0.000	0.000
99	  V	  2.2	  0.0	0.000	0.000	0.000
100	  Y	  2.9	  0.0	0.000	0.000	0.000
101	  A	  3.1	  0.0	0.000	0.000	0.000
102	  W	  1.0	  0.4	0.000	0.000	0.000
103	  K	  0.3	  0.6	0.000	0.000	0.000
104	  G	  0.1	  0.7	0.000	0.000	0.000
105	  E	  0.1	  0.8	0.000	0.000	0.000
106	  T	  0.1	  0.4	0.000	0.000	0.000
107	  D	  0.1	  0.3	0.000	0.000	0.000
108	  E	  0.1	  0.2	0.000	0.000	0.000
109	  E	  0.2	  0.1	0.000	0.000	0.000
110	  Y	  0.8	  0.1	0.000	2.263	2.263
111	  L	  1.9	  0.0	0.000	2.263	2.263
112	  W	  4.0	  0.0	0.000	2.263	2.263
113	  C	  6.5	  0.0	0.170	2.263	2.263
114	  I	  5.8	  0.0	0.170	2.263	2.263
115	  E	  3.7	  0.1	0.170	0.000	0.000
116	  Q	  0.8	  0.1	0.170	0.326	0.326
117	  T	  1.4	  0.1	0.170	0.326	0.326
118	  L	  1.9	  0.0	0.170	0.326	0.326
119	  Y	  3.1	  0.0	0.170	0.326	0.326
120	  F	  2.4	  0.9	0.000	0.326	0.326
121	  K	  1.8	  0.9	0.000	0.000	0.000
122	  D	  0.5	  0.9	0.000	0.000	0.000
123	  G	  0.0	  1.1	0.000	0.000	0.000
124	  P	  0.0	  0.3	0.000	0.000	0.000
125	  L	  1.7	  0.3	0.000	0.000	0.000
126	  N	  2.1	  0.2	0.000	0.000	0.000
127	  M	  3.7	  0.0	0.000	0.000	0.000
128	  I	  2.6	  0.1	0.000	0.000	0.000
129	  L	  2.2	  0.5	0.000	0.000	0.000
130	  D	  0.6	  1.1	0.000	0.000	0.000
131	  D	  0.1	  1.4	0.000	0.000	0.000
132	  G	  0.0	  2.2	0.000	0.000	0.000
133	  G	  0.0	  1.8	0.692	0.000	0.000
134	  D	  0.2	  1.2	1.130	0.000	0.000
135	  L	  0.5	  1.0	1.130	0.171	0.171
136	  T	  0.7	  0.1	1.130	0.171	0.171
137	  N	  0.9	  0.1	1.130	0.171	0.171
138	  L	  1.1	  0.1	1.130	0.171	0.171
139	  I	  2.3	  0.0	0.884	0.171	0.171
140	  H	  2.9	  0.0	0.884	0.000	0.000
141	  T	  4.5	  0.0	0.000	0.000	0.000
142	  K	  3.2	  0.0	0.000	0.000	0.000
143	  Y	  2.2	  0.5	0.000	0.000	0.000
144	  P	  0.1	  0.5	0.000	0.000	0.000
145	  Q	  1.2	  0.5	0.000	0.000	0.000
146	  L	  1.3	  0.5	0.000	0.000	0.000
147	  L	  1.3	  0.8	0.000	0.000	0.000
148	  P	  0.1	  0.8	0.000	0.000	0.000
149	  G	  0.1	  0.8	0.000	0.000	0.000
150	  I	  2.5	  0.9	0.000	0.000	0.000
151	  R	  2.7	  0.2	0.000	0.000	0.000
152	  G	  2.7	  0.1	0.000	0.000	0.000
153	  I	  0.5	  0.1	0.000	0.000	0.000
154	  S	  0.3	  0.1	0.000	0.000	0.000
155	  E	  0.3	  0.1	0.000	0.000	0.000
156	  E	  0.2	  0.2	0.000	0.000	0.000
157	  T	  2.0	  0.2	0.000	0.000	0.000
158	  T	  2.1	  0.2	0.000	0.000	0.000
159	  T	  2.0	  0.2	0.000	0.000	0.000
160	  G	  0.2	  0.2	0.000	0.000	0.000
161	  V	  1.8	  0.1	0.000	0.000	0.000
162	  H	  2.0	  0.1	0.000	0.000	0.000
163	  N	  2.5	  0.1	1.260	0.000	0.000
164	  L	  1.0	  0.1	1.260	0.000	0.000
165	  Y	  2.2	  0.0	1.260	0.000	0.000
166	  K	  2.0	  0.0	1.260	0.000	0.000
167	  M	  2.1	  0.0	1.260	0.000	0.000
168	  M	  0.7	  0.8	1.260	0.000	0.000
169	  A	  0.4	  2.3	1.130	0.000	0.000
170	  N	  0.1	  2.3	1.130	0.000	0.000
171	  G	  0.0	  2.3	0.642	0.000	0.000
172	  I	  0.9	  1.5	0.000	0.000	0.000
173	  L	  3.7	  0.0	0.000	0.000	0.000
174	  K	  3.9	  0.0	0.000	0.000	0.000
175	  V	  3.1	  0.0	0.000	0.000	0.000
176	  P	  0.2	  0.0	0.000	0.000	0.000
177	  A	  0.3	  0.0	0.000	0.000	0.000
178	  I	 10.4	  0.0	0.000	0.000	0.000
179	  N	 11.8	  0.5	0.000	0.000	0.000
180	  V	 12.0	  0.5	0.000	0.000	0.000
181	  N	  2.1	  0.7	0.000	0.000	0.000
182	  D	  0.6	  0.7	0.407	0.000	0.000
183	  S	  3.8	  0.3	0.407	0.000	0.000
184	  V	  5.6	  0.3	0.407	0.000	0.000
185	  T	  8.7	  0.1	0.407	0.000	0.000
186	  K	  5.6	  0.2	0.407	0.000	0.000
187	  S	  4.1	  0.2	0.545	0.000	0.000
188	  K	  1.5	  0.3	0.137	0.000	0.000
189	  F	  1.3	  0.5	0.137	0.000	0.000
190	  D	  1.0	  0.5	0.137	0.000	0.000
191	  N	  0.9	  0.6	0.137	0.000	0.000
192	  L	  0.7	  0.7	0.137	0.000	0.000
193	  Y	  1.2	  1.1	0.137	0.000	0.000
194	  G	  0.7	  1.1	0.137	0.000	0.000
195	  C	  0.9	  1.1	0.000	0.000	0.000
196	  R	  0.4	  1.0	0.000	0.000	0.000
197	  E	  0.4	  0.2	0.000	0.000	0.000
198	  S	  0.4	  0.2	0.596	0.000	0.000
199	  L	  0.9	  0.3	0.596	0.000	0.000
200	  I	  1.5	  0.7	0.745	0.000	0.000
201	  D	  1.2	  0.7	0.893	0.000	0.000
202	  G	  0.8	  0.7	0.893	0.000	0.000
203	  I	  2.3	  0.6	0.893	0.000	0.000
204	  K	  2.5	  0.1	0.893	0.000	0.000
205	  R	  2.6	  0.0	0.758	0.000	0.000
206	  A	  0.5	  0.1	0.758	0.095	0.095
207	  T	  0.7	  0.1	0.175	0.702	0.702
208	  D	  0.6	  0.1	0.683	2.191	2.191
209	  V	  4.0	  0.1	0.802	3.676	3.676
210	  M	  4.3	  0.0	0.802	3.676	3.676
211	  I	  5.3	  0.2	0.802	3.676	3.676
212	  A	  1.9	  0.3	0.802	3.676	3.676
213	  G	  1.2	  0.3	0.802	3.676	3.676
214	  K	  2.1	  0.3	0.397	2.738	2.738
215	  V	  8.9	  0.0	0.000	47.946	47.946
216	  A	  9.6	  0.0	0.000	50.732	50.732
217	  V	 11.8	  0.0	0.000	51.125	51.125
218	  V	  5.6	  0.3	0.000	51.062	51.062
219	  A	  4.7	  0.3	0.000	50.160	50.160
220	  G	  0.6	  0.4	0.000	36.622	36.622
221	  Y	  0.1	  2.3	0.000	35.373	35.373
222	  G	  0.1	  2.0	0.000	3.348	3.348
223	  D	  0.1	  2.5	0.000	0.548	0.548
224	  V	  0.1	  2.7	0.000	0.548	0.548
225	  G	  0.1	  1.9	0.000	0.000	0.000
226	  K	  0.1	  2.0	0.000	0.000	0.000
227	  G	  0.2	  1.4	0.154	0.000	0.000
228	  C	  1.2	  1.3	0.910	0.000	0.000
229	  A	  1.2	  0.3	0.910	0.000	0.000
230	  Q	  1.2	  0.2	0.910	0.000	0.000
231	  A	  0.5	  0.2	0.910	0.000	0.000
232	  L	  0.7	  0.4	0.910	0.000	0.000
233	  R	  0.6	  0.4	0.910	0.000	0.000
234	  G	  0.4	  0.6	0.725	0.000	0.000
235	  F	  0.3	  0.9	0.167	1.103	1.103
236	  G	  0.2	  0.5	0.000	1.103	1.103
237	  A	  0.5	  0.5	0.000	1.238	1.238
238	  R	  3.2	  0.3	0.000	1.398	1.398
239	  V	 10.0	  0.0	0.000	1.398	1.398
240	  I	 13.7	  0.0	0.000	1.398	1.398
241	  I	 11.5	  0.0	0.000	1.398	1.398
242	  T	  5.0	  0.0	0.000	1.398	1.398
243	  E	  5.8	  0.0	0.000	1.398	1.398
244	  I	  5.4	  0.0	0.000	1.398	1.398
245	  D	  5.3	  0.0	3.345	0.000	0.000
246	  P	  0.3	  0.0	3.345	0.000	0.000
247	  I	  1.0	  0.0	3.345	0.000	0.000
248	  N	  1.0	  0.0	4.535	0.000	0.000
249	  A	  1.2	  0.0	4.535	0.000	0.000
250	  L	  0.5	  0.0	4.535	0.000	0.000
251	  Q	  0.6	  0.0	3.706	0.000	0.000
252	  A	  0.5	  0.0	2.704	0.000	0.000
253	  A	  0.3	  0.0	2.450	0.000	0.000
254	  M	  0.2	  0.6	1.997	0.000	0.000
255	  E	  0.1	  0.6	1.382	0.000	0.000
256	  G	  0.1	  0.6	1.034	0.000	0.000
257	  Y	  8.7	  0.6	0.570	0.000	0.000
258	  E	 13.5	  0.0	0.000	0.000	0.000
259	  V	 15.1	  0.0	0.000	0.000	0.000
260	  T	  7.9	  0.0	0.000	0.000	0.000
261	  T	  4.0	  0.1	0.000	0.000	0.000
262	  M	  2.3	  0.2	0.000	0.000	0.000
263	  D	  1.5	  0.3	0.132	0.000	0.000
264	  E	  0.1	  0.3	0.132	0.000	0.000
265	  A	  0.2	  0.2	0.132	0.000	0.000
266	  C	  0.7	  0.4	0.132	0.000	0.000
267	  Q	  0.6	  0.4	0.132	0.000	0.000
268	  E	  0.5	  1.0	0.132	0.000	0.000
269	  G	  0.0	  1.0	0.000	0.000	0.000
270	  N	  2.2	  0.7	0.000	1.000	1.000
271	  I	  3.8	  0.6	0.000	36.773	36.773
272	  F	  4.6	  0.0	0.000	38.053	38.053
273	  V	  4.3	  0.0	0.000	38.053	38.053
274	  T	  4.4	  0.1	0.000	38.053	38.053
275	  T	  3.6	  0.3	0.000	37.532	37.532
276	  T	  1.8	  0.4	0.000	15.492	15.492
277	  G	  0.2	  0.4	0.000	2.248	2.248
278	  C	  3.1	  0.3	0.337	1.072	1.072
279	  I	  8.2	  0.1	0.337	0.989	0.989
280	  D	  9.6	  0.0	0.635	0.000	0.000
281	  I	 12.2	  0.0	0.635	0.000	0.000
282	  I	  8.1	  0.0	0.635	0.000	0.000
283	  L	  6.5	  0.2	0.635	0.000	0.000
284	  G	  1.1	  0.3	0.635	0.000	0.000
285	  R	  1.7	  0.3	0.451	0.000	0.000
286	  H	  5.3	  0.3	0.000	0.000	0.000
287	  F	  6.4	  0.2	0.000	0.000	0.000
288	  E	  4.8	  0.2	0.000	0.000	0.000
289	  Q	  2.2	  0.2	0.000	0.000	0.000
290	  M	  1.3	  0.5	0.000	0.000	0.000
291	  K	  1.3	  0.6	0.000	0.000	0.000
292	  D	  0.2	  0.6	0.000	0.000	0.000
293	  D	  0.1	  0.6	0.000	0.000	0.000
294	  A	  0.7	  0.3	0.000	0.000	0.000
295	  I	  3.4	  0.0	0.000	0.246	0.246
296	  V	  4.2	  0.0	0.000	0.246	0.246
297	  C	  5.2	  0.0	0.000	0.246	0.246
298	  N	  2.5	  0.3	0.000	0.246	0.246
299	  I	  1.7	  0.7	0.000	0.246	0.246
300	  G	  0.1	  0.7	0.000	0.000	0.000
301	  H	  2.3	  0.7	0.000	0.000	0.000
302	  F	  5.5	  0.4	0.000	0.000	0.000
303	  D	  7.5	  0.0	0.104	0.000	0.000
304	  V	 12.1	  0.0	0.104	0.000	0.000
305	  E	 11.5	  0.0	0.104	0.000	0.000
306	  I	 15.4	  0.0	0.104	0.000	0.000
307	  D	 10.2	  0.0	1.069	0.000	0.000
308	  V	  9.5	  0.0	1.069	0.000	0.000
309	  K	  3.8	  0.0	1.069	0.000	0.000
310	  W	  3.0	  0.0	0.965	0.000	0.000
311	  L	  0.8	  0.0	0.965	0.000	0.000
312	  N	  0.6	  2.6	1.115	0.000	0.000
313	  E	  0.0	  2.6	0.895	0.000	0.000
314	  N	  0.1	  2.6	1.104	0.000	0.000
315	  A	  0.4	  2.6	0.620	0.000	0.000
316	  V	  1.4	  0.0	0.620	0.000	0.000
317	  E	  1.4	  0.0	0.620	0.000	0.000
318	  K	  2.8	  0.0	0.470	0.000	0.000
319	  V	  8.8	  0.0	0.470	0.000	0.000
320	  N	 12.5	  0.0	0.470	0.000	0.000
321	  I	 11.3	  0.0	0.200	0.000	0.000
322	  K	  4.7	  0.1	0.200	0.000	0.000
323	  P	  0.4	  0.1	0.000	0.000	0.000
324	  Q	  0.4	  0.1	0.000	0.000	0.000
325	  V	  0.6	  0.2	0.158	0.000	0.000
326	  D	  0.7	  0.0	4.844	0.000	0.000
327	  R	  1.3	  0.0	5.156	0.000	0.000
328	  Y	  2.9	  0.1	5.156	0.000	0.000
329	  R	  3.2	  0.0	5.156	0.000	0.000
330	  L	  2.3	  0.5	5.156	0.000	0.000
331	  K	  0.5	  5.3	5.156	0.000	0.000
332	  N	  0.2	  5.4	4.383	0.000	0.000
333	  G	  0.0	  5.5	2.060	0.000	0.000
334	  R	  1.5	  5.0	0.689	0.000	0.000
335	  R	  6.4	  0.2	0.144	0.000	0.000
336	  I	 11.8	  0.0	0.144	63.632	63.632
337	  I	 13.1	  0.0	0.144	63.632	63.632
338	  L	  8.5	  0.0	0.144	63.632	63.632
339	  L	  3.1	  0.2	0.144	63.632	63.632
340	  A	  0.2	  0.7	0.362	63.632	63.632
341	  E	  0.0	  0.9	0.362	0.000	0.000
342	  G	  0.0	  1.0	0.479	0.000	0.000
343	  R	  0.6	  0.8	0.479	0.000	0.000
344	  L	  1.3	  0.3	0.479	0.000	0.000
345	  V	  4.8	  0.0	0.479	0.000	0.000
346	  N	  4.2	  0.4	0.900	0.000	0.000
347	  L	  3.6	  0.6	0.900	0.000	0.000
348	  G	  0.3	  0.6	1.042	0.000	0.000
349	  C	  1.0	  0.8	0.562	0.000	0.000
350	  A	  1.0	  0.6	0.562	0.000	0.000
351	  M	  1.0	  0.4	0.562	0.000	0.000
352	  G	  0.3	  0.4	0.562	0.000	0.000
353	  H	  0.2	  1.2	0.392	0.000	0.000
354	  P	  0.0	  1.0	0.000	0.000	0.000
355	  S	  0.9	  1.0	0.000	0.141	0.141
356	  F	  2.7	  1.0	0.000	0.141	0.141
357	  V	  5.9	  0.0	0.000	0.141	0.141
358	  M	  5.0	  0.2	0.000	0.141	0.141
359	  S	  3.3	  0.4	0.000	0.141	0.141
360	  N	  1.1	  0.4	0.134	0.000	0.000
361	  S	  8.7	  0.4	0.134	0.000	0.000
362	  F	 10.6	  0.3	0.134	0.000	0.000
363	  T	 10.2	  0.1	0.134	0.000	0.000
364	  N	  2.8	  0.1	0.249	0.000	0.000
365	  Q	  1.2	  0.1	0.249	0.000	0.000
366	  V	  1.9	  0.0	0.115	0.000	0.000
367	  M	  1.8	  0.0	0.115	0.000	0.000
368	  A	  1.6	  0.0	0.115	0.000	0.000
369	  Q	  3.1	  0.0	0.115	0.000	0.000
370	  I	  5.7	  0.0	0.000	0.000	0.000
371	  E	  5.5	  0.0	0.000	0.000	0.000
372	  L	  3.1	  0.0	0.000	0.000	0.000
373	  W	  4.2	  0.0	0.000	0.000	0.000
374	  T	  4.2	  0.0	0.000	0.000	0.000
375	  H	  4.0	  2.1	0.000	0.000	0.000
376	  P	  0.2	  2.2	0.000	0.000	0.000
377	  D	  0.2	  2.2	0.000	0.000	0.000
378	  K	  0.2	  2.2	0.000	0.000	0.000
379	  Y	  0.3	  0.0	0.000	0.000	0.000
380	  P	  0.1	  0.0	0.000	0.000	0.000
381	  V	  0.4	  0.0	0.000	0.000	0.000
382	  G	  0.4	  0.0	0.000	0.000	0.000
383	  V	  5.0	  0.0	0.000	0.000	0.000
384	  H	  7.9	  0.0	0.000	0.000	0.000
385	  F	  8.0	  0.0	0.000	0.000	0.000
386	  L	  3.6	  0.1	0.000	0.000	0.000
387	  P	  0.2	  0.2	0.000	0.000	0.000
388	  K	  0.1	  0.2	0.000	0.000	0.000
389	  K	  0.7	  0.4	0.000	0.000	0.000
390	  L	  0.7	  0.3	0.000	0.000	0.000
391	  D	  0.7	  0.3	1.403	0.000	0.000
392	  E	  0.1	  0.2	1.403	0.000	0.000
393	  A	  0.4	  0.1	1.403	0.000	0.000
394	  V	  1.2	  0.0	1.403	0.000	0.000
395	  A	  1.2	  0.0	1.403	0.000	0.000
396	  E	  1.3	  0.0	1.403	0.000	0.000
397	  A	  0.8	  0.1	1.096	0.000	0.000
398	  H	  0.9	  0.4	0.784	0.000	0.000
399	  L	  0.4	  0.4	0.340	0.000	0.000
400	  G	  0.2	  0.5	0.448	0.000	0.000
401	  K	  0.7	  0.5	0.287	0.000	0.000
402	  L	  3.7	  0.1	0.108	0.000	0.000
403	  N	  6.0	  0.1	0.108	0.000	0.000
404	  V	 12.4	  0.0	0.108	0.000	0.000
405	  K	 11.2	  0.0	0.108	0.000	0.000
406	  L	  9.3	  0.0	0.000	0.000	0.000
407	  T	  3.4	  0.1	0.000	0.000	0.000
408	  K	  3.0	  0.0	0.000	0.000	0.000
409	  L	  2.7	  0.1	0.000	0.000	0.000
410	  T	  2.1	  0.1	1.798	0.000	0.000
411	  E	  0.5	  0.1	1.798	0.000	0.000
412	  K	  0.6	  0.1	1.798	0.000	0.000
413	  Q	  0.5	  0.1	1.798	0.000	0.000
414	  A	  0.7	  0.1	1.798	0.000	0.000
415	  Q	  1.6	  0.0	1.798	0.000	0.000
416	  Y	  1.7	  0.2	1.334	0.000	0.000
417	  L	  1.5	  0.2	0.966	0.000	0.000
418	  G	  0.4	  0.3	0.840	0.000	0.000
419	  M	  7.2	  0.4	0.257	0.000	0.000
420	  S	 13.6	  1.6	0.000	0.000	0.000
421	  C	 13.7	  1.6	0.000	0.000	0.000
422	  D	  6.9	  1.5	0.000	0.000	0.000
423	  G	  0.1	  1.6	0.000	0.000	0.000
424	  P	  0.0	  0.2	0.000	0.000	0.000
425	  F	  0.2	  0.2	0.000	0.000	0.000
426	  K	  0.2	  1.6	0.000	0.000	0.000
427	  P	  0.2	  1.5	0.000	0.000	0.000
428	  D	  0.3	  1.5	0.000	0.000	0.000
429	  H	  3.5	  1.5	0.000	0.000	0.000
430	  Y	  6.3	  0.1	0.000	0.000	0.000
431	  R	  6.0	  0.0	0.000	0.000	0.000
432	  Y	  2.9	  0.0	0.000	0.000	0.000
