res	aa	Beta	Turn	Helix	Aggregation	Conc-Stab_Aggregation
01	  M	  0.0	  0.0	0.000	0.000	0.000
02	  G	  0.1	  0.0	0.000	0.000	0.000
03	  K	  0.9	  0.0	0.000	0.000	0.000
04	  I	  1.5	  0.1	0.000	0.000	0.000
05	  S	  1.7	  0.1	0.000	0.000	0.000
06	  S	  1.0	  0.1	0.000	0.000	0.000
07	  L	  0.3	  0.2	0.000	0.000	0.000
08	  P	  0.1	  0.2	0.000	0.000	0.000
09	  T	  0.9	  0.2	0.000	0.000	0.000
10	  Q	  2.0	  0.2	0.000	0.000	0.000
11	  L	  2.1	  0.1	0.000	0.000	0.000
12	  F	  5.3	  0.1	0.000	0.000	0.000
13	  K	  7.2	  0.1	0.000	0.000	0.000
14	  C	 12.6	  0.1	0.000	0.000	0.000
15	  C	 11.7	  0.1	0.000	0.000	0.000
16	  F	  9.9	  0.1	0.000	0.000	0.000
17	  C	  4.8	  0.1	0.256	0.000	0.000
18	  D	  1.8	  0.1	0.802	0.000	0.000
19	  F	  1.1	  0.1	0.802	0.000	0.000
20	  L	  2.4	  0.0	0.802	0.000	0.000
21	  K	  6.4	  0.0	0.802	0.000	0.000
22	  V	 12.6	  0.0	0.802	0.000	0.000
23	  K	 11.6	  0.0	0.802	0.000	0.000
24	  M	  7.9	  0.0	0.340	0.000	0.000
25	  H	  1.9	  0.0	0.232	0.000	0.000
26	  T	  7.1	  0.0	0.000	0.021	0.021
27	  M	  7.3	  0.1	0.000	0.060	0.060
28	  S	  7.2	  0.9	0.000	0.097	0.097
29	  S	  1.5	  1.0	0.000	0.401	0.401
30	  S	  1.3	  1.0	0.000	2.859	2.859
31	  H	  0.9	  0.9	0.128	22.710	22.710
32	  L	  1.3	  0.1	0.128	86.594	86.594
33	  F	  2.2	  0.0	0.269	98.260	98.260
34	  Y	  2.3	  0.0	0.269	99.310	99.310
35	  L	  2.0	  0.0	0.269	99.614	99.614
36	  A	  1.1	  0.0	0.269	99.664	99.664
37	  L	  1.4	  0.0	0.269	99.560	99.560
38	  C	  2.0	  0.0	0.269	98.511	98.511
39	  L	  2.1	  0.0	0.269	98.300	98.300
40	  L	  4.5	  0.0	0.269	97.030	97.030
41	  T	 22.0	  0.0	0.000	90.087	90.087
42	  F	 24.3	  0.0	0.000	85.952	85.952
43	  T	 22.2	  0.1	0.000	35.232	35.232
44	  S	  4.0	  0.2	0.581	5.029	5.029
45	  S	  1.8	  0.3	0.581	1.281	1.281
46	  A	  0.8	  0.3	0.581	0.817	0.817
47	  T	  0.9	  0.2	0.581	0.425	0.425
48	  A	  0.2	  0.2	0.581	0.192	0.192
49	  G	  0.1	  0.3	0.836	0.000	0.000
50	  P	  0.0	  0.4	0.255	0.000	0.000
51	  E	  0.0	  0.4	0.255	0.000	0.000
52	  T	  1.4	  0.3	0.255	0.000	0.000
53	  L	  1.5	  0.1	0.255	0.000	0.000
54	  C	  1.9	  0.1	0.255	0.000	0.000
55	  G	  0.6	  0.1	0.344	0.000	0.000
56	  A	  0.5	  0.1	0.344	0.000	0.000
57	  E	  0.2	  0.1	0.344	0.000	0.000
58	  L	  0.7	  0.0	0.344	0.000	0.000
59	  V	  1.2	  0.0	0.344	0.000	0.000
60	  D	  1.2	  0.1	0.344	0.000	0.000
61	  A	  0.8	  0.1	0.344	0.541	0.541
62	  L	  1.8	  0.1	0.344	0.541	0.541
63	  Q	  3.4	  0.1	0.344	0.541	0.541
64	  F	  5.4	  0.0	0.166	0.541	0.541
65	  V	  4.2	  0.0	0.000	0.541	0.541
66	  C	  2.6	  0.7	0.000	0.000	0.000
67	  G	  0.4	  0.9	0.000	0.000	0.000
68	  D	  0.1	  1.1	0.000	0.000	0.000
69	  R	  0.1	  1.1	0.000	0.000	0.000
70	  G	  0.2	  0.4	0.000	0.000	0.000
71	  F	  1.6	  0.2	0.000	0.000	0.000
72	  Y	  3.5	  0.0	0.000	0.000	0.000
73	  F	  4.9	  0.0	0.000	0.000	0.000
74	  N	  3.5	  0.0	0.000	0.000	0.000
75	  K	  1.4	  0.7	0.000	0.000	0.000
76	  P	  0.0	  0.8	0.000	0.000	0.000
77	  T	  0.1	  0.8	0.000	0.000	0.000
78	  G	  0.1	  1.0	0.000	0.000	0.000
79	  Y	  0.2	  1.9	0.000	0.000	0.000
80	  G	  0.2	  1.9	0.000	0.000	0.000
81	  S	  1.1	  2.8	0.000	0.000	0.000
82	  S	  1.3	  2.7	0.000	0.000	0.000
83	  S	  1.8	  1.2	0.000	0.000	0.000
84	  R	  1.2	  1.0	0.000	0.000	0.000
85	  R	  0.9	  0.2	0.000	0.000	0.000
86	  A	  0.4	  0.2	0.000	0.000	0.000
87	  P	  0.0	  0.4	0.000	0.000	0.000
88	  Q	  0.0	  0.4	0.000	0.000	0.000
89	  T	  0.1	  0.5	0.000	0.000	0.000
90	  G	  0.1	  0.3	0.000	0.000	0.000
91	  I	  1.0	  0.1	0.000	0.000	0.000
92	  V	  1.1	  0.1	0.000	0.000	0.000
93	  D	  1.1	  0.2	0.304	0.000	0.000
94	  E	  1.3	  0.2	0.304	0.000	0.000
95	  C	  6.7	  0.2	0.304	0.000	0.000
96	  C	  9.6	  0.2	0.304	0.000	0.000
97	  F	 10.1	  0.1	0.304	0.000	0.000
98	  R	  4.8	  0.2	0.304	0.000	0.000
99	  S	  8.0	  0.6	0.166	0.000	0.000
100	  C	  6.7	  0.6	0.244	0.000	0.000
101	  D	  6.9	  0.5	4.365	0.000	0.000
102	  L	  1.0	  0.5	4.365	0.000	0.000
103	  R	  0.8	  0.1	4.365	0.000	0.000
104	  R	  0.9	  0.0	4.365	0.000	0.000
105	  L	  1.4	  0.0	4.365	0.000	0.000
106	  E	  1.2	  0.0	4.365	0.000	0.000
107	  M	  2.9	  0.0	3.070	0.000	0.000
108	  Y	  8.4	  0.0	1.648	0.000	0.000
109	  C	  8.3	  0.0	0.723	0.000	0.000
110	  A	  6.4	  0.1	0.417	0.000	0.000
111	  P	  0.2	  0.1	0.000	0.000	0.000
112	  L	  0.1	  0.1	0.000	0.000	0.000
113	  K	  0.1	  0.1	0.000	0.000	0.000
114	  P	  0.1	  0.0	0.000	0.000	0.000
115	  A	  0.1	  0.1	0.000	0.000	0.000
116	  K	  0.5	  0.1	0.000	0.000	0.000
117	  S	  1.2	  0.1	0.150	0.000	0.000
118	  A	  1.3	  0.2	0.150	0.000	0.000
119	  R	  1.7	  0.1	0.150	0.000	0.000
120	  S	  4.7	  0.1	0.275	0.000	0.000
121	  V	  5.7	  0.1	0.275	0.000	0.000
122	  R	  5.0	  0.0	0.275	0.000	0.000
123	  A	  1.5	  0.0	0.275	0.000	0.000
124	  Q	  0.5	  0.1	0.275	0.000	0.000
125	  R	  1.1	  0.1	0.125	0.000	0.000
126	  H	  1.4	  0.2	0.000	0.000	0.000
127	  T	  1.4	  0.2	0.000	0.000	0.000
128	  D	  0.7	  0.2	0.000	0.000	0.000
129	  M	  0.3	  0.2	0.000	0.000	0.000
130	  P	  0.0	  0.1	0.000	0.000	0.000
131	  K	  0.4	  0.1	0.000	0.000	0.000
132	  T	  2.4	  0.1	0.000	0.000	0.000
133	  Q	  3.1	  0.1	0.000	0.000	0.000
134	  K	  4.7	  0.1	0.000	0.000	0.000
135	  Y	  2.8	  0.0	0.000	0.000	0.000
136	  Q	  2.0	  0.0	0.000	0.000	0.000
137	  P	  0.0	  0.4	0.000	0.000	0.000
138	  P	  0.0	  0.5	0.000	0.000	0.000
139	  S	  0.7	  1.0	0.000	0.000	0.000
140	  T	  0.9	  1.0	0.000	0.000	0.000
141	  N	  0.9	  2.1	0.246	0.000	0.000
142	  K	  0.7	  2.0	0.246	0.000	0.000
143	  N	  0.9	  1.6	0.246	0.000	0.000
144	  T	  4.2	  1.7	0.246	0.000	0.000
145	  K	  4.1	  0.2	0.246	0.000	0.000
146	  S	  4.3	  0.3	0.246	0.000	0.000
147	  Q	  1.3	  0.3	0.000	0.000	0.000
148	  R	  1.2	  0.3	0.000	0.000	0.000
149	  R	  0.5	  0.6	0.000	0.000	0.000
150	  K	  0.3	  0.6	0.000	0.000	0.000
151	  G	  0.1	  0.5	0.000	0.000	0.000
152	  W	  0.0	  0.5	0.000	0.000	0.000
153	  P	  0.0	  0.2	0.000	0.000	0.000
154	  K	  0.8	  0.2	0.000	0.000	0.000
155	  T	  1.0	  0.2	0.000	0.000	0.000
156	  H	  1.0	  2.4	0.000	0.000	0.000
157	  P	  0.2	  2.5	0.000	0.000	0.000
158	  G	  0.0	  2.6	0.000	0.000	0.000
159	  G	  0.0	  2.7	0.000	0.000	0.000
160	  E	  0.3	  0.4	0.000	0.000	0.000
161	  Q	  0.8	  0.3	0.000	0.000	0.000
162	  K	  0.8	  0.5	0.000	0.000	0.000
163	  E	  0.5	  0.6	0.000	0.000	0.000
164	  G	  0.0	  0.6	0.396	0.000	0.000
165	  T	  0.1	  0.5	1.418	0.000	0.000
166	  E	  0.2	  0.2	1.418	0.000	0.000
167	  A	  0.6	  0.1	1.418	0.000	0.000
168	  S	  1.2	  0.1	2.872	0.000	0.000
169	  L	  2.7	  0.0	2.872	0.000	0.000
170	  Q	  3.4	  0.0	2.872	0.000	0.000
171	  I	  5.0	  0.3	2.453	0.000	0.000
172	  R	  3.5	  0.3	2.453	0.000	0.000
173	  G	  2.3	  0.4	2.441	0.000	0.000
174	  K	  0.1	  0.4	1.637	0.000	0.000
175	  K	  0.3	  0.2	0.154	0.000	0.000
176	  K	  0.4	  0.2	0.154	0.000	0.000
177	  E	  0.4	  0.2	0.154	0.000	0.000
178	  Q	  0.4	  0.2	0.154	0.000	0.000
179	  R	  0.5	  0.1	0.000	0.000	0.000
180	  R	  0.6	  0.1	0.000	0.000	0.000
181	  E	  0.4	  0.1	0.000	0.000	0.000
182	  I	  0.3	  0.7	0.000	0.000	0.000
183	  G	  0.1	  0.8	0.337	0.000	0.000
184	  S	  0.4	  2.1	0.490	0.000	0.000
185	  R	  0.4	  2.1	0.490	0.000	0.000
186	  N	  0.4	  1.7	0.711	0.000	0.000
187	  A	  0.1	  1.6	0.711	0.000	0.000
188	  E	  0.4	  0.3	0.711	0.000	0.000
189	  C	  0.8	  0.8	0.498	0.000	0.000
190	  R	  0.8	  0.6	0.222	0.000	0.000
191	  G	  0.5	  0.8	0.222	0.000	0.000
192	  K	  0.1	  2.2	0.222	0.000	0.000
193	  K	  0.0	  1.6	0.000	0.000	0.000
194	  G	  0.0	  1.6	0.000	0.000	0.000
195	  K	  0.0	  1.4	0.000	0.000	0.000
