res	aa	Beta	Turn	Helix	Aggregation	Conc-Stab_Aggregation
01	  M	  0.1	  0.1	0.000	0.000	0.000
02	  G	  0.1	  0.2	0.000	0.000	0.000
03	  A	  0.4	  0.2	0.000	0.000	0.000
04	  Q	  2.8	  0.2	0.000	0.000	0.000
05	  F	  5.1	  0.2	0.000	0.000	0.000
06	  S	  5.5	  0.2	0.224	0.000	0.000
07	  K	  3.4	  0.2	0.224	0.000	0.000
08	  T	  1.4	  0.2	0.224	0.000	0.000
09	  A	  0.8	  0.3	0.224	0.000	0.000
10	  A	  0.4	  0.6	0.224	0.000	0.000
11	  K	  0.1	  0.7	0.224	0.000	0.000
12	  G	  0.1	  0.7	0.634	0.000	0.000
13	  E	  0.1	  0.5	0.821	0.000	0.000
14	  A	  0.1	  0.1	0.821	0.000	0.000
15	  A	  0.1	  0.0	0.821	0.000	0.000
16	  A	  0.2	  0.0	0.821	0.000	0.000
17	  E	  0.2	  0.0	0.821	0.000	0.000
18	  R	  0.2	  1.4	0.493	0.000	0.000
19	  P	  0.0	  1.5	0.000	0.000	0.000
20	  G	  0.0	  1.5	0.123	0.000	0.000
21	  E	  0.1	  1.5	0.123	0.000	0.000
22	  A	  0.2	  0.1	0.123	0.000	0.000
23	  A	  0.6	  0.0	0.123	0.000	0.000
24	  V	  2.9	  0.0	0.123	0.000	0.000
25	  A	  3.0	  0.0	0.123	0.000	0.000
26	  S	  2.7	  0.0	0.123	0.000	0.000
27	  S	  0.4	  2.9	0.125	0.000	0.000
28	  P	  0.1	  2.9	0.125	0.000	0.000
29	  S	  0.1	  3.0	0.125	0.000	0.000
30	  K	  0.2	  3.8	0.125	0.000	0.000
31	  A	  0.2	  3.6	0.125	0.000	0.000
32	  N	  0.1	  3.6	0.125	0.000	0.000
33	  G	  0.0	  3.6	0.000	0.000	0.000
34	  Q	  0.0	  3.4	0.000	0.000	0.000
35	  E	  0.0	  2.9	0.000	0.000	0.000
36	  N	  0.0	  2.9	0.000	0.000	0.000
37	  G	  0.0	  2.8	0.000	0.000	0.000
38	  H	  1.9	  2.3	0.000	0.000	0.000
39	  V	 17.0	  0.0	0.000	0.000	0.000
40	  K	 18.5	  0.0	0.000	0.000	0.000
41	  V	 16.9	  0.8	0.000	0.000	0.000
42	  N	  2.3	  1.4	0.000	0.000	0.000
43	  G	  0.3	  1.4	0.000	0.000	0.000
44	  D	  0.1	  1.4	0.000	0.000	0.000
45	  A	  0.1	  0.6	0.000	0.000	0.000
46	  S	  0.1	  0.2	1.113	0.000	0.000
47	  P	  0.0	  0.2	1.113	0.000	0.000
48	  A	  0.0	  0.2	1.113	0.000	0.000
49	  A	  0.1	  0.2	1.113	0.000	0.000
50	  A	  0.1	  0.4	1.113	0.000	0.000
51	  E	  0.1	  0.6	1.113	0.000	0.000
52	  S	  0.1	  0.8	0.743	0.000	0.000
53	  G	  0.0	  0.8	1.381	0.000	0.000
54	  A	  0.1	  0.4	1.384	0.000	0.000
55	  K	  0.2	  0.3	1.698	0.000	0.000
56	  E	  0.2	  0.1	2.013	0.000	0.000
57	  E	  0.5	  0.1	2.013	0.000	0.000
58	  L	  0.7	  0.1	2.013	0.000	0.000
59	  Q	  0.7	  0.8	2.013	0.000	0.000
60	  A	  0.4	  1.4	1.777	0.000	0.000
61	  N	  0.1	  1.7	1.777	0.000	0.000
62	  G	  0.3	  1.7	0.162	0.000	0.000
63	  S	  0.4	  0.9	0.000	0.000	0.000
64	  A	  0.4	  0.3	0.000	0.000	0.000
65	  P	  0.1	  0.0	0.000	0.000	0.000
66	  A	  0.0	  0.4	0.000	0.000	0.000
67	  A	  0.0	  0.4	0.000	0.000	0.000
68	  D	  0.1	  0.6	0.000	0.000	0.000
69	  K	  0.5	  0.6	0.000	0.000	0.000
70	  E	  0.5	  0.2	0.000	0.000	0.000
71	  E	  0.5	  0.2	0.316	0.000	0.000
72	  P	  0.0	  0.0	0.316	0.000	0.000
73	  A	  0.0	  0.0	0.316	0.000	0.000
74	  A	  0.1	  0.5	0.316	0.000	0.000
75	  A	  0.1	  1.3	0.316	0.000	0.000
76	  G	  0.1	  1.6	0.316	0.000	0.000
77	  S	  0.0	  1.9	0.127	0.000	0.000
78	  G	  0.1	  1.4	0.000	0.000	0.000
79	  A	  0.2	  0.5	0.000	0.000	0.000
80	  A	  0.3	  0.2	0.000	0.000	0.000
81	  S	  0.3	  3.1	0.353	0.000	0.000
82	  P	  0.1	  3.1	0.353	0.000	0.000
83	  S	  0.1	  3.1	1.133	0.000	0.000
84	  A	  0.1	  3.1	1.133	0.000	0.000
85	  A	  0.2	  0.2	1.133	0.000	0.000
86	  E	  0.1	  0.5	1.133	0.000	0.000
87	  K	  0.2	  0.5	0.954	0.000	0.000
88	  G	  0.1	  0.5	0.780	0.000	0.000
89	  E	  0.1	  0.3	0.463	0.000	0.000
90	  P	  0.0	  0.0	0.263	0.000	0.000
91	  A	  0.0	  0.0	0.263	0.000	0.000
92	  A	  0.1	  0.0	0.263	0.000	0.000
93	  A	  0.2	  0.0	0.263	0.000	0.000
94	  A	  0.2	  0.0	0.263	0.000	0.000
95	  A	  0.1	  0.2	0.263	0.000	0.000
96	  P	  0.0	  0.3	0.000	0.000	0.000
97	  E	  0.0	  0.6	0.000	0.000	0.000
98	  A	  0.0	  0.8	0.000	0.000	0.000
99	  G	  0.0	  0.5	0.000	0.000	0.000
100	  A	  0.1	  0.4	0.000	0.000	0.000
101	  S	  0.1	  0.2	0.364	0.000	0.000
102	  P	  0.0	  0.0	0.364	0.000	0.000
103	  V	  1.2	  0.0	0.364	0.000	0.000
104	  E	  1.3	  0.1	0.364	0.000	0.000
105	  K	  1.6	  0.1	0.364	0.000	0.000
106	  E	  0.5	  0.1	0.364	0.000	0.000
107	  A	  0.3	  0.0	0.136	0.000	0.000
108	  P	  0.0	  0.3	0.000	0.000	0.000
109	  A	  0.0	  0.7	0.000	0.000	0.000
110	  E	  0.0	  0.9	0.000	0.000	0.000
111	  G	  0.0	  0.9	0.000	0.000	0.000
112	  E	  0.1	  0.6	0.000	0.000	0.000
113	  A	  0.1	  0.2	0.000	0.000	0.000
114	  A	  0.1	  0.0	0.000	0.000	0.000
115	  E	  0.1	  1.2	0.000	0.000	0.000
116	  P	  0.0	  1.2	0.000	0.000	0.000
117	  G	  0.0	  1.2	0.000	0.000	0.000
118	  S	  0.0	  1.7	0.000	0.000	0.000
119	  P	  0.0	  0.5	0.000	0.000	0.000
120	  T	  0.3	  0.5	0.179	0.000	0.000
121	  A	  0.3	  0.7	0.179	0.000	0.000
122	  A	  0.3	  0.7	0.179	0.000	0.000
123	  E	  0.0	  0.8	0.179	0.000	0.000
124	  G	  0.0	  0.9	1.144	0.000	0.000
125	  E	  0.1	  0.6	1.144	0.000	0.000
126	  A	  0.2	  0.4	0.965	0.000	0.000
127	  A	  0.3	  0.2	0.965	0.000	0.000
128	  S	  0.4	  0.2	0.965	0.000	0.000
129	  A	  0.4	  0.4	0.965	0.000	0.000
130	  A	  0.3	  0.3	0.732	0.000	0.000
131	  S	  0.6	  0.4	0.504	0.000	0.000
132	  S	  2.7	  0.6	0.165	0.000	0.000
133	  T	  5.0	  0.4	0.000	0.000	0.000
134	  S	  4.7	  0.3	0.000	0.000	0.000
135	  S	  2.6	  0.5	0.122	0.000	0.000
136	  P	  0.0	  0.3	0.122	0.000	0.000
137	  K	  0.3	  0.3	0.122	0.000	0.000
138	  A	  0.3	  1.3	0.122	0.000	0.000
139	  E	  0.3	  1.2	0.122	0.000	0.000
140	  D	  0.0	  1.5	0.122	0.000	0.000
141	  G	  0.0	  1.5	0.000	0.000	0.000
142	  A	  0.1	  0.6	0.000	0.000	0.000
143	  T	  0.2	  0.3	0.000	0.000	0.000
144	  P	  0.1	  0.0	0.000	0.000	0.000
145	  S	  0.1	  3.4	0.000	0.000	0.000
146	  P	  0.0	  3.7	0.000	0.000	0.000
147	  S	  0.0	  3.7	0.000	0.000	0.000
148	  N	  0.0	  3.7	0.000	0.000	0.000
149	  E	  0.0	  0.3	0.000	0.000	0.000
150	  T	  0.0	  0.2	3.801	0.000	0.000
151	  P	  0.0	  0.3	3.801	0.000	0.000
152	  K	  0.1	  0.3	3.801	0.000	0.000
153	  K	  0.1	  0.4	3.801	0.000	0.000
154	  K	  0.2	  0.2	3.801	0.000	0.000
155	  K	  0.2	  0.2	3.801	0.000	0.000
156	  K	  0.4	  0.1	1.207	0.000	0.000
157	  R	  1.3	  0.1	0.441	0.000	0.000
158	  F	  7.8	  0.0	0.290	0.000	0.000
159	  S	  9.1	  0.0	0.000	0.000	0.000
160	  F	  8.5	  0.0	0.000	0.000	0.000
161	  K	  2.1	  0.2	0.000	0.000	0.000
162	  K	  0.9	  0.2	0.000	0.000	0.000
163	  S	  2.1	  0.2	0.000	0.000	0.000
164	  F	  3.4	  0.1	0.000	0.000	0.000
165	  K	  3.5	  0.2	0.000	0.000	0.000
166	  L	  2.0	  0.6	0.000	0.000	0.000
167	  S	  0.6	  0.6	0.000	0.000	0.000
168	  G	  0.2	  0.6	0.000	0.000	0.000
169	  F	  6.8	  0.4	0.000	0.000	0.000
170	  S	  8.3	  0.0	0.000	0.000	0.000
171	  F	  8.6	  0.1	0.000	0.000	0.000
172	  K	  2.1	  0.3	0.000	0.000	0.000
173	  K	  0.6	  0.3	0.000	0.000	0.000
174	  N	  0.2	  0.4	0.000	0.000	0.000
175	  K	  0.3	  0.4	0.000	0.000	0.000
176	  K	  0.4	  0.2	0.000	0.000	0.000
177	  E	  0.4	  0.5	0.000	0.000	0.000
178	  A	  0.2	  0.6	0.000	0.000	0.000
179	  G	  0.0	  1.0	0.000	0.000	0.000
180	  E	  0.0	  1.7	0.000	0.000	0.000
181	  G	  0.0	  1.5	0.000	0.000	0.000
182	  G	  0.0	  1.3	0.000	0.000	0.000
183	  E	  0.1	  0.9	0.000	0.000	0.000
184	  A	  0.1	  0.1	0.000	0.000	0.000
185	  E	  0.1	  0.0	0.000	0.000	0.000
186	  A	  0.1	  0.0	0.000	0.000	0.000
187	  P	  0.0	  0.0	0.000	0.000	0.000
188	  A	  0.0	  0.2	0.000	0.000	0.000
189	  A	  0.0	  0.5	0.000	0.000	0.000
190	  E	  0.0	  2.9	0.000	0.000	0.000
191	  G	  0.0	  3.0	0.000	0.000	0.000
192	  G	  0.0	  3.1	0.000	0.000	0.000
193	  K	  0.1	  2.8	0.000	0.000	0.000
194	  D	  0.1	  0.6	0.274	0.000	0.000
195	  E	  0.1	  0.5	0.274	0.000	0.000
196	  A	  0.1	  0.4	0.274	0.000	0.000
197	  A	  0.1	  0.7	0.274	0.000	0.000
198	  G	  0.0	  0.7	0.274	0.000	0.000
199	  G	  0.1	  0.7	2.155	0.000	0.000
200	  A	  0.1	  0.4	1.881	0.000	0.000
201	  A	  0.1	  0.1	1.881	0.000	0.000
202	  A	  0.1	  0.0	1.881	0.000	0.000
203	  A	  0.1	  0.0	1.881	0.000	0.000
204	  A	  0.1	  0.0	1.881	0.000	0.000
205	  A	  0.1	  0.1	1.582	0.000	0.000
206	  E	  0.1	  0.3	1.278	0.000	0.000
207	  A	  0.0	  0.4	0.792	0.000	0.000
208	  G	  0.1	  0.4	0.550	0.000	0.000
209	  A	  0.2	  0.8	0.194	0.000	0.000
210	  A	  0.2	  0.8	0.000	0.000	0.000
211	  S	  0.2	  0.9	0.000	0.000	0.000
212	  G	  0.1	  1.0	0.238	0.000	0.000
213	  E	  0.1	  0.5	0.238	0.000	0.000
214	  Q	  0.1	  0.3	0.238	0.000	0.000
215	  A	  0.2	  0.1	0.238	0.000	0.000
216	  A	  0.2	  0.0	0.238	0.000	0.000
217	  A	  0.1	  1.5	0.238	0.000	0.000
218	  P	  0.0	  1.6	0.000	0.000	0.000
219	  G	  0.0	  1.7	0.517	0.000	0.000
220	  E	  0.0	  1.7	0.517	0.000	0.000
221	  E	  0.1	  0.2	0.517	0.000	0.000
222	  A	  0.1	  0.1	0.517	0.000	0.000
223	  A	  0.1	  0.4	0.517	0.000	0.000
224	  A	  0.1	  0.5	0.517	0.000	0.000
225	  G	  0.0	  0.7	0.352	0.000	0.000
226	  E	  0.0	  1.0	0.137	0.000	0.000
227	  E	  0.0	  0.8	0.000	0.000	0.000
228	  G	  0.0	  0.9	0.000	0.000	0.000
229	  A	  0.1	  0.8	0.000	0.000	0.000
230	  A	  0.1	  0.7	0.000	0.000	0.000
231	  G	  0.0	  0.6	0.000	0.000	0.000
232	  G	  0.0	  0.4	0.000	0.000	0.000
233	  D	  0.0	  0.7	0.923	0.000	0.000
234	  P	  0.0	  0.6	0.923	0.000	0.000
235	  Q	  0.0	  0.7	0.923	0.000	0.000
236	  E	  1.0	  0.7	0.923	0.000	0.000
237	  A	  1.0	  0.1	0.923	0.000	0.000
238	  K	  1.0	  0.2	0.923	0.000	0.000
239	  P	  0.0	  0.2	0.000	0.000	0.000
240	  Q	  0.0	  0.2	0.000	0.000	0.000
241	  E	  0.1	  0.2	0.000	0.000	0.000
242	  A	  0.2	  0.1	0.000	0.000	0.000
243	  A	  1.2	  0.0	0.000	0.000	0.000
244	  V	  1.6	  0.0	0.000	0.000	0.000
245	  A	  1.4	  0.2	0.000	0.000	0.000
246	  P	  0.5	  0.2	0.000	0.000	0.000
247	  E	  0.0	  0.2	0.000	0.000	0.000
248	  K	  0.0	  0.2	0.000	0.000	0.000
249	  P	  0.0	  0.0	0.000	0.000	0.000
250	  P	  0.0	  0.3	0.000	0.000	0.000
251	  A	  0.0	  0.5	0.000	0.000	0.000
252	  S	  0.0	  0.5	2.048	0.000	0.000
253	  D	  0.0	  0.8	2.772	0.000	0.000
254	  E	  0.5	  0.6	2.772	0.000	0.000
255	  T	  1.0	  0.4	3.151	0.000	0.000
256	  K	  1.1	  0.3	3.151	0.000	0.000
257	  A	  0.7	  0.0	3.151	0.000	0.000
258	  A	  0.2	  0.0	2.754	0.000	0.000
259	  E	  0.0	  0.0	2.454	0.000	0.000
260	  E	  0.0	  0.2	1.391	0.000	0.000
261	  P	  0.0	  0.3	0.000	0.000	0.000
262	  S	  0.4	  0.3	0.612	0.000	0.000
263	  K	  7.7	  0.3	0.612	0.000	0.000
264	  V	  8.3	  0.1	0.612	0.000	0.000
265	  E	  8.1	  0.1	0.923	0.000	0.000
266	  E	  1.1	  0.1	1.456	0.000	0.000
267	  K	  0.6	  0.1	1.456	0.000	0.000
268	  K	  0.8	  0.1	0.993	0.000	0.000
269	  A	  0.4	  0.1	0.843	0.000	0.000
270	  E	  0.3	  0.1	0.843	0.000	0.000
271	  E	  0.0	  0.3	0.843	0.000	0.000
272	  A	  0.0	  0.5	0.476	0.000	0.000
273	  G	  0.0	  0.7	0.477	0.000	0.000
274	  A	  0.2	  0.7	0.136	0.000	0.000
275	  S	  0.3	  0.5	0.418	0.000	0.000
276	  A	  0.3	  0.3	0.418	0.000	0.000
277	  A	  0.2	  0.0	0.418	0.000	0.000
278	  A	  0.2	  0.0	0.418	0.000	0.000
279	  C	  9.4	  0.0	0.418	0.000	0.000
280	  E	  9.4	  0.0	0.282	0.000	0.000
281	  A	  9.3	  0.4	0.124	0.000	0.000
282	  P	  0.0	  0.4	0.000	0.000	0.000
283	  S	  0.1	  0.6	0.000	0.000	0.000
284	  A	  0.1	  0.6	0.000	0.000	0.000
285	  A	  0.1	  0.3	0.000	0.000	0.000
286	  G	  0.0	  2.3	0.000	0.000	0.000
287	  P	  0.0	  2.2	0.000	0.000	0.000
288	  G	  0.0	  2.2	0.000	0.000	0.000
289	  A	  0.0	  2.0	0.000	0.000	0.000
290	  P	  0.0	  0.2	0.000	0.000	0.000
291	  P	  0.0	  0.3	0.000	0.000	0.000
292	  E	  0.0	  0.3	0.000	0.000	0.000
293	  Q	  0.1	  0.4	0.000	0.000	0.000
294	  E	  0.2	  0.1	0.000	0.000	0.000
295	  A	  0.2	  0.1	0.000	0.000	0.000
296	  A	  0.1	  0.0	0.000	0.000	0.000
297	  P	  0.0	  0.0	0.000	0.000	0.000
298	  A	  0.0	  0.0	0.000	0.000	0.000
299	  E	  0.0	  0.0	0.000	0.000	0.000
300	  E	  0.0	  0.0	1.158	0.000	0.000
301	  P	  0.0	  0.0	1.756	0.000	0.000
302	  A	  0.0	  0.0	1.941	0.000	0.000
303	  A	  0.1	  0.0	1.941	0.000	0.000
304	  A	  0.1	  0.0	1.941	0.000	0.000
305	  A	  0.2	  0.1	1.941	0.000	0.000
306	  A	  0.3	  0.3	1.715	0.000	0.000
307	  S	  0.3	  0.3	1.374	0.000	0.000
308	  S	  0.5	  0.3	0.449	0.000	0.000
309	  A	  0.5	  0.2	0.124	0.000	0.000
310	  C	  4.2	  0.1	0.124	0.000	0.000
311	  A	  4.0	  0.0	0.124	0.000	0.000
312	  A	  3.9	  0.4	0.124	0.000	0.000
313	  P	  0.0	  0.4	0.000	0.000	0.000
314	  S	  0.3	  0.5	0.000	0.000	0.000
315	  Q	  0.3	  0.5	0.000	0.000	0.000
316	  E	  0.6	  0.2	0.000	0.000	0.000
317	  A	  0.3	  0.1	0.000	0.000	0.000
318	  Q	  0.3	  0.3	0.000	0.000	0.000
319	  P	  0.0	  0.3	0.000	0.000	0.000
320	  E	  1.1	  0.3	0.000	0.000	0.000
321	  C	  1.3	  0.3	0.000	0.000	0.000
322	  S	  1.3	  0.4	0.000	0.000	0.000
323	  P	  0.2	  0.4	0.000	0.000	0.000
324	  E	  0.0	  0.4	0.000	0.000	0.000
325	  A	  0.0	  0.4	0.000	0.000	0.000
326	  P	  0.0	  0.0	0.000	0.000	0.000
327	  P	  0.0	  0.0	0.000	0.000	0.000
328	  A	  0.0	  0.0	0.000	0.000	0.000
329	  E	  0.1	  0.0	0.000	0.000	0.000
330	  A	  0.1	  0.0	0.000	0.000	0.000
331	  A	  0.1	  0.0	0.000	0.000	0.000
332	  E	  0.0	  0.0	0.000	0.000	0.000
