res	aa	Beta	Turn	Helix	Aggregation	Conc-Stab_Aggregation
01	  M	  0.1	  0.0	0.000	0.000	0.000
02	  E	  0.1	  0.5	0.000	0.000	0.000
03	  P	  0.1	  0.5	0.000	0.000	0.000
04	  N	  0.0	  0.6	0.000	0.000	0.000
05	  S	  0.7	  0.6	0.000	0.000	0.000
06	  L	  2.1	  0.1	0.000	0.000	0.000
07	  Q	  3.2	  0.1	0.000	0.000	0.000
08	  W	  2.7	  0.2	0.000	0.000	0.000
09	  V	  1.5	  0.2	0.000	0.000	0.000
10	  G	  0.4	  0.2	0.000	0.000	0.000
11	  S	  0.3	  0.8	0.000	0.000	0.000
12	  P	  0.0	  0.6	0.000	0.000	0.000
13	  C	  0.2	  0.7	0.000	0.000	0.000
14	  G	  0.2	  0.7	0.000	0.000	0.000
15	  L	  0.4	  0.0	0.000	0.000	0.000
16	  H	  0.2	  0.2	0.000	0.000	0.000
17	  G	  0.2	  0.3	0.140	0.000	0.000
18	  P	  0.0	  0.3	0.140	0.399	0.399
19	  Y	  0.7	  0.3	0.140	0.533	0.533
20	  I	  1.8	  0.2	0.140	0.533	0.533
21	  F	  3.0	  0.0	0.140	0.533	0.533
22	  Y	  3.4	  0.0	0.140	0.533	0.533
23	  K	  2.5	  0.0	0.140	0.134	0.134
24	  A	  1.7	  0.0	0.140	0.134	0.134
25	  F	  6.3	  0.0	0.140	0.134	0.134
26	  Q	  7.8	  0.0	0.140	0.134	0.134
27	  F	  8.7	  0.0	0.000	0.134	0.134
28	  H	  3.6	  0.2	0.000	0.134	0.134
29	  L	  2.0	  0.7	0.000	0.134	0.134
30	  E	  0.5	  0.7	0.000	0.134	0.134
31	  G	  0.1	  0.7	0.000	0.000	0.000
32	  K	  0.0	  0.5	0.000	0.000	0.000
33	  P	  0.0	  0.0	0.000	0.000	0.000
34	  R	  3.0	  0.0	0.000	0.383	0.383
35	  I	  4.4	  0.0	0.000	2.209	2.209
36	  L	  6.2	  0.1	0.000	2.209	2.209
37	  S	  3.3	  0.3	0.225	2.209	2.209
38	  L	  1.9	  2.7	0.225	2.520	2.520
39	  G	  0.2	  2.7	0.225	2.520	2.520
40	  D	  1.0	  2.6	0.225	2.687	2.687
41	  F	  2.3	  2.4	0.225	2.687	2.687
42	  F	  3.7	  0.0	0.225	2.687	2.687
43	  F	  4.3	  0.0	0.225	2.687	2.687
44	  V	  6.8	  0.0	0.000	2.687	2.687
45	  R	  7.9	  0.0	0.000	2.304	2.304
46	  C	  6.7	  0.0	0.000	0.312	0.312
47	  T	  3.0	  0.2	0.000	0.000	0.000
48	  P	  0.3	  0.2	0.000	0.000	0.000
49	  K	  0.0	  0.2	0.000	0.000	0.000
50	  D	  0.0	  0.2	0.136	0.000	0.000
51	  P	  0.0	  0.0	0.136	0.000	0.000
52	  I	  1.7	  0.0	0.136	0.000	0.000
53	  C	 11.3	  0.0	2.918	0.000	0.000
54	  I	 11.6	  0.0	2.918	0.000	0.000
55	  A	 10.1	  0.0	3.201	0.000	0.000
56	  E	  0.8	  0.0	3.465	0.000	0.000
57	  L	  1.8	  0.1	3.465	0.000	0.000
58	  Q	  2.3	  0.1	3.465	0.000	0.000
59	  L	  2.4	  0.0	2.703	0.000	0.000
60	  L	  1.1	  0.0	2.347	0.000	0.000
61	  W	  0.9	  0.1	2.149	0.000	0.000
62	  E	  0.5	  0.1	1.807	0.000	0.000
63	  E	  0.7	  0.1	1.107	0.000	0.000
64	  R	  0.4	  0.2	0.432	0.000	0.000
65	  T	  1.0	  0.1	0.229	0.000	0.000
66	  S	  1.0	  0.2	0.499	0.000	0.000
67	  R	  1.6	  0.2	0.499	0.000	0.000
68	  Q	  1.6	  0.2	0.392	0.000	0.000
69	  L	  1.8	  0.1	0.270	0.000	0.000
70	  L	  1.4	  0.1	0.270	0.000	0.000
71	  S	  1.7	  1.0	0.436	0.000	0.000
72	  S	  1.4	  1.1	0.416	0.000	0.000
73	  S	  1.2	  1.1	0.286	0.000	0.000
74	  K	  0.6	  1.0	0.286	0.000	0.000
75	  L	  1.0	  0.2	0.286	0.561	0.561
76	  Y	  3.1	  0.1	0.286	0.561	0.561
77	  F	  3.0	  0.0	0.120	0.561	0.561
78	  L	  2.4	  0.2	0.000	0.561	0.561
79	  P	  0.2	  0.5	0.000	0.561	0.561
80	  E	  0.1	  0.5	0.000	0.000	0.000
81	  D	  0.2	  0.5	0.000	0.000	0.000
82	  T	  0.2	  1.0	0.290	0.000	0.000
83	  P	  0.1	  1.2	0.290	0.000	0.000
84	  Q	  0.0	  1.4	0.290	0.000	0.000
85	  G	  0.0	  1.6	0.290	0.000	0.000
86	  R	  0.1	  0.9	0.290	0.000	0.000
87	  N	  0.1	  3.1	0.290	0.000	0.000
88	  S	  0.1	  3.1	0.000	0.000	0.000
89	  D	  0.0	  3.5	0.000	0.000	0.000
90	  H	  0.1	  3.7	0.000	0.000	0.000
91	  G	  0.1	  1.5	0.000	0.000	0.000
92	  E	  0.1	  1.3	0.000	0.000	0.000
93	  D	  0.0	  0.6	0.381	0.000	0.000
94	  E	  0.5	  0.4	0.381	0.000	0.000
95	  V	  4.8	  0.0	0.381	25.488	25.488
96	  I	  8.4	  0.0	0.381	30.871	30.871
97	  A	  8.5	  0.0	0.381	30.871	30.871
98	  V	  4.6	  0.0	0.381	30.943	30.943
99	  S	  0.9	  0.1	0.629	30.943	30.943
100	  E	  0.4	  0.1	0.248	28.577	28.577
101	  K	  2.1	  0.1	0.248	28.787	28.787
102	  V	 15.4	  0.1	0.248	41.051	41.051
103	  I	 17.7	  0.0	0.248	41.344	41.344
104	  V	 22.0	  0.0	0.248	39.109	39.109
105	  K	 10.0	  0.0	1.528	12.767	12.767
106	  L	  7.5	  0.2	1.372	12.767	12.767
107	  E	  1.6	  0.2	1.372	12.767	12.767
108	  D	  0.2	  0.2	1.897	11.843	11.843
109	  L	  0.7	  0.2	1.897	11.843	11.843
110	  V	  3.4	  0.0	1.897	11.843	11.843
111	  K	  3.6	  0.0	1.897	11.633	11.633
112	  W	  3.9	  0.0	1.192	11.418	11.418
113	  V	  2.2	  0.0	0.902	10.533	10.533
114	  H	  1.8	  0.7	0.902	0.000	0.000
115	  S	  1.0	  0.7	0.000	0.000	0.000
116	  D	  0.6	  0.9	0.116	0.000	0.000
117	  F	  2.8	  0.9	0.116	0.000	0.000
118	  S	  3.0	  0.3	0.116	0.000	0.000
119	  K	  3.0	  0.3	0.116	0.000	0.000
120	  W	  5.6	  0.1	0.116	0.000	0.000
121	  R	  5.8	  0.1	0.116	0.000	0.000
122	  C	  5.3	  0.1	0.116	0.000	0.000
123	  G	  0.6	  0.1	0.116	0.000	0.000
124	  F	  1.8	  0.0	0.000	0.000	0.000
125	  H	  1.9	  0.0	0.000	0.000	0.000
126	  A	  1.8	  0.0	0.000	0.000	0.000
127	  G	  0.1	  0.0	0.000	0.000	0.000
128	  P	  0.0	  0.0	0.000	0.000	0.000
129	  V	  1.6	  0.1	0.000	0.000	0.000
130	  K	  2.0	  0.0	0.168	0.000	0.000
131	  T	  2.1	  0.1	0.712	0.000	0.000
132	  E	  0.5	  0.1	0.712	0.000	0.000
133	  A	  0.1	  0.2	0.712	0.000	0.000
134	  L	  0.1	  0.4	0.712	0.000	0.000
135	  G	  0.1	  1.1	0.712	0.000	0.000
136	  R	  0.0	  4.7	0.712	0.000	0.000
137	  N	  0.0	  4.6	0.645	0.000	0.000
138	  G	  0.0	  4.3	3.096	0.000	0.000
139	  Q	  0.5	  3.7	3.984	0.000	0.000
140	  K	  0.6	  0.1	4.568	0.000	0.000
141	  E	  0.6	  0.1	4.897	0.000	0.000
142	  A	  0.4	  0.1	4.897	0.000	0.000
143	  L	  0.5	  0.0	4.897	0.000	0.000
144	  L	  1.3	  0.0	4.772	0.000	0.000
145	  K	  1.9	  0.0	4.588	0.000	0.000
146	  Y	  3.8	  0.0	3.223	0.000	0.000
147	  R	  3.2	  0.1	0.789	0.000	0.000
148	  Q	  2.5	  0.2	0.365	0.000	0.000
149	  S	  0.6	  0.2	0.000	0.000	0.000
150	  T	  2.1	  0.2	0.000	0.000	0.000
151	  L	  2.4	  0.3	0.000	0.000	0.000
152	  N	  2.3	  0.3	0.000	0.000	0.000
153	  S	  0.5	  0.4	0.000	0.000	0.000
154	  G	  0.1	  0.5	0.000	0.000	0.000
155	  L	  2.0	  0.4	0.000	0.000	0.000
156	  N	  2.8	  0.3	0.428	0.000	0.000
157	  F	  3.2	  0.7	0.428	0.221	0.221
158	  K	  1.5	  0.6	0.428	0.221	0.221
159	  D	  0.8	  0.6	0.817	0.221	0.221
160	  V	  1.5	  0.6	0.817	0.221	0.221
161	  L	  1.3	  0.1	0.817	0.221	0.221
162	  K	  1.5	  0.1	0.817	0.000	0.000
163	  E	  0.5	  0.1	0.568	0.000	0.000
164	  K	  0.4	  0.7	0.389	0.000	0.000
165	  A	  0.2	  0.7	0.181	0.000	0.000
166	  D	  0.1	  1.0	0.181	0.000	0.000
167	  L	  0.1	  1.1	0.181	0.000	0.000
168	  G	  0.0	  0.9	0.181	0.000	0.000
169	  E	  0.0	  0.9	0.000	0.000	0.000
170	  D	  0.0	  0.7	0.112	0.000	0.000
171	  E	  0.0	  0.6	0.112	0.000	0.000
172	  E	  0.0	  0.3	0.112	0.000	0.000
173	  E	  0.1	  0.3	0.112	0.000	0.000
174	  T	  0.7	  0.1	0.112	1.191	1.191
175	  N	  3.5	  0.1	0.112	5.892	5.892
176	  V	 16.8	  0.0	0.000	43.867	43.867
177	  I	 23.4	  0.0	0.000	43.940	43.940
178	  V	 23.3	  0.0	0.000	43.940	43.940
179	  L	 13.2	  0.0	0.000	43.772	43.772
180	  S	  5.6	  0.0	0.000	38.680	38.680
181	  Y	  3.1	  0.2	0.000	1.578	1.578
182	  P	  0.2	  0.2	0.000	0.640	0.640
183	  Q	  2.0	  0.2	0.000	0.000	0.000
184	  Y	  4.4	  0.2	0.000	0.000	0.000
185	  C	  5.1	  0.0	0.000	0.000	0.000
186	  R	  4.2	  0.0	0.000	0.000	0.000
187	  Y	  3.8	  0.2	0.000	0.000	0.000
188	  R	  3.6	  0.2	0.000	0.000	0.000
189	  S	  2.7	  0.2	0.286	0.000	0.000
190	  M	  1.1	  0.2	0.286	0.000	0.000
191	  L	  0.6	  0.0	0.286	0.000	0.000
192	  K	  1.4	  0.0	0.286	0.000	0.000
193	  R	  2.6	  0.0	0.286	0.000	0.000
194	  I	  2.6	  0.1	0.286	0.000	0.000
195	  Q	  1.7	  0.1	0.286	0.000	0.000
196	  D	  0.2	  0.1	0.286	0.000	0.000
197	  K	  0.2	  0.4	0.286	0.000	0.000
198	  P	  0.0	  0.4	0.000	0.000	0.000
199	  S	  0.2	  0.5	0.000	0.000	0.000
200	  S	  0.5	  0.5	0.134	0.000	0.000
201	  I	  2.2	  0.1	0.134	0.000	0.000
202	  L	  2.3	  0.1	0.134	0.000	0.000
203	  T	  2.4	  0.1	1.455	0.000	0.000
204	  D	  1.3	  0.1	2.464	0.000	0.000
205	  Q	  1.5	  0.1	2.464	3.061	3.061
206	  F	  1.8	  0.1	2.331	81.455	81.455
207	  A	  1.3	  0.0	2.331	82.463	82.463
208	  L	  1.1	  0.1	2.331	83.677	83.677
209	  A	  0.4	  0.1	2.331	83.895	83.895
210	  L	  0.4	  0.9	2.331	84.154	84.154
211	  G	  0.1	  0.9	1.924	83.270	83.270
212	  G	  0.5	  0.8	1.348	83.627	83.627
213	  I	  4.0	  0.8	0.000	84.166	84.166
214	  A	  4.7	  0.0	0.000	84.068	84.068
215	  V	  8.8	  0.0	0.000	84.002	84.002
216	  V	  6.2	  0.0	0.000	82.739	82.739
217	  S	  5.9	  0.0	0.000	9.602	9.602
218	  R	  1.4	  0.0	0.000	0.000	0.000
219	  N	  0.5	  0.2	0.156	0.000	0.000
220	  P	  0.0	  0.2	0.156	0.000	0.000
221	  Q	  0.9	  0.2	0.156	0.272	0.272
222	  I	  2.6	  0.2	0.156	0.272	0.272
223	  L	  4.3	  0.0	0.156	0.272	0.272
224	  Y	  5.6	  0.0	0.156	0.272	0.272
225	  C	  4.3	  0.3	0.000	0.272	0.272
226	  R	  2.7	  0.3	0.000	0.000	0.000
227	  D	  2.1	  0.3	0.000	0.000	0.000
228	  T	  9.3	  0.4	0.000	0.000	0.000
229	  F	 10.1	  0.1	0.000	0.000	0.000
230	  D	  8.4	  0.0	0.000	0.000	0.000
231	  H	  1.0	  0.6	0.000	0.000	0.000
232	  P	  0.0	  0.5	0.000	0.000	0.000
233	  T	  0.6	  0.5	0.000	0.000	0.000
234	  L	  0.7	  0.5	0.000	0.000	0.000
235	  I	  0.9	  0.1	0.000	0.000	0.000
236	  E	  0.3	  0.1	0.000	0.000	0.000
237	  N	  0.2	  0.6	0.000	0.000	0.000
238	  E	  0.0	  0.6	0.000	0.000	0.000
239	  S	  0.6	  0.5	0.000	0.000	0.000
240	  I	  0.7	  0.5	0.000	0.000	0.000
241	  C	  0.8	  0.1	0.000	0.000	0.000
242	  D	  0.3	  0.1	0.000	0.000	0.000
243	  E	  1.0	  0.1	0.000	0.000	0.000
244	  F	  1.1	  0.1	0.000	0.000	0.000
245	  A	  1.1	  0.8	0.000	0.000	0.000
246	  P	  0.2	  0.8	0.000	0.000	0.000
247	  N	  0.3	  1.0	0.000	0.000	0.000
248	  L	  0.4	  1.7	0.000	0.000	0.000
249	  K	  0.4	  0.9	0.000	0.000	0.000
250	  G	  0.1	  0.9	0.000	0.000	0.000
251	  R	  0.0	  0.9	0.000	0.000	0.000
252	  P	  0.0	  0.2	0.000	0.000	0.000
253	  R	  0.1	  0.3	0.000	0.000	0.000
254	  K	  0.2	  0.3	0.000	0.000	0.000
255	  K	  0.3	  0.1	0.000	0.000	0.000
256	  K	  0.2	  0.1	0.000	0.000	0.000
257	  P	  0.0	  0.0	0.000	0.000	0.000
258	  C	  0.0	  0.4	0.000	0.000	0.000
259	  P	  0.0	  0.5	0.000	0.000	0.000
260	  Q	  0.2	  0.5	0.000	0.000	0.000
261	  R	  0.7	  0.8	0.000	0.000	0.000
262	  R	  0.7	  0.4	0.000	0.000	0.000
263	  D	  1.0	  0.4	0.000	0.000	0.000
264	  S	 21.4	  0.7	0.000	0.000	0.000
265	  F	 22.5	  0.7	0.000	0.000	0.000
266	  S	 22.1	  0.7	0.000	0.000	0.000
267	  G	  1.5	  0.7	0.000	0.000	0.000
268	  V	  1.2	  0.4	0.000	0.000	0.000
269	  K	  1.2	  0.2	0.000	0.000	0.000
270	  D	  1.2	  3.5	0.000	0.000	0.000
271	  S	  0.1	  4.0	0.000	0.000	0.000
272	  N	  0.0	  4.4	0.000	0.000	0.000
273	  N	  0.0	  4.7	0.000	0.000	0.000
274	  N	  0.0	  8.5	0.000	0.000	0.000
275	  S	  0.0	  8.6	0.162	0.000	0.000
276	  D	  0.0	  8.2	0.313	0.000	0.000
277	  G	  0.1	  7.9	0.566	0.000	0.000
278	  K	  0.3	  0.7	0.566	0.000	0.000
279	  A	  0.6	  0.1	0.566	0.000	0.000
280	  V	  1.2	  0.0	0.566	0.000	0.000
281	  A	  1.3	  0.0	0.566	0.000	0.000
282	  K	  4.9	  0.0	0.566	0.000	0.000
283	  V	  9.6	  0.0	0.000	0.000	0.000
284	  K	 13.3	  0.0	0.000	0.000	0.000
285	  C	 13.1	  0.1	0.000	0.000	0.000
286	  E	  8.2	  0.1	0.000	0.000	0.000
287	  A	  4.0	  0.1	0.000	0.000	0.000
288	  R	  0.5	  0.2	0.000	0.000	0.000
289	  S	  0.5	  0.1	0.000	0.000	0.000
290	  A	  0.5	  0.1	0.000	0.000	0.000
291	  L	  1.3	  0.0	0.000	0.000	0.000
292	  T	  1.4	  0.0	0.000	0.000	0.000
293	  K	  1.2	  0.2	0.000	0.000	0.000
294	  P	  0.2	  0.5	0.000	0.000	0.000
295	  K	  0.0	  0.6	0.000	0.000	0.000
296	  N	  0.0	  0.6	0.000	0.000	0.000
297	  N	  0.1	  1.3	0.000	0.000	0.000
298	  H	  0.5	  0.9	0.000	0.000	0.000
299	  N	  0.9	  0.9	0.000	0.000	0.000
300	  C	  1.2	  0.9	0.000	0.000	0.000
301	  K	  0.9	  0.1	0.000	0.000	0.000
302	  K	  1.8	  0.1	0.000	0.000	0.000
303	  V	  1.8	  0.2	0.000	0.000	0.000
304	  S	  1.6	  0.1	0.000	0.000	0.000
305	  N	  0.3	  0.3	0.000	0.000	0.000
306	  E	  0.3	  0.3	0.000	0.000	0.000
307	  E	  0.4	  0.2	0.000	0.000	0.000
308	  K	  0.4	  0.2	0.000	0.000	0.000
309	  P	  0.0	  0.0	0.000	0.000	0.000
310	  K	  2.2	  0.0	0.000	0.000	0.000
311	  V	  5.6	  0.0	0.000	0.000	0.000
312	  A	  5.7	  0.0	0.000	0.000	0.000
313	  I	  3.6	  0.1	0.000	0.000	0.000
314	  G	  0.1	  0.3	0.624	0.000	0.000
315	  E	  0.1	  0.3	0.624	0.000	0.000
316	  E	  0.3	  0.3	0.624	0.000	0.000
317	  C	  2.5	  0.2	2.507	0.000	0.000
318	  R	  2.7	  0.5	3.516	0.000	0.000
319	  A	  2.4	  0.6	3.731	0.000	0.000
320	  D	  0.2	  0.7	10.730	0.000	0.000
321	  E	  0.0	  0.7	12.123	0.030	0.030
322	  Q	  0.4	  0.2	12.911	1.193	1.193
323	  A	  0.7	  0.2	12.725	81.956	81.956
324	  F	  1.6	  0.0	14.062	95.068	95.068
325	  L	  2.0	  0.0	13.913	95.895	95.895
326	  V	  4.7	  0.0	14.363	95.895	95.895
327	  A	  3.9	  0.0	14.598	95.887	95.887
328	  L	  3.3	  0.0	14.598	95.435	95.435
329	  Y	  1.5	  0.0	14.480	74.008	74.008
330	  K	  1.6	  0.0	11.946	0.030	0.030
331	  Y	  2.2	  0.0	9.813	0.030	0.030
332	  M	  1.1	  0.0	8.088	0.009	0.009
333	  K	  1.0	  0.1	7.793	0.000	0.000
334	  E	  1.0	  0.1	6.919	0.000	0.000
335	  R	  1.3	  0.1	6.597	0.000	0.000
336	  K	  1.2	  0.1	3.156	0.000	0.000
337	  T	  0.5	  0.0	0.129	0.000	0.000
338	  P	  0.1	  0.0	0.000	0.000	0.000
339	  I	  1.6	  0.0	0.000	0.000	0.000
340	  E	  1.8	  0.0	0.000	0.000	0.000
341	  R	  2.2	  0.0	0.000	0.000	0.000
342	  I	  0.7	  0.0	0.000	0.000	0.000
343	  P	  0.5	  0.0	0.000	0.000	0.000
344	  Y	  0.4	  0.0	0.000	0.000	0.000
345	  L	  0.5	  0.0	0.000	0.000	0.000
346	  G	  0.5	  0.0	0.103	0.000	0.000
347	  F	  0.7	  0.1	0.103	0.000	0.000
348	  K	  0.9	  0.1	0.103	0.000	0.000
349	  Q	  1.9	  0.1	0.103	0.000	0.000
350	  I	  4.9	  0.1	0.103	1.582	1.582
351	  N	  5.0	  0.0	15.052	1.925	1.925
352	  L	  4.1	  0.0	14.950	11.372	11.372
353	  W	  3.1	  0.0	14.950	11.372	11.372
354	  T	  3.6	  0.0	15.247	11.372	11.372
355	  M	  3.7	  0.0	15.247	11.274	11.274
356	  F	  3.4	  0.0	15.247	11.162	11.162
357	  Q	  2.4	  0.0	14.150	0.636	0.636
358	  A	  2.2	  0.0	13.322	0.291	0.291
359	  A	  0.2	  0.0	12.335	0.000	0.000
360	  Q	  0.4	  0.1	11.240	0.000	0.000
361	  K	  0.5	  0.1	7.643	0.000	0.000
362	  L	  0.4	  2.2	3.407	0.000	0.000
363	  G	  0.1	  2.2	2.133	0.000	0.000
364	  G	  0.1	  2.1	2.574	0.000	0.000
365	  Y	  0.4	  2.2	1.373	0.000	0.000
366	  E	  0.4	  0.1	1.314	0.000	0.000
367	  T	 11.6	  0.1	3.292	0.000	0.000
368	  I	 15.0	  0.1	3.292	0.000	0.000
369	  T	 15.7	  0.0	3.462	0.000	0.000
370	  A	  4.8	  0.0	3.462	0.000	0.000
371	  R	  1.3	  0.0	3.462	0.000	0.000
372	  R	  2.0	  0.0	2.656	0.000	0.000
373	  Q	  3.3	  0.0	1.797	0.000	0.000
374	  W	  3.2	  0.1	0.666	0.000	0.000
375	  K	  2.3	  0.1	0.183	0.000	0.000
376	  H	  4.1	  0.1	0.000	0.000	0.000
377	  I	  4.1	  0.1	0.000	0.000	0.000
378	  Y	  3.7	  0.1	0.000	0.000	0.000
379	  D	  0.5	  0.5	0.585	0.000	0.000
380	  E	  0.2	  0.5	0.585	0.000	0.000
381	  L	  0.0	  0.8	0.585	0.000	0.000
382	  G	  0.0	  0.8	0.585	0.000	0.000
383	  G	  0.0	  0.3	0.585	0.000	0.000
384	  N	  0.0	  4.5	0.585	0.000	0.000
385	  P	  0.0	  4.8	0.000	0.000	0.000
386	  G	  0.0	  4.9	0.000	0.000	0.000
387	  S	  2.1	  5.2	0.000	0.000	0.000
388	  T	  2.5	  1.0	0.000	0.000	0.000
389	  S	  2.5	  0.3	0.441	0.000	0.000
390	  A	  0.5	  0.4	0.441	0.000	0.000
391	  A	  0.4	  0.2	0.441	0.000	0.000
392	  T	  6.8	  0.2	0.441	0.000	0.000
393	  C	  8.2	  0.2	0.441	0.000	0.000
394	  T	  8.7	  0.1	0.441	0.000	0.000
395	  R	  2.7	  0.1	0.441	0.000	0.000
396	  R	  2.8	  0.1	0.255	0.000	0.000
397	  H	  5.6	  0.1	0.000	0.000	0.000
398	  Y	  7.3	  0.2	0.000	0.000	0.000
399	  E	  5.8	  0.1	0.000	0.000	0.000
400	  R	  2.8	  0.1	0.000	0.000	0.000
401	  L	  3.3	  0.1	0.000	0.000	0.000
402	  I	  3.5	  0.0	0.000	0.000	0.000
403	  L	  3.0	  0.0	0.000	0.000	0.000
404	  P	  0.4	  0.0	0.000	0.000	0.000
405	  Y	  2.3	  0.1	0.000	0.000	0.000
406	  E	  2.5	  0.1	0.000	0.000	0.000
407	  R	  3.4	  0.1	0.000	0.000	0.000
408	  F	  2.4	  0.1	0.000	0.000	0.000
409	  I	  3.2	  0.5	0.000	0.000	0.000
410	  K	  2.4	  0.5	0.000	0.000	0.000
411	  G	  1.1	  0.7	0.000	0.000	0.000
412	  E	  0.1	  0.9	0.000	0.000	0.000
413	  E	  0.2	  0.4	0.000	0.000	0.000
414	  D	  0.2	  0.3	0.000	0.000	0.000
415	  K	  0.2	  0.2	0.000	0.000	0.000
416	  P	  0.0	  0.0	0.000	0.000	0.000
417	  L	  0.0	  0.0	0.000	0.000	0.000
418	  P	  0.0	  0.0	0.000	0.000	0.000
419	  P	  0.0	  0.0	0.000	0.000	0.000
420	  I	  0.5	  0.0	0.000	0.000	0.000
421	  K	  0.5	  0.2	0.000	0.000	0.000
422	  P	  0.5	  0.2	0.000	0.000	0.000
423	  R	  0.2	  0.3	0.000	0.000	0.000
424	  K	  0.5	  0.3	0.000	0.000	0.000
425	  Q	  0.5	  0.3	0.000	0.000	0.000
426	  E	  0.4	  0.3	0.000	0.000	0.000
427	  N	  0.2	  1.2	0.000	0.000	0.000
428	  S	  0.3	  1.3	0.813	0.000	0.000
429	  S	  0.6	  1.2	1.760	0.000	0.000
430	  Q	  0.5	  1.3	1.760	0.000	0.000
431	  E	  0.4	  0.4	1.760	0.000	0.000
432	  N	  0.0	  2.8	2.070	0.000	0.000
433	  E	  0.1	  2.7	2.070	0.000	0.000
434	  N	  0.2	  2.7	2.070	0.000	0.000
435	  K	  0.9	  2.7	1.426	0.000	0.000
436	  T	  2.6	  0.2	0.310	0.000	0.000
437	  K	  3.7	  0.2	0.310	0.000	0.000
438	  V	  3.7	  0.1	0.000	0.000	0.000
439	  S	  1.9	  0.3	0.000	0.000	0.000
440	  G	  0.7	  0.3	0.000	0.000	0.000
441	  T	  1.4	  0.4	0.000	0.000	0.000
442	  K	  2.3	  0.3	0.000	0.000	0.000
443	  R	  5.0	  0.1	0.000	0.000	0.000
444	  I	  4.2	  0.1	0.000	0.000	0.000
445	  K	  3.6	  0.0	0.000	0.000	0.000
446	  H	  2.9	  0.0	0.000	0.000	0.000
447	  E	  2.5	  0.0	0.000	0.000	0.000
448	  I	  2.1	  0.0	0.000	0.000	0.000
449	  P	  0.1	  0.2	0.000	0.000	0.000
450	  K	  0.5	  0.2	0.000	0.000	0.000
451	  S	  0.7	  0.3	0.807	0.000	0.000
452	  K	  0.9	  0.3	0.807	0.000	0.000
453	  K	  0.7	  0.2	0.807	0.000	0.000
454	  E	  0.6	  0.2	0.807	0.000	0.000
455	  K	  0.5	  0.4	0.807	0.000	0.000
456	  E	  0.2	  0.3	0.807	0.000	0.000
457	  N	  0.1	  0.3	0.650	0.000	0.000
458	  A	  0.1	  0.2	0.232	0.000	0.000
459	  P	  0.0	  0.0	0.000	0.000	0.000
460	  K	  0.0	  0.2	0.000	0.000	0.000
461	  P	  0.0	  0.5	0.000	0.000	0.000
462	  Q	  0.0	  0.5	0.000	0.000	0.000
463	  D	  0.0	  0.5	0.122	0.000	0.000
464	  A	  0.0	  0.3	0.122	0.000	0.000
465	  A	  0.3	  0.0	0.122	0.000	0.000
466	  E	  3.3	  0.0	0.122	0.000	0.000
467	  V	  4.7	  0.1	0.122	0.000	0.000
468	  S	  4.5	  0.1	0.122	0.000	0.000
469	  S	  1.5	  0.2	1.134	0.000	0.000
470	  E	  0.2	  0.3	1.134	0.000	0.000
471	  Q	  0.2	  0.2	1.134	0.000	0.000
472	  E	  0.3	  0.2	1.134	0.000	0.000
473	  K	  0.3	  0.1	1.134	0.000	0.000
474	  E	  0.2	  0.1	1.134	0.000	0.000
475	  Q	  0.2	  0.2	0.832	0.000	0.000
476	  E	  0.1	  0.1	0.288	0.000	0.000
477	  T	  0.7	  0.1	0.199	0.000	0.000
478	  L	  1.1	  0.1	0.199	0.000	0.000
479	  I	  2.3	  0.0	0.199	0.000	0.000
480	  S	  1.9	  0.1	0.199	0.000	0.000
481	  Q	  1.7	  0.2	0.199	0.000	0.000
482	  K	  1.2	  0.2	0.199	0.000	0.000
483	  S	  1.1	  0.1	0.000	0.000	0.000
484	  I	  0.9	  0.1	0.000	0.000	0.000
485	  P	  0.1	  0.0	0.000	0.000	0.000
486	  E	  0.0	  0.0	0.000	0.000	0.000
487	  P	  0.0	  0.0	0.000	0.000	0.000
488	  L	  0.0	  0.0	0.000	0.000	0.000
489	  P	  0.0	  0.0	0.889	0.000	0.000
490	  A	  0.0	  0.3	0.889	0.000	0.000
491	  A	  0.1	  0.3	0.889	0.000	0.000
492	  D	  0.2	  0.3	2.967	0.000	0.000
493	  M	  0.3	  0.4	2.967	0.000	0.000
494	  K	  0.4	  0.1	2.967	0.000	0.000
495	  K	  0.4	  0.1	2.595	0.000	0.000
496	  K	  4.3	  0.1	2.374	0.000	0.000
497	  I	  4.5	  0.4	2.078	0.000	0.000
498	  E	  4.4	  0.4	2.078	0.000	0.000
499	  G	  0.4	  0.4	1.565	0.000	0.000
500	  Y	  1.1	  0.4	1.025	0.000	0.000
501	  Q	  1.4	  0.0	0.130	0.000	0.000
502	  E	  2.8	  0.0	0.000	0.000	0.000
503	  F	  5.8	  0.1	0.000	0.000	0.000
504	  S	  6.0	  0.0	0.000	0.000	0.000
505	  A	  4.6	  0.0	0.000	0.000	0.000
506	  K	  0.6	  0.0	0.000	0.000	0.000
507	  P	  0.0	  0.0	0.000	0.000	0.000
508	  L	  0.1	  0.1	0.000	0.000	0.000
509	  A	  0.3	  0.2	0.000	0.000	0.000
510	  S	  0.5	  0.2	0.000	0.000	0.000
511	  R	 10.6	  0.2	0.000	0.000	0.000
512	  V	 10.7	  0.0	0.000	0.000	0.000
513	  D	 10.5	  0.6	0.000	0.000	0.000
514	  P	  0.2	  0.7	0.000	0.000	0.000
515	  E	  0.2	  0.9	0.000	0.000	0.000
516	  K	  0.2	  1.0	0.000	0.000	0.000
517	  D	  0.2	  0.4	0.301	0.000	0.000
518	  N	  0.0	  0.6	0.301	0.000	0.000
519	  E	  0.1	  0.4	0.301	0.000	0.000
520	  T	  0.5	  0.5	0.301	0.000	0.000
521	  D	  0.5	  1.5	0.301	0.000	0.000
522	  Q	  0.4	  1.7	0.301	0.000	0.000
523	  G	  0.0	  2.0	0.000	0.000	0.000
524	  S	  0.1	  2.1	0.000	0.000	0.000
525	  N	  0.2	  1.1	0.000	0.000	0.000
526	  S	  0.2	  0.7	0.151	0.000	0.000
527	  E	  0.2	  0.4	0.151	0.000	0.000
528	  K	  2.4	  0.2	0.151	0.000	0.000
529	  V	  3.1	  0.1	0.151	0.000	0.000
530	  A	  3.0	  0.1	0.151	0.000	0.000
531	  E	  0.8	  0.1	0.151	0.000	0.000
532	  E	  0.0	  0.3	0.151	0.000	0.000
533	  A	  0.0	  0.4	0.000	0.000	0.000
534	  G	  0.0	  0.6	0.000	0.000	0.000
535	  E	  0.0	  0.6	0.000	0.000	0.000
536	  K	  0.0	  0.5	0.000	0.000	0.000
537	  G	  0.0	  0.4	0.000	0.000	0.000
538	  P	  0.0	  0.1	0.000	0.000	0.000
539	  T	  0.0	  0.1	0.000	0.000	0.000
540	  P	  0.0	  0.0	0.000	0.000	0.000
541	  P	  0.0	  0.0	0.000	0.000	0.000
542	  L	  0.0	  0.4	0.000	0.000	0.000
543	  P	  0.0	  0.4	0.000	0.000	0.000
544	  S	  0.1	  0.4	0.000	0.000	0.000
545	  A	  0.1	  0.5	0.000	0.000	0.000
546	  P	  0.1	  0.2	0.000	0.000	0.000
547	  L	  0.0	  0.2	0.000	0.000	0.000
548	  A	  0.0	  0.4	0.000	0.000	0.000
549	  P	  0.0	  0.3	0.000	0.000	0.000
550	  E	  0.2	  0.5	0.000	0.000	0.000
551	  K	  0.3	  0.5	0.000	0.000	0.000
552	  D	  0.3	  0.4	0.000	0.000	0.000
553	  S	  0.2	  0.3	0.000	0.000	0.000
554	  A	  0.6	  0.1	0.000	0.000	0.000
555	  L	  0.7	  0.0	0.000	0.000	0.000
556	  V	  0.6	  0.7	0.000	0.000	0.000
557	  P	  0.1	  0.9	0.000	0.000	0.000
558	  G	  0.0	  1.1	0.000	0.000	0.000
559	  A	  0.2	  1.2	0.000	0.000	0.000
560	  S	  0.7	  0.4	0.000	0.000	0.000
561	  K	  0.8	  0.3	0.000	0.000	0.000
562	  Q	  0.5	  0.0	0.000	0.000	0.000
563	  P	  0.0	  0.0	0.000	0.000	0.000
564	  L	  1.0	  0.0	0.000	0.000	0.000
565	  T	  1.1	  0.0	0.000	0.000	0.000
566	  S	  1.2	  3.0	0.000	0.000	0.000
567	  P	  0.1	  3.1	0.000	0.000	0.000
568	  S	  0.2	  3.1	0.000	0.000	0.000
569	  A	  0.4	  3.1	0.000	0.000	0.000
570	  L	  1.0	  0.0	0.000	0.000	0.000
571	  V	  1.9	  0.0	0.000	0.000	0.000
572	  D	  1.7	  0.2	0.000	0.000	0.000
573	  S	  1.4	  0.3	0.143	0.000	0.000
574	  K	  0.6	  0.3	0.143	0.000	0.000
575	  Q	  0.6	  0.4	0.143	0.000	0.000
576	  E	  0.8	  0.3	0.143	0.000	0.000
577	  S	  0.6	  0.3	0.143	0.000	0.000
578	  K	  1.1	  0.2	0.143	0.000	0.000
579	  L	  5.7	  0.1	0.000	0.266	0.266
580	  C	 11.4	  0.1	0.000	0.266	0.266
581	  C	 11.9	  0.0	0.000	0.266	0.266
582	  F	  8.0	  0.0	0.000	0.266	0.266
583	  T	  2.6	  0.0	0.000	0.266	0.266
584	  E	  1.6	  0.0	0.000	0.000	0.000
585	  S	  0.5	  0.3	0.000	0.000	0.000
586	  P	  0.0	  0.5	0.000	0.000	0.000
587	  E	  0.1	  0.5	0.000	0.000	0.000
588	  S	  0.1	  0.5	0.000	0.000	0.000
589	  E	  0.1	  0.2	0.000	0.000	0.000
590	  P	  0.0	  0.1	0.000	0.000	0.000
591	  Q	  0.0	  0.1	0.000	0.000	0.000
592	  E	  0.2	  0.1	0.000	0.000	0.000
593	  A	  1.3	  0.1	0.000	0.000	0.000
594	  S	  1.5	  0.0	0.000	0.000	0.000
595	  F	  1.4	  0.5	0.000	0.000	0.000
596	  P	  0.3	  0.5	0.000	0.000	0.000
597	  S	  0.3	  0.5	0.000	0.000	0.000
598	  F	  0.3	  0.7	0.000	0.000	0.000
599	  P	  0.3	  0.2	0.000	0.000	0.000
600	  T	  5.2	  0.2	0.000	0.000	0.000
601	  T	  5.2	  0.2	0.000	0.000	0.000
602	  Q	  5.2	  0.0	0.000	0.000	0.000
603	  P	  0.0	  0.2	0.000	0.000	0.000
604	  P	  0.0	  0.2	0.000	0.000	0.000
605	  L	  0.0	  0.4	0.000	0.000	0.000
606	  A	  0.1	  0.4	0.000	0.000	0.000
607	  N	  0.2	  1.7	0.000	0.000	0.000
608	  Q	  0.3	  1.7	0.000	0.000	0.000
609	  N	  0.2	  1.6	0.000	0.000	0.000
610	  E	  0.1	  1.6	0.000	0.000	0.000
611	  T	  0.1	  0.6	0.564	0.000	0.000
612	  E	  0.1	  0.7	0.564	0.000	0.000
613	  D	  0.1	  0.6	0.564	0.000	0.000
614	  D	  0.0	  0.6	0.564	0.000	0.000
615	  K	  0.1	  0.2	0.564	0.000	0.000
616	  L	  0.1	  0.1	0.564	0.000	0.000
617	  P	  0.1	  0.0	0.000	0.000	0.000
618	  A	  0.1	  0.0	0.000	0.000	0.000
619	  M	  0.1	  0.9	0.000	0.000	0.000
620	  A	  0.2	  0.9	0.000	0.000	0.000
621	  D	  0.6	  0.9	0.096	0.000	0.000
622	  Y	  2.1	  0.9	0.096	0.292	0.292
623	  I	  2.1	  0.2	0.096	0.292	0.292
624	  A	  1.7	  0.2	0.096	0.292	0.292
625	  N	  0.8	  0.2	0.096	0.292	0.292
626	  C	  4.9	  0.2	0.096	0.292	0.292
627	  T	 19.8	  0.0	0.000	0.292	0.292
628	  V	 31.8	  0.0	0.000	0.292	0.292
629	  K	 28.9	  0.0	0.000	0.000	0.000
630	  V	 16.5	  0.0	0.000	0.000	0.000
631	  D	  2.3	  0.2	0.000	0.000	0.000
632	  Q	  0.9	  0.2	0.000	0.000	0.000
633	  L	  0.1	  0.6	0.000	0.000	0.000
634	  G	  0.1	  1.1	0.000	0.000	0.000
635	  S	  0.0	  1.9	0.000	0.000	0.000
636	  D	  0.1	  1.9	0.201	0.000	0.000
637	  D	  0.4	  1.5	0.866	0.000	0.000
638	  I	  0.6	  1.0	0.866	0.000	0.000
639	  H	  0.6	  0.0	1.098	0.000	0.000
640	  N	  0.3	  0.0	1.098	0.000	0.000
641	  A	  0.3	  0.0	1.098	0.000	0.000
642	  L	  0.3	  0.1	1.098	0.000	0.000
643	  K	  0.7	  0.0	0.938	0.000	0.000
644	  Q	  0.5	  0.0	0.430	0.000	0.000
645	  T	  0.4	  0.2	0.000	0.000	0.000
646	  P	  0.0	  0.2	0.000	0.000	0.000
647	  K	  0.9	  0.2	0.000	0.950	0.950
648	  V	  7.3	  0.2	0.000	50.596	50.596
649	  L	  9.0	  0.0	0.000	54.470	54.470
650	  V	 11.6	  0.0	0.000	54.557	54.557
651	  V	  6.4	  0.1	0.000	54.557	54.557
652	  Q	  5.4	  0.1	0.000	54.557	54.557
653	  S	  9.1	  0.3	0.000	50.844	50.844
654	  F	  9.3	  0.3	0.000	47.114	47.114
655	  D	  8.8	  0.3	0.000	1.298	1.298
656	  M	  1.8	  0.3	0.000	1.298	1.298
657	  F	  1.0	  0.3	0.000	1.298	1.298
658	  K	  0.7	  0.3	0.000	0.348	0.348
659	  D	  0.5	  1.9	0.000	0.000	0.000
660	  K	  0.1	  2.0	0.000	0.000	0.000
661	  D	  0.3	  2.0	0.000	0.000	0.000
662	  L	  0.4	  1.9	0.000	0.000	0.000
663	  T	  0.3	  0.4	0.000	0.000	0.000
664	  G	  0.2	  0.6	0.000	0.000	0.000
665	  P	  0.0	  0.4	0.000	0.000	0.000
666	  M	  0.0	  0.4	0.000	0.000	0.000
667	  N	  0.0	  2.9	0.000	0.000	0.000
668	  E	  0.2	  2.7	0.000	0.000	0.000
669	  N	  0.2	  2.7	0.000	0.000	0.000
670	  H	  0.2	  2.8	0.000	0.000	0.000
671	  G	  0.2	  0.4	0.000	0.000	0.000
672	  L	  2.1	  0.3	0.000	0.000	0.000
673	  N	  4.5	  0.3	0.000	0.000	0.000
674	  Y	  5.1	  0.2	0.000	0.000	0.000
675	  T	  3.3	  0.1	0.326	0.000	0.000
676	  P	  0.7	  0.1	0.326	0.000	0.000
677	  L	  0.6	  0.1	0.326	0.000	0.000
678	  L	  1.2	  0.1	0.326	0.000	0.000
679	  Y	  2.9	  0.2	0.326	0.000	0.000
680	  S	  2.5	  0.3	0.326	0.000	0.000
681	  R	  2.0	  0.3	0.000	0.000	0.000
682	  G	  0.2	  0.3	0.000	0.000	0.000
683	  N	  0.1	  1.0	0.000	0.000	0.000
684	  P	  0.0	  0.9	0.000	0.000	0.000
685	  G	  0.0	  0.9	0.000	0.000	0.000
686	  I	  2.9	  0.9	0.000	0.000	0.000
687	  M	  3.0	  0.1	0.000	0.000	0.000
688	  S	  3.0	  0.2	4.792	0.000	0.000
689	  P	  0.1	  0.2	4.792	0.000	0.000
690	  L	  0.1	  0.2	4.792	0.000	0.000
691	  A	  0.1	  0.3	4.792	0.000	0.000
692	  K	  0.2	  0.1	4.792	0.000	0.000
693	  K	  0.2	  0.1	4.792	0.000	0.000
694	  K	  0.4	  0.1	1.903	0.000	0.000
695	  L	  0.8	  0.1	1.144	0.000	0.000
696	  L	  0.9	  0.1	0.892	0.000	0.000
697	  S	  0.8	  0.0	0.679	0.000	0.000
698	  Q	  0.9	  0.0	0.356	0.000	0.000
699	  V	  1.3	  0.2	0.000	0.000	0.000
700	  S	  1.1	  0.5	0.000	0.000	0.000
701	  G	  0.6	  0.7	0.000	0.000	0.000
702	  A	  0.5	  0.7	0.000	0.000	0.000
703	  S	  6.0	  1.0	0.000	0.000	0.000
704	  L	  6.4	  0.7	0.000	0.000	0.000
705	  S	  6.8	  1.4	0.000	0.000	0.000
706	  S	  1.7	  1.3	0.000	0.000	0.000
707	  S	  1.6	  1.0	0.000	0.000	0.000
708	  Y	  0.8	  1.4	0.000	0.000	0.000
709	  P	  0.3	  0.7	0.000	0.000	0.000
710	  Y	  0.3	  0.7	0.000	0.000	0.000
711	  G	  0.3	  0.7	0.000	0.000	0.000
712	  S	  0.3	  0.2	0.000	0.000	0.000
713	  P	  0.0	  0.0	0.000	0.000	0.000
714	  P	  0.0	  0.1	0.000	0.000	0.000
715	  P	  0.0	  0.1	0.000	0.000	0.000
716	  L	  0.5	  0.1	0.000	0.000	0.000
717	  I	  1.2	  0.2	0.000	0.000	0.000
718	  S	  1.3	  0.1	0.307	0.000	0.000
719	  K	  0.9	  0.2	0.307	0.000	0.000
720	  K	  0.3	  0.2	0.307	0.000	0.000
721	  K	  0.7	  0.2	0.307	0.000	0.000
722	  L	  1.3	  0.1	0.307	0.000	0.000
723	  I	  2.5	  0.0	0.307	0.000	0.000
724	  A	  2.0	  0.3	0.307	0.000	0.000
725	  R	  1.4	  0.6	0.134	0.000	0.000
726	  D	  0.1	  0.7	0.000	0.000	0.000
727	  D	  0.2	  0.7	0.000	0.000	0.000
728	  L	  0.6	  0.5	0.000	0.000	0.000
729	  C	  1.3	  0.4	0.000	0.000	0.000
730	  S	  1.2	  0.3	0.000	0.000	0.000
731	  S	  6.4	  0.6	0.000	0.000	0.000
732	  L	  5.9	  0.6	0.000	0.000	0.000
733	  S	  6.1	  0.5	0.000	0.000	0.000
734	  Q	  0.7	  0.4	0.000	0.000	0.000
735	  T	  2.0	  0.2	0.000	0.000	0.000
736	  H	  1.9	  1.0	0.000	0.000	0.000
737	  H	  1.8	  1.0	0.000	0.000	0.000
738	  G	  0.3	  1.1	0.000	0.000	0.000
739	  Q	  0.2	  1.1	0.000	0.000	0.000
740	  S	  0.7	  0.8	0.000	0.000	0.000
741	  T	  0.8	  0.8	0.000	0.000	0.000
742	  D	  0.7	  0.7	0.000	0.000	0.000
743	  H	  0.5	  0.6	0.000	0.000	0.000
744	  M	  0.8	  0.0	0.000	0.000	0.000
745	  A	  1.4	  0.0	0.000	0.000	0.000
746	  V	  2.9	  0.0	0.000	0.000	0.000
747	  S	  2.5	  0.0	0.000	0.000	0.000
748	  R	  1.9	  0.3	0.000	0.000	0.000
749	  P	  0.1	  0.3	0.000	0.000	0.000
750	  S	  1.2	  0.3	0.000	0.000	0.000
751	  V	  3.4	  0.3	0.000	0.000	0.000
752	  I	  3.6	  0.0	0.000	0.000	0.000
753	  Q	  2.9	  0.0	0.000	0.000	0.000
754	  H	  2.1	  0.0	0.000	0.000	0.000
755	  V	  3.0	  0.1	0.000	0.000	0.000
756	  Q	  3.4	  0.1	0.000	0.000	0.000
757	  S	  8.6	  0.1	0.000	0.000	0.000
758	  F	  9.4	  0.2	0.000	0.000	0.000
759	  R	  9.0	  0.1	0.000	0.000	0.000
760	  S	  2.5	  0.1	0.000	0.000	0.000
761	  K	  0.6	  0.4	0.000	0.000	0.000
762	  P	  0.1	  0.3	0.000	0.000	0.000
763	  S	  0.0	  0.4	0.163	0.000	0.000
764	  E	  0.1	  0.5	0.163	0.000	0.000
765	  E	  0.9	  0.2	0.163	0.000	0.000
766	  R	  1.1	  0.2	0.163	0.000	0.000
767	  K	  1.9	  0.1	0.163	0.000	0.000
768	  T	  6.6	  0.1	0.422	0.000	0.000
769	  I	  6.5	  0.1	0.422	0.000	0.000
770	  N	  5.7	  0.1	0.587	0.000	0.000
771	  D	  1.4	  0.1	0.424	0.000	0.000
772	  I	  1.7	  0.0	0.424	0.000	0.000
773	  F	  2.1	  0.1	0.424	0.000	0.000
774	  K	  1.4	  0.1	0.165	0.000	0.000
775	  H	  1.2	  0.2	0.165	0.000	0.000
776	  E	  0.8	  0.2	0.000	0.000	0.000
777	  K	  0.8	  0.2	0.000	0.000	0.000
778	  L	  0.6	  0.2	0.000	0.000	0.000
779	  S	  2.3	  0.9	0.000	0.000	0.000
780	  R	  2.1	  0.8	0.000	0.000	0.000
781	  S	  2.0	  0.8	0.000	0.000	0.000
782	  D	  0.3	  1.3	0.000	0.000	0.000
783	  P	  0.0	  0.5	0.000	0.000	0.000
784	  H	  0.8	  0.6	0.000	0.000	0.000
785	  R	  1.5	  0.6	0.000	0.000	0.000
786	  C	  2.7	  0.1	0.000	0.000	0.000
787	  S	 22.7	  0.2	0.000	0.000	0.000
788	  F	 23.8	  0.2	0.000	0.000	0.000
789	  S	 22.8	  0.2	0.134	0.000	0.000
790	  K	  2.7	  0.3	0.134	0.000	0.000
791	  H	  0.9	  0.2	0.134	0.000	0.000
792	  H	  2.1	  0.1	0.134	0.000	0.000
793	  L	  2.0	  0.0	0.134	0.000	0.000
794	  N	  1.5	  0.3	0.134	0.000	0.000
795	  P	  0.1	  0.3	0.000	0.000	0.000
796	  L	  0.0	  0.6	0.000	0.000	0.000
797	  A	  0.1	  0.7	0.000	0.000	0.000
798	  D	  0.6	  0.4	0.143	0.000	0.000
799	  S	  1.5	  0.4	4.454	0.000	0.000
800	  Y	  3.1	  0.1	4.454	0.000	0.000
801	  V	  3.7	  0.0	4.454	0.000	0.000
802	  L	  2.9	  0.0	4.454	0.000	0.000
803	  K	  1.5	  0.1	4.454	0.000	0.000
804	  Q	  0.5	  0.1	4.454	0.000	0.000
805	  E	  1.0	  0.1	2.882	0.000	0.000
806	  I	  0.9	  0.1	1.826	0.000	0.000
807	  Q	  0.8	  0.5	1.826	0.000	0.000
808	  E	  0.1	  0.7	1.195	0.000	0.000
809	  G	  0.0	  1.1	2.394	0.000	0.000
810	  K	  0.1	  1.1	1.749	0.000	0.000
811	  D	  0.1	  0.7	3.029	0.000	0.000
812	  K	  0.3	  0.5	3.217	0.000	0.000
813	  L	  0.3	  0.1	3.217	0.000	0.000
814	  L	  0.5	  0.1	3.217	0.000	0.000
815	  E	  0.3	  0.1	3.042	0.000	0.000
816	  K	  0.5	  0.1	2.675	0.000	0.000
817	  R	  0.7	  0.1	0.881	0.000	0.000
818	  A	  0.6	  0.0	0.159	0.000	0.000
819	  L	  0.4	  0.2	0.159	0.000	0.000
820	  P	  0.0	  0.2	0.000	0.000	0.000
821	  H	  0.2	  0.4	0.000	0.000	0.000
822	  S	  0.5	  0.4	0.000	0.000	0.000
823	  H	  0.7	  0.2	0.000	0.000	0.000
824	  M	  0.5	  1.1	0.000	0.000	0.000
825	  P	  0.1	  1.0	0.000	0.000	0.000
826	  S	  0.6	  1.0	0.000	0.000	0.000
827	  F	  1.2	  1.0	0.000	0.000	0.000
828	  L	  1.2	  0.7	0.000	0.000	0.000
829	  A	  0.7	  0.7	0.000	0.000	0.000
830	  D	  1.1	  0.7	0.000	0.000	0.000
831	  F	  3.4	  0.8	0.000	0.000	0.000
832	  Y	  6.2	  0.0	0.000	0.000	0.000
833	  S	  5.3	  0.0	0.000	0.000	0.000
834	  S	  2.9	  0.4	0.000	0.000	0.000
835	  P	  0.0	  0.4	0.000	0.000	0.000
836	  H	  0.6	  0.4	0.000	0.000	0.000
837	  L	  0.8	  0.4	0.000	0.000	0.000
838	  H	  1.0	  0.1	0.000	0.000	0.000
839	  S	  0.7	  0.1	0.000	0.000	0.000
840	  L	  0.6	  0.1	0.000	0.000	0.000
841	  Y	  2.2	  0.1	0.000	0.000	0.000
842	  R	  2.6	  0.0	0.000	0.000	0.000
843	  H	  2.7	  0.1	0.000	0.000	0.000
844	  T	  1.1	  0.2	0.000	0.000	0.000
845	  E	  1.9	  0.1	0.000	0.000	0.000
846	  H	  2.3	  0.2	0.000	0.000	0.000
847	  H	  2.8	  0.1	0.000	0.000	0.000
848	  L	  1.5	  0.1	0.000	0.000	0.000
849	  H	  0.9	  0.1	0.000	0.000	0.000
850	  N	  0.3	  0.2	1.660	0.000	0.000
851	  E	  0.1	  0.2	1.660	0.000	0.000
852	  Q	  0.2	  0.2	1.660	0.000	0.000
853	  T	  1.5	  0.2	1.660	0.000	0.000
854	  S	  1.9	  0.1	1.660	0.000	0.000
855	  K	  1.9	  0.1	1.660	0.000	0.000
856	  Y	  0.5	  0.5	0.902	0.000	0.000
857	  P	  0.1	  0.5	0.000	0.000	0.000
858	  S	  0.3	  1.8	0.000	0.000	0.000
859	  R	  0.4	  1.8	0.000	0.000	0.000
860	  D	  0.7	  1.4	0.000	0.000	0.000
861	  M	  0.6	  1.3	0.000	0.000	0.000
862	  Y	  1.1	  0.0	0.000	0.000	0.000
863	  R	  0.8	  0.2	0.000	0.000	0.000
864	  E	  0.7	  0.2	0.000	0.000	0.000
865	  S	  0.1	  2.0	0.000	0.000	0.000
866	  E	  0.1	  1.9	0.000	0.000	0.000
867	  N	  0.2	  2.4	0.000	0.000	0.000
868	  S	  0.6	  2.4	0.000	0.000	0.000
869	  S	  0.8	  0.6	0.000	0.000	0.000
870	  F	  0.8	  1.1	0.000	0.000	0.000
871	  P	  0.3	  0.5	0.000	0.000	0.000
872	  S	  1.2	  0.6	0.000	0.000	0.000
873	  H	  1.8	  0.7	0.000	0.000	0.000
874	  R	  2.2	  0.2	0.000	0.000	0.000
875	  H	  1.3	  0.2	0.000	0.000	0.000
876	  Q	  0.8	  0.2	0.000	0.000	0.000
877	  E	  0.4	  0.2	0.000	0.000	0.000
878	  K	  0.7	  0.2	0.000	0.000	0.000
879	  L	  1.9	  0.1	0.000	0.162	0.162
880	  H	  3.6	  0.1	0.000	0.162	0.162
881	  V	  6.0	  0.1	0.000	0.644	0.644
882	  N	  4.8	  0.1	0.163	0.644	0.644
883	  Y	  3.5	  0.1	0.163	1.118	1.118
884	  L	  1.0	  0.0	0.163	1.118	1.118
885	  T	  1.5	  0.1	0.313	0.957	0.957
886	  S	  1.7	  0.1	0.313	0.669	0.669
887	  L	  2.3	  0.1	0.313	0.669	0.669
888	  H	  2.4	  0.1	0.350	0.000	0.000
889	  L	  2.0	  0.2	0.350	0.000	0.000
890	  Q	  0.9	  0.2	0.350	0.000	0.000
891	  D	  0.3	  0.4	0.529	0.000	0.000
892	  K	  0.1	  0.5	0.529	0.000	0.000
893	  K	  0.5	  0.3	0.529	0.000	0.000
894	  S	  0.5	  0.3	0.717	0.000	0.000
895	  A	  0.5	  0.1	0.717	0.000	0.000
896	  A	  0.2	  0.0	0.717	0.000	0.000
897	  A	  0.1	  0.0	0.717	0.000	0.000
898	  E	  0.1	  0.0	0.717	0.000	0.000
899	  A	  0.1	  0.3	0.516	0.000	0.000
900	  P	  0.0	  0.5	0.000	0.000	0.000
901	  T	  0.1	  0.6	0.000	0.000	0.000
902	  D	  0.1	  0.6	0.000	0.000	0.000
903	  D	  0.1	  0.3	0.000	0.000	0.000
904	  Q	  0.0	  0.4	0.000	0.000	0.000
905	  P	  0.0	  0.3	0.000	0.000	0.000
906	  T	  0.1	  0.4	0.000	0.000	0.000
907	  D	  0.3	  0.7	0.000	0.000	0.000
908	  L	  4.1	  0.4	0.000	0.000	0.000
909	  S	  4.0	  0.3	0.000	0.000	0.000
910	  L	  3.9	  0.5	0.000	0.000	0.000
911	  P	  0.1	  0.2	0.000	0.000	0.000
912	  K	  0.0	  0.2	0.000	0.000	0.000
913	  N	  0.0	  0.7	0.000	0.000	0.000
914	  P	  0.0	  0.6	0.000	0.000	0.000
915	  H	  0.1	  0.6	0.000	0.000	0.000
916	  K	  0.1	  1.2	0.000	0.000	0.000
917	  P	  0.1	  0.9	0.000	0.000	0.000
918	  T	  0.1	  0.9	0.000	0.000	0.000
919	  G	  0.1	  0.9	0.000	0.000	0.000
920	  K	  1.1	  0.2	0.000	0.000	0.000
921	  V	  1.6	  0.0	0.000	0.618	0.618
922	  L	  1.7	  0.0	0.000	0.618	0.618
923	  G	  0.8	  0.0	0.000	0.618	0.618
924	  L	  0.3	  0.0	0.000	0.618	0.618
925	  A	  0.3	  0.0	0.000	0.618	0.618
926	  H	  0.3	  0.1	0.000	0.000	0.000
927	  S	  0.9	  0.3	0.000	0.000	0.000
928	  T	  0.9	  0.3	0.000	0.000	0.000
929	  T	  0.9	  0.3	0.000	0.000	0.000
930	  G	  0.1	  0.4	0.000	0.000	0.000
931	  P	  0.0	  0.4	0.000	0.000	0.000
932	  Q	  0.1	  0.5	0.000	0.000	0.000
933	  E	  0.5	  0.5	0.000	0.000	0.000
934	  S	  0.6	  0.7	0.000	0.000	0.000
935	  K	  0.6	  0.7	0.000	0.000	0.000
936	  G	  0.2	  0.5	0.000	0.000	0.000
937	  I	  1.2	  0.5	0.000	0.000	0.000
938	  S	  1.7	  0.1	0.000	0.000	0.000
939	  Q	  5.5	  0.1	0.000	0.000	0.000
940	  F	  7.1	  0.1	0.000	0.177	0.177
941	  Q	  7.1	  0.0	0.000	0.177	0.177
942	  V	  3.8	  0.0	0.000	0.177	0.177
943	  L	  1.1	  0.2	0.000	0.177	0.177
944	  G	  0.6	  0.3	0.000	0.177	0.177
945	  S	  1.7	  0.9	0.000	0.000	0.000
946	  Q	  1.7	  1.0	0.000	0.000	0.000
947	  S	  2.0	  3.0	0.000	0.000	0.000
948	  R	  0.4	  2.9	0.000	0.000	0.000
949	  D	  0.6	  2.3	0.000	0.000	0.000
950	  C	  0.5	  2.3	0.000	0.000	0.000
951	  H	  0.5	  0.4	0.000	0.000	0.000
952	  P	  0.2	  0.5	0.000	0.000	0.000
953	  K	  0.2	  0.5	0.000	0.000	0.000
954	  A	  0.3	  0.5	0.000	0.000	0.000
955	  C	  2.8	  0.1	0.000	0.000	0.000
956	  R	  5.0	  0.0	0.000	0.000	0.000
957	  V	  5.1	  0.0	0.000	0.000	0.000
958	  S	  2.7	  0.0	0.489	0.000	0.000
959	  P	  0.3	  0.0	0.489	0.000	0.000
960	  M	  3.0	  0.0	0.489	0.000	0.000
961	  T	  9.4	  0.2	0.489	0.000	0.000
962	  M	  9.5	  0.2	0.489	0.000	0.000
963	  S	  6.7	  0.3	0.489	0.000	0.000
964	  G	  0.2	  0.6	0.122	0.000	0.000
965	  P	  0.0	  0.4	0.000	0.000	0.000
966	  K	  0.1	  0.4	0.000	0.000	0.000
967	  K	  0.2	  0.3	0.000	0.000	0.000
968	  Y	  0.2	  0.2	0.000	0.000	0.000
969	  P	  0.1	  0.3	0.000	0.000	0.000
970	  E	  0.0	  0.4	0.000	0.000	0.000
971	  S	  5.6	  0.7	0.000	0.000	0.000
972	  L	  5.7	  0.6	0.000	0.000	0.000
973	  S	  7.2	  2.2	0.000	0.000	0.000
974	  R	  1.8	  2.5	0.000	0.000	0.000
975	  S	  1.7	  2.2	0.000	0.000	0.000
976	  G	  0.2	  2.1	0.000	0.000	0.000
977	  K	  0.1	  0.5	0.000	0.000	0.000
978	  P	  0.0	  0.2	0.000	0.000	0.000
979	  H	  1.2	  0.2	0.000	0.000	0.000
980	  H	  2.8	  0.2	0.000	0.000	0.000
981	  V	  6.6	  0.0	0.000	0.000	0.000
982	  R	  5.8	  0.0	0.000	0.000	0.000
983	  L	  4.2	  0.5	0.000	0.000	0.000
984	  E	  0.6	  0.5	0.000	0.000	0.000
985	  N	  2.2	  0.5	0.367	0.000	0.000
986	  F	  3.5	  0.6	0.367	0.000	0.000
987	  R	  3.8	  0.1	0.367	0.000	0.000
988	  K	  3.5	  0.1	0.367	0.000	0.000
989	  M	  2.2	  0.5	0.367	0.000	0.000
990	  E	  1.8	  0.4	0.367	0.000	0.000
991	  G	  0.0	  0.4	0.204	0.000	0.000
992	  M	  2.2	  0.4	0.204	0.000	0.000
993	  V	  2.6	  0.0	0.000	0.000	0.000
994	  H	  2.6	  0.0	0.000	0.000	0.000
995	  P	  0.4	  0.0	0.000	0.000	0.000
996	  I	  0.7	  0.0	0.000	0.000	0.000
997	  L	  0.8	  0.0	0.000	0.000	0.000
998	  H	  1.2	  0.1	0.000	0.000	0.000
999	  R	  0.9	  0.1	0.000	0.000	0.000
1000	  K	  1.8	  0.1	0.000	0.000	0.000
1001	  M	  1.5	  0.1	0.000	0.000	0.000
1002	  S	  1.2	  0.4	0.000	0.000	0.000
1003	  P	  0.1	  0.6	0.000	0.000	0.000
1004	  Q	  0.2	  0.6	0.000	0.000	0.000
1005	  N	  0.3	  0.9	0.000	0.000	0.000
1006	  I	  0.3	  0.6	0.000	0.000	0.000
1007	  G	  0.2	  0.5	0.000	0.000	0.000
1008	  A	  0.3	  0.5	0.000	0.000	0.000
1009	  A	  0.2	  0.2	0.000	0.000	0.000
1010	  R	  0.2	  0.0	0.000	0.000	0.000
1011	  P	  0.0	  0.0	0.000	0.000	0.000
1012	  I	  2.2	  0.0	0.000	0.000	0.000
1013	  K	  2.4	  0.1	0.000	0.000	0.000
1014	  R	  2.8	  0.1	0.000	0.000	0.000
1015	  S	  1.7	  0.1	3.314	0.000	0.000
1016	  L	  1.5	  0.3	3.314	0.000	0.000
1017	  E	  1.0	  0.3	3.895	0.000	0.000
1018	  D	  0.2	  0.8	8.415	0.000	0.000
1019	  L	  1.0	  0.8	8.415	0.000	0.000
1020	  D	  1.1	  0.6	10.857	0.000	0.000
1021	  L	  3.1	  0.6	10.826	2.894	2.894
1022	  V	  6.0	  0.0	10.826	2.894	2.894
1023	  I	  7.0	  0.2	10.826	2.894	2.894
1024	  A	  4.9	  0.3	10.826	2.894	2.894
1025	  G	  1.1	  0.4	10.506	2.894	2.894
1026	  K	  0.1	  0.4	5.579	0.000	0.000
1027	  K	  0.2	  0.2	0.960	0.000	0.000
1028	  A	  0.3	  0.1	0.000	0.000	0.000
1029	  R	  0.5	  0.0	0.000	0.000	0.000
1030	  A	  1.4	  0.0	0.000	0.000	0.000
1031	  V	  1.7	  0.0	0.000	0.000	0.000
1032	  S	  1.4	  0.3	0.000	0.000	0.000
1033	  P	  0.3	  0.3	0.000	0.000	0.000
1034	  L	  0.1	  0.3	0.000	0.000	0.000
1035	  D	  0.1	  5.5	0.157	0.000	0.000
1036	  P	  0.1	  5.3	0.157	0.000	0.000
1037	  S	  0.5	  5.4	0.284	0.000	0.000
1038	  K	  1.0	  5.4	0.284	0.000	0.000
1039	  E	  3.9	  0.2	0.284	0.000	0.000
1040	  V	  4.0	  0.3	0.284	0.000	0.000
1041	  S	  3.5	  0.4	1.205	0.000	0.000
1042	  G	  0.7	  0.5	1.048	0.000	0.000
1043	  K	  0.3	  0.5	1.048	0.000	0.000
1044	  E	  0.4	  0.3	0.921	0.000	0.000
1045	  K	  0.5	  0.2	0.921	0.000	0.000
1046	  A	  0.3	  0.1	0.921	0.000	0.000
1047	  S	  0.2	  0.2	0.676	0.000	0.000
1048	  E	  0.1	  0.2	0.287	0.000	0.000
1049	  Q	  0.1	  0.3	0.147	0.000	0.000
1050	  E	  0.1	  0.3	0.000	0.000	0.000
1051	  S	  0.1	  1.1	2.713	0.000	0.000
1052	  E	  0.0	  1.6	2.713	0.000	0.000
1053	  G	  0.0	  1.6	2.896	0.000	0.000
1054	  S	  0.1	  1.5	3.041	0.000	0.000
1055	  K	  0.3	  0.6	3.041	0.000	0.000
1056	  A	  0.4	  0.4	3.041	0.000	0.000
1057	  A	  0.3	  0.4	3.041	0.000	0.000
1058	  H	  0.2	  1.3	2.226	0.000	0.000
1059	  G	  0.1	  1.4	0.802	0.000	0.000
1060	  G	  0.0	  1.2	0.210	0.000	0.000
1061	  H	  0.1	  1.5	0.000	0.000	0.000
1062	  S	  0.1	  0.9	0.000	0.000	0.000
1063	  G	  0.1	  0.9	0.000	0.000	0.000
1064	  G	  0.0	  1.1	0.000	0.000	0.000
1065	  G	  0.0	  1.0	0.000	0.000	0.000
1066	  S	  0.0	  1.6	0.000	0.000	0.000
1067	  E	  0.0	  1.6	0.000	0.000	0.000
1068	  G	  0.0	  1.3	0.000	0.000	0.000
1069	  H	  1.4	  1.0	0.000	0.000	0.000
1070	  K	  1.5	  0.1	0.000	0.000	0.000
1071	  L	  1.5	  0.0	0.000	0.000	0.000
1072	  P	  0.1	  0.0	0.000	0.000	0.000
1073	  L	  0.6	  0.0	0.000	0.000	0.000
1074	  S	  0.6	  0.0	0.000	0.000	0.000
1075	  S	  0.7	  0.0	0.000	0.000	0.000
1076	  P	  0.0	  0.0	0.000	0.000	0.000
1077	  I	  0.1	  0.0	0.000	0.000	0.000
1078	  F	  0.1	  1.8	0.000	0.000	0.000
1079	  P	  0.1	  1.8	0.000	0.000	0.000
1080	  G	  0.0	  1.8	0.000	0.000	0.000
1081	  L	  0.6	  1.8	0.000	0.000	0.000
1082	  Y	  2.1	  0.3	0.000	0.000	0.000
1083	  S	  2.4	  1.2	0.000	0.000	0.000
1084	  G	  1.7	  1.3	0.000	0.000	0.000
1085	  S	  1.0	  1.3	0.000	0.000	0.000
1086	  L	  1.0	  1.0	0.000	0.000	0.000
1087	  C	  1.5	  0.3	0.000	0.000	0.000
1088	  N	  0.9	  0.3	0.000	0.000	0.000
1089	  S	  0.6	  0.5	0.000	0.000	0.000
1090	  G	  0.1	  0.6	0.000	0.000	0.000
1091	  L	  0.6	  0.4	0.000	0.000	0.000
1092	  N	  0.8	  0.4	0.000	0.000	0.000
1093	  S	  0.9	  0.2	0.000	0.000	0.000
1094	  R	  0.5	  0.1	0.000	0.000	0.000
1095	  L	  0.3	  0.3	0.000	0.000	0.000
1096	  P	  0.1	  0.6	0.000	0.000	0.000
1097	  A	  0.0	  0.6	0.000	0.000	0.000
1098	  G	  0.1	  0.6	0.000	0.000	0.000
1099	  Y	  2.3	  0.4	0.000	0.000	0.000
1100	  S	  3.7	  0.2	0.000	0.000	0.000
1101	  H	  3.8	  0.3	0.000	0.000	0.000
1102	  S	  2.3	  0.3	1.288	0.000	0.000
1103	  L	  2.4	  0.2	1.288	0.000	0.000
1104	  Q	  3.3	  0.1	1.288	0.000	0.000
1105	  Y	  3.5	  0.0	1.288	0.000	0.000
1106	  L	  2.1	  0.2	1.288	0.000	0.000
1107	  K	  1.1	  0.2	1.288	0.000	0.000
1108	  N	  0.4	  0.2	1.018	0.000	0.000
1109	  Q	  0.5	  0.2	0.431	0.000	0.000
1110	  T	  4.3	  0.1	0.000	0.000	0.000
1111	  V	  9.5	  0.0	0.000	0.000	0.000
1112	  L	  9.3	  0.0	0.000	0.000	0.000
1113	  S	  5.5	  0.2	0.000	0.000	0.000
1114	  P	  0.1	  0.2	0.000	0.000	0.000
1115	  L	  0.4	  0.2	0.000	0.000	0.000
1116	  M	  0.5	  0.2	0.000	0.000	0.000
1117	  Q	  0.5	  0.0	0.000	0.000	0.000
1118	  P	  0.1	  0.0	0.000	0.000	0.000
1119	  L	  0.3	  0.0	0.000	0.214	0.214
1120	  A	  0.8	  0.0	0.000	0.214	0.214
1121	  F	  1.3	  0.1	0.000	0.214	0.214
1122	  H	  1.3	  0.1	0.000	0.214	0.214
1123	  S	  1.1	  0.1	0.189	0.214	0.214
1124	  L	  2.8	  0.1	0.189	0.214	0.214
1125	  V	  5.4	  0.1	0.189	0.214	0.214
1126	  M	  5.2	  0.1	0.189	0.000	0.000
1127	  Q	  3.0	  0.2	0.189	0.000	0.000
1128	  R	  0.3	  0.2	0.189	0.000	0.000
1129	  G	  0.2	  0.2	0.189	0.000	0.000
1130	  I	  1.7	  0.1	0.000	0.000	0.000
1131	  F	  7.1	  0.0	0.000	0.000	0.000
1132	  T	  7.2	  0.0	0.000	0.000	0.000
1133	  S	  5.7	  0.5	0.000	0.000	0.000
1134	  P	  0.1	  0.6	0.000	0.000	0.000
1135	  T	  0.8	  0.6	0.000	0.000	0.000
1136	  N	  1.0	  0.7	0.000	0.000	0.000
1137	  S	  1.2	  0.3	0.152	0.000	0.000
1138	  Q	  0.7	  0.3	0.152	0.000	0.000
1139	  Q	  1.8	  0.2	0.152	0.000	0.000
1140	  L	  1.6	  0.1	0.152	0.000	0.000
1141	  Y	  3.0	  0.1	0.152	0.000	0.000
1142	  R	  2.4	  0.1	0.152	0.000	0.000
1143	  H	  2.5	  0.1	0.000	0.000	0.000
1144	  L	  0.9	  0.1	0.000	0.000	0.000
1145	  A	  0.4	  0.0	0.000	0.000	0.000
1146	  A	  0.2	  0.0	0.000	0.000	0.000
1147	  A	  0.2	  0.0	0.000	0.000	0.000
1148	  T	  0.2	  0.0	0.000	0.000	0.000
1149	  P	  0.1	  0.2	0.000	0.000	0.000
1150	  V	  0.2	  0.9	0.000	0.000	0.000
1151	  G	  0.2	  1.1	0.000	0.000	0.000
1152	  S	  0.4	  1.3	0.000	0.000	0.000
1153	  S	  1.0	  1.3	0.120	0.000	0.000
1154	  Y	  1.1	  6.8	0.120	0.000	0.000
1155	  G	  0.8	  6.6	0.120	0.000	0.000
1156	  D	  0.1	  6.4	0.120	0.000	0.000
1157	  L	  0.5	  6.3	0.120	0.000	0.000
1158	  L	  0.7	  0.1	0.120	0.000	0.000
1159	  H	  0.9	  0.1	0.120	0.000	0.000
1160	  N	  0.7	  0.1	0.000	0.000	0.000
1161	  S	  1.0	  0.1	0.000	0.000	0.000
1162	  I	  1.0	  0.1	0.000	0.000	0.000
1163	  Y	  0.7	  0.1	0.201	0.000	0.000
1164	  P	  0.2	  0.1	1.051	0.000	0.000
1165	  L	  0.1	  0.1	1.051	0.000	0.000
1166	  A	  0.3	  0.1	1.051	0.000	0.000
1167	  A	  0.8	  0.0	1.051	0.000	0.000
1168	  I	  1.0	  0.0	1.051	0.000	0.000
1169	  N	  0.8	  0.5	2.741	0.000	0.000
1170	  P	  0.3	  0.5	1.690	0.000	0.000
1171	  Q	  0.0	  0.5	1.690	0.000	0.000
1172	  A	  0.2	  0.5	1.690	0.000	0.000
1173	  A	  0.3	  0.0	1.690	0.000	0.000
1174	  F	  0.2	  0.4	1.690	0.000	0.000
1175	  P	  0.1	  0.6	0.000	0.000	0.000
1176	  S	  0.2	  0.7	0.000	0.000	0.000
1177	  S	  0.4	  0.7	0.000	0.000	0.000
1178	  Q	  1.1	  0.3	0.000	0.000	0.000
1179	  L	  1.3	  0.2	0.000	0.000	0.000
1180	  S	  1.3	  0.1	0.000	0.000	0.000
1181	  S	  3.5	  0.1	0.000	0.000	0.000
1182	  V	  3.5	  0.1	0.000	0.000	0.000
1183	  H	  3.3	  0.7	0.000	0.000	0.000
1184	  P	  0.4	  0.8	0.000	0.000	0.000
1185	  S	  0.3	  0.8	0.000	0.000	0.000
1186	  T	  1.0	  0.8	0.000	0.000	0.000
1187	  K	  1.0	  0.1	0.000	0.000	0.000
1188	  L	  0.7	  0.0	0.000	0.000	0.000
