res	aa	Beta	Turn	Helix	Aggregation	Conc-Stab_Aggregation
01	  M	  1.6	  0.0	0.000	0.000	0.000
02	  H	  2.2	  0.2	0.000	0.975	0.975
03	  W	  2.2	  0.5	0.000	9.434	9.434
04	  G	  0.6	  0.5	0.000	10.401	10.401
05	  T	  1.3	  0.5	0.200	22.511	22.511
06	  L	  1.5	  0.3	0.200	42.859	42.859
07	  C	  1.6	  0.0	0.200	46.555	46.555
08	  G	  0.3	  0.0	0.519	49.681	49.681
09	  F	  0.7	  0.0	0.519	50.206	50.206
10	  L	  1.2	  0.0	0.519	50.227	50.227
11	  W	  1.8	  0.0	0.519	49.898	49.898
12	  L	  1.3	  0.0	0.519	42.889	42.889
13	  W	  0.7	  0.3	0.519	2.743	2.743
14	  P	  0.1	  0.3	0.000	2.217	2.217
15	  Y	  0.7	  0.3	0.000	81.558	81.558
16	  L	  1.4	  0.3	0.000	83.258	83.258
17	  F	  2.9	  0.0	0.000	83.394	83.394
18	  Y	  3.6	  0.0	0.000	83.394	83.394
19	  V	  4.2	  0.0	0.000	83.325	83.325
20	  Q	  3.2	  0.0	0.000	7.655	7.655
21	  A	  1.8	  0.0	0.000	3.825	3.825
22	  V	  0.6	  0.0	0.000	0.450	0.450
23	  P	  0.1	  0.0	0.000	0.190	0.190
24	  I	  0.3	  0.0	0.000	0.000	0.000
25	  Q	  0.8	  0.0	0.000	0.000	0.000
26	  K	  2.4	  0.0	0.000	0.000	0.000
27	  V	  3.3	  0.1	0.000	0.000	0.000
28	  Q	  2.7	  0.2	0.000	0.000	0.000
29	  D	  1.1	  0.4	0.114	0.000	0.000
30	  D	  0.3	  0.4	0.735	0.000	0.000
31	  T	  1.8	  0.4	0.735	0.000	0.000
32	  K	  2.0	  0.3	0.735	0.000	0.000
33	  T	  2.3	  0.1	0.735	0.000	0.000
34	  L	  1.1	  0.1	0.735	0.000	0.000
35	  I	  2.3	  0.0	0.735	0.000	0.000
36	  K	  2.5	  0.0	0.735	0.000	0.000
37	  T	  6.5	  0.0	0.000	0.000	0.000
38	  I	  8.7	  0.0	0.000	0.000	0.000
39	  V	  9.3	  0.0	0.000	0.000	0.000
40	  T	  5.9	  0.0	0.000	0.000	0.000
41	  R	 15.9	  0.0	0.000	0.000	0.000
42	  I	 14.6	  0.0	0.000	0.000	0.000
43	  N	 13.9	  0.0	0.000	0.000	0.000
44	  D	  0.8	  0.3	0.000	0.000	0.000
45	  I	  1.2	  0.3	0.000	0.000	0.000
46	  S	  2.2	  0.3	0.000	0.000	0.000
47	  H	  2.5	  0.3	0.000	0.000	0.000
48	  T	  4.0	  0.1	0.000	0.000	0.000
49	  Q	  3.2	  0.1	0.000	0.000	0.000
50	  S	 12.9	  0.2	0.000	0.000	0.000
51	  V	 12.1	  0.3	0.000	0.000	0.000
52	  S	 11.8	  0.3	0.000	0.000	0.000
53	  S	  1.7	  0.3	0.000	0.000	0.000
54	  K	  0.6	  0.2	0.000	0.000	0.000
55	  Q	  1.0	  0.2	0.000	0.000	0.000
56	  K	  6.5	  0.1	0.000	0.000	0.000
57	  V	  6.9	  0.0	0.000	0.000	0.000
58	  T	  6.4	  0.1	0.000	0.000	0.000
59	  G	  0.8	  0.2	0.000	0.000	0.000
60	  L	  1.3	  0.2	0.000	0.000	0.000
61	  D	  2.1	  0.2	0.000	0.000	0.000
62	  F	  2.2	  0.2	0.000	0.000	0.000
63	  I	  1.0	  0.4	0.000	0.000	0.000
64	  P	  0.2	  0.4	0.000	0.000	0.000
65	  G	  0.1	  0.4	0.000	0.000	0.000
66	  L	  0.1	  0.4	0.000	0.000	0.000
67	  H	  0.1	  0.0	0.000	0.000	0.000
68	  P	  0.1	  0.0	0.000	0.000	0.000
69	  I	  1.8	  0.0	0.000	0.477	0.477
70	  L	  4.1	  0.0	0.000	0.477	0.477
71	  T	  9.7	  0.0	0.000	0.477	0.477
72	  L	  8.2	  0.0	0.000	0.477	0.477
73	  S	  6.1	  0.0	0.000	0.477	0.477
74	  K	  1.2	  0.2	0.000	0.000	0.000
75	  M	  1.0	  0.3	0.000	0.000	0.000
76	  D	  0.9	  0.3	0.763	0.000	0.000
77	  Q	  0.4	  0.3	0.763	0.000	0.000
78	  T	  0.6	  0.1	1.071	2.652	2.652
79	  L	  1.0	  0.1	1.071	4.798	4.798
80	  A	  1.4	  0.0	1.071	4.977	4.977
81	  V	  5.2	  0.0	1.071	5.314	5.314
82	  Y	  6.6	  0.1	1.071	5.314	5.314
83	  Q	  6.2	  0.1	0.597	2.999	2.999
84	  Q	  2.9	  0.1	0.341	2.583	2.583
85	  I	  2.8	  0.1	0.000	2.583	2.583
86	  L	  3.1	  0.0	0.000	2.405	2.405
87	  T	  3.4	  0.0	0.000	0.829	0.829
88	  S	  1.8	  0.0	0.000	0.000	0.000
89	  M	  1.2	  0.4	0.000	0.000	0.000
90	  P	  0.1	  0.4	0.000	0.000	0.000
91	  S	  0.3	  1.4	0.000	0.000	0.000
92	  R	  0.7	  1.4	0.000	0.000	0.000
93	  N	  4.0	  1.0	0.000	0.000	0.000
94	  V	  5.9	  1.0	0.000	1.003	1.003
95	  I	  6.7	  0.0	0.000	1.003	1.003
96	  Q	  4.1	  0.0	0.000	1.003	1.003
97	  I	  2.0	  0.1	0.000	1.003	1.003
98	  S	  0.9	  0.5	0.000	1.003	1.003
99	  N	  0.1	  0.6	1.520	0.000	0.000
100	  D	  0.2	  0.6	7.578	0.000	0.000
101	  L	  0.3	  0.6	8.348	0.000	0.000
102	  E	  0.3	  0.2	9.079	0.000	0.000
103	  N	  0.7	  0.2	13.490	0.000	0.000
104	  L	  0.7	  0.3	13.674	0.000	0.000
105	  R	  0.8	  0.2	13.551	0.000	0.000
106	  D	  0.2	  0.2	14.767	0.000	0.000
107	  L	  0.5	  0.2	14.388	10.051	10.051
108	  L	  1.5	  0.0	14.388	13.581	13.581
109	  H	  2.9	  0.0	14.216	13.581	13.581
110	  V	  3.5	  0.0	12.754	14.739	14.739
111	  L	  2.6	  0.0	12.754	14.739	14.739
112	  A	  1.6	  0.0	12.464	13.073	13.073
113	  F	  2.5	  0.0	12.033	11.678	11.678
114	  S	  4.3	  1.1	3.277	2.319	2.319
115	  K	  4.8	  1.1	0.544	0.000	0.000
116	  S	  6.5	  1.1	0.000	0.000	0.000
117	  C	  7.1	  1.1	0.000	0.000	0.000
118	  H	  6.2	  0.0	0.000	0.000	0.000
119	  L	  2.9	  0.0	0.000	0.000	0.000
120	  P	  0.1	  0.0	0.000	0.000	0.000
121	  W	  0.5	  0.5	0.000	0.000	0.000
122	  A	  0.6	  0.6	0.000	0.000	0.000
123	  S	  0.6	  0.7	0.000	0.000	0.000
124	  G	  0.1	  0.7	0.149	0.000	0.000
125	  L	  0.1	  0.2	0.149	0.000	0.000
126	  E	  0.1	  0.1	0.149	0.000	0.000
127	  T	  1.6	  0.2	0.149	0.000	0.000
128	  L	  1.9	  0.3	0.149	0.000	0.000
129	  D	  1.8	  0.6	0.149	0.000	0.000
130	  S	  0.5	  0.6	0.000	0.000	0.000
131	  L	  0.2	  1.8	0.000	0.000	0.000
132	  G	  0.2	  1.7	0.000	0.000	0.000
133	  G	  0.0	  1.3	0.127	0.000	0.000
134	  V	  1.5	  1.3	0.127	0.000	0.000
135	  L	  1.7	  0.0	0.127	0.000	0.000
136	  E	  1.8	  0.3	0.127	0.000	0.000
137	  A	  0.4	  0.5	0.127	0.000	0.000
138	  S	  0.3	  0.5	0.127	0.000	0.000
139	  G	  0.2	  0.5	0.000	0.000	0.000
140	  Y	  1.0	  0.3	0.000	0.000	0.000
141	  S	  1.1	  0.1	0.988	0.000	0.000
142	  T	  1.4	  0.1	1.443	0.000	0.000
143	  E	  1.1	  0.1	1.443	0.000	0.000
144	  V	  5.4	  0.0	1.443	11.486	11.486
145	  V	  8.4	  0.0	1.443	11.486	11.486
146	  A	  8.1	  0.0	1.443	11.486	11.486
147	  L	  3.8	  0.0	1.443	11.486	11.486
148	  S	  0.5	  0.1	1.297	11.486	11.486
149	  R	  0.6	  0.1	0.596	0.000	0.000
150	  L	  0.6	  0.4	0.170	0.000	0.000
151	  Q	  0.5	  0.6	0.170	0.000	0.000
152	  G	  0.1	  0.6	0.000	0.000	0.000
153	  S	  0.7	  0.6	1.010	0.000	0.000
154	  L	  0.9	  0.5	1.010	0.000	0.000
155	  Q	  1.0	  0.2	1.010	0.000	0.000
156	  D	  0.3	  0.2	1.010	0.000	0.000
157	  M	  0.7	  0.2	1.010	0.000	0.000
158	  L	  0.7	  0.0	1.010	0.000	0.000
159	  W	  2.8	  0.0	1.010	0.000	0.000
160	  Q	  2.9	  0.0	0.810	0.000	0.000
161	  L	  3.7	  0.1	0.281	0.000	0.000
162	  D	  2.0	  0.1	0.142	0.000	0.000
163	  L	  1.4	  0.0	0.000	0.000	0.000
164	  S	  0.4	  4.2	0.000	0.000	0.000
165	  P	  0.1	  4.2	0.000	0.000	0.000
166	  G	  0.0	  4.2	0.000	0.000	0.000
167	  C	  0.0	  4.2	0.000	0.000	0.000
