res	aa	Beta	Turn	Helix	Aggregation	Conc-Stab_Aggregation
01	  M	  0.6	  0.0	0.000	0.000	0.000
02	  L	  0.7	  0.0	0.000	0.000	0.000
03	  S	  0.7	  0.1	0.000	0.000	0.000
04	  R	  0.5	  0.1	0.000	0.000	0.000
05	  A	  0.5	  0.1	0.000	0.000	0.000
06	  V	  0.9	  0.0	0.000	0.000	0.000
07	  C	  0.6	  0.2	0.000	0.000	0.000
08	  G	  0.4	  0.2	0.000	0.000	0.000
09	  T	  0.6	  0.3	0.000	0.000	0.000
10	  S	  0.9	  0.3	0.000	0.000	0.000
11	  R	  1.6	  0.2	0.000	0.000	0.000
12	  Q	  1.3	  0.2	0.000	0.000	0.000
13	  L	  1.1	  0.1	0.000	0.000	0.000
14	  A	  0.4	  0.0	0.000	0.000	0.000
15	  P	  0.0	  0.0	0.000	0.000	0.000
16	  V	  0.6	  0.0	0.000	6.502	6.502
17	  L	  0.7	  0.0	0.000	6.502	6.502
18	  G	  0.7	  0.0	0.000	6.502	6.502
19	  Y	  0.5	  0.1	0.000	6.502	6.502
20	  L	  0.4	  0.5	0.000	6.502	6.502
21	  G	  0.4	  0.6	0.129	0.207	0.207
22	  S	  0.3	  0.6	0.129	0.000	0.000
23	  R	  0.6	  0.5	0.129	0.000	0.000
24	  Q	  0.7	  0.2	0.129	0.000	0.000
25	  K	  0.5	  0.2	0.129	0.000	0.000
26	  H	  0.6	  0.1	0.129	0.000	0.000
27	  S	  0.5	  0.1	0.000	0.000	0.000
28	  L	  0.5	  0.8	0.000	0.000	0.000
29	  P	  0.1	  0.8	0.000	0.000	0.000
30	  D	  0.0	  0.8	0.000	0.000	0.000
31	  L	  0.0	  1.0	0.000	0.000	0.000
32	  P	  0.0	  0.3	0.000	0.000	0.000
33	  Y	  2.4	  0.3	0.000	0.000	0.000
34	  D	  2.4	  0.6	0.000	0.000	0.000
35	  Y	  2.6	  1.4	0.000	0.000	0.000
36	  G	  0.2	  1.3	0.000	0.000	0.000
37	  A	  0.4	  1.3	0.000	0.000	0.000
38	  L	  0.3	  1.0	0.000	0.000	0.000
39	  E	  0.3	  0.0	0.000	0.000	0.000
40	  P	  0.1	  0.0	0.000	0.000	0.000
41	  H	  6.8	  0.0	0.000	0.000	0.000
42	  I	  7.7	  0.0	0.000	0.000	0.000
43	  N	  7.8	  0.0	0.622	0.000	0.000
44	  A	  1.4	  0.0	0.622	0.000	0.000
45	  Q	  1.3	  0.0	0.622	0.000	0.000
46	  I	  3.0	  0.0	0.622	0.000	0.000
47	  M	  4.6	  0.0	0.622	0.000	0.000
48	  Q	  4.3	  0.0	0.622	0.000	0.000
49	  L	  3.1	  0.0	0.419	0.000	0.000
50	  H	  1.5	  0.1	0.290	0.000	0.000
51	  H	  1.0	  0.2	0.000	0.000	0.000
52	  S	  0.6	  0.3	0.000	0.000	0.000
53	  K	  0.5	  0.3	0.000	0.000	0.000
54	  H	  0.9	  0.3	0.000	0.000	0.000
55	  H	  0.9	  0.1	0.000	0.000	0.000
56	  A	  0.8	  0.0	0.000	0.000	0.000
57	  A	  0.6	  0.0	0.000	0.000	0.000
58	  Y	  2.2	  0.1	0.000	0.000	0.000
59	  V	  2.7	  0.1	0.000	0.000	0.000
60	  N	  2.3	  0.1	0.000	0.000	0.000
61	  N	  0.9	  0.5	0.000	0.000	0.000
62	  L	  3.5	  0.4	0.000	0.000	0.000
63	  N	  5.6	  0.4	0.000	0.000	0.000
64	  V	  6.0	  0.4	0.000	0.000	0.000
65	  T	  2.9	  0.1	0.785	0.000	0.000
66	  E	  0.9	  0.1	1.010	0.000	0.000
67	  E	  0.4	  0.1	1.932	0.000	0.000
68	  K	  1.3	  0.1	2.864	0.000	0.000
69	  Y	  2.2	  0.1	3.136	0.000	0.000
70	  Q	  2.1	  0.1	3.407	0.000	0.000
71	  E	  1.2	  0.1	3.521	0.000	0.000
72	  A	  0.1	  0.1	3.521	0.000	0.000
73	  L	  0.1	  0.2	3.521	0.000	0.000
74	  A	  0.1	  0.5	3.521	0.000	0.000
75	  K	  0.1	  0.9	3.106	0.000	0.000
76	  G	  0.0	  0.9	1.539	0.000	0.000
77	  D	  1.1	  0.7	1.385	0.000	0.000
78	  V	  4.1	  0.3	1.508	0.255	0.255
79	  T	  5.2	  0.0	2.613	0.255	0.255
80	  A	  4.4	  0.0	2.613	0.255	0.255
81	  Q	  1.8	  0.0	2.613	0.255	0.255
82	  I	  3.4	  0.0	2.346	0.255	0.255
83	  A	  3.5	  0.0	2.346	0.255	0.255
84	  L	  3.2	  0.0	2.346	0.255	0.255
85	  Q	  0.6	  0.0	1.994	0.000	0.000
86	  P	  0.1	  0.0	0.178	0.000	0.000
87	  A	  0.2	  0.0	0.178	0.000	0.000
88	  L	  1.1	  0.0	0.178	0.000	0.000
89	  K	  2.0	  0.0	0.178	0.000	0.000
90	  F	  2.3	  0.9	0.178	0.000	0.000
91	  N	  1.4	  1.0	0.000	0.000	0.000
92	  G	  0.6	  1.3	0.000	0.000	0.000
93	  G	  0.0	  1.4	0.000	0.000	0.000
94	  G	  0.1	  0.5	0.000	0.000	0.000
95	  H	  6.8	  0.4	0.000	0.000	0.000
96	  I	  7.3	  0.1	0.000	0.000	0.000
97	  N	  7.3	  0.2	0.000	0.000	0.000
98	  H	  0.8	  0.2	0.000	0.000	0.000
99	  S	  0.6	  0.1	0.000	2.511	2.511
100	  I	  1.5	  0.1	0.000	6.198	6.198
101	  F	  2.1	  0.0	0.000	6.517	6.517
102	  W	  2.8	  0.1	0.000	6.517	6.517
103	  T	  2.1	  0.1	0.000	6.517	6.517
104	  N	  1.7	  0.1	0.000	4.393	4.393
105	  L	  0.7	  0.1	0.000	3.822	3.822
106	  S	  0.5	 15.0	0.000	0.000	0.000
107	  P	  0.1	 15.1	0.000	0.000	0.000
108	  N	  0.0	 15.3	0.000	0.000	0.000
109	  G	  0.0	 15.5	0.000	0.000	0.000
110	  G	  0.0	  0.5	0.000	0.000	0.000
111	  G	  0.0	  0.4	0.000	0.000	0.000
112	  E	  0.0	  0.5	0.282	0.000	0.000
113	  P	  0.0	  0.8	1.003	0.000	0.000
114	  K	  0.1	  0.9	1.279	0.000	0.000
115	  G	  0.0	  0.9	4.692	0.000	0.000
116	  E	  0.1	  0.6	5.697	0.000	0.000
117	  L	  0.1	  0.1	6.721	0.000	0.000
118	  L	  0.3	  0.1	7.698	0.000	0.000
119	  E	  0.3	  0.0	7.964	0.000	0.000
120	  A	  0.7	  0.0	7.964	0.000	0.000
121	  I	  2.5	  0.0	7.773	0.000	0.000
122	  K	  2.6	  0.3	7.773	0.000	0.000
123	  R	  2.3	  0.3	5.435	0.000	0.000
124	  D	  0.3	  0.9	3.751	0.000	0.000
125	  F	  0.3	  2.2	0.476	0.000	0.000
126	  G	  0.2	  1.9	0.000	0.000	0.000
127	  S	  7.7	  2.2	0.000	0.000	0.000
128	  F	  8.0	  1.6	0.000	0.000	0.000
129	  D	  8.0	  0.3	0.357	0.000	0.000
130	  K	  1.5	  0.3	0.357	0.000	0.000
131	  F	  1.8	  0.1	0.357	0.000	0.000
132	  K	  2.0	  0.1	0.357	0.000	0.000
133	  E	  1.0	  0.1	0.357	0.000	0.000
134	  K	  2.3	  0.1	0.357	0.000	0.000
135	  L	  2.8	  0.1	0.114	1.165	1.165
136	  T	  3.1	  0.0	0.114	1.165	1.165
137	  A	  1.2	  0.1	0.114	1.165	1.165
138	  A	  0.9	  0.1	0.114	1.165	1.165
139	  S	  1.0	  0.3	0.000	1.165	1.165
140	  V	  1.3	  0.3	0.000	1.165	1.165
141	  G	  0.8	  0.2	0.000	0.597	0.597
142	  V	  0.7	  0.3	0.000	0.597	0.597
143	  Q	  0.2	  0.7	0.000	0.000	0.000
144	  G	  0.2	  1.1	0.000	0.000	0.000
145	  S	  0.0	  1.1	0.000	0.000	0.000
146	  G	  0.0	  1.2	0.000	0.000	0.000
147	  W	  0.1	  0.6	0.000	0.209	0.209
148	  G	  0.1	  0.3	0.000	0.209	0.209
149	  W	  0.2	  0.3	0.000	0.372	0.372
150	  L	  0.1	  0.0	0.000	0.372	0.372
151	  G	  0.3	  0.0	0.000	0.372	0.372
152	  F	  0.9	  0.0	0.000	0.372	0.372
153	  N	  0.9	  0.1	0.161	0.163	0.163
154	  K	  1.0	  0.3	0.161	0.000	0.000
155	  E	  0.3	  0.4	0.161	0.000	0.000
156	  R	  0.2	  0.4	0.161	0.000	0.000
157	  G	  0.1	  0.3	0.322	0.000	0.000
158	  H	  0.7	  0.2	0.558	0.000	0.000
159	  L	  2.3	  0.0	0.605	0.000	0.000
160	  Q	  2.7	  0.0	0.605	0.000	0.000
161	  I	  3.0	  0.0	0.605	0.000	0.000
162	  A	  1.4	  0.0	0.605	0.000	0.000
163	  A	  1.0	  0.0	0.605	0.000	0.000
164	  C	  0.1	  1.4	0.605	0.000	0.000
165	  P	  0.0	  1.5	0.000	0.000	0.000
166	  N	  0.2	  1.5	0.000	0.000	0.000
167	  Q	  0.2	  1.5	0.000	0.000	0.000
168	  D	  0.2	  0.4	0.000	0.000	0.000
169	  P	  0.0	  0.4	0.000	0.000	0.000
170	  L	  0.0	  0.5	0.000	0.000	0.000
171	  Q	  0.0	  0.7	0.000	0.000	0.000
172	  G	  0.1	  0.5	0.000	0.000	0.000
173	  T	  0.1	  0.5	0.000	0.000	0.000
174	  T	  0.2	  0.4	0.000	0.000	0.000
175	  G	  0.2	  0.2	0.000	0.000	0.000
176	  L	  0.2	  0.1	0.000	0.000	0.000
177	  I	  0.2	  0.0	0.000	0.000	0.000
178	  P	  0.1	  0.0	0.000	0.000	0.000
179	  L	  0.1	  0.0	0.000	0.000	0.000
180	  L	  0.2	  0.1	0.000	0.000	0.000
181	  G	  0.5	  0.1	0.000	0.000	0.000
182	  I	  7.4	  0.1	0.000	0.000	0.000
183	  D	  9.1	  0.1	0.355	0.000	0.000
184	  V	 11.1	  0.0	0.355	0.000	0.000
185	  W	  5.5	  0.1	0.457	0.000	0.000
186	  E	  3.4	  0.1	0.457	0.000	0.000
187	  H	  1.6	  0.2	0.741	0.000	0.000
188	  A	  0.8	  0.2	0.889	1.383	1.383
189	  Y	  1.7	  0.1	0.889	1.553	1.553
190	  Y	  2.2	  0.1	0.889	1.553	1.553
191	  L	  3.4	  0.0	0.754	1.553	1.553
192	  Q	  4.3	  0.0	0.754	1.553	1.553
193	  Y	  4.1	  0.4	0.754	1.234	1.234
194	  K	  2.8	  0.4	0.754	0.000	0.000
195	  N	  7.1	  0.4	0.000	0.000	0.000
196	  V	  6.9	  0.4	0.000	0.000	0.000
197	  R	  6.7	  1.8	0.000	0.000	0.000
198	  P	  0.4	  1.8	0.000	0.000	0.000
199	  D	  0.0	  1.8	0.863	0.488	0.488
200	  Y	  0.9	  1.8	0.863	0.488	0.488
201	  L	  1.2	  0.0	0.863	0.488	0.488
202	  K	  1.4	  0.0	0.863	0.488	0.488
203	  A	  0.8	  0.0	0.863	9.456	9.456
204	  I	  0.6	  0.0	0.863	19.683	19.683
205	  W	  3.3	  0.0	0.863	19.683	19.683
206	  N	  6.2	  0.0	0.595	19.683	19.683
207	  V	 11.6	  0.0	0.142	19.683	19.683
208	  I	 12.4	  0.0	0.142	19.363	19.363
209	  N	 10.9	  0.0	0.142	11.545	11.545
210	  W	  5.8	  0.4	0.000	9.344	9.344
211	  E	  2.3	  0.4	0.000	0.000	0.000
212	  N	  2.5	  0.4	0.260	0.000	0.000
213	  V	  2.8	  0.4	0.260	0.000	0.000
214	  T	  3.0	  0.1	0.630	0.000	0.000
215	  E	  1.2	  0.1	0.630	0.000	0.000
216	  R	  1.1	  0.1	0.630	0.000	0.000
217	  Y	  1.6	  0.1	0.630	0.000	0.000
218	  M	  1.8	  0.0	0.371	0.000	0.000
219	  A	  1.3	  0.0	0.371	0.000	0.000
220	  C	  1.2	  0.0	0.371	0.000	0.000
221	  K	  0.7	  0.0	0.202	0.000	0.000
222	  K	  0.7	  0.0	0.000	0.000	0.000
