res	aa	Beta	Turn	Helix	Aggregation	Conc-Stab_Aggregation
01	  M	  0.6	  0.0	0.000	0.000	0.000
02	  L	  2.1	  0.0	0.000	1.680	1.680
03	  S	  2.8	  0.0	0.000	1.842	1.842
04	  F	  3.2	  0.0	0.000	4.580	4.580
05	  V	  2.2	  0.0	0.000	4.805	4.805
06	  D	  1.8	  0.1	28.831	4.821	4.821
07	  T	  1.3	  0.1	29.594	4.821	4.821
08	  R	  0.9	  0.1	29.594	4.821	4.821
09	  T	  1.2	  0.1	29.974	31.073	31.073
10	  L	  1.4	  0.0	29.974	74.922	74.922
11	  L	  1.8	  0.0	29.974	93.888	93.888
12	  L	  1.4	  0.0	28.765	97.101	97.101
13	  L	  1.0	  0.0	27.345	97.656	97.656
14	  A	  0.7	  0.0	24.120	97.525	97.525
15	  V	  5.6	  0.0	17.556	97.194	97.194
16	  T	  6.3	  0.0	16.243	90.858	90.858
17	  L	  6.8	  0.0	15.484	86.570	86.570
18	  C	  3.5	  0.0	14.122	63.001	63.001
19	  L	  2.6	  0.1	5.725	58.771	58.771
20	  A	  1.9	  0.1	4.369	35.634	35.634
21	  T	  5.7	  0.1	1.262	14.873	14.873
22	  C	  6.3	  0.3	0.884	2.547	2.547
23	  Q	  6.2	  0.2	0.551	0.405	0.405
24	  S	  1.4	  0.2	0.788	0.322	0.322
25	  L	  0.9	  0.2	0.817	0.312	0.312
26	  Q	  0.7	  0.1	1.208	0.003	0.003
27	  E	  0.1	  0.1	1.426	0.000	0.000
28	  E	  0.1	  0.1	1.574	0.000	0.000
29	  T	  7.9	  0.1	1.574	0.000	0.000
30	  V	  8.6	  0.1	1.574	0.000	0.000
31	  R	  8.6	  0.1	1.574	0.000	0.000
32	  K	  0.8	  0.1	1.458	0.000	0.000
33	  G	  0.0	  0.4	1.080	0.000	0.000
34	  P	  0.0	  0.8	0.000	0.000	0.000
35	  A	  0.0	  1.7	0.000	0.000	0.000
36	  G	  0.0	  1.9	0.000	0.000	0.000
37	  D	  0.0	  1.5	0.000	0.000	0.000
38	  R	  0.0	  1.1	0.000	0.000	0.000
39	  G	  0.0	  1.0	0.000	0.000	0.000
40	  P	  0.0	  1.0	0.000	0.000	0.000
41	  R	  0.0	  1.1	0.000	0.000	0.000
42	  G	  0.1	  1.3	0.000	0.000	0.000
43	  E	  0.1	  0.5	0.000	0.000	0.000
44	  R	  0.0	  0.3	0.000	0.000	0.000
45	  G	  0.0	  0.3	0.000	0.000	0.000
46	  P	  0.0	  0.0	0.000	0.000	0.000
47	  P	  0.0	  0.0	0.000	0.000	0.000
48	  G	  0.0	  0.0	0.000	0.000	0.000
49	  P	  0.0	  2.3	0.000	0.000	0.000
50	  P	  0.0	  2.5	0.000	0.000	0.000
51	  G	  0.0	  3.4	0.000	0.000	0.000
52	  R	  0.0	  3.6	0.000	0.000	0.000
53	  D	  0.0	  1.5	0.000	0.000	0.000
54	  G	  0.0	  2.6	0.000	0.000	0.000
55	  E	  0.0	  1.8	0.000	0.000	0.000
56	  D	  0.0	  1.6	0.000	0.000	0.000
57	  G	  0.0	  2.6	0.000	0.000	0.000
58	  P	  0.0	  1.3	0.000	0.000	0.000
59	  T	  0.0	  1.3	0.000	0.000	0.000
60	  G	  0.0	  1.1	0.000	0.000	0.000
61	  P	  0.0	  0.0	0.000	0.000	0.000
62	  P	  0.0	  0.0	0.000	0.000	0.000
63	  G	  0.0	  0.0	0.000	0.000	0.000
64	  P	  0.0	  0.0	0.000	0.000	0.000
65	  P	  0.0	  0.0	0.000	0.000	0.000
66	  G	  0.0	  0.0	0.000	0.000	0.000
67	  P	  0.0	  0.0	0.000	0.000	0.000
68	  P	  0.0	  0.0	0.000	0.000	0.000
69	  G	  0.0	  0.0	0.000	0.000	0.000
70	  P	  0.0	  0.9	0.000	0.000	0.000
71	  P	  0.0	  1.0	0.000	0.000	0.000
72	  G	  0.0	  1.0	0.000	0.000	0.000
73	  L	  0.0	  1.3	0.000	0.000	0.000
74	  G	  0.0	  1.5	0.000	0.000	0.000
75	  G	  0.0	  1.5	0.000	0.000	0.000
76	  N	  0.1	  1.5	0.281	0.000	0.000
77	  F	  0.9	  1.1	0.281	0.000	0.000
78	  A	  0.9	  0.0	0.281	0.000	0.000
79	  A	  1.1	  0.0	0.281	0.000	0.000
80	  Q	  2.1	  0.2	0.281	0.000	0.000
81	  Y	  2.4	  2.3	0.281	0.000	0.000
82	  D	  2.1	  2.6	0.149	0.000	0.000
83	  G	  0.4	  3.0	0.000	0.000	0.000
84	  K	  0.0	  2.8	0.000	0.000	0.000
85	  G	  0.0	  0.7	0.000	0.000	0.000
86	  V	  0.3	  0.5	0.000	0.000	0.000
87	  G	  0.3	  0.1	0.000	0.000	0.000
88	  L	  0.3	  0.2	0.000	0.000	0.000
89	  G	  0.0	  0.2	0.000	0.000	0.000
90	  P	  0.0	  0.2	0.000	0.000	0.000
91	  G	  0.0	  0.6	0.000	0.000	0.000
92	  P	  0.0	  0.5	0.000	0.000	0.000
93	  M	  0.3	  0.6	0.000	0.000	0.000
94	  G	  0.3	  0.5	0.000	0.000	0.000
95	  L	  0.5	  0.1	0.000	0.000	0.000
96	  M	  0.2	  0.1	0.000	0.000	0.000
97	  G	  0.2	  0.8	0.000	0.000	0.000
98	  P	  0.0	  0.8	0.000	0.000	0.000
99	  R	  0.0	  0.8	0.000	0.000	0.000
100	  G	  0.0	  0.8	0.000	0.000	0.000
101	  P	  0.0	  1.8	0.000	0.000	0.000
102	  P	  0.0	  1.9	0.000	0.000	0.000
103	  G	  0.0	  2.0	0.000	0.000	0.000
104	  A	  0.1	  2.4	0.000	0.000	0.000
105	  A	  0.1	  0.6	0.000	0.000	0.000
106	  G	  0.1	  0.5	0.000	0.000	0.000
107	  A	  0.0	  0.4	0.000	0.000	0.000
108	  P	  0.0	  0.0	0.000	0.000	0.000
109	  G	  0.0	  1.0	0.000	0.000	0.000
110	  P	  0.0	  1.3	0.000	0.000	0.000
111	  Q	  0.0	  1.3	0.000	0.000	0.000
112	  G	  0.1	  1.3	0.000	0.000	0.000
113	  F	  0.5	  0.3	0.000	0.000	0.000
114	  Q	  0.5	  0.0	0.000	0.000	0.000
115	  G	  0.5	  0.4	0.000	0.000	0.000
116	  P	  0.0	  0.9	0.000	0.000	0.000
117	  A	  0.0	  0.9	0.000	0.000	0.000
118	  G	  0.0	  0.9	0.000	0.000	0.000
119	  E	  0.0	  1.4	0.000	0.000	0.000
120	  P	  0.0	  0.9	0.000	0.000	0.000
121	  G	  0.0	  0.9	0.000	0.000	0.000
122	  E	  0.0	  2.2	0.000	0.000	0.000
123	  P	  0.0	  1.4	0.000	0.000	0.000
124	  G	  0.0	  1.7	0.000	0.000	0.000
125	  Q	  0.0	  1.7	0.000	0.000	0.000
126	  T	  0.0	  0.4	0.000	0.000	0.000
127	  G	  0.0	  0.7	0.000	0.000	0.000
128	  P	  0.0	  0.9	0.000	0.000	0.000
129	  A	  0.0	  1.0	0.000	0.000	0.000
130	  G	  0.0	  1.3	0.000	0.000	0.000
131	  A	  0.1	  0.9	0.000	0.000	0.000
132	  R	  0.1	  0.5	0.000	0.000	0.000
133	  G	  0.1	  0.7	0.000	0.000	0.000
134	  P	  0.0	  0.4	0.000	0.000	0.000
135	  A	  0.0	  0.4	0.000	0.000	0.000
136	  G	  0.0	  0.4	0.000	0.000	0.000
137	  P	  0.0	  2.7	0.000	0.000	0.000
138	  P	  0.0	  2.8	0.000	0.000	0.000
139	  G	  0.1	  2.9	0.000	0.000	0.000
140	  K	  0.1	  3.2	0.000	0.000	0.000
141	  A	  0.1	  0.6	0.000	0.000	0.000
142	  G	  0.1	  1.8	0.000	0.000	0.000
143	  E	  0.0	  2.1	0.000	0.000	0.000
144	  D	  0.0	  1.8	0.000	0.000	0.000
145	  G	  0.0	  1.7	0.000	0.000	0.000
146	  H	  0.0	  5.2	0.000	0.000	0.000
147	  P	  0.0	  4.7	0.000	0.000	0.000
148	  G	  0.0	  4.7	0.000	0.000	0.000
149	  K	  0.0	  6.3	0.000	0.000	0.000
150	  P	  0.0	  1.5	0.000	0.000	0.000
151	  G	  0.0	  1.5	0.000	0.000	0.000
152	  R	  0.0	  2.9	0.000	0.000	0.000
153	  P	  0.0	  1.5	0.000	0.000	0.000
154	  G	  0.0	  1.8	0.000	0.000	0.000
155	  E	  0.0	  1.9	0.000	0.000	0.000
156	  R	  0.1	  0.5	0.000	0.000	0.000
157	  G	  0.1	  0.4	0.000	0.000	0.000
158	  V	  1.2	  0.1	0.000	0.000	0.000
159	  V	  1.2	  0.1	0.000	0.000	0.000
160	  G	  1.1	  1.0	0.000	0.000	0.000
161	  P	  0.0	  1.3	0.000	0.000	0.000
162	  Q	  0.0	  1.4	0.000	0.000	0.000
163	  G	  0.0	  1.7	0.000	0.000	0.000
164	  A	  0.1	  0.9	0.000	0.000	0.000
165	  R	  0.3	  0.6	0.000	0.000	0.000
166	  G	  0.3	  0.5	0.000	0.000	0.000
167	  F	  0.2	  1.2	0.000	0.000	0.000
168	  P	  0.0	  1.0	0.000	0.000	0.000
169	  G	  0.0	  1.0	0.000	0.000	0.000
170	  T	  0.0	  1.8	0.000	0.000	0.000
171	  P	  0.0	  0.8	0.000	0.000	0.000
172	  G	  0.0	  0.8	0.000	0.000	0.000
173	  L	  0.0	  3.8	0.000	0.000	0.000
174	  P	  0.0	  3.0	0.000	0.000	0.000
175	  G	  0.0	  3.0	0.000	0.000	0.000
176	  F	  0.4	  4.2	0.000	0.000	0.000
177	  K	  0.4	  1.3	0.000	0.000	0.000
178	  G	  0.5	  1.3	0.000	0.000	0.000
179	  I	  2.5	  1.4	0.000	0.000	0.000
180	  R	  2.5	  0.2	0.000	0.000	0.000
181	  G	  2.4	  0.4	0.000	0.000	0.000
182	  H	  0.1	  1.7	0.000	0.000	0.000
183	  N	  0.1	  1.6	0.000	0.000	0.000
184	  G	  0.1	  2.1	0.000	0.000	0.000
185	  L	  0.1	  2.1	0.000	0.000	0.000
186	  D	  0.1	  0.8	0.165	0.000	0.000
187	  G	  0.1	  0.8	0.165	0.000	0.000
188	  L	  0.1	  0.9	0.165	0.000	0.000
189	  K	  0.1	  0.7	0.165	0.000	0.000
190	  G	  0.1	  0.7	0.165	0.000	0.000
191	  Q	  0.0	  1.8	0.165	0.000	0.000
192	  P	  0.0	  1.1	0.000	0.000	0.000
193	  G	  0.0	  1.1	0.000	0.000	0.000
194	  A	  0.0	  2.3	0.000	0.000	0.000
195	  P	  0.0	  1.1	0.000	0.000	0.000
196	  G	  0.1	  1.1	0.000	0.000	0.000
197	  V	  0.6	  1.6	0.000	0.000	0.000
198	  K	  0.7	  0.5	0.000	0.000	0.000
199	  G	  0.7	  0.5	0.000	0.000	0.000
200	  E	  0.1	  1.4	0.000	0.000	0.000
201	  P	  0.0	  0.9	0.000	0.000	0.000
202	  G	  0.0	  0.9	0.000	0.000	0.000
203	  A	  0.0	  2.3	0.000	0.000	0.000
204	  P	  0.0	  1.6	0.000	0.000	0.000
205	  G	  0.0	  2.8	0.000	0.000	0.000
206	  E	  0.0	  4.3	0.000	0.000	0.000
207	  N	  0.0	  2.8	0.000	0.000	0.000
208	  G	  0.0	  2.7	0.000	0.000	0.000
209	  T	  0.0	  4.0	0.000	0.000	0.000
210	  P	  0.0	  2.5	0.000	0.000	0.000
211	  G	  0.0	  2.7	0.000	0.000	0.000
212	  Q	  0.0	  2.8	0.000	0.000	0.000
213	  T	  0.1	  0.6	0.000	0.000	0.000
214	  G	  0.0	  0.8	0.000	0.000	0.000
215	  A	  0.1	  0.6	0.000	0.000	0.000
216	  R	  0.2	  0.6	0.000	0.000	0.000
217	  G	  0.2	  0.4	0.000	0.000	0.000
218	  L	  0.1	  1.4	0.000	0.000	0.000
219	  P	  0.0	  1.4	0.000	0.000	0.000
220	  G	  0.0	  1.6	0.000	0.000	0.000
221	  E	  0.0	  1.8	0.000	0.000	0.000
222	  R	  0.1	  0.5	0.000	0.000	0.000
223	  G	  0.1	  0.4	0.000	0.000	0.000
224	  R	  0.5	  0.2	0.000	0.000	0.000
225	  V	  0.7	  0.0	0.000	0.000	0.000
226	  G	  0.7	  0.0	0.000	0.000	0.000
227	  A	  0.3	  0.0	0.000	0.000	0.000
228	  P	  0.0	  0.0	0.000	0.000	0.000
229	  G	  0.0	  0.4	0.000	0.000	0.000
230	  P	  0.0	  0.9	0.000	0.000	0.000
231	  A	  0.0	  1.0	0.000	0.000	0.000
232	  G	  0.0	  1.3	0.000	0.000	0.000
233	  A	  0.1	  1.1	0.000	0.000	0.000
234	  R	  0.1	  0.8	0.000	0.000	0.000
235	  G	  0.1	  1.9	0.000	0.000	0.000
236	  S	  0.0	  2.1	0.000	0.000	0.000
237	  D	  0.0	  2.0	0.000	0.000	0.000
238	  G	  0.0	  1.8	0.000	0.000	0.000
239	  S	  0.4	  0.6	0.000	0.000	0.000
240	  V	  0.4	  0.1	0.000	0.000	0.000
241	  G	  0.4	  0.0	0.000	0.000	0.000
242	  P	  0.0	  0.0	0.000	0.000	0.000
243	  V	  0.0	  0.1	0.000	0.000	0.000
244	  G	  0.0	  0.5	0.000	0.000	0.000
245	  P	  0.0	  0.5	0.000	0.000	0.000
246	  A	  0.0	  0.5	0.000	0.000	0.000
247	  G	  0.0	  0.4	0.000	0.000	0.000
248	  P	  0.0	  0.2	0.000	0.000	0.000
249	  I	  0.1	  0.8	0.000	0.000	0.000
250	  G	  0.2	  0.9	0.000	0.000	0.000
251	  S	  0.3	  0.9	0.000	0.000	0.000
252	  A	  0.2	  0.7	0.000	0.000	0.000
253	  G	  0.1	  0.1	0.000	0.000	0.000
254	  P	  0.0	  1.9	0.000	0.000	0.000
255	  P	  0.0	  1.9	0.000	0.000	0.000
256	  G	  0.0	  1.9	0.000	0.000	0.000
257	  F	  0.0	  3.5	0.000	0.000	0.000
258	  P	  0.0	  1.6	0.000	0.000	0.000
259	  G	  0.0	  1.6	0.000	0.000	0.000
260	  A	  0.0	  1.6	0.000	0.000	0.000
261	  P	  0.0	  0.0	0.000	0.000	0.000
262	  G	  0.0	  0.8	0.000	0.000	0.000
263	  P	  0.0	  1.4	0.000	0.000	0.000
264	  K	  0.0	  1.4	0.000	0.000	0.000
265	  G	  0.1	  1.4	0.000	0.000	0.000
266	  E	  0.1	  0.6	0.000	0.000	0.000
267	  I	  0.2	  0.1	0.000	0.000	0.000
268	  G	  0.1	  0.1	0.000	0.000	0.000
269	  A	  0.2	  0.1	0.000	0.000	0.000
270	  V	  0.2	  1.0	0.000	0.000	0.000
271	  G	  0.2	  1.0	0.000	0.000	0.000
272	  N	  0.1	  1.0	0.000	0.000	0.000
273	  A	  0.0	  1.0	0.000	0.000	0.000
274	  G	  0.0	  0.5	0.000	0.000	0.000
275	  P	  0.0	  0.4	0.000	0.000	0.000
276	  A	  0.0	  0.5	0.000	0.000	0.000
277	  G	  0.0	  0.8	0.000	0.000	0.000
278	  P	  0.0	  0.4	0.000	0.000	0.000
279	  A	  0.0	  0.5	0.000	0.000	0.000
280	  G	  0.0	  1.3	0.000	0.000	0.000
281	  P	  0.0	  1.1	0.000	0.000	0.000
282	  R	  0.0	  1.1	0.000	0.000	0.000
283	  G	  0.1	  1.0	0.000	0.000	0.000
284	  E	  0.2	  0.2	0.000	0.000	0.000
285	  V	  0.8	  0.0	0.000	0.000	0.000
286	  G	  0.8	  0.0	0.000	0.000	0.000
287	  L	  0.6	  0.6	0.000	0.000	0.000
288	  P	  0.0	  0.7	0.000	0.000	0.000
289	  G	  0.0	  0.9	0.000	0.000	0.000
290	  L	  0.2	  0.9	0.000	0.000	0.000
291	  S	  0.2	  0.3	0.000	0.000	0.000
292	  G	  0.2	  0.3	0.000	0.000	0.000
293	  P	  0.0	  0.0	0.000	0.000	0.000
294	  V	  0.0	  0.0	0.000	0.000	0.000
295	  G	  0.0	  0.0	0.000	0.000	0.000
296	  P	  0.0	  0.9	0.000	0.000	0.000
297	  P	  0.0	  0.9	0.000	0.000	0.000
298	  G	  0.0	  0.9	0.000	0.000	0.000
299	  N	  0.0	  4.0	0.000	0.000	0.000
300	  P	  0.0	  3.3	0.000	0.000	0.000
301	  G	  0.0	  4.6	0.000	0.000	0.000
302	  A	  0.0	  5.5	0.000	0.000	0.000
303	  N	  0.0	  2.5	0.126	0.000	0.000
304	  G	  0.1	  2.4	0.126	0.000	0.000
305	  L	  0.2	  1.2	0.126	0.000	0.000
306	  T	  0.2	  0.4	0.126	0.000	0.000
307	  G	  0.2	  0.7	0.126	0.000	0.000
308	  A	  0.1	  0.9	0.126	0.000	0.000
309	  K	  0.0	  0.9	0.000	0.000	0.000
310	  G	  0.1	  0.9	0.000	0.000	0.000
311	  A	  0.1	  0.8	0.000	0.000	0.000
312	  A	  0.1	  0.4	0.000	0.000	0.000
313	  G	  0.1	  0.3	0.000	0.000	0.000
314	  L	  0.1	  1.2	0.000	0.000	0.000
315	  P	  0.0	  1.0	0.000	0.000	0.000
316	  G	  0.2	  1.0	0.000	0.000	0.000
317	  V	  0.9	  1.2	0.000	0.000	0.000
318	  A	  0.9	  0.2	0.000	0.000	0.000
319	  G	  0.7	  0.2	0.000	0.000	0.000
320	  A	  0.0	  0.9	0.000	0.000	0.000
321	  P	  0.0	  0.7	0.000	0.000	0.000
322	  G	  0.0	  0.7	0.000	0.000	0.000
323	  L	  0.0	  0.7	0.000	0.000	0.000
324	  P	  0.0	  0.0	0.000	0.000	0.000
325	  G	  0.0	  0.8	0.000	0.000	0.000
326	  P	  0.0	  1.0	0.000	0.000	0.000
327	  R	  0.3	  1.0	0.000	0.000	0.000
328	  G	  0.3	  0.9	0.000	0.000	0.000
329	  I	  0.3	  0.1	0.000	0.000	0.000
330	  P	  0.0	  0.0	0.000	0.000	0.000
331	  G	  0.0	  0.0	0.000	0.000	0.000
332	  P	  0.0	  0.2	0.000	0.000	0.000
333	  V	  0.1	  0.3	0.000	0.000	0.000
334	  G	  0.2	  0.5	0.000	0.000	0.000
335	  A	  0.2	  0.8	0.000	0.000	0.000
336	  A	  0.1	  1.0	0.000	0.000	0.000
337	  G	  0.1	  1.3	0.000	0.000	0.000
338	  A	  0.1	  1.2	0.000	0.000	0.000
339	  T	  0.1	  1.0	0.000	0.000	0.000
340	  G	  0.1	  1.0	0.000	0.000	0.000
341	  A	  0.1	  0.7	0.000	0.000	0.000
342	  R	  0.1	  0.6	0.000	0.000	0.000
343	  G	  0.1	  0.4	0.000	0.000	0.000
344	  L	  0.3	  0.1	0.000	0.000	0.000
345	  V	  0.4	  0.0	0.000	0.000	0.000
346	  G	  0.4	  0.0	0.000	0.000	0.000
347	  E	  0.2	  0.0	0.000	0.000	0.000
348	  P	  0.0	  0.0	0.000	0.000	0.000
349	  G	  0.0	  0.4	0.000	0.000	0.000
350	  P	  0.0	  1.0	0.000	0.000	0.000
351	  A	  0.0	  1.3	0.000	0.000	0.000
352	  G	  0.0	  1.5	0.000	0.000	0.000
353	  S	  0.1	  1.8	0.000	0.000	0.000
354	  K	  0.1	  1.3	0.000	0.000	0.000
355	  G	  0.1	  1.6	0.000	0.000	0.000
356	  E	  0.0	  1.5	0.000	0.000	0.000
357	  S	  0.1	  2.3	0.000	0.000	0.000
358	  G	  0.1	  2.2	0.000	0.000	0.000
359	  N	  0.1	  2.5	0.000	0.000	0.000
360	  K	  0.1	  2.5	0.000	0.000	0.000
361	  G	  0.1	  1.0	0.000	0.000	0.000
362	  E	  0.1	  2.1	0.000	0.000	0.000
363	  P	  0.0	  1.4	0.000	0.000	0.000
364	  G	  0.1	  1.5	0.000	0.000	0.000
365	  S	  0.2	  1.5	0.000	0.000	0.000
366	  A	  0.2	  0.4	0.000	0.000	0.000
367	  G	  0.1	  1.1	0.000	0.000	0.000
368	  P	  0.0	  1.0	0.000	0.000	0.000
369	  Q	  0.0	  1.0	0.000	0.000	0.000
370	  G	  0.0	  1.0	0.000	0.000	0.000
371	  P	  0.0	  0.0	0.000	0.000	0.000
372	  P	  0.0	  0.1	0.000	0.000	0.000
373	  G	  0.0	  1.9	0.000	0.000	0.000
374	  P	  0.0	  2.2	0.000	0.000	0.000
375	  S	  0.1	  2.4	0.144	0.000	0.000
376	  G	  0.1	  2.6	0.280	0.000	0.000
377	  E	  0.1	  1.1	0.280	0.000	0.000
378	  E	  0.0	  1.0	0.280	0.000	0.000
379	  G	  0.0	  1.1	0.280	0.000	0.000
380	  K	  0.1	  0.8	0.280	0.000	0.000
381	  R	  0.1	  0.4	0.136	0.000	0.000
382	  G	  0.1	  3.7	0.000	0.000	0.000
383	  P	  0.0	  4.1	0.000	0.000	0.000
384	  N	  0.0	  4.1	0.000	0.000	0.000
385	  G	  0.1	  4.2	0.000	0.000	0.000
386	  E	  0.1	  1.1	0.000	0.000	0.000
387	  A	  0.1	  0.8	0.000	0.000	0.000
388	  G	  0.1	  0.8	0.000	0.000	0.000
389	  S	  0.3	  0.7	0.000	0.000	0.000
390	  A	  0.2	  0.4	0.000	0.000	0.000
391	  G	  0.1	  0.1	0.000	0.000	0.000
392	  P	  0.0	  0.0	0.000	0.000	0.000
393	  P	  0.0	  0.0	0.000	0.000	0.000
394	  G	  0.0	  0.0	0.000	0.000	0.000
395	  P	  0.0	  0.9	0.000	0.000	0.000
396	  P	  0.0	  0.9	0.000	0.000	0.000
397	  G	  0.0	  0.9	0.000	0.000	0.000
398	  L	  0.3	  1.1	0.000	0.000	0.000
399	  R	  0.3	  0.2	0.000	0.000	0.000
400	  G	  0.3	  0.2	0.000	0.000	0.000
401	  S	  0.1	  3.4	0.000	0.000	0.000
402	  P	  0.0	  3.5	0.000	0.000	0.000
403	  G	  0.0	  3.8	0.000	0.000	0.000
404	  S	  0.1	  3.9	0.000	0.000	0.000
405	  R	  0.2	  0.7	0.000	0.000	0.000
406	  G	  0.2	  0.4	0.000	0.000	0.000
407	  L	  0.1	  1.4	0.000	0.000	0.000
408	  P	  0.0	  1.4	0.000	0.000	0.000
409	  G	  0.0	  2.9	0.000	0.000	0.000
410	  A	  0.0	  3.4	0.000	0.000	0.000
411	  D	  0.0	  2.3	0.000	0.000	0.000
412	  G	  0.1	  2.2	0.000	0.000	0.000
413	  R	  0.1	  0.9	0.000	0.000	0.000
414	  A	  0.1	  0.5	0.000	0.000	0.000
415	  G	  0.1	  0.4	0.000	0.000	0.000
416	  V	  1.3	  0.3	0.000	0.000	0.000
417	  M	  1.3	  0.0	0.000	0.000	0.000
418	  G	  1.3	  0.0	0.000	0.000	0.000
419	  P	  0.0	  2.4	0.000	0.000	0.000
420	  P	  0.0	  2.7	0.000	0.000	0.000
421	  G	  0.0	  3.0	0.000	0.000	0.000
422	  S	  0.1	  3.2	0.000	0.000	0.000
423	  R	  0.1	  0.9	0.000	0.000	0.000
424	  G	  0.1	  1.3	0.000	0.000	0.000
425	  A	  0.1	  1.0	0.000	0.000	0.000
426	  S	  0.1	  0.9	0.000	0.000	0.000
427	  G	  0.1	  1.2	0.000	0.000	0.000
428	  P	  0.0	  0.8	0.000	0.000	0.000
429	  A	  0.0	  0.8	0.000	0.000	0.000
430	  G	  0.1	  0.7	0.000	0.000	0.000
431	  V	  0.8	  0.3	0.000	0.000	0.000
432	  R	  0.8	  0.0	0.000	0.000	0.000
433	  G	  0.8	  3.4	0.000	0.000	0.000
434	  P	  0.0	  3.6	0.000	0.000	0.000
435	  N	  0.0	  4.3	0.000	0.000	0.000
436	  G	  0.0	  4.4	0.000	0.000	0.000
437	  D	  0.0	  2.3	0.000	0.000	0.000
438	  A	  0.0	  2.2	0.000	0.000	0.000
439	  G	  0.0	  1.4	0.000	0.000	0.000
440	  R	  0.0	  2.8	0.000	0.000	0.000
441	  P	  0.0	  1.4	0.000	0.000	0.000
442	  G	  0.0	  1.4	0.000	0.000	0.000
443	  E	  0.0	  1.8	0.000	0.000	0.000
444	  P	  0.0	  0.5	0.000	0.000	0.000
445	  G	  0.0	  0.5	0.000	0.000	0.000
446	  L	  0.2	  0.5	0.000	0.000	0.000
447	  M	  0.2	  0.1	0.000	0.000	0.000
448	  G	  0.2	  0.8	0.000	0.000	0.000
449	  P	  0.0	  0.9	0.000	0.000	0.000
450	  R	  0.1	  0.9	0.000	0.000	0.000
451	  G	  0.1	  0.9	0.000	0.000	0.000
452	  L	  0.1	  1.8	0.000	0.000	0.000
453	  P	  0.0	  1.7	0.000	0.000	0.000
454	  G	  0.0	  1.7	0.000	0.000	0.000
455	  S	  0.0	  2.9	0.000	0.000	0.000
456	  P	  0.0	  1.5	0.000	0.000	0.000
457	  G	  0.0	  1.5	0.000	0.000	0.000
458	  N	  0.0	  1.5	0.000	0.000	0.000
459	  I	  0.1	  0.4	0.000	0.000	0.000
460	  G	  0.0	  0.5	0.000	0.000	0.000
461	  P	  0.0	  1.2	0.000	0.000	0.000
462	  A	  0.0	  1.3	0.000	0.000	0.000
463	  G	  0.0	  1.4	0.000	0.000	0.000
464	  K	  0.0	  1.0	0.000	0.000	0.000
465	  E	  0.0	  0.4	0.000	0.000	0.000
466	  G	  0.0	  0.3	0.000	0.000	0.000
467	  P	  0.0	  0.0	0.000	0.000	0.000
468	  V	  0.6	  0.0	0.000	0.000	0.000
469	  G	  0.6	  0.0	0.000	0.000	0.000
470	  L	  0.6	  0.7	0.000	0.000	0.000
471	  P	  0.0	  0.8	0.000	0.000	0.000
472	  G	  0.2	  1.0	0.000	0.000	0.000
473	  I	  1.0	  2.1	0.000	0.000	0.000
474	  D	  1.0	  1.3	0.000	0.000	0.000
475	  G	  0.8	  1.3	0.000	0.000	0.000
476	  R	  0.0	  1.0	0.000	0.000	0.000
477	  P	  0.0	  0.0	0.000	0.000	0.000
478	  G	  0.0	  0.0	0.000	0.000	0.000
479	  P	  0.0	  0.0	0.000	0.000	0.000
480	  I	  0.0	  0.1	0.000	0.000	0.000
481	  G	  0.0	  0.5	0.160	0.000	0.000
482	  P	  0.0	  0.9	0.160	0.000	0.000
483	  A	  0.0	  1.1	0.160	0.000	0.000
484	  G	  0.0	  1.3	0.160	0.000	0.000
485	  A	  0.1	  1.1	0.160	0.000	0.000
486	  R	  0.2	  0.6	0.160	0.000	0.000
487	  G	  0.2	  0.5	0.000	0.000	0.000
488	  E	  0.1	  0.6	0.000	0.000	0.000
489	  P	  0.0	  0.7	0.000	0.000	0.000
490	  G	  0.0	  0.7	0.000	0.000	0.000
491	  N	  0.0	  0.9	0.000	0.000	0.000
492	  I	  0.3	  0.4	0.000	0.000	0.000
493	  G	  0.3	  0.1	0.000	0.000	0.000
494	  F	  0.3	  0.1	0.000	0.000	0.000
495	  P	  0.0	  0.0	0.000	0.000	0.000
496	  G	  0.0	  0.8	0.000	0.000	0.000
497	  P	  0.0	  0.8	0.000	0.000	0.000
498	  K	  0.0	  0.9	0.000	0.000	0.000
499	  G	  0.0	  1.9	0.000	0.000	0.000
500	  P	  0.0	  1.3	0.000	0.000	0.000
501	  T	  0.0	  1.3	0.000	0.000	0.000
502	  G	  0.0	  1.2	0.000	0.000	0.000
503	  D	  0.0	  6.5	0.141	0.000	0.000
504	  P	  0.0	  6.5	0.141	0.000	0.000
505	  G	  0.0	  7.4	0.141	0.000	0.000
506	  K	  0.0	  8.2	0.141	0.000	0.000
507	  N	  0.0	  2.6	0.141	0.000	0.000
508	  G	  0.0	  2.6	0.141	0.000	0.000
509	  D	  0.0	  3.3	0.141	0.000	0.000
510	  K	  0.0	  2.5	0.000	0.000	0.000
511	  G	  0.1	  1.8	0.000	0.000	0.000
512	  H	  0.2	  2.1	0.000	0.000	0.000
513	  A	  0.2	  0.5	0.000	0.000	0.000
514	  G	  0.2	  0.4	0.000	0.000	0.000
515	  L	  0.2	  0.7	0.000	0.000	0.000
516	  A	  0.1	  0.5	0.000	0.000	0.000
517	  G	  0.1	  0.8	0.000	0.000	0.000
518	  A	  0.1	  0.9	0.000	0.000	0.000
519	  R	  0.1	  0.6	0.000	0.000	0.000
520	  G	  0.1	  0.5	0.000	0.000	0.000
521	  A	  0.1	  0.2	0.000	0.000	0.000
522	  P	  0.0	  0.1	0.000	0.000	0.000
523	  G	  0.0	  4.0	0.000	0.000	0.000
524	  P	  0.0	  4.1	0.000	0.000	0.000
525	  D	  0.0	  5.8	0.000	0.000	0.000
526	  G	  0.0	  6.0	0.000	0.000	0.000
527	  N	  0.0	  2.7	0.000	0.000	0.000
528	  N	  0.0	  2.6	0.000	0.000	0.000
529	  G	  0.0	  1.4	0.000	0.000	0.000
530	  A	  0.0	  1.1	0.000	0.000	0.000
531	  Q	  0.0	  0.5	0.000	0.000	0.000
532	  G	  0.0	  0.4	0.000	0.000	0.000
533	  P	  0.0	  0.0	0.000	0.000	0.000
534	  P	  0.0	  0.0	0.000	0.000	0.000
535	  G	  0.0	  1.0	0.000	0.000	0.000
536	  P	  0.0	  1.2	0.000	0.000	0.000
537	  Q	  0.0	  1.2	0.000	0.000	0.000
538	  G	  0.0	  1.2	0.000	0.000	0.000
539	  V	  0.2	  0.3	0.000	0.000	0.000
540	  Q	  0.2	  1.2	0.000	0.000	0.000
541	  G	  0.2	  1.4	0.000	0.000	0.000
542	  G	  0.0	  2.0	0.000	0.000	0.000
543	  K	  0.0	  1.9	0.000	0.000	0.000
544	  G	  0.0	  1.2	0.000	0.000	0.000
545	  E	  0.0	  1.0	0.000	0.000	0.000
546	  Q	  0.0	  0.4	0.000	0.000	0.000
547	  G	  0.0	  0.3	0.000	0.000	0.000
548	  P	  0.0	  0.0	0.000	0.000	0.000
549	  P	  0.0	  0.0	0.000	0.000	0.000
550	  G	  0.0	  0.0	0.000	0.000	0.000
551	  P	  0.0	  1.9	0.000	0.000	0.000
552	  P	  0.0	  2.0	0.000	0.000	0.000
553	  G	  0.1	  2.0	0.000	0.000	0.000
554	  F	  0.5	  2.3	0.000	0.000	0.000
555	  Q	  0.5	  0.3	0.000	0.000	0.000
556	  G	  0.5	  0.3	0.000	0.000	0.000
557	  L	  0.0	  0.3	0.000	0.000	0.000
558	  P	  0.0	  0.1	0.000	0.000	0.000
559	  G	  0.0	  1.9	0.000	0.000	0.000
560	  P	  0.0	  1.9	0.000	0.000	0.000
561	  S	  0.0	  2.0	0.000	0.000	0.000
562	  G	  0.0	  2.3	0.000	0.000	0.000
563	  P	  0.0	  1.0	0.000	0.000	0.000
564	  A	  0.0	  1.0	0.000	0.000	0.000
565	  G	  0.0	  0.9	0.000	0.000	0.000
566	  E	  0.2	  0.5	0.000	0.000	0.000
567	  V	  0.3	  0.0	0.000	0.000	0.000
568	  G	  0.3	  0.0	0.000	0.000	0.000
569	  K	  0.1	  1.3	0.000	0.000	0.000
570	  P	  0.0	  1.4	0.000	0.000	0.000
571	  G	  0.0	  1.6	0.000	0.000	0.000
572	  E	  0.0	  1.7	0.000	0.000	0.000
573	  R	  0.1	  0.4	0.000	0.000	0.000
574	  G	  0.1	  0.3	0.000	0.000	0.000
575	  L	  0.2	  0.6	0.000	0.000	0.000
576	  H	  0.2	  0.8	0.000	0.000	0.000
577	  G	  0.2	  0.9	0.000	0.000	0.000
578	  E	  0.1	  0.9	0.000	0.000	0.000
579	  F	  0.5	  0.4	0.000	0.000	0.000
580	  G	  0.4	  0.1	0.000	0.000	0.000
581	  L	  0.4	  0.0	0.000	0.000	0.000
582	  P	  0.0	  0.0	0.000	0.000	0.000
583	  G	  0.0	  0.4	0.000	0.000	0.000
584	  P	  0.0	  0.4	0.000	0.000	0.000
585	  A	  0.0	  0.5	0.000	0.000	0.000
586	  G	  0.0	  1.3	0.000	0.000	0.000
587	  P	  0.0	  1.1	0.000	0.000	0.000
588	  R	  0.0	  1.1	0.000	0.000	0.000
589	  G	  0.1	  1.3	0.000	0.000	0.000
590	  E	  0.1	  0.5	0.000	0.000	0.000
591	  R	  0.0	  0.3	0.000	0.000	0.000
592	  G	  0.0	  0.3	0.000	0.000	0.000
593	  P	  0.0	  1.9	0.000	0.000	0.000
594	  P	  0.0	  2.0	0.000	0.000	0.000
595	  G	  0.0	  2.6	0.000	0.000	0.000
596	  E	  0.0	  2.7	0.000	0.000	0.000
597	  S	  0.0	  1.1	0.000	0.000	0.000
598	  G	  0.1	  1.1	0.000	0.000	0.000
599	  A	  0.1	  0.5	0.000	0.000	0.000
600	  A	  0.1	  0.5	0.000	0.000	0.000
601	  G	  0.0	  1.4	0.000	0.000	0.000
602	  P	  0.0	  1.3	0.000	0.000	0.000
603	  T	  0.0	  1.3	0.000	0.000	0.000
604	  G	  0.0	  1.2	0.000	0.000	0.000
605	  P	  0.0	  0.2	0.000	0.000	0.000
606	  I	  0.1	  0.9	0.000	0.000	0.000
607	  G	  0.1	  1.1	0.000	0.000	0.000
608	  S	  0.2	  1.1	0.000	0.000	0.000
609	  R	  0.1	  1.0	0.000	0.000	0.000
610	  G	  0.1	  2.1	0.000	0.000	0.000
611	  P	  0.0	  1.9	0.000	0.000	0.000
612	  S	  0.0	  1.9	0.000	0.000	0.000
613	  G	  0.0	  1.8	0.000	0.000	0.000
614	  P	  0.0	  0.0	0.000	0.000	0.000
615	  P	  0.0	  0.1	0.000	0.000	0.000
616	  G	  0.0	  4.0	0.000	0.000	0.000
617	  P	  0.0	  4.2	0.000	0.000	0.000
618	  D	  0.0	  4.9	0.000	0.000	0.000
619	  G	  0.0	  4.9	0.000	0.000	0.000
620	  N	  0.0	  1.8	0.000	0.000	0.000
621	  K	  0.1	  1.7	0.000	0.000	0.000
622	  G	  0.1	  1.0	0.000	0.000	0.000
623	  E	  0.1	  1.6	0.000	0.000	0.000
624	  P	  0.0	  0.7	0.000	0.000	0.000
625	  G	  0.0	  0.7	0.000	0.227	0.227
626	  V	  1.2	  0.7	0.000	8.491	8.491
627	  V	  1.3	  0.1	0.000	8.491	8.491
628	  G	  1.3	  0.1	0.000	8.491	8.491
629	  A	  0.3	  0.1	0.000	8.491	8.491
630	  V	  0.2	  0.2	0.000	8.491	8.491
631	  G	  0.3	  0.2	0.000	1.302	1.302
632	  T	  0.3	  0.2	0.000	0.676	0.676
633	  A	  0.2	  0.3	0.000	0.310	0.310
634	  G	  0.1	  1.9	0.000	0.000	0.000
635	  P	  0.0	  1.9	0.000	0.000	0.000
636	  S	  0.0	  2.1	0.000	0.000	0.000
637	  G	  0.0	  3.8	0.000	0.000	0.000
638	  P	  0.0	  2.1	0.000	0.000	0.000
639	  S	  0.0	  2.1	0.000	0.000	0.000
640	  G	  0.0	  1.9	0.000	0.000	0.000
641	  L	  0.0	  1.4	0.000	0.000	0.000
642	  P	  0.0	  1.4	0.000	0.000	0.000
643	  G	  0.0	  1.6	0.000	0.000	0.000
644	  E	  0.0	  1.7	0.000	0.000	0.000
645	  R	  0.1	  0.5	0.000	0.000	0.000
646	  G	  0.1	  0.5	0.000	0.000	0.000
647	  A	  0.1	  0.5	0.000	0.000	0.000
648	  A	  0.2	  0.4	0.000	0.000	0.000
649	  G	  0.2	  0.4	0.000	0.000	0.000
650	  I	  0.1	  0.7	0.000	0.000	0.000
651	  P	  0.0	  1.2	0.000	0.000	0.000
652	  G	  0.0	  1.4	0.000	0.000	0.000
653	  G	  0.0	  2.0	0.000	0.000	0.000
654	  K	  0.0	  1.5	0.000	0.000	0.000
655	  G	  0.1	  1.1	0.000	0.000	0.000
656	  E	  0.1	  1.3	0.000	0.000	0.000
657	  K	  0.1	  0.7	0.000	0.000	0.000
658	  G	  0.1	  0.6	0.000	0.000	0.000
659	  E	  0.1	  0.8	0.000	0.000	0.000
660	  P	  0.0	  0.5	0.000	0.000	0.000
661	  G	  0.0	  0.5	0.000	0.000	0.000
662	  L	  0.3	  0.6	0.000	0.000	0.000
663	  R	  0.3	  0.2	0.000	0.000	0.000
664	  G	  0.3	  0.2	0.000	0.000	0.000
665	  E	  0.1	  0.2	0.000	0.000	0.000
666	  I	  0.1	  0.0	0.000	0.000	0.000
667	  G	  0.1	  0.0	0.000	0.000	0.000
668	  N	  0.0	  4.1	0.000	0.000	0.000
669	  P	  0.0	  4.3	0.000	0.000	0.000
670	  G	  0.0	  5.1	0.000	0.000	0.000
671	  R	  0.0	  5.4	0.000	0.000	0.000
672	  D	  0.0	  1.4	0.000	0.000	0.000
673	  G	  0.0	  1.5	0.000	0.000	0.000
674	  A	  0.1	  0.8	0.000	0.000	0.000
675	  R	  0.1	  0.6	0.000	0.000	0.000
676	  G	  0.1	  0.5	0.000	0.000	0.000
677	  A	  0.1	  1.6	0.000	0.000	0.000
678	  P	  0.0	  1.5	0.000	0.000	0.000
679	  G	  0.0	  1.5	0.000	0.000	0.000
680	  A	  0.1	  1.5	0.000	0.000	0.000
681	  V	  0.4	  0.0	0.000	0.000	0.000
682	  G	  0.4	  0.0	0.000	0.000	0.000
683	  A	  0.3	  0.0	0.000	0.000	0.000
684	  P	  0.0	  0.0	0.000	0.000	0.000
685	  G	  0.0	  0.4	0.000	0.000	0.000
686	  P	  0.0	  0.9	0.000	0.000	0.000
687	  A	  0.0	  1.2	0.000	0.000	0.000
688	  G	  0.0	  1.6	0.000	0.000	0.000
689	  A	  0.1	  1.3	0.000	0.000	0.000
690	  T	  0.1	  2.0	0.000	0.000	0.000
691	  G	  0.1	  1.9	0.000	0.000	0.000
692	  D	  0.0	  2.0	0.000	0.000	0.000
693	  R	  0.0	  1.9	0.000	0.000	0.000
694	  G	  0.1	  0.8	0.000	0.000	0.000
695	  E	  0.1	  0.9	0.000	0.000	0.000
696	  A	  0.1	  0.5	0.000	0.000	0.000
697	  G	  0.1	  0.6	0.000	0.000	0.000
698	  A	  0.1	  0.5	0.000	0.000	0.000
699	  A	  0.1	  0.3	0.000	0.000	0.000
700	  G	  0.0	  0.6	0.000	0.000	0.000
701	  P	  0.0	  0.4	0.000	0.000	0.000
702	  A	  0.0	  0.5	0.000	0.000	0.000
703	  G	  0.0	  0.8	0.000	0.000	0.000
704	  P	  0.0	  0.4	0.000	0.000	0.000
705	  A	  0.0	  0.5	0.000	0.000	0.000
706	  G	  0.0	  1.2	0.000	0.000	0.000
707	  P	  0.0	  1.1	0.000	0.000	0.000
708	  R	  0.1	  1.1	0.000	0.000	0.000
709	  G	  0.1	  1.1	0.000	0.000	0.000
710	  S	  0.1	  2.7	0.140	0.000	0.000
711	  P	  0.0	  2.5	0.140	0.000	0.000
712	  G	  0.0	  2.8	0.140	0.000	0.000
713	  E	  0.0	  2.9	0.140	0.000	0.000
714	  R	  0.1	  0.5	0.140	0.000	0.000
715	  G	  0.1	  0.4	0.140	0.000	0.000
716	  E	  0.2	  0.1	0.140	0.000	0.000
717	  V	  0.2	  0.1	0.000	0.000	0.000
718	  G	  0.1	  0.5	0.000	0.000	0.000
719	  P	  0.0	  0.5	0.000	0.000	0.000
720	  A	  0.0	  0.6	0.000	0.000	0.000
721	  G	  0.0	  4.0	0.000	0.000	0.000
722	  P	  0.0	  3.8	0.000	0.000	0.000
723	  N	  0.0	  3.8	0.000	0.000	0.000
724	  G	  0.2	  3.7	0.000	0.000	0.000
725	  F	  0.6	  0.2	0.000	0.000	0.000
726	  A	  0.6	  0.1	0.000	0.000	0.000
727	  G	  0.4	  0.4	0.000	0.000	0.000
728	  P	  0.0	  0.9	0.000	0.000	0.000
729	  A	  0.0	  1.0	0.000	0.000	0.000
730	  G	  0.1	  1.1	0.000	0.000	0.000
731	  A	  0.1	  1.2	0.000	0.000	0.000
732	  A	  0.1	  0.8	0.000	0.000	0.000
733	  G	  0.1	  0.7	0.000	0.000	0.000
734	  Q	  0.0	  1.7	0.000	0.000	0.000
735	  P	  0.0	  1.2	0.000	0.000	0.000
736	  G	  0.0	  1.5	0.000	0.000	0.000
737	  A	  0.0	  1.9	0.000	0.000	0.000
738	  K	  0.1	  0.9	0.000	0.000	0.000
739	  G	  0.1	  1.1	0.000	0.000	0.000
740	  E	  0.1	  0.9	0.000	0.000	0.000
741	  R	  0.1	  0.5	0.000	0.000	0.000
742	  G	  0.1	  0.7	0.000	0.000	0.000
743	  A	  0.1	  0.4	0.000	0.000	0.000
744	  K	  0.0	  0.4	0.000	0.000	0.000
745	  G	  0.0	  1.1	0.000	0.000	0.000
746	  P	  0.0	  1.3	0.000	0.000	0.000
747	  K	  0.0	  1.4	0.000	0.000	0.000
748	  G	  0.0	  2.5	0.000	0.000	0.000
749	  E	  0.0	  5.4	0.000	0.000	0.000
750	  N	  0.0	  4.9	0.000	0.000	0.000
751	  G	  0.0	  4.8	0.000	0.000	0.000
752	  V	  1.1	  3.7	0.000	0.000	0.000
753	  V	  1.1	  0.2	0.000	0.000	0.000
754	  G	  1.1	  1.3	0.000	0.000	0.000
755	  P	  0.0	  1.3	0.000	0.000	0.000
756	  T	  0.0	  1.3	0.000	0.000	0.000
757	  G	  0.0	  1.1	0.000	0.000	0.000
758	  P	  0.0	  0.2	0.000	0.000	0.000
759	  V	  0.1	  0.3	0.000	0.000	0.000
760	  G	  0.2	  0.5	0.000	0.000	0.000
761	  A	  0.2	  0.5	0.000	0.000	0.000
762	  A	  0.1	  0.3	0.000	0.000	0.000
763	  G	  0.0	  0.6	0.000	0.000	0.000
764	  P	  0.0	  0.4	0.000	0.000	0.000
765	  A	  0.0	  0.5	0.000	0.000	0.000
766	  G	  0.0	  4.0	0.000	0.000	0.000
767	  P	  0.0	  3.6	0.000	0.000	0.000
768	  N	  0.0	  3.6	0.000	0.000	0.000
769	  G	  0.0	  3.5	0.000	0.000	0.000
770	  P	  0.0	  0.0	0.000	0.000	0.000
771	  P	  0.0	  0.0	0.000	0.000	0.000
772	  G	  0.0	  0.4	0.000	0.000	0.000
773	  P	  0.0	  1.0	0.000	0.000	0.000
774	  A	  0.0	  1.4	0.000	0.000	0.000
775	  G	  0.0	  1.6	0.000	0.000	0.000
776	  S	  0.1	  1.5	0.000	0.000	0.000
777	  R	  0.2	  2.0	0.000	0.000	0.000
778	  G	  0.2	  1.8	0.000	0.000	0.000
779	  D	  0.1	  1.6	0.000	0.000	0.000
780	  G	  0.0	  1.3	0.000	0.000	0.000
781	  G	  0.0	  0.2	0.000	0.000	0.000
782	  P	  0.0	  2.0	0.000	0.000	0.000
783	  P	  0.0	  2.0	0.000	0.000	0.000
784	  G	  0.1	  2.2	0.000	0.000	0.000
785	  M	  0.3	  2.4	0.000	0.000	0.000
786	  T	  0.4	  0.4	0.000	0.000	0.000
787	  G	  0.3	  0.4	0.000	0.000	0.000
788	  F	  0.1	  1.8	0.000	0.000	0.000
789	  P	  0.0	  1.7	0.000	0.000	0.000
790	  G	  0.1	  1.8	0.000	0.000	0.000
791	  A	  0.1	  2.3	0.000	0.000	0.000
792	  A	  0.1	  1.1	0.000	0.000	0.000
793	  G	  0.1	  1.3	0.000	0.000	0.000
794	  R	  0.1	  1.1	0.000	0.000	0.000
795	  T	  0.1	  0.6	0.000	0.000	0.000
796	  G	  0.1	  0.2	0.000	0.000	0.000
797	  P	  0.0	  0.0	0.000	0.000	0.000
798	  P	  0.0	  0.1	0.000	0.000	0.000
799	  G	  0.0	  1.9	0.000	0.000	0.000
800	  P	  0.0	  2.1	0.000	0.000	0.000
801	  S	  0.0	  2.2	0.000	0.000	0.000
802	  G	  0.1	  2.2	0.000	0.000	0.000
803	  I	  1.5	  0.3	0.000	0.000	0.000
804	  S	  1.4	  0.2	0.000	0.000	0.000
805	  G	  1.3	  0.0	0.000	0.000	0.000
806	  P	  0.0	  0.0	0.000	0.000	0.000
807	  P	  0.0	  0.0	0.000	0.000	0.000
808	  G	  0.0	  0.0	0.000	0.000	0.000
809	  P	  0.0	  0.0	0.000	0.000	0.000
810	  P	  0.0	  0.0	0.000	0.000	0.000
811	  G	  0.0	  0.4	0.000	0.000	0.000
812	  P	  0.0	  1.1	0.000	0.000	0.000
813	  A	  0.0	  1.2	0.000	0.000	0.000
814	  G	  0.0	  1.4	0.000	0.000	0.000
815	  K	  0.0	  1.2	0.000	0.000	0.000
816	  E	  0.0	  0.6	0.000	0.000	0.000
817	  G	  0.0	  0.5	0.000	0.000	0.000
818	  L	  0.3	  0.2	0.000	0.000	0.000
819	  R	  0.3	  0.1	0.000	0.000	0.000
820	  G	  0.2	  0.8	0.000	0.000	0.000
821	  P	  0.0	  1.0	0.000	0.000	0.000
822	  R	  0.1	  1.4	0.000	0.000	0.000
823	  G	  0.1	  1.6	0.000	0.000	0.000
824	  D	  0.1	  0.8	0.000	0.000	0.000
825	  Q	  0.0	  0.6	0.000	0.000	0.000
826	  G	  0.0	  0.2	0.000	0.000	0.000
827	  P	  0.0	  0.2	0.000	0.000	0.000
828	  V	  0.1	  0.8	0.000	0.000	0.000
829	  G	  0.1	  1.0	0.000	0.000	0.000
830	  R	  0.2	  1.1	0.000	0.000	0.000
831	  T	  0.1	  1.0	0.000	0.000	0.000
832	  G	  0.1	  0.4	0.000	0.000	0.000
833	  E	  0.2	  0.2	0.000	0.000	0.000
834	  V	  0.3	  0.1	0.000	0.000	0.000
835	  G	  0.2	  0.1	0.000	0.000	0.000
836	  A	  0.3	  0.1	0.000	0.000	0.000
837	  V	  0.1	  0.1	0.000	0.000	0.000
838	  G	  0.1	  0.0	0.000	0.000	0.000
839	  P	  0.0	  1.9	0.000	0.000	0.000
840	  P	  0.0	  1.9	0.000	0.000	0.000
841	  G	  0.2	  1.9	0.000	0.000	0.000
842	  F	  0.6	  2.3	0.000	0.000	0.000
843	  A	  0.6	  0.5	0.000	0.000	0.000
844	  G	  0.5	  0.7	0.000	0.000	0.000
845	  E	  0.0	  0.7	0.000	0.000	0.000
846	  K	  0.0	  0.4	0.000	0.000	0.000
847	  G	  0.0	  2.1	0.000	0.000	0.000
848	  P	  0.0	  2.2	0.000	0.000	0.000
849	  S	  0.1	  2.4	0.000	0.000	0.000
850	  G	  0.1	  2.4	0.000	0.000	0.000
851	  E	  0.1	  0.7	0.000	0.000	0.000
852	  A	  0.1	  0.6	0.000	0.000	0.000
853	  G	  0.1	  0.4	0.000	0.000	0.000
854	  T	  0.2	  0.3	0.000	0.000	0.000
855	  A	  0.2	  0.1	0.000	0.000	0.000
856	  G	  0.1	  0.0	0.000	0.000	0.000
857	  P	  0.0	  1.2	0.000	0.000	0.000
858	  P	  0.0	  1.2	0.000	0.000	0.000
859	  G	  0.0	  1.2	0.000	0.000	0.000
860	  T	  0.0	  1.2	0.000	0.000	0.000
861	  P	  0.0	  0.0	0.000	0.000	0.000
862	  G	  0.0	  1.0	0.000	0.000	0.000
863	  P	  0.0	  1.2	0.000	0.000	0.000
864	  Q	  0.0	  1.2	0.000	0.000	0.000
865	  G	  0.0	  1.1	0.000	0.000	0.000
866	  L	  0.1	  0.2	0.000	0.000	0.000
867	  L	  0.2	  0.0	0.000	0.000	0.000
868	  G	  0.2	  0.0	0.000	0.000	0.000
869	  A	  0.1	  0.9	0.000	0.000	0.000
870	  P	  0.0	  0.9	0.000	0.000	0.000
871	  G	  0.0	  0.9	0.000	0.000	0.000
872	  I	  1.3	  0.9	0.000	0.000	0.000
873	  L	  1.4	  0.0	0.000	0.000	0.000
874	  G	  1.4	  0.0	0.000	0.000	0.000
875	  L	  0.2	  1.7	0.000	0.000	0.000
876	  P	  0.0	  2.0	0.000	0.000	0.000
877	  G	  0.0	  2.2	0.000	0.000	0.000
878	  S	  0.1	  2.5	0.131	0.000	0.000
879	  R	  0.1	  0.9	0.131	0.000	0.000
880	  G	  0.1	  0.8	0.131	0.000	0.000
881	  E	  0.1	  0.6	0.131	0.000	0.000
882	  R	  0.2	  0.3	0.131	0.000	0.000
883	  G	  0.2	  0.3	0.131	0.000	0.000
884	  L	  0.1	  1.0	0.131	0.000	0.000
885	  P	  0.0	  1.0	0.000	0.000	0.000
886	  G	  0.2	  1.0	0.000	0.000	0.000
887	  V	  0.9	  1.2	0.000	0.199	0.199
888	  A	  0.9	  0.2	0.000	0.199	0.199
889	  G	  0.7	  0.2	0.000	0.199	0.199
890	  A	  0.2	  0.3	0.000	0.199	0.199
891	  V	  0.3	  0.2	0.000	0.199	0.199
892	  G	  0.3	  0.1	0.000	0.000	0.000
893	  E	  0.2	  0.1	0.000	0.000	0.000
894	  P	  0.0	  0.1	0.000	0.000	0.000
895	  G	  0.0	  0.6	0.000	0.000	0.000
896	  P	  0.0	  0.6	0.000	0.000	0.000
897	  L	  0.2	  0.7	0.000	0.000	0.000
898	  G	  0.7	  0.6	0.000	0.000	0.000
899	  I	  1.9	  0.0	0.000	0.000	0.000
900	  A	  1.8	  0.0	0.000	0.000	0.000
901	  G	  1.3	  0.0	0.000	0.000	0.000
902	  P	  0.0	  1.8	0.000	0.000	0.000
903	  P	  0.0	  1.9	0.000	0.000	0.000
904	  G	  0.0	  2.2	0.000	0.000	0.000
905	  A	  0.1	  2.2	0.000	0.000	0.000
906	  R	  0.1	  0.4	0.000	0.000	0.000
907	  G	  0.1	  0.3	0.000	0.000	0.000
908	  P	  0.0	  1.8	0.000	0.000	0.000
909	  P	  0.0	  1.9	0.000	0.000	0.000
910	  G	  0.0	  1.9	0.000	0.000	0.000
911	  A	  0.1	  2.0	0.000	0.000	0.000
912	  V	  0.4	  0.2	0.000	0.000	0.000
913	  G	  0.4	  0.2	0.000	0.000	0.000
914	  S	  0.3	  2.0	0.000	0.000	0.000
915	  P	  0.0	  1.8	0.000	0.000	0.000
916	  G	  0.1	  2.0	0.000	0.000	0.000
917	  V	  0.4	  4.2	0.000	0.000	0.000
918	  N	  0.4	  2.4	0.000	0.000	0.000
919	  G	  0.3	  2.4	0.000	0.000	0.000
920	  A	  0.0	  3.7	0.000	0.000	0.000
921	  P	  0.0	  1.5	0.000	0.000	0.000
922	  G	  0.0	  1.7	0.000	0.000	0.000
923	  E	  0.0	  1.9	0.000	0.000	0.000
924	  A	  0.1	  0.7	0.000	0.000	0.000
925	  G	  0.0	  1.5	0.000	0.000	0.000
926	  R	  0.0	  1.5	0.000	0.000	0.000
927	  D	  0.0	  1.2	0.000	0.000	0.000
928	  G	  0.0	  1.0	0.000	0.000	0.000
929	  N	  0.0	  1.7	0.000	0.000	0.000
930	  P	  0.0	  2.5	0.000	0.000	0.000
931	  G	  0.0	  2.8	0.000	0.000	0.000
932	  N	  0.0	  2.8	0.000	0.000	0.000
933	  D	  0.0	  1.2	0.000	0.000	0.000
934	  G	  0.0	  0.3	0.000	0.000	0.000
935	  P	  0.0	  2.3	0.000	0.000	0.000
936	  P	  0.0	  2.5	0.000	0.000	0.000
937	  G	  0.0	  3.4	0.000	0.000	0.000
938	  R	  0.0	  3.9	0.000	0.000	0.000
939	  D	  0.0	  1.6	0.000	0.000	0.000
940	  G	  0.0	  1.4	0.000	0.000	0.000
941	  Q	  0.0	  2.1	0.000	0.000	0.000
942	  P	  0.0	  1.5	0.000	0.000	0.000
943	  G	  0.0	  1.6	0.000	0.000	0.000
944	  H	  0.1	  2.5	0.000	0.000	0.000
945	  K	  0.1	  1.1	0.000	0.000	0.000
946	  G	  0.1	  1.3	0.000	0.000	0.000
947	  E	  0.1	  1.4	0.000	0.000	0.000
948	  R	  0.2	  0.4	0.000	0.000	0.000
949	  G	  0.2	  0.4	0.000	0.000	0.000
950	  Y	  0.2	  0.8	0.000	0.000	0.000
951	  P	  0.0	  1.0	0.000	0.000	0.000
952	  G	  0.0	  1.0	0.000	0.000	0.000
953	  N	  0.0	  1.0	0.000	0.000	0.000
954	  I	  0.1	  0.3	0.000	0.000	0.000
955	  G	  0.0	  0.0	0.000	0.000	0.000
956	  P	  0.0	  0.2	0.000	0.000	0.000
957	  V	  0.1	  0.3	0.000	0.000	0.000
958	  G	  0.2	  0.5	0.000	0.000	0.000
959	  A	  0.2	  0.8	0.000	0.000	0.000
960	  A	  0.1	  0.7	0.000	0.000	0.000
961	  G	  0.1	  0.5	0.000	0.000	0.000
962	  A	  0.0	  0.4	0.000	0.000	0.000
963	  P	  0.0	  0.1	0.000	0.000	0.000
964	  G	  0.0	  1.1	0.000	0.000	0.000
965	  P	  0.0	  1.1	0.000	0.000	0.000
966	  H	  0.0	  1.1	0.000	0.000	0.000
967	  G	  0.0	  1.1	0.000	0.000	0.000
968	  P	  0.0	  0.0	0.000	0.000	0.000
969	  V	  0.0	  0.1	0.000	0.000	0.000
970	  G	  0.0	  0.5	0.000	0.000	0.000
971	  P	  0.0	  1.1	0.000	0.000	0.000
972	  A	  0.0	  1.3	0.000	0.000	0.000
973	  G	  0.0	  1.5	0.000	0.000	0.000
974	  K	  0.1	  1.4	0.000	0.000	0.000
975	  H	  0.1	  2.2	0.000	0.000	0.000
976	  G	  0.1	  2.1	0.000	0.000	0.000
977	  N	  0.0	  2.2	0.000	0.000	0.000
978	  R	  0.0	  1.9	0.000	0.000	0.000
979	  G	  0.1	  0.9	0.000	0.000	0.000
980	  E	  0.1	  0.8	0.000	0.000	0.000
981	  T	  0.0	  0.6	0.000	0.000	0.000
982	  G	  0.0	  2.3	0.000	0.000	0.000
983	  P	  0.0	  2.0	0.000	0.000	0.000
984	  S	  0.0	  2.0	0.000	0.000	0.000
985	  G	  0.0	  1.9	0.000	0.000	0.000
986	  P	  0.0	  0.0	0.000	0.000	0.000
987	  V	  0.0	  0.1	0.000	0.000	0.000
988	  G	  0.0	  0.5	0.000	0.000	0.000
989	  P	  0.0	  0.9	0.000	0.000	0.000
990	  A	  0.0	  1.0	0.000	0.000	0.000
991	  G	  0.0	  0.9	0.000	0.000	0.000
992	  A	  0.2	  0.5	0.000	0.000	0.000
993	  V	  0.2	  0.1	0.000	0.000	0.000
994	  G	  0.1	  0.9	0.000	0.000	0.000
995	  P	  0.0	  0.9	0.000	0.000	0.000
996	  R	  0.0	  0.9	0.000	0.000	0.000
997	  G	  0.0	  2.6	0.000	0.000	0.000
998	  P	  0.0	  1.8	0.000	0.000	0.000
999	  S	  0.0	  1.9	0.000	0.000	0.000
1000	  G	  0.0	  2.8	0.000	0.000	0.000
1001	  P	  0.0	  1.2	0.000	0.000	0.000
1002	  Q	  0.0	  1.2	0.000	0.000	0.000
1003	  G	  0.1	  1.1	0.000	0.000	0.000
1004	  I	  2.5	  0.3	0.000	0.000	0.000
1005	  R	  2.5	  0.5	0.000	0.000	0.000
1006	  G	  2.4	  0.6	0.000	0.000	0.000
1007	  D	  0.1	  1.9	0.000	0.000	0.000
1008	  K	  0.1	  1.8	0.000	0.000	0.000
1009	  G	  0.1	  1.4	0.000	0.000	0.000
1010	  E	  0.1	  2.2	0.000	0.000	0.000
1011	  P	  0.0	  1.0	0.000	0.000	0.000
1012	  G	  0.0	  1.2	0.000	0.000	0.000
1013	  E	  0.0	  1.2	0.000	0.000	0.000
1014	  K	  0.0	  0.4	0.000	0.000	0.000
1015	  G	  0.0	  1.1	0.000	0.000	0.000
1016	  P	  0.0	  0.9	0.000	0.000	0.000
1017	  R	  0.1	  0.9	0.000	0.000	0.000
1018	  G	  0.1	  0.9	0.000	0.000	0.000
1019	  L	  0.1	  0.7	0.000	0.000	0.000
1020	  P	  0.0	  0.6	0.000	0.000	0.000
1021	  G	  0.0	  0.6	0.000	0.000	0.000
1022	  L	  0.1	  1.1	0.000	0.000	0.000
1023	  K	  0.1	  0.6	0.000	0.000	0.000
1024	  G	  0.1	  0.8	0.000	0.000	0.000
1025	  H	  0.1	  2.1	0.000	0.000	0.000
1026	  N	  0.1	  1.7	0.000	0.000	0.000
1027	  G	  0.1	  1.6	0.000	0.000	0.000
1028	  L	  0.1	  1.5	0.000	0.000	0.000
1029	  Q	  0.1	  0.1	0.000	0.000	0.000
1030	  G	  0.1	  0.1	0.000	0.000	0.000
1031	  L	  0.0	  0.9	0.000	0.000	0.000
1032	  P	  0.0	  0.8	0.000	0.000	0.000
1033	  G	  0.5	  0.8	0.000	0.000	0.000
1034	  I	  1.8	  1.0	0.000	0.000	0.000
1035	  A	  1.8	  0.4	0.000	0.000	0.000
1036	  G	  1.4	  0.4	0.000	0.000	0.000
1037	  H	  0.3	  0.8	0.000	0.000	0.000
1038	  H	  0.3	  1.6	0.000	0.000	0.000
1039	  G	  0.3	  1.7	0.000	0.000	0.000
1040	  D	  0.0	  2.4	0.000	0.000	0.000
1041	  Q	  0.0	  2.0	0.000	0.000	0.000
1042	  G	  0.0	  1.0	0.000	0.000	0.000
1043	  A	  0.0	  2.7	0.000	0.000	0.000
1044	  P	  0.0	  2.1	0.000	0.000	0.000
1045	  G	  0.0	  2.1	0.000	0.000	0.000
1046	  S	  0.4	  2.1	0.000	0.000	0.000
1047	  V	  0.4	  0.2	0.000	0.000	0.000
1048	  G	  0.4	  0.5	0.000	0.000	0.000
1049	  P	  0.0	  0.5	0.000	0.000	0.000
1050	  A	  0.0	  0.5	0.000	0.000	0.000
1051	  G	  0.0	  1.3	0.000	0.000	0.000
1052	  P	  0.0	  0.9	0.000	0.000	0.000
1053	  R	  0.0	  0.9	0.000	0.000	0.000
1054	  G	  0.0	  1.2	0.000	0.000	0.000
1055	  P	  0.0	  0.4	0.000	0.000	0.000
1056	  A	  0.0	  0.5	0.000	0.000	0.000
1057	  G	  0.0	  2.3	0.000	0.000	0.000
1058	  P	  0.0	  1.9	0.000	0.000	0.000
1059	  S	  0.0	  2.0	0.000	0.000	0.000
1060	  G	  0.0	  2.3	0.000	0.000	0.000
1061	  P	  0.0	  1.2	0.000	0.000	0.000
1062	  A	  0.0	  1.3	0.000	0.000	0.000
1063	  G	  0.0	  2.4	0.000	0.000	0.000
1064	  K	  0.0	  2.9	0.000	0.000	0.000
1065	  D	  0.0	  2.6	0.167	0.000	0.000
1066	  G	  0.0	  2.7	0.167	0.000	0.000
1067	  R	  0.1	  1.7	0.167	0.000	0.000
1068	  T	  0.2	  0.8	0.167	0.000	0.000
1069	  G	  0.1	  0.4	0.167	0.000	0.000
1070	  H	  0.1	  2.2	0.167	0.000	0.000
1071	  P	  0.0	  2.1	0.000	0.000	0.000
1072	  G	  0.0	  2.1	0.000	0.000	0.000
1073	  T	  0.6	  2.1	0.000	0.000	0.000
1074	  V	  0.6	  0.1	0.000	0.000	0.000
1075	  G	  0.6	  0.4	0.000	0.000	0.000
1076	  P	  0.0	  0.7	0.000	0.000	0.000
1077	  A	  0.1	  0.8	0.000	0.000	0.000
1078	  G	  0.2	  0.7	0.000	0.000	0.000
1079	  I	  2.5	  0.3	0.000	0.000	0.000
1080	  R	  2.5	  0.1	0.000	0.000	0.000
1081	  G	  2.4	  0.9	0.000	0.000	0.000
1082	  P	  0.0	  1.4	0.000	0.000	0.000
1083	  Q	  0.0	  1.4	0.000	0.000	0.000
1084	  G	  0.0	  1.5	0.000	0.000	0.000
1085	  H	  0.1	  0.5	0.000	0.000	0.000
1086	  Q	  0.1	  0.1	0.000	0.000	0.000
1087	  G	  0.0	  0.5	0.000	0.000	0.000
1088	  P	  0.0	  0.4	0.000	0.000	0.000
1089	  A	  0.0	  0.4	0.000	0.000	0.000
1090	  G	  0.0	  0.4	0.000	0.000	0.000
1091	  P	  0.0	  0.0	0.000	0.000	0.000
1092	  P	  0.0	  0.0	0.000	0.000	0.000
1093	  G	  0.0	  0.0	0.000	0.000	0.000
1094	  P	  0.0	  0.0	0.000	0.000	0.000
1095	  P	  0.0	  0.0	0.000	0.000	0.000
1096	  G	  0.0	  0.0	0.000	0.000	0.000
1097	  P	  0.0	  0.0	0.000	0.000	0.000
1098	  P	  0.0	  0.0	0.000	0.000	0.000
1099	  G	  0.0	  0.0	0.000	0.000	0.000
1100	  P	  0.0	  1.4	0.000	0.000	0.000
1101	  P	  0.0	  1.4	0.000	0.000	0.000
1102	  G	  0.0	  1.4	0.000	0.000	0.000
1103	  V	  0.7	  1.5	0.000	0.000	0.000
1104	  S	  0.7	  0.4	0.000	0.000	0.000
1105	  G	  0.7	  0.8	0.000	0.000	0.000
1106	  G	  0.0	  0.8	0.000	0.000	0.000
1107	  G	  0.1	  0.7	0.000	0.000	0.000
1108	  Y	  2.5	  0.4	0.000	0.000	0.000
1109	  D	  2.5	  0.2	0.000	0.000	0.000
1110	  F	  2.7	  0.2	0.000	0.000	0.000
1111	  G	  0.4	  0.5	0.000	0.000	0.000
1112	  Y	  0.7	  0.7	0.000	0.000	0.000
1113	  D	  0.5	  1.1	0.000	0.000	0.000
1114	  G	  0.4	  1.1	0.280	0.000	0.000
1115	  D	  1.0	  0.8	0.406	0.000	0.000
1116	  F	  3.0	  0.6	0.406	0.000	0.000
1117	  Y	  4.9	  0.0	0.406	0.000	0.000
1118	  R	  4.1	  0.6	0.406	0.000	0.000
1119	  A	  2.2	  0.6	0.406	0.000	0.000
1120	  D	  0.3	  0.6	0.406	0.000	0.000
1121	  Q	  0.1	  0.7	0.283	0.000	0.000
1122	  P	  0.0	  0.3	0.000	0.000	0.000
1123	  R	  0.6	  0.3	0.000	0.000	0.000
1124	  S	  0.6	  0.3	0.000	0.000	0.000
1125	  A	  0.7	  0.5	0.000	0.000	0.000
1126	  P	  0.1	  0.5	0.000	0.000	0.000
1127	  S	  4.1	  0.5	0.000	0.000	0.000
1128	  L	  4.2	  0.5	0.000	0.000	0.000
1129	  R	  4.2	  0.2	0.000	0.000	0.000
1130	  P	  0.2	  0.5	0.000	0.000	0.000
1131	  K	  0.1	  0.5	0.000	0.000	0.000
1132	  D	  1.4	  0.5	0.221	0.000	0.000
1133	  Y	 10.2	  0.3	0.221	0.000	0.000
1134	  E	 14.5	  0.0	0.221	0.000	0.000
1135	  V	 13.7	  0.0	0.221	0.000	0.000
1136	  D	  5.6	  0.1	1.286	0.000	0.000
1137	  A	  1.0	  0.1	1.286	0.000	0.000
1138	  T	  3.3	  0.1	1.602	0.000	0.000
1139	  L	  3.6	  0.2	1.602	0.000	0.000
1140	  K	  3.5	  0.1	1.602	0.000	0.000
1141	  S	  3.4	  0.9	1.381	0.000	0.000
1142	  L	  3.1	  0.9	1.045	0.000	0.000
1143	  N	  3.0	  0.9	0.799	0.000	0.000
1144	  N	  0.7	  0.8	0.420	0.000	0.000
1145	  Q	  3.2	  0.1	0.000	0.000	0.000
1146	  I	  3.7	  0.1	0.000	0.000	0.000
1147	  E	  3.3	  0.1	0.000	0.000	0.000
1148	  T	  1.4	  0.0	0.000	0.000	0.000
1149	  L	  1.2	  0.0	0.000	0.000	0.000
1150	  L	  1.3	  0.0	0.000	0.000	0.000
1151	  T	  0.5	  0.7	0.249	0.000	0.000
1152	  P	  0.2	  1.4	0.415	0.000	0.000
1153	  E	  0.0	  2.0	0.415	0.000	0.000
1154	  G	  0.0	  2.1	0.415	0.000	0.000
1155	  S	  0.2	  1.5	0.415	0.000	0.000
1156	  R	  1.1	  0.8	0.415	0.000	0.000
1157	  K	  1.1	  0.2	0.415	0.000	0.000
1158	  N	  0.9	  0.3	0.415	0.000	0.000
1159	  P	  0.0	  0.2	0.000	0.000	0.000
1160	  A	  0.1	  0.3	0.000	0.000	0.000
1161	  R	  0.1	  0.3	0.000	0.000	0.000
1162	  T	  4.6	  0.1	1.002	0.000	0.000
1163	  C	  5.0	  0.5	1.002	0.000	0.000
1164	  R	  5.0	  0.4	1.002	0.000	0.000
1165	  D	  0.9	  0.4	1.149	0.000	0.000
1166	  L	  1.9	  0.4	1.149	0.000	0.000
1167	  R	  2.3	  0.0	1.149	0.000	0.000
1168	  L	  3.2	  0.0	0.835	0.000	0.000
1169	  S	  1.7	  0.0	0.496	0.000	0.000
1170	  H	  1.3	  0.4	0.269	0.000	0.000
1171	  P	  0.1	  0.4	0.000	0.000	0.000
1172	  E	  1.0	  0.4	0.000	0.000	0.000
1173	  W	  2.0	  0.8	0.000	0.000	0.000
1174	  S	  2.0	  0.7	0.000	0.000	0.000
1175	  S	  1.0	  0.7	0.000	0.519	0.519
1176	  G	  0.1	  0.7	0.000	4.719	4.719
1177	  Y	  1.2	  0.3	0.000	4.719	4.719
1178	  Y	  1.9	  0.0	0.000	4.719	4.719
1179	  W	  3.1	  0.0	0.000	4.719	4.719
1180	  I	  2.2	  0.0	0.000	4.719	4.719
1181	  D	  1.5	  7.9	0.000	0.000	0.000
1182	  P	  0.3	  8.0	0.000	0.000	0.000
1183	  N	  0.0	  8.9	0.000	0.000	0.000
1184	  Q	  0.0	  9.3	0.000	0.000	0.000
1185	  G	  0.1	  1.4	0.000	0.000	0.000
1186	  C	  2.4	  1.3	0.000	0.000	0.000
1187	  T	  3.9	  0.6	0.381	0.000	0.000
1188	  M	  4.1	  0.2	0.381	0.000	0.000
1189	  D	  1.9	  0.2	1.181	0.000	0.000
1190	  A	  0.7	  0.2	1.181	0.000	0.000
1191	  I	  8.0	  0.0	1.181	0.000	0.000
1192	  K	  8.8	  0.0	1.181	0.000	0.000
1193	  V	 12.0	  0.0	0.966	0.000	0.000
1194	  Y	  6.0	  0.1	0.966	0.000	0.000
1195	  C	  5.5	  0.1	0.249	0.000	0.000
1196	  D	  2.4	  0.3	0.249	0.000	0.000
1197	  F	  1.9	  0.5	0.117	0.000	0.000
1198	  S	  1.5	  0.6	0.000	0.000	0.000
1199	  T	  1.0	  0.9	0.000	0.000	0.000
1200	  G	  0.1	  0.9	0.155	0.000	0.000
1201	  E	  0.2	  0.7	0.155	0.000	0.000
1202	  T	  2.4	  0.5	0.803	0.000	0.000
1203	  C	  6.1	  0.2	0.803	0.000	0.000
1204	  I	  7.3	  0.0	0.803	0.000	0.000
1205	  R	  5.3	  0.0	0.803	0.000	0.000
1206	  A	  1.7	  0.0	0.803	0.000	0.000
1207	  Q	  0.3	  0.2	0.803	0.000	0.000
1208	  P	  0.0	  0.4	0.000	0.000	0.000
1209	  E	  0.0	  0.4	0.000	0.000	0.000
1210	  N	  0.2	  0.4	0.000	0.000	0.000
1211	  I	  0.2	  0.3	0.000	0.000	0.000
1212	  P	  0.2	  0.0	0.000	0.000	0.000
1213	  A	  0.1	  0.2	0.000	0.000	0.000
1214	  K	  0.1	  0.2	0.000	0.000	0.000
1215	  N	  1.5	  0.2	0.000	0.000	0.000
1216	  W	  2.6	  0.2	0.000	0.000	0.000
1217	  Y	  4.4	  0.1	0.000	0.000	0.000
1218	  R	  3.3	  0.2	0.000	0.000	0.000
1219	  S	  2.3	  0.3	0.169	0.000	0.000
1220	  S	  0.9	  2.2	0.169	0.000	0.000
1221	  K	  0.7	  2.2	0.169	0.000	0.000
1222	  D	  0.6	  2.2	0.169	0.000	0.000
1223	  K	  0.1	  2.1	0.169	0.000	0.000
1224	  K	  0.3	  0.2	0.169	0.000	0.000
1225	  H	  1.8	  0.2	0.000	0.000	0.000
1226	  V	  4.3	  0.0	0.000	0.000	0.000
1227	  W	  4.1	  0.0	0.000	0.000	0.000
1228	  L	  2.7	  0.2	0.000	0.000	0.000
1229	  G	  0.1	  0.3	0.000	0.000	0.000
1230	  E	  0.0	  0.3	0.000	0.000	0.000
1231	  T	  5.7	  0.3	0.000	0.000	0.000
1232	  I	  6.7	  0.1	0.000	0.000	0.000
1233	  N	  6.6	  0.9	0.000	0.000	0.000
1234	  A	  1.1	  1.1	0.000	0.000	0.000
1235	  G	  0.0	  1.2	0.000	0.000	0.000
1236	  S	  0.5	  1.2	0.000	0.000	0.000
1237	  Q	  6.7	  0.3	0.000	0.000	0.000
1238	  F	 10.5	  0.1	0.000	0.000	0.000
1239	  E	 12.3	  0.0	0.000	0.000	0.000
1240	  Y	 11.2	  0.0	0.000	0.000	0.000
1241	  N	 11.0	  0.0	0.000	0.000	0.000
1242	  V	  8.9	  0.1	0.000	0.000	0.000
1243	  E	  4.1	  0.2	0.000	0.000	0.000
1244	  G	  0.3	  0.2	0.000	0.000	0.000
1245	  V	  2.8	  0.2	0.000	0.000	0.000
1246	  T	  4.1	  0.1	1.961	0.000	0.000
1247	  S	  4.5	  0.1	2.527	0.000	0.000
1248	  K	  2.0	  0.1	2.527	0.000	0.000
1249	  E	  0.7	  0.1	2.792	0.000	0.000
1250	  M	  0.3	  0.1	2.910	0.000	0.000
1251	  A	  0.4	  0.0	3.197	0.380	0.380
1252	  T	  1.3	  0.0	3.981	0.380	0.380
1253	  Q	  1.3	  0.0	4.130	0.380	0.380
1254	  L	  1.3	  0.0	3.646	0.380	0.380
1255	  A	  0.7	  0.0	3.709	0.380	0.380
1256	  F	  1.8	  0.0	3.952	0.380	0.380
1257	  M	  3.4	  0.0	3.098	0.202	0.202
1258	  R	  3.5	  0.0	2.782	0.000	0.000
1259	  L	  2.5	  0.0	2.782	0.000	0.000
1260	  L	  0.7	  0.7	2.782	0.000	0.000
1261	  A	  0.3	  0.6	2.782	0.000	0.000
1262	  N	  0.3	  0.6	2.629	0.000	0.000
1263	  Y	  1.0	  0.7	0.478	0.000	0.000
1264	  A	  1.1	  0.2	0.119	0.000	0.000
1265	  S	  1.6	  0.9	0.119	0.000	0.000
1266	  Q	  1.0	  0.9	0.119	0.000	0.000
1267	  N	  2.9	  0.8	0.119	0.000	0.000
1268	  I	 16.8	  0.7	0.000	0.000	0.000
1269	  T	 22.9	  0.0	0.389	0.000	0.000
1270	  Y	 24.7	  0.0	0.389	0.000	0.000
1271	  H	 11.1	  0.0	0.389	0.000	0.000
1272	  C	  4.9	  0.3	0.389	0.000	0.000
1273	  K	  0.7	  0.4	0.389	0.000	0.000
1274	  N	  0.5	  0.4	0.389	0.000	0.000
1275	  S	  0.7	  0.4	0.127	0.257	0.257
1276	  I	  2.5	  0.0	0.000	0.257	0.257
1277	  A	  2.5	  0.0	0.000	0.257	0.257
1278	  Y	  3.2	  0.1	0.000	0.257	0.257
1279	  M	  1.4	  0.1	0.000	0.257	0.257
1280	  D	  1.1	  0.3	4.606	0.000	0.000
1281	  E	  0.1	  0.4	4.606	0.000	0.000
1282	  E	  0.0	  0.4	4.716	0.000	0.000
1283	  T	  0.0	  1.4	5.352	0.000	0.000
1284	  G	  0.0	  1.3	5.352	0.000	0.000
1285	  N	  0.3	  1.2	5.603	0.000	0.000
1286	  L	  0.4	  1.2	3.944	0.000	0.000
1287	  K	  0.4	  0.1	3.565	0.000	0.000
1288	  K	  0.4	  0.1	3.396	0.000	0.000
1289	  A	  1.3	  0.1	1.211	0.181	0.181
1290	  V	  8.6	  0.0	1.003	0.181	0.181
1291	  I	  9.8	  0.0	1.003	0.181	0.181
1292	  L	  8.8	  0.3	1.003	0.181	0.181
1293	  Q	  1.6	  0.7	0.894	0.181	0.181
1294	  G	  0.0	  1.0	0.150	0.000	0.000
1295	  S	  0.0	  1.4	0.000	0.000	0.000
1296	  N	  0.1	  1.2	0.000	0.000	0.000
1297	  D	  2.5	  0.8	0.000	0.000	0.000
1298	  V	  7.0	  0.4	0.000	0.000	0.000
1299	  E	  7.0	  0.0	0.000	0.000	0.000
1300	  L	  5.5	  0.0	0.000	0.000	0.000
1301	  V	  1.7	  0.0	0.000	0.000	0.000
1302	  A	  1.6	  0.2	0.000	0.000	0.000
1303	  E	  0.7	  1.9	0.000	0.000	0.000
1304	  G	  0.0	  2.0	0.000	0.000	0.000
1305	  N	  0.2	  2.0	0.000	0.000	0.000
1306	  S	  0.3	  1.8	0.000	0.000	0.000
1307	  R	  1.5	  0.1	0.000	0.014	0.014
1308	  F	 11.2	  0.0	0.000	87.080	87.080
1309	  T	 27.2	  0.0	0.000	94.175	94.175
1310	  Y	 33.4	  0.0	0.000	95.645	95.645
1311	  T	 27.1	  0.0	0.000	95.645	95.645
1312	  V	 15.7	  0.0	0.000	95.645	95.645
1313	  L	  7.4	  0.1	0.000	95.478	95.478
1314	  V	  5.0	  0.3	0.000	88.117	88.117
1315	  D	  0.6	  0.6	0.148	0.014	0.014
1316	  G	  0.2	  0.6	0.148	0.000	0.000
1317	  C	  1.9	  0.7	0.148	0.000	0.000
1318	  S	  2.1	  0.5	0.980	0.000	0.000
1319	  K	  2.3	  0.3	0.980	0.000	0.000
1320	  K	  0.5	  0.3	0.980	0.000	0.000
1321	  T	  0.5	  0.2	0.832	0.000	0.000
1322	  N	  0.3	  0.4	0.832	0.000	0.000
1323	  E	  0.2	  0.5	0.832	0.000	0.000
1324	  W	  0.2	  0.6	0.571	0.000	0.000
1325	  G	  0.1	  0.7	0.736	0.000	0.000
1326	  K	  0.9	  0.4	0.331	0.000	0.000
1327	  T	  3.2	  0.3	1.496	0.000	0.000
1328	  I	  4.8	  0.1	1.496	0.000	0.000
1329	  I	  6.9	  0.0	1.496	0.000	0.000
1330	  E	  7.5	  0.0	1.496	0.000	0.000
1331	  Y	  6.3	  0.1	1.496	0.000	0.000
1332	  K	  3.8	  0.1	1.305	0.000	0.000
1333	  T	  1.1	  0.1	0.376	0.000	0.000
1334	  N	  0.7	  0.1	0.376	0.000	0.000
1335	  K	  0.6	  0.4	0.190	0.000	0.000
1336	  P	  0.0	  0.4	0.000	0.000	0.000
1337	  S	  0.2	  0.4	0.000	0.000	0.000
1338	  R	  0.3	  0.4	0.000	0.000	0.000
1339	  L	  0.3	  0.1	0.000	0.000	0.000
1340	  P	  0.1	  0.0	0.000	0.000	0.000
1341	  F	  1.0	  0.2	0.000	0.000	0.000
1342	  L	  3.6	  0.2	0.000	0.000	0.000
1343	  D	  4.0	  0.2	0.000	0.000	0.000
1344	  I	  3.4	  0.2	0.000	0.000	0.000
1345	  A	  0.8	  0.2	0.000	0.000	0.000
1346	  P	  0.4	  0.2	0.000	0.000	0.000
1347	  L	  2.6	  0.2	0.000	0.000	0.000
1348	  D	  2.6	  0.4	0.000	0.000	0.000
1349	  I	  2.7	  1.0	0.000	0.000	0.000
1350	  G	  0.1	  1.2	0.000	0.000	0.000
1351	  G	  0.1	  1.6	0.000	0.000	0.000
1352	  A	  0.0	  1.4	0.000	0.000	0.000
1353	  D	  0.1	  0.7	0.000	0.000	0.000
1354	  Q	  0.5	  0.5	0.000	0.000	0.000
1355	  E	  0.9	  0.1	0.000	0.000	0.000
1356	  F	  2.3	  0.1	0.000	0.000	0.000
1357	  F	  3.4	  0.1	0.000	0.000	0.000
1358	  V	  7.6	  0.1	0.000	0.000	0.000
1359	  D	  6.2	  0.1	0.000	0.000	0.000
1360	  I	  4.8	  0.1	0.000	0.000	0.000
1361	  G	  0.0	  0.0	0.000	0.000	0.000
1362	  P	  0.0	  0.0	0.000	0.000	0.000
1363	  V	  1.1	  0.0	0.000	0.000	0.000
1364	  C	  5.1	  0.0	0.000	0.000	0.000
1365	  F	  5.1	  0.0	0.000	0.000	0.000
1366	  K	  4.0	  0.0	0.000	0.000	0.000
