res	aa	Beta	Turn	Helix	Aggregation	Conc-Stab_Aggregation
01	  M	  0.8	  0.0	0.000	0.000	0.000
02	  S	  0.8	  0.0	0.000	0.000	0.000
03	  K	  0.8	  0.2	0.000	0.000	0.000
04	  P	  0.1	  0.2	0.000	0.000	0.000
05	  H	  0.0	  0.4	0.000	0.000	0.000
06	  S	  0.0	  0.5	0.000	0.000	0.000
07	  E	  0.1	  0.5	0.000	0.000	0.000
08	  A	  0.0	  0.5	0.000	0.000	0.000
09	  G	  0.1	  0.4	0.000	0.142	0.142
10	  T	  1.0	  0.3	0.000	0.312	0.312
11	  A	  1.4	  0.1	0.000	0.481	0.481
12	  F	  1.7	  0.0	0.000	0.481	0.481
13	  I	  1.1	  0.0	0.000	0.481	0.481
14	  Q	  0.9	  0.0	0.000	0.339	0.339
15	  T	  2.2	  0.1	0.000	0.170	0.170
16	  Q	  2.3	  0.1	0.000	0.000	0.000
17	  Q	  2.7	  0.1	0.000	0.000	0.000
18	  L	  1.4	  0.1	0.000	0.000	0.000
19	  H	  1.2	  0.0	0.000	0.000	0.000
20	  A	  0.7	  0.0	0.000	0.000	0.000
21	  A	  0.4	  0.0	0.000	0.000	0.000
22	  M	  0.3	  0.2	0.000	0.000	0.000
23	  A	  0.1	  0.3	0.000	0.000	0.000
24	  D	  1.8	  0.3	0.135	0.000	0.000
25	  T	  5.2	  0.3	1.045	0.000	0.000
26	  F	  5.9	  0.1	1.045	0.000	0.000
27	  L	  4.5	  0.1	1.045	0.000	0.000
28	  E	  1.1	  0.1	1.045	0.000	0.000
29	  H	  1.0	  0.1	1.045	0.000	0.000
30	  M	  0.9	  0.1	1.045	0.000	0.000
31	  C	  2.0	  0.1	0.906	0.000	0.000
32	  R	  3.4	  0.2	0.746	0.000	0.000
33	  L	  5.7	  0.2	0.618	0.000	0.000
34	  D	  5.4	  0.8	0.128	0.000	0.000
35	  I	  4.7	  0.8	0.000	0.000	0.000
36	  D	  2.2	  0.6	0.000	0.000	0.000
37	  S	  1.4	  0.6	0.000	0.000	0.000
38	  P	  0.0	  0.0	0.000	0.000	0.000
39	  P	  0.0	  0.0	0.000	0.000	0.000
40	  I	  4.6	  0.0	0.000	0.000	0.000
41	  T	  5.4	  0.0	0.000	0.000	0.000
42	  A	  5.4	  0.1	0.000	0.000	0.000
43	  R	  1.1	  0.2	0.000	0.000	0.000
44	  N	  0.2	  0.2	0.000	0.000	0.000
45	  T	  0.2	  0.3	0.000	0.173	0.173
46	  G	  0.2	  0.1	0.000	0.968	0.968
47	  I	  2.2	  0.1	0.000	9.803	9.803
48	  I	  3.0	  0.0	0.000	9.803	9.803
49	  C	  6.6	  0.0	0.000	9.803	9.803
50	  T	  5.0	  0.0	0.000	9.803	9.803
51	  I	  4.1	  0.1	0.000	9.803	9.803
52	  G	  0.4	  0.1	0.112	0.000	0.000
53	  P	  0.0	  0.3	0.112	0.000	0.000
54	  A	  0.1	  0.3	0.112	0.000	0.000
55	  S	  1.7	  0.7	0.112	0.000	0.000
56	  R	  2.5	  0.7	0.112	0.000	0.000
57	  S	  5.9	  0.5	4.635	0.000	0.000
58	  V	  5.0	  0.5	4.523	0.000	0.000
59	  E	  4.2	  0.0	4.523	0.000	0.000
60	  T	  3.5	  0.0	6.025	0.000	0.000
61	  L	  3.0	  0.1	6.025	0.000	0.000
62	  K	  3.0	  0.0	6.134	0.000	0.000
63	  E	  0.2	  0.0	5.566	0.000	0.000
64	  M	  0.5	  0.0	5.325	0.000	0.000
65	  I	  1.8	  0.2	4.837	0.000	0.000
66	  K	  1.8	  0.4	4.837	0.000	0.000
67	  S	  1.4	  0.4	3.200	0.000	0.000
68	  G	  0.2	  0.5	1.812	0.000	0.000
69	  M	  3.8	  0.3	0.151	0.000	0.000
70	  N	  4.1	  0.1	1.170	0.000	0.000
71	  V	  5.0	  0.1	1.170	0.000	0.000
72	  A	  1.6	  0.0	1.170	0.000	0.000
73	  R	  3.6	  0.0	1.170	0.000	0.000
74	  L	  4.4	  0.0	1.170	0.000	0.000
75	  N	  5.3	  0.2	1.170	0.000	0.000
76	  F	  5.0	  0.4	0.662	0.000	0.000
77	  S	  3.4	  0.6	0.000	0.000	0.000
78	  H	  2.3	  0.8	0.000	0.000	0.000
79	  G	  0.3	  0.7	0.000	0.000	0.000
80	  T	  1.1	  0.5	0.000	0.000	0.000
81	  H	  1.6	  0.3	0.000	0.000	0.000
82	  E	  5.2	  0.0	0.000	0.000	0.000
83	  Y	  5.8	  0.0	0.000	0.000	0.000
84	  H	  5.4	  0.1	0.718	0.000	0.000
85	  A	  1.7	  0.2	0.718	0.000	0.000
86	  E	  0.2	  0.2	0.718	0.000	0.000
87	  T	 11.2	  0.2	0.718	0.000	0.000
88	  I	 11.4	  0.1	0.718	0.000	0.000
89	  K	 11.7	  0.1	0.718	0.000	0.000
90	  N	  3.5	  0.1	0.568	0.000	0.000
91	  V	  3.9	  0.1	0.256	0.000	0.000
92	  R	  3.7	  0.0	0.256	0.000	0.000
93	  T	  2.0	  0.0	0.000	0.000	0.000
94	  A	  1.4	  0.0	0.000	0.000	0.000
95	  T	  1.5	  0.2	0.000	0.000	0.000
96	  E	  0.5	  0.2	0.000	0.000	0.000
97	  S	  1.1	  0.2	0.000	0.000	0.000
98	  F	  1.7	  0.4	0.000	0.000	0.000
99	  A	  1.5	  0.2	0.000	0.000	0.000
100	  S	  0.9	  0.2	0.000	0.000	0.000
101	  D	  0.0	  0.2	0.485	0.000	0.000
102	  P	  0.0	  0.0	0.485	0.000	0.000
103	  I	  1.7	  0.0	0.485	0.000	0.000
104	  L	  2.0	  0.0	0.485	0.000	0.000
105	  Y	  2.4	  0.0	0.485	0.000	0.000
106	  R	  0.7	  0.0	0.485	0.000	0.000
107	  P	  0.4	  0.0	0.000	0.696	0.696
108	  V	  7.1	  0.0	0.000	49.084	49.084
109	  A	  7.4	  0.0	0.000	49.084	49.084
110	  V	 10.8	  0.0	0.000	49.084	49.084
111	  A	  4.0	  0.1	0.000	49.084	49.084
112	  L	  3.7	  0.1	0.000	48.977	48.977
113	  D	  0.6	  0.3	0.000	0.000	0.000
114	  T	  0.5	  0.3	0.000	0.000	0.000
115	  K	  0.3	  0.2	0.000	0.000	0.000
116	  G	  0.1	  0.4	0.000	0.000	0.000
117	  P	  0.0	  0.3	0.000	0.000	0.000
118	  E	  1.1	  0.3	0.000	0.000	0.000
119	  I	  2.2	  0.3	0.000	0.000	0.000
120	  R	  2.3	  0.1	0.000	0.000	0.000
121	  T	  1.3	  0.2	0.000	0.000	0.000
122	  G	  0.1	  0.2	0.000	0.000	0.000
123	  L	  0.4	  0.1	0.000	0.000	0.000
124	  I	  1.5	  0.3	0.000	0.000	0.000
125	  K	  1.5	  0.8	0.000	0.000	0.000
126	  G	  1.1	  1.0	0.128	0.000	0.000
127	  S	  0.1	  1.2	0.128	0.000	0.000
128	  G	  0.2	  1.0	0.623	0.000	0.000
129	  T	  0.5	  0.4	2.059	0.000	0.000
130	  A	  0.7	  0.2	2.394	0.000	0.000
131	  E	  2.7	  0.0	2.532	0.000	0.000
132	  V	  7.1	  0.0	2.677	0.000	0.000
133	  E	  8.1	  0.0	2.677	0.000	0.000
134	  L	  6.2	  0.1	2.677	0.000	0.000
135	  K	  1.8	  0.4	2.677	0.000	0.000
136	  K	  0.1	  0.6	1.635	0.000	0.000
137	  G	  0.0	  0.7	0.358	0.000	0.000
138	  A	  0.4	  0.6	0.000	0.000	0.000
139	  T	  3.2	  0.3	0.106	0.000	0.000
140	  L	  4.7	  0.1	0.106	0.000	0.000
141	  K	  9.3	  0.0	0.106	0.000	0.000
142	  I	 16.5	  0.0	0.106	0.000	0.000
143	  T	 16.2	  0.1	0.232	0.000	0.000
144	  L	 11.4	  0.3	0.232	0.000	0.000
145	  D	  1.6	  0.3	0.232	0.000	0.000
146	  N	  0.3	  0.3	0.126	0.000	0.000
147	  A	  0.5	  0.1	0.126	0.000	0.000
148	  Y	  1.3	  0.0	0.126	0.000	0.000
149	  M	  1.3	  0.1	0.000	0.000	0.000
150	  E	  1.2	  0.1	0.000	0.000	0.000
151	  K	  1.0	  0.1	0.000	0.000	0.000
152	  C	  0.9	  0.2	0.000	0.000	0.000
153	  D	  0.7	  1.4	0.000	0.000	0.000
154	  E	  0.1	  1.4	0.000	0.000	0.000
155	  N	  0.2	  1.4	0.628	0.154	0.154
156	  I	  1.5	  1.3	0.628	2.450	2.450
157	  L	  2.0	  0.0	0.628	2.450	2.450
158	  W	  2.4	  0.1	0.628	2.450	2.450
159	  L	  2.3	  0.1	0.628	2.450	2.450
160	  D	  2.2	  0.1	1.253	2.296	2.296
161	  Y	  2.3	  0.5	1.129	2.296	2.296
162	  K	  1.4	  0.4	1.129	2.296	2.296
163	  N	  1.6	  0.4	0.987	1.938	1.938
164	  I	  1.2	  0.4	0.795	2.133	2.133
165	  C	  1.7	  0.0	0.795	1.080	1.080
166	  K	  2.6	  0.0	0.591	0.851	0.851
167	  V	  6.2	  0.0	0.000	2.256	2.256
168	  V	 23.3	  0.0	0.000	2.256	2.256
169	  E	 21.9	  0.0	0.000	2.256	2.256
170	  V	 18.6	  0.3	0.000	2.256	2.256
171	  G	  0.3	  0.4	0.000	1.575	1.575
172	  S	  0.4	  0.4	0.000	1.405	1.405
173	  K	  0.7	  0.4	0.000	1.405	1.405
174	  I	  2.3	  0.0	0.000	1.405	1.405
175	  Y	  3.4	  0.1	0.000	1.405	1.405
176	  V	  3.4	  0.3	0.000	1.140	1.140
177	  D	  1.8	  0.5	0.784	0.000	0.000
178	  D	  0.4	  0.5	0.784	0.000	0.000
179	  G	  0.0	  0.4	1.672	0.000	0.000
180	  L	  0.5	  0.2	1.672	3.322	3.322
181	  I	  4.1	  0.0	1.672	3.322	3.322
182	  S	  4.7	  0.0	2.742	3.322	3.322
183	  L	  5.0	  0.0	2.742	3.322	3.322
184	  Q	  2.4	  0.0	2.631	3.322	3.322
185	  V	  3.8	  0.0	1.987	3.061	3.061
186	  K	  3.3	  0.1	1.987	0.000	0.000
187	  Q	  2.3	  0.4	1.485	0.000	0.000
188	  K	  0.3	  0.5	0.973	0.000	0.000
189	  G	  0.0	  1.0	0.206	0.000	0.000
190	  A	  0.1	  1.0	0.000	0.000	0.000
191	  D	  0.1	  0.7	0.000	0.000	0.000
192	  F	  1.2	  0.5	0.000	0.000	0.000
193	  L	  1.5	  0.0	0.000	0.000	0.000
194	  V	  2.3	  0.0	0.000	0.000	0.000
195	  T	  1.6	  0.0	0.120	0.000	0.000
196	  E	  3.3	  0.0	0.120	0.000	0.000
197	  V	  3.7	  0.4	0.120	0.000	0.000
198	  E	  3.3	  1.0	0.120	0.000	0.000
199	  N	  1.1	  1.1	0.120	0.000	0.000
200	  G	  0.0	  1.5	0.120	0.000	0.000
201	  G	  0.0	  1.3	0.000	0.000	0.000
202	  S	  0.2	  0.9	0.211	0.000	0.000
203	  L	  0.2	  1.1	0.211	0.000	0.000
204	  G	  0.2	  0.8	0.211	0.000	0.000
205	  S	  0.2	  0.8	0.211	0.000	0.000
206	  K	  0.1	  1.3	0.211	0.000	0.000
207	  K	  0.1	  1.1	0.211	0.000	0.000
208	  G	  0.1	  1.0	0.211	0.000	0.000
209	  V	  7.3	  0.7	0.000	0.000	0.000
210	  N	  7.3	  0.0	0.000	0.000	0.000
211	  L	  7.2	  1.1	0.000	0.000	0.000
212	  P	  0.1	  1.2	0.000	0.000	0.000
213	  G	  0.0	  1.2	0.000	0.000	0.000
214	  A	  0.2	  1.2	0.000	0.000	0.000
215	  A	  0.5	  0.1	0.000	0.000	0.000
216	  V	  5.4	  0.0	0.000	0.000	0.000
217	  D	  5.3	  0.0	0.000	0.000	0.000
218	  L	  5.0	  0.0	0.000	0.000	0.000
219	  P	  0.0	  0.0	0.000	0.000	0.000
220	  A	  0.5	  0.0	0.000	0.000	0.000
221	  V	  0.9	  0.0	0.000	0.000	0.000
222	  S	  1.0	  0.1	4.114	0.000	0.000
223	  E	  0.6	  0.3	4.114	0.000	0.000
224	  K	  0.5	  0.3	4.114	0.000	0.000
225	  D	  0.8	  0.2	6.535	0.000	0.000
226	  I	  0.6	  0.2	6.535	0.000	0.000
227	  Q	  0.5	  0.1	6.535	0.000	0.000
228	  D	  0.3	  0.1	6.041	0.000	0.000
229	  L	  1.1	  0.1	5.650	0.000	0.000
230	  K	  1.2	  0.0	5.367	0.000	0.000
231	  F	  1.2	  0.0	3.357	0.000	0.000
232	  G	  0.5	  0.0	0.944	0.000	0.000
233	  V	  1.5	  0.1	0.000	0.000	0.000
234	  E	  1.4	  0.2	0.000	0.000	0.000
235	  Q	  1.7	  0.1	0.000	0.000	0.000
236	  D	  1.2	  0.4	0.000	0.000	0.000
237	  V	  3.6	  0.4	0.000	0.549	0.549
238	  D	  3.4	  0.3	0.344	0.595	0.595
239	  M	  4.3	  0.3	0.344	41.640	41.640
240	  V	  3.8	  0.0	0.344	77.544	77.544
241	  F	  4.4	  0.2	0.344	77.871	77.871
242	  A	  3.4	  0.2	0.344	77.871	77.871
243	  S	  2.3	  0.2	0.486	77.871	77.871
244	  F	  2.8	  0.2	0.280	77.781	77.781
245	  I	  3.0	  0.0	0.142	62.397	62.397
246	  R	  2.2	  0.0	0.142	0.595	0.595
247	  K	  1.0	  0.2	0.142	0.000	0.000
248	  A	  0.3	  0.4	0.142	0.000	0.000
249	  S	  0.2	  0.4	0.000	0.000	0.000
250	  D	  0.4	  0.4	0.000	0.000	0.000
251	  V	  1.8	  0.2	0.000	0.000	0.000
252	  H	  3.0	  0.0	0.620	0.000	0.000
253	  E	  4.3	  0.0	0.986	0.000	0.000
254	  V	  3.7	  0.0	0.986	0.000	0.000
255	  R	  3.1	  0.0	0.986	0.000	0.000
256	  K	  2.3	  0.0	0.986	0.000	0.000
257	  V	  2.1	  0.0	0.986	0.000	0.000
258	  L	  1.5	  0.1	0.986	0.000	0.000
259	  G	  0.6	  0.3	1.870	0.000	0.000
260	  E	  0.0	  1.3	1.469	0.000	0.000
261	  K	  0.0	  1.4	0.885	0.000	0.000
262	  G	  0.1	  1.5	0.885	0.000	0.000
263	  K	  0.4	  1.3	0.885	0.000	0.000
264	  N	  2.2	  0.3	0.885	0.000	0.000
265	  I	  7.4	  0.2	0.289	0.000	0.000
266	  K	  8.5	  0.0	0.289	0.000	0.000
267	  I	  8.6	  0.0	0.000	0.000	0.000
268	  I	  4.1	  0.0	0.000	0.000	0.000
269	  S	  2.9	  0.0	0.000	0.000	0.000
270	  K	  5.0	  0.0	0.000	0.000	0.000
271	  I	  4.5	  0.2	0.000	0.000	0.000
272	  E	  4.3	  0.1	0.000	0.000	0.000
273	  N	  0.5	  0.2	0.000	0.000	0.000
274	  H	  0.3	  0.9	0.325	0.000	0.000
275	  E	  0.2	  0.8	0.325	0.000	0.000
276	  G	  0.1	  0.8	0.325	0.000	0.000
277	  V	  1.4	  0.7	0.325	0.000	0.000
278	  R	  2.3	  0.1	0.325	0.000	0.000
279	  R	  6.0	  0.0	0.325	0.000	0.000
280	  F	  4.9	  0.1	0.325	0.000	0.000
281	  D	  4.0	  0.1	0.119	0.000	0.000
282	  E	  0.5	  0.1	0.119	0.000	0.000
283	  I	  1.0	  0.1	0.119	0.000	0.000
284	  L	  1.1	  0.0	0.119	0.000	0.000
285	  E	  1.1	  0.0	0.119	0.000	0.000
286	  A	  0.4	  0.9	0.119	0.000	0.000
287	  S	  0.2	  1.1	0.249	0.000	0.000
288	  D	  0.0	  1.1	0.130	0.000	0.000
289	  G	  0.0	  1.1	0.262	1.894	1.894
290	  I	  3.9	  0.3	0.262	1.894	1.894
291	  M	  5.0	  0.0	0.262	1.894	1.894
292	  V	  6.1	  0.0	0.262	1.894	1.894
293	  A	  2.3	  0.2	0.262	1.894	1.894
294	  R	  1.2	  0.7	0.262	0.000	0.000
295	  G	  0.1	  0.8	0.000	0.000	0.000
296	  D	  0.1	  0.8	0.000	0.000	0.000
297	  L	  0.1	  0.6	0.000	0.000	0.000
298	  G	  0.2	  0.1	0.000	0.000	0.000
299	  I	  7.9	  0.0	0.000	0.000	0.000
300	  E	  7.9	  0.0	0.000	0.000	0.000
301	  I	  7.8	  0.0	0.000	0.000	0.000
302	  P	  0.1	  0.0	0.689	0.000	0.000
303	  A	  0.1	  0.0	0.689	0.000	0.000
304	  E	  0.1	  0.0	0.689	0.000	0.000
305	  K	  1.1	  0.0	0.689	0.000	0.000
306	  V	  4.8	  0.0	0.689	1.648	1.648
307	  F	  5.3	  0.0	0.689	1.648	1.648
308	  L	  4.4	  0.0	0.499	1.648	1.648
309	  A	  0.8	  0.0	0.499	1.648	1.648
310	  Q	  0.5	  0.0	0.499	1.648	1.648
311	  K	  0.8	  0.0	0.204	0.000	0.000
312	  M	  1.9	  0.0	0.000	0.000	0.000
313	  M	  1.7	  0.1	0.000	0.000	0.000
314	  I	  1.5	  0.4	0.000	0.000	0.000
315	  G	  0.3	  0.4	0.000	0.000	0.000
316	  R	  3.8	  0.4	0.000	0.000	0.000
317	  C	  3.9	  0.3	0.000	0.000	0.000
318	  N	  3.9	  0.2	0.000	0.000	0.000
319	  R	  0.3	  0.7	0.000	0.000	0.000
320	  A	  0.1	  0.7	0.000	0.000	0.000
321	  G	  0.1	  0.6	0.000	0.000	0.000
322	  K	  0.0	  0.5	0.000	0.000	0.000
323	  P	  0.0	  0.0	0.000	0.000	0.000
324	  V	  2.8	  0.0	0.000	0.812	0.812
325	  I	  3.5	  0.0	0.000	0.812	0.812
326	  C	  3.6	  0.2	1.124	0.812	0.812
327	  A	  1.1	  0.2	1.124	0.812	0.812
328	  T	  1.4	  0.2	1.956	0.812	0.812
329	  Q	  1.9	  0.2	2.151	0.523	0.523
330	  M	  1.7	  0.0	2.424	0.523	0.523
331	  L	  0.9	  0.1	2.424	0.523	0.523
332	  E	  0.2	  0.1	2.624	0.000	0.000
333	  S	  0.6	  0.1	2.624	0.000	0.000
334	  M	  0.9	  0.1	2.345	0.000	0.000
335	  I	  1.8	  0.0	2.345	0.000	0.000
336	  K	  1.4	  0.0	2.345	0.000	0.000
337	  K	  1.0	  0.0	1.812	0.000	0.000
338	  P	  0.0	  0.0	0.000	0.000	0.000
339	  R	  0.0	  0.2	0.000	0.000	0.000
340	  P	  0.0	  0.3	0.000	0.000	0.000
341	  T	  0.3	  0.3	0.000	0.000	0.000
342	  R	  0.4	  0.5	0.000	0.000	0.000
343	  A	  0.4	  0.8	0.000	0.000	0.000
344	  E	  0.1	  1.6	0.000	0.000	0.000
345	  G	  0.0	  1.9	0.000	0.000	0.000
346	  S	  0.0	  1.7	0.000	0.000	0.000
347	  D	  0.2	  1.1	0.000	0.000	0.000
348	  V	  1.1	  0.5	0.000	0.176	0.176
349	  A	  1.1	  0.2	0.000	0.176	0.176
350	  N	  0.9	  0.2	0.000	0.176	0.176
351	  A	  1.0	  0.2	0.000	0.176	0.176
352	  V	  3.8	  0.2	0.000	0.176	0.176
353	  L	  3.8	  0.4	0.000	0.176	0.176
354	  D	  2.9	  0.6	0.000	0.000	0.000
355	  G	  0.1	  1.3	0.000	0.000	0.000
356	  A	  0.0	  1.1	0.000	0.000	0.000
357	  D	  0.9	  0.9	0.000	0.000	0.000
358	  C	  4.0	  0.8	0.000	0.000	0.000
359	  I	  7.3	  0.0	0.000	0.000	0.000
360	  M	  7.0	  0.1	0.000	0.000	0.000
361	  L	  4.2	  0.3	0.000	0.000	0.000
362	  S	  0.8	  0.8	1.053	0.000	0.000
363	  G	  0.2	  1.0	1.053	0.000	0.000
364	  E	  0.1	  0.8	1.053	0.000	0.000
365	  T	  1.4	  0.9	1.053	0.000	0.000
366	  A	  1.4	  0.8	1.053	0.000	0.000
367	  K	  1.3	  2.6	1.053	0.000	0.000
368	  G	  0.0	  2.6	0.284	0.000	0.000
369	  D	  0.1	  2.4	0.117	0.000	0.000
370	  Y	  0.1	  2.0	0.119	0.000	0.000
371	  P	  0.1	  0.0	2.584	0.000	0.000
372	  L	  0.2	  0.0	2.753	0.000	0.000
373	  E	  0.2	  0.0	3.010	0.000	0.000
374	  A	  0.8	  0.0	3.010	0.000	0.000
375	  V	  4.6	  0.0	3.010	0.000	0.000
376	  R	  5.0	  0.0	3.010	0.000	0.000
377	  M	  5.1	  0.0	2.565	0.000	0.000
378	  Q	  1.5	  0.0	1.956	0.000	0.000
379	  H	  1.8	  0.0	0.417	0.000	0.000
380	  L	  1.8	  0.0	0.196	0.000	0.000
381	  I	  2.8	  0.0	0.955	0.000	0.000
382	  A	  1.9	  0.0	0.955	0.000	0.000
383	  R	  1.4	  0.1	1.612	0.000	0.000
384	  E	  0.1	  0.1	1.416	0.000	0.000
385	  A	  0.1	  0.1	1.550	0.000	0.000
386	  E	  0.1	  0.1	1.944	0.000	0.000
387	  A	  0.2	  0.0	1.786	0.000	0.000
388	  A	  0.5	  0.0	1.924	0.000	0.000
389	  I	  0.8	  0.0	1.635	0.000	0.000
390	  Y	  2.1	  0.0	1.958	0.000	0.000
391	  H	  2.4	  0.0	2.849	0.000	0.000
392	  L	  3.4	  0.1	3.452	0.000	0.000
393	  Q	  3.1	  0.1	3.883	0.000	0.000
394	  L	  2.6	  0.1	4.409	0.000	0.000
395	  F	  1.8	  0.2	8.017	0.000	0.000
396	  E	  0.8	  0.2	9.205	0.000	0.000
397	  E	  0.9	  0.2	9.526	0.000	0.000
398	  L	  0.4	  0.2	9.526	0.000	0.000
399	  R	  0.8	  0.1	9.526	0.000	0.000
400	  R	  0.8	  0.1	9.526	0.000	0.000
401	  L	  0.7	  0.1	8.581	0.000	0.000
402	  A	  0.3	  0.0	4.976	0.000	0.000
403	  P	  0.0	  0.0	0.000	0.000	0.000
404	  I	  2.5	  0.0	0.000	0.000	0.000
405	  T	  2.6	  0.0	0.000	0.000	0.000
406	  S	  2.6	  0.0	0.000	0.000	0.000
407	  D	  0.1	  0.7	0.000	0.000	0.000
408	  P	  0.0	  0.7	0.000	0.000	0.000
409	  T	  0.1	  0.7	0.000	0.000	0.000
410	  E	  0.3	  0.7	0.000	0.000	0.000
411	  A	  0.4	  0.1	0.000	0.000	0.000
412	  T	  1.3	  0.0	0.000	0.000	0.000
413	  A	  1.2	  0.0	0.000	0.209	0.209
414	  V	  1.1	  0.1	0.000	0.209	0.209
415	  G	  0.2	  0.1	0.504	0.209	0.209
416	  A	  0.4	  0.1	0.504	0.209	0.209
417	  V	  1.9	  0.1	0.504	0.209	0.209
418	  E	  2.1	  0.0	0.504	0.000	0.000
419	  A	  2.3	  0.0	0.504	0.000	0.000
420	  S	  2.1	  0.0	0.504	0.000	0.000
421	  F	  6.0	  0.1	0.222	0.000	0.000
422	  K	  8.4	  0.1	0.000	0.000	0.000
423	  C	 15.4	  0.2	0.000	0.000	0.000
424	  C	 11.9	  0.6	0.000	0.029	0.029
425	  S	  8.8	  0.6	0.000	0.929	0.929
426	  G	  0.3	  0.6	0.000	7.444	7.444
427	  A	  0.6	  0.4	0.000	57.338	57.338
428	  I	  8.0	  0.1	0.000	79.334	79.334
429	  I	 15.8	  0.0	0.000	79.334	79.334
430	  V	 16.7	  0.0	0.000	79.334	79.334
431	  L	 10.1	  0.0	0.000	77.873	77.873
432	  T	  4.8	  0.4	0.000	42.815	42.815
433	  K	  3.4	  0.6	0.000	0.000	0.000
434	  S	  3.0	  1.1	0.000	0.000	0.000
435	  G	  0.2	  1.2	0.000	0.000	0.000
436	  R	  0.3	  0.9	0.000	0.000	0.000
437	  S	  0.6	  0.8	0.000	0.000	0.000
438	  A	  0.8	  0.3	0.000	0.000	0.000
439	  H	  1.1	  0.2	0.218	0.000	0.000
440	  Q	  0.9	  0.1	0.218	0.000	0.000
441	  V	  1.8	  0.0	0.218	0.000	0.000
442	  A	  1.5	  0.0	0.218	0.000	0.000
443	  R	  3.7	  0.0	0.218	0.000	0.000
444	  Y	  3.0	  0.0	0.218	0.000	0.000
445	  R	  2.8	  0.2	0.000	0.000	0.000
446	  P	  0.4	  0.2	0.000	0.000	0.000
447	  R	  0.0	  0.2	0.000	0.000	0.000
448	  A	  0.0	  0.2	0.000	0.000	0.000
449	  P	  0.0	  0.0	0.000	0.000	0.000
450	  I	  3.2	  0.0	0.000	14.095	14.095
451	  I	  6.9	  0.0	0.150	14.095	14.095
452	  A	  7.3	  0.0	0.150	14.095	14.095
453	  V	  5.9	  0.0	0.150	14.095	14.095
454	  T	  2.6	  0.0	0.150	14.095	14.095
455	  R	  2.2	  0.0	0.150	0.000	0.000
456	  N	  0.5	  0.4	1.594	0.000	0.000
457	  P	  0.0	  0.4	1.444	0.000	0.000
458	  Q	  0.1	  0.4	1.444	0.000	0.000
459	  T	  0.9	  0.4	1.444	0.000	0.000
460	  A	  1.1	  0.1	1.444	0.000	0.000
461	  R	  1.2	  0.1	1.444	0.000	0.000
462	  Q	  0.5	  0.1	0.883	0.000	0.000
463	  A	  0.6	  0.1	0.550	0.000	0.000
464	  H	  1.0	  0.0	0.643	0.000	0.000
465	  L	  1.0	  0.0	0.473	0.000	0.000
466	  Y	  2.1	  0.3	0.473	0.000	0.000
467	  R	  1.7	  0.3	0.342	0.000	0.000
468	  G	  1.7	  0.3	0.342	0.000	0.000
469	  I	  0.4	  0.3	0.342	0.000	0.000
470	  F	  0.2	  0.0	0.342	0.000	0.000
471	  P	  0.2	  0.0	0.000	0.000	0.000
472	  V	  2.5	  0.0	0.000	0.000	0.000
473	  L	  2.7	  0.0	0.000	0.000	0.000
474	  C	  3.0	  0.0	0.000	0.000	0.000
475	  K	  0.5	  0.0	0.000	0.000	0.000
476	  D	  0.4	  0.0	0.000	0.000	0.000
477	  P	  0.0	  0.0	0.000	0.000	0.000
478	  V	  0.6	  0.0	0.000	0.000	0.000
479	  Q	  0.7	  0.0	0.000	0.000	0.000
480	  E	  0.8	  0.0	0.000	0.000	0.000
481	  A	  0.2	  0.0	0.000	0.000	0.000
482	  W	  0.4	  0.0	0.000	0.000	0.000
483	  A	  0.3	  0.3	0.000	0.000	0.000
484	  E	  0.2	  0.3	0.000	0.000	0.000
485	  D	  0.7	  0.5	0.440	0.000	0.000
486	  V	  2.9	  0.5	0.440	0.000	0.000
487	  D	  3.2	  0.3	0.581	0.000	0.000
488	  L	  4.7	  0.3	0.581	0.000	0.000
489	  R	  8.9	  0.0	0.581	0.000	0.000
490	  V	 11.1	  0.0	0.581	0.000	0.000
491	  N	  9.3	  0.0	0.758	0.000	0.000
492	  F	  3.6	  0.0	0.444	0.000	0.000
493	  A	  1.0	  0.0	0.178	0.000	0.000
494	  M	  4.7	  0.0	0.178	0.000	0.000
495	  N	  4.0	  0.4	0.765	0.000	0.000
496	  V	  3.9	  0.5	0.765	0.000	0.000
497	  G	  0.2	  0.5	1.006	0.000	0.000
498	  K	  0.3	  0.7	0.829	0.000	0.000
499	  A	  0.3	  0.5	0.829	0.000	0.000
500	  R	  0.3	  0.4	0.829	0.000	0.000
501	  G	  0.2	  0.4	0.829	0.000	0.000
502	  F	  1.5	  0.2	0.604	0.000	0.000
503	  F	  1.8	  0.2	0.000	0.000	0.000
504	  K	  1.8	  0.4	0.000	0.000	0.000
505	  K	  0.5	  0.7	0.000	0.006	0.006
506	  G	  0.0	  0.7	0.000	0.006	0.006
507	  D	  0.9	  0.5	0.099	0.006	0.006
508	  V	  7.5	  0.3	0.099	93.069	93.069
509	  V	 20.9	  0.0	0.099	98.810	98.810
510	  I	 27.1	  0.0	0.099	98.860	98.860
511	  V	 22.3	  0.0	0.099	98.864	98.864
512	  L	  9.3	  0.2	0.099	98.864	98.864
513	  T	  1.5	  0.2	0.099	73.358	73.358
514	  G	  0.2	  0.2	0.099	56.894	56.894
515	  W	  0.3	  0.2	0.000	45.810	45.810
516	  R	  0.3	  1.8	0.000	0.000	0.000
517	  P	  0.2	  2.4	0.000	0.000	0.000
518	  G	  0.0	  2.8	0.000	0.000	0.000
519	  S	  0.0	  2.8	0.000	0.000	0.000
520	  G	  0.2	  1.0	0.000	0.000	0.000
521	  F	  2.2	  0.4	0.000	0.000	0.000
522	  T	  2.8	  0.1	0.000	0.000	0.000
523	  N	  2.7	  0.1	0.000	0.000	0.000
524	  T	  3.3	  0.1	0.000	0.000	0.000
525	  M	  5.4	  0.0	0.000	0.000	0.000
526	  R	  8.9	  0.0	0.000	0.000	0.000
527	  V	  6.9	  0.0	0.000	0.000	0.000
528	  V	  4.3	  0.0	0.000	0.000	0.000
529	  P	  0.7	  0.0	0.000	0.000	0.000
530	  V	  0.1	  0.0	0.000	0.000	0.000
531	  P	  0.0	  0.0	0.000	0.000	0.000
