res	aa	Beta	Turn	Helix	Aggregation	Conc-Stab_Aggregation
01	  M	  0.2	  0.0	0.000	0.000	0.000
02	  F	  2.6	  0.0	0.000	0.000	0.000
03	  E	  2.7	  0.0	0.250	0.000	0.000
04	  A	  2.7	  0.1	0.250	0.000	0.000
05	  R	  0.9	  0.1	0.250	0.000	0.000
06	  L	  1.1	  0.0	0.250	0.000	0.000
07	  V	  1.1	  0.2	0.250	0.000	0.000
08	  Q	  0.5	  0.3	0.250	0.000	0.000
09	  G	  0.2	  0.3	1.065	0.000	0.000
10	  S	  0.3	  0.3	7.115	0.000	0.000
11	  I	  1.1	  0.1	8.077	0.000	0.000
12	  L	  1.1	  0.0	8.622	0.000	0.000
13	  K	  1.0	  0.0	8.622	0.000	0.000
14	  K	  1.1	  0.0	8.755	0.000	0.000
15	  V	  2.4	  0.0	8.506	0.000	0.000
16	  L	  2.4	  0.0	8.506	0.000	0.000
17	  E	  1.6	  0.0	8.506	0.000	0.000
18	  A	  0.4	  0.0	8.238	0.000	0.000
19	  L	  0.4	  0.2	6.905	0.000	0.000
20	  K	  0.4	  0.2	6.238	0.000	0.000
21	  D	  0.4	  0.2	3.128	0.000	0.000
22	  L	  0.8	  0.2	2.004	0.000	0.000
23	  I	  1.0	  0.0	1.730	0.000	0.000
24	  N	  0.8	  0.1	1.730	0.000	0.000
25	  E	  0.3	  0.1	0.489	0.000	0.000
26	  A	  0.3	  0.1	0.252	0.000	0.000
27	  C	  2.1	  0.2	0.000	0.000	0.000
28	  W	  4.0	  0.1	0.000	0.000	0.000
29	  D	  4.4	  0.4	0.000	0.000	0.000
30	  I	  3.3	  0.5	0.000	0.000	0.000
31	  S	  2.2	  2.8	0.000	0.000	0.000
32	  S	  1.6	  3.0	0.000	0.000	0.000
33	  S	  1.0	  2.8	0.000	0.000	0.000
34	  G	  0.2	  2.7	0.000	0.000	0.000
35	  V	  3.6	  0.3	0.000	0.000	0.000
36	  N	  3.7	  0.0	0.000	0.000	0.000
37	  L	  3.9	  0.1	0.000	0.000	0.000
38	  Q	  0.7	  0.1	0.000	0.000	0.000
39	  S	  3.2	  1.0	0.000	0.000	0.000
40	  M	  3.3	  1.0	0.000	0.000	0.000
41	  D	  3.1	  2.4	0.000	0.000	0.000
42	  S	  0.6	  2.5	0.000	0.000	0.000
43	  S	  0.6	  1.6	0.000	0.000	0.000
44	  H	  2.1	  1.6	0.000	0.000	0.000
45	  V	  6.4	  0.1	0.000	2.722	2.722
46	  S	  6.4	  0.0	0.264	2.722	2.722
47	  L	  5.1	  0.0	0.264	3.868	3.868
48	  V	  4.9	  0.0	0.264	4.045	4.045
49	  Q	  5.4	  0.0	0.264	4.045	4.045
50	  L	  7.4	  0.0	0.264	3.851	3.851
51	  T	  5.5	  0.0	0.264	2.793	2.793
52	  L	  5.1	  0.1	0.264	2.386	2.386
53	  R	  3.0	  0.2	0.264	0.000	0.000
54	  S	  0.7	  0.8	0.000	0.000	0.000
55	  E	  0.1	  0.8	0.000	0.000	0.000
56	  G	  0.1	  0.8	0.118	0.000	0.000
57	  F	  0.6	  0.7	0.118	0.000	0.000
58	  D	  2.1	  0.1	0.118	0.000	0.000
59	  T	 14.2	  0.1	0.118	0.000	0.000
60	  Y	 20.9	  0.1	0.118	0.000	0.000
61	  R	 21.9	  0.1	0.118	0.000	0.000
62	  C	 10.9	  0.2	0.236	0.000	0.000
63	  D	  2.9	  1.0	0.712	0.000	0.000
64	  R	  0.2	  1.0	0.712	0.000	0.000
65	  N	  0.1	  0.9	0.712	0.000	0.000
66	  L	  0.5	  0.8	0.712	0.000	0.000
67	  A	  0.5	  0.0	0.712	0.000	0.000
68	  M	  0.6	  0.0	0.712	0.000	0.000
69	  G	  0.4	  0.0	0.293	0.000	0.000
70	  V	  3.7	  0.0	0.000	0.000	0.000
71	  N	  3.8	  0.0	0.111	0.000	0.000
72	  L	  4.2	  0.0	0.111	0.000	0.000
73	  T	  1.4	  0.0	0.266	0.000	0.000
74	  S	  7.2	  0.4	0.426	0.000	0.000
75	  M	  7.0	  0.5	0.426	0.000	0.000
76	  S	  6.8	  0.5	0.769	0.000	0.000
77	  K	  1.3	  0.5	0.657	0.000	0.000
78	  I	  1.7	  0.0	0.657	0.000	0.000
79	  L	  3.6	  0.0	0.657	0.000	0.000
80	  K	  3.8	  0.0	0.657	0.000	0.000
81	  C	  3.3	  0.4	0.342	0.000	0.000
82	  A	  1.0	  0.9	0.000	0.000	0.000
83	  G	  0.2	  0.9	0.000	0.000	0.000
84	  N	  0.0	  1.8	0.000	0.000	0.000
85	  E	  0.0	  1.5	0.000	0.000	0.000
86	  D	  1.4	  0.9	1.927	0.000	0.000
87	  I	  5.4	  0.9	1.927	0.000	0.000
88	  I	 15.5	  0.0	1.927	0.000	0.000
89	  T	 16.2	  0.0	1.927	0.000	0.000
90	  L	 12.6	  0.0	1.927	0.000	0.000
91	  R	  2.9	  0.0	1.927	0.000	0.000
92	  A	  0.4	  0.3	0.723	0.000	0.000
93	  E	  0.1	  0.4	0.464	0.000	0.000
94	  D	  0.0	  0.4	0.000	0.000	0.000
95	  N	  0.0	  2.8	3.136	0.000	0.000
96	  A	  0.0	  2.5	3.136	0.000	0.000
97	  D	  0.1	  2.5	3.498	0.000	0.000
98	  T	  0.5	  2.5	3.910	12.431	12.431
99	  L	  0.7	  0.1	3.910	31.753	31.753
100	  A	  1.0	  0.0	3.910	31.753	31.753
101	  L	  1.8	  0.0	3.445	31.753	31.753
102	  V	  4.7	  0.0	2.781	31.753	31.753
103	  F	  9.6	  0.0	2.781	30.812	30.812
104	  E	  8.4	  0.0	0.510	0.000	0.000
105	  A	  5.2	  0.6	0.235	0.000	0.000
106	  P	  0.0	  0.6	0.000	0.000	0.000
107	  N	  0.2	  0.7	0.000	0.000	0.000
108	  Q	  0.3	  0.8	0.000	0.000	0.000
109	  E	  0.4	  0.1	0.000	0.000	0.000
110	  K	  1.4	  0.1	0.000	0.000	0.000
111	  V	  1.5	  0.4	0.000	0.000	0.000
112	  S	  1.4	  0.3	1.653	0.000	0.000
113	  D	  1.7	  0.3	2.494	0.000	0.000
114	  Y	  4.0	  0.3	2.494	0.000	0.000
115	  E	  5.4	  0.0	2.494	0.000	0.000
116	  M	  5.6	  0.0	2.494	0.000	0.000
117	  K	  3.5	  0.0	2.494	0.000	0.000
118	  L	  2.3	  0.0	2.113	0.000	0.000
119	  M	  1.8	  0.1	1.965	0.000	0.000
120	  D	  1.7	  0.6	0.501	0.000	0.000
121	  L	  3.5	  0.6	0.106	0.000	0.000
122	  D	  4.7	  0.6	0.696	0.000	0.000
123	  V	  5.8	  0.6	0.590	0.000	0.000
124	  E	  3.7	  0.1	0.590	0.000	0.000
125	  Q	  1.3	  0.1	0.590	0.000	0.000
126	  L	  0.3	  0.1	0.590	0.000	0.000
127	  G	  0.3	  0.1	0.590	0.000	0.000
128	  I	  0.3	  0.0	0.177	0.000	0.000
129	  P	  0.0	  0.1	0.000	0.000	0.000
130	  E	  0.0	  0.1	0.000	0.000	0.000
131	  Q	  0.3	  0.1	0.000	0.000	0.000
132	  E	  1.6	  0.1	0.000	0.000	0.000
133	  Y	 17.9	  0.1	0.000	1.903	1.903
134	  S	 18.8	  0.0	0.000	1.903	1.903
135	  C	 19.3	  0.0	0.000	1.903	1.903
136	  V	  5.2	  0.0	0.000	1.903	1.903
137	  V	 15.3	  0.0	0.000	1.903	1.903
138	  K	 13.7	  0.0	0.000	0.000	0.000
139	  M	 11.7	  1.0	0.000	0.000	0.000
140	  P	  0.1	  1.2	0.000	0.000	0.000
141	  S	  0.1	  1.5	0.000	0.000	0.000
142	  G	  0.1	  1.5	1.334	0.000	0.000
143	  E	  0.4	  0.5	1.334	0.000	0.000
144	  F	  1.0	  0.4	1.334	0.000	0.000
145	  A	  1.7	  0.1	1.334	0.000	0.000
146	  R	  1.6	  0.1	1.334	0.000	0.000
147	  I	  1.9	  0.1	1.334	0.000	0.000
148	  C	  1.6	  0.4	1.334	0.000	0.000
149	  R	  1.4	  0.4	1.069	0.000	0.000
150	  D	  0.6	  1.1	0.607	0.000	0.000
151	  L	  1.0	  1.1	0.141	0.000	0.000
152	  S	  1.9	  0.7	0.000	0.000	0.000
153	  H	  2.9	  0.9	0.000	0.000	0.000
154	  I	  2.2	  1.4	0.000	0.000	0.000
155	  G	  1.2	  1.4	0.000	0.000	0.000
156	  D	  0.1	  1.4	0.000	0.000	0.000
157	  A	  0.7	  1.1	0.000	8.472	8.472
158	  V	  7.8	  0.0	0.000	15.196	15.196
159	  V	 11.8	  0.0	0.000	15.566	15.566
160	  I	 16.3	  0.0	0.000	15.566	15.566
161	  S	 10.3	  0.0	0.000	15.566	15.566
162	  C	  7.1	  0.2	0.000	12.779	12.779
163	  A	  1.8	  0.9	0.000	3.301	3.301
164	  K	  0.9	  1.6	0.000	0.000	0.000
165	  D	  0.0	  1.6	0.000	0.000	0.000
166	  G	  0.1	  1.4	0.000	0.000	0.000
167	  V	  3.1	  0.7	0.000	0.000	0.000
168	  K	  3.7	  0.0	0.000	0.000	0.000
169	  F	  7.7	  0.0	0.000	0.000	0.000
170	  S	  7.7	  3.1	0.000	0.000	0.000
171	  A	  7.1	  3.3	0.000	0.000	0.000
172	  S	  3.4	  3.5	0.000	0.000	0.000
173	  G	  0.1	  3.7	0.000	0.000	0.000
174	  E	  0.1	  0.6	0.000	0.000	0.000
175	  L	  0.0	  1.9	0.000	0.000	0.000
176	  G	  0.0	  2.0	0.000	0.000	0.000
177	  N	  0.0	  2.0	0.000	0.000	0.000
178	  G	  0.0	  2.0	0.000	0.000	0.000
179	  N	  2.0	  0.5	0.172	0.000	0.000
180	  I	  7.4	  0.2	0.172	0.000	0.000
181	  K	  7.9	  0.0	0.172	0.000	0.000
182	  L	  6.2	  0.1	0.172	0.000	0.000
183	  S	  1.1	  0.1	0.172	0.000	0.000
184	  Q	  0.6	  0.2	0.172	0.000	0.000
185	  T	  0.5	  0.4	0.000	0.000	0.000
186	  S	  0.2	  0.3	0.000	0.000	0.000
187	  N	  1.4	  0.8	0.000	0.000	0.000
188	  V	  1.6	  0.8	0.000	0.000	0.000
189	  D	  1.6	  0.7	0.000	0.000	0.000
190	  K	  0.5	  0.7	0.000	0.000	0.000
191	  E	  0.2	  0.2	0.000	0.000	0.000
192	  E	  0.2	  0.2	0.000	0.000	0.000
193	  E	  0.1	  0.1	0.000	0.000	0.000
194	  A	  0.4	  0.1	0.000	0.000	0.000
195	  V	 10.1	  0.0	0.000	0.000	0.000
196	  T	 14.0	  0.0	0.000	0.000	0.000
197	  I	 16.5	  0.0	0.000	0.000	0.000
198	  E	  8.0	  0.0	0.000	0.000	0.000
199	  M	  3.9	  0.0	0.000	0.000	0.000
200	  N	  1.1	  0.0	0.000	0.000	0.000
201	  E	  0.1	  0.0	0.000	0.000	0.000
202	  P	  0.0	  0.0	0.000	0.140	0.140
203	  V	  4.3	  0.0	0.000	13.998	13.998
204	  Q	  5.2	  0.0	0.000	14.131	14.131
205	  L	  9.0	  0.0	0.000	17.531	17.531
206	  T	  8.1	  0.0	2.125	17.531	17.531
207	  F	  7.8	  0.0	2.125	17.531	17.531
208	  A	  4.3	  0.0	2.125	17.193	17.193
209	  L	  2.1	  0.0	2.125	15.064	15.064
210	  R	  2.0	  0.0	2.125	0.000	0.000
211	  Y	  2.8	  0.1	2.125	1.168	1.168
212	  L	  3.4	  0.1	1.391	1.321	1.321
213	  N	  4.5	  0.1	1.567	1.321	1.321
214	  F	  4.5	  0.1	1.367	1.321	1.321
215	  F	  6.9	  0.0	1.080	1.321	1.321
216	  T	  5.7	  0.0	0.817	0.589	0.589
217	  K	  5.4	  0.0	0.817	0.000	0.000
218	  A	  1.4	  0.0	0.817	0.000	0.000
219	  T	  0.9	  0.1	0.284	0.000	0.000
220	  P	  0.0	  0.1	0.000	0.000	0.000
221	  L	  0.3	  0.2	0.000	0.000	0.000
222	  S	  0.5	  0.3	0.000	0.000	0.000
223	  S	  0.9	  0.1	0.146	0.174	0.174
224	  T	 10.4	  0.1	0.146	0.539	0.539
225	  V	 16.5	  0.1	0.146	0.867	0.867
226	  T	 20.6	  0.0	0.146	0.867	0.867
227	  L	 12.9	  0.0	0.146	0.867	0.867
228	  S	 11.7	  0.4	0.146	0.692	0.692
229	  M	  7.5	  0.4	0.000	0.522	0.522
230	  S	  6.2	  2.1	0.000	0.000	0.000
231	  A	  1.2	  2.1	0.000	0.000	0.000
232	  D	  0.6	  1.8	0.000	0.000	0.000
233	  V	  0.3	  1.8	0.000	0.000	0.000
234	  P	  0.1	  0.0	0.000	0.000	0.000
235	  L	  1.8	  0.0	0.000	3.180	3.180
236	  V	  5.6	  0.0	0.000	3.703	3.703
237	  V	  9.3	  0.0	0.000	3.703	3.703
238	  E	 10.6	  0.0	0.000	3.703	3.703
239	  Y	  8.6	  0.0	0.000	3.703	3.703
240	  K	  6.4	  0.0	0.000	3.703	3.703
241	  I	  3.3	  0.2	0.000	3.319	3.319
242	  A	  1.4	  0.2	0.000	1.520	1.520
243	  D	  0.2	  0.7	0.740	0.000	0.000
244	  M	  0.2	  0.7	0.740	0.000	0.000
245	  G	  0.1	  0.6	0.740	0.000	0.000
246	  H	  0.7	  0.6	0.740	0.000	0.000
247	  L	  1.5	  0.1	0.740	0.000	0.000
248	  K	  1.8	  0.0	0.740	0.000	0.000
249	  Y	  2.3	  0.0	0.740	0.000	0.000
250	  Y	  2.9	  0.0	0.268	0.000	0.000
251	  L	  2.6	  0.0	0.135	0.000	0.000
252	  A	  1.5	  0.1	0.135	0.000	0.000
253	  P	  0.0	  0.1	0.000	0.000	0.000
254	  K	  4.1	  0.1	0.000	0.000	0.000
255	  I	  4.3	  0.3	0.000	0.000	0.000
256	  E	  4.3	  0.2	0.000	0.000	0.000
257	  D	  0.1	  0.8	0.000	0.000	0.000
258	  E	  0.0	  1.1	0.000	0.000	0.000
259	  E	  0.0	  1.0	0.000	0.000	0.000
260	  G	  0.0	  1.0	0.000	0.000	0.000
261	  S	  0.0	  0.3	0.000	0.000	0.000
