res	aa	Beta	Turn	Helix	Aggregation	Conc-Stab_Aggregation
01	  M	  0.1	  0.0	0.000	0.000	0.000
02	  S	  0.3	  0.0	1.466	0.000	0.000
03	  R	  1.3	  0.0	1.466	0.000	0.000
04	  V	  1.9	  0.0	1.466	0.000	0.000
05	  A	  1.9	  0.0	1.466	0.000	0.000
06	  K	  1.8	  0.0	1.466	0.000	0.000
07	  Y	  3.0	  0.0	1.466	0.000	0.000
08	  R	  3.3	  0.1	0.483	0.000	0.000
09	  R	  3.0	  0.1	0.128	0.000	0.000
10	  Q	  1.6	  0.1	0.000	0.000	0.000
11	  V	  1.5	  0.1	0.000	0.000	0.000
12	  S	  1.0	  0.0	0.000	0.000	0.000
13	  E	  0.5	  0.0	0.000	0.000	0.000
14	  D	  0.1	  4.3	0.000	0.000	0.000
15	  P	  0.0	  4.3	0.000	0.000	0.000
16	  D	  0.8	  4.9	0.000	0.000	0.000
17	  I	  1.6	  5.0	0.000	0.000	0.000
18	  D	  1.6	  0.7	0.000	0.000	0.000
19	  S	  1.0	  0.7	0.128	0.000	0.000
20	  L	  0.3	  0.1	0.128	0.000	0.000
21	  L	  0.3	  0.1	0.128	0.000	0.000
22	  E	  0.1	  0.1	0.128	0.000	0.000
23	  T	 10.0	  0.1	0.128	0.000	0.000
24	  L	 10.0	  0.1	0.128	0.000	0.000
25	  S	 10.0	  0.3	1.348	0.000	0.000
26	  P	  0.1	  0.3	1.220	0.000	0.000
27	  E	  0.0	  0.3	1.220	0.000	0.000
28	  E	  0.2	  0.3	1.220	0.000	0.000
29	  M	  0.2	  0.1	1.220	0.000	0.000
30	  E	  0.2	  0.1	1.220	0.000	0.000
31	  E	  0.2	  0.1	1.002	0.000	0.000
32	  L	  0.3	  0.1	1.002	0.000	0.000
33	  E	  0.4	  0.1	0.866	0.000	0.000
34	  K	  0.3	  0.1	0.657	0.000	0.000
35	  E	  0.9	  0.1	0.176	0.000	0.000
36	  L	  2.3	  0.1	0.000	0.000	0.000
37	  D	  3.1	  0.0	0.000	0.000	0.000
38	  V	  7.8	  0.0	0.000	0.000	0.000
39	  V	  6.4	  0.0	0.000	0.000	0.000
40	  D	  5.6	 25.6	0.000	0.000	0.000
41	  P	  0.2	 25.9	0.000	0.000	0.000
42	  D	  0.0	 25.9	0.000	0.000	0.000
43	  G	  0.0	 25.9	0.000	0.000	0.000
44	  S	  0.2	  0.3	0.000	0.000	0.000
45	  V	  0.2	  0.0	0.000	0.000	0.000
46	  P	  0.2	  0.0	0.000	0.000	0.000
47	  V	  0.4	  0.0	0.000	0.000	0.000
48	  G	  0.3	  0.0	0.390	0.000	0.000
49	  L	  0.6	  0.1	0.390	0.000	0.000
50	  R	  0.8	  0.1	0.390	0.000	0.000
51	  Q	  0.9	  0.2	0.390	0.000	0.000
52	  R	  0.7	  0.2	0.390	0.000	0.000
53	  N	  0.3	  0.3	0.390	0.000	0.000
54	  Q	  0.3	  0.3	0.157	0.000	0.000
55	  T	  0.5	  0.2	0.000	0.000	0.000
56	  E	  0.6	  0.2	0.000	0.000	0.000
57	  K	  0.5	  0.2	0.000	0.000	0.000
58	  Q	  0.4	  0.3	0.000	0.000	0.000
59	  S	  0.3	  0.4	0.000	0.000	0.000
60	  T	  0.3	  0.4	0.000	0.000	0.000
61	  G	  0.2	  0.3	0.000	0.000	0.000
62	  V	  3.9	  0.1	0.000	0.000	0.000
63	  Y	  4.3	  0.0	0.161	0.000	0.000
64	  N	  4.3	  0.1	6.024	0.000	0.000
65	  R	  0.5	  0.1	6.267	0.000	0.000
66	  E	  0.1	  0.1	6.267	0.000	0.000
67	  A	  0.3	  0.1	6.267	0.370	0.370
68	  M	  0.8	  0.2	6.267	0.370	0.370
69	  L	  2.4	  0.2	6.267	0.370	0.370
70	  N	  3.0	  0.2	6.675	0.370	0.370
71	  F	  5.6	  0.2	5.377	0.370	0.370
72	  C	  6.4	  0.1	2.125	0.226	0.226
73	  E	  5.7	  0.1	1.580	0.000	0.000
74	  K	  2.8	  0.2	1.378	0.000	0.000
75	  E	  0.8	  0.2	1.799	0.000	0.000
76	  T	  1.7	  0.2	1.605	0.000	0.000
77	  K	  1.6	  0.2	1.605	0.000	0.000
78	  K	  1.4	  0.1	1.276	0.000	0.000
79	  L	  0.6	  0.1	0.892	0.000	0.000
80	  M	  0.6	  0.1	0.892	0.000	0.000
81	  Q	  0.5	  0.1	0.572	0.000	0.000
82	  R	  0.4	  0.1	0.000	0.000	0.000
83	  E	  0.7	  0.1	0.000	0.000	0.000
84	  M	  2.9	  0.0	0.000	0.000	0.000
85	  S	  5.5	  0.8	0.182	0.000	0.000
86	  M	  5.1	  0.9	0.182	0.000	0.000
87	  D	  2.8	  2.6	0.434	0.000	0.000
88	  E	  0.4	  2.6	0.434	0.000	0.000
89	  S	  0.6	  1.9	0.434	0.000	0.000
90	  K	  0.8	  1.9	0.434	0.000	0.000
91	  Q	  2.2	  0.1	0.252	0.000	0.000
92	  V	  2.6	  0.1	0.252	0.000	0.000
93	  E	  3.0	  0.0	0.252	0.000	0.000
94	  T	  2.7	  0.1	0.125	0.000	0.000
95	  K	  2.2	  0.3	0.125	0.000	0.000
96	  T	  1.8	  0.3	0.000	0.000	0.000
97	  D	  0.2	  0.5	0.000	0.000	0.000
98	  A	  0.1	  1.1	0.000	0.000	0.000
99	  K	  0.1	  3.9	0.000	0.000	0.000
100	  N	  0.1	  4.0	0.000	0.000	0.000
101	  G	  0.0	  3.8	0.000	0.000	0.000
102	  E	  0.0	  3.2	0.000	0.000	0.000
103	  E	  0.0	  0.4	0.396	0.000	0.000
104	  R	  0.1	  0.4	0.396	0.000	0.000
105	  G	  0.1	  0.6	0.396	0.000	0.000
106	  R	  0.1	  0.5	0.396	0.000	0.000
107	  D	  0.1	  2.5	0.539	0.000	0.000
108	  A	  0.3	  2.5	0.539	0.000	0.000
109	  S	  0.4	  2.3	1.364	0.000	0.000
110	  K	  0.4	  2.3	1.140	0.000	0.000
111	  K	  0.3	  0.3	0.969	0.000	0.000
112	  A	  0.2	  0.2	0.969	0.000	0.000
113	  L	  0.1	  0.2	0.969	0.000	0.000
114	  G	  0.1	  0.4	0.969	0.000	0.000
115	  P	  0.0	  0.4	0.000	0.000	0.000
116	  R	  0.6	  0.7	0.000	0.000	0.000
117	  R	  0.7	  0.8	0.000	0.000	0.000
118	  D	  0.7	  2.2	0.000	0.000	0.000
119	  S	  0.1	  2.2	0.331	0.000	0.000
120	  D	  0.0	  2.4	0.331	0.000	0.000
121	  L	  0.0	  2.4	0.331	0.000	0.000
122	  G	  0.0	  0.7	0.331	0.000	0.000
123	  K	  0.1	  0.6	0.331	0.000	0.000
124	  E	  0.1	  0.1	0.331	0.000	0.000
125	  P	  0.1	  0.2	0.000	0.000	0.000
126	  K	  0.2	  0.3	0.000	0.000	0.000
127	  R	  0.1	  0.7	0.000	0.000	0.000
128	  G	  0.1	  0.8	0.000	0.000	0.000
129	  G	  0.0	  0.6	0.000	0.000	0.000
130	  L	  0.1	  0.5	0.000	0.000	0.000
131	  K	  0.2	  0.1	0.000	0.000	0.000
132	  K	  0.5	  0.1	0.000	0.000	0.000
133	  S	 21.2	  0.2	0.000	0.000	0.000
134	  F	 22.5	  0.3	0.000	0.000	0.000
135	  S	 22.4	  1.2	0.106	0.000	0.000
136	  R	  2.0	  1.3	0.106	0.000	0.000
137	  D	  0.2	  2.9	0.253	0.000	0.000
138	  R	  0.0	  2.9	0.253	0.000	0.000
139	  D	  0.0	  2.1	0.461	0.000	0.000
140	  E	  0.0	  2.2	0.461	0.000	0.000
141	  A	  0.0	  2.0	0.461	0.000	0.000
142	  G	  0.0	  2.1	0.461	0.000	0.000
143	  G	  0.0	  2.4	0.461	0.000	0.000
144	  K	  0.1	  2.4	0.208	0.000	0.000
145	  S	  0.2	  1.0	0.000	0.000	0.000
146	  G	  0.2	  0.9	0.000	0.000	0.000
147	  E	  0.1	  0.4	0.000	0.000	0.000
148	  K	  0.1	  0.3	0.000	0.000	0.000
149	  P	  0.0	  0.2	0.000	0.000	0.000
150	  K	  0.2	  0.2	0.000	0.000	0.000
151	  E	  0.3	  0.3	0.000	0.000	0.000
152	  E	  0.4	  0.1	0.000	0.000	0.000
153	  K	  1.7	  0.1	0.000	0.000	0.000
154	  I	  5.9	  0.0	0.000	0.000	0.000
155	  I	  8.1	  0.1	0.000	0.000	0.000
156	  R	  6.7	  0.1	0.000	0.000	0.000
157	  G	  2.7	  0.1	0.000	0.000	0.000
158	  I	  0.7	  0.2	0.000	0.000	0.000
159	  D	  0.5	  1.6	1.315	0.000	0.000
160	  K	  0.3	  1.6	1.315	0.000	0.000
161	  G	  0.0	  1.6	1.315	0.000	0.000
162	  R	  1.7	  1.6	1.315	0.000	0.000
163	  V	  2.9	  0.0	1.315	0.000	0.000
164	  R	  3.0	  0.0	1.315	0.000	0.000
165	  A	  1.5	  0.0	1.315	0.000	0.000
166	  A	  0.5	  0.0	1.185	0.000	0.000
167	  V	  0.7	  0.0	0.915	0.000	0.000
168	  D	  0.5	  0.2	2.566	0.000	0.000
169	  K	  0.5	  0.2	2.219	0.000	0.000
170	  K	  0.4	  0.3	2.032	0.000	0.000
171	  E	  0.4	  0.6	1.651	0.000	0.000
172	  A	  0.2	  0.6	1.651	0.000	0.000
173	  G	  0.0	  1.7	1.651	0.000	0.000
174	  K	  0.0	  2.5	0.752	0.000	0.000
175	  D	  0.0	  2.6	0.000	0.000	0.000
176	  G	  0.0	  2.7	0.000	0.000	0.000
177	  R	  0.1	  1.5	0.000	0.000	0.000
178	  G	  0.1	  0.7	0.133	0.000	0.000
179	  E	  0.1	  0.4	0.292	0.000	0.000
180	  E	  0.1	  0.2	0.466	0.000	0.000
181	  R	  0.4	  0.1	0.466	0.000	0.000
182	  A	  0.8	  0.0	0.466	0.000	0.000
183	  V	  1.8	  0.0	0.466	0.000	0.000
184	  A	  1.8	  0.0	0.466	0.000	0.000
185	  T	  2.4	  0.1	2.071	0.000	0.000
186	  K	  1.5	  0.1	2.196	0.000	0.000
187	  K	  1.4	  0.2	2.329	0.000	0.000
188	  E	  0.4	  0.2	2.329	0.000	0.000
189	  E	  0.3	  0.2	2.329	0.000	0.000
190	  E	  0.6	  0.2	2.329	0.000	0.000
191	  K	  0.6	  0.6	2.056	0.000	0.000
192	  K	  0.5	  0.9	1.537	0.000	0.000
193	  G	  0.0	  1.2	0.600	0.000	0.000
194	  S	  0.0	  1.2	0.258	0.000	0.000
195	  D	  0.0	  2.4	0.302	0.000	0.000
196	  R	  0.2	  2.2	0.302	0.000	0.000
197	  N	  0.2	  1.9	0.302	0.000	0.000
198	  T	  0.2	  1.8	0.302	0.000	0.000
199	  G	  0.1	  0.2	0.302	0.000	0.000
200	  L	  0.2	  0.2	0.302	0.000	0.000
201	  S	  0.4	  1.5	0.142	0.000	0.000
202	  R	  0.4	  1.5	0.142	0.000	0.000
203	  D	  0.3	  5.0	0.142	0.000	0.000
204	  K	  0.1	  5.0	0.142	0.000	0.000
205	  D	  0.1	  3.7	3.095	0.000	0.000
206	  K	  0.2	  3.7	3.095	0.000	0.000
207	  K	  0.4	  0.2	2.953	0.000	0.000
208	  R	  0.4	  0.3	2.953	0.000	0.000
209	  E	  0.3	  0.1	2.953	0.000	0.000
210	  E	  1.5	  0.1	3.195	0.000	0.000
211	  M	  1.5	  0.1	2.412	0.000	0.000
212	  K	  2.1	  0.0	1.732	0.000	0.000
213	  E	  2.3	  0.0	1.145	0.000	0.000
214	  V	  3.0	  0.0	1.145	0.000	0.000
215	  A	  2.5	  0.0	1.145	0.000	0.000
216	  K	  1.0	  0.1	1.019	0.000	0.000
217	  K	  0.3	  0.7	0.611	0.000	0.000
218	  E	  0.3	  0.7	0.000	0.000	0.000
219	  D	  0.1	  0.8	2.799	0.000	0.000
220	  D	  0.0	  0.8	7.897	0.000	0.000
221	  E	  0.1	  0.3	8.085	0.000	0.000
222	  K	  4.1	  0.2	8.085	0.000	0.000
223	  V	  4.6	  0.5	8.085	0.000	0.000
224	  K	  4.6	  0.5	8.085	0.000	0.000
225	  G	  0.6	  0.6	7.616	0.000	0.000
226	  E	  0.2	  0.6	6.289	0.000	0.000
227	  R	  0.8	  0.3	0.786	0.000	0.000
228	  R	  1.0	  0.2	0.000	0.000	0.000
229	  N	  1.0	  0.7	0.000	0.000	0.000
230	  T	  0.7	  0.7	0.000	0.000	0.000
231	  D	  0.9	  0.6	0.312	0.000	0.000
232	  T	  1.9	  0.7	0.312	0.000	0.000
233	  R	  1.6	  0.3	0.312	0.000	0.000
234	  K	  1.3	  0.6	0.682	0.000	0.000
235	  E	  0.2	  0.7	0.682	0.000	0.000
236	  G	  0.0	  0.7	3.443	0.000	0.000
237	  E	  0.1	  0.6	3.443	0.000	0.000
238	  K	  1.3	  0.2	3.312	0.000	0.000
239	  M	  1.4	  0.1	3.131	0.000	0.000
240	  K	  1.6	  0.1	3.131	0.000	0.000
241	  R	  0.4	  0.3	2.940	0.000	0.000
242	  A	  0.3	  0.6	2.416	0.000	0.000
243	  G	  0.1	  2.3	0.993	0.000	0.000
244	  G	  0.0	  2.3	0.379	0.000	0.000
245	  N	  0.2	  2.4	0.000	0.000	0.000
246	  T	  0.3	  2.2	0.179	0.000	0.000
247	  D	  0.5	  0.3	1.271	0.000	0.000
248	  M	  0.4	  0.3	1.271	0.000	0.000
249	  K	  0.5	  0.1	1.271	0.000	0.000
250	  K	  0.4	  0.5	1.604	0.000	0.000
251	  E	  0.3	  0.5	1.744	0.000	0.000
252	  D	  0.1	  0.5	5.737	0.000	0.000
253	  E	  0.1	  0.5	5.631	0.000	0.000
254	  K	  4.2	  0.1	5.509	0.000	0.000
255	  V	  5.9	  0.1	5.211	0.000	0.000
256	  K	  5.9	  0.2	5.211	0.000	0.000
257	  R	  1.9	  0.2	4.929	0.000	0.000
258	  G	  0.2	  0.3	3.801	0.000	0.000
259	  T	  0.1	  2.6	0.000	0.000	0.000
260	  G	  0.0	  2.6	0.000	0.000	0.000
261	  N	  0.2	  3.0	0.138	0.000	0.000
262	  T	  0.6	  3.0	0.138	0.000	0.000
263	  D	  0.8	  0.7	0.138	0.000	0.000
264	  T	  1.7	  0.7	0.138	0.000	0.000
265	  K	  1.3	  0.7	0.138	0.000	0.000
266	  K	  1.1	  0.9	0.138	0.000	0.000
267	  D	  0.1	  0.9	0.479	0.000	0.000
268	  D	  0.0	  0.9	4.487	0.000	0.000
269	  E	  0.1	  0.4	4.630	0.000	0.000
270	  K	  4.3	  0.2	4.630	0.000	0.000
271	  V	  4.9	  0.1	4.630	0.000	0.000
272	  K	  4.9	  0.2	4.630	0.000	0.000
273	  K	  0.9	  0.2	4.480	0.000	0.000
274	  N	  0.2	  0.2	3.060	0.000	0.000
275	  E	  0.2	  0.2	0.646	0.000	0.000
276	  P	  0.0	  0.0	0.000	0.000	0.000
277	  L	  0.1	  0.0	0.000	0.000	0.000
278	  H	  0.4	  0.1	0.493	0.000	0.000
279	  E	  0.5	  0.2	0.493	0.000	0.000
280	  K	  0.5	  0.2	0.493	0.000	0.000
281	  E	  0.7	  0.2	0.493	0.000	0.000
282	  A	  0.6	  0.4	0.493	0.000	0.000
283	  K	  0.5	  0.6	0.493	0.000	0.000
284	  D	  0.1	  1.7	0.154	0.000	0.000
285	  D	  0.1	  1.8	0.382	0.000	0.000
286	  S	  0.7	  1.6	0.382	0.000	0.000
287	  K	  1.5	  1.3	0.382	0.000	0.000
288	  T	  4.0	  0.3	0.382	0.000	0.000
289	  K	  3.4	  0.1	0.382	0.000	0.000
290	  T	  2.7	  0.2	0.382	0.000	0.000
291	  P	  0.1	  0.3	0.000	0.000	0.000
292	  E	  0.2	  0.3	0.000	0.000	0.000
293	  K	  0.6	  0.3	0.000	0.000	0.000
294	  Q	  0.6	  0.1	0.000	0.000	0.000
295	  T	  0.5	  1.5	0.000	0.000	0.000
296	  P	  0.1	  1.5	0.000	0.000	0.000
297	  S	  0.0	  1.8	0.000	0.000	0.000
298	  G	  0.0	  2.2	0.000	0.000	0.000
299	  P	  0.0	  0.7	0.000	0.000	0.000
300	  T	  0.2	  0.7	0.000	0.000	0.000
301	  K	  0.2	  0.7	0.000	0.000	0.000
302	  P	  0.2	  0.5	0.000	0.000	0.000
303	  S	  0.0	  0.5	0.000	0.000	0.000
304	  E	  0.0	  0.6	0.000	0.000	0.000
305	  G	  0.0	  0.4	0.000	0.000	0.000
306	  P	  0.0	  0.2	0.000	0.000	0.000
307	  A	  0.3	  0.2	0.000	0.000	0.000
308	  K	  7.9	  0.1	0.000	0.000	0.000
309	  V	  8.4	  0.0	0.000	0.000	0.000
310	  E	  8.1	  0.1	0.000	0.000	0.000
311	  E	  0.6	  0.1	0.000	0.000	0.000
312	  E	  0.1	  0.1	0.000	0.000	0.000
313	  A	  0.2	  0.1	0.000	0.000	0.000
314	  A	  0.1	  0.4	0.000	0.000	0.000
315	  P	  0.0	  0.3	0.000	0.000	0.000
316	  S	  0.3	  0.3	0.000	0.000	0.000
317	  I	  0.6	  0.4	0.000	0.000	0.000
318	  F	  1.2	  0.0	0.000	0.000	0.000
319	  D	  0.8	  0.0	0.135	0.000	0.000
320	  E	  0.6	  0.0	0.757	0.000	0.000
321	  P	  0.0	  0.0	1.362	0.000	0.000
322	  L	  0.1	  0.0	1.717	0.000	0.000
323	  E	  0.2	  0.0	1.717	0.000	0.000
324	  R	  1.7	  0.0	1.717	0.000	0.000
325	  V	  3.5	  0.2	1.717	0.000	0.000
326	  K	  3.4	  0.2	1.717	0.000	0.000
327	  N	  1.9	  0.2	1.444	0.000	0.000
328	  N	  0.1	  0.2	0.887	0.000	0.000
329	  D	  0.0	  0.3	0.000	0.000	0.000
330	  P	  0.0	  0.2	0.000	0.000	0.000
331	  E	  0.6	  0.2	0.000	0.000	0.000
332	  M	  0.7	  0.3	0.000	0.000	0.000
333	  T	  1.0	  0.0	0.342	0.000	0.000
334	  E	  6.2	  0.0	0.342	0.000	0.000
335	  V	 17.6	  0.0	0.342	0.000	0.000
336	  N	 18.6	  0.4	0.342	0.000	0.000
337	  V	 13.9	  0.4	0.342	0.000	0.000
338	  N	  2.2	  0.7	0.342	0.000	0.000
339	  N	  0.6	  4.2	0.000	0.000	0.000
340	  S	  0.1	  3.8	0.000	0.000	0.000
341	  D	  0.9	  3.8	0.212	0.000	0.000
342	  C	  2.1	  3.5	0.212	0.000	0.000
343	  I	  2.7	  0.1	0.212	0.000	0.000
344	  T	  1.9	  0.0	0.668	0.000	0.000
345	  N	  0.7	  0.0	1.340	0.000	0.000
346	  E	  0.3	  0.0	1.340	0.160	0.160
347	  I	  3.5	  0.0	1.129	2.562	2.562
348	  L	  3.7	  0.0	1.129	2.918	2.918
349	  V	  5.8	  0.0	1.129	3.462	3.462
350	  R	  4.3	  0.0	1.129	3.462	3.462
351	  F	  5.2	  0.0	0.502	3.462	3.462
352	  T	  3.1	  0.0	0.242	3.302	3.302
353	  E	  1.2	  0.0	0.242	3.302	3.302
354	  A	  0.1	  0.0	0.242	9.637	9.637
355	  L	  0.8	  0.0	0.242	17.130	17.130
356	  E	  3.0	  0.0	0.242	20.208	20.208
357	  F	  3.8	  0.0	0.242	25.222	25.222
358	  N	  3.9	  0.0	0.553	25.222	25.222
359	  T	  6.8	  0.0	0.991	25.222	25.222
360	  V	  8.6	  0.0	1.134	25.222	25.222
361	  V	 14.3	  0.0	1.300	25.222	25.222
362	  K	  9.5	  0.0	1.620	20.208	20.208
363	  L	  7.2	  0.0	1.620	24.679	24.679
364	  F	  1.2	  0.0	1.620	24.507	24.507
365	  A	  1.0	  0.0	1.276	20.665	20.665
366	  L	  0.8	  0.2	1.276	19.280	19.280
367	  A	  0.1	  0.2	1.276	12.160	12.160
368	  N	  0.7	  0.2	1.276	2.046	2.046
369	  T	  0.9	  0.3	0.000	0.763	0.763
370	  R	  1.1	  0.8	0.000	0.000	0.000
371	  A	  0.5	  1.0	0.000	0.000	0.000
372	  D	  0.2	  1.0	0.807	0.000	0.000
373	  D	  0.1	  1.0	2.277	0.000	0.000
374	  H	  1.6	  0.2	3.726	0.284	0.284
375	  V	  3.3	  0.1	4.379	95.594	95.594
376	  A	  3.4	  0.0	4.866	97.072	97.072
377	  F	  2.8	  0.0	5.382	98.982	98.982
378	  A	  1.3	  0.0	6.258	99.096	99.096
379	  I	  3.4	  0.0	6.258	99.209	99.209
380	  A	  3.1	  0.0	6.258	98.955	98.955
381	  I	  6.1	  0.0	6.258	98.704	98.704
382	  M	  4.1	  0.0	6.258	95.442	95.442
383	  L	  3.8	  0.0	5.637	80.687	80.687
384	  K	  0.6	  0.2	5.637	0.000	0.000
385	  A	  0.4	  0.2	3.462	0.000	0.000
386	  N	  0.1	  0.3	1.846	0.000	0.000
387	  K	  0.8	  0.3	0.364	0.000	0.000
388	  T	 12.1	  0.1	0.000	0.000	0.000
389	  I	 14.2	  0.1	0.000	0.164	0.164
390	  T	 14.0	  0.1	0.000	0.164	0.164
391	  S	  5.3	  0.6	0.000	0.164	0.164
392	  L	  4.3	  0.6	0.000	0.164	0.164
393	  N	  4.1	  1.5	0.000	0.164	0.164
394	  L	  1.9	  1.5	0.000	0.164	0.164
395	  D	  0.5	  3.6	0.000	0.000	0.000
396	  S	  0.3	  3.6	0.000	0.000	0.000
397	  N	  0.6	  2.7	0.274	0.000	0.000
398	  H	  7.3	  2.7	0.274	0.000	0.000
399	  I	  9.8	  0.1	0.274	0.000	0.000
400	  T	  9.3	  0.3	0.274	0.000	0.000
401	  G	  2.7	  0.6	0.394	0.000	0.000
402	  K	  0.2	  0.7	0.394	0.000	0.000
403	  G	  0.0	  0.6	0.898	3.501	3.501
404	  I	  0.9	  0.3	1.017	39.467	39.467
405	  L	  1.2	  0.0	1.404	39.467	39.467
406	  A	  1.5	  0.0	1.823	39.467	39.467
407	  I	  2.1	  0.0	1.946	39.467	39.467
408	  F	  3.6	  0.0	2.398	39.203	39.203
409	  R	  3.5	  0.0	1.877	0.000	0.000
410	  A	  2.3	  0.0	1.877	0.000	0.000
411	  L	  0.6	  0.0	1.877	0.000	0.000
412	  L	  0.7	  0.2	1.877	0.000	0.000
413	  Q	  0.5	  0.2	1.877	0.000	0.000
414	  N	  0.3	  0.2	0.603	0.000	0.000
415	  N	  0.1	  0.2	0.794	0.000	0.000
416	  T	  3.0	  0.1	1.348	0.000	0.000
417	  L	  3.0	  0.1	1.348	0.000	0.000
418	  T	  3.0	  0.1	1.517	0.000	0.000
419	  E	  0.4	  0.1	1.517	0.000	0.000
420	  L	  1.7	  0.1	1.517	0.000	0.000
421	  R	  2.5	  0.0	1.283	0.000	0.000
422	  F	  3.2	  0.0	0.852	0.000	0.000
423	  H	  2.0	  0.1	0.170	0.000	0.000
424	  N	  1.4	  0.2	0.000	0.000	0.000
425	  Q	  0.8	  0.2	0.000	0.000	0.000
426	  R	  3.0	  0.1	0.000	0.000	0.000
427	  H	  5.7	  0.1	0.000	0.000	0.000
428	  I	  6.2	  0.0	0.000	0.000	0.000
429	  C	  3.9	  2.4	0.000	0.000	0.000
430	  G	  0.9	  2.6	0.000	0.000	0.000
431	  G	  0.1	  2.7	0.283	0.000	0.000
432	  K	  0.3	  2.7	0.283	0.000	0.000
433	  T	  0.4	  0.2	15.303	0.000	0.000
434	  E	  0.5	  0.1	16.154	0.000	0.000
435	  M	  1.6	  0.0	18.216	0.000	0.000
436	  E	  2.1	  0.0	21.726	0.000	0.000
437	  I	  2.4	  0.0	21.726	0.000	0.000
438	  A	  1.3	  0.0	21.726	0.000	0.000
439	  K	  0.8	  0.0	21.244	0.000	0.000
440	  L	  0.6	  0.0	19.958	0.000	0.000
441	  L	  0.4	  0.1	18.360	0.000	0.000
442	  K	  0.3	  0.2	15.782	0.000	0.000
443	  E	  0.2	  0.2	7.398	0.000	0.000
444	  N	  0.5	  0.2	3.739	0.000	0.000
445	  T	  1.2	  0.2	1.207	0.000	0.000
446	  T	  1.9	  0.0	1.635	0.000	0.000
447	  L	  1.8	  0.0	1.635	0.000	0.000
448	  L	  2.4	  0.1	1.635	0.000	0.000
449	  K	  1.7	  0.1	1.635	0.000	0.000
450	  L	  1.5	  0.1	1.506	0.000	0.000
451	  G	  0.2	  0.1	1.315	0.000	0.000
452	  Y	  3.3	  0.0	0.527	0.000	0.000
453	  H	  7.0	  0.0	0.115	0.000	0.000
454	  F	  9.2	  0.0	0.115	0.000	0.000
455	  E	  6.1	  0.0	0.115	0.000	0.000
456	  L	  2.4	  0.0	0.115	0.000	0.000
457	  A	  0.1	  0.1	0.115	0.000	0.000
458	  G	  0.0	  0.2	0.115	0.000	0.000
459	  P	  0.0	  0.2	0.000	0.000	0.000
460	  R	  0.7	  0.2	0.000	0.000	0.000
461	  M	  4.9	  0.2	0.000	0.000	0.000
462	  T	 15.7	  0.0	0.560	0.000	0.000
463	  V	 16.7	  0.0	0.560	0.198	0.198
464	  T	 12.8	  0.0	0.560	0.198	0.198
465	  N	  2.0	  0.0	0.560	0.198	0.198
466	  L	  0.6	  0.0	0.560	0.198	0.198
467	  L	  0.5	  0.1	0.560	0.198	0.198
468	  S	  0.8	  1.2	0.560	0.000	0.000
469	  R	  0.5	  1.2	0.199	0.000	0.000
470	  N	  0.7	  2.5	0.000	0.000	0.000
471	  M	  0.5	  2.5	0.327	0.000	0.000
472	  D	  0.4	  1.6	1.441	0.000	0.000
473	  K	  0.3	  1.6	1.441	0.000	0.000
474	  Q	  0.7	  0.3	1.441	0.000	0.000
475	  R	  1.0	  0.3	1.441	0.000	0.000
476	  Q	  1.1	  0.1	1.441	0.000	0.000
477	  K	  0.7	  0.1	1.248	0.000	0.000
478	  R	  0.9	  0.1	0.552	0.000	0.000
479	  L	  0.7	  0.1	0.373	0.000	0.000
480	  Q	  0.6	  0.1	0.373	0.000	0.000
481	  E	  0.2	  0.1	1.599	0.000	0.000
482	  Q	  0.7	  0.1	1.634	0.000	0.000
483	  R	  0.8	  0.1	1.395	0.000	0.000
484	  Q	  1.0	  0.1	1.395	0.000	0.000
485	  A	  0.4	  0.1	1.395	0.000	0.000
486	  Q	  0.3	  0.1	1.395	0.000	0.000
487	  E	  0.5	  0.2	1.267	0.000	0.000
488	  A	  0.5	  0.6	1.128	0.000	0.000
489	  K	  0.5	  0.6	0.939	0.000	0.000
490	  G	  0.1	  0.7	0.280	0.000	0.000
491	  E	  0.5	  0.6	0.129	0.000	0.000
492	  K	  0.5	  0.6	0.000	0.000	0.000
493	  K	  0.5	  0.6	0.000	0.000	0.000
494	  D	  0.1	  0.5	0.000	0.000	0.000
495	  L	  0.1	  0.5	0.000	0.000	0.000
496	  L	  3.0	  0.0	0.000	0.000	0.000
497	  E	  3.2	  0.0	0.000	0.000	0.000
498	  V	  3.1	  0.0	0.000	0.000	0.000
499	  P	  0.2	  0.1	0.000	0.000	0.000
500	  K	  0.1	  0.4	0.000	0.000	0.000
501	  A	  0.1	  0.4	0.000	0.000	0.000
502	  G	  0.1	  0.4	0.163	0.000	0.000
503	  A	  0.4	  0.3	0.163	0.000	0.000
504	  V	  1.2	  0.0	0.163	0.000	0.000
505	  A	  1.2	  0.6	0.163	0.000	0.000
506	  K	  0.8	  0.6	0.163	0.000	0.000
507	  G	  0.0	  0.6	0.163	0.000	0.000
508	  S	  0.0	  0.6	0.000	0.000	0.000
509	  P	  0.0	  0.0	0.000	0.000	0.000
510	  K	  0.0	  0.0	0.000	0.000	0.000
511	  P	  0.0	  0.0	0.000	0.000	0.000
512	  S	  0.0	  0.0	0.000	0.000	0.000
513	  P	  0.0	  0.0	0.000	0.000	0.000
514	  Q	  0.0	  0.0	0.000	0.000	0.000
515	  P	  0.0	  0.0	0.000	0.000	0.000
516	  S	  0.0	  0.0	0.000	0.000	0.000
517	  P	  0.0	  0.0	0.000	0.000	0.000
518	  K	  0.0	  0.0	0.000	0.000	0.000
519	  P	  0.0	  0.0	0.000	0.000	0.000
520	  S	  0.0	  0.4	0.000	0.000	0.000
521	  P	  0.0	  0.7	0.000	0.000	0.000
522	  K	  0.1	  0.7	0.000	0.000	0.000
523	  N	  0.2	  0.7	0.000	0.000	0.000
524	  S	  0.2	  0.6	0.000	0.000	0.000
525	  P	  0.0	  0.5	0.000	0.000	0.000
526	  K	  0.0	  0.8	0.000	0.000	0.000
527	  K	  0.0	  1.5	0.000	0.000	0.000
528	  G	  0.0	  1.2	0.000	0.000	0.000
529	  G	  0.0	  1.0	0.000	0.000	0.000
530	  A	  0.0	  0.7	0.000	0.000	0.000
531	  P	  0.0	  0.0	0.000	0.000	0.000
532	  A	  0.0	  0.0	0.000	0.000	0.000
533	  A	  0.0	  0.0	0.000	0.000	0.000
534	  P	  0.0	  0.0	0.000	0.000	0.000
535	  P	  0.0	  0.0	0.000	0.000	0.000
536	  P	  0.0	  0.0	0.000	0.000	0.000
537	  P	  0.0	  0.0	0.000	0.000	0.000
538	  P	  0.0	  0.0	0.000	0.000	0.000
539	  P	  0.0	  0.2	0.000	0.000	0.000
540	  P	  0.0	  0.2	0.000	0.000	0.000
541	  L	  0.0	  0.2	0.000	0.000	0.000
542	  A	  0.0	  0.2	0.000	0.000	0.000
543	  P	  0.0	  0.1	0.000	0.000	0.000
544	  P	  0.0	  0.1	0.000	0.000	0.000
545	  L	  1.4	  0.1	0.188	0.000	0.000
546	  I	  2.3	  0.1	1.288	0.000	0.000
547	  M	  2.4	  0.2	1.794	0.000	0.000
548	  E	  1.0	  0.2	1.794	0.000	0.000
549	  N	  0.4	  0.2	1.794	0.000	0.000
550	  L	  0.4	  0.4	1.794	0.000	0.000
551	  K	  0.5	  0.2	1.794	0.000	0.000
552	  N	  0.3	  0.3	1.587	0.000	0.000
553	  S	  9.7	  0.3	0.371	0.000	0.000
554	  L	  9.8	  0.1	0.000	0.000	0.000
555	  S	  9.7	  0.1	1.976	0.000	0.000
556	  P	  0.1	  0.0	1.976	0.000	0.000
557	  A	  0.2	  0.0	1.976	0.000	0.000
558	  T	  1.5	  0.1	1.976	0.000	0.000
559	  Q	  1.8	  0.1	1.976	0.000	0.000
560	  R	  1.9	  0.1	1.976	0.000	0.000
561	  K	  1.0	  0.1	0.791	0.000	0.000
562	  M	  0.7	  0.7	0.197	0.000	0.000
563	  G	  0.3	  0.7	0.000	0.000	0.000
564	  D	  0.1	  0.7	0.000	0.000	0.000
565	  K	  2.1	  0.7	0.000	0.000	0.000
566	  V	  2.5	  0.0	0.000	0.000	0.000
567	  L	  2.5	  0.0	0.000	0.000	0.000
568	  P	  0.5	  0.0	0.347	0.000	0.000
569	  A	  0.0	  0.0	0.347	0.000	0.000
570	  Q	  0.1	  0.1	0.347	0.000	0.000
571	  E	  0.4	  0.2	0.347	0.000	0.000
572	  K	  0.5	  0.2	0.347	0.000	0.000
573	  N	  0.5	  0.3	2.983	0.000	0.000
574	  S	  0.5	  1.4	3.690	0.000	0.000
575	  R	  0.5	  1.3	4.099	0.000	0.000
576	  D	  0.3	  1.4	5.885	0.000	0.000
577	  Q	  0.6	  1.2	6.395	0.400	0.400
578	  L	  0.8	  0.1	6.701	28.327	28.327
579	  L	  0.8	  0.0	6.827	28.327	28.327
580	  A	  0.5	  0.0	6.827	28.327	28.327
581	  A	  0.7	  0.0	6.827	28.327	28.327
582	  I	  2.1	  0.0	6.269	28.327	28.327
583	  R	  2.1	  0.2	6.269	0.000	0.000
584	  S	  1.7	  1.7	3.155	0.000	0.000
585	  S	  0.3	  1.7	1.233	0.000	0.000
586	  N	  0.4	  1.6	0.120	0.000	0.000
587	  L	  0.4	  1.6	0.120	0.000	0.000
588	  K	  0.5	  0.1	0.120	0.000	0.000
589	  Q	  0.9	  0.1	0.120	0.000	0.000
590	  L	  0.9	  0.1	0.120	0.000	0.000
591	  K	  0.9	  0.0	0.120	0.000	0.000
592	  K	  7.0	  0.0	0.000	0.000	0.000
593	  V	 32.5	  0.0	0.000	0.000	0.000
594	  E	 32.5	  0.0	0.000	0.000	0.000
595	  V	 27.1	  0.0	0.000	0.000	0.000
596	  P	  0.2	  0.0	0.000	0.000	0.000
597	  K	  0.2	  0.0	0.000	0.000	0.000
598	  L	  0.3	  0.0	0.000	0.000	0.000
599	  L	  0.3	  0.0	0.000	0.000	0.000
600	  Q	  0.1	  0.0	0.000	0.000	0.000
