res	aa	Beta	Turn	Helix	Aggregation	Conc-Stab_Aggregation
01	  M	  0.6	  0.0	0.000	0.000	0.000
02	  A	  0.7	  0.0	0.000	0.000	0.000
03	  C	  0.7	  0.4	0.000	0.000	0.000
04	  P	  0.0	  0.4	0.000	0.000	0.000
05	  L	  0.2	  0.4	0.000	0.000	0.000
06	  D	  0.2	  0.4	0.844	0.000	0.000
07	  Q	  0.3	  0.1	0.987	2.624	2.624
08	  A	  0.2	  0.1	1.418	69.533	69.533
09	  I	  0.4	  0.1	1.418	82.774	82.774
10	  G	  0.3	  0.1	3.639	83.961	83.961
11	  L	  1.1	  0.1	3.639	96.912	96.912
12	  L	  1.8	  0.1	3.639	98.847	98.847
13	  V	  5.0	  0.0	3.639	98.843	98.843
14	  A	  4.4	  0.0	3.639	98.511	98.511
15	  I	  3.9	  0.0	3.639	98.209	98.209
16	  F	  1.9	  0.0	3.639	92.543	92.543
17	  H	  2.2	  0.0	1.537	0.681	0.681
18	  K	  2.6	  0.0	0.599	0.000	0.000
19	  Y	  2.7	  0.3	0.115	0.000	0.000
20	  S	  2.2	  0.5	0.000	0.000	0.000
21	  G	  1.5	  0.7	0.000	0.000	0.000
22	  R	  0.1	  1.1	0.000	0.000	0.000
23	  E	  0.0	  1.9	0.000	0.000	0.000
24	  G	  0.0	  1.7	0.000	0.000	0.000
25	  D	  0.0	  1.6	0.683	0.000	0.000
26	  K	  0.4	  1.3	0.683	0.000	0.000
27	  H	  1.3	  0.2	0.683	0.000	0.000
28	  T	  5.8	  0.1	0.683	0.000	0.000
29	  L	  5.6	  0.1	0.683	0.000	0.000
30	  S	  4.8	  0.1	19.912	0.000	0.000
31	  K	  0.5	  0.1	19.701	0.000	0.000
32	  K	  0.3	  0.2	19.478	0.000	0.000
33	  E	  1.3	  0.1	20.238	0.000	0.000
34	  L	  1.2	  0.1	20.238	0.000	0.000
35	  K	  1.2	  0.1	20.238	0.000	0.000
36	  E	  0.1	  0.1	18.943	0.000	0.000
37	  L	  0.2	  0.1	18.492	0.000	0.000
38	  I	  0.3	  0.0	18.026	0.000	0.000
39	  Q	  0.6	  0.0	17.920	0.000	0.000
40	  K	  0.6	  0.1	10.066	0.000	0.000
41	  E	  1.0	  0.1	4.758	0.000	0.000
42	  L	  4.1	  0.1	1.644	0.000	0.000
43	  T	  4.3	  0.2	1.259	0.000	0.000
44	  I	  3.9	  0.7	1.259	0.000	0.000
45	  G	  0.5	  0.8	1.259	0.000	0.000
46	  S	  0.2	  0.8	0.659	0.000	0.000
47	  K	  0.7	  0.6	0.385	0.000	0.000
48	  L	  0.9	  0.3	0.270	0.000	0.000
49	  Q	  0.7	  0.2	0.385	0.000	0.000
50	  D	  0.2	  0.2	5.773	0.000	0.000
51	  A	  0.2	  0.2	7.458	0.000	0.000
52	  E	  0.9	  0.0	9.339	0.000	0.000
53	  I	  2.1	  0.0	9.339	0.000	0.000
54	  A	  2.1	  0.0	9.339	0.000	0.000
55	  R	  1.8	  0.0	9.339	0.000	0.000
56	  L	  0.7	  0.0	8.909	0.000	0.000
57	  M	  0.6	  0.3	7.840	0.000	0.000
58	  E	  0.2	  0.3	6.297	0.000	0.000
59	  D	  0.2	  1.6	5.791	0.000	0.000
60	  L	  0.2	  1.6	5.219	0.000	0.000
61	  D	  0.2	  3.5	4.969	0.000	0.000
62	  R	  0.1	  3.5	4.364	0.000	0.000
63	  N	  0.1	  4.1	3.756	0.000	0.000
64	  K	  0.1	  4.1	1.900	0.000	0.000
65	  D	  0.2	  1.9	0.514	0.000	0.000
66	  Q	  0.5	  1.9	0.228	0.000	0.000
67	  E	  6.3	  0.1	0.000	0.000	0.000
68	  V	  9.1	  0.1	0.000	0.000	0.000
69	  N	  9.8	  0.0	0.102	0.000	0.000
70	  F	  4.9	  0.1	0.102	0.000	0.000
71	  Q	  2.3	  0.0	0.102	0.000	0.000
72	  E	  1.4	  0.0	0.102	0.000	0.000
73	  Y	  1.2	  0.0	0.102	64.506	64.506
74	  V	  9.8	  0.0	0.102	82.818	82.818
75	  T	 12.8	  0.0	0.223	87.053	87.053
76	  F	 12.4	  0.0	0.223	94.225	94.225
77	  L	  3.7	  0.1	0.223	94.800	94.800
78	  G	  0.4	  0.1	1.300	93.658	93.658
79	  A	  0.1	  0.1	1.199	94.636	94.636
80	  L	  0.4	  0.1	1.199	95.270	95.270
81	  A	  0.7	  0.0	1.199	94.519	94.519
82	  L	  1.2	  0.0	1.199	93.879	93.879
83	  I	  1.2	  0.0	1.077	90.390	90.390
84	  Y	  1.2	  0.0	1.077	51.668	51.668
85	  N	  0.7	  0.0	0.736	1.994	1.994
86	  E	  0.4	  0.0	0.430	0.052	0.052
87	  A	  0.2	  0.0	0.272	0.052	0.052
88	  L	  0.4	  0.0	0.272	0.052	0.052
89	  K	  0.4	  0.0	0.272	0.052	0.052
90	  G	  0.1	  0.0	0.272	0.000	0.000
