res	aa	Beta	Turn	Helix	Aggregation	Conc-Stab_Aggregation
01	  M	  0.2	  0.1	0.000	0.000	0.000
02	  S	  0.9	  0.1	0.000	0.000	0.000
03	  T	  2.9	  0.2	0.000	0.000	0.000
04	  R	  3.5	  0.2	0.000	0.000	0.000
05	  S	 13.1	  0.2	0.000	0.000	0.000
06	  V	 12.2	  0.2	0.000	0.000	0.000
07	  S	 12.2	  0.8	0.000	0.000	0.000
08	  S	  2.8	  1.6	0.000	0.000	0.000
09	  S	  1.8	  1.5	0.260	0.000	0.000
10	  S	  7.5	  1.4	0.422	0.000	0.000
11	  Y	  8.5	  0.8	0.422	0.000	0.000
12	  R	  8.7	  0.1	0.422	0.000	0.000
13	  R	  3.0	  0.1	0.422	0.000	0.000
14	  M	  1.3	  0.1	0.422	0.000	0.000
15	  F	  0.9	  0.0	0.296	0.000	0.000
16	  G	  0.3	  0.1	0.000	0.000	0.000
17	  G	  0.1	  1.4	0.000	0.000	0.000
18	  P	  0.0	  1.5	0.000	0.000	0.000
19	  G	  0.1	  1.5	0.000	0.000	0.000
20	  T	  3.1	  1.5	0.000	0.000	0.000
21	  A	  3.4	  0.3	0.000	0.000	0.000
22	  S	  3.3	  0.2	0.000	0.000	0.000
23	  R	  0.4	  0.5	0.000	0.000	0.000
24	  P	  0.0	  0.5	0.000	0.000	0.000
25	  S	  0.9	  1.3	0.000	0.000	0.000
26	  S	  1.2	  1.4	0.000	0.000	0.000
27	  S	  2.8	  1.7	0.000	0.000	0.000
28	  R	  3.5	  1.5	0.000	0.000	0.000
29	  S	  4.1	  0.7	0.000	0.000	0.000
30	  Y	  3.4	  0.7	0.000	0.000	0.000
31	  V	  3.5	  0.0	0.000	0.000	0.000
32	  T	  5.5	  0.0	0.000	0.000	0.000
33	  T	  5.2	  0.1	0.000	0.000	0.000
34	  S	  3.9	  0.1	0.080	0.000	0.000
35	  T	  1.5	  0.1	0.080	0.000	0.000
36	  R	  2.0	  0.1	0.080	0.000	0.000
37	  T	 31.8	  0.1	0.080	0.000	0.000
38	  Y	 33.6	  0.1	0.080	0.000	0.000
39	  S	 32.8	  0.2	0.293	0.000	0.000
40	  L	  3.7	  0.4	0.213	0.000	0.000
41	  G	  0.2	  0.4	0.213	0.000	0.000
42	  S	  0.2	  0.4	0.213	0.000	0.000
43	  A	  0.8	  0.2	0.213	0.000	0.000
44	  L	  0.8	  0.0	0.213	0.000	0.000
45	  R	  0.7	  0.3	0.213	0.000	0.000
46	  P	  0.2	  0.4	0.000	0.000	0.000
47	  S	  2.1	  0.6	0.000	0.000	0.000
48	  T	  2.7	  0.6	0.000	0.000	0.000
49	  S	  4.3	  1.0	0.000	0.000	0.000
50	  R	  2.7	  0.9	0.000	0.000	0.000
51	  S	  2.5	  0.7	0.000	0.000	0.000
52	  L	  1.2	  0.6	0.000	0.000	0.000
53	  Y	  1.5	  0.2	0.000	0.000	0.000
54	  A	  1.5	  0.1	0.000	0.000	0.000
55	  S	  1.1	  0.1	0.000	0.000	0.000
56	  S	  0.3	  1.8	0.000	0.000	0.000
57	  P	  0.0	  2.0	0.000	0.000	0.000
58	  G	  0.0	  2.0	0.000	0.000	0.000
59	  G	  0.0	  2.0	0.000	0.000	0.000
60	  V	  2.1	  0.4	0.000	0.000	0.000
61	  Y	  2.4	  0.0	0.000	0.000	0.000
62	  A	  2.6	  0.0	0.000	0.000	0.000
63	  T	  2.8	  0.1	0.000	0.000	0.000
64	  R	  2.7	  0.2	0.000	0.000	0.000
65	  S	  2.6	  0.3	0.000	0.000	0.000
66	  S	  0.6	  0.2	0.342	0.000	0.000
67	  A	  0.9	  0.2	0.342	0.000	0.000
68	  V	  4.7	  0.0	0.342	0.000	0.000
69	  R	  5.0	  0.0	0.342	0.000	0.000
70	  L	  5.0	  0.1	0.342	0.000	0.000
71	  R	  1.4	  0.2	0.342	0.000	0.000
72	  S	  1.0	  0.2	0.153	0.000	0.000
73	  S	  0.7	  0.2	0.000	0.000	0.000
74	  V	  0.5	  0.6	0.000	0.000	0.000
75	  P	  0.2	  0.5	0.000	0.000	0.000
76	  G	  0.0	  0.5	0.153	0.000	0.000
77	  V	  3.9	  0.6	0.153	0.000	0.000
78	  R	  4.4	  0.0	0.153	0.000	0.000
79	  L	  4.5	  0.0	0.153	0.000	0.000
80	  L	  0.8	  0.2	0.153	0.000	0.000
81	  Q	  0.4	  0.2	0.153	0.000	0.000
82	  D	  0.4	  0.2	0.000	0.000	0.000
83	  S	  4.5	  0.6	0.000	0.000	0.000
84	  V	  6.3	  0.4	0.000	0.000	0.000
85	  D	  6.7	  0.4	0.000	0.000	0.000
86	  F	  5.6	  0.4	0.000	0.000	0.000
87	  S	  3.8	  0.0	1.589	0.000	0.000
88	  L	  3.2	  0.3	1.589	0.000	0.000
89	  A	  0.2	  0.4	1.589	0.000	0.000
90	  D	  0.1	  0.3	1.589	0.000	0.000
91	  A	  0.4	  0.3	1.589	0.000	0.000
92	  I	  2.5	  0.1	1.589	0.000	0.000
93	  N	  2.6	  0.1	1.589	0.000	0.000
94	  T	  2.6	  0.1	0.445	0.000	0.000
95	  E	  3.6	  0.0	0.445	0.000	0.000
96	  F	  3.9	  0.2	0.185	0.000	0.000
97	  K	  4.1	  0.2	0.000	0.000	0.000
98	  N	  1.6	  0.2	0.149	0.000	0.000
99	  T	  1.7	  0.3	0.149	0.000	0.000
100	  R	  1.8	  0.2	0.149	0.000	0.000
101	  T	  1.2	  0.2	0.149	0.000	0.000
102	  N	  0.6	  0.2	0.149	0.000	0.000
103	  E	  0.1	  0.1	0.149	0.000	0.000
104	  K	  7.4	  0.1	0.000	0.000	0.000
105	  V	 11.8	  0.1	0.000	0.000	0.000
106	  E	 12.1	  0.0	0.383	0.000	0.000
107	  L	  5.0	  0.0	0.383	0.000	0.000
108	  Q	  0.5	  0.1	0.383	0.000	0.000
109	  E	  1.0	  0.1	0.383	0.000	0.000
110	  L	  1.1	  0.2	0.383	0.000	0.000
111	  N	  1.0	  0.2	1.108	0.000	0.000
112	  D	  0.2	  0.2	1.417	0.000	0.000
113	  R	  0.4	  0.1	1.255	0.000	0.000
114	  F	  0.7	  0.4	1.255	6.599	6.599
115	  A	  0.7	  0.4	1.035	6.599	6.599
116	  N	  1.2	  0.4	1.651	6.599	6.599
117	  Y	  2.0	  0.4	1.341	6.599	6.599
118	  I	  2.2	  0.1	0.900	6.599	6.599
119	  D	  1.4	  0.1	2.391	0.000	0.000
120	  K	  2.0	  0.1	2.108	0.000	0.000
121	  V	  4.0	  0.0	2.108	0.000	0.000
122	  R	  4.6	  0.0	2.108	0.000	0.000
123	  F	  3.6	  0.0	1.852	0.000	0.000
124	  L	  1.3	  0.0	1.626	0.000	0.000
125	  E	  0.8	  0.1	1.728	0.000	0.000
126	  Q	  0.3	  0.2	1.544	0.000	0.000
127	  Q	  0.3	  0.2	0.940	0.000	0.000
128	  N	  0.4	  0.2	2.747	0.000	0.000
129	  K	  0.8	  0.1	2.562	0.000	0.000
130	  I	  3.7	  0.0	2.701	0.000	0.000
131	  L	  3.7	  0.0	4.252	0.000	0.000
132	  L	  3.2	  0.0	4.532	0.000	0.000
133	  A	  0.3	  0.0	4.871	0.000	0.000
134	  E	  0.2	  0.0	6.062	0.000	0.000
135	  L	  0.3	  0.1	6.398	0.000	0.000
136	  E	  0.2	  0.1	6.610	0.000	0.000
137	  Q	  1.0	  0.1	6.451	0.000	0.000
138	  L	  1.0	  0.7	5.885	0.000	0.000
139	  K	  1.0	  0.7	5.758	0.000	0.000
140	  G	  0.1	  1.2	4.011	0.000	0.000
141	  Q	  0.0	  1.3	3.039	0.000	0.000
142	  G	  0.0	  0.8	0.471	0.000	0.000
143	  K	  0.2	  0.8	0.000	0.000	0.000
144	  S	  0.3	  0.4	0.000	0.000	0.000
145	  R	  0.4	  0.3	0.000	0.000	0.000
146	  L	  0.2	  1.0	0.000	0.000	0.000
147	  G	  0.1	  1.0	0.000	0.000	0.000
148	  D	  0.3	  0.8	3.271	0.000	0.000
149	  L	  0.4	  0.8	5.428	0.000	0.000
150	  Y	  1.0	  0.1	10.507	0.000	0.000
151	  E	  0.8	  0.1	11.459	0.000	0.000
152	  E	  0.6	  0.1	12.698	0.000	0.000
153	  E	  0.3	  0.1	13.713	0.000	0.000
154	  M	  0.3	  0.1	14.082	0.000	0.000
155	  R	  0.3	  0.1	14.227	0.000	0.000
156	  E	  0.3	  0.1	14.116	0.000	0.000
157	  L	  0.4	  0.1	13.643	0.000	0.000
158	  R	  0.8	  0.1	12.245	0.000	0.000
159	  R	  1.1	  0.1	9.570	0.000	0.000
160	  Q	  1.3	  0.1	5.402	0.000	0.000
161	  V	  2.0	  0.1	1.474	0.000	0.000
162	  D	  1.5	  0.1	2.931	0.000	0.000
163	  Q	  2.0	  0.1	2.381	0.000	0.000
164	  L	  1.2	  0.1	1.819	0.000	0.000
165	  T	  1.3	  0.2	1.584	0.000	0.000
166	  N	  0.4	  0.2	1.919	0.000	0.000
167	  D	  0.1	  0.3	2.370	0.000	0.000
168	  K	  0.1	  0.2	1.119	0.000	0.000
169	  A	  0.4	  0.1	0.914	0.000	0.000
170	  R	  2.2	  0.1	0.914	0.000	0.000
171	  V	 20.9	  0.0	0.786	0.000	0.000
172	  E	 22.4	  0.0	0.786	0.000	0.000
173	  V	 22.0	  0.0	0.358	0.000	0.000
174	  E	  4.0	  0.1	0.358	0.000	0.000
175	  R	  1.5	  0.2	0.105	0.000	0.000
176	  D	  0.2	  0.3	0.924	0.000	0.000
177	  N	  0.1	  0.2	3.320	0.000	0.000
178	  L	  0.0	  0.1	4.251	0.000	0.000
179	  A	  0.0	  0.2	5.336	0.000	0.000
180	  E	  0.0	  0.2	5.603	0.000	0.000
181	  D	  0.1	  0.2	21.864	0.000	0.000
182	  I	  2.3	  0.2	22.153	0.000	0.000
183	  M	  3.8	  0.0	22.153	0.000	0.000
184	  R	  4.2	  0.0	22.250	0.000	0.000
185	  L	  2.1	  0.0	22.250	0.000	0.000
186	  R	  0.5	  0.1	21.776	0.000	0.000
187	  E	  0.1	  0.1	18.087	0.000	0.000
188	  K	  0.5	  0.1	14.959	0.000	0.000
189	  L	  0.5	  0.1	12.942	0.000	0.000
190	  Q	  0.6	  0.1	12.021	0.000	0.000
191	  E	  0.1	  0.1	8.507	0.000	0.000
192	  E	  0.1	  0.1	7.428	0.000	0.000
193	  M	  0.2	  0.0	6.154	0.000	0.000
194	  L	  0.3	  0.0	5.449	0.000	0.000
195	  Q	  0.5	  0.1	5.005	0.000	0.000
196	  R	  0.3	  0.1	4.121	0.000	0.000
197	  E	  0.3	  0.1	2.169	0.000	0.000
198	  E	  0.1	  0.1	1.041	0.000	0.000
199	  A	  0.1	  0.3	0.817	0.000	0.000
200	  E	  0.2	  0.2	0.817	0.000	0.000
201	  N	  0.2	  0.2	0.817	0.000	0.000
202	  T	  2.8	  0.2	0.000	0.000	0.000
203	  L	  3.0	  0.2	0.000	0.000	0.000
204	  Q	  3.8	  0.2	0.000	0.000	0.000
205	  S	  7.6	  0.2	0.000	0.000	0.000
206	  F	  9.4	  0.2	0.000	0.000	0.000
207	  R	  9.6	  0.3	0.000	0.000	0.000
208	  Q	  3.6	  0.3	0.000	0.000	0.000
209	  D	  2.1	  1.0	0.000	0.000	0.000
210	  V	  1.4	  1.0	0.000	0.000	0.000
211	  D	  1.0	  0.8	3.438	0.000	0.000
212	  N	  0.5	  1.4	4.382	0.000	0.000
213	  A	  0.5	  0.8	4.382	0.000	0.000
214	  S	  0.6	  0.7	7.398	0.000	0.000
215	  L	  0.5	  0.7	7.398	0.000	0.000
216	  A	  0.3	  0.1	7.895	0.000	0.000
217	  R	  2.2	  0.2	7.544	0.000	0.000
218	  L	  3.1	  0.2	6.475	0.000	0.000
219	  D	  3.1	  0.2	7.611	0.000	0.000
220	  L	  1.2	  0.2	7.215	0.000	0.000
221	  E	  1.0	  0.1	7.093	0.000	0.000
222	  R	  1.3	  0.1	6.540	0.000	0.000
223	  K	  8.0	  0.1	5.063	0.000	0.000
224	  V	  8.6	  0.1	2.568	0.000	0.000
225	  E	  8.1	  0.1	2.568	0.000	0.000
226	  S	  2.0	  0.1	2.505	0.000	0.000
227	  L	  0.6	  0.1	2.052	0.000	0.000
228	  Q	  0.7	  0.1	2.176	0.000	0.000
229	  E	  0.1	  0.1	2.450	0.000	0.000
230	  E	  0.8	  0.1	2.918	0.268	0.268
231	  I	  2.6	  0.0	3.116	0.268	0.268
232	  A	  3.0	  0.0	3.116	0.268	0.268
233	  F	  3.0	  0.0	3.116	0.268	0.268
234	  L	  1.3	  0.0	2.658	0.268	0.268
235	  K	  1.0	  0.1	2.550	0.268	0.268
236	  K	  0.7	  0.1	1.697	0.000	0.000
237	  L	  0.7	  0.1	0.134	0.000	0.000
238	  H	  0.7	  0.2	0.134	0.000	0.000
239	  E	  0.2	  0.2	0.000	0.000	0.000
240	  E	  0.1	  0.2	0.336	0.000	0.000
241	  E	  0.7	  0.2	0.530	0.000	0.000
242	  I	  0.9	  0.1	0.675	0.000	0.000
243	  Q	  0.9	  0.1	0.876	0.000	0.000
244	  E	  0.6	  0.1	1.003	0.000	0.000
245	  L	  0.8	  0.1	1.003	0.000	0.000
246	  Q	  0.9	  0.0	1.003	0.000	0.000
247	  A	  0.9	  0.0	0.880	0.000	0.000
248	  Q	  1.3	  0.0	0.880	0.000	0.000
249	  I	  1.2	  0.0	0.127	0.000	0.000
250	  Q	  1.0	  0.1	0.127	0.000	0.000
251	  E	  0.5	  0.1	0.127	0.000	0.000
252	  Q	  1.0	  0.1	0.127	0.000	0.000
253	  H	  2.2	  0.1	0.000	0.000	0.000
254	  V	  5.3	  0.0	0.000	0.000	0.000
255	  Q	  5.7	  0.0	0.000	0.000	0.000
256	  I	 10.4	  0.0	0.000	0.000	0.000
257	  D	  7.6	  0.2	0.000	0.000	0.000
258	  V	 14.5	  0.2	0.000	0.000	0.000
259	  D	  9.3	  0.5	0.000	0.000	0.000
260	  V	 10.2	  0.5	0.000	0.000	0.000
261	  S	  2.6	  0.3	0.000	0.000	0.000
262	  K	  1.7	  1.5	0.000	0.000	0.000
263	  P	  0.1	  1.3	0.000	0.000	0.000
264	  D	  0.2	  1.3	2.027	0.000	0.000
265	  L	  0.9	  1.3	2.027	0.774	0.774
266	  T	  1.3	  0.0	4.407	0.774	0.774
267	  A	  1.2	  0.0	4.407	0.774	0.774
268	  A	  0.7	  0.0	4.407	0.774	0.774
269	  L	  0.6	  0.1	4.407	0.774	0.774
270	  R	  0.7	  0.1	4.264	0.000	0.000
271	  D	  2.1	  0.1	3.575	0.000	0.000
272	  V	  4.1	  0.2	1.416	0.000	0.000
273	  R	  4.2	  0.1	1.416	0.000	0.000
274	  Q	  3.7	  0.1	0.721	0.000	0.000
275	  Q	  7.9	  0.1	0.319	0.000	0.000
276	  Y	  8.7	  0.3	0.000	0.000	0.000
277	  E	  7.7	  0.2	0.208	0.000	0.000
278	  S	  1.8	  0.2	2.439	0.000	0.000
279	  V	  1.8	  0.2	2.439	0.000	0.000
280	  A	  1.8	  0.0	2.439	0.000	0.000
281	  A	  1.3	  0.2	2.439	0.000	0.000
282	  K	  0.2	  0.2	2.439	0.000	0.000
283	  N	  0.3	  0.2	2.901	0.000	0.000
284	  L	  0.3	  0.3	1.648	0.000	0.000
285	  Q	  0.3	  0.1	1.212	0.000	0.000
286	  E	  0.1	  0.1	0.843	0.000	0.000
287	  A	  0.1	  0.1	0.670	0.000	0.000
288	  E	  0.1	  0.0	0.670	0.000	0.000
289	  E	  0.4	  0.0	0.544	0.000	0.000
290	  W	  1.2	  0.0	0.675	0.000	0.000
291	  Y	  2.1	  0.1	0.541	0.000	0.000
292	  K	  2.3	  0.2	0.397	0.000	0.000
293	  S	  1.8	  0.2	0.253	0.000	0.000
294	  K	  1.4	  0.2	0.131	0.000	0.000
295	  F	  1.1	  0.9	0.131	0.000	0.000
296	  A	  0.8	  0.9	0.000	0.000	0.000
297	  D	  0.4	  1.4	0.807	0.000	0.000
298	  L	  0.2	  1.5	0.807	0.000	0.000
299	  S	  0.2	  0.7	3.465	0.000	0.000
300	  E	  0.1	  0.7	3.587	0.000	0.000
301	  A	  0.1	  0.4	3.587	0.000	0.000
302	  A	  0.1	  0.4	3.587	0.000	0.000
303	  N	  0.0	  2.1	3.587	0.000	0.000
304	  R	  0.2	  2.2	3.349	0.000	0.000
305	  N	  0.1	  2.6	2.510	0.000	0.000
306	  N	  0.1	  2.6	4.166	0.000	0.000
307	  D	  0.0	  0.9	5.154	0.000	0.000
308	  A	  0.3	  0.8	5.154	0.000	0.000
309	  L	  0.6	  0.2	5.154	0.000	0.000
310	  R	  0.7	  0.2	5.154	0.000	0.000
311	  Q	  0.7	  0.1	5.154	0.000	0.000
312	  A	  0.5	  0.1	3.580	0.000	0.000
313	  K	  0.6	  0.1	2.366	0.000	0.000
314	  Q	  0.4	  0.2	0.960	0.000	0.000
315	  E	  0.5	  0.2	0.253	0.000	0.000
316	  S	  0.4	  0.2	2.180	0.000	0.000
317	  T	  0.6	  0.1	3.821	0.000	0.000
318	  E	  1.1	  0.1	3.821	0.000	0.000
319	  Y	  2.8	  0.1	3.821	0.000	0.000
320	  R	  3.0	  0.1	3.821	0.000	0.000
321	  R	  2.9	  0.1	3.821	0.000	0.000
322	  Q	  1.7	  0.1	3.373	0.000	0.000
323	  V	  2.3	  0.1	1.484	0.000	0.000
324	  Q	  1.9	  0.1	1.484	0.000	0.000
325	  S	  2.7	  0.1	0.528	0.000	0.000
326	  L	  5.8	  0.1	0.227	0.000	0.000
327	  T	  9.7	  0.0	0.137	0.000	0.000
328	  C	 14.4	  0.0	0.673	0.000	0.000
329	  E	 14.6	  0.0	0.673	0.000	0.000
330	  V	 11.1	  0.0	0.826	0.000	0.000
331	  D	  5.2	  0.2	0.826	0.000	0.000
332	  A	  0.7	  0.2	0.826	0.000	0.000
333	  L	  0.3	  0.4	0.826	0.000	0.000
334	  K	  0.3	  0.5	0.724	0.000	0.000
335	  G	  0.1	  0.5	0.315	0.000	0.000
336	  T	  0.1	  0.5	0.000	0.000	0.000
337	  N	  0.1	  0.8	2.446	0.000	0.000
338	  E	  0.1	  0.6	2.446	0.000	0.000
339	  S	  1.0	  0.6	11.533	0.000	0.000
340	  L	  1.0	  0.6	12.214	0.000	0.000
341	  E	  1.3	  0.1	12.964	0.000	0.000
342	  R	  1.1	  0.1	12.964	0.000	0.000
343	  Q	  1.8	  0.1	12.823	0.000	0.000
344	  M	  1.6	  0.1	12.397	0.000	0.000
345	  R	  0.9	  0.0	11.697	0.000	0.000
346	  E	  0.3	  0.0	11.078	0.000	0.000
347	  M	  0.2	  0.1	10.222	0.000	0.000
348	  E	  0.2	  0.2	7.903	0.000	0.000
349	  E	  0.1	  0.2	7.086	0.000	0.000
350	  N	  0.2	  0.2	6.684	0.000	0.000
351	  F	  1.4	  0.2	2.961	0.000	0.000
352	  A	  1.6	  0.0	0.420	0.000	0.000
353	  V	  3.1	  0.0	0.108	0.000	0.000
354	  E	  2.0	  0.0	0.108	0.000	0.000
355	  A	  1.7	  0.4	0.000	0.000	0.000
356	  A	  0.2	  0.4	0.000	0.000	0.000
357	  N	  1.2	  0.3	0.000	0.000	0.000
358	  Y	  2.6	  0.5	0.000	0.000	0.000
359	  Q	  2.6	  0.2	0.000	0.000	0.000
360	  D	  2.3	  0.2	0.000	0.000	0.000
361	  T	  1.3	  0.4	0.000	0.000	0.000
362	  I	  1.2	  0.5	0.000	0.000	0.000
363	  G	  0.5	  0.5	0.000	0.000	0.000
364	  R	  0.6	  0.5	0.000	0.000	0.000
365	  L	  0.7	  0.5	0.000	0.000	0.000
366	  Q	  0.7	  0.2	0.000	0.000	0.000
367	  D	  0.3	  0.2	0.688	0.000	0.000
368	  E	  0.7	  0.2	1.305	0.000	0.000
369	  I	  0.7	  0.1	1.453	0.000	0.000
370	  Q	  0.8	  0.1	1.453	0.000	0.000
371	  N	  0.5	  0.1	12.325	0.000	0.000
372	  M	  0.5	  0.1	13.676	0.000	0.000
373	  K	  0.5	  0.1	17.799	0.000	0.000
374	  E	  0.2	  0.1	18.681	0.000	0.000
375	  E	  0.2	  0.1	19.786	0.000	0.000
376	  M	  0.1	  0.0	19.786	0.000	0.000
377	  A	  0.3	  0.0	19.592	0.000	0.000
378	  R	  0.6	  0.0	19.428	0.000	0.000
379	  H	  1.2	  0.0	19.196	0.000	0.000
380	  L	  1.1	  0.1	14.338	0.000	0.000
381	  R	  0.8	  0.1	13.577	0.000	0.000
382	  E	  1.4	  0.1	12.486	0.000	0.000
383	  Y	  2.5	  0.4	11.482	0.000	0.000
384	  Q	  2.4	  0.4	9.325	0.000	0.000
385	  D	  1.3	  0.4	8.352	0.000	0.000
386	  L	  0.5	  0.4	8.157	0.000	0.000
387	  L	  3.0	  0.0	8.065	0.000	0.000
388	  N	  5.1	  0.0	9.525	0.000	0.000
389	  V	 11.3	  0.0	6.512	0.000	0.000
390	  K	  9.0	  0.0	6.381	0.000	0.000
391	  M	  7.2	  0.0	3.320	0.000	0.000
392	  A	  0.8	  0.0	2.793	0.000	0.000
393	  L	  2.6	  0.0	2.631	0.000	0.000
394	  D	  3.8	  0.0	3.353	0.000	0.000
395	  I	  7.4	  0.0	2.628	0.000	0.000
396	  E	  5.9	  0.0	3.100	0.000	0.000
397	  I	  5.3	  0.1	2.774	0.000	0.000
398	  A	  2.4	  0.1	2.774	0.000	0.000
399	  T	 13.3	  0.1	3.120	0.000	0.000
400	  Y	 13.6	  0.2	3.120	0.000	0.000
401	  R	 13.1	  0.1	2.032	0.000	0.000
402	  K	  1.9	  0.1	1.410	0.000	0.000
403	  L	  0.6	  0.1	1.043	0.000	0.000
404	  L	  0.3	  0.4	1.043	0.000	0.000
405	  E	  0.1	  0.5	1.043	0.000	0.000
406	  G	  0.0	  0.6	1.533	0.000	0.000
407	  E	  0.0	  0.6	0.667	0.000	0.000
408	  E	  0.1	  0.3	0.667	0.000	0.000
409	  S	  0.4	  0.2	0.667	0.000	0.000
410	  R	  2.8	  0.1	0.667	0.000	0.000
411	  I	 10.1	  0.0	0.667	0.000	0.000
412	  S	  9.8	  0.0	0.667	0.000	0.000
413	  L	  7.6	  0.0	0.251	0.000	0.000
414	  P	  0.2	  0.0	0.000	0.000	0.000
415	  L	  0.0	  1.6	0.000	0.000	0.000
416	  P	  0.0	  1.6	0.000	0.000	0.000
417	  N	  1.1	  1.7	0.000	0.000	0.000
418	  F	  2.6	  2.0	0.000	0.000	0.000
419	  S	  2.7	  0.5	0.181	0.000	0.000
420	  S	  4.5	  1.2	0.376	0.000	0.000
421	  L	  4.5	  1.0	0.376	0.000	0.000
422	  N	  5.1	  0.7	0.376	0.000	0.000
423	  L	  2.3	  0.7	0.376	0.000	0.000
424	  R	  0.8	  0.1	0.376	0.000	0.000
425	  E	  0.2	  0.2	0.194	0.000	0.000
426	  T	  0.4	  0.2	0.000	0.000	0.000
427	  N	  0.6	  1.2	0.000	0.000	0.000
428	  L	  0.8	  1.2	0.000	0.000	0.000
429	  D	  0.6	  1.1	0.000	0.000	0.000
430	  S	  0.5	  1.1	0.000	0.000	0.000
431	  L	  0.2	  0.1	0.000	0.000	0.000
432	  P	  0.1	  0.0	0.000	0.000	0.000
433	  L	  0.6	  0.0	0.000	0.000	0.000
434	  V	  1.4	  0.1	0.000	0.000	0.000
435	  D	  1.6	  0.1	0.000	0.000	0.000
436	  T	  3.0	  0.1	0.130	0.000	0.000
437	  H	  2.2	  0.2	0.130	0.000	0.000
438	  S	  2.9	  0.3	1.297	0.000	0.000
439	  K	  1.4	  0.2	1.297	0.000	0.000
440	  R	  1.6	  0.2	1.297	0.000	0.000
441	  T	  1.6	  0.1	1.297	0.000	0.000
442	  L	  1.9	  0.1	1.297	0.216	0.216
443	  L	  2.0	  0.0	1.297	0.216	0.216
444	  I	  2.6	  0.0	0.915	0.216	0.216
445	  K	  2.6	  0.0	0.915	0.216	0.216
446	  T	  9.1	  0.0	0.000	0.216	0.216
447	  V	  8.2	  0.1	0.000	0.216	0.216
448	  E	  7.5	  0.0	0.000	0.216	0.216
449	  T	  0.9	  0.7	0.000	0.216	0.216
450	  R	  0.3	  1.2	0.000	0.000	0.000
451	  D	  0.2	  1.2	0.000	0.000	0.000
452	  G	  0.0	  1.1	0.000	0.000	0.000
453	  Q	  0.3	  0.5	0.000	0.000	0.000
454	  V	  6.4	  0.0	0.000	0.000	0.000
455	  I	  6.6	  0.0	0.000	0.000	0.000
456	  N	  6.3	  0.2	0.000	0.000	0.000
457	  E	  0.3	  0.2	0.000	0.000	0.000
458	  T	  1.2	  0.3	0.000	0.000	0.000
459	  S	  1.6	  0.3	0.000	0.000	0.000
460	  Q	  1.9	  0.2	0.000	0.000	0.000
461	  H	  1.1	  0.3	0.000	0.000	0.000
462	  H	  0.8	  0.7	0.000	0.000	0.000
463	  D	  0.4	  0.7	0.000	0.000	0.000
464	  D	  0.3	  0.7	0.000	0.000	0.000
465	  L	  0.2	  0.5	0.000	0.000	0.000
466	  E	  0.2	  0.1	0.000	0.000	0.000
