res	aa	Beta	Turn	Helix	Aggregation	Conc-Stab_Aggregation
01	  M	  0.2	  0.4	0.000	0.000	0.000
02	  E	  0.2	  0.5	0.000	0.000	0.000
03	  S	  0.2	  0.5	0.000	0.000	0.000
04	  G	  0.2	  0.5	0.000	0.000	0.000
05	  F	  3.3	  0.2	0.000	0.000	0.000
06	  T	  4.5	  0.1	0.000	0.000	0.000
07	  S	  4.9	  1.4	0.000	0.000	0.000
08	  K	  2.1	  1.4	0.000	0.000	0.000
09	  D	  2.4	  1.4	0.000	0.000	0.000
10	  T	  5.1	  1.3	0.128	0.000	0.000
11	  Y	  5.8	  0.1	0.128	0.000	0.000
12	  L	  4.8	  0.2	0.128	0.000	0.000
13	  S	  2.2	  0.2	0.128	0.000	0.000
14	  H	  5.7	  0.2	0.128	0.000	0.000
15	  F	  5.3	  0.1	0.128	0.000	0.000
16	  N	  4.7	  0.4	5.350	0.000	0.000
17	  P	  0.2	  0.7	5.348	0.000	0.000
18	  R	  0.2	  0.7	5.348	0.000	0.000
19	  D	  0.2	  0.7	7.390	0.000	0.000
20	  Y	  0.9	  0.3	7.390	0.000	0.000
21	  L	  0.8	  0.1	7.390	0.000	0.000
22	  E	  1.0	  0.1	7.223	0.000	0.000
23	  K	  0.6	  0.1	7.000	0.000	0.000
24	  Y	  1.7	  0.1	6.466	0.000	0.000
25	  Y	  2.9	  0.0	5.349	0.000	0.000
26	  K	  2.8	  0.2	2.442	0.000	0.000
27	  F	  1.7	  1.2	1.609	0.000	0.000
28	  G	  0.4	  1.2	0.748	0.000	0.000
29	  S	  0.4	  1.3	0.269	0.000	0.000
30	  R	  0.4	  1.2	0.000	0.000	0.000
31	  H	  0.5	  0.2	0.000	0.000	0.000
32	  S	  0.6	  0.1	0.624	0.000	0.000
33	  A	  0.5	  0.2	0.885	0.000	0.000
34	  E	  0.5	  0.2	1.517	0.000	0.000
35	  S	  0.4	  0.1	14.623	0.000	0.000
36	  Q	  1.2	  0.1	14.743	0.000	0.000
37	  I	  1.8	  0.0	14.857	0.000	0.000
38	  L	  1.8	  0.1	14.857	0.000	0.000
39	  K	  1.1	  0.1	14.857	0.000	0.000
40	  H	  0.8	  0.1	14.857	0.000	0.000
41	  L	  0.8	  0.1	13.692	0.000	0.000
42	  L	  0.9	  0.2	13.372	0.000	0.000
43	  K	  0.4	  0.2	12.719	0.000	0.000
44	  N	  0.7	  0.2	8.508	0.000	0.000
45	  L	  0.7	  0.2	6.412	0.536	0.536
46	  F	  2.4	  0.0	5.822	0.697	0.697
47	  K	  2.3	  0.0	2.954	0.697	0.697
48	  I	  3.5	  0.0	1.145	0.697	0.697
49	  F	  4.1	  0.0	1.145	0.697	0.697
50	  C	  5.1	  0.7	0.899	0.697	0.697
51	  L	  3.8	  1.2	0.775	0.697	0.697
52	  D	  1.5	  1.2	0.464	0.697	0.697
53	  G	  0.1	  1.2	0.357	0.229	0.229
54	  V	  0.6	  0.8	0.000	0.229	0.229
55	  K	  0.6	  1.4	0.000	0.112	0.112
56	  G	  0.6	  1.4	0.000	0.112	0.112
57	  D	  0.0	  1.4	0.000	0.112	0.112
58	  L	  0.9	  1.2	0.000	0.112	0.112
59	  L	  1.3	  0.0	0.000	0.112	0.112
60	  I	  6.7	  0.0	0.000	0.112	0.112
61	  D	  5.9	  0.5	0.000	0.000	0.000
62	  I	  5.5	  1.9	0.000	0.000	0.000
63	  G	  0.1	  1.9	0.000	0.000	0.000
64	  S	  0.1	  2.1	0.000	0.000	0.000
65	  G	  0.0	  1.9	0.000	0.000	0.000
66	  P	  0.0	  0.6	0.000	0.000	0.000
67	  T	  2.7	  0.6	0.000	2.007	2.007
68	  I	  4.0	  0.3	0.000	4.947	4.947
69	  Y	  7.4	  0.1	0.000	4.947	4.947
70	  Q	  5.3	  0.1	0.000	4.947	4.947
71	  L	  4.4	  0.1	0.000	4.947	4.947
72	  L	  1.7	  0.1	0.000	4.664	4.664
73	  S	  1.4	  0.0	0.249	0.481	0.481
74	  A	  1.0	  0.0	0.249	0.000	0.000
75	  C	  1.4	  0.4	0.249	0.000	0.000
76	  E	  1.3	  0.3	0.249	0.000	0.000
77	  S	  2.6	  0.3	0.249	0.000	0.000
78	  F	  2.3	  0.4	0.249	0.624	0.624
79	  K	  2.5	  0.1	0.000	0.624	0.624
80	  E	  1.3	  0.1	0.000	0.624	0.624
81	  I	  9.6	  0.1	0.000	0.624	0.624
82	  V	 11.9	  0.0	0.000	0.624	0.624
83	  V	 13.1	  0.1	0.000	0.624	0.624
84	  T	  4.7	  0.1	0.000	0.231	0.231
85	  D	  2.3	  0.5	0.000	0.000	0.000
86	  Y	  1.2	  0.7	0.000	0.000	0.000
87	  S	  0.8	  0.7	0.702	0.000	0.000
88	  D	  0.3	  1.7	1.018	0.000	0.000
89	  Q	  0.2	  1.3	1.018	0.000	0.000
90	  N	  0.5	  1.1	5.103	0.000	0.000
91	  L	  0.4	  1.0	5.103	0.000	0.000
92	  Q	  0.3	  0.1	5.871	0.000	0.000
93	  E	  0.3	  0.1	6.433	0.000	0.000
94	  L	  0.4	  0.1	6.433	0.000	0.000
95	  E	  0.4	  0.0	6.559	0.000	0.000
96	  K	  0.4	  0.0	6.245	0.000	0.000
97	  W	  0.8	  0.0	5.530	0.000	0.000
98	  L	  0.7	  0.0	4.965	0.000	0.000
99	  K	  1.1	  0.0	4.617	0.000	0.000
100	  K	  0.7	  0.0	2.685	0.000	0.000
101	  E	  0.6	  0.2	0.172	0.000	0.000
102	  P	  0.1	  0.2	0.000	0.000	0.000
103	  E	  0.1	  0.2	0.000	0.000	0.000
104	  A	  0.3	  0.2	0.000	0.000	0.000
105	  F	  2.4	  0.0	0.000	0.000	0.000
106	  D	  3.1	  0.0	0.000	0.000	0.000
107	  W	  3.1	  0.0	0.000	0.000	0.000
108	  S	  1.1	  0.0	0.000	0.000	0.000
109	  P	  0.2	  0.0	0.000	0.673	0.673
110	  V	  2.7	  0.0	0.000	46.644	46.644
111	  V	 11.3	  0.0	0.000	47.323	47.323
112	  T	 16.1	  0.0	0.000	47.323	47.323
113	  Y	 15.4	  0.0	0.000	47.323	47.323
114	  V	  7.5	  0.0	0.000	47.215	47.215
115	  C	  3.1	  0.1	0.000	8.770	8.770
116	  D	  1.2	  0.3	0.000	0.000	0.000
117	  L	  0.7	  0.5	0.130	0.000	0.000
118	  E	  0.3	  1.9	0.130	0.000	0.000
119	  G	  0.0	  1.8	0.130	0.000	0.000
120	  N	  0.1	  1.6	0.130	0.000	0.000
121	  R	  1.6	  1.4	0.130	0.000	0.000
122	  V	  2.2	  0.0	0.130	0.000	0.000
123	  K	  2.1	  0.0	0.130	0.000	0.000
124	  G	  0.6	  0.3	1.011	0.000	0.000
125	  P	  0.0	  0.4	1.452	0.000	0.000
126	  E	  0.1	  0.4	2.540	0.000	0.000
127	  K	  0.3	  0.4	3.603	0.000	0.000
128	  E	  0.4	  0.2	4.908	0.000	0.000
129	  E	  0.4	  0.1	5.164	0.000	0.000
130	  K	  0.9	  0.1	5.164	0.000	0.000
131	  L	  1.0	  0.1	5.164	0.000	0.000
132	  R	  1.2	  0.1	5.164	0.000	0.000
133	  Q	  0.7	  0.1	5.164	0.000	0.000
134	  A	  1.2	  0.1	3.231	0.000	0.000
135	  V	  3.0	  0.0	2.438	0.000	0.000
136	  K	  2.9	  0.0	2.438	0.000	0.000
137	  Q	  2.7	  0.0	0.537	0.000	0.000
138	  V	  1.8	  0.0	0.000	0.000	0.000
139	  L	  3.7	  0.0	0.000	0.000	0.000
140	  K	  3.8	  0.0	0.000	0.000	0.000
141	  C	  4.1	  0.0	0.000	0.000	0.000
142	  D	  3.1	  0.0	0.000	0.000	0.000
143	  V	  6.3	  0.0	0.000	0.000	0.000
144	  T	  7.1	  0.1	0.000	0.000	0.000
145	  Q	  6.5	  0.1	0.000	0.000	0.000
146	  S	  3.0	  0.1	0.000	0.000	0.000
147	  Q	  0.6	  0.4	0.000	0.000	0.000
148	  P	  0.1	  0.4	0.000	0.000	0.000
149	  L	  0.0	  0.5	0.000	0.000	0.000
150	  G	  0.0	  0.5	0.000	0.000	0.000
151	  A	  0.1	  0.2	0.000	0.000	0.000
152	  V	  0.2	  0.0	0.000	0.000	0.000
153	  P	  0.1	  0.0	0.000	0.000	0.000
154	  L	  0.1	  0.0	0.000	0.000	0.000
155	  P	  0.0	  0.1	0.000	0.000	0.000
156	  P	  0.0	  0.8	0.000	0.000	0.000
157	  A	  0.0	  0.9	0.000	0.000	0.000
158	  D	  0.4	  0.9	0.000	0.000	0.000
159	  C	  2.1	  0.7	0.000	0.000	0.000
160	  V	  5.0	  0.0	0.000	0.721	0.721
161	  L	  4.8	  0.1	0.000	0.721	0.721
162	  S	  3.3	  0.1	0.162	0.721	0.721
163	  T	  1.6	  0.1	0.313	0.721	0.721
164	  L	  2.6	  0.1	0.313	0.721	0.721
165	  C	  3.9	  0.3	1.363	0.213	0.213
166	  L	  2.9	  0.3	1.363	0.213	0.213
167	  D	  1.7	  0.4	1.363	0.000	0.000
168	  A	  0.3	  0.4	1.363	0.000	0.000
169	  A	  0.1	  0.2	1.363	0.000	0.000
170	  C	  0.1	  1.9	1.363	0.000	0.000
171	  P	  0.0	  1.7	0.000	0.000	0.000
172	  D	  0.0	  1.7	0.000	0.000	0.000
173	  L	  0.0	  2.2	0.000	0.000	0.000
174	  P	  0.0	  0.5	0.000	0.000	0.000
175	  T	  9.1	  0.5	0.513	0.000	0.000
176	  Y	 11.3	  0.5	0.513	0.000	0.000
177	  C	 13.6	  0.0	1.139	0.000	0.000
178	  R	  4.9	  0.0	1.139	0.000	0.000
179	  A	  2.7	  0.0	1.139	0.000	0.000
180	  L	  0.6	  0.2	1.139	0.000	0.000
181	  R	  0.6	  0.2	1.013	0.000	0.000
182	  N	  0.3	  0.5	1.827	0.000	0.000
183	  L	  0.1	  0.9	1.123	0.000	0.000
184	  G	  0.0	  0.8	0.960	0.000	0.000
185	  S	  0.2	  0.7	0.960	0.000	0.000
186	  L	  0.7	  0.4	0.960	0.000	0.000
187	  L	  0.8	  0.1	0.960	0.000	0.000
188	  K	  0.6	  0.8	0.960	0.000	0.000
189	  P	  0.1	  0.9	0.000	0.078	0.078
190	  G	  0.0	  0.9	0.000	6.487	6.487
191	  G	  0.0	  0.9	0.139	16.123	16.123
192	  F	  1.0	  0.1	0.139	74.858	74.858
193	  L	  3.3	  0.0	0.139	75.027	75.027
194	  V	 11.2	  0.0	0.612	75.027	75.027
195	  I	 10.7	  0.1	0.967	74.991	74.991
196	  M	  8.7	  0.1	1.116	67.590	67.590
197	  D	  0.8	  0.2	1.425	3.196	3.196
198	  A	  0.4	  0.2	1.425	3.196	3.196
199	  L	  0.6	  0.3	1.425	3.196	3.196
200	  K	  0.7	  0.4	1.425	3.196	3.196
201	  S	  0.8	  0.2	0.814	2.191	2.191
202	  S	  1.6	  0.2	0.309	4.924	4.924
203	  Y	  2.6	  0.1	0.000	5.196	5.196
204	  Y	  3.3	  0.0	0.000	5.137	5.137
205	  M	  2.3	  0.0	0.000	4.933	4.933
206	  I	  1.2	  0.1	0.000	4.700	4.700
207	  G	  0.2	  0.2	0.000	0.592	0.592
208	  E	  0.4	  0.3	0.000	0.000	0.000
209	  Q	  1.0	  0.3	0.000	0.000	0.000
210	  K	  1.7	  0.1	0.000	0.000	0.000
211	  F	  3.1	  0.3	0.000	0.000	0.000
212	  S	  2.6	  0.3	0.000	0.000	0.000
213	  S	  1.9	  0.3	0.000	0.000	0.000
214	  L	  0.3	  0.7	0.000	0.000	0.000
215	  P	  0.1	  0.5	0.000	0.000	0.000
216	  L	  0.0	  0.6	0.000	0.000	0.000
217	  G	  0.0	  0.7	2.421	0.000	0.000
218	  R	  0.0	  0.4	2.421	0.000	0.000
219	  E	  0.1	  0.2	2.421	0.000	0.000
220	  A	  0.4	  0.1	2.421	0.000	0.000
221	  V	  2.0	  0.0	2.901	0.000	0.000
222	  E	  2.0	  0.0	3.230	0.000	0.000
223	  A	  1.8	  0.0	3.099	0.000	0.000
224	  A	  0.9	  0.0	3.099	0.000	0.000
225	  V	  2.5	  0.0	2.719	0.000	0.000
226	  K	  2.4	  0.1	2.719	0.000	0.000
227	  E	  1.7	  0.2	1.833	0.000	0.000
228	  A	  0.2	  0.2	1.592	0.000	0.000
229	  G	  0.2	  0.2	1.325	0.000	0.000
230	  Y	  8.9	  0.2	0.498	0.000	0.000
231	  T	 12.5	  0.0	0.000	0.000	0.000
232	  I	 14.3	  0.0	0.000	0.000	0.000
233	  E	  6.1	  0.0	0.000	0.000	0.000
234	  W	  3.5	  0.0	0.000	0.000	0.000
235	  F	  9.2	  0.0	0.000	0.000	0.000
236	  E	  9.3	  0.0	0.000	0.000	0.000
237	  V	 11.4	  0.0	0.000	0.000	0.000
238	  I	  4.5	  0.0	0.000	0.000	0.000
239	  S	  5.3	  0.5	0.000	0.000	0.000
240	  Q	  2.9	  0.5	0.000	0.000	0.000
241	  S	 22.0	  0.7	0.000	0.000	0.000
242	  Y	 22.1	  0.7	0.000	0.000	0.000
243	  S	 21.6	  0.3	0.000	0.000	0.000
244	  S	  2.0	  0.3	0.000	0.000	0.000
245	  T	  0.8	  0.2	0.000	0.000	0.000
246	  M	  0.6	  0.4	0.000	0.000	0.000
247	  A	  0.5	  0.4	0.000	0.000	0.000
248	  N	  0.1	  0.5	0.000	0.000	0.000
249	  N	  0.0	  0.7	0.309	0.000	0.000
250	  E	  0.0	  0.4	0.309	0.000	0.000
251	  G	  0.0	  0.4	1.391	4.594	4.594
252	  L	  0.6	  0.3	1.391	55.704	55.704
253	  F	  3.7	  0.2	1.391	55.999	55.999
254	  S	  4.1	  0.1	4.045	55.999	55.999
255	  L	  4.4	  0.1	4.045	55.999	55.999
256	  V	  2.3	  0.1	4.045	55.999	55.999
257	  A	  2.0	  0.0	4.045	13.418	13.418
258	  R	  1.4	  0.1	3.883	0.000	0.000
259	  K	  0.9	  0.1	3.513	0.000	0.000
260	  L	  1.0	  0.1	1.507	0.000	0.000
261	  S	  0.7	  0.0	1.125	0.000	0.000
262	  R	  0.3	  0.0	0.317	0.000	0.000
263	  P	  0.1	  0.0	0.000	0.000	0.000
264	  L	  0.0	  0.0	0.000	0.000	0.000
