res	aa	Beta	Turn	Helix	Aggregation	Conc-Stab_Aggregation
01	  M	  0.1	  0.0	0.000	0.000	0.000
02	  Q	  0.2	  0.1	0.000	0.000	0.000
03	  R	  0.5	  0.1	0.000	0.000	0.000
04	  A	  0.4	  0.1	0.000	0.000	0.000
05	  R	  0.3	  0.2	0.098	0.000	0.000
06	  P	  0.0	  0.2	0.205	0.159	0.159
07	  T	  0.8	  0.2	5.111	13.149	13.149
08	  L	  0.9	  0.2	6.497	72.857	72.857
09	  W	  1.3	  0.0	16.720	83.789	83.789
10	  A	  0.5	  0.0	18.013	86.432	86.432
11	  A	  0.4	  0.0	19.958	89.558	89.558
12	  A	  0.2	  0.0	23.038	93.249	93.249
13	  L	  1.8	  0.0	23.419	97.583	97.583
14	  T	  2.3	  0.0	28.442	98.292	98.292
15	  L	  2.8	  0.0	28.442	99.322	99.322
16	  L	  2.6	  0.0	28.476	99.223	99.223
17	  V	  4.8	  0.0	28.348	98.658	98.658
18	  L	  4.3	  0.0	28.348	91.689	91.689
19	  L	  3.0	  0.0	27.693	77.661	77.661
20	  R	  0.3	  0.0	26.607	0.000	0.000
21	  G	  0.1	  0.0	11.220	0.000	0.000
22	  P	  0.0	  0.0	0.000	0.000	0.000
23	  P	  0.0	  0.0	0.000	0.000	0.000
24	  V	  1.1	  0.0	0.000	0.000	0.000
25	  A	  1.2	  0.1	0.000	0.000	0.000
26	  R	  1.2	  0.4	0.000	0.000	0.000
27	  A	  0.1	  0.6	0.000	0.000	0.000
28	  G	  0.1	  0.8	0.000	0.000	0.000
29	  A	  0.2	  0.9	0.000	0.000	0.000
30	  S	  0.2	  0.7	0.000	0.000	0.000
31	  S	  0.4	  0.8	0.000	0.000	0.000
32	  A	  0.2	  0.6	0.000	0.000	0.000
33	  G	  0.2	  0.5	0.000	0.000	0.000
34	  L	  0.0	  0.4	0.000	0.000	0.000
35	  G	  0.0	  0.1	0.000	0.000	0.000
36	  P	  0.0	  0.0	0.000	0.000	0.000
37	  V	  2.8	  0.0	0.000	0.000	0.000
38	  V	  6.7	  0.0	0.000	0.000	0.000
39	  R	 10.5	  0.0	0.000	0.000	0.000
40	  C	  8.3	  0.0	0.000	0.000	0.000
41	  E	  4.5	  0.0	0.000	0.000	0.000
42	  P	  0.5	  0.0	0.186	0.000	0.000
43	  C	  0.8	  0.0	1.224	0.000	0.000
44	  D	  0.8	  0.2	6.027	0.000	0.000
45	  A	  0.9	  0.3	6.286	0.000	0.000
46	  R	  0.3	  0.3	6.286	0.000	0.000
47	  A	  0.3	  0.2	6.286	0.000	0.000
48	  L	  0.3	  0.0	6.286	0.000	0.000
49	  A	  0.2	  0.0	6.101	0.000	0.000
50	  Q	  0.5	  0.0	5.354	0.000	0.000
51	  C	  0.5	  0.0	1.233	0.000	0.000
52	  A	  0.4	  0.0	0.290	0.000	0.000
53	  P	  0.0	  0.0	0.000	0.000	0.000
54	  P	  0.0	  0.0	0.000	0.000	0.000
55	  P	  0.0	  0.0	0.000	0.000	0.000
56	  A	  0.2	  0.0	0.000	0.000	0.000
57	  V	  1.0	  0.0	0.000	0.000	0.000
58	  C	  1.3	  0.2	0.346	0.000	0.000
59	  A	  1.2	  0.2	0.346	0.000	0.000
60	  E	  0.5	  0.2	0.346	0.000	0.000
61	  L	  0.4	  0.2	0.346	0.000	0.000
62	  V	  1.5	  0.0	0.346	0.000	0.000
63	  R	  1.4	  0.0	0.346	0.000	0.000
64	  E	  1.2	  1.4	0.147	0.000	0.000
65	  P	  0.0	  1.8	0.000	0.000	0.000
66	  G	  0.0	  1.8	0.000	0.000	0.000
67	  C	  0.2	  2.0	0.000	0.000	0.000
68	  G	  0.3	  0.6	0.000	0.000	0.000
69	  C	  9.0	  0.1	0.000	0.000	0.000
70	  C	  9.2	  0.1	0.000	0.000	0.000
71	  L	 13.6	  0.0	0.000	0.000	0.000
72	  T	  6.5	  0.0	0.000	0.000	0.000
73	  C	  6.7	  0.0	0.000	0.000	0.000
74	  A	  2.4	  0.0	0.000	0.000	0.000
75	  L	  0.9	  0.1	0.000	0.000	0.000
76	  S	  0.3	  1.2	0.000	0.000	0.000
77	  E	  0.0	  1.2	0.000	0.000	0.000
78	  G	  0.0	  1.2	0.000	0.000	0.000
79	  Q	  0.0	  1.3	0.000	0.000	0.000
80	  P	  0.0	  0.3	0.000	0.000	0.000
81	  C	  0.3	  0.4	0.000	0.000	0.000
82	  G	  0.3	  0.4	0.000	0.000	0.000
83	  I	  1.9	  0.1	0.000	0.000	0.000
84	  Y	  2.9	  0.1	0.000	0.000	0.000
85	  T	  3.0	  0.1	0.000	0.000	0.000
86	  E	  1.7	  0.2	0.000	0.000	0.000
87	  R	  0.9	  0.2	0.000	0.000	0.000
88	  C	  0.9	  0.8	0.000	0.000	0.000
89	  G	  0.6	  0.8	0.000	0.000	0.000
90	  S	  0.2	  0.9	0.000	0.000	0.000
91	  G	  0.1	  0.9	0.000	0.000	0.000
92	  L	  3.5	  0.2	0.000	0.000	0.000
93	  R	  5.5	  0.1	0.000	0.000	0.000
94	  C	  5.6	  0.0	0.000	0.000	0.000
95	  Q	  2.3	  0.0	0.000	0.000	0.000
96	  P	  0.2	  0.0	0.000	0.000	0.000
97	  S	  0.0	  5.3	0.272	0.000	0.000
98	  P	  0.0	  5.4	0.272	0.000	0.000
99	  D	  0.0	  5.5	0.272	0.000	0.000
100	  E	  0.1	  5.5	0.272	0.000	0.000
101	  A	  0.2	  0.1	0.272	0.000	0.000
102	  R	  0.2	  0.1	0.647	0.000	0.000
103	  P	  0.0	  0.0	1.764	0.000	0.000
104	  L	  0.3	  0.0	1.764	0.893	0.893
105	  Q	  0.5	  0.0	1.764	0.893	0.893
106	  A	  0.8	  0.0	1.764	0.893	0.893
107	  L	  0.8	  0.3	1.764	0.893	0.893
108	  L	  0.7	  1.0	1.764	0.893	0.893
109	  D	  0.5	  1.4	1.764	0.000	0.000
110	  G	  0.1	  1.5	0.867	0.000	0.000
111	  R	  0.1	  1.2	0.354	0.000	0.000
112	  G	  0.1	  0.5	0.000	0.000	0.000
113	  L	  0.9	  0.1	0.000	0.000	0.000
114	  C	  2.6	  0.0	0.000	0.000	0.000
115	  V	  3.5	  0.0	0.000	0.000	0.000
116	  N	  2.7	  1.5	0.441	0.000	0.000
117	  A	  1.1	  1.5	0.441	0.000	0.000
118	  S	  0.5	  1.5	1.620	0.000	0.000
119	  A	  1.0	  1.5	1.620	0.000	0.000
120	  V	  1.7	  0.0	1.620	0.000	0.000
121	  S	  1.5	  0.1	3.376	0.000	0.000
122	  R	  1.5	  0.1	3.183	0.000	0.000
123	  L	  1.1	  0.1	3.050	0.000	0.000
124	  R	  1.3	  0.1	2.820	0.000	0.000
125	  A	  1.1	  0.0	2.632	0.000	0.000
126	  Y	  2.3	  0.0	2.499	0.000	0.000
127	  L	  2.0	  0.0	1.085	0.000	0.000
128	  L	  1.7	  0.0	0.866	0.000	0.000
129	  P	  0.1	  0.0	0.000	0.000	0.000
130	  A	  0.0	  0.0	0.000	0.000	0.000
131	  P	  0.0	  0.0	0.000	0.000	0.000
132	  P	  0.0	  0.0	0.000	0.000	0.000
133	  A	  0.0	  0.7	0.000	0.000	0.000
134	  P	  0.0	  1.2	0.000	0.000	0.000
135	  G	  0.0	  1.3	0.000	0.000	0.000
136	  N	  0.1	  2.5	0.000	0.000	0.000
137	  A	  0.1	  1.8	0.000	0.000	0.000
138	  S	  0.3	  2.1	0.000	0.000	0.000
139	  E	  0.2	  2.1	0.000	0.000	0.000
140	  S	  0.2	  1.0	3.586	0.000	0.000
141	  E	  0.1	  1.1	3.586	0.000	0.000
142	  E	  0.1	  0.4	3.586	0.000	0.000
143	  D	  0.0	  1.5	3.750	0.000	0.000
144	  R	  0.2	  1.4	3.750	0.000	0.000
145	  S	  0.3	  2.0	3.750	0.000	0.000
146	  A	  0.4	  2.1	2.314	0.000	0.000
147	  G	  0.1	  0.9	1.488	0.000	0.000
148	  S	  3.8	  0.8	0.709	0.000	0.000
149	  V	  6.1	  0.1	0.000	0.000	0.000
150	  E	  6.1	  0.0	0.000	0.000	0.000
151	  S	  2.4	  2.0	0.000	0.000	0.000
152	  P	  0.0	  2.0	0.000	0.000	0.000
153	  S	 10.3	  2.2	0.000	0.000	0.000
154	  V	 11.5	  2.2	0.000	0.000	0.000
155	  S	 11.8	  0.3	0.000	0.000	0.000
156	  S	  2.1	  0.3	0.000	0.000	0.000
157	  T	  2.5	  0.2	0.000	0.000	0.000
158	  H	  3.4	  0.1	0.000	0.000	0.000
159	  R	  4.3	  0.0	0.000	0.000	0.000
160	  V	  2.9	  0.0	0.000	0.000	0.000
161	  S	  1.8	  0.0	0.000	0.000	0.000
162	  D	  0.4	  0.3	0.000	0.000	0.000
163	  P	  0.0	  0.3	0.000	0.000	0.000
164	  K	  1.2	  0.3	0.000	0.000	0.000
165	  F	  1.4	  0.3	0.000	0.000	0.000
166	  H	  1.4	  0.3	0.000	0.000	0.000
167	  P	  0.2	  0.3	0.000	0.000	0.000
168	  L	  0.2	  0.3	0.000	0.000	0.000
169	  H	  0.3	  0.4	0.000	0.000	0.000
170	  S	  0.6	  0.1	0.319	0.000	0.000
171	  K	  1.9	  0.1	0.319	0.000	0.000
172	  I	  7.1	  0.1	0.319	0.000	0.000
173	  I	 12.0	  0.0	0.319	0.000	0.000
174	  I	 12.3	  0.0	0.319	0.000	0.000
175	  I	  7.5	  0.1	0.319	0.000	0.000
176	  K	  2.2	  0.6	0.319	0.000	0.000
177	  K	  0.4	  0.6	0.117	0.000	0.000
178	  G	  0.1	  0.6	0.000	0.000	0.000
179	  H	  0.4	  0.8	0.000	0.000	0.000
180	  A	  0.4	  0.5	0.000	0.000	0.000
181	  K	  0.3	  0.5	0.000	0.000	0.000
182	  D	  0.1	  0.7	0.000	0.000	0.000
183	  S	  0.8	  0.6	0.204	0.000	0.000
184	  Q	  1.6	  0.3	0.204	0.000	0.000
185	  R	  2.0	  0.3	0.204	0.000	0.000
186	  Y	  3.9	  0.1	0.204	0.000	0.000
187	  K	  4.5	  0.1	0.204	0.000	0.000
188	  V	  6.0	  0.1	0.204	0.000	0.000
189	  D	  4.9	  0.1	0.204	0.000	0.000
190	  Y	  4.7	  0.2	0.204	0.000	0.000
191	  E	  2.9	  0.1	0.204	0.000	0.000
192	  S	  2.9	  0.6	0.000	0.000	0.000
193	  Q	  1.9	  0.7	0.000	0.000	0.000
194	  S	  2.3	  0.9	0.000	0.000	0.000
195	  T	  1.1	  0.9	0.000	0.000	0.000
196	  D	  1.1	  0.6	0.000	0.000	0.000
197	  T	  1.3	  0.7	0.000	0.000	0.000
198	  Q	  1.6	  0.3	0.000	0.000	0.000
199	  N	  2.5	  0.4	0.000	0.000	0.000
200	  F	  3.4	  0.5	0.000	0.000	0.000
201	  S	  2.8	  0.4	0.121	0.000	0.000
202	  S	  1.9	  1.4	0.452	0.000	0.000
203	  E	  0.7	  1.2	0.452	0.000	0.000
204	  S	  1.4	  1.2	0.641	0.000	0.000
205	  K	  1.5	  1.1	0.641	0.000	0.000
206	  R	  1.1	  0.2	0.641	0.000	0.000
207	  E	  0.4	  0.2	0.521	0.000	0.000
208	  T	  0.3	  0.3	0.352	0.000	0.000
209	  E	  0.3	  0.3	0.352	0.000	0.000
210	  Y	  0.3	  0.3	0.352	0.000	0.000
211	  G	  0.1	  0.5	0.154	0.000	0.000
212	  P	  0.0	  0.3	0.154	0.000	0.000
213	  C	  1.2	  0.4	0.670	0.000	0.000
214	  R	  1.3	  0.3	0.670	0.000	0.000
215	  R	  1.4	  0.1	0.670	0.000	0.000
216	  E	  0.4	  0.1	0.670	0.000	0.000
217	  M	  0.3	  0.2	0.516	0.000	0.000
218	  E	  0.3	  0.2	0.516	0.000	0.000
219	  D	  0.2	  0.3	1.023	0.000	0.000
220	  T	  1.9	  0.4	1.469	0.000	0.000
221	  L	  2.3	  0.2	1.469	0.000	0.000
222	  N	  2.3	  0.2	1.469	0.000	0.000
223	  H	  1.0	  0.1	1.240	0.000	0.000
224	  L	  1.4	  0.0	1.106	0.000	0.000
225	  K	  1.7	  0.0	0.981	0.000	0.000
226	  F	  2.2	  0.2	0.374	3.667	3.667
227	  L	  4.4	  0.2	0.000	3.667	3.667
228	  N	  4.3	  0.2	0.000	3.667	3.667
229	  V	  8.5	  0.2	0.000	3.667	3.667
230	  L	  5.5	  0.0	0.000	3.667	3.667
231	  S	  5.4	  0.7	0.000	0.000	0.000
232	  P	  0.1	  0.8	0.000	0.000	0.000
233	  R	  0.1	  0.8	0.000	0.000	0.000
234	  G	  0.1	  0.8	0.000	0.000	0.000
235	  V	 18.0	  0.1	0.000	0.000	0.000
236	  H	 18.5	  0.0	0.000	0.000	0.000
237	  I	 18.5	  0.5	0.000	0.000	0.000
238	  P	  0.7	  0.5	0.000	0.000	0.000
239	  N	  0.3	  1.2	0.114	0.000	0.000
240	  C	  0.7	  1.3	0.246	0.000	0.000
241	  D	  0.7	  1.2	0.246	0.000	0.000
242	  K	  0.4	  1.5	0.246	0.000	0.000
243	  K	  0.0	  0.9	0.246	0.000	0.000
244	  G	  0.1	  0.8	0.246	0.000	0.000
245	  F	  1.4	  0.4	0.246	0.000	0.000
246	  Y	  1.8	  0.1	0.000	0.000	0.000
247	  K	  1.9	  0.1	0.000	0.000	0.000
248	  K	  0.6	  0.2	0.000	0.000	0.000
249	  K	  0.4	  0.2	0.000	0.000	0.000
250	  Q	  1.4	  0.1	0.000	0.000	0.000
251	  C	  1.6	  0.1	0.000	0.000	0.000
252	  R	  1.4	  0.4	0.000	0.000	0.000
253	  P	  0.2	  0.6	0.000	0.000	0.000
254	  S	  0.1	  1.5	0.000	0.000	0.000
255	  K	  0.1	  1.6	0.000	0.000	0.000
256	  G	  0.1	  1.2	0.000	0.000	0.000
257	  R	  0.3	  1.2	0.000	0.000	0.000
258	  K	  0.4	  0.4	0.000	0.000	0.000
259	  R	  0.5	  0.3	0.000	0.000	0.000
260	  G	  0.3	  0.3	0.000	0.200	0.200
261	  F	  3.0	  0.1	0.000	6.290	6.290
262	  C	  5.2	  0.0	0.000	6.290	6.290
263	  W	  6.6	  0.0	0.000	6.290	6.290
264	  C	  5.2	  0.0	0.000	6.290	6.290
265	  V	  3.1	  0.0	0.000	6.290	6.290
266	  D	  1.7	  0.5	0.000	0.000	0.000
267	  K	  0.6	  0.6	0.000	0.000	0.000
268	  Y	  0.6	  0.6	0.000	0.000	0.000
269	  G	  0.5	  0.6	0.000	0.000	0.000
270	  Q	  0.3	  0.1	0.000	0.000	0.000
271	  P	  0.0	  0.0	0.000	0.000	0.000
272	  L	  0.0	  2.3	0.000	0.000	0.000
273	  P	  0.0	  2.3	0.000	0.000	0.000
274	  G	  0.2	  2.3	0.140	0.000	0.000
275	  Y	  1.9	  2.3	0.140	0.000	0.000
276	  T	  4.6	  0.1	0.140	0.000	0.000
277	  T	  4.5	  0.7	0.140	0.000	0.000
278	  K	  2.9	  0.8	0.140	0.000	0.000
279	  G	  0.1	  0.9	0.140	0.000	0.000
280	  K	  0.1	  1.2	0.000	0.000	0.000
281	  E	  0.1	  0.5	0.000	0.000	0.000
282	  D	  0.5	  0.5	0.000	0.000	0.000
283	  V	  4.0	  0.4	0.000	0.000	0.000
284	  H	  5.4	  0.0	0.000	0.000	0.000
285	  C	  8.7	  0.0	0.000	0.000	0.000
286	  Y	  8.5	  0.0	0.000	0.000	0.000
287	  S	  7.6	  0.0	0.000	0.000	0.000
288	  M	  4.3	  0.1	0.000	0.000	0.000
289	  Q	  1.3	  0.1	0.000	0.000	0.000
290	  S	  0.5	  0.1	0.000	0.000	0.000
291	  K	  0.2	  0.1	0.000	0.000	0.000
