res	aa	Beta	Turn	Helix	Aggregation	Conc-Stab_Aggregation
01	  M	  0.0	  0.0	0.000	0.000	0.000
02	  P	  0.0	  0.0	0.000	0.000	0.000
03	  P	  0.0	  0.0	0.000	0.000	0.000
04	  R	  0.0	  0.4	0.000	0.000	0.000
05	  P	  0.0	  0.9	0.000	0.000	0.000
06	  S	  0.1	  1.3	0.125	0.000	0.000
07	  S	  0.1	  1.5	0.125	0.000	0.000
08	  G	  0.1	  1.1	0.125	0.000	0.000
09	  E	  0.2	  0.7	0.125	0.000	0.000
10	  L	  0.2	  0.3	0.125	0.000	0.000
11	  W	  0.4	  0.1	0.125	0.000	0.000
12	  G	  0.4	  0.1	0.125	0.000	0.000
13	  I	  3.1	  0.1	0.000	0.000	0.000
14	  H	  4.1	  0.1	0.000	0.000	0.000
15	  L	  4.1	  0.0	0.000	0.000	0.000
16	  M	  1.3	  0.0	0.000	0.000	0.000
17	  P	  0.0	  0.2	0.151	0.000	0.000
18	  P	  0.0	  0.2	0.151	0.000	0.000
19	  R	  3.0	  0.2	0.151	0.000	0.000
20	  I	  6.2	  0.2	0.151	0.000	0.000
21	  L	  6.4	  0.0	0.151	0.000	0.000
22	  V	  6.9	  0.0	0.151	0.000	0.000
23	  E	  3.8	  0.0	0.151	0.000	0.000
24	  C	  5.9	  0.0	0.151	0.000	0.000
25	  L	  2.5	  0.0	0.151	0.000	0.000
26	  L	  2.4	  1.9	0.151	0.000	0.000
27	  P	  0.1	  2.1	0.000	0.000	0.000
28	  N	  0.0	  2.1	0.000	0.000	0.000
29	  G	  0.0	  2.1	0.000	0.975	0.975
30	  M	  1.7	  0.2	0.000	10.029	10.029
31	  I	  5.8	  0.0	0.000	10.029	10.029
32	  V	 12.6	  0.0	0.000	10.029	10.029
33	  T	 12.0	  0.0	1.427	10.029	10.029
34	  L	  9.0	  0.0	1.427	9.868	9.868
35	  E	  2.2	  0.0	1.427	0.000	0.000
36	  C	  2.7	  0.0	1.427	0.000	0.000
37	  L	  1.7	  0.1	1.427	0.089	0.089
38	  R	  1.6	  0.1	1.552	0.089	0.089
39	  E	  0.2	  0.1	1.193	0.089	0.089
40	  A	  0.6	  0.1	0.500	8.840	8.840
41	  T	  1.0	  0.0	0.548	34.876	34.876
42	  L	  1.1	  0.0	0.548	34.876	34.876
43	  I	 14.0	  0.0	0.548	34.876	34.876
44	  T	 23.6	  0.0	0.548	34.876	34.876
45	  I	 23.7	  0.0	0.548	34.141	34.141
46	  K	 12.0	  0.0	0.548	0.000	0.000
47	  H	  1.0	  0.1	0.000	0.000	0.000
48	  E	  0.7	  0.1	0.107	0.000	0.000
49	  L	  0.6	  0.1	0.107	0.000	0.000
50	  F	  1.1	  0.2	0.585	0.000	0.000
51	  K	  1.1	  0.1	0.750	0.000	0.000
52	  E	  1.0	  0.1	0.750	0.000	0.000
53	  A	  0.3	  0.1	0.750	0.000	0.000
54	  R	  1.1	  0.1	0.750	0.000	0.000
55	  K	  1.1	  0.0	0.750	0.000	0.000
56	  Y	  1.0	  0.2	0.371	0.000	0.000
57	  P	  0.1	  0.1	0.000	0.000	0.000
58	  L	  0.2	  0.1	0.000	0.000	0.000
59	  H	  0.9	  0.2	0.000	0.000	0.000
60	  Q	  1.5	  0.1	0.000	0.000	0.000
61	  L	  1.5	  0.1	0.000	0.000	0.000
62	  L	  1.0	  0.2	0.000	0.000	0.000
63	  Q	  0.4	  0.2	0.000	0.000	0.000
64	  D	  0.3	  1.8	0.000	0.000	0.000
65	  E	  0.1	  1.9	0.000	0.000	0.000
66	  S	  0.4	  1.8	0.000	0.199	0.199
67	  S	  1.2	  1.8	0.000	4.802	4.802
68	  Y	  1.7	  0.1	0.000	71.422	71.422
69	  I	  2.8	  0.0	0.000	89.490	89.490
70	  F	  3.4	  0.0	0.000	89.784	89.784
71	  V	 11.5	  0.0	0.000	89.784	89.784
72	  S	 13.6	  0.0	0.000	88.132	88.132
73	  V	 15.5	  0.0	0.000	83.619	83.619
74	  T	  7.7	  0.1	0.386	15.662	15.662
75	  Q	  3.8	  0.1	0.386	0.578	0.578
76	  E	  0.5	  0.1	0.386	0.000	0.000
77	  A	  0.1	  0.1	0.386	0.000	0.000
78	  E	  0.1	  0.1	0.386	0.000	0.000
79	  R	  0.1	  0.1	0.386	0.000	0.000
80	  E	  0.1	  0.1	0.276	0.000	0.000
81	  E	  0.5	  0.1	0.117	0.000	0.000
82	  F	  2.1	  0.1	0.000	0.000	0.000
83	  F	  2.2	  0.1	0.889	0.000	0.000
84	  D	  1.7	  0.3	7.247	0.000	0.000
85	  E	  0.3	  0.3	7.442	0.000	0.000
86	  T	  0.9	  0.3	8.634	0.000	0.000
87	  R	  1.3	  0.3	8.634	0.000	0.000
88	  R	  1.3	  0.1	8.634	0.000	0.000
89	  L	  0.7	  0.1	8.634	0.000	0.000
90	  C	  0.7	  0.1	8.393	0.000	0.000
91	  D	  1.0	  0.0	7.803	0.000	0.000
92	  L	  2.3	  0.1	6.787	0.000	0.000
93	  R	  2.4	  0.1	5.724	0.000	0.000
94	  L	  2.6	  0.1	3.005	0.000	0.000
95	  F	  1.6	  0.1	2.029	0.000	0.000
96	  Q	  1.0	  0.0	1.049	0.000	0.000
97	  P	  0.4	  0.0	0.000	0.000	0.000
98	  F	  0.8	  0.0	0.000	0.000	0.000
99	  L	  2.5	  0.0	0.000	0.000	0.000
100	  K	  4.8	  0.0	0.000	0.000	0.000
101	  V	 11.9	  0.0	0.000	0.000	0.000
102	  I	 10.6	  0.0	0.000	0.000	0.000
103	  E	  8.3	  0.0	0.000	0.000	0.000
104	  P	  0.4	  0.0	0.000	0.000	0.000
105	  V	  0.1	  1.1	0.000	0.000	0.000
106	  G	  0.1	  1.1	0.000	0.000	0.000
107	  N	  0.1	  1.2	1.553	0.000	0.000
108	  R	  0.0	  1.3	1.553	0.000	0.000
109	  E	  0.2	  0.2	2.077	0.000	0.000
110	  E	  0.2	  0.2	2.077	0.000	0.000
111	  K	  0.8	  0.1	2.077	0.000	0.000
112	  I	  1.3	  0.1	2.077	0.000	0.000
113	  L	  1.2	  0.1	2.077	0.000	0.000
114	  N	  0.7	  0.1	2.109	0.000	0.000
115	  R	  0.3	  0.1	1.279	0.000	0.000
116	  E	  0.3	  0.1	0.163	0.000	0.000
117	  I	  0.4	  0.0	0.163	17.431	17.431
118	  G	  0.4	  0.0	0.328	17.431	17.431
119	  F	  1.4	  0.0	0.328	17.431	17.431
120	  A	  1.3	  0.1	0.165	17.431	17.431
121	  I	  1.6	  0.1	0.165	17.431	17.431
122	  G	  0.6	  0.1	0.165	1.439	1.439
123	  M	  0.5	  0.1	0.165	0.000	0.000
124	  P	  0.0	  0.0	0.000	0.000	0.000
125	  V	  1.1	  0.0	0.000	0.000	0.000
126	  C	  2.5	  0.0	0.000	0.000	0.000
127	  E	  4.5	  0.0	0.000	0.000	0.000
128	  F	  4.7	  0.0	0.000	0.000	0.000
129	  D	  3.5	  0.0	0.000	0.000	0.000
130	  M	  2.2	  0.0	0.000	0.000	0.000
131	  V	  3.7	  0.0	0.000	0.000	0.000
132	  K	  3.5	  0.0	0.000	0.000	0.000
133	  D	  2.8	  0.2	0.000	0.000	0.000
134	  P	  0.0	  0.2	0.000	0.000	0.000
135	  E	  2.7	  0.2	0.000	0.000	0.000
136	  V	  3.8	  0.5	0.000	0.000	0.000
137	  Q	  4.2	  0.2	0.000	0.000	0.000
138	  D	  2.7	  0.2	0.358	0.000	0.000
139	  F	  3.6	  0.3	0.358	0.000	0.000
140	  R	  3.8	  0.2	0.358	0.000	0.000
141	  R	  3.1	  0.2	0.358	0.000	0.000
142	  N	  1.3	  0.2	0.358	0.000	0.000
143	  I	  1.1	  0.1	0.358	0.342	0.342
144	  L	  4.0	  0.0	0.358	0.342	0.342
145	  N	  4.6	  0.0	0.214	0.342	0.342
146	  V	  4.3	  0.0	0.000	0.342	0.342
147	  C	  1.4	  0.1	0.156	0.342	0.342
148	  K	  0.7	  0.1	0.156	0.000	0.000
149	  E	  0.4	  0.1	0.156	0.000	0.000
150	  A	  0.4	  0.1	0.156	0.000	0.000
151	  V	  2.8	  0.0	0.156	0.000	0.000
152	  D	  3.1	  0.0	2.305	0.000	0.000
153	  L	  3.0	  0.2	2.305	0.000	0.000
154	  R	  0.7	  0.2	2.305	0.000	0.000
155	  D	  0.4	  1.4	2.149	0.000	0.000
156	  L	  1.1	  1.4	2.149	0.000	0.000
157	  N	  1.0	  1.2	2.149	0.000	0.000
158	  S	  0.8	  1.5	1.026	0.000	0.000
159	  P	  0.0	  0.4	0.000	0.000	0.000
160	  H	  0.1	  0.5	0.000	0.000	0.000
161	  S	  0.1	  0.5	0.244	0.000	0.000
162	  R	  0.3	  0.2	0.244	0.000	0.000
163	  A	  0.4	  0.2	0.244	0.000	0.000
164	  M	  1.3	  0.0	0.244	0.000	0.000
165	  Y	  4.0	  0.0	0.244	0.000	0.000
166	  V	  3.8	  0.0	0.244	0.000	0.000
167	  Y	  2.9	  0.0	0.244	0.000	0.000
168	  P	  0.0	  0.8	0.000	0.000	0.000
169	  P	  0.0	  0.8	0.000	0.000	0.000
170	  N	  4.4	  0.8	0.000	0.000	0.000
171	  V	  6.0	  0.8	0.000	0.000	0.000
172	  E	  6.1	  0.1	0.000	0.000	0.000
173	  S	  1.7	  0.1	0.000	0.000	0.000
174	  S	  0.2	  0.4	0.000	0.000	0.000
175	  P	  0.0	  0.3	0.000	0.000	0.000
176	  E	  0.0	  0.3	0.000	0.000	0.000
177	  L	  0.0	  0.5	0.000	0.000	0.000
178	  P	  0.0	  0.2	0.000	0.000	0.000
179	  K	  0.6	  0.2	0.000	0.000	0.000
180	  H	  4.0	  0.2	0.000	0.000	0.000
181	  I	  4.3	  0.1	0.000	0.000	0.000
182	  Y	  4.4	  0.1	0.000	0.000	0.000
183	  N	  1.0	  0.2	0.363	0.000	0.000
184	  K	  1.3	  0.4	0.363	0.000	0.000
185	  L	  0.7	  0.4	0.363	0.001	0.001
186	  D	  0.7	  1.9	0.363	0.001	0.001
187	  K	  0.1	  1.8	0.363	0.001	0.001
188	  G	  0.0	  1.7	0.363	0.857	0.857
189	  Q	  0.5	  1.6	0.134	2.129	2.129
190	  I	  7.5	  0.0	0.000	91.051	91.051
191	  I	 15.5	  0.0	0.000	99.188	99.188
192	  V	 20.7	  0.0	0.000	99.932	99.932
193	  V	 15.4	  0.0	0.000	99.995	99.995
194	  I	  8.1	  0.0	0.000	100.000	100.000
195	  W	  3.0	  0.0	0.000	99.987	99.987
196	  V	 14.5	  0.0	0.000	99.927	99.927
197	  I	 18.2	  0.0	0.000	99.217	99.217
198	  V	 17.6	  0.0	0.000	91.458	91.458
199	  S	  5.3	  5.3	0.000	0.146	0.146
200	  P	  0.3	  5.3	0.000	0.068	0.068
201	  N	  0.0	  6.0	0.000	0.000	0.000
202	  N	  0.0	  6.0	0.114	0.000	0.000
203	  D	  0.0	  0.9	0.255	0.000	0.000
204	  K	  0.3	  0.9	0.255	0.000	0.000
205	  Q	  0.9	  0.3	0.255	0.000	0.000
206	  K	  3.9	  0.2	0.255	0.000	0.000
207	  Y	  8.3	  0.0	0.255	0.000	0.000
208	  T	 10.6	  0.0	0.141	0.000	0.000
209	  L	  9.3	  0.0	0.141	0.000	0.000
210	  K	  6.2	  0.0	0.141	0.000	0.000
211	  I	  3.6	  0.0	0.000	0.000	0.000
212	  N	  1.9	  0.8	0.000	0.000	0.000
213	  H	  0.8	  0.8	0.000	0.000	0.000
214	  D	  0.9	  0.8	0.000	0.000	0.000
215	  C	  1.0	  0.8	0.000	0.000	0.000
216	  V	  0.7	  0.0	0.537	0.000	0.000
217	  P	  0.2	  0.1	8.433	0.000	0.000
218	  E	  0.0	  0.1	9.131	0.000	0.000
219	  Q	  0.3	  0.1	9.568	0.000	0.000
220	  V	  4.0	  0.1	11.323	0.000	0.000
221	  I	  4.3	  0.0	13.552	0.000	0.000
222	  A	  4.0	  0.0	15.141	0.000	0.000
223	  E	  0.4	  0.0	15.544	0.000	0.000
224	  A	  0.4	  0.0	15.389	0.000	0.000
225	  I	  1.1	  0.0	15.233	0.000	0.000
226	  R	  1.1	  0.0	15.233	0.000	0.000
227	  K	  0.9	  0.1	13.963	0.000	0.000
228	  K	  0.5	  0.1	9.198	0.000	0.000
229	  T	  2.4	  0.2	0.300	0.000	0.000
230	  R	  2.7	  0.1	0.300	0.000	0.000
231	  S	  2.7	  0.1	0.128	0.000	0.000
232	  M	  1.9	  0.1	0.000	0.000	0.000
233	  L	  1.8	  0.0	0.000	0.000	0.000
234	  L	  1.9	  0.1	0.000	0.000	0.000
235	  S	  0.9	  0.2	1.827	0.000	0.000
236	  S	  0.4	  0.3	4.118	0.000	0.000
237	  E	  0.1	  0.3	4.118	0.000	0.000
238	  Q	  1.0	  0.2	4.118	0.000	0.000
239	  L	  2.3	  0.2	4.118	0.000	0.000
240	  K	  2.8	  0.1	4.118	0.000	0.000
241	  L	  2.7	  0.0	3.717	0.000	0.000
242	  C	  2.9	  0.0	2.939	0.000	0.000
243	  V	  3.8	  0.0	2.036	0.000	0.000
244	  L	  3.7	  0.0	2.036	0.000	0.000
245	  E	  3.5	  0.0	1.609	0.000	0.000
246	  Y	  2.6	  0.4	1.200	0.000	0.000
247	  Q	  1.8	  0.5	0.788	0.000	0.000
248	  G	  0.5	  0.5	0.267	0.000	0.000
249	  K	  0.5	  0.5	0.000	0.000	0.000
250	  Y	  1.5	  0.1	0.000	0.000	0.000
251	  I	  2.4	  0.0	0.000	0.000	0.000
252	  L	  3.7	  0.0	0.000	0.000	0.000
253	  K	  3.6	  0.0	0.000	0.000	0.000
254	  V	  3.2	  0.0	0.000	0.000	0.000
255	  C	  1.5	  0.3	0.000	0.000	0.000
256	  G	  0.6	  0.3	0.000	0.000	0.000
257	  C	  0.4	  0.4	0.000	0.000	0.000
258	  D	  0.2	  0.4	1.399	0.000	0.000
259	  E	  0.6	  0.1	1.744	0.000	0.000
260	  Y	  1.6	  0.1	3.005	0.000	0.000
261	  F	  2.3	  0.0	3.005	0.000	0.000
262	  L	  1.9	  0.1	3.005	0.000	0.000
263	  E	  1.1	  0.1	3.005	0.000	0.000
264	  K	  0.5	  0.1	3.005	0.000	0.000
265	  Y	  0.4	  0.2	2.842	0.000	0.000
266	  P	  0.1	  0.1	0.000	0.000	0.000
267	  L	  0.2	  0.3	0.000	0.000	0.000
268	  S	  0.7	  0.3	0.000	0.000	0.000
269	  Q	  2.8	  0.1	0.000	0.000	0.000
270	  Y	  4.0	  0.1	0.000	0.000	0.000
271	  K	  4.0	  0.0	0.000	0.000	0.000
272	  Y	  3.1	  0.0	0.000	0.000	0.000
273	  I	  3.1	  0.1	0.000	0.000	0.000
274	  R	  2.8	  0.1	0.000	0.000	0.000
275	  S	  4.4	  0.1	0.135	0.000	0.000
276	  C	  6.0	  0.1	0.258	0.000	0.000
277	  I	  9.2	  0.0	0.258	0.000	0.000
278	  M	  6.5	  0.0	0.258	0.000	0.000
279	  L	  3.5	  0.2	0.258	0.000	0.000
280	  G	  0.1	  0.2	0.258	0.000	0.000
281	  R	  0.1	  0.2	0.258	0.000	0.000
282	  M	  0.1	  1.0	0.000	0.000	0.000
283	  P	  0.1	  0.7	0.000	0.000	0.000
284	  N	  0.0	  0.7	0.839	0.209	0.209
285	  L	  1.1	  0.7	0.839	5.586	5.586
286	  M	  2.4	  0.0	0.970	5.586	5.586
287	  L	  2.6	  0.0	0.970	5.586	5.586
288	  M	  1.6	  0.0	0.970	5.586	5.586
289	  A	  0.4	  0.1	0.970	5.586	5.586
290	  K	  0.2	  0.2	0.664	0.000	0.000
291	  E	  0.1	  0.2	0.318	0.000	0.000
292	  S	  0.4	  0.2	0.000	0.000	0.000
293	  L	  1.0	  0.1	0.000	0.000	0.000
294	  Y	  3.2	  0.2	0.000	0.000	0.000
295	  S	  3.3	  0.1	0.000	0.000	0.000
296	  Q	  2.8	  0.1	0.000	0.000	0.000
297	  L	  0.5	  0.1	0.000	0.000	0.000
298	  P	  0.1	  0.3	0.000	0.000	0.000
299	  M	  2.8	  0.3	0.000	0.000	0.000
300	  D	  4.0	  0.3	0.000	0.000	0.000
301	  C	  5.0	  0.3	0.000	0.000	0.000
302	  F	 10.0	  0.0	0.000	0.000	0.000
303	  T	  8.9	  0.0	0.000	0.000	0.000
304	  M	  7.9	  0.7	0.000	0.000	0.000
305	  P	  0.2	  0.7	0.000	0.000	0.000
306	  S	 19.0	  0.8	0.000	0.000	0.000
307	  Y	 20.4	  0.9	0.000	0.000	0.000
308	  S	 20.8	  0.2	0.000	0.000	0.000
309	  R	  3.5	  0.2	0.000	0.000	0.000
310	  R	  3.7	  0.1	0.000	0.000	0.000
311	  I	  4.2	  0.1	0.000	0.000	0.000
312	  S	  2.9	  0.0	0.000	0.000	0.000
313	  T	  3.1	  0.0	0.000	0.000	0.000
314	  A	  2.2	  0.0	0.000	0.000	0.000
315	  T	  2.1	  0.2	0.000	0.000	0.000
316	  P	  0.1	  0.2	0.000	0.000	0.000
317	  Y	  1.4	  0.5	0.000	0.000	0.000
318	  M	  1.5	  1.5	0.000	0.000	0.000
319	  N	  1.5	  1.6	0.000	0.000	0.000
320	  G	  0.1	  1.7	0.000	0.000	0.000
321	  E	  0.1	  1.3	0.000	0.000	0.000
322	  T	  0.9	  0.5	0.000	0.000	0.000
323	  S	  1.3	  0.2	0.000	0.000	0.000
324	  T	  4.6	  0.2	0.000	0.000	0.000
325	  K	  3.9	  0.2	0.000	0.000	0.000
326	  S	  3.8	  0.1	0.000	7.673	7.673
327	  L	  0.9	  0.1	0.000	10.765	10.765
328	  W	  2.0	  0.0	0.000	11.153	11.153
329	  V	  7.7	  0.0	0.000	11.153	11.153
330	  I	  8.3	  0.0	0.000	11.153	11.153
331	  N	  7.1	  0.1	0.881	3.768	3.768
332	  S	  1.3	  0.1	1.712	1.160	1.160
333	  A	  0.4	  0.0	1.712	0.728	0.728
334	  L	  4.3	  0.0	1.712	0.728	0.728
335	  R	  6.7	  0.0	1.712	0.000	0.000
336	  I	 11.4	  0.0	1.712	0.000	0.000
337	  K	  8.1	  0.0	1.712	0.000	0.000
338	  I	  7.1	  0.0	1.126	9.853	9.853
339	  L	  2.5	  0.0	1.126	10.691	10.691
340	  C	  2.0	  0.2	0.772	11.017	11.017
341	  A	  1.2	  0.2	0.476	12.010	12.010
342	  T	  5.2	  0.2	0.121	13.189	13.189
343	  Y	  6.4	  0.2	0.121	14.218	14.218
344	  V	 16.5	  0.1	0.121	14.159	14.159
345	  N	 13.6	  0.2	0.121	8.891	8.891
346	  V	 18.0	  0.2	0.121	8.712	8.712
347	  N	 10.2	  0.1	0.840	5.408	5.408
348	  I	  8.9	  0.2	0.719	5.408	5.408
349	  R	  3.6	  0.1	0.719	0.000	0.000
350	  D	  1.1	  0.7	0.841	0.000	0.000
351	  I	  1.2	  0.7	0.841	0.490	0.490
352	  D	  1.1	  0.6	1.134	0.490	0.490
353	  K	  0.7	  0.6	0.938	0.490	0.490
354	  I	  2.0	  0.0	0.776	0.490	0.490
355	  Y	  3.6	  0.0	0.776	0.490	0.490
356	  V	  4.0	  0.1	0.293	0.490	0.490
357	  R	  2.5	  0.1	0.293	0.000	0.000
358	  T	  0.8	  0.2	0.000	0.000	0.000
359	  G	  0.1	  0.2	0.000	0.000	0.000
360	  I	  0.5	  0.2	0.000	0.000	0.000
361	  Y	  1.5	  0.4	0.000	0.000	0.000
362	  H	  1.5	  1.0	0.000	0.000	0.000
363	  G	  1.1	  1.0	0.000	0.000	0.000
364	  G	  0.0	  1.0	0.000	0.000	0.000
365	  E	  0.0	  0.8	0.000	0.000	0.000
366	  P	  0.0	  0.1	0.000	0.000	0.000
367	  L	  0.3	  0.2	0.000	0.000	0.000
368	  C	  0.4	  0.5	0.000	0.000	0.000
369	  D	  0.5	  0.3	0.000	0.000	0.000
370	  N	  1.8	  0.7	0.362	0.000	0.000
371	  V	  2.9	  0.6	0.362	0.000	0.000
372	  N	  3.2	  0.4	0.362	0.000	0.000
373	  T	  2.9	  0.4	0.362	0.000	0.000
374	  Q	  2.6	  0.1	0.362	0.000	0.000
375	  R	  2.4	  0.1	0.362	0.000	0.000
376	  V	  1.2	  0.0	0.000	0.000	0.000
377	  P	  0.2	  0.0	0.000	0.000	0.000
378	  C	  0.3	  0.0	0.000	0.000	0.000
379	  S	  0.2	  0.0	0.000	0.000	0.000
380	  N	  0.2	  0.2	0.000	0.000	0.000
381	  P	  0.0	  0.2	0.000	0.000	0.000
382	  R	  3.3	  0.2	0.000	0.000	0.000
383	  W	  3.5	  0.2	0.000	0.000	0.000
384	  N	  3.6	  0.0	0.126	0.000	0.000
385	  E	  0.3	  0.0	0.126	0.000	0.000
386	  W	  0.8	  0.0	0.126	0.000	0.000
387	  L	  2.5	  0.0	0.126	0.000	0.000
388	  N	  3.2	  0.2	0.126	0.000	0.000
389	  Y	  5.9	  0.2	0.126	0.000	0.000
390	  D	  5.4	  0.2	0.000	0.000	0.000
391	  I	  6.3	  0.2	0.000	0.000	0.000
392	  Y	  3.1	  0.0	0.000	0.000	0.000
393	  I	  1.8	  0.4	0.000	0.000	0.000
394	  P	  0.1	  0.4	0.000	0.000	0.000
395	  D	  0.0	  0.4	0.000	0.000	0.000
396	  L	  0.0	  0.6	0.147	0.000	0.000
397	  P	  0.0	  0.2	1.193	0.000	0.000
398	  R	  0.1	  0.2	1.193	0.000	0.000
399	  A	  0.1	  0.2	1.193	0.000	0.000
400	  A	  0.4	  0.1	1.193	0.000	0.000
401	  R	  0.4	  0.0	1.193	0.000	0.000
402	  L	  1.5	  0.0	1.046	0.213	0.213
403	  C	  2.9	  0.0	0.673	0.213	0.213
404	  L	  4.4	  0.0	0.424	0.213	0.213
405	  S	  3.7	  0.0	0.442	0.213	0.213
406	  I	  2.7	  0.0	0.166	0.213	0.213
407	  C	  3.4	  0.0	0.166	0.000	0.000
408	  S	  4.5	  0.0	0.166	0.000	0.000
409	  V	  4.5	  1.0	0.166	0.000	0.000
410	  K	  2.3	  1.1	0.166	0.000	0.000
411	  G	  0.6	  1.2	0.000	0.000	0.000
412	  R	  0.1	  1.6	0.000	0.000	0.000
413	  K	  0.1	  0.7	0.000	0.000	0.000
414	  G	  0.1	  0.6	0.478	0.000	0.000
415	  A	  0.1	  0.5	0.478	0.000	0.000
416	  K	  0.2	  0.2	0.478	0.000	0.000
417	  E	  0.4	  0.2	0.478	0.000	0.000
418	  E	  0.8	  0.2	0.478	0.000	0.000
419	  H	  0.8	  0.1	0.478	0.000	0.000
420	  C	  0.6	  0.4	0.457	0.000	0.000
421	  P	  0.1	  0.3	0.167	0.000	0.000
422	  L	  0.2	  0.4	0.167	0.000	0.000
423	  A	  0.3	  0.4	0.167	0.000	0.000
424	  W	  0.3	  0.8	0.167	0.000	0.000
425	  G	  0.1	  0.8	0.167	0.000	0.000
426	  N	  1.7	  0.8	0.000	0.000	0.000
427	  I	  6.0	  0.8	0.000	0.000	0.000
428	  N	  6.5	  0.2	0.000	0.000	0.000
429	  L	  5.2	  0.3	0.000	0.000	0.000
430	  F	  3.3	  0.1	0.000	0.000	0.000
431	  D	  3.4	  0.1	0.000	0.000	0.000
432	  Y	  4.8	  0.1	0.000	0.000	0.000
433	  T	  3.0	  0.1	0.000	0.000	0.000
434	  D	  2.1	  0.1	0.000	0.000	0.000
435	  T	  1.7	  0.1	0.122	0.000	0.000
436	  L	  2.0	  0.1	0.122	0.000	0.000
437	  V	  2.7	  0.2	0.122	0.000	0.000
438	  S	  1.4	  0.6	0.255	0.000	0.000
439	  G	  0.7	  0.6	0.678	0.000	0.000
440	  K	  0.4	  0.6	0.678	0.000	0.000
441	  M	  0.8	  0.4	0.556	0.000	0.000
442	  A	  1.0	  0.0	0.556	0.000	0.000
443	  L	  2.2	  0.0	0.556	0.000	0.000
444	  N	  2.6	  0.0	0.556	0.000	0.000
445	  L	  2.5	  0.0	0.177	0.000	0.000
446	  W	  1.0	  0.0	0.177	0.000	0.000
447	  P	  0.1	  0.0	0.000	0.000	0.000
448	  V	  0.1	  0.3	0.000	0.000	0.000
449	  P	  0.0	  0.4	0.000	0.000	0.000
450	  H	  0.1	  0.5	0.134	0.000	0.000
451	  G	  0.1	  0.5	3.150	0.000	0.000
452	  L	  0.2	  0.4	3.348	0.000	0.000
453	  E	  0.1	  0.3	3.348	0.000	0.000
454	  D	  0.1	  0.3	3.348	0.000	0.000
455	  L	  0.8	  0.3	3.348	0.000	0.000
456	  L	  0.8	  0.0	3.348	0.000	0.000
457	  N	  0.8	  0.0	3.348	0.000	0.000
458	  P	  0.1	  0.0	0.000	0.000	0.000
459	  I	  0.2	  0.0	0.000	0.000	0.000
460	  G	  0.3	  0.0	0.000	0.000	0.000
461	  V	  1.0	  0.1	0.000	0.000	0.000
462	  T	  1.0	  1.0	0.000	0.000	0.000
463	  G	  0.9	  0.9	0.000	0.000	0.000
464	  S	  0.2	  0.9	0.000	0.000	0.000
465	  N	  0.0	  8.3	0.000	0.000	0.000
466	  P	  0.0	  7.5	0.000	0.000	0.000
467	  N	  0.1	  7.6	0.000	0.000	0.000
468	  K	  0.4	  7.6	0.000	0.000	0.000
469	  E	  0.4	  0.1	0.000	0.000	0.000
470	  T	  0.4	  0.2	0.000	0.000	0.000
471	  P	  0.0	  0.1	0.000	0.000	0.000
472	  C	  1.1	  0.1	0.000	0.000	0.000
473	  L	  1.8	  0.2	0.000	0.000	0.000
474	  E	  1.9	  0.0	0.000	0.000	0.000
475	  L	  1.6	  0.0	0.000	0.000	0.000
476	  E	  2.9	  0.0	0.000	0.000	0.000
477	  F	  4.7	  0.0	0.000	0.000	0.000
478	  D	  4.6	  0.0	0.000	0.000	0.000
479	  W	  4.0	  0.0	0.000	16.222	16.222
480	  F	  3.5	  0.2	0.000	19.835	19.835
481	  S	  2.9	  0.2	0.122	19.835	19.835
482	  S	  2.5	  0.2	0.122	19.835	19.835
483	  V	  3.8	  0.2	0.122	19.835	19.835
484	  V	  8.6	  0.0	0.122	18.544	18.544
485	  K	  7.8	  0.0	0.122	0.000	0.000
486	  F	  5.1	  1.9	0.122	0.000	0.000
487	  P	  0.1	  1.9	0.000	0.000	0.000
488	  D	  0.2	  2.2	0.000	0.000	0.000
489	  M	  2.5	  2.2	0.000	0.000	0.000
490	  S	  3.7	  0.3	0.000	0.000	0.000
491	  V	  6.8	  0.3	0.000	0.000	0.000
492	  I	  4.7	  0.0	0.104	0.000	0.000
493	  E	  3.7	  0.1	0.104	0.000	0.000
494	  E	  0.5	  0.1	0.104	0.000	0.000
495	  H	  0.4	  0.7	0.104	0.000	0.000
496	  A	  0.3	  0.6	0.104	0.000	0.000
497	  N	  0.9	  0.7	0.104	0.000	0.000
498	  W	  3.8	  0.7	0.000	0.000	0.000
499	  S	 14.2	  0.3	0.000	0.000	0.000
500	  V	 14.3	  0.3	0.000	0.000	0.000
501	  S	 11.7	  0.2	0.228	0.000	0.000
502	  R	  1.0	  0.3	0.228	0.000	0.000
503	  E	  0.1	  0.3	0.228	0.000	0.000
504	  A	  0.0	  0.3	0.228	0.000	0.000
505	  G	  0.1	  0.2	0.228	0.000	0.000
506	  F	  6.7	  0.2	0.228	0.000	0.000
507	  S	 26.6	  0.2	0.000	0.000	0.000
508	  Y	 28.2	  0.2	0.000	0.000	0.000
509	  S	 23.2	  0.2	0.000	0.000	0.000
510	  H	  2.4	  0.5	0.000	0.000	0.000
511	  A	  0.2	  0.4	0.000	0.000	0.000
512	  G	  0.1	  0.3	0.000	0.000	0.000
513	  L	  0.1	  0.5	0.000	0.000	0.000
514	  S	  0.1	  0.3	0.339	0.000	0.000
515	  N	  0.1	  0.3	0.573	0.000	0.000
516	  R	  0.2	  0.3	0.573	0.000	0.000
517	  L	  0.2	  0.1	0.573	0.000	0.000
518	  A	  0.2	  0.3	0.573	0.000	0.000
519	  R	  0.2	  0.4	0.697	0.000	0.000
520	  D	  0.1	  0.4	0.358	0.000	0.000
521	  N	  0.1	  0.5	1.127	0.000	0.000
522	  E	  0.3	  0.3	1.127	0.000	0.000
523	  L	  0.3	  0.2	1.127	0.000	0.000
524	  R	  0.4	  0.5	1.127	0.000	0.000
525	  E	  0.2	  0.4	1.127	0.000	0.000
526	  N	  0.1	  0.5	1.763	0.000	0.000
527	  D	  0.1	  0.6	1.414	0.000	0.000
528	  K	  0.1	  0.3	1.634	0.000	0.000
529	  E	  0.1	  0.3	1.634	0.000	0.000
530	  Q	  1.1	  0.2	1.634	0.000	0.000
531	  L	  1.3	  0.1	1.634	0.000	0.000
532	  K	  1.6	  0.0	1.634	0.000	0.000
533	  A	  1.0	  0.0	1.198	0.000	0.000
534	  I	  1.6	  0.1	0.929	0.000	0.000
535	  S	  2.1	  0.1	0.929	0.000	0.000
536	  T	  2.2	  0.1	0.000	0.000	0.000
537	  R	  1.2	  0.1	0.000	0.000	0.000
538	  D	  0.5	  0.4	0.000	0.000	0.000
539	  P	  0.0	  0.4	0.000	0.000	0.000
540	  L	  0.0	  0.4	0.000	0.000	0.000
541	  S	  0.1	  0.4	0.447	0.000	0.000
542	  E	  3.8	  0.0	0.447	0.000	0.000
543	  I	  4.5	  0.0	0.447	0.000	0.000
544	  T	  4.6	  0.1	3.391	0.000	0.000
545	  E	  0.9	  0.1	3.391	0.000	0.000
546	  Q	  0.3	  0.2	3.391	0.000	0.000
547	  E	  0.4	  0.3	2.944	0.000	0.000
548	  K	  0.4	  0.3	2.944	0.000	0.000
549	  D	  0.3	  0.2	2.944	0.000	0.000
550	  F	  0.7	  0.2	2.378	0.000	0.000
551	  L	  1.0	  0.0	1.715	0.000	0.000
552	  W	  2.2	  0.1	1.489	0.000	0.000
553	  S	  2.7	  0.1	0.995	0.000	0.000
554	  H	  2.9	  0.2	0.544	0.000	0.000
555	  R	  3.1	  0.2	0.123	0.000	0.000
556	  H	  4.6	  0.1	0.000	0.000	0.000
557	  Y	  6.2	  0.1	0.000	0.000	0.000
558	  C	  5.2	  0.0	0.000	0.000	0.000
559	  V	 17.9	  0.0	0.000	0.000	0.000
560	  T	 16.2	  0.0	0.000	0.000	0.000
561	  I	 15.8	  0.0	0.000	0.000	0.000
562	  P	  0.5	  0.0	0.000	0.000	0.000
563	  E	  0.4	  0.0	0.000	0.000	0.000
564	  I	  0.8	  0.0	0.000	0.000	0.000
565	  L	  0.8	  0.2	0.163	0.000	0.000
566	  P	  0.4	  0.2	0.667	0.000	0.000
567	  K	  0.3	  0.2	0.667	0.000	0.000
568	  L	  1.2	  0.2	0.667	1.998	1.998
569	  L	  1.6	  0.0	0.667	1.998	1.998
570	  L	  3.3	  0.0	0.667	1.998	1.998
571	  S	  4.0	  0.0	0.667	1.998	1.998
572	  V	  6.2	  0.0	0.136	1.998	1.998
573	  K	  4.9	  0.0	0.136	0.000	0.000
574	  W	  4.0	  0.0	0.000	0.000	0.000
575	  N	  1.6	  0.2	0.000	0.000	0.000
576	  S	  1.2	  1.3	0.294	0.000	0.000
577	  R	  0.5	  1.3	0.294	0.000	0.000
578	  D	  0.3	  1.3	1.125	0.000	0.000
579	  E	  1.7	  1.2	1.239	0.000	0.000
580	  V	  3.2	  0.0	1.239	0.401	0.401
581	  A	  3.4	  0.0	1.239	0.401	0.401
582	  Q	  3.0	  0.0	1.239	0.706	0.706
583	  M	  3.6	  0.0	1.239	8.501	8.501
584	  Y	  5.6	  0.0	0.809	8.501	8.501
585	  C	  6.0	  0.0	0.245	8.501	8.501
586	  L	  4.6	  0.0	0.245	8.501	8.501
587	  V	  3.7	  0.3	0.245	8.501	8.501
588	  K	  2.2	  0.3	0.245	0.000	0.000
589	  D	  1.6	  0.3	0.000	0.000	0.000
590	  W	  0.1	  0.3	0.000	0.000	0.000
591	  P	  0.0	  0.0	0.000	0.000	0.000
592	  P	  0.0	  0.0	0.000	0.000	0.000
593	  I	  0.5	  0.0	0.000	0.000	0.000
594	  K	  0.5	  0.1	0.000	0.000	0.000
595	  P	  0.5	  0.2	0.000	0.000	0.000
596	  E	  0.1	  0.3	0.000	0.000	0.000
597	  Q	  0.2	  0.3	0.000	0.000	0.000
598	  A	  0.3	  0.1	0.000	0.000	0.000
599	  M	  1.1	  0.1	0.000	0.000	0.000
600	  E	  1.0	  0.0	0.000	0.000	0.000
601	  L	  1.3	  0.2	0.000	0.000	0.000
602	  L	  2.8	  0.2	0.000	0.000	0.000
603	  D	  3.1	  0.6	0.000	0.000	0.000
604	  C	  3.8	  0.6	0.000	0.000	0.000
605	  N	  1.4	  0.5	0.000	0.000	0.000
606	  Y	  1.2	  0.4	0.000	0.000	0.000
607	  P	  0.1	  0.0	0.000	0.000	0.000
608	  D	  0.0	  0.0	0.540	0.000	0.000
609	  P	  0.0	  0.0	0.540	0.000	0.000
610	  M	  0.3	  0.0	0.540	0.000	0.000
611	  V	  1.1	  0.2	0.540	0.000	0.000
612	  R	  1.2	  0.2	0.540	0.000	0.000
613	  G	  1.1	  0.2	0.657	0.000	0.000
614	  F	  1.5	  0.2	0.434	0.000	0.000
615	  A	  1.9	  0.0	0.116	0.000	0.000
616	  V	  5.6	  0.0	0.116	0.000	0.000
617	  R	  5.5	  0.0	0.235	0.000	0.000
618	  C	  6.0	  0.0	0.235	0.000	0.000
619	  L	  2.4	  0.1	0.235	0.000	0.000
620	  E	  1.4	  0.1	0.235	0.000	0.000
621	  K	  0.5	  0.1	0.235	0.000	0.000
622	  Y	  0.8	  0.1	0.118	0.000	0.000
623	  L	  0.9	  0.1	0.000	0.000	0.000
624	  T	  0.7	  0.3	1.371	0.000	0.000
625	  D	  0.3	  0.3	6.995	0.000	0.000
626	  D	  0.1	  0.4	10.619	0.000	0.000
627	  K	  0.4	  0.3	11.224	0.000	0.000
628	  L	  0.6	  0.2	11.224	2.572	2.572
629	  S	  1.0	  0.2	14.982	2.572	2.572
630	  Q	  1.4	  0.1	14.869	3.701	3.701
631	  Y	  1.9	  0.1	14.995	34.611	34.611
632	  L	  1.6	  0.0	14.605	43.354	43.354
633	  I	  1.9	  0.0	14.605	44.176	44.176
634	  Q	  1.9	  0.0	15.273	43.839	43.839
635	  L	  2.0	  0.0	14.903	45.441	45.441
636	  V	  4.2	  0.0	14.992	44.174	44.174
637	  Q	  3.9	  0.0	14.992	24.713	24.713
638	  V	  4.6	  0.0	12.372	24.014	24.014
639	  L	  2.0	  0.0	12.965	20.668	20.668
640	  K	  4.2	  0.0	14.108	0.429	0.429
641	  Y	  4.2	  0.1	12.348	0.429	0.429
642	  E	  3.6	  0.1	9.289	0.429	0.429
643	  Q	  1.6	  0.1	8.989	0.066	0.066
644	  Y	  1.4	  0.1	9.135	2.959	2.959
645	  L	  1.4	  0.2	9.127	2.959	2.959
646	  D	  0.7	  0.2	13.117	2.893	2.893
647	  N	  0.1	  0.2	31.384	2.893	2.893
648	  L	  0.6	  0.1	31.915	2.893	2.893
649	  L	  0.7	  0.0	32.235	2.893	2.893
650	  V	  2.3	  0.0	32.161	2.893	2.893
651	  R	  2.1	  0.0	32.242	2.893	2.893
652	  F	  2.5	  0.0	31.546	2.893	2.893
653	  L	  1.1	  0.0	30.941	2.893	2.893
654	  L	  0.7	  0.0	30.520	1.927	1.927
655	  K	  0.3	  0.0	28.947	0.000	0.000
656	  K	  0.2	  0.0	18.363	0.000	0.000
657	  A	  0.2	  0.0	10.078	0.000	0.000
658	  L	  0.4	  0.1	8.472	0.000	0.000
659	  T	  0.9	  0.1	6.825	0.000	0.000
660	  N	  1.1	  0.1	6.684	0.000	0.000
661	  Q	  1.2	  0.1	4.013	0.000	0.000
662	  R	  1.3	  0.2	0.334	0.000	0.000
663	  I	  1.0	  0.6	0.000	1.344	1.344
664	  G	  0.7	  0.6	0.000	1.344	1.344
665	  H	  2.3	  0.5	0.000	4.541	4.541
666	  F	  3.7	  0.4	0.000	11.276	11.276
667	  F	  4.8	  0.0	0.000	11.740	11.740
668	  F	  3.5	  0.0	0.000	11.740	11.740
669	  W	  2.9	  0.0	0.000	11.478	11.478
670	  H	  2.3	  0.0	0.000	7.199	7.199
671	  L	  1.8	  0.1	0.000	6.155	6.155
672	  K	  1.3	  0.1	0.000	0.000	0.000
673	  S	  0.7	  0.1	0.136	0.000	0.000
674	  E	  1.7	  0.1	0.136	0.000	0.000
675	  M	  1.7	  0.1	0.136	0.000	0.000
676	  H	  1.7	  0.1	0.136	0.000	0.000
677	  N	  0.3	  0.1	0.136	0.000	0.000
678	  K	  0.8	  0.1	0.136	0.000	0.000
679	  T	 18.7	  0.1	0.000	0.000	0.000
680	  V	 20.3	  0.1	0.000	0.000	0.000
681	  S	 20.2	  0.1	0.000	0.000	0.000
682	  Q	  3.3	  0.1	0.000	0.000	0.000
683	  R	  1.6	  0.1	0.000	0.000	0.000
684	  F	  1.1	  0.3	0.000	23.582	23.582
685	  G	  0.4	  0.2	0.000	23.582	23.582
686	  L	  1.1	  0.2	0.000	23.582	23.582
687	  L	  1.0	  0.2	0.000	23.582	23.582
688	  L	  1.1	  0.3	0.126	23.582	23.582
689	  E	  0.4	  0.3	0.265	0.000	0.000
690	  S	  3.2	  0.3	2.010	0.000	0.000
691	  Y	  5.5	  0.3	2.010	0.000	0.000
692	  C	  7.7	  0.1	2.010	0.000	0.000
693	  R	  4.8	  0.2	2.010	0.000	0.000
694	  A	  2.5	  0.2	2.010	0.000	0.000
695	  C	  0.2	  0.2	2.010	0.000	0.000
696	  G	  0.3	  0.1	2.038	0.000	0.000
697	  M	  1.1	  0.0	0.824	0.000	0.000
698	  Y	  1.8	  0.0	0.424	0.000	0.000
699	  L	  2.1	  0.1	0.290	0.000	0.000
700	  K	  1.2	  0.1	0.290	0.000	0.000
701	  H	  1.2	  0.3	0.290	0.000	0.000
702	  L	  1.0	  0.3	0.290	0.000	0.000
703	  N	  0.9	  0.3	1.402	0.000	0.000
704	  R	  0.7	  0.3	1.512	0.000	0.000
705	  Q	  2.4	  0.0	1.652	0.000	0.000
706	  V	  4.0	  0.1	1.777	0.000	0.000
707	  E	  3.4	  0.0	2.455	0.000	0.000
708	  A	  1.7	  0.0	2.845	0.000	0.000
709	  M	  0.3	  0.1	2.968	0.000	0.000
710	  E	  0.3	  0.1	2.775	0.000	0.000
711	  K	  0.6	  0.1	2.651	0.000	0.000
712	  L	  0.9	  0.1	2.651	0.362	0.362
713	  I	  4.2	  0.0	2.433	0.362	0.362
714	  N	  4.1	  0.0	20.950	0.362	0.362
715	  L	  3.8	  0.0	19.235	0.362	0.362
716	  T	  0.7	  0.0	20.725	0.362	0.362
717	  D	  0.4	  0.0	21.196	0.000	0.000
718	  I	  0.9	  0.0	21.196	0.000	0.000
719	  L	  0.8	  0.0	21.196	0.000	0.000
720	  K	  1.0	  0.1	20.873	0.000	0.000
721	  Q	  0.4	  0.1	18.059	0.000	0.000
722	  E	  0.7	  0.1	10.528	0.000	0.000
723	  K	  0.5	  0.4	4.416	0.000	0.000
724	  K	  0.4	  0.4	2.016	0.000	0.000
725	  D	  0.1	  0.6	0.743	0.000	0.000
726	  E	  0.2	  0.5	0.123	0.000	0.000
727	  T	  2.0	  0.3	0.271	0.000	0.000
728	  Q	  2.6	  0.2	0.271	0.000	0.000
729	  K	  3.9	  0.0	0.271	0.000	0.000
730	  V	  6.9	  0.0	0.271	0.000	0.000
731	  Q	  7.3	  0.0	0.271	0.000	0.000
732	  M	  6.9	  0.0	0.271	0.145	0.145
733	  K	  2.4	  0.0	0.148	0.145	0.145
734	  F	  2.3	  0.0	0.000	0.145	0.145
735	  L	  1.5	  0.0	0.123	0.145	0.145
736	  V	  2.5	  0.0	0.289	0.145	0.145
737	  E	  1.5	  0.0	0.289	0.145	0.145
738	  Q	  2.2	  0.0	0.289	0.000	0.000
739	  M	  1.4	  0.0	0.289	0.000	0.000
740	  R	  1.4	  0.0	0.289	0.000	0.000
741	  R	  0.5	  1.9	0.289	0.000	0.000
742	  P	  0.1	  1.9	0.000	0.000	0.000
743	  D	  0.1	  1.9	0.155	0.000	0.000
744	  F	  1.1	  2.1	0.155	0.000	0.000
745	  M	  1.4	  0.2	0.155	0.000	0.000
746	  D	  1.4	  0.3	0.313	0.000	0.000
747	  A	  0.5	  0.3	0.313	0.000	0.000
748	  L	  0.3	  0.7	0.313	0.000	0.000
749	  Q	  0.3	  0.7	0.313	0.000	0.000
750	  G	  0.1	  0.5	0.158	0.000	0.000
751	  F	  1.9	  0.5	0.158	0.000	0.000
752	  L	  2.0	  0.0	0.000	0.000	0.000
753	  S	  2.0	  0.3	0.000	0.000	0.000
754	  P	  0.1	  0.3	0.000	0.000	0.000
755	  L	  0.1	  0.3	0.000	0.000	0.000
756	  N	  0.1	  0.5	0.000	0.000	0.000
757	  P	  0.1	  0.2	0.000	0.000	0.000
758	  A	  0.2	  0.2	0.000	0.000	0.000
759	  H	  0.9	  0.4	0.000	0.000	0.000
760	  Q	  0.9	  0.2	0.000	0.000	0.000
761	  L	  0.8	  1.1	0.000	0.000	0.000
762	  G	  0.1	  1.1	0.000	0.000	0.000
763	  N	  0.7	  0.9	0.219	0.000	0.000
764	  L	  2.3	  0.9	0.219	0.000	0.000
765	  R	  2.7	  0.0	0.392	0.000	0.000
766	  L	  2.0	  0.1	0.392	0.000	0.000
767	  E	  0.4	  0.1	0.392	0.000	0.000
768	  E	  0.4	  0.1	0.392	0.000	0.000
769	  C	  3.4	  0.1	0.173	0.000	0.000
770	  R	  6.6	  0.0	0.173	0.000	0.000
771	  I	  7.9	  0.0	0.173	0.000	0.000
772	  M	  5.3	  0.1	0.173	0.000	0.000
773	  S	  2.1	  0.2	0.000	0.000	0.000
774	  S	  0.7	  0.2	0.000	0.000	0.000
775	  A	  0.6	  0.2	0.000	0.000	0.000
776	  K	  0.6	  0.0	0.000	0.000	0.000
777	  R	  0.3	  0.1	0.000	0.000	0.000
778	  P	  0.1	  0.1	0.000	0.000	0.000
779	  L	  0.5	  0.1	0.000	3.280	3.280
780	  W	  1.2	  0.1	0.000	3.280	3.280
781	  L	  2.8	  0.0	0.000	3.280	3.280
782	  N	  4.1	  0.0	0.000	3.280	3.280
783	  W	  4.3	  0.0	0.000	3.280	3.280
784	  E	  2.8	  0.0	0.000	0.000	0.000
785	  N	  0.9	  3.0	0.000	0.000	0.000
786	  P	  0.0	  3.0	0.000	0.000	0.000
787	  D	  0.1	  3.0	0.666	0.000	0.000
788	  I	  1.7	  3.0	0.839	0.000	0.000
789	  M	  1.8	  0.1	0.959	0.000	0.000
790	  S	  1.7	  0.1	1.411	0.000	0.000
791	  E	  0.1	  0.1	1.411	0.000	0.000
792	  L	  0.6	  0.1	1.411	0.000	0.000
793	  L	  0.9	  0.1	1.411	0.000	0.000
794	  F	  2.5	  0.2	1.411	0.000	0.000
795	  Q	  2.0	  0.3	0.630	0.000	0.000
796	  N	  1.8	  0.3	0.000	0.000	0.000
797	  N	  0.1	  0.3	0.207	0.000	0.000
798	  E	  0.3	  0.1	0.207	0.229	0.229
799	  I	  2.5	  0.0	0.207	0.229	0.229
800	  I	  2.9	  0.0	0.207	0.229	0.229
801	  F	  3.3	  0.8	0.207	0.229	0.229
802	  K	  1.0	  1.6	0.207	0.229	0.229
803	  N	  0.6	  2.8	0.000	0.000	0.000
804	  G	  0.0	  3.0	0.000	0.000	0.000
805	  D	  0.0	  2.3	0.149	0.000	0.000
806	  D	  0.3	  1.5	0.149	0.000	0.000
807	  L	  0.6	  0.4	0.149	0.000	0.000
808	  R	  1.7	  0.4	0.149	0.000	0.000
809	  Q	  1.5	  0.3	0.149	0.000	0.000
810	  D	  1.2	  0.3	7.073	0.000	0.000
811	  M	  0.4	  0.3	6.924	12.401	12.401
812	  L	  2.3	  0.0	6.924	23.271	23.271
813	  T	  4.6	  0.0	8.314	23.515	23.515
814	  L	  5.6	  0.0	8.314	23.515	23.515
815	  Q	  4.1	  0.0	8.314	23.515	23.515
816	  I	  5.3	  0.0	7.232	23.607	23.607
817	  I	 11.7	  0.0	7.232	21.656	21.656
818	  R	 13.9	  0.0	7.232	0.092	0.092
819	  I	 11.2	  0.0	5.730	0.092	0.092
820	  M	  3.6	  0.2	5.730	0.092	0.092
821	  E	  0.8	  0.2	4.189	0.092	0.092
822	  N	  1.8	  0.2	3.046	0.092	0.092
823	  I	  2.6	  0.2	1.246	0.092	0.092
824	  W	  3.6	  0.1	1.246	0.092	0.092
825	  Q	  2.1	  0.2	0.850	0.000	0.000
826	  N	  1.2	  0.3	0.153	0.000	0.000
827	  Q	  0.3	  0.3	0.000	0.000	0.000
828	  G	  0.1	  0.4	0.162	0.000	0.000
829	  L	  1.2	  0.3	0.162	0.000	0.000
830	  D	  1.5	  0.2	0.162	0.000	0.000
831	  L	  3.2	  0.2	0.162	0.000	0.000
832	  R	  3.1	  0.0	0.162	0.000	0.000
833	  M	  2.8	  0.0	0.162	0.000	0.000
834	  L	  1.1	  0.4	0.000	0.000	0.000
835	  P	  0.1	  0.6	0.000	0.000	0.000
836	  Y	  0.5	  2.6	0.000	0.000	0.000
837	  G	  0.5	  2.6	0.000	0.000	0.000
838	  C	  2.1	  2.2	0.000	0.000	0.000
839	  L	  3.2	  2.0	0.000	0.000	0.000
840	  S	  3.4	  0.2	0.409	0.000	0.000
841	  I	  1.9	  1.3	0.409	0.000	0.000
842	  G	  0.2	  1.3	0.409	0.000	0.000
843	  D	  0.4	  1.3	0.517	0.000	0.000
844	  C	  0.7	  1.1	1.200	0.000	0.000
845	  V	  1.0	  0.0	1.200	0.143	0.143
846	  G	  0.6	  0.0	3.639	0.143	0.143
847	  L	  0.4	  0.0	3.230	0.546	0.546
848	  I	  8.0	  0.0	3.650	0.546	0.546
849	  E	  8.5	  0.0	3.650	0.546	0.546
850	  V	 11.0	  0.0	3.650	0.546	0.546
851	  V	  4.0	  0.1	3.650	0.546	0.546
852	  R	  3.5	  0.1	3.650	0.546	0.546
853	  N	  1.0	  0.2	3.534	0.000	0.000
854	  S	  1.2	  0.2	1.262	0.000	0.000
855	  H	  4.3	  0.1	0.119	0.000	0.000
856	  T	  7.0	  0.1	0.119	0.208	0.208
857	  I	  7.6	  0.0	0.119	0.208	0.208
858	  M	  6.4	  0.0	0.119	0.208	0.208
859	  Q	  4.3	  0.0	0.000	0.208	0.208
860	  I	  3.3	  0.0	0.000	0.208	0.208
861	  Q	  1.9	  0.0	0.000	0.000	0.000
862	  C	  1.2	  0.6	0.000	0.000	0.000
863	  K	  0.5	  1.2	0.000	0.000	0.000
864	  G	  0.1	  1.3	0.000	0.000	0.000
865	  G	  0.0	  1.3	0.124	0.000	0.000
866	  L	  0.1	  1.0	0.124	0.000	0.000
867	  K	  0.1	  0.5	0.124	0.000	0.000
868	  G	  0.1	  0.4	0.124	0.000	0.000
869	  A	  0.2	  0.4	0.124	0.000	0.000
870	  L	  1.9	  0.1	0.124	0.000	0.000
871	  Q	  3.9	  0.0	0.124	0.000	0.000
872	  F	  5.1	  0.0	0.124	0.000	0.000
873	  N	  3.5	  0.1	0.886	0.000	0.000
874	  S	  2.6	  0.2	0.886	0.000	0.000
875	  H	  2.3	  0.2	0.886	0.000	0.000
876	  T	  3.5	  0.2	0.886	0.000	0.000
877	  L	  2.5	  0.0	0.886	0.000	0.000
878	  H	  2.4	  0.0	1.452	0.000	0.000
879	  Q	  1.9	  0.0	1.027	0.000	0.000
880	  W	  2.2	  0.0	0.828	0.000	0.000
881	  L	  1.4	  0.2	0.828	0.000	0.000
882	  K	  0.7	  0.3	0.828	0.000	0.000
883	  D	  0.2	  3.3	0.682	0.000	0.000
884	  K	  0.2	  3.4	0.342	0.000	0.000
885	  N	  0.1	  4.0	0.140	0.000	0.000
886	  K	  0.1	  4.0	0.000	0.000	0.000
887	  G	  0.1	  1.0	0.000	0.000	0.000
888	  E	  0.6	  0.9	0.000	0.000	0.000
889	  I	  0.8	  0.1	0.000	0.000	0.000
890	  Y	  1.7	  0.1	0.000	0.000	0.000
891	  D	  1.1	  0.1	0.320	0.000	0.000
892	  A	  1.0	  0.1	0.320	0.000	0.000
893	  A	  0.4	  0.0	0.320	0.000	0.000
894	  I	  3.2	  0.0	0.320	0.000	0.000
895	  D	  3.4	  0.0	1.943	0.000	0.000
896	  L	  3.4	  0.0	1.943	0.000	0.000
897	  F	  3.8	  0.0	1.943	0.000	0.000
898	  T	  5.6	  0.2	1.623	0.000	0.000
899	  R	  5.5	  0.2	1.623	0.000	0.000
900	  S	  3.4	  0.2	1.623	0.078	0.078
901	  C	  1.3	  0.7	0.829	0.825	0.825
902	  A	  1.2	  0.6	0.701	2.918	2.918
903	  G	  0.3	  0.5	0.544	5.395	5.395
904	  Y	  2.6	  0.5	0.268	35.062	35.062
905	  C	  8.2	  0.0	0.115	43.662	43.662
906	  V	  9.2	  0.1	0.115	84.121	84.121
907	  A	  7.7	  0.1	0.115	87.256	87.256
908	  T	  4.2	  0.1	0.115	88.888	88.888
909	  F	  4.1	  0.1	0.115	91.252	91.252
910	  I	  4.4	  0.0	0.115	90.950	90.950
911	  L	  2.3	  0.1	0.115	82.824	82.824
912	  G	  1.4	  0.3	0.115	36.667	36.667
913	  I	  0.2	  1.9	0.000	32.309	32.309
914	  G	  0.0	  2.0	0.000	12.767	12.767
915	  D	  0.0	  2.0	0.000	0.000	0.000
916	  R	  1.3	  1.9	0.000	0.000	0.000
917	  H	  1.5	  0.4	0.000	0.000	0.000
918	  N	  1.5	  1.1	0.000	0.000	0.000
919	  S	  0.2	  0.9	0.000	0.000	0.000
920	  N	  0.2	  0.9	0.000	0.000	0.000
921	  I	  4.0	  0.8	0.000	0.000	0.000
922	  M	  4.7	  0.0	0.000	0.000	0.000
923	  V	  6.0	  0.2	0.000	0.000	0.000
924	  K	  2.2	  1.0	0.000	0.000	0.000
925	  D	  1.5	  2.0	0.000	0.000	0.000
926	  D	  0.0	  2.1	0.000	0.000	0.000
927	  G	  0.0	  1.9	0.000	0.000	0.000
928	  Q	  1.0	  1.1	0.000	0.000	0.000
929	  L	  1.5	  0.1	0.000	0.000	0.000
930	  F	  6.6	  0.0	0.000	0.000	0.000
931	  H	 10.8	  0.1	0.000	0.000	0.000
932	  I	 13.2	  0.1	0.000	0.000	0.000
933	  D	  8.3	  0.7	0.000	0.000	0.000
934	  F	  3.1	  1.0	0.000	0.000	0.000
935	  G	  0.2	  0.8	0.000	0.000	0.000
936	  H	  1.8	  0.8	0.000	0.000	0.000
937	  F	  2.6	  0.4	0.000	0.000	0.000
938	  L	  2.9	  0.2	0.000	0.000	0.000
939	  D	  1.3	  0.2	0.833	0.000	0.000
940	  H	  0.6	  0.3	0.833	0.000	0.000
941	  K	  0.3	  0.2	0.833	0.000	0.000
942	  K	  0.4	  0.3	0.833	0.000	0.000
943	  K	  0.2	  0.2	0.833	0.000	0.000
944	  K	  0.4	  0.1	0.833	0.000	0.000
945	  F	  0.5	  0.1	0.398	0.000	0.000
946	  G	  0.5	  0.0	0.171	0.000	0.000
947	  Y	  1.3	  0.1	0.000	0.000	0.000
948	  K	  1.4	  0.1	0.000	0.000	0.000
949	  R	  1.4	  0.1	0.000	0.000	0.000
950	  E	  0.5	  0.1	0.000	0.000	0.000
951	  R	  0.4	  0.1	0.000	0.000	0.000
952	  V	  0.4	  0.0	0.000	0.000	0.000
953	  P	  0.2	  0.0	0.000	0.775	0.775
954	  F	  1.7	  0.0	0.000	0.910	0.910
955	  V	  3.4	  0.0	0.000	0.921	0.921
956	  L	  3.8	  0.0	0.000	0.922	0.922
957	  T	  2.6	  0.2	0.434	0.922	0.922
958	  Q	  1.3	  0.2	0.434	0.147	0.147
959	  D	  1.0	  0.2	0.731	0.151	0.151
960	  F	  1.2	  0.2	0.731	98.575	98.575
961	  L	  2.2	  0.0	0.731	99.461	99.461
962	  I	  9.9	  0.0	0.731	99.461	99.461
963	  V	 13.3	  0.0	0.731	99.461	99.461
964	  I	 12.5	  0.1	0.731	99.461	99.461
965	  S	  4.9	  0.7	0.731	11.898	11.898
966	  K	  0.7	  0.7	0.376	0.151	0.151
967	  G	  0.1	  0.7	0.000	0.015	0.015
968	  A	  0.0	  0.7	0.000	0.003	0.003
969	  Q	  0.2	  0.1	0.000	0.000	0.000
970	  E	  1.1	  0.1	0.000	0.000	0.000
971	  C	  4.5	  0.1	0.346	0.000	0.000
972	  T	  5.7	  0.1	1.479	0.000	0.000
973	  K	  5.0	  0.1	1.479	0.000	0.000
974	  T	  1.8	  0.1	6.423	0.000	0.000
975	  R	  0.5	  0.1	8.394	0.000	0.000
976	  E	  1.0	  0.0	10.273	0.000	0.000
977	  F	  2.7	  0.1	10.967	0.000	0.000
978	  E	  2.7	  0.1	14.862	0.000	0.000
979	  R	  3.0	  0.1	16.586	0.000	0.000
980	  F	  2.0	  0.1	16.855	0.000	0.000
981	  Q	  1.9	  0.1	17.253	0.000	0.000
982	  E	  1.0	  0.1	18.284	0.000	0.000
983	  M	  1.2	  0.1	19.056	0.000	0.000
984	  C	  4.1	  0.0	21.553	0.000	0.000
985	  Y	  4.8	  0.0	21.553	0.000	0.000
986	  K	  3.9	  0.0	21.274	0.000	0.000
987	  A	  1.3	  0.0	20.094	0.952	0.952
988	  Y	  0.8	  0.0	19.860	0.952	0.952
989	  L	  1.0	  0.0	19.630	0.952	0.952
990	  A	  1.2	  0.0	19.081	0.952	0.952
991	  I	  2.5	  0.0	17.240	0.952	0.952
992	  R	  2.6	  0.1	17.240	0.000	0.000
993	  Q	  2.3	  0.1	11.842	0.000	0.000
994	  H	  0.6	  0.6	4.917	0.000	0.000
995	  A	  0.2	  0.6	1.182	2.029	2.029
996	  N	  0.6	  0.5	1.320	4.149	4.149
997	  L	  1.2	  0.5	0.521	66.044	66.044
998	  F	  2.4	  0.1	0.442	77.012	77.012
999	  I	  6.1	  0.1	0.234	77.530	77.530
1000	  N	  6.0	  0.1	1.250	77.287	77.287
1001	  L	  5.3	  0.1	1.250	78.275	78.275
1002	  F	  4.4	  0.0	1.250	76.250	76.250
1003	  S	  4.0	  0.0	1.328	45.099	45.099
1004	  M	  4.7	  0.0	1.200	41.189	41.189
1005	  M	  1.6	  0.1	1.200	36.736	36.736
1006	  L	  1.4	  0.8	1.068	31.518	31.518
1007	  G	  0.1	  1.2	1.068	2.854	2.854
1008	  S	  0.1	  1.2	0.747	0.290	0.290
1009	  G	  0.0	  1.1	0.000	0.000	0.000
1010	  M	  0.0	  0.5	0.000	0.000	0.000
1011	  P	  0.0	  0.2	0.000	0.000	0.000
1012	  E	  0.3	  0.2	0.000	0.000	0.000
1013	  L	  0.6	  0.4	0.000	0.000	0.000
1014	  Q	  1.5	  0.2	0.000	0.000	0.000
1015	  S	  8.4	  0.5	0.000	0.000	0.000
1016	  F	  8.4	  0.8	0.000	0.000	0.000
1017	  D	  7.6	  0.7	1.333	0.000	0.000
1018	  D	  0.5	  0.7	3.910	0.000	0.000
1019	  I	  1.9	  0.3	4.040	0.000	0.000
1020	  A	  2.2	  0.0	4.040	0.000	0.000
1021	  Y	  3.3	  0.0	4.040	0.000	0.000
1022	  I	  2.4	  0.0	4.040	0.000	0.000
1023	  R	  2.3	  0.1	4.040	0.000	0.000
1024	  K	  1.2	  0.1	3.177	0.000	0.000
1025	  T	  0.9	  0.1	2.015	0.000	0.000
1026	  L	  1.0	  0.1	2.015	0.000	0.000
1027	  A	  0.9	  0.0	1.854	0.000	0.000
1028	  L	  0.5	  0.0	1.411	0.000	0.000
1029	  D	  0.2	  0.2	1.479	0.000	0.000
1030	  K	  0.5	  0.2	1.020	0.000	0.000
1031	  T	  0.5	  0.3	6.231	0.000	0.000
1032	  E	  0.5	  0.3	6.231	0.000	0.000
1033	  Q	  0.2	  0.1	6.231	0.000	0.000
1034	  E	  0.1	  0.1	6.231	0.000	0.000
1035	  A	  0.1	  0.0	6.231	0.000	0.000
1036	  L	  0.8	  0.0	6.231	0.000	0.000
1037	  E	  1.3	  0.0	6.251	0.000	0.000
1038	  Y	  2.3	  0.0	5.905	0.000	0.000
1039	  F	  2.5	  0.0	4.511	0.000	0.000
1040	  M	  2.1	  0.0	3.819	0.000	0.000
1041	  K	  1.2	  0.0	3.579	0.000	0.000
1042	  Q	  1.2	  0.0	3.194	0.000	0.000
1043	  M	  1.3	  0.1	2.876	0.000	0.000
1044	  N	  1.1	  0.1	1.738	0.000	0.000
1045	  D	  0.2	  0.4	0.814	0.000	0.000
1046	  A	  0.3	  0.4	0.593	0.000	0.000
1047	  H	  0.6	  0.6	0.302	0.000	0.000
1048	  H	  0.6	  1.0	0.000	0.000	0.000
1049	  G	  0.3	  0.7	0.000	0.000	0.000
1050	  G	  0.1	  0.6	0.000	0.000	0.000
1051	  W	  1.1	  0.4	0.000	0.000	0.000
1052	  T	  3.9	  0.0	0.000	0.000	0.000
1053	  T	  4.7	  0.0	0.000	0.000	0.000
1054	  K	  4.5	  0.3	0.000	0.000	0.000
1055	  M	  2.9	  0.2	0.000	0.000	0.000
1056	  D	  2.3	  0.2	0.000	0.000	0.000
1057	  W	  1.9	  0.2	0.000	4.825	4.825
1058	  I	  1.0	  0.0	0.000	5.894	5.894
1059	  F	  1.4	  0.0	0.000	5.894	5.894
1060	  H	  4.2	  0.0	0.000	5.894	5.894
1061	  T	 15.2	  0.0	0.000	5.894	5.894
1062	  I	 15.6	  0.1	0.000	5.490	5.490
1063	  K	 12.7	  0.1	0.000	0.000	0.000
1064	  Q	  1.5	  0.1	0.000	0.000	0.000
1065	  H	  0.6	  0.2	0.000	0.000	0.000
1066	  A	  0.5	  0.2	0.000	0.000	0.000
1067	  L	  0.4	  0.1	0.000	0.000	0.000
1068	  N	  0.1	  0.1	0.000	0.000	0.000
