res	aa	Beta	Turn	Helix	Aggregation	Conc-Stab_Aggregation
01	  M	  2.0	  0.0	0.000	0.000	0.000
02	  R	  2.1	  0.0	0.000	0.000	0.000
03	  L	  2.5	  0.0	0.000	19.273	19.273
04	  A	  0.7	  0.0	0.000	26.683	26.683
05	  V	  0.6	  0.2	0.000	47.784	47.784
06	  G	  0.2	  0.2	0.162	49.572	49.572
07	  A	  0.4	  0.2	0.162	68.864	68.864
08	  L	  1.2	  0.2	0.162	91.537	91.537
09	  L	  2.6	  0.0	0.162	95.658	95.658
10	  V	  3.0	  0.0	0.162	96.237	96.237
11	  C	  3.3	  0.0	0.162	94.735	94.735
12	  A	  2.8	  0.0	0.000	94.496	94.496
13	  V	  2.6	  0.0	0.000	94.173	94.173
14	  L	  1.5	  0.0	0.000	88.420	88.420
15	  G	  0.7	  0.0	0.334	56.676	56.676
16	  L	  1.4	  0.0	0.334	53.859	53.859
17	  C	  3.7	  0.0	0.334	38.414	38.414
18	  L	  4.3	  0.0	0.334	35.339	35.339
19	  A	  3.1	  0.0	0.334	18.531	18.531
20	  V	  0.8	  0.4	0.334	4.320	4.320
21	  P	  0.1	  0.5	0.000	1.880	1.880
22	  D	  0.0	  0.5	0.000	0.000	0.000
23	  K	  0.8	  0.5	0.000	0.000	0.000
24	  T	  8.6	  0.1	0.000	0.000	0.000
25	  V	 10.3	  0.1	0.000	0.000	0.000
26	  R	  9.6	  0.0	0.000	0.000	0.000
27	  W	  3.5	  0.0	0.000	0.784	0.784
28	  C	  2.7	  0.0	0.000	0.784	0.784
29	  A	  3.2	  0.0	0.000	0.784	0.784
30	  V	  2.1	  0.0	0.000	0.784	0.784
31	  S	  1.0	  0.1	0.537	0.784	0.784
32	  E	  0.6	  0.1	0.537	0.000	0.000
33	  H	  0.4	  0.2	0.732	0.000	0.000
34	  E	  0.6	  0.2	0.732	0.000	0.000
35	  A	  0.7	  0.1	0.732	0.000	0.000
36	  T	  2.1	  0.1	0.732	0.000	0.000
37	  K	  2.6	  0.1	0.732	0.000	0.000
38	  C	  3.0	  0.2	0.371	0.000	0.000
39	  Q	  2.3	  0.2	0.000	0.000	0.000
40	  S	  8.1	  0.2	0.158	0.000	0.000
41	  F	  8.2	  0.4	0.158	0.000	0.000
42	  R	  7.3	  0.2	0.158	0.000	0.000
43	  D	  0.8	  0.2	0.158	0.000	0.000
44	  H	  0.7	  0.2	0.158	0.000	0.000
45	  M	  1.1	  0.1	0.158	0.000	0.000
46	  K	  1.6	  0.1	0.158	0.000	0.000
47	  S	  3.1	  0.1	0.000	0.000	0.000
48	  V	  3.3	  0.1	0.000	0.000	0.000
49	  I	  2.8	  0.3	0.000	0.000	0.000
50	  P	  0.7	  1.3	0.000	0.000	0.000
51	  S	  0.0	  1.3	0.000	0.000	0.000
52	  D	  0.0	  1.4	0.000	0.000	0.000
53	  G	  0.0	  1.6	0.000	0.000	0.000
54	  P	  0.0	  0.6	0.000	0.000	0.000
55	  S	  0.6	  0.6	0.428	0.000	0.000
56	  V	  2.3	  0.5	0.428	0.000	0.000
57	  A	  2.4	  0.0	0.428	0.000	0.000
58	  C	  5.7	  0.0	0.428	0.000	0.000
59	  V	  4.7	  0.0	0.428	0.000	0.000
60	  K	  4.6	  0.0	0.428	0.000	0.000
61	  K	  0.9	  0.2	0.137	0.000	0.000
62	  A	  0.8	  0.2	0.000	0.000	0.000
63	  S	  1.2	  0.2	0.149	0.000	0.000
64	  Y	  2.0	  0.3	0.149	0.000	0.000
65	  L	  3.7	  0.2	0.149	0.000	0.000
66	  D	  4.0	  0.2	1.774	0.000	0.000
67	  C	  6.7	  0.2	2.464	0.000	0.000
68	  I	  5.7	  0.0	2.464	0.000	0.000
69	  R	  5.1	  0.0	2.591	0.000	0.000
70	  A	  1.9	  0.0	2.591	0.000	0.000
71	  I	  1.5	  0.0	2.591	0.000	0.000
72	  A	  1.2	  0.3	2.591	0.000	0.000
73	  A	  0.9	  0.3	2.203	0.000	0.000
74	  N	  0.0	  0.4	1.716	0.000	0.000
75	  E	  0.1	  0.6	0.128	0.000	0.000
76	  A	  0.1	  0.3	0.000	0.000	0.000
77	  D	  0.1	  0.3	1.233	0.000	0.000
78	  A	  0.5	  0.2	1.233	0.000	0.000
79	  V	  7.9	  0.0	1.233	0.000	0.000
80	  T	  9.3	  0.1	1.233	0.000	0.000
81	  L	  9.1	  0.2	1.233	0.000	0.000
82	  D	  1.8	  0.4	1.233	0.000	0.000
83	  A	  0.2	  0.4	0.398	0.142	0.142
84	  G	  0.0	  0.3	0.398	0.142	0.142
85	  L	  1.4	  0.2	0.159	0.142	0.142
86	  V	  4.6	  0.0	0.000	0.142	0.142
87	  Y	  5.5	  0.0	0.000	0.142	0.142
88	  D	  4.2	  0.0	0.000	0.000	0.000
89	  A	  1.3	  0.0	0.000	0.000	0.000
90	  Y	  2.0	  0.0	0.000	0.000	0.000
91	  L	  1.9	  0.0	0.000	0.000	0.000
92	  A	  1.5	  1.0	0.000	0.000	0.000
93	  P	  0.0	  1.1	0.000	0.000	0.000
94	  N	  0.0	  1.1	0.000	0.000	0.000
95	  N	  0.6	  1.1	0.000	0.000	0.000
96	  L	  0.7	  0.1	0.000	0.000	0.000
97	  K	  0.7	  0.0	0.000	0.000	0.000
98	  P	  0.1	  0.0	0.000	0.000	0.000
99	  V	  4.6	  0.0	0.000	0.000	0.000
100	  V	  5.3	  0.0	0.000	0.000	0.000
101	  A	  5.4	  0.0	0.000	0.000	0.000
102	  E	  1.4	  0.0	0.000	0.000	0.000
103	  F	  1.6	  0.1	0.000	0.000	0.000
104	  Y	  1.6	  1.0	0.000	0.000	0.000
105	  G	  1.1	  1.1	0.000	0.000	0.000
106	  S	  0.7	  1.2	0.000	0.000	0.000
107	  K	  0.6	  1.0	0.000	0.000	0.000
108	  E	  0.6	  0.2	0.000	0.000	0.000
109	  D	  0.1	  0.6	0.774	0.000	0.000
110	  P	  0.0	  0.5	0.774	0.620	0.620
111	  Q	  0.9	  0.5	0.774	8.909	8.909
112	  T	  7.6	  0.5	0.774	39.910	39.910
113	  F	  8.9	  0.1	0.774	91.809	91.809
114	  Y	  9.4	  0.0	0.774	95.841	95.841
115	  Y	  3.9	  0.0	0.258	96.996	96.996
116	  A	  2.9	  0.0	0.104	97.275	97.275
117	  V	  8.3	  0.0	0.104	97.151	97.151
118	  A	  7.9	  0.0	0.104	93.208	93.208
119	  V	 10.3	  0.0	0.104	89.704	89.704
120	  V	  4.3	  0.0	0.104	72.939	72.939
121	  K	  3.4	  0.4	0.104	0.000	0.000
122	  K	  0.7	  0.6	0.000	0.000	0.000
123	  D	  0.1	  0.9	0.000	0.000	0.000
124	  S	  0.1	  0.9	0.000	0.000	0.000
125	  G	  0.1	  0.5	0.000	0.000	0.000
126	  F	  3.8	  0.3	0.000	0.000	0.000
127	  Q	  4.8	  0.0	0.000	0.000	0.000
128	  M	  5.0	  0.0	0.000	0.000	0.000
129	  N	  1.4	  0.1	0.408	0.000	0.000
130	  Q	  1.1	  0.1	0.408	0.000	0.000
131	  L	  1.0	  0.3	0.408	0.000	0.000
132	  R	  1.1	  0.3	0.408	0.000	0.000
133	  G	  0.3	  0.3	0.408	0.000	0.000
134	  K	  0.1	  0.5	0.408	0.000	0.000
135	  K	  1.2	  0.3	0.000	0.000	0.000
136	  S	  4.9	  0.3	0.000	0.000	0.000
137	  C	  5.3	  0.3	0.000	0.000	0.000
138	  H	  4.4	  0.2	0.000	0.000	0.000
139	  T	  0.6	  0.3	0.000	0.000	0.000
140	  G	  0.2	  0.5	0.000	0.000	0.000
141	  L	  0.1	  0.6	0.000	0.000	0.000
142	  G	  0.0	  0.6	0.000	0.000	0.000
143	  R	  0.3	  0.6	0.000	0.000	0.000
144	  S	  0.4	  1.0	0.000	0.000	0.000
145	  A	  0.4	  0.8	0.000	0.000	0.000
146	  G	  0.2	  0.7	0.000	0.000	0.000
147	  W	  5.2	  0.6	0.000	0.000	0.000
148	  N	  5.3	  0.0	0.000	0.000	0.000
149	  I	  5.3	  0.0	0.000	0.000	0.000
150	  P	  0.2	  0.0	0.000	0.000	0.000
151	  I	  0.3	  0.1	0.000	2.592	2.592
152	  G	  0.2	  0.1	0.000	2.592	2.592
153	  L	  0.8	  0.1	0.000	2.592	2.592
154	  L	  2.4	  0.1	0.000	2.592	2.592
155	  Y	  4.0	  0.2	0.000	2.592	2.592
156	  C	  4.4	  0.2	0.000	0.451	0.451
157	  D	  2.7	  0.2	0.000	0.000	0.000
158	  L	  1.1	  0.2	0.000	0.000	0.000
159	  P	  0.0	  0.0	0.000	0.000	0.000
160	  E	  0.0	  0.0	0.000	0.000	0.000
161	  P	  0.0	  0.0	0.000	0.000	0.000
162	  R	  0.1	  0.0	0.000	0.000	0.000
163	  K	  0.1	  0.0	0.000	0.000	0.000
164	  P	  0.1	  0.0	0.000	0.000	0.000
165	  L	  0.1	  0.1	0.000	0.000	0.000
166	  E	  0.2	  0.1	0.356	0.000	0.000
167	  K	  0.5	  0.1	0.356	0.000	0.000
168	  A	  0.7	  0.1	0.356	9.214	9.214
169	  V	  1.4	  0.4	0.356	10.574	10.574
170	  A	  1.3	  0.4	0.356	10.574	10.574
171	  N	  2.7	  0.4	0.356	10.574	10.574
172	  F	  4.2	  0.4	0.215	10.574	10.574
173	  F	  5.5	  0.4	0.000	9.950	9.950
174	  S	  4.0	  1.0	0.000	1.098	1.098
175	  G	  1.8	  1.0	0.000	0.000	0.000
176	  S	  2.7	  0.9	0.000	0.000	0.000
177	  C	  2.5	  0.6	0.000	0.000	0.000
178	  A	  2.4	  0.2	0.000	0.000	0.000
179	  P	  0.2	  0.1	0.000	0.000	0.000
180	  C	  0.2	  2.4	0.000	0.000	0.000
181	  A	  0.2	  2.5	0.000	0.000	0.000
182	  D	  0.2	  2.6	0.000	0.000	0.000
183	  G	  0.0	  2.7	0.000	0.000	0.000
184	  T	  0.7	  0.5	0.000	0.000	0.000
185	  D	  0.7	  0.3	0.000	0.000	0.000
186	  F	  0.7	  0.6	0.142	0.000	0.000
187	  P	  0.1	  0.6	0.142	0.000	0.000
188	  Q	  0.6	  0.6	0.142	0.000	0.000
189	  L	  0.8	  0.6	0.142	0.000	0.000
190	  C	  2.2	  0.2	0.142	0.000	0.000
191	  Q	  2.5	  0.1	0.142	0.000	0.000
192	  L	  2.4	  0.1	0.142	0.000	0.000
193	  C	  1.0	  5.1	0.142	0.000	0.000
194	  P	  0.1	  5.5	0.000	0.000	0.000
195	  G	  0.0	  5.5	0.000	0.000	0.000
196	  C	  0.2	  5.8	0.000	0.000	0.000
197	  G	  0.3	  0.8	0.000	0.000	0.000
198	  C	  0.5	  0.5	0.000	0.000	0.000
199	  S	  0.4	  0.5	0.000	0.000	0.000
200	  T	  2.2	  0.2	0.000	0.000	0.000
201	  L	  2.2	  0.2	0.000	0.000	0.000
202	  N	  3.2	  0.1	0.000	0.000	0.000
203	  Q	  4.5	  0.0	0.000	0.000	0.000
204	  Y	  5.2	  0.2	0.000	0.000	0.000
205	  F	  4.3	  0.1	0.000	0.000	0.000
206	  G	  1.3	  0.3	0.000	0.000	0.000
207	  Y	  1.6	  0.5	0.000	0.000	0.000
208	  S	  1.4	  0.7	0.000	0.000	0.000
209	  G	  1.4	  0.7	0.000	0.000	0.000
210	  A	  0.3	  0.6	0.000	0.000	0.000
211	  F	  4.6	  0.5	0.000	0.000	0.000
212	  K	  5.0	  0.1	0.000	0.000	0.000
213	  C	  7.1	  0.1	0.000	0.000	0.000
214	  L	  2.9	  0.8	0.000	0.000	0.000
215	  K	  2.5	  1.0	0.000	0.000	0.000
216	  D	  0.2	  1.2	0.000	0.000	0.000
217	  G	  0.0	  1.7	0.000	0.000	0.000
218	  A	  0.0	  1.3	0.000	0.000	0.000
219	  G	  0.0	  1.1	0.000	0.000	0.000
220	  D	  0.2	  0.8	0.187	0.148	0.148
221	  V	  2.1	  0.3	0.187	0.148	0.148
222	  A	  2.4	  0.0	0.187	0.148	0.148
223	  F	  4.4	  0.0	0.187	0.148	0.148
224	  V	  4.4	  0.0	0.187	0.148	0.148
225	  K	  4.1	  0.0	0.187	0.148	0.148
226	  H	  2.1	  0.2	0.000	0.000	0.000
227	  S	  0.6	  0.2	0.000	0.000	0.000
228	  T	  3.2	  0.1	0.584	0.000	0.000
229	  I	  4.0	  0.1	0.584	0.000	0.000
230	  F	  4.4	  0.6	1.344	0.000	0.000
231	  E	  1.8	  0.6	1.344	0.000	0.000
232	  N	  0.9	  0.6	2.920	0.000	0.000
233	  L	  0.1	  0.9	2.920	0.000	0.000
234	  A	  0.1	  0.3	2.920	0.000	0.000
235	  N	  0.1	  0.3	3.170	0.000	0.000
236	  K	  0.1	  0.9	2.258	0.000	0.000
237	  A	  0.1	  0.6	1.825	0.000	0.000
238	  D	  0.1	  2.6	1.301	0.000	0.000
239	  R	  0.1	  2.5	0.743	0.000	0.000
240	  D	  0.7	  2.0	2.897	0.000	0.000
241	  Q	  7.2	  2.0	2.601	0.000	0.000
242	  Y	  9.2	  0.1	2.267	0.000	0.000
243	  E	  8.7	  0.1	2.154	0.000	0.000
244	  L	  3.3	  0.1	2.154	0.000	0.000
245	  L	  2.3	  0.1	2.154	0.000	0.000
246	  C	  3.6	  0.3	1.961	0.000	0.000
247	  L	  2.6	  0.4	1.716	0.000	0.000
248	  D	  1.5	  0.4	1.151	0.000	0.000
249	  N	  0.7	  0.5	0.515	0.000	0.000
250	  T	  2.9	  0.2	0.115	0.000	0.000
251	  R	  2.9	  0.1	0.115	0.000	0.000
252	  K	  2.4	  0.0	0.115	0.000	0.000
253	  P	  0.1	  0.0	0.000	0.000	0.000
254	  V	  0.2	  0.0	0.000	0.000	0.000
255	  D	  0.2	  0.2	0.000	0.000	0.000
256	  E	  3.4	  0.2	0.000	0.000	0.000
257	  Y	  3.7	  0.6	0.000	0.000	0.000
258	  K	  3.8	  0.6	0.000	0.000	0.000
259	  D	  0.8	  0.4	0.140	0.000	0.000
260	  C	  1.7	  0.5	0.140	0.000	0.000
261	  H	  1.9	  0.0	0.140	0.000	0.000
262	  L	  1.8	  0.0	0.140	0.000	0.000
263	  A	  0.6	  0.0	0.140	0.000	0.000
264	  Q	  0.3	  0.0	0.140	0.000	0.000
265	  V	  0.3	  0.2	0.000	0.000	0.000
266	  P	  0.1	  0.2	0.000	0.000	0.000
267	  S	  1.1	  0.3	0.000	0.000	0.000
268	  H	  3.6	  0.3	0.000	0.000	0.000
269	  T	  9.1	  0.1	0.212	0.000	0.000
270	  V	 12.2	  0.0	0.212	0.000	0.000
271	  V	 10.7	  0.0	0.212	0.000	0.000
272	  A	  5.4	  0.1	0.212	0.000	0.000
273	  R	  1.6	  0.1	0.212	0.000	0.000
274	  S	  1.0	  0.2	0.212	0.000	0.000
275	  M	  0.9	  1.2	0.000	0.000	0.000
276	  G	  0.3	  1.1	0.000	0.000	0.000
277	  G	  0.0	  1.2	0.260	0.000	0.000
278	  K	  0.1	  1.6	0.260	0.000	0.000
279	  E	  0.1	  0.6	0.260	0.000	0.000
280	  D	  0.3	  0.6	3.505	0.000	0.000
281	  L	  0.6	  0.5	4.437	0.000	0.000
282	  I	  1.2	  0.0	5.003	0.000	0.000
283	  W	  2.3	  0.1	5.187	0.000	0.000
284	  E	  1.9	  0.1	5.187	0.000	0.000
285	  L	  1.8	  0.1	5.187	0.000	0.000
286	  L	  0.7	  0.1	5.187	0.000	0.000
287	  N	  0.7	  0.1	5.038	0.000	0.000
288	  Q	  0.5	  0.1	3.209	0.000	0.000
289	  A	  0.3	  0.1	0.657	0.000	0.000
290	  Q	  0.3	  0.1	0.455	0.000	0.000
291	  E	  0.6	  0.1	0.000	0.000	0.000
292	  H	  1.4	  0.7	0.000	0.000	0.000
293	  F	  1.4	  1.0	0.000	0.000	0.000
294	  G	  1.0	  1.3	0.000	0.000	0.000
295	  K	  0.2	  1.3	0.000	0.000	0.000
296	  D	  0.1	  2.3	0.340	0.000	0.000
297	  K	  0.6	  2.0	0.340	0.000	0.000
298	  S	  1.0	  1.7	0.340	0.000	0.000
299	  K	  1.1	  1.7	0.340	0.000	0.000
300	  E	  2.0	  0.1	0.340	0.000	0.000
301	  F	  4.9	  0.1	0.340	0.674	0.674
302	  Q	  5.8	  0.0	0.121	0.674	0.674
303	  L	  5.1	  0.0	0.000	0.674	0.674
304	  F	  4.5	  0.0	0.000	0.674	0.674
305	  S	  3.4	  0.0	0.000	0.674	0.674
306	  S	  2.8	  1.1	0.000	0.000	0.000
307	  P	  0.0	  1.5	0.000	0.000	0.000
308	  H	  0.1	  1.7	0.000	0.000	0.000
309	  G	  0.1	  2.1	0.160	0.000	0.000
310	  K	  0.1	  1.0	0.160	0.000	0.000
311	  D	  0.1	  0.6	0.160	0.000	0.000
312	  L	  0.6	  0.4	0.160	0.000	0.000
313	  L	  0.8	  0.0	0.160	0.000	0.000
314	  F	  1.3	  0.3	0.160	0.000	0.000
315	  K	  0.8	  0.4	0.000	0.000	0.000
316	  D	  0.6	  0.4	0.000	0.000	0.000
317	  S	  0.4	  0.9	0.000	0.000	0.000
318	  A	  0.5	  0.8	0.000	0.000	0.000
319	  H	  0.5	  0.7	0.000	0.000	0.000
320	  G	  0.2	  0.6	0.000	0.000	0.000
321	  F	  1.0	  0.2	0.000	0.000	0.000
322	  L	  3.8	  0.0	0.000	0.000	0.000
323	  K	  3.8	  0.0	0.000	0.000	0.000
324	  V	  2.9	  0.0	0.000	0.000	0.000
325	  P	  0.0	  0.2	0.000	0.000	0.000
326	  P	  0.0	  0.2	0.000	0.000	0.000
327	  R	  2.5	  0.5	0.000	0.000	0.000
328	  M	  2.7	  0.5	0.000	0.000	0.000
329	  D	  2.7	  0.3	1.125	0.000	0.000
330	  A	  0.6	  0.3	1.125	0.379	0.379
331	  K	  0.6	  0.0	1.125	0.829	0.829
332	  M	  1.5	  0.0	1.125	1.630	1.630
333	  Y	  1.6	  0.0	1.125	1.630	1.630
334	  L	  1.3	  0.0	1.125	1.630	1.630
335	  G	  0.5	  0.0	1.121	1.630	1.630
336	  Y	  4.2	  0.0	0.311	1.630	1.630
337	  E	  4.3	  0.0	0.146	0.829	0.829
338	  Y	  5.1	  0.0	0.146	28.160	28.160
339	  V	  4.0	  0.0	0.146	28.160	28.160
340	  T	  4.3	  0.0	0.336	28.160	28.160
341	  A	  4.0	  0.0	0.336	28.160	28.160
342	  I	  1.2	  0.1	0.336	28.160	28.160
343	  R	  0.8	  0.1	0.336	0.000	0.000
344	  N	  1.0	  0.1	0.191	0.000	0.000
345	  L	  0.8	  0.2	0.191	0.000	0.000
346	  R	  0.7	  0.4	0.000	0.000	0.000
347	  E	  0.1	  0.5	0.000	0.000	0.000
348	  G	  0.1	  0.5	0.000	0.000	0.000
349	  T	  0.5	  0.4	0.000	0.000	0.000
350	  C	  0.5	  0.6	0.000	0.000	0.000
351	  P	  0.4	  0.4	0.000	0.000	0.000
352	  E	  0.0	  0.4	0.000	0.000	0.000
353	  A	  0.0	  0.8	0.000	0.000	0.000
354	  P	  0.0	  0.4	0.000	0.000	0.000
355	  T	  0.0	  0.5	0.000	0.000	0.000
356	  D	  0.0	  0.6	0.000	0.000	0.000
357	  E	  2.4	  0.3	0.000	0.000	0.000
358	  C	  2.5	  0.2	0.000	0.000	0.000
359	  K	  2.5	  0.1	0.000	0.000	0.000
360	  P	  0.1	  0.0	0.000	0.000	0.000
361	  V	  2.7	  0.0	0.000	0.000	0.000
362	  K	  3.4	  0.0	0.000	0.000	0.000
363	  W	  5.0	  0.0	0.000	0.000	0.000
364	  C	  3.0	  0.0	0.000	0.000	0.000
365	  A	  2.6	  0.0	0.000	0.000	0.000
366	  L	  1.7	  0.1	0.000	0.000	0.000
367	  S	  1.5	  0.1	0.481	0.000	0.000
368	  H	  1.8	  0.1	0.481	0.000	0.000
369	  H	  1.3	  0.2	0.481	0.000	0.000
370	  E	  0.8	  0.2	0.481	0.000	0.000
371	  R	  0.7	  0.2	0.481	0.000	0.000
372	  L	  2.6	  0.2	0.481	0.000	0.000
373	  K	  3.1	  0.1	0.195	0.000	0.000
374	  C	  2.9	  0.0	0.000	0.000	0.000
375	  D	  0.7	  0.2	0.194	0.000	0.000
376	  E	  1.0	  0.1	0.194	0.000	0.000
377	  W	  4.0	  0.1	0.194	0.000	0.000
378	  S	  9.1	  0.4	0.194	0.000	0.000
379	  V	  9.7	  0.3	0.194	0.000	0.000
380	  N	  7.1	  0.3	0.194	0.000	0.000
381	  S	  2.2	  0.6	0.000	0.000	0.000
382	  V	  0.7	  0.3	0.000	0.000	0.000
383	  G	  0.4	  0.3	0.000	0.000	0.000
384	  K	  4.1	  0.3	0.000	0.000	0.000
385	  I	  6.1	  0.1	0.000	0.000	0.000
386	  E	  6.2	  0.0	0.000	0.000	0.000
387	  C	  3.9	  0.0	0.000	0.000	0.000
388	  V	  3.7	  0.0	0.000	0.000	0.000
389	  S	  4.0	  0.0	0.000	0.000	0.000
390	  A	  2.4	  0.1	0.000	0.000	0.000
391	  E	  0.6	  0.1	0.000	0.000	0.000
392	  T	  0.5	  0.1	0.000	0.000	0.000
393	  T	  0.5	  0.6	0.325	0.000	0.000
394	  E	  0.4	  0.5	0.325	0.000	0.000
395	  D	  0.9	  0.5	1.981	0.000	0.000
396	  C	 10.6	  0.5	2.686	0.000	0.000
397	  I	 11.0	  0.0	2.686	0.000	0.000
398	  A	 10.5	  0.0	2.686	0.000	0.000
399	  K	  1.4	  0.0	2.686	0.000	0.000
400	  I	  1.5	  0.2	2.472	0.000	0.000
401	  M	  1.3	  1.1	2.472	0.000	0.000
402	  N	  0.7	  1.2	1.462	0.000	0.000
403	  G	  0.2	  1.2	1.101	0.000	0.000
404	  E	  0.1	  1.3	0.346	0.000	0.000
405	  A	  0.1	  0.4	0.232	0.000	0.000
406	  D	  0.1	  0.3	0.481	0.000	0.000
407	  A	  0.3	  0.2	0.481	0.000	0.000
408	  M	  2.5	  0.1	0.481	0.000	0.000
409	  S	  4.9	  2.4	0.249	0.000	0.000
410	  L	  4.7	  2.5	0.249	0.000	0.000
411	  D	  2.6	  2.6	0.249	0.000	0.000
412	  G	  0.1	  2.6	0.000	2.517	2.517
413	  G	  0.0	  0.2	0.000	30.486	30.486
414	  F	  1.8	  0.1	0.000	67.512	67.512
415	  V	  4.5	  0.0	0.000	67.799	67.799
416	  Y	  6.1	  0.0	0.000	67.799	67.799
417	  I	  5.6	  0.3	0.000	67.799	67.799
418	  A	  2.9	  0.3	0.000	63.909	63.909
419	  G	  1.3	  0.5	0.000	5.838	5.838
420	  K	  0.4	  0.5	0.000	0.000	0.000
421	  C	  0.5	  0.2	0.000	0.000	0.000
422	  G	  0.5	  0.2	0.000	0.000	0.000
423	  L	  0.3	  0.0	0.000	0.000	0.000
424	  V	  0.2	  0.0	0.000	0.000	0.000
425	  P	  0.2	  0.0	0.000	0.000	0.000
426	  V	  1.3	  0.0	0.000	0.000	0.000
427	  L	  1.2	  0.0	0.000	0.000	0.000
428	  A	  1.2	  0.3	0.000	0.000	0.000
429	  E	  0.1	  0.3	0.000	0.000	0.000
430	  N	  1.0	  0.9	0.000	0.000	0.000
431	  Y	  1.7	  0.9	0.000	0.000	0.000
432	  N	  1.7	  1.9	0.000	0.000	0.000
433	  K	  0.8	  2.5	0.000	0.000	0.000
434	  S	  0.1	  3.6	0.000	0.000	0.000
435	  D	  0.1	  3.6	0.000	0.000	0.000
436	  N	  2.1	  2.3	0.000	0.000	0.000
437	  C	  2.7	  2.2	0.000	0.000	0.000
438	  E	  2.8	  0.5	0.000	0.000	0.000
439	  D	  0.7	  0.5	0.000	0.000	0.000
440	  T	  0.2	  0.7	0.750	0.000	0.000
441	  P	  0.0	  0.3	0.750	0.000	0.000
442	  E	  0.0	  0.5	0.750	0.015	0.015
443	  A	  0.0	  0.5	0.750	20.265	20.265
444	  G	  0.1	  0.3	1.081	44.215	44.215
445	  Y	  1.7	  0.2	1.081	81.222	81.222
446	  F	  2.6	  0.0	0.458	91.816	91.816
447	  A	  2.9	  0.0	0.332	92.518	92.518
448	  I	  4.8	  0.0	0.332	92.518	92.518
449	  A	  4.6	  0.0	0.332	92.406	92.406
450	  V	  7.1	  0.0	0.332	90.755	90.755
451	  V	  4.2	  0.0	0.332	73.763	73.763
452	  K	  3.4	  0.1	0.332	0.015	0.015
453	  K	  1.1	  0.1	0.158	0.000	0.000
454	  S	  3.4	  1.4	0.000	0.000	0.000
455	  A	  3.4	  1.6	0.000	0.000	0.000
456	  S	  3.0	  1.5	0.000	0.000	0.000
457	  D	  0.2	  1.5	0.000	0.000	0.000
458	  L	  3.4	  0.3	0.000	0.000	0.000
459	  T	  8.5	  0.1	1.289	0.000	0.000
460	  W	  8.5	  0.4	1.404	0.000	0.000
461	  D	  5.4	  0.5	1.788	0.000	0.000
462	  N	  0.5	  0.6	2.027	0.000	0.000
463	  L	  0.3	  1.4	2.027	0.000	0.000
464	  K	  0.4	  1.2	2.027	0.000	0.000
465	  G	  0.1	  1.2	1.760	0.000	0.000
466	  K	  0.1	  1.2	0.928	0.000	0.000
467	  K	  1.1	  0.3	0.239	0.000	0.000
468	  S	  4.8	  0.2	0.000	0.000	0.000
469	  C	  5.1	  0.2	0.000	0.000	0.000
470	  H	  4.8	  0.1	0.000	0.000	0.000
471	  T	  2.0	  0.0	0.000	0.000	0.000
472	  A	  1.8	  0.2	0.000	0.000	0.000
473	  V	  1.1	  0.7	0.000	0.000	0.000
474	  G	  0.2	  0.8	0.000	0.000	0.000
475	  R	  0.2	  0.8	0.000	0.000	0.000
476	  T	  0.2	  1.1	0.000	0.000	0.000
477	  A	  0.2	  0.5	0.000	0.000	0.000
478	  G	  0.2	  0.4	0.000	0.000	0.000
479	  W	  5.1	  0.4	0.000	0.000	0.000
480	  N	  5.3	  0.0	0.000	0.000	0.000
481	  I	  5.2	  0.1	0.000	0.000	0.000
482	  P	  0.2	  0.1	1.450	0.000	0.000
483	  M	  0.3	  0.2	1.450	0.242	0.242
484	  G	  0.2	  0.2	1.450	0.242	0.242
485	  L	  0.8	  0.0	1.450	0.242	0.242
486	  L	  1.0	  0.0	1.450	0.242	0.242
487	  Y	  1.7	  0.0	1.450	0.242	0.242
488	  N	  1.3	  0.0	1.450	0.000	0.000
489	  K	  2.4	  0.0	0.797	0.000	0.000
490	  I	  2.2	  0.0	0.525	0.000	0.000
491	  N	  2.2	  0.0	0.525	0.000	0.000
492	  H	  1.7	  0.0	0.148	0.000	0.000
493	  C	  2.0	  0.0	0.000	0.000	0.000
494	  R	  5.5	  0.0	0.000	0.000	0.000
495	  F	  4.7	  0.0	0.000	0.000	0.000
496	  D	  4.0	  0.0	0.000	0.000	0.000
497	  E	  0.8	  0.0	0.000	0.000	0.000
498	  F	  2.8	  0.0	0.000	0.000	0.000
499	  F	  3.4	  0.2	0.000	0.000	0.000
500	  S	  3.0	  1.4	0.000	0.000	0.000
501	  E	  0.7	  1.7	0.000	0.000	0.000
502	  G	  0.4	  1.7	0.000	0.000	0.000
503	  C	  0.6	  1.5	0.000	0.000	0.000
504	  A	  0.6	  2.3	0.000	0.000	0.000
505	  P	  0.2	  2.2	0.000	0.000	0.000
506	  G	  0.0	  2.3	0.000	0.000	0.000
507	  S	  0.1	  2.4	0.000	0.000	0.000
508	  K	  0.2	  0.8	0.000	0.000	0.000
509	  K	  0.2	  0.7	0.000	0.000	0.000
510	  D	  0.1	  1.3	0.000	0.000	0.000
511	  S	  0.2	  1.3	0.740	0.000	0.000
512	  S	  0.8	  0.9	1.211	0.000	0.000
513	  L	  0.9	  0.8	1.211	0.000	0.000
514	  C	  1.3	  0.2	1.211	0.000	0.000
515	  K	  1.2	  0.1	1.211	0.000	0.000
516	  L	  2.4	  0.1	1.211	0.000	0.000
517	  C	  2.5	  0.5	0.931	0.000	0.000
518	  M	  2.0	  1.1	0.503	0.000	0.000
519	  G	  0.7	  1.2	0.000	0.000	0.000
520	  S	  0.1	  1.3	0.000	0.000	0.000
521	  G	  0.1	  1.1	0.000	0.000	0.000
522	  L	  1.7	  0.4	0.000	0.000	0.000
523	  N	  1.9	  0.3	0.000	0.000	0.000
524	  L	  2.2	  0.2	0.000	0.000	0.000
525	  C	  1.1	  0.0	0.000	0.000	0.000
526	  E	  0.9	  0.6	0.000	0.000	0.000
527	  P	  0.5	  0.7	0.000	0.000	0.000
528	  N	  0.0	  0.7	0.145	0.000	0.000
529	  N	  0.1	  1.1	0.145	0.000	0.000
530	  K	  0.1	  0.8	0.145	0.000	0.000
531	  E	  0.1	  0.7	0.145	0.000	0.000
532	  G	  0.1	  0.7	0.145	0.000	0.000
533	  Y	  1.1	  0.5	0.145	0.321	0.321
534	  Y	  1.3	  0.2	0.000	0.321	0.321
535	  G	  1.4	  0.1	0.000	0.321	0.321
536	  Y	  1.8	  0.2	0.000	0.321	0.321
537	  T	  1.6	  0.3	0.000	0.321	0.321
538	  G	  1.4	  0.3	0.000	0.321	0.321
539	  A	  0.4	  0.3	0.000	0.321	0.321
540	  F	  8.5	  0.3	0.000	0.321	0.321
541	  R	  9.6	  0.1	0.000	0.000	0.000
542	  C	 10.8	  0.1	0.000	0.000	0.000
543	  L	  3.1	  0.1	0.000	0.000	0.000
544	  V	  2.9	  0.1	0.000	0.000	0.000
545	  E	  1.3	  0.3	0.000	0.000	0.000
546	  K	  1.1	  0.7	0.000	0.000	0.000
547	  G	  0.0	  0.7	0.000	0.000	0.000
548	  D	  0.2	  0.6	0.144	0.000	0.000
549	  V	  2.1	  0.4	0.144	0.000	0.000
550	  A	  2.4	  0.0	0.144	0.000	0.000
551	  F	  4.4	  0.0	0.144	0.000	0.000
552	  V	  4.5	  0.0	0.144	0.000	0.000
553	  K	  4.3	  0.0	0.144	0.000	0.000
554	  H	  2.3	  0.1	0.000	0.000	0.000
555	  Q	  0.9	  0.1	0.000	0.000	0.000
556	  T	  1.5	  0.1	0.000	0.000	0.000
557	  V	  1.3	  0.2	0.000	0.000	0.000
558	  P	  0.7	  0.3	0.000	0.000	0.000
559	  Q	  0.3	  0.3	0.000	0.000	0.000
560	  N	  0.3	  0.5	0.000	0.000	0.000
561	  T	  0.3	  1.2	0.000	0.000	0.000
562	  G	  0.0	  1.3	0.000	0.000	0.000
563	  G	  0.0	  1.2	0.000	0.000	0.000
564	  K	  0.1	  1.0	0.000	0.000	0.000
565	  N	  0.1	  0.2	0.000	0.000	0.000
566	  P	  0.0	  0.0	0.000	0.000	0.000
567	  D	  0.0	  0.4	1.462	0.000	0.000
568	  P	  0.0	  0.4	1.462	0.000	0.000
569	  W	  0.3	  0.4	1.462	0.000	0.000
570	  A	  0.4	  0.7	1.462	0.000	0.000
571	  K	  0.4	  0.2	1.462	0.000	0.000
572	  N	  0.4	  1.0	1.462	0.000	0.000
573	  L	  0.4	  1.0	0.874	0.000	0.000
574	  N	  0.4	  1.0	1.833	0.000	0.000
575	  E	  0.3	  1.1	1.471	0.000	0.000
576	  K	  0.3	  0.3	1.196	0.000	0.000
577	  D	  1.7	  0.3	2.148	0.000	0.000
578	  Y	  3.7	  0.3	2.148	0.000	0.000
579	  E	  3.7	  0.1	2.148	0.000	0.000
580	  L	  3.5	  0.1	1.988	0.000	0.000
581	  L	  2.4	  0.1	1.853	0.000	0.000
582	  C	  3.8	  0.7	1.853	0.000	0.000
583	  L	  2.7	  0.9	1.669	0.000	0.000
584	  D	  1.5	  1.1	1.090	0.000	0.000
585	  G	  0.1	  1.1	0.568	0.000	0.000
586	  T	  2.3	  0.4	0.000	0.000	0.000
587	  R	  2.3	  0.2	0.000	0.000	0.000
588	  K	  2.3	  0.0	0.000	0.000	0.000
589	  P	  0.1	  0.0	0.000	0.000	0.000
590	  V	  0.6	  0.1	0.000	0.000	0.000
591	  E	  0.6	  0.1	0.000	0.000	0.000
592	  E	  1.0	  0.1	0.000	0.000	0.000
593	  Y	  0.7	  0.6	0.000	0.000	0.000
594	  A	  0.7	  0.5	0.000	0.000	0.000
595	  N	  0.7	  0.5	0.176	0.000	0.000
596	  C	  1.8	  0.5	0.176	0.000	0.000
597	  H	  2.1	  0.0	0.176	0.000	0.000
598	  L	  1.8	  0.0	0.176	0.000	0.000
599	  A	  0.5	  0.0	0.176	0.000	0.000
600	  R	  0.2	  0.0	0.176	0.000	0.000
601	  A	  0.2	  0.8	0.000	0.000	0.000
602	  P	  0.0	  0.8	0.000	0.000	0.000
603	  N	  0.0	  0.8	0.000	0.000	0.000
604	  H	  0.6	  0.8	0.000	0.000	0.000
605	  A	  1.3	  0.0	0.000	0.000	0.000
606	  V	  4.2	  0.0	0.000	0.000	0.000
607	  V	  5.4	  0.0	0.000	0.000	0.000
608	  T	  5.7	  0.1	2.313	0.000	0.000
609	  R	  3.3	  0.5	2.313	0.000	0.000
610	  K	  1.6	  0.6	2.313	0.000	0.000
611	  D	  0.5	  0.7	2.313	0.000	0.000
612	  K	  0.2	  0.7	2.313	0.000	0.000
613	  E	  0.2	  0.2	2.313	0.000	0.000
614	  A	  0.4	  0.2	1.909	0.000	0.000
615	  C	  2.0	  0.0	1.379	0.000	0.000
616	  V	  3.1	  0.0	0.706	0.000	0.000
617	  H	  4.3	  0.0	0.874	0.000	0.000
618	  K	  3.1	  0.0	0.535	0.000	0.000
619	  I	  4.3	  0.0	0.310	0.000	0.000
620	  L	  3.2	  0.0	0.310	0.000	0.000
621	  R	  3.0	  0.1	0.310	0.000	0.000
622	  Q	  1.0	  0.1	0.310	0.000	0.000
623	  Q	  0.9	  0.1	0.000	0.000	0.000
624	  Q	  0.9	  0.1	0.000	0.000	0.000
625	  H	  1.1	  0.1	0.000	0.000	0.000
626	  L	  1.0	  0.2	0.000	0.000	0.000
627	  F	  0.8	  2.1	0.000	0.000	0.000
628	  G	  0.3	  2.4	0.000	0.000	0.000
629	  S	  0.2	  2.4	0.000	0.000	0.000
630	  N	  2.1	  2.2	0.000	0.000	0.000
631	  V	  3.6	  0.3	0.000	0.000	0.000
632	  T	  4.0	  0.1	0.000	0.000	0.000
633	  D	  2.2	  1.4	0.000	0.000	0.000
634	  C	  1.0	  1.6	0.000	0.000	0.000
635	  S	  0.7	  4.0	0.000	0.000	0.000
636	  G	  0.4	  4.0	0.000	0.000	0.000
637	  N	  1.0	  2.7	0.000	0.141	0.141
638	  F	  3.3	  2.5	0.000	0.141	0.141
639	  C	  3.8	  0.0	0.000	0.141	0.141
640	  L	  3.0	  0.0	0.000	0.141	0.141
641	  F	  2.6	  0.1	0.000	0.141	0.141
642	  R	  2.2	  0.1	0.000	0.000	0.000
643	  S	  2.1	  0.3	0.175	0.000	0.000
644	  E	  0.6	  0.3	0.175	0.000	0.000
645	  T	  1.0	  0.5	0.524	0.000	0.000
646	  K	  1.0	  0.5	0.524	0.000	0.000
647	  D	  0.5	  0.3	0.524	0.000	0.000
648	  L	  0.6	  0.3	0.524	0.000	0.000
649	  L	  0.7	  0.0	0.524	0.000	0.000
650	  F	  1.4	  0.3	0.524	0.000	0.000
651	  R	  0.9	  0.5	0.000	0.000	0.000
652	  D	  0.8	  0.6	0.262	0.000	0.000
653	  D	  0.6	  0.6	0.651	0.000	0.000
654	  T	  3.6	  0.3	1.487	0.395	0.395
655	  V	  5.3	  0.1	1.487	0.395	0.395
656	  C	  7.0	  0.0	2.116	0.395	0.395
657	  L	  4.1	  0.0	2.116	0.395	0.395
658	  A	  2.6	  0.0	2.116	0.395	0.395
659	  K	  0.8	  0.0	2.116	0.000	0.000
660	  L	  1.0	  0.1	0.767	0.000	0.000
661	  H	  0.7	  0.2	0.629	0.000	0.000
662	  D	  0.2	  1.5	0.568	0.000	0.000
663	  R	  0.2	  1.6	0.346	0.000	0.000
664	  N	  3.1	  1.5	0.346	0.000	0.000
665	  T	 13.8	  1.4	0.346	0.000	0.000
666	  Y	 15.5	  0.1	0.346	0.000	0.000
667	  E	 12.8	  0.1	0.346	0.000	0.000
668	  K	  2.4	  0.1	0.119	0.000	0.000
669	  Y	  0.7	  0.1	0.000	0.000	0.000
670	  L	  0.6	  0.1	0.000	0.000	0.000
671	  G	  0.4	  0.2	1.051	0.000	0.000
672	  E	  0.1	  0.2	1.051	0.000	0.000
673	  E	  0.2	  0.2	1.051	0.000	0.000
674	  Y	  2.3	  0.1	1.051	0.000	0.000
675	  V	  4.5	  0.0	1.051	0.000	0.000
676	  K	  4.6	  0.0	1.051	0.000	0.000
677	  A	  2.6	  0.0	0.852	0.000	0.000
678	  V	  0.5	  1.2	0.732	0.000	0.000
679	  G	  0.2	  1.2	0.732	0.000	0.000
680	  N	  0.7	  1.2	0.429	0.000	0.000
681	  L	  0.9	  1.3	0.131	0.000	0.000
682	  R	  1.0	  0.1	0.000	0.000	0.000
683	  K	  0.9	  0.1	0.000	0.000	0.000
684	  C	  0.9	  0.2	0.000	0.000	0.000
685	  S	  3.0	  0.4	0.000	0.000	0.000
686	  T	  3.8	  0.5	0.000	0.000	0.000
687	  S	  3.6	  0.6	0.000	0.000	0.000
688	  S	  1.7	  0.4	0.243	0.000	0.000
689	  L	  0.4	  0.2	0.243	0.000	0.000
690	  L	  0.5	  0.1	0.243	0.000	0.000
691	  E	  0.3	  0.0	0.243	0.000	0.000
692	  A	  0.3	  0.0	0.243	0.000	0.000
693	  C	  2.9	  0.0	0.243	0.000	0.000
694	  T	 15.5	  0.0	0.000	0.000	0.000
695	  F	 18.9	  0.0	0.000	0.000	0.000
696	  R	 16.3	  0.0	0.000	0.000	0.000
697	  R	  4.1	  0.0	0.000	0.000	0.000
698	  P	  0.1	  0.0	0.000	0.000	0.000
