res	aa	Beta	Turn	Helix	Aggregation	Conc-Stab_Aggregation
01	  M	  0.4	  0.0	0.000	0.000	0.000
02	  A	  0.8	  0.0	0.000	1.048	1.048
03	  M	  1.7	  0.0	0.000	1.538	1.538
04	  V	  1.7	  0.1	0.000	1.538	1.538
05	  S	  1.4	  0.1	1.850	1.538	1.538
06	  E	  0.6	  0.1	1.850	1.538	1.538
07	  F	  1.0	  0.1	1.850	1.538	1.538
08	  L	  1.1	  0.1	1.850	1.538	1.538
09	  K	  1.1	  0.1	1.850	1.538	1.538
10	  Q	  0.6	  0.1	1.850	4.638	4.638
11	  A	  0.7	  0.1	0.887	4.638	4.638
12	  W	  1.2	  0.0	0.620	4.638	4.638
13	  F	  2.0	  0.0	0.371	4.638	4.638
14	  I	  1.9	  0.1	0.000	4.638	4.638
15	  E	  1.3	  0.1	0.000	0.000	0.000
16	  N	  0.2	  0.3	0.000	0.000	0.000
17	  E	  0.0	  0.3	0.000	0.000	0.000
18	  E	  0.1	  0.2	0.000	0.000	0.000
19	  Q	  0.4	  0.2	0.000	0.000	0.000
20	  E	  0.5	  0.1	0.000	0.000	0.000
21	  Y	  1.7	  0.0	0.000	1.946	1.946
22	  V	  1.7	  0.0	0.000	1.946	1.946
23	  Q	  2.0	  0.0	0.000	1.946	1.946
24	  T	 16.7	  0.0	0.000	1.946	1.946
25	  V	 18.9	  0.1	0.000	1.946	1.946
26	  K	 18.7	  0.1	0.000	0.000	0.000
27	  S	  3.3	  0.4	0.000	0.000	0.000
28	  S	  0.3	  0.7	0.000	0.000	0.000
29	  K	  0.2	  0.7	0.000	0.000	0.000
30	  G	  0.1	  0.7	0.000	0.000	0.000
31	  G	  0.0	  3.2	0.000	0.000	0.000
32	  P	  0.0	  3.1	0.000	0.000	0.000
33	  G	  0.1	  3.1	0.000	0.000	0.000
34	  S	  0.4	  3.0	0.000	0.000	0.000
35	  A	  1.4	  0.3	0.000	0.000	0.000
36	  V	  1.7	  0.0	0.000	0.000	0.000
37	  S	  1.4	  0.0	0.000	0.000	0.000
38	  P	  0.4	  0.0	0.000	0.000	0.000
39	  Y	  0.0	  0.2	0.000	0.000	0.000
40	  P	  0.0	  0.2	0.000	0.000	0.000
41	  T	 13.8	  0.2	0.000	0.000	0.000
42	  F	 14.0	  0.2	0.000	0.000	0.000
43	  N	 14.0	  3.1	0.000	0.000	0.000
44	  P	  0.2	  3.2	0.000	0.000	0.000
45	  S	  0.1	  4.5	0.000	0.000	0.000
46	  S	  0.1	  4.5	0.894	0.000	0.000
47	  D	  0.3	  1.5	2.315	0.000	0.000
48	  V	  1.4	  1.3	2.478	0.000	0.000
49	  A	  1.6	  0.0	2.478	0.000	0.000
50	  A	  1.7	  0.0	2.478	0.000	0.000
51	  L	  0.7	  0.0	2.478	0.000	0.000
52	  H	  0.8	  0.1	2.208	0.000	0.000
53	  K	  0.8	  0.1	1.256	0.000	0.000
54	  A	  1.1	  0.1	0.607	0.000	0.000
55	  I	  4.7	  0.0	0.607	0.000	0.000
56	  M	  5.2	  0.0	0.607	0.000	0.000
57	  V	  5.1	  0.7	0.194	0.000	0.000
58	  K	  1.3	  0.7	0.194	0.000	0.000
59	  G	  0.6	  0.7	0.000	0.000	0.000
60	  V	  0.2	  0.8	0.000	0.000	0.000
61	  D	  0.2	  0.1	10.768	0.000	0.000
62	  E	  0.3	  0.1	10.768	0.000	0.000
63	  A	  0.9	  0.1	10.768	0.187	0.187
64	  T	  2.9	  0.1	11.969	0.788	0.788
65	  I	  3.4	  0.0	11.969	0.924	0.924
66	  I	  7.1	  0.0	11.969	0.924	0.924
67	  D	  5.2	  0.0	15.733	0.924	0.924
68	  I	  5.9	  0.0	15.142	0.924	0.924
69	  L	  1.9	  0.0	15.142	0.924	0.924
70	  T	  2.9	  0.1	13.574	0.924	0.924
71	  K	  1.6	  0.2	13.352	0.924	0.924
72	  R	  1.3	  0.3	8.774	0.000	0.000
73	  N	  0.2	  0.3	3.062	0.000	0.000
74	  N	  0.2	  0.4	1.951	0.000	0.000
75	  A	  0.2	  0.3	1.253	0.000	0.000
76	  Q	  0.7	  0.2	0.931	0.000	0.000
77	  R	  1.0	  0.3	0.261	0.000	0.000
78	  Q	  1.1	  0.1	0.261	0.000	0.000
79	  Q	  2.4	  0.1	0.261	0.000	0.000
80	  I	  3.6	  0.0	0.000	0.000	0.000
81	  K	  3.6	  0.0	0.000	0.000	0.000
82	  A	  1.8	  0.0	0.000	0.000	0.000
83	  A	  0.6	  0.0	0.000	0.000	0.000
84	  Y	  1.3	  0.0	0.000	0.000	0.000
85	  L	  1.2	  0.0	0.000	0.000	0.000
86	  Q	  1.0	  0.2	0.000	0.000	0.000
87	  E	  0.1	  0.3	0.000	0.000	0.000
88	  T	  0.3	  0.3	0.000	0.000	0.000
89	  G	  0.2	  0.3	0.000	0.000	0.000
90	  K	  0.2	  0.2	0.000	0.000	0.000
91	  P	  0.0	  0.1	0.000	0.000	0.000
92	  L	  0.0	  0.2	0.000	0.000	0.000
93	  D	  0.0	  0.3	6.380	0.000	0.000
94	  E	  0.0	  0.1	6.380	0.000	0.000
95	  T	  3.0	  0.1	7.552	0.000	0.000
96	  L	  3.1	  0.2	7.552	0.000	0.000
97	  K	  3.2	  0.1	7.552	0.000	0.000
98	  K	  0.3	  0.1	7.552	0.000	0.000
99	  A	  0.3	  0.1	5.782	0.000	0.000
100	  L	  0.4	  0.1	4.761	0.000	0.000
101	  T	  0.3	  0.2	3.276	0.000	0.000
102	  G	  0.2	  0.2	3.486	0.000	0.000
103	  H	  0.5	  0.2	5.827	0.000	0.000
104	  L	  0.4	  0.1	5.864	0.000	0.000
105	  E	  0.4	  0.0	11.179	0.000	0.000
106	  E	  0.5	  0.0	13.104	0.061	0.061
107	  V	  7.4	  0.0	13.903	78.369	78.369
108	  V	  8.3	  0.0	14.607	93.735	93.735
109	  L	  8.1	  0.0	14.607	93.735	93.735
110	  A	  1.5	  0.0	14.607	93.735	93.735
111	  L	  0.7	  0.0	14.607	93.735	93.735
112	  L	  0.6	  0.0	14.099	81.616	81.616
113	  K	  0.5	  0.0	13.126	0.061	0.061
114	  T	  0.3	  0.0	1.950	0.000	0.000
115	  P	  0.1	  0.0	0.000	0.000	0.000
116	  A	  0.3	  0.0	0.000	0.000	0.000
117	  Q	  1.5	  0.0	0.000	0.000	0.000
118	  F	  2.2	  0.0	0.000	0.000	0.000
119	  D	  1.9	  2.8	17.289	0.000	0.000
120	  A	  0.6	  2.9	18.655	0.000	0.000
121	  D	  0.0	  3.0	24.654	0.000	0.000
122	  E	  0.2	  3.0	25.990	0.000	0.000
123	  L	  0.5	  0.1	26.103	0.000	0.000
124	  R	  0.5	  0.1	26.103	0.000	0.000
125	  A	  0.5	  0.0	25.601	0.000	0.000
126	  A	  0.3	  0.0	24.891	0.000	0.000
127	  M	  0.4	  0.1	22.285	0.000	0.000
128	  K	  0.3	  0.2	15.377	0.000	0.000
129	  G	  0.1	  0.2	7.856	0.000	0.000
130	  L	  0.0	  0.3	3.321	0.000	0.000
131	  G	  0.0	  0.2	0.429	0.000	0.000
132	  T	  0.1	  0.2	0.000	0.000	0.000
133	  D	  0.1	  2.8	3.030	0.000	0.000
134	  E	  0.1	  2.7	3.253	0.000	0.000
135	  D	  0.1	  2.6	4.756	0.000	0.000
136	  T	  0.6	  2.6	10.214	0.000	0.000
137	  L	  0.6	  0.0	10.372	0.000	0.000
138	  I	  4.6	  0.0	10.642	0.000	0.000
139	  E	  4.3	  0.0	10.642	0.000	0.000
140	  I	  4.9	  0.0	10.642	0.000	0.000
141	  L	  1.1	  0.1	10.642	0.000	0.000
142	  A	  1.0	  0.1	10.284	0.000	0.000
143	  S	  0.5	  0.2	9.219	0.000	0.000
144	  R	  0.9	  0.3	3.111	0.000	0.000
145	  T	  1.0	  0.2	0.605	0.000	0.000
146	  N	  0.8	  0.2	0.605	0.000	0.000
147	  K	  0.7	  0.1	0.417	0.000	0.000
148	  E	  1.5	  0.1	0.264	0.000	0.000
149	  I	  1.6	  0.1	0.264	0.000	0.000
150	  R	  1.5	  0.1	0.264	0.000	0.000
151	  D	  1.4	  0.6	0.237	0.000	0.000
152	  I	  1.8	  0.6	0.237	0.000	0.000
153	  N	  1.6	  0.5	2.180	0.000	0.000
154	  R	  3.3	  0.5	2.064	0.000	0.000
155	  V	  4.9	  0.0	2.218	0.000	0.000
156	  Y	  5.4	  0.0	3.149	0.000	0.000
157	  R	  2.8	  0.1	4.837	0.000	0.000
158	  E	  0.6	  0.1	5.160	0.000	0.000
159	  E	  1.3	  0.1	5.528	0.000	0.000
160	  L	  1.3	  0.1	5.376	0.000	0.000
161	  K	  1.4	  0.4	5.517	0.000	0.000
162	  R	  0.3	  0.4	5.247	0.000	0.000
163	  D	  0.2	  0.4	4.603	0.000	0.000
164	  L	  0.1	  0.3	3.624	0.000	0.000
165	  A	  0.1	  0.2	3.624	0.000	0.000
166	  K	  0.3	  0.2	3.027	0.000	0.000
167	  D	  1.7	  0.2	0.120	0.000	0.000
168	  I	  4.1	  0.2	0.000	0.000	0.000
169	  T	  4.0	  0.2	0.000	0.000	0.000
170	  S	  2.6	  0.3	0.000	0.000	0.000
171	  D	  0.2	  1.6	0.000	0.000	0.000
172	  T	  0.2	  1.8	0.000	0.000	0.000
173	  S	  0.2	  4.3	0.000	0.000	0.000
174	  G	  0.1	  4.2	0.000	0.000	0.000
175	  D	  1.2	  3.0	0.524	0.000	0.000
176	  F	  2.0	  2.9	0.524	0.000	0.000
177	  R	  2.0	  0.2	0.524	0.000	0.000
178	  N	  0.9	  0.2	0.900	0.000	0.000
179	  A	  0.3	  0.2	0.900	0.146	0.146
180	  L	  0.8	  0.0	0.900	0.545	0.545
181	  L	  2.6	  0.0	0.900	0.545	0.545
182	  S	  2.4	  0.0	0.740	0.545	0.545
183	  L	  2.0	  0.2	0.568	0.545	0.545
184	  A	  0.2	  0.6	0.389	0.399	0.399
185	  K	  0.1	  1.7	0.389	0.000	0.000
186	  G	  0.0	  1.8	0.000	0.000	0.000
187	  D	  0.0	  2.6	0.000	0.000	0.000
188	  R	  0.1	  2.3	0.000	0.000	0.000
189	  S	  0.2	  3.5	0.000	0.000	0.000
190	  E	  0.2	  3.5	0.000	0.000	0.000
191	  D	  0.1	  2.6	0.000	0.000	0.000
192	  F	  0.3	  2.6	0.000	0.000	0.000
193	  G	  0.3	  0.2	0.000	0.000	0.000
194	  V	  0.6	  0.2	0.000	0.000	0.000
195	  N	  0.4	  1.4	0.000	0.000	0.000
196	  E	  0.3	  1.4	0.000	0.000	0.000
197	  D	  0.0	  1.4	0.000	0.000	0.000
198	  L	  0.1	  1.6	0.000	0.000	0.000
199	  A	  0.1	  0.4	0.000	0.000	0.000
200	  D	  0.1	  3.9	0.143	0.000	0.000
201	  S	  0.0	  3.9	2.751	0.000	0.000
202	  D	  0.1	  3.9	5.400	0.000	0.000
203	  A	  0.1	  3.8	5.400	0.000	0.000
204	  R	  0.3	  0.3	5.400	0.000	0.000
205	  A	  0.4	  0.2	5.400	0.000	0.000
206	  L	  0.5	  0.0	5.400	0.000	0.000
207	  Y	  2.6	  0.1	4.748	0.000	0.000
208	  E	  2.4	  0.3	3.264	0.000	0.000
209	  A	  2.3	  0.4	2.402	0.000	0.000
210	  G	  0.0	  0.5	2.170	0.000	0.000
211	  E	  0.2	  0.4	1.505	0.000	0.000
212	  R	  0.4	  0.3	0.849	0.000	0.000
213	  R	  0.4	  0.4	0.653	0.000	0.000
214	  K	  0.3	  0.4	0.653	0.000	0.000
215	  G	  0.1	  0.5	0.242	0.000	0.000
216	  T	  0.4	  0.4	0.000	0.000	0.000
217	  D	  1.2	  0.4	0.000	0.000	0.000
218	  V	 13.4	  0.3	0.000	12.871	12.871
219	  N	 16.7	  0.2	0.000	13.942	13.942
220	  V	 19.2	  0.2	0.000	28.187	28.187
221	  F	  8.6	  0.0	0.000	29.252	29.252
222	  N	  5.2	  0.0	0.000	29.252	29.252
223	  T	  4.3	  0.0	0.000	29.466	29.466
224	  I	  5.2	  0.0	0.000	29.466	29.466
225	  L	  4.4	  0.0	0.000	27.474	27.474
226	  T	  3.1	  0.0	0.000	15.676	15.676
227	  T	  3.8	  0.1	0.000	5.983	5.983
228	  R	  6.1	  0.1	0.000	0.000	0.000
229	  S	  5.3	  0.1	0.000	0.000	0.000
230	  Y	  3.1	  0.5	0.000	0.000	0.000
231	  P	  0.3	  0.5	0.000	0.000	0.000
232	  Q	  0.8	  0.5	0.000	0.000	0.000
233	  L	  0.9	  0.5	0.000	0.000	0.000
234	  R	  1.7	  0.1	0.000	0.000	0.000
235	  R	  3.6	  0.0	0.000	0.000	0.000
236	  V	  7.4	  0.0	0.000	0.000	0.000
237	  F	  8.4	  0.0	0.000	0.000	0.000
238	  Q	  6.4	  0.0	0.000	0.000	0.000
239	  K	  5.3	  0.0	0.000	0.000	0.000
240	  Y	  7.4	  0.1	0.000	0.000	0.000
241	  T	  8.1	  0.0	0.000	0.000	0.000
242	  K	  5.9	  0.0	0.000	0.000	0.000
243	  Y	  4.1	  0.1	0.000	0.000	0.000
244	  S	  3.0	  0.2	0.297	0.000	0.000
245	  K	  2.4	  0.3	0.297	0.000	0.000
246	  H	  0.5	  0.3	0.297	0.000	0.000
247	  D	  0.5	  1.8	0.444	0.000	0.000
248	  M	  0.5	  1.7	0.444	0.000	0.000
249	  N	  0.5	  1.6	0.696	0.000	0.000
250	  K	  1.2	  1.6	0.511	0.000	0.000
251	  V	  3.8	  0.1	0.399	0.000	0.000
252	  L	  4.7	  0.1	0.399	0.000	0.000
253	  D	  4.0	  0.1	0.949	0.000	0.000
254	  L	  2.0	  0.1	0.949	0.000	0.000
255	  E	  2.2	  0.1	0.949	0.000	0.000
256	  L	  2.0	  0.4	0.949	0.000	0.000
257	  K	  1.4	  0.9	0.949	0.000	0.000
258	  G	  0.1	  0.8	0.549	0.000	0.000
259	  D	  1.7	  0.8	0.404	0.000	0.000
260	  I	  2.3	  0.5	0.222	0.282	0.282
261	  E	  2.6	  0.1	0.222	0.282	0.282
262	  K	  1.4	  0.1	0.222	0.282	0.282
263	  C	  1.1	  0.1	1.113	5.360	5.360
264	  L	  1.6	  0.0	1.113	9.110	9.110
265	  T	  1.5	  0.0	1.343	9.110	9.110
266	  A	  1.7	  0.0	1.343	9.110	9.110
267	  I	  3.8	  0.0	1.343	9.110	9.110
268	  V	  8.7	  0.0	1.343	8.763	8.763
269	  K	  8.8	  0.0	1.343	0.000	0.000
270	  C	  6.3	  0.2	0.541	0.000	0.000
271	  A	  1.2	  0.2	0.120	0.000	0.000
272	  T	  3.0	  0.2	0.000	0.000	0.000
273	  S	  2.9	  0.2	0.000	0.000	0.000
274	  K	  2.7	  0.0	0.000	0.000	0.000
275	  P	  0.1	  0.0	0.000	0.000	0.000
276	  A	  0.3	  0.0	0.000	0.000	0.000
277	  F	  2.1	  0.0	0.000	0.000	0.000
278	  F	  2.5	  0.0	0.000	0.000	0.000
279	  A	  2.2	  0.1	0.000	0.000	0.000
280	  E	  0.5	  0.1	0.000	0.000	0.000
281	  K	  0.7	  0.1	0.000	0.000	0.000
282	  L	  0.8	  0.1	0.000	0.000	0.000
283	  H	  1.1	  0.1	0.000	0.000	0.000
284	  Q	  0.7	  0.1	0.000	0.000	0.000
285	  A	  0.7	  0.1	0.000	0.000	0.000
286	  M	  0.5	  0.3	0.000	0.000	0.000
287	  K	  0.4	  0.3	0.000	0.000	0.000
288	  G	  0.1	  0.3	0.000	0.000	0.000
289	  V	  0.1	  0.5	0.000	0.000	0.000
290	  G	  0.1	  0.2	0.000	0.000	0.000
291	  T	  0.8	  0.3	0.000	0.000	0.000
292	  R	  1.1	  0.3	0.000	0.000	0.000
293	  H	  1.4	  0.1	0.000	0.000	0.000
294	  K	  0.7	  0.1	0.000	0.000	0.000
295	  A	  0.6	  0.1	0.000	0.000	0.000
296	  L	  0.5	  0.1	0.000	0.000	0.000
297	  I	  9.2	  0.0	0.000	0.000	0.000
298	  R	 11.9	  0.0	0.000	0.000	0.000
299	  I	 15.1	  0.0	0.000	0.000	0.000
300	  M	  7.4	  0.0	0.000	0.000	0.000
301	  V	  5.1	  0.0	0.000	0.000	0.000
302	  S	  3.0	  0.5	0.737	0.000	0.000
303	  R	  2.3	  0.5	0.737	0.000	0.000
304	  S	  1.6	  0.5	1.661	0.000	0.000
305	  E	  2.9	  0.5	1.661	0.000	0.000
306	  I	  5.6	  0.1	1.661	0.000	0.000
307	  D	  5.7	  1.7	5.631	0.000	0.000
308	  M	  3.1	  1.8	5.502	0.000	0.000
309	  N	  0.4	  1.7	7.725	0.000	0.000
310	  D	  1.2	  1.7	7.674	0.000	0.000
311	  I	  2.4	  0.1	7.543	0.000	0.000
312	  K	  2.4	  0.0	7.543	0.000	0.000
313	  A	  1.8	  0.0	7.026	0.000	0.000
314	  F	  2.4	  0.0	6.817	0.000	0.000
315	  Y	  4.1	  0.1	4.907	0.000	0.000
316	  Q	  4.1	  0.1	3.102	0.000	0.000
317	  K	  2.4	  0.1	2.575	0.000	0.000
318	  M	  0.8	  0.1	2.319	0.000	0.000
319	  Y	  0.8	  0.2	2.319	0.000	0.000
320	  G	  0.6	  0.2	1.732	0.000	0.000
321	  I	  4.0	  0.2	0.000	0.000	0.000
322	  S	  4.3	  0.2	0.280	0.000	0.000
323	  L	  4.4	  0.0	0.280	0.000	0.000
324	  C	  3.2	  0.1	0.937	0.000	0.000
325	  Q	  2.6	  0.0	0.937	0.000	0.000
326	  A	  3.0	  0.0	0.937	0.000	0.000
327	  I	  1.2	  0.1	0.937	0.000	0.000
328	  L	  1.1	  0.1	0.937	0.000	0.000
329	  D	  0.5	  0.3	0.937	0.000	0.000
330	  E	  0.5	  0.4	0.559	0.000	0.000
331	  T	  0.5	  0.7	0.000	0.000	0.000
332	  K	  0.5	  2.7	0.000	0.000	0.000
333	  G	  0.1	  2.4	0.417	0.000	0.000
334	  D	  1.4	  2.4	2.218	0.000	0.000
335	  Y	  3.3	  2.0	2.218	0.117	0.117
336	  E	  3.4	  0.1	2.351	0.141	0.141
337	  K	  2.5	  0.1	2.351	0.141	0.141
338	  I	  3.8	  0.1	2.351	86.285	86.285
339	  L	  4.6	  0.0	2.351	86.618	86.618
340	  V	  7.4	  0.0	2.351	86.618	86.618
341	  A	  4.4	  0.0	2.351	86.599	86.599
342	  L	  3.6	  0.0	1.894	86.599	86.599
343	  C	  0.3	  0.5	1.677	15.842	15.842
344	  G	  0.2	  0.5	0.459	0.752	0.752
345	  G	  0.1	  0.5	0.140	0.139	0.139
346	  N	  0.0	  0.5	0.000	0.000	0.000
