res	aa	Beta	Turn	Helix	Aggregation	Conc-Stab_Aggregation
01	  M	  0.1	  0.0	0.000	0.000	0.000
02	  A	  0.3	  0.0	0.000	0.000	0.000
03	  A	  0.6	  0.0	0.000	0.000	0.000
04	  L	  0.9	  0.0	0.000	0.000	0.000
05	  M	  0.9	  0.0	0.000	0.000	0.000
06	  T	  0.6	  1.1	0.000	0.000	0.000
07	  P	  0.2	  1.3	0.000	0.000	0.000
08	  G	  0.0	  1.5	0.000	0.000	0.000
09	  T	  0.1	  1.5	0.000	0.000	0.000
10	  G	  0.1	  0.4	0.000	0.000	0.000
11	  A	  0.1	  0.2	0.000	0.000	0.000
12	  P	  0.0	  0.0	0.000	0.000	0.000
13	  P	  0.0	  0.0	0.000	0.000	0.000
14	  A	  0.0	  1.4	0.000	0.000	0.000
15	  P	  0.0	  2.4	0.000	0.000	0.000
16	  G	  0.0	  2.4	0.000	0.000	0.000
17	  D	  0.6	  3.2	0.000	0.000	0.000
18	  F	  2.0	  2.0	0.000	0.000	0.000
19	  S	  2.1	  1.5	0.000	0.000	0.000
20	  G	  1.5	  2.3	0.000	0.000	0.000
21	  E	  0.1	  2.0	0.000	0.000	0.000
22	  G	  0.0	  2.0	0.000	0.000	0.000
23	  S	  0.1	  1.7	0.000	0.000	0.000
24	  Q	  0.1	  0.9	0.000	0.000	0.000
25	  G	  0.1	  0.5	0.000	0.000	0.000
26	  L	  0.0	  0.2	0.000	0.000	0.000
27	  P	  0.0	  0.0	0.000	0.000	0.000
28	  D	  0.0	  0.0	0.000	0.000	0.000
29	  P	  0.0	  0.0	0.000	0.000	0.000
30	  S	  0.0	  0.0	0.000	0.000	0.000
31	  P	  0.0	  0.0	0.000	0.000	0.000
32	  E	  0.1	  0.0	0.000	0.000	0.000
33	  P	  0.0	  0.1	0.000	0.000	0.000
34	  K	  0.3	  0.1	0.000	0.000	0.000
35	  Q	  0.4	  0.1	0.000	0.000	0.000
36	  L	  0.4	  0.2	0.264	0.000	0.000
37	  P	  0.1	  0.2	2.464	0.000	0.000
38	  E	  0.0	  0.2	2.748	0.000	0.000
39	  L	  0.2	  0.2	2.748	0.000	0.000
40	  I	  4.9	  0.0	2.748	0.000	0.000
41	  R	  5.2	  0.0	2.748	0.000	0.000
42	  M	  5.1	  0.1	2.748	0.000	0.000
43	  K	  0.6	  1.0	1.557	0.000	0.000
44	  R	  0.2	  1.2	0.185	0.000	0.000
45	  D	  0.1	  3.3	0.000	0.000	0.000
46	  G	  0.0	  3.4	0.000	0.000	0.000
47	  G	  0.0	  2.5	0.000	0.000	0.000
48	  R	  0.4	  2.3	0.000	0.000	0.000
49	  L	  0.5	  0.2	0.000	0.000	0.000
50	  S	  0.5	  0.1	3.144	0.000	0.000
51	  E	  0.1	  0.3	3.144	0.000	0.000
52	  A	  0.2	  0.3	3.144	0.024	0.024
53	  D	  2.1	  0.2	3.144	0.053	0.053
54	  I	  4.2	  0.3	3.144	0.053	0.053
55	  R	  4.2	  0.2	3.144	0.053	0.053
56	  G	  2.4	  0.2	2.647	5.744	5.744
57	  F	  2.6	  0.2	1.184	68.813	68.813
58	  V	  3.6	  0.0	0.000	81.859	81.859
59	  A	  3.7	  0.0	0.000	81.900	81.900
60	  A	  2.1	  0.0	0.000	81.900	81.900
61	  V	  5.5	  0.1	0.000	81.864	81.864
62	  V	  5.7	  1.4	0.000	76.685	76.685
63	  N	  5.0	  1.7	0.000	3.166	3.166
64	  G	  0.4	  1.7	0.000	0.264	0.264
65	  S	  0.4	  2.0	0.000	0.024	0.024
66	  A	  0.4	  1.0	0.000	0.000	0.000
67	  Q	  0.3	  0.7	0.000	0.000	0.000
68	  G	  0.0	  0.7	1.213	0.000	0.000
69	  A	  0.3	  0.3	1.453	0.000	0.000
70	  Q	  0.4	  0.1	3.355	0.000	0.000
71	  I	  0.5	  0.4	3.355	1.648	1.648
72	  G	  0.2	  0.4	8.003	1.648	1.648
73	  A	  0.4	  0.4	8.443	2.726	2.726
74	  M	  1.4	  0.4	9.160	4.002	4.002
75	  L	  1.6	  0.0	9.644	4.002	4.002
76	  M	  1.7	  0.0	9.958	3.727	3.727
77	  A	  1.1	  0.0	9.958	3.412	3.412
78	  I	  4.9	  0.0	9.729	3.412	3.412
79	  R	  5.0	  0.0	9.729	0.000	0.000
80	  L	  4.7	  0.1	7.718	0.000	0.000
81	  R	  0.9	  0.2	6.902	0.000	0.000
82	  G	  0.3	  0.3	3.574	0.000	0.000
83	  M	  1.4	  0.3	0.658	0.000	0.000
84	  D	  1.5	  0.2	0.000	0.000	0.000
85	  L	  1.5	  0.2	0.000	0.000	0.000
86	  E	  0.3	  0.1	0.000	0.000	0.000
87	  E	  0.1	  0.1	0.000	0.000	0.000
88	  T	  1.0	  0.1	0.214	0.000	0.000
89	  S	  1.5	  0.1	3.474	0.000	0.000
90	  V	  3.1	  0.0	3.740	0.739	0.739
91	  L	  2.5	  0.0	3.935	0.739	0.739
92	  T	  2.4	  0.0	5.868	0.739	0.739
93	  Q	  0.9	  0.0	5.868	0.739	0.739
94	  A	  0.7	  0.0	5.868	0.739	0.739
95	  L	  0.3	  0.0	5.607	0.739	0.739
96	  A	  0.2	  0.3	5.481	0.338	0.338
97	  Q	  0.1	  0.5	5.154	0.000	0.000
98	  S	  0.1	  0.6	1.489	0.000	0.000
99	  G	  0.1	  0.6	0.391	0.000	0.000
100	  Q	  0.4	  0.4	0.248	0.000	0.000
101	  Q	  1.8	  0.1	0.125	0.000	0.000
102	  L	  3.0	  0.1	0.125	0.000	0.000
103	  E	  2.7	  0.0	0.125	0.000	0.000
104	  W	  1.3	  0.2	0.289	0.000	0.000
105	  P	  0.1	  0.2	1.644	0.000	0.000
106	  E	  0.1	  0.2	1.935	0.000	0.000
107	  A	  0.4	  0.2	1.935	0.000	0.000
108	  W	  1.7	  0.0	2.446	0.000	0.000
109	  R	  2.0	  0.1	2.446	0.000	0.000
110	  Q	  2.1	  0.1	2.446	0.000	0.000
111	  Q	  1.6	  0.1	1.757	0.000	0.000
112	  L	  1.7	  0.1	1.280	0.000	0.000
113	  V	  1.6	  0.0	1.280	0.000	0.000
114	  D	  0.8	  0.2	1.280	0.000	0.000
115	  K	  0.3	  0.2	0.541	0.000	0.000
116	  H	  0.1	  0.7	0.265	0.000	0.000
117	  S	  0.2	  0.9	0.000	0.000	0.000
118	  T	  0.2	  1.1	0.000	0.000	0.000
119	  G	  0.1	  1.1	0.000	0.000	0.000
120	  G	  0.0	  0.8	0.000	0.000	0.000
121	  V	  0.1	  1.6	0.000	0.000	0.000
122	  G	  0.1	  1.2	0.000	0.000	0.000
123	  D	  0.1	  1.2	0.000	0.000	0.000
124	  K	  1.3	  1.0	0.000	0.000	0.000
125	  V	  5.8	  0.1	0.000	46.513	46.513
126	  S	  6.1	  0.0	0.000	46.513	46.513
127	  L	  7.0	  0.0	0.000	46.597	46.597
128	  V	  5.0	  0.0	0.000	46.597	46.597
129	  L	  4.6	  0.0	0.000	46.597	46.597
130	  A	  2.7	  0.0	0.478	0.683	0.683
131	  P	  0.0	  0.0	0.478	0.416	0.416
132	  A	  0.1	  0.0	0.478	0.000	0.000
133	  L	  0.2	  0.0	0.478	0.000	0.000
134	  A	  0.2	  0.1	0.478	0.000	0.000
135	  A	  0.2	  0.1	0.478	0.000	0.000
136	  C	  0.3	  0.3	0.327	0.000	0.000
137	  G	  0.3	  0.3	0.158	0.000	0.000
138	  C	  1.9	  0.2	0.000	0.000	0.000
139	  K	  1.9	  0.2	0.000	0.000	0.000
140	  V	  2.0	  0.0	0.000	0.000	0.000
141	  P	  0.3	  0.0	0.000	0.000	0.000
142	  M	  0.6	  0.0	0.000	0.000	0.000
143	  I	  1.9	  0.1	0.000	0.000	0.000
144	  S	  2.0	  0.9	0.000	0.000	0.000
145	  G	  1.4	  1.1	0.000	0.000	0.000
146	  R	  0.2	  1.1	0.000	0.000	0.000
147	  G	  0.1	  1.1	0.000	0.000	0.000
148	  L	  0.1	  0.5	0.000	0.000	0.000
149	  G	  0.1	  0.5	0.000	0.000	0.000
150	  H	  0.3	  0.6	0.000	0.000	0.000
151	  T	  0.3	  0.6	0.000	0.000	0.000
152	  G	  0.2	  0.6	0.000	0.000	0.000
153	  G	  0.0	  0.6	0.000	0.000	0.000
154	  T	  1.5	  0.5	0.125	0.000	0.000
155	  L	  1.6	  0.3	0.125	0.000	0.000
156	  D	  1.6	  0.3	0.125	0.000	0.000
157	  K	  1.7	  0.3	0.125	0.000	0.000
158	  L	  1.7	  0.2	0.125	0.000	0.000
159	  E	  1.8	  0.2	0.125	0.000	0.000
160	  S	  0.3	  0.1	0.000	0.000	0.000
161	  I	  0.2	  1.7	0.000	0.000	0.000
162	  P	  0.1	  1.6	0.000	0.000	0.000
163	  G	  0.1	  1.6	0.000	0.337	0.337
164	  F	  5.6	  1.6	0.000	0.483	0.483
165	  N	  8.9	  0.0	0.000	0.483	0.483
166	  V	 10.8	  0.0	0.000	0.483	0.483
167	  I	  5.9	  0.0	0.000	0.483	0.483
168	  Q	  2.5	  0.0	0.000	0.146	0.146
169	  S	  0.4	  0.3	0.162	0.000	0.000
170	  P	  0.0	  0.3	0.162	0.000	0.000
171	  E	  0.0	  0.3	0.403	0.000	0.000
172	  Q	  1.2	  0.3	0.586	0.000	0.000
173	  M	  2.2	  0.1	0.586	0.129	0.129
174	  Q	  2.7	  0.0	0.586	0.129	0.129
175	  V	  5.4	  0.0	0.586	0.129	0.129
176	  L	  4.8	  0.0	0.586	0.129	0.129
177	  L	  4.4	  0.0	0.586	0.129	0.129
178	  D	  0.6	  0.2	0.586	0.000	0.000
179	  Q	  0.2	  0.6	0.000	0.000	0.000
180	  A	  0.0	  0.7	0.000	0.000	0.000
181	  G	  0.1	  0.7	0.000	0.000	0.000
182	  C	 11.6	  0.6	0.000	0.000	0.000
183	  C	 16.0	  0.2	0.000	0.000	0.000
184	  I	 18.6	  0.0	0.000	0.000	0.000
185	  V	  7.8	  0.1	0.000	0.000	0.000
186	  G	  2.9	  0.2	0.000	0.000	0.000
187	  Q	  0.2	  0.2	0.000	0.000	0.000
188	  S	  0.1	  0.3	0.000	0.000	0.000
189	  E	  0.2	  0.3	0.000	0.000	0.000
190	  Q	  1.4	  0.2	0.000	0.000	0.000
191	  L	  1.5	  0.1	0.000	0.000	0.000
192	  V	  1.5	  0.0	0.000	0.000	0.000
193	  P	  0.1	  1.4	0.000	0.000	0.000
194	  A	  0.0	  1.6	0.000	0.000	0.000
195	  D	  0.0	  1.6	0.000	0.000	0.000
196	  G	  0.0	  1.6	0.000	3.031	3.031
197	  I	  1.7	  0.3	0.000	10.989	10.989
198	  L	  2.0	  0.0	0.000	10.989	10.989
199	  Y	  2.8	  0.0	0.000	10.989	10.989
200	  A	  1.2	  0.0	0.000	10.989	10.989
201	  A	  0.9	  0.2	0.000	8.675	8.675
202	  R	  0.3	  0.2	0.000	0.000	0.000
203	  D	  1.4	  0.2	0.000	0.000	0.000
204	  V	  4.4	  0.2	0.000	2.521	2.521
205	  T	  5.3	  0.0	0.000	2.521	2.521
206	  A	  4.9	  0.0	0.000	2.521	2.521
207	  T	  6.6	  0.1	0.000	2.521	2.521
208	  V	  6.4	  0.1	0.000	2.521	2.521
209	  D	  5.7	  0.1	0.000	0.000	0.000
210	  S	  1.2	  0.1	0.000	0.000	0.000
211	  L	  0.2	  0.0	0.000	0.000	0.000
212	  P	  0.1	  0.0	0.256	0.000	0.000
213	  L	  0.4	  0.0	0.256	7.240	7.240
214	  I	  4.9	  0.0	0.256	8.491	8.491
215	  T	  7.6	  0.1	1.234	8.491	8.491
216	  A	  7.7	  0.1	1.234	8.491	8.491
217	  S	  3.8	  0.1	1.524	8.491	8.491
218	  I	  2.1	  0.1	1.400	8.282	8.282
219	  L	  1.9	  0.0	1.400	5.582	5.582
220	  S	  1.8	  0.1	1.564	0.204	0.204
221	  K	  0.5	  0.2	1.369	0.000	0.000
222	  K	  0.8	  0.2	0.587	0.757	0.757
223	  L	  0.9	  0.1	0.164	0.757	0.757
224	  V	  1.0	  0.1	0.164	0.757	0.757
225	  E	  0.4	  0.2	0.164	0.757	0.757
226	  G	  0.3	  0.2	0.000	1.138	1.138
227	  L	  0.7	  0.2	0.000	5.994	5.994
228	  S	  0.8	  0.1	0.114	8.120	8.120
229	  A	  1.0	  0.0	0.114	16.380	16.380
230	  L	  2.0	  0.0	0.114	26.155	26.155
231	  V	  5.7	  0.0	0.114	27.947	27.947
232	  V	 13.8	  0.0	0.114	27.849	27.849
233	  D	 13.3	  0.0	0.114	22.968	22.968
234	  V	 12.7	  0.0	0.114	22.968	22.968
235	  K	  4.6	  0.0	0.114	22.968	22.968
236	  F	  3.2	  0.7	0.000	21.529	21.529
237	  G	  0.3	  0.8	0.142	2.784	2.784
238	  G	  0.1	  0.8	0.142	1.196	1.196
239	  A	  0.2	  0.8	0.142	1.196	1.196
240	  A	  1.2	  0.1	0.142	1.196	1.196
241	  V	  1.5	  0.0	0.142	1.196	1.196
242	  F	  1.4	  0.7	0.142	0.000	0.000
243	  P	  0.4	  0.8	0.000	0.000	0.000
244	  N	  0.2	  0.9	0.575	0.000	0.000
245	  Q	  0.3	  0.9	1.154	0.000	0.000
246	  E	  0.3	  0.2	2.186	0.000	0.000
247	  Q	  0.2	  0.2	2.394	0.000	0.000
248	  A	  0.2	  0.1	2.589	0.000	0.000
249	  R	  0.2	  0.1	2.589	0.000	0.000
250	  E	  0.2	  0.1	2.720	0.000	0.000
251	  L	  0.2	  0.1	2.720	0.000	0.000
252	  A	  0.2	  0.1	2.580	0.000	0.000
253	  K	  0.4	  0.1	2.449	0.000	0.000
254	  T	  1.6	  0.1	0.563	0.882	0.882
255	  L	  1.7	  0.1	0.563	1.013	1.013
256	  V	  1.9	  0.0	0.563	1.013	1.013
257	  G	  0.6	  0.2	0.773	1.013	1.013
258	  V	  0.5	  0.5	0.210	1.013	1.013
259	  G	  0.1	  0.7	0.210	0.131	0.131
260	  A	  0.6	  0.8	0.210	0.000	0.000
261	  S	  0.6	  0.6	1.751	0.000	0.000
262	  L	  0.7	  0.4	1.751	0.000	0.000
263	  G	  0.3	  0.1	2.934	0.000	0.000
264	  L	  2.3	  0.0	2.724	0.000	0.000
265	  R	  3.2	  0.0	2.911	0.000	0.000
266	  V	  4.4	  0.0	2.911	5.547	5.547
267	  A	  2.3	  0.0	2.911	5.804	5.804
268	  A	  1.4	  0.0	2.631	6.148	6.148
269	  A	  0.3	  0.0	2.474	6.556	6.556
270	  L	  1.1	  0.0	1.757	6.556	6.556
271	  T	  1.5	  0.0	1.200	5.754	5.754
272	  A	  1.4	  0.2	1.200	5.277	5.277
273	  M	  0.9	  0.2	1.083	2.004	2.004
274	  D	  0.4	  0.2	0.000	0.000	0.000
275	  K	  0.2	  0.5	0.000	0.000	0.000
276	  P	  0.0	  0.5	0.000	0.000	0.000
277	  L	  0.0	  0.6	0.000	0.000	0.000
278	  G	  0.0	  0.7	0.000	0.000	0.000
279	  R	  1.3	  0.3	0.000	0.000	0.000
280	  C	  1.7	  0.5	0.000	0.000	0.000
281	  V	  1.8	  0.4	0.000	0.000	0.000
282	  G	  0.7	  0.4	0.000	0.000	0.000
283	  H	  0.6	  0.4	0.000	0.000	0.000
284	  A	  0.5	  0.1	0.000	0.000	0.000
285	  L	  2.2	  0.0	0.000	0.000	0.000
286	  E	  4.1	  0.0	0.249	0.000	0.000
287	  V	  4.6	  0.0	0.249	0.000	0.000
288	  E	  2.8	  0.1	0.641	0.000	0.000
289	  E	  0.6	  0.1	0.641	0.000	0.000
290	  A	  0.3	  0.1	0.641	0.000	0.000
291	  L	  1.5	  0.0	0.641	0.000	0.000
292	  L	  2.8	  0.0	0.641	0.000	0.000
293	  C	  4.3	  0.9	0.641	0.000	0.000
294	  M	  3.1	  1.1	0.305	0.000	0.000
295	  D	  1.8	  1.4	0.000	0.000	0.000
296	  G	  0.1	  1.4	0.000	0.000	0.000
297	  A	  0.0	  0.5	0.000	0.000	0.000
298	  G	  0.0	  0.3	0.000	0.000	0.000
299	  P	  0.0	  1.2	0.000	0.000	0.000
300	  P	  0.0	  1.2	0.000	0.000	0.000
301	  D	  0.4	  1.2	0.000	0.000	0.000
302	  L	  0.6	  1.4	0.000	0.000	0.000
303	  R	  0.6	  0.2	0.000	0.000	0.000
304	  D	  0.4	  0.2	0.313	0.000	0.000
305	  L	  0.7	  0.2	0.313	50.820	50.820
306	  V	  2.5	  0.0	0.313	51.809	51.809
307	  T	  3.2	  0.0	0.313	51.985	51.985
308	  T	  2.9	  0.0	0.313	52.335	52.335
309	  L	  1.0	  0.6	0.313	52.985	52.985
310	  G	  0.2	  0.7	0.449	45.228	45.228
311	  G	  0.0	  0.7	0.407	45.936	45.936
312	  A	  0.3	  0.7	0.277	59.557	59.557
313	  L	  0.8	  0.1	0.277	61.449	61.449
314	  L	  1.3	  0.0	0.277	61.198	61.198
315	  W	  1.6	  0.2	0.277	59.831	59.831
316	  L	  1.3	  0.4	0.140	53.715	53.715
317	  S	  0.8	  0.6	0.000	8.006	8.006
318	  G	  0.3	  0.6	0.000	0.638	0.638
319	  H	  0.3	  0.9	0.000	0.000	0.000
320	  A	  0.2	  0.8	0.000	0.000	0.000
321	  G	  0.1	  0.7	0.000	0.000	0.000
322	  T	  0.5	  0.7	0.000	0.000	0.000
323	  Q	  0.7	  0.3	0.000	0.000	0.000
324	  A	  0.7	  0.5	0.000	0.000	0.000
325	  Q	  0.2	  0.5	0.000	0.000	0.000
326	  G	  0.1	  0.5	0.165	0.000	0.000
327	  A	  0.1	  0.3	0.165	0.000	0.000
328	  A	  0.5	  0.1	0.165	0.000	0.000
329	  R	  1.4	  0.0	0.165	0.000	0.000
330	  V	  2.6	  0.0	0.165	2.286	2.286
331	  A	  2.4	  0.0	0.165	2.286	2.286
332	  A	  1.5	  0.0	0.165	2.286	2.286
333	  A	  0.3	  0.1	0.165	2.286	2.286
334	  L	  0.4	  0.6	0.000	2.286	2.286
335	  D	  0.2	  1.6	1.416	0.000	0.000
336	  D	  0.1	  1.9	1.416	0.000	0.000
337	  G	  0.1	  1.8	1.665	0.000	0.000
338	  S	  0.2	  1.6	2.063	0.000	0.000
339	  A	  0.3	  0.7	2.063	0.000	0.000
340	  L	  0.2	  0.9	2.063	0.000	0.000
341	  G	  0.1	  0.8	3.840	0.000	0.000
342	  R	  1.4	  0.6	3.276	0.000	0.000
343	  F	  3.6	  0.6	2.290	0.000	0.000
344	  E	  3.6	  0.1	2.369	0.000	0.000
345	  R	  2.7	  0.1	2.545	0.000	0.000
346	  M	  0.8	  0.1	2.545	0.000	0.000
347	  L	  0.8	  0.0	2.388	0.000	0.000
348	  A	  0.4	  0.2	2.388	0.000	0.000
349	  A	  0.2	  0.4	2.388	0.000	0.000
350	  Q	  0.1	  0.4	1.662	0.000	0.000
351	  G	  0.2	  0.4	0.320	0.000	0.000
352	  V	  0.4	  0.2	0.000	0.000	0.000
353	  D	  0.4	  1.0	3.616	0.000	0.000
354	  P	  0.2	  1.0	3.616	0.000	0.000
355	  G	  0.1	  1.0	4.891	0.000	0.000
356	  L	  0.1	  1.0	4.891	0.000	0.000
357	  A	  0.2	  0.0	4.891	0.000	0.000
358	  R	  0.3	  0.0	4.891	0.000	0.000
359	  A	  0.3	  0.0	4.891	0.000	0.000
360	  L	  0.7	  0.0	4.201	0.000	0.000
361	  C	  0.9	  0.6	3.165	0.000	0.000
362	  S	  1.2	  0.6	1.611	0.000	0.000
363	  G	  0.8	  0.6	0.491	0.000	0.000
364	  S	  0.5	  0.7	3.781	0.000	0.000
365	  P	  0.0	  0.1	3.781	0.000	0.000
366	  A	  0.1	  0.2	3.781	0.000	0.000
367	  E	  0.2	  0.2	4.029	0.000	0.000
368	  R	  0.7	  0.1	4.029	0.000	0.000
369	  R	  1.4	  0.1	4.029	0.000	0.000
370	  Q	  2.4	  0.1	2.533	0.000	0.000
371	  L	  2.0	  0.1	1.280	0.000	0.000
372	  L	  1.3	  0.2	0.847	0.000	0.000
373	  P	  0.1	  0.2	0.000	0.000	0.000
374	  R	  0.2	  0.2	0.000	0.000	0.000
375	  A	  0.2	  0.2	0.000	0.000	0.000
376	  R	  0.2	  0.1	0.000	0.000	0.000
377	  E	  0.1	  0.1	0.000	0.000	0.000
378	  Q	  0.1	  0.2	0.000	0.000	0.000
379	  E	  0.1	  0.2	0.000	0.000	0.000
380	  E	  0.1	  0.1	0.000	0.000	0.000
381	  L	  0.6	  0.1	0.000	0.000	0.000
382	  L	  0.6	  0.0	0.000	0.000	0.000
383	  A	  0.6	  0.0	0.000	0.000	0.000
384	  P	  0.0	  1.2	0.000	0.000	0.000
385	  A	  0.0	  1.4	0.000	0.000	0.000
386	  D	  0.0	  1.4	0.128	0.000	0.000
387	  G	  0.0	  1.4	0.465	0.000	0.000
388	  T	  6.8	  0.2	1.631	0.000	0.000
389	  V	 11.0	  0.0	1.820	0.000	0.000
390	  E	 11.0	  0.0	2.261	0.000	0.000
391	  L	  4.7	  0.0	2.261	0.000	0.000
392	  V	  1.4	  0.0	2.261	0.000	0.000
393	  R	  1.7	  0.0	2.261	0.000	0.000
394	  A	  1.5	  0.0	2.034	0.000	0.000
395	  L	  0.4	  0.0	1.890	0.000	0.000
396	  P	  0.1	  0.0	0.000	0.485	0.485
397	  L	  0.3	  0.0	0.000	27.071	27.071
398	  A	  0.6	  0.0	0.000	27.071	27.071
399	  L	  2.7	  0.0	0.000	27.071	27.071
400	  V	  4.9	  0.0	0.000	27.071	27.071
401	  L	  4.7	  0.0	0.000	26.909	26.909
402	  H	  2.9	  0.3	0.000	0.195	0.195
403	  E	  0.4	  0.3	0.000	0.000	0.000
404	  L	  0.3	  0.6	0.000	0.000	0.000
405	  G	  0.0	  1.2	0.000	0.000	0.000
406	  A	  0.0	  1.2	0.000	0.000	0.000
407	  G	  0.0	  1.3	0.000	0.000	0.000
408	  R	  0.3	  1.1	0.000	0.000	0.000
409	  S	  0.4	  0.5	0.000	0.000	0.000
410	  R	  0.4	  0.6	0.000	0.000	0.000
411	  A	  0.1	  0.5	0.000	0.000	0.000
412	  G	  0.1	  0.4	0.000	0.000	0.000
413	  E	  0.0	  0.3	0.000	0.000	0.000
414	  P	  0.0	  0.0	0.000	0.000	0.000
415	  L	  1.6	  0.1	0.000	0.000	0.000
416	  R	  1.7	  0.1	0.000	0.000	0.000
417	  L	  1.8	  0.1	0.000	0.000	0.000
418	  G	  0.2	  0.3	0.000	0.000	0.000
419	  V	  0.2	  0.3	0.000	0.000	0.000
420	  G	  0.1	  0.3	0.115	0.000	0.000
421	  A	  0.2	  0.4	0.115	0.000	0.000
422	  E	  0.1	  0.2	0.115	0.000	0.000
423	  L	  1.0	  0.0	0.115	0.000	0.000
424	  L	  1.4	  0.0	0.115	0.000	0.000
425	  V	  9.9	  0.0	0.115	0.000	0.000
426	  D	  9.1	  0.5	1.530	0.000	0.000
427	  V	  8.7	  0.6	1.415	0.000	0.000
428	  G	  0.2	  0.6	2.134	0.000	0.000
429	  Q	  0.4	  0.6	2.134	0.000	0.000
430	  R	  0.9	  0.1	2.134	0.000	0.000
431	  L	  1.0	  0.2	2.134	0.000	0.000
432	  R	  0.9	  0.2	2.134	0.000	0.000
433	  R	  0.4	  0.2	1.567	0.000	0.000
434	  G	  0.2	  0.2	0.455	0.000	0.000
435	  T	  0.1	  0.2	0.352	0.000	0.000
436	  P	  0.0	  0.1	0.352	0.000	0.000
437	  W	  0.6	  0.1	0.352	0.000	0.000
438	  L	  2.8	  0.1	0.352	0.000	0.000
439	  R	  4.7	  0.0	0.352	0.000	0.000
440	  V	  5.6	  0.0	0.352	0.000	0.000
441	  H	  3.6	  1.4	0.352	0.000	0.000
442	  R	  1.8	  1.4	0.000	0.000	0.000
443	  D	  0.2	  1.4	0.000	0.000	0.000
444	  G	  0.0	  1.4	0.250	0.000	0.000
445	  P	  0.0	  0.0	0.250	0.000	0.000
446	  A	  0.3	  0.2	0.250	0.000	0.000
447	  L	  0.4	  0.2	0.250	0.000	0.000
448	  S	  0.4	  0.3	0.250	0.000	0.000
449	  G	  0.2	  0.5	0.250	0.000	0.000
450	  P	  0.0	  0.5	0.000	0.000	0.000
451	  Q	  0.1	  0.5	0.000	0.000	0.000
452	  S	  0.2	  0.5	1.587	0.000	0.000
453	  R	  0.3	  0.2	1.587	0.000	0.000
454	  A	  0.4	  0.1	1.587	0.000	0.000
455	  L	  0.4	  0.1	1.587	0.000	0.000
456	  Q	  0.3	  0.1	1.587	0.000	0.000
457	  E	  0.1	  0.1	1.587	0.000	0.000
458	  A	  0.3	  0.1	1.261	2.206	2.206
459	  L	  2.4	  0.0	1.012	2.206	2.206
460	  V	  5.4	  0.0	0.735	2.206	2.206
461	  L	  5.2	  0.2	0.735	2.206	2.206
462	  S	  3.1	  0.3	0.382	2.206	2.206
463	  D	  0.1	  0.3	0.122	0.000	0.000
464	  R	  0.1	  0.3	0.000	0.000	0.000
465	  A	  0.1	  0.1	0.000	0.000	0.000
466	  P	  0.0	  0.0	0.000	0.000	0.000
467	  F	  1.8	  0.0	0.000	0.000	0.000
468	  A	  1.8	  0.0	0.000	0.000	0.000
469	  A	  1.8	  0.0	0.000	0.000	0.000
470	  P	  0.0	  0.0	0.000	0.000	0.000
471	  S	  0.0	  0.2	0.000	0.000	0.000
472	  P	  0.0	  0.2	0.000	0.000	0.000
473	  F	  0.4	  0.3	0.000	0.000	0.000
474	  A	  0.5	  0.4	0.000	0.000	0.000
475	  E	  0.5	  0.2	0.000	0.000	0.000
476	  L	  4.5	  0.2	0.000	0.000	0.000
477	  V	  4.4	  0.0	0.000	0.000	0.000
478	  L	  4.4	  0.0	0.000	0.000	0.000
479	  P	  0.0	  0.2	0.000	0.000	0.000
480	  P	  0.0	  0.2	0.000	0.000	0.000
481	  Q	  0.0	  0.2	0.000	0.000	0.000
482	  Q	  0.0	  0.2	0.000	0.000	0.000
