res	aa	Beta	Turn	Helix	Aggregation	Conc-Stab_Aggregation
01	  M	  1.6	  0.0	0.189	0.000	0.000
02	  K	  2.1	  0.0	3.161	0.000	0.000
03	  L	  3.3	  0.0	3.430	68.052	68.052
04	  V	  5.0	  0.0	3.707	93.645	93.645
05	  F	  5.4	  0.0	4.731	99.444	99.444
06	  L	  6.1	  0.0	4.878	99.914	99.914
07	  V	  6.4	  0.0	4.878	99.993	99.993
08	  L	  5.9	  0.0	4.878	99.982	99.982
09	  L	  4.8	  0.0	4.878	99.876	99.876
10	  F	  1.6	  0.0	4.996	99.254	99.254
11	  L	  1.1	  0.1	4.127	91.587	91.587
12	  G	  0.4	  0.3	4.200	49.687	49.687
13	  A	  0.1	  0.3	1.108	45.916	45.916
14	  L	  0.1	  0.3	0.687	42.728	42.728
15	  G	  0.2	  0.2	1.852	25.318	25.318
16	  L	  1.3	  0.0	1.852	23.525	23.525
17	  C	  3.6	  0.0	2.000	13.734	13.734
18	  L	  3.6	  0.4	2.000	12.060	12.060
19	  A	  2.4	  0.5	2.000	2.919	2.919
20	  G	  0.1	  0.6	2.000	0.093	0.093
21	  R	  0.4	  0.6	1.098	0.000	0.000
22	  R	  0.7	  0.3	0.398	0.000	0.000
23	  R	  1.5	  0.1	0.000	0.000	0.000
24	  S	  2.5	  0.1	0.000	0.000	0.000
25	  V	  5.0	  0.1	0.000	0.390	0.390
26	  Q	  5.6	  0.0	0.000	0.390	0.390
27	  W	  5.8	  0.0	0.000	0.678	0.678
28	  C	  4.1	  0.0	0.000	0.678	0.678
29	  A	  3.2	  0.0	0.000	0.678	0.678
30	  V	  5.6	  0.0	0.000	0.678	0.678
31	  S	  4.5	  0.0	0.000	0.287	0.287
32	  Q	  4.0	  0.2	0.000	0.000	0.000
33	  P	  0.1	  0.2	0.000	0.000	0.000
34	  E	  0.2	  0.2	0.000	0.000	0.000
35	  A	  0.5	  0.2	0.000	0.000	0.000
36	  T	  2.0	  0.1	0.000	0.000	0.000
37	  K	  2.4	  0.1	0.000	0.000	0.000
38	  C	  8.6	  0.1	0.000	0.000	0.000
39	  F	 11.6	  0.0	0.000	0.000	0.000
40	  Q	 13.5	  0.0	0.000	0.000	0.000
41	  W	  8.5	  0.0	0.000	0.000	0.000
42	  Q	  3.9	  0.1	0.000	0.000	0.000
43	  R	  1.4	  0.1	0.000	0.000	0.000
44	  N	  1.0	  0.1	0.000	0.000	0.000
45	  M	  1.2	  0.1	0.000	0.000	0.000
46	  R	  1.7	  0.0	0.000	0.000	0.000
47	  K	  2.8	  0.0	0.000	0.000	0.000
48	  V	  3.2	  0.0	0.000	0.000	0.000
49	  R	  2.6	  0.0	0.000	0.000	0.000
50	  G	  0.8	  0.0	0.000	0.000	0.000
51	  P	  0.0	  0.0	0.000	0.000	0.000
52	  P	  0.0	  0.0	0.000	0.000	0.000
53	  V	  7.2	  0.0	0.000	0.000	0.000
54	  S	  9.9	  0.0	0.146	0.000	0.000
55	  C	 15.8	  0.0	0.146	0.000	0.000
56	  I	 10.7	  0.0	0.146	0.000	0.000
57	  K	  8.0	  0.3	0.146	0.000	0.000
58	  R	  2.2	  0.3	0.146	0.000	0.000
59	  D	  0.2	  0.3	0.146	0.000	0.000
60	  S	  0.1	  0.3	0.000	0.000	0.000
61	  P	  0.0	  0.0	0.000	0.000	0.000
62	  I	  0.7	  0.0	0.000	0.000	0.000
63	  Q	  1.1	  0.0	0.000	0.000	0.000
64	  C	  3.8	  0.0	0.684	0.000	0.000
65	  I	  3.5	  0.0	0.684	0.000	0.000
66	  Q	  3.2	  0.0	0.684	0.000	0.000
67	  A	  0.7	  0.0	0.684	0.000	0.000
68	  I	  0.7	  0.0	0.684	0.000	0.000
69	  A	  0.6	  0.3	0.684	0.000	0.000
70	  E	  0.4	  0.3	0.684	0.000	0.000
71	  N	  0.0	  0.3	0.548	0.000	0.000
72	  R	  0.2	  1.0	0.162	0.000	0.000
73	  A	  0.2	  0.7	0.000	0.000	0.000
74	  D	  0.3	  0.7	0.500	0.000	0.000
75	  A	  0.5	  0.7	0.500	0.000	0.000
76	  V	  7.9	  0.0	0.500	0.000	0.000
77	  T	  9.3	  0.4	0.500	0.000	0.000
78	  L	  8.9	  0.5	0.500	0.000	0.000
79	  D	  1.6	  0.6	0.500	0.000	0.000
80	  G	  0.1	  0.6	0.000	0.000	0.000
81	  G	  0.0	  0.2	0.000	0.000	0.000
82	  F	  0.7	  0.1	0.000	0.000	0.000
83	  I	  1.6	  0.0	0.000	0.000	0.000
84	  Y	  4.0	  0.1	0.000	0.000	0.000
85	  E	  3.3	  0.1	0.000	0.000	0.000
86	  A	  2.5	  0.1	0.000	0.000	0.000
87	  G	  0.2	  0.1	0.000	0.000	0.000
88	  L	  0.2	  0.0	0.000	0.000	0.000
89	  A	  0.2	  0.2	0.000	0.000	0.000
90	  P	  0.0	  0.2	0.000	0.000	0.000
91	  Y	  1.5	  0.2	0.000	0.000	0.000
92	  K	  3.0	  0.2	0.000	0.000	0.000
93	  L	  3.1	  0.0	0.000	0.000	0.000
94	  R	  1.7	  0.0	0.000	0.000	0.000
95	  P	  0.2	  0.0	0.000	0.000	0.000
96	  V	  1.3	  0.0	0.000	0.000	0.000
97	  A	  1.3	  0.0	0.000	0.000	0.000
98	  A	  1.5	  0.0	0.000	0.000	0.000
99	  E	  2.2	  0.0	0.000	0.000	0.000
100	  V	  3.2	  0.0	0.000	0.000	0.000
101	  Y	  3.0	  0.3	0.000	0.000	0.000
102	  G	  1.1	  0.3	0.000	0.000	0.000
103	  T	  0.3	  0.4	0.000	0.000	0.000
104	  E	  0.9	  0.4	0.000	0.000	0.000
105	  R	  1.0	  0.1	0.000	0.000	0.000
106	  Q	  0.9	  0.1	0.000	0.000	0.000
107	  P	  0.1	  0.1	0.000	0.000	0.000
108	  R	  0.3	  0.1	0.000	0.000	0.000
109	  T	  3.5	  0.1	0.000	0.587	0.587
110	  H	  5.5	  0.1	0.000	1.626	1.626
111	  Y	  6.8	  0.0	0.000	48.133	48.133
112	  Y	  4.8	  0.0	0.000	61.445	61.445
113	  A	  3.0	  0.0	0.000	65.057	65.057
114	  V	  8.3	  0.0	0.000	65.057	65.057
115	  A	  7.9	  0.0	0.000	65.005	65.005
116	  V	 10.3	  0.0	0.000	63.050	63.050
117	  V	  4.3	  0.1	0.000	51.832	51.832
118	  K	  3.4	  0.3	0.000	0.000	0.000
119	  K	  0.6	  0.7	0.000	0.000	0.000
120	  G	  0.0	  1.1	0.000	0.000	0.000
121	  G	  0.1	  1.1	0.000	0.000	0.000
122	  S	  3.3	  0.8	0.000	0.000	0.000
123	  F	  6.8	  0.5	0.000	0.000	0.000
124	  Q	  7.6	  0.0	0.000	0.000	0.000
125	  L	  4.4	  0.0	0.000	0.000	0.000
126	  N	  0.9	  0.1	0.000	0.000	0.000
127	  E	  0.4	  0.1	0.000	0.000	0.000
128	  L	  0.4	  0.2	0.000	0.000	0.000
129	  Q	  0.4	  0.2	0.000	0.000	0.000
130	  G	  0.1	  0.1	0.000	0.000	0.000
131	  L	  0.4	  0.3	0.000	0.000	0.000
132	  K	  1.5	  0.2	0.000	0.000	0.000
133	  S	  5.3	  0.2	0.000	0.000	0.000
134	  C	  5.3	  0.3	0.000	0.000	0.000
135	  H	  4.4	  0.2	0.000	0.000	0.000
136	  T	  0.6	  0.3	0.000	0.000	0.000
137	  G	  0.2	  0.3	0.000	0.000	0.000
138	  L	  0.2	  0.2	0.000	0.000	0.000
139	  R	  0.5	  0.1	0.000	0.000	0.000
140	  R	  0.6	  0.1	0.000	0.000	0.000
141	  T	  0.5	  0.5	0.000	0.000	0.000
142	  A	  0.2	  0.5	0.000	0.000	0.000
143	  G	  0.2	  0.4	0.000	0.000	0.000
144	  W	  5.3	  0.4	0.000	0.000	0.000
145	  N	  5.4	  0.0	0.000	0.000	0.000
146	  V	  5.4	  0.0	0.000	0.000	0.000
147	  P	  0.2	  0.0	0.000	0.000	0.000
148	  I	  0.1	  0.3	0.000	0.000	0.000
149	  G	  0.1	  0.3	0.000	0.000	0.000
150	  T	  5.0	  0.3	0.000	0.000	0.000
151	  L	  5.1	  0.3	0.000	0.000	0.000
152	  R	  5.1	  0.0	0.000	0.000	0.000
153	  P	  0.2	  0.0	0.000	0.000	0.000
154	  F	  1.2	  0.0	0.000	0.150	0.150
155	  L	  2.8	  0.0	0.000	0.150	0.150
156	  N	  3.8	  0.1	0.000	0.150	0.150
157	  W	  3.0	  0.1	0.000	0.150	0.150
158	  T	  1.4	  0.1	0.000	0.150	0.150
159	  G	  0.2	  0.1	0.000	0.000	0.000
160	  P	  0.0	  0.0	0.000	0.000	0.000
161	  P	  0.0	  0.0	0.000	0.000	0.000
162	  E	  0.0	  0.0	0.144	0.000	0.000
163	  P	  0.0	  0.0	0.504	0.000	0.000
164	  I	  1.0	  0.0	0.712	0.209	0.209
165	  E	  1.0	  0.0	1.677	0.209	0.209
166	  A	  1.2	  0.0	2.052	0.209	0.209
167	  A	  0.6	  0.0	2.052	0.209	0.209
168	  V	  1.5	  0.0	2.052	0.209	0.209
169	  A	  1.6	  0.0	2.052	0.209	0.209
170	  R	  2.4	  0.0	2.052	0.209	0.209
171	  F	  3.5	  0.0	1.705	0.209	0.209
172	  F	  7.3	  0.0	0.343	0.209	0.209
173	  S	  9.0	  1.6	0.000	0.000	0.000
174	  A	  7.3	  1.6	0.000	0.000	0.000
175	  S	  6.0	  1.6	0.000	0.000	0.000
176	  C	  3.0	  1.6	0.000	0.000	0.000
177	  V	  2.5	  0.7	0.000	0.000	0.000
178	  P	  0.2	  0.8	0.000	0.000	0.000
179	  G	  0.0	  1.3	0.000	0.000	0.000
180	  A	  0.0	  1.4	0.000	0.000	0.000
181	  D	  0.0	  2.6	0.000	0.000	0.000
182	  K	  0.0	  2.5	0.000	0.000	0.000
183	  G	  0.1	  2.0	0.000	0.000	0.000
184	  Q	  0.3	  1.9	0.000	0.000	0.000
185	  F	  0.3	  2.0	0.000	0.000	0.000
186	  P	  0.2	  2.0	0.000	0.000	0.000
187	  N	  0.2	  2.0	0.576	0.000	0.000
188	  L	  0.4	  2.0	0.576	0.000	0.000
189	  C	  1.5	  0.1	0.794	0.000	0.000
190	  R	  1.4	  0.1	0.794	0.000	0.000
191	  L	  1.6	  0.1	0.794	0.000	0.000
192	  C	  0.7	  0.6	0.794	0.000	0.000
193	  A	  0.6	  0.8	0.594	0.000	0.000
194	  G	  0.2	  0.9	0.456	0.000	0.000
195	  T	  0.1	  1.2	0.000	0.000	0.000
196	  G	  0.0	  1.1	0.000	0.000	0.000
197	  E	  0.1	  0.8	0.000	0.000	0.000
198	  N	  0.2	  0.7	0.000	0.000	0.000
199	  K	  1.0	  0.5	0.000	0.000	0.000
200	  C	  1.3	  0.1	0.000	0.000	0.000
201	  A	  1.7	  0.1	0.000	0.000	0.000
202	  F	  2.5	  0.1	0.000	0.000	0.000
203	  S	  2.3	  0.2	0.000	0.000	0.000
204	  S	  2.6	  0.2	0.000	0.000	0.000
205	  Q	  1.0	  0.2	0.000	0.000	0.000
206	  E	  0.8	  0.1	0.000	0.000	0.000
207	  P	  0.0	  0.0	0.000	0.000	0.000
208	  Y	  1.8	  0.0	0.000	0.328	0.328
209	  F	  8.4	  0.0	0.000	0.328	0.328
210	  S	 28.0	  0.5	0.000	0.328	0.328
211	  Y	 27.2	  0.6	0.000	0.328	0.328
212	  S	 22.1	  0.9	0.000	0.328	0.328
213	  G	  1.4	  0.9	0.000	0.328	0.328
214	  A	  0.2	  0.4	0.000	0.328	0.328
215	  F	  4.5	  0.4	0.000	0.328	0.328
216	  K	  5.0	  0.1	0.000	0.000	0.000
217	  C	  6.4	  0.1	0.000	0.000	0.000
218	  L	  2.3	  0.6	0.000	0.000	0.000
219	  R	  1.9	  0.7	0.000	0.000	0.000
220	  D	  0.2	  1.0	0.000	0.000	0.000
221	  G	  0.0	  1.5	0.000	0.000	0.000
222	  A	  0.0	  1.3	0.000	0.000	0.000
223	  G	  0.0	  1.1	0.000	0.000	0.000
224	  D	  0.2	  0.8	0.000	0.000	0.000
225	  V	  2.1	  0.3	0.000	0.000	0.000
226	  A	  2.5	  0.0	0.000	0.000	0.000
227	  F	  3.6	  0.0	0.000	0.000	0.000
228	  I	  2.0	  0.0	0.000	0.000	0.000
229	  R	  1.7	  0.1	0.000	0.000	0.000
230	  E	  0.5	  0.1	0.000	0.000	0.000
231	  S	  0.6	  0.1	0.000	0.000	0.000
232	  T	  6.5	  0.1	0.000	0.000	0.000
233	  V	  9.6	  0.0	0.000	0.000	0.000
234	  F	  9.9	  0.7	0.000	0.000	0.000
235	  E	  4.1	  0.7	0.000	0.000	0.000
236	  D	  0.9	  1.5	0.000	0.000	0.000
237	  L	  0.2	  1.7	0.000	0.000	0.000
238	  S	  0.2	  1.0	0.435	0.000	0.000
239	  D	  0.1	  1.1	1.185	0.000	0.000
240	  E	  0.0	  0.3	1.297	0.000	0.000
241	  A	  0.1	  0.2	1.412	0.000	0.000
242	  E	  0.3	  0.2	1.560	0.000	0.000
243	  R	  0.3	  0.2	1.754	0.000	0.000
244	  D	  0.2	  0.3	9.518	0.000	0.000
245	  E	  0.8	  0.3	9.117	0.000	0.000
246	  Y	  2.9	  0.2	8.994	0.000	0.000
247	  E	  2.9	  0.2	8.994	0.000	0.000
248	  L	  3.8	  0.1	8.994	0.000	0.000
249	  L	  1.8	  0.1	8.994	0.000	0.000
250	  C	  1.7	  2.0	8.785	0.000	0.000
251	  P	  0.1	  2.1	0.126	0.000	0.000
252	  D	  0.0	  2.2	0.126	0.000	0.000
253	  N	  0.6	  2.2	0.126	0.000	0.000
254	  T	  2.9	  0.2	0.126	0.000	0.000
255	  R	  3.0	  0.1	0.126	0.000	0.000
256	  K	  2.4	  0.0	0.126	0.000	0.000
257	  P	  0.1	  0.0	0.000	0.000	0.000
258	  V	  0.3	  0.0	0.000	0.000	0.000
259	  D	  0.4	  0.0	0.000	0.000	0.000
260	  K	  1.4	  0.0	0.000	0.000	0.000
261	  F	  1.7	  0.5	0.000	0.000	0.000
262	  K	  1.7	  0.5	0.000	0.000	0.000
263	  D	  0.8	  0.5	0.145	0.000	0.000
264	  C	  1.8	  0.5	0.145	0.000	0.000
265	  H	  1.9	  0.0	0.145	0.000	0.000
266	  L	  1.8	  0.0	0.145	0.000	0.000
267	  A	  0.9	  0.0	0.145	0.000	0.000
268	  R	  0.8	  0.0	0.145	0.000	0.000
269	  V	  0.8	  0.2	0.000	0.000	0.000
270	  P	  0.2	  0.3	0.000	0.000	0.000
271	  S	  0.2	  0.3	0.000	0.000	0.000
272	  H	  0.7	  0.3	0.000	0.000	0.000
273	  A	  1.5	  0.1	0.000	0.000	0.000
274	  V	  5.6	  0.0	0.000	0.000	0.000
275	  V	  6.0	  0.0	0.000	0.000	0.000
276	  A	  5.3	  0.1	0.000	0.000	0.000
277	  R	  1.8	  0.1	0.000	0.000	0.000
278	  S	  5.5	  0.9	0.000	0.000	0.000
279	  V	  5.7	  9.2	0.000	0.000	0.000
280	  N	  5.0	  9.2	0.000	0.000	0.000
281	  G	  0.3	  9.3	0.000	0.000	0.000
282	  K	  0.1	  8.9	0.000	0.000	0.000
283	  E	  0.1	  0.6	0.000	0.000	0.000
284	  D	  0.1	  0.5	4.606	0.000	0.000
285	  A	  0.3	  0.5	4.753	2.789	2.789
286	  I	  0.5	  0.0	4.753	10.421	10.421
287	  W	  1.4	  0.1	4.953	10.421	10.421
288	  N	  1.3	  0.1	5.937	10.421	10.421
289	  L	  1.2	  0.1	5.937	10.421	10.421
290	  L	  0.4	  0.1	5.739	9.989	9.989
291	  R	  0.6	  0.1	5.589	0.000	0.000
292	  Q	  0.7	  0.1	5.207	0.000	0.000
293	  A	  0.4	  0.1	3.255	0.000	0.000
294	  Q	  0.4	  0.1	3.017	0.000	0.000
295	  E	  0.3	  0.1	2.274	0.000	0.000
296	  K	  0.5	  0.3	1.878	0.000	0.000
297	  F	  0.6	  0.6	1.097	0.000	0.000
298	  G	  0.4	  1.0	0.380	0.000	0.000
299	  K	  0.2	  1.0	0.000	0.000	0.000
300	  D	  0.1	  0.8	0.000	0.000	0.000
301	  K	  0.2	  0.4	0.000	0.000	0.000
302	  S	  0.1	  0.3	0.000	0.000	0.000
303	  P	  0.1	  0.3	0.000	0.000	0.000
304	  K	  1.0	  0.3	0.000	0.000	0.000
305	  F	  4.5	  0.4	0.000	0.000	0.000
306	  Q	  5.6	  0.0	0.000	0.000	0.000
307	  L	  4.7	  0.2	0.000	0.000	0.000
308	  F	  1.5	  0.2	0.000	0.000	0.000
309	  G	  0.4	  0.2	0.000	0.000	0.000
310	  S	  0.3	  8.5	0.000	0.000	0.000
311	  P	  0.0	  8.8	0.000	0.000	0.000
312	  S	  0.1	  8.8	0.000	0.000	0.000
313	  G	  0.0	  8.9	0.169	0.000	0.000
314	  Q	  0.1	  0.7	0.169	0.000	0.000
315	  K	  0.2	  0.3	0.169	0.000	0.000
316	  D	  0.2	  0.3	0.169	0.000	0.000
317	  L	  0.6	  0.2	0.169	0.000	0.000
318	  L	  0.8	  0.0	0.169	0.000	0.000
319	  F	  1.3	  0.3	0.169	0.000	0.000
320	  K	  0.8	  0.4	0.000	0.000	0.000
321	  D	  0.6	  0.4	0.145	0.000	0.000
322	  S	  0.4	  0.4	0.145	0.000	0.000
323	  A	  0.4	  0.2	0.145	0.219	0.219
324	  I	  0.5	  0.2	0.145	0.219	0.219
325	  G	  0.3	  0.1	0.145	0.219	0.219
326	  F	  2.0	  0.2	0.145	0.219	0.219
327	  S	  2.2	  0.1	0.000	0.219	0.219
328	  R	  2.1	  0.1	0.000	0.000	0.000
329	  V	  0.4	  0.1	0.000	0.000	0.000
330	  P	  0.0	  0.2	0.000	0.000	0.000
331	  P	  0.0	  0.2	0.000	0.000	0.000
332	  R	 12.9	  0.2	0.000	0.000	0.000
333	  I	 13.7	  0.3	0.000	0.000	0.000
334	  D	 13.7	  0.3	0.000	0.000	0.000
335	  S	  0.9	  0.4	0.000	0.000	0.000
336	  G	  0.0	  0.4	0.000	0.000	0.000
337	  L	  0.8	  0.3	0.000	1.704	1.704
338	  Y	  1.2	  0.3	0.000	1.930	1.930
339	  L	  1.2	  0.8	0.000	1.930	1.930
340	  G	  0.4	  1.1	0.000	1.930	1.930
341	  S	  0.1	  1.1	0.000	2.065	2.065
342	  G	  0.1	  1.0	0.769	3.153	3.153
343	  Y	  1.2	  0.3	0.769	15.714	15.714
344	  F	  6.8	  0.0	0.769	15.852	15.852
345	  T	  7.2	  0.0	0.769	15.626	15.626
346	  A	  6.2	  0.0	0.769	15.492	15.492
347	  I	  0.7	  0.1	0.769	15.379	15.379
348	  Q	  0.4	  0.1	0.769	0.611	0.611
349	  N	  0.8	  0.1	0.992	0.000	0.000
350	  L	  0.9	  0.1	0.830	0.000	0.000
351	  R	  0.9	  0.1	0.645	0.000	0.000
352	  K	  0.6	  0.1	0.928	0.000	0.000
353	  S	  0.4	  0.2	18.555	0.000	0.000
354	  E	  0.2	  0.2	19.558	0.000	0.000
355	  E	  0.0	  0.1	22.146	0.000	0.000
356	  E	  1.3	  0.1	23.556	0.000	0.000
357	  V	  2.3	  0.0	24.025	0.000	0.000
358	  A	  2.3	  0.0	24.134	0.000	0.000
359	  A	  1.2	  0.0	23.919	0.000	0.000
360	  R	  0.3	  0.0	23.453	0.000	0.000
361	  R	  0.3	  0.0	19.193	0.000	0.000
362	  A	  0.4	  0.0	10.766	0.000	0.000
363	  R	  2.1	  0.0	7.175	0.000	0.000
364	  V	  4.7	  0.0	1.059	82.580	82.580
365	  V	  6.9	  0.0	0.760	89.556	89.556
366	  W	  6.6	  0.0	0.609	89.556	89.556
367	  C	  5.1	  0.0	0.244	89.556	89.556
368	  A	  2.7	  0.1	0.000	89.556	89.556
369	  V	  1.3	  0.2	0.000	88.702	88.702
370	  G	  0.2	  0.3	5.840	7.323	7.323
371	  E	  0.1	  0.3	6.038	0.000	0.000
372	  Q	  0.1	  0.2	6.178	0.000	0.000
373	  E	  0.3	  0.1	6.178	0.000	0.000
374	  L	  0.6	  0.1	6.178	0.000	0.000
375	  R	  0.5	  0.1	6.178	0.000	0.000
376	  K	  1.0	  0.1	5.530	0.000	0.000
377	  C	  1.9	  0.1	2.275	0.000	0.000
378	  N	  2.8	  0.0	1.114	0.000	0.000
379	  Q	  3.8	  0.0	0.688	0.000	0.000
380	  W	  2.9	  0.2	0.180	0.000	0.000
381	  S	  2.0	  0.4	0.000	0.000	0.000
382	  G	  0.3	  0.4	0.000	0.000	0.000
383	  L	  0.1	  0.5	0.000	0.000	0.000
384	  S	  0.1	  1.0	0.000	0.000	0.000
385	  E	  0.0	  1.1	0.000	0.000	0.000
386	  G	  0.0	  1.1	0.000	0.000	0.000
387	  S	  3.4	  0.9	0.000	0.000	0.000
388	  V	 10.2	  0.2	0.000	0.000	0.000
389	  T	 19.8	  0.0	0.000	0.000	0.000
390	  C	 17.2	  0.2	0.000	0.000	0.000
391	  S	 10.9	  0.2	0.000	0.000	0.000
392	  S	  3.4	  0.9	0.000	0.000	0.000
393	  A	  2.8	  1.0	0.000	0.000	0.000
394	  S	  3.5	  0.8	0.000	0.000	0.000
395	  T	  1.1	  0.8	0.000	0.000	0.000
396	  T	  1.0	  0.6	0.000	0.000	0.000
397	  E	  0.4	  0.5	0.000	0.000	0.000
398	  D	  0.9	  0.5	1.343	0.000	0.000
399	  C	 10.5	  0.5	2.244	7.067	7.067
400	  I	 12.9	  0.0	2.244	84.638	84.638
401	  A	 12.3	  0.0	2.244	84.638	84.638
402	  L	  4.8	  0.0	2.244	84.638	84.638
403	  V	  3.1	  0.0	2.244	84.638	84.638
404	  L	  2.9	  0.3	2.244	83.544	83.544
405	  K	  1.1	  0.4	1.766	0.000	0.000
406	  G	  0.1	  0.4	1.522	0.000	0.000
407	  E	  0.2	  0.6	0.594	0.000	0.000
408	  A	  0.1	  0.3	0.429	0.000	0.000
409	  D	  0.1	  0.3	0.677	0.000	0.000
410	  A	  0.3	  0.2	0.677	0.000	0.000
411	  M	  2.5	  0.1	0.677	0.000	0.000
412	  S	  4.9	  2.4	0.369	0.000	0.000
413	  L	  4.7	  2.5	0.248	0.000	0.000
414	  D	  2.5	  3.2	0.248	0.000	0.000
415	  G	  0.1	  3.2	0.000	0.000	0.000
416	  G	  0.0	  0.8	0.000	1.168	1.168
417	  Y	  1.7	  0.7	0.000	2.831	2.831
418	  V	  4.5	  0.0	0.000	2.831	2.831
419	  Y	  9.9	  0.0	0.000	2.831	2.831
420	  T	  8.3	  0.6	0.000	2.831	2.831
421	  A	  5.5	  0.7	0.000	2.672	2.672
422	  G	  0.1	  0.8	0.000	0.157	0.157
423	  K	  0.4	  0.8	0.000	0.000	0.000
424	  C	  0.5	  0.2	0.000	0.000	0.000
425	  G	  0.5	  0.2	0.000	0.000	0.000
426	  L	  0.3	  0.0	0.000	0.000	0.000
427	  V	  0.2	  0.0	0.000	0.000	0.000
428	  P	  0.2	  0.0	0.000	0.000	0.000
429	  V	  1.3	  0.0	0.000	0.000	0.000
430	  L	  1.2	  0.0	0.000	0.000	0.000
431	  A	  1.2	  0.3	0.000	0.000	0.000
432	  E	  0.1	  0.3	0.000	0.000	0.000
433	  N	  0.9	  0.3	0.000	0.000	0.000
434	  Y	  1.9	  0.4	0.000	0.000	0.000
435	  K	  2.1	  0.1	0.000	0.000	0.000
436	  S	  1.6	  0.2	0.000	0.000	0.000
437	  Q	  0.7	  0.3	0.000	0.000	0.000
438	  Q	  0.5	  0.3	0.000	0.000	0.000
439	  S	  0.4	  0.2	0.000	0.000	0.000
440	  S	  0.2	  0.2	0.000	0.000	0.000
441	  D	  0.1	  0.1	0.000	0.000	0.000
442	  P	  0.0	  0.0	0.000	0.000	0.000
443	  D	  0.0	 14.6	0.000	0.000	0.000
444	  P	  0.0	 14.6	0.000	0.000	0.000
445	  N	  0.6	 14.6	0.000	0.000	0.000
446	  C	  1.9	 14.6	0.000	0.000	0.000
447	  V	  2.3	  0.0	0.000	0.000	0.000
448	  D	  1.7	  0.0	0.000	0.000	0.000
449	  R	  0.4	  0.0	0.000	0.000	0.000
450	  P	  0.0	  0.0	0.000	0.000	0.000
451	  V	  0.2	  0.4	0.000	0.008	0.008
452	  E	  0.2	  0.4	0.000	0.008	0.008
453	  G	  0.2	  0.4	0.294	7.557	7.557
454	  Y	  0.6	  0.4	0.294	91.229	91.229
455	  L	  1.0	  0.0	0.294	94.572	94.572
456	  A	  1.3	  0.0	0.294	95.069	95.069
457	  V	  7.8	  0.0	0.294	95.069	95.069
458	  A	  8.2	  0.0	0.294	95.050	95.050
459	  V	 10.5	  0.0	0.294	94.855	94.855
460	  V	  4.9	  0.0	0.294	77.058	77.058
461	  R	  4.2	  0.1	0.294	0.008	0.008
462	  R	  1.7	  0.5	0.146	0.000	0.000
463	  S	  0.5	  0.5	0.000	0.000	0.000
464	  D	  0.3	  0.7	0.000	0.000	0.000
465	  T	  0.6	  0.6	0.000	0.000	0.000
466	  S	  2.2	  0.3	0.000	0.000	0.000
467	  L	  5.3	  0.2	0.000	0.000	0.000
468	  T	 11.1	  0.1	0.000	0.000	0.000
469	  W	 10.2	  0.1	0.000	0.000	0.000
470	  N	  7.3	  0.1	0.156	0.000	0.000
471	  S	  2.6	  0.1	0.156	0.000	0.000
472	  V	  2.4	  1.4	0.156	0.000	0.000
473	  K	  2.1	  1.4	0.156	0.000	0.000
474	  G	  0.6	  1.5	0.156	0.000	0.000
475	  K	  0.1	  1.6	0.156	0.000	0.000
476	  K	  1.1	  0.3	0.000	0.000	0.000
477	  S	  4.8	  0.2	0.000	0.000	0.000
478	  C	  5.2	  0.2	0.000	0.000	0.000
479	  H	  4.9	  0.1	0.000	0.000	0.000
480	  T	  2.1	  0.0	0.000	0.000	0.000
481	  A	  1.9	  0.0	0.000	0.000	0.000
482	  V	  1.4	  0.0	0.000	0.000	0.000
483	  D	  0.5	  0.2	0.000	0.000	0.000
484	  R	  0.4	  0.2	0.000	0.000	0.000
485	  T	  0.2	  0.6	0.000	0.000	0.000
486	  A	  0.2	  0.6	0.000	0.000	0.000
487	  G	  0.2	  0.4	0.000	0.000	0.000
488	  W	  5.2	  0.4	0.000	0.000	0.000
489	  N	  5.3	  0.0	0.000	0.000	0.000
490	  I	  5.3	  0.1	0.000	0.000	0.000
491	  P	  0.2	  0.1	0.465	0.000	0.000
492	  M	  0.3	  0.2	0.465	2.325	2.325
493	  G	  0.2	  0.2	0.465	2.325	2.325
494	  L	  0.8	  0.0	0.465	2.325	2.325
495	  L	  1.0	  0.0	0.465	2.325	2.325
496	  F	  2.6	  0.0	0.465	2.325	2.325
497	  N	  2.1	  0.4	0.465	0.000	0.000
498	  Q	  1.7	  0.5	0.137	0.000	0.000
499	  T	  0.3	  0.8	0.000	0.000	0.000
500	  G	  0.2	  0.9	0.000	0.000	0.000
501	  S	  1.7	  0.5	0.000	0.000	0.000
502	  C	  1.8	  0.4	0.000	0.000	0.000
503	  K	  2.4	  0.1	0.000	0.000	0.000
504	  F	  1.2	  0.0	0.000	0.000	0.000
505	  D	  1.0	  0.0	0.000	0.000	0.000
506	  E	  0.7	  0.0	0.000	0.000	0.000
507	  Y	  2.8	  0.0	0.000	0.000	0.000
508	  F	  5.0	  0.1	0.000	0.000	0.000
509	  S	  6.1	  1.0	0.000	0.000	0.000
510	  Q	  4.4	  1.0	0.000	0.000	0.000
511	  S	  4.5	  1.0	0.000	0.000	0.000
512	  C	  3.0	  1.0	0.000	0.000	0.000
513	  A	  2.4	  1.9	0.000	0.000	0.000
514	  P	  0.2	  2.3	0.000	0.000	0.000
515	  G	  0.0	  2.3	0.000	0.000	0.000
516	  S	  0.0	  2.3	0.000	0.000	0.000
517	  D	  0.0	  0.9	0.146	0.000	0.000
518	  P	  0.0	  0.7	0.146	0.000	0.000
519	  R	  0.2	  0.9	0.146	0.000	0.000
520	  S	  0.2	  0.9	0.146	0.000	0.000
521	  N	  0.4	  0.4	0.349	0.000	0.000
522	  L	  0.6	  0.3	0.349	0.237	0.237
523	  C	  1.3	  0.2	0.203	0.237	0.237
524	  A	  1.2	  0.2	0.203	0.237	0.237
525	  L	  2.5	  0.2	0.203	0.237	0.237
526	  C	  2.4	  0.4	0.203	0.237	0.237
527	  I	  2.3	  1.5	0.000	0.237	0.237
528	  G	  0.7	  1.5	0.000	0.000	0.000
529	  D	  0.0	  2.2	0.187	0.000	0.000
530	  E	  0.0	  2.1	0.187	0.000	0.000
531	  Q	  0.0	  1.0	0.187	0.000	0.000
532	  G	  0.0	  1.4	0.187	0.000	0.000
533	  E	  0.1	  0.7	0.187	0.000	0.000
534	  N	  0.2	  0.6	0.187	0.000	0.000
535	  K	  1.4	  0.4	0.000	0.000	0.000
536	  C	  1.5	  0.0	0.000	0.000	0.000
537	  V	  1.5	  0.4	0.000	0.000	0.000
538	  P	  0.2	  0.4	0.000	0.000	0.000
539	  N	  0.0	  2.3	0.160	0.000	0.000
540	  S	  0.0	  2.3	0.286	0.000	0.000
541	  N	  0.1	  2.0	0.286	0.000	0.000
542	  E	  0.3	  2.0	0.286	0.000	0.000
543	  R	  1.6	  0.1	0.286	0.000	0.000
544	  Y	  2.5	  0.2	0.286	0.503	0.503
545	  Y	  2.5	  0.1	0.126	0.503	0.503
546	  G	  1.4	  0.1	0.126	0.503	0.503
547	  Y	  1.8	  0.2	0.000	0.503	0.503
548	  T	  1.6	  0.3	0.000	0.503	0.503
549	  G	  1.4	  0.3	0.000	0.143	0.143
550	  A	  0.4	  0.3	0.000	0.143	0.143
551	  F	  8.6	  0.3	0.000	0.143	0.143
552	  R	  9.7	  0.1	0.000	0.000	0.000
553	  C	 11.4	  0.1	0.000	0.000	0.000
554	  L	  3.5	  0.1	0.000	0.000	0.000
555	  A	  2.2	  0.3	0.000	0.000	0.000
556	  E	  0.0	  0.3	0.000	0.000	0.000
557	  N	  0.0	  1.1	0.000	0.000	0.000
558	  A	  0.0	  1.3	0.000	0.000	0.000
559	  G	  0.0	  1.1	0.000	0.000	0.000
560	  D	  0.2	  1.1	0.096	0.000	0.000
561	  V	  2.1	  0.3	0.096	20.881	20.881
562	  A	  2.4	  0.0	0.096	22.541	22.541
563	  F	  3.9	  0.0	0.096	28.248	28.248
564	  V	  3.3	  0.1	0.096	28.621	28.621
565	  K	  3.1	  0.1	0.096	28.621	28.621
566	  D	  2.3	  0.1	0.000	28.621	28.621
567	  V	 19.1	  0.1	0.000	30.699	30.699
568	  T	 22.1	  0.0	0.000	30.140	30.140
569	  V	 23.1	  0.0	0.000	29.879	29.879
570	  L	  5.8	  0.1	0.000	25.706	25.706
571	  Q	  2.4	  0.1	0.000	2.901	2.901
572	  N	  0.5	  2.1	0.000	0.000	0.000
573	  T	  0.3	  2.2	0.000	0.000	0.000
574	  D	  0.1	  3.7	0.000	0.000	0.000
575	  G	  0.0	  3.8	0.000	0.000	0.000
576	  N	  0.0	  2.3	0.293	0.000	0.000
577	  N	  0.0	  2.2	1.007	0.000	0.000
578	  N	  0.0	  0.6	2.794	0.000	0.000
579	  E	  0.1	  0.5	2.794	0.000	0.000
580	  A	  0.2	  0.0	2.794	0.000	0.000
581	  W	  0.5	  0.0	2.978	0.000	0.000
582	  A	  0.5	  0.3	2.978	0.000	0.000
583	  K	  0.4	  0.3	2.978	0.000	0.000
584	  D	  0.2	  0.3	2.218	0.000	0.000
585	  L	  1.6	  0.3	1.727	3.006	3.006
586	  K	  1.9	  0.1	1.577	3.006	3.006
587	  L	  1.7	  0.8	0.552	3.006	3.006
588	  A	  0.4	  0.8	0.355	3.006	3.006
589	  D	  0.2	  0.8	1.602	3.006	3.006
590	  F	  0.8	  0.9	1.415	5.996	5.996
591	  A	  1.1	  0.1	1.247	6.202	6.202
592	  L	  2.2	  0.1	1.247	6.202	6.202
593	  L	  2.7	  0.1	1.247	5.871	5.871
594	  C	  3.9	  0.7	1.247	4.083	4.083
595	  L	  2.7	  1.7	1.109	3.483	3.483
596	  D	  1.5	  1.8	0.838	0.000	0.000
597	  G	  0.1	  1.9	0.593	0.000	0.000
598	  K	  0.9	  1.2	0.166	0.000	0.000
599	  R	  0.9	  0.2	0.000	0.000	0.000
600	  K	  0.9	  0.1	0.000	0.000	0.000
601	  P	  0.1	  0.0	0.000	0.000	0.000
602	  V	  0.8	  0.0	0.000	0.000	0.000
603	  T	  0.9	  0.0	0.142	0.000	0.000
604	  E	  0.9	  0.0	0.142	0.000	0.000
605	  A	  0.3	  0.2	0.142	0.000	0.000
606	  R	  0.4	  0.2	0.142	0.000	0.000
607	  S	  4.1	  0.2	0.142	0.000	0.000
608	  C	  5.4	  0.2	0.142	0.000	0.000
609	  H	  5.5	  0.1	0.000	0.000	0.000
610	  L	  2.1	  0.0	0.000	0.000	0.000
611	  A	  0.8	  0.0	0.000	0.000	0.000
612	  M	  0.6	  0.0	0.000	0.000	0.000
613	  A	  0.2	  0.8	0.000	0.000	0.000
614	  P	  0.0	  0.8	0.000	0.000	0.000
615	  N	  0.0	  0.8	0.000	0.000	0.000
616	  H	  0.6	  0.8	0.000	0.000	0.000
617	  A	  1.3	  0.0	0.000	0.000	0.000
618	  V	  5.7	  0.0	0.000	0.000	0.000
619	  V	  6.0	  0.0	0.000	0.000	0.000
620	  S	  5.3	  0.0	2.250	0.000	0.000
621	  R	  2.9	  0.2	2.250	0.000	0.000
622	  M	  2.2	  0.3	2.250	0.000	0.000
623	  D	  2.1	  0.2	6.462	0.000	0.000
624	  K	  6.9	  0.2	6.574	0.000	0.000
625	  V	  8.2	  0.0	6.950	0.000	0.000
626	  E	  8.2	  0.0	7.290	0.000	0.000
627	  R	  1.8	  0.0	7.002	0.000	0.000
628	  L	  0.4	  0.1	7.002	0.000	0.000
629	  K	  0.5	  0.1	6.404	0.000	0.000
630	  Q	  0.7	  0.0	5.667	0.000	0.000
631	  V	  4.3	  0.0	4.353	0.000	0.000
632	  L	  4.6	  0.0	4.353	0.000	0.000
633	  L	  4.3	  0.0	4.012	0.000	0.000
634	  H	  1.0	  0.1	3.718	0.000	0.000
635	  Q	  0.6	  0.1	1.743	0.000	0.000
636	  Q	  0.6	  0.1	0.982	0.000	0.000
637	  A	  0.4	  0.1	0.623	0.000	0.000
638	  K	  0.6	  0.2	0.623	0.000	0.000
639	  F	  0.6	  1.0	0.414	0.000	0.000
640	  G	  0.4	  1.8	0.000	0.000	0.000
641	  R	  0.2	  2.6	0.000	0.000	0.000
642	  N	  0.0	  2.9	0.000	0.000	0.000
643	  G	  0.0	  2.7	0.000	0.000	0.000
644	  S	  0.0	  1.9	0.000	0.000	0.000
645	  D	  0.1	  1.1	0.000	0.000	0.000
646	  C	  0.1	  2.6	0.000	0.000	0.000
647	  P	  0.0	  2.0	0.000	0.000	0.000
648	  D	  0.1	  2.1	0.140	0.000	0.000
649	  K	  1.0	  2.1	0.140	0.000	0.000
650	  F	  3.4	  0.2	0.140	0.389	0.389
651	  C	  3.8	  0.1	0.140	0.389	0.389
652	  L	  3.2	  0.0	0.140	0.389	0.389
653	  F	  2.3	  0.1	0.140	0.389	0.389
654	  Q	  1.9	  0.1	0.140	0.389	0.389
655	  S	  1.7	  0.3	0.242	0.000	0.000
656	  E	  0.7	  0.3	0.242	0.000	0.000
657	  T	  1.1	  0.4	0.441	0.000	0.000
658	  K	  1.1	  0.4	0.441	0.000	0.000
659	  N	  0.7	  0.3	0.441	0.000	0.000
660	  L	  0.6	  0.3	0.441	0.000	0.000
661	  L	  1.0	  0.0	0.441	0.000	0.000
662	  F	  1.4	  0.1	0.441	0.000	0.000
663	  N	  0.9	  1.1	0.221	0.000	0.000
664	  D	  0.5	  1.1	0.665	0.000	0.000
665	  N	  0.2	  1.2	3.910	0.000	0.000
666	  T	  0.4	  1.1	6.594	0.000	0.000
667	  E	  0.5	  0.1	6.594	0.000	0.000
668	  C	  2.4	  0.1	7.521	0.000	0.000
669	  L	  2.3	  0.0	7.521	0.000	0.000
670	  A	  2.4	  0.0	7.521	0.000	0.000
671	  R	  0.7	  0.0	7.398	0.000	0.000
672	  L	  0.8	  1.2	5.529	0.000	0.000
673	  H	  0.6	  1.5	3.940	0.000	0.000
674	  G	  0.2	  1.6	1.886	0.000	0.000
675	  K	  0.9	  1.6	0.862	0.000	0.000
676	  T	  4.1	  0.4	0.107	0.000	0.000
677	  T	 14.6	  0.1	0.291	0.000	0.000
678	  Y	 15.6	  0.1	0.291	0.000	0.000
679	  E	 12.6	  0.1	0.291	0.000	0.000
680	  K	  2.4	  0.1	0.291	0.000	0.000
681	  Y	  0.7	  0.1	0.291	0.000	0.000
682	  L	  0.6	  0.0	0.291	0.000	0.000
683	  G	  0.3	  0.4	0.291	0.000	0.000
684	  P	  0.0	  0.4	0.000	0.000	0.000
685	  Q	  1.6	  0.4	0.000	0.000	0.000
686	  Y	  4.3	  0.3	0.000	3.262	3.262
687	  V	  4.9	  0.0	0.000	3.614	3.614
688	  A	  3.4	  0.1	0.000	3.614	3.614
689	  G	  1.0	  0.1	0.291	3.614	3.614
690	  I	  1.0	  0.1	0.291	3.614	3.614
691	  T	  1.2	  0.2	0.453	1.569	1.569
692	  N	  1.1	  0.0	0.453	0.000	0.000
693	  L	  0.6	  0.1	0.453	0.000	0.000
694	  K	  0.6	  0.1	0.453	0.000	0.000
695	  K	  0.9	  0.1	0.299	0.000	0.000
696	  C	  1.0	  0.2	0.162	0.000	0.000
697	  S	  4.7	  0.2	0.000	0.000	0.000
698	  T	  4.2	  0.1	0.000	0.000	0.000
699	  S	  4.0	  0.4	0.000	0.000	0.000
700	  P	  0.1	  0.2	0.000	0.000	0.000
701	  L	  0.1	  0.2	0.000	0.000	0.000
702	  L	  0.3	  0.3	0.000	0.000	0.000
703	  E	  0.3	  0.0	0.000	0.000	0.000
704	  A	  0.4	  0.0	0.000	0.000	0.000
705	  C	  1.7	  0.0	0.000	0.000	0.000
706	  E	  1.7	  0.0	0.000	0.000	0.000
707	  F	  2.7	  0.0	0.000	0.000	0.000
708	  L	  1.6	  0.0	0.000	0.000	0.000
709	  R	  1.5	  0.0	0.000	0.000	0.000
710	  K	  0.3	  0.0	0.000	0.000	0.000
