res	aa	Beta	Turn	Helix	Aggregation	Conc-Stab_Aggregation
01	  M	  0.0	  0.0	0.000	0.000	0.000
02	  A	  0.0	  0.1	0.000	0.000	0.000
03	  E	  0.1	  0.1	0.000	0.000	0.000
04	  E	  0.1	  0.1	0.000	0.000	0.000
05	  Q	  0.1	  0.2	0.000	0.000	0.000
06	  P	  0.0	  0.1	0.000	0.000	0.000
07	  Q	  1.8	  0.1	0.000	0.000	0.000
08	  V	  6.3	  0.2	0.000	2.610	2.610
09	  E	  6.4	  0.1	0.000	2.610	2.610
10	  L	  5.3	  0.1	0.000	2.610	2.610
11	  F	  2.9	  0.1	0.000	2.610	2.610
12	  V	  4.8	  0.0	0.000	2.610	2.610
13	  K	  4.2	  0.4	0.000	2.610	2.610
14	  A	  2.2	  0.9	0.000	1.189	1.189
15	  G	  0.1	  2.0	0.000	0.000	0.000
16	  S	  0.0	  2.4	0.614	0.000	0.000
17	  D	  0.0	  2.1	0.614	0.000	0.000
18	  G	  0.0	  1.6	0.614	0.000	0.000
19	  A	  0.4	  0.5	0.614	0.000	0.000
20	  K	  0.6	  0.1	0.614	0.000	0.000
21	  I	  0.6	  1.1	0.614	0.000	0.000
22	  G	  0.3	  1.1	0.614	0.000	0.000
23	  N	  0.1	  1.1	0.416	0.000	0.000
24	  C	  0.1	  1.3	0.727	0.000	0.000
25	  P	  0.1	  0.2	0.509	0.000	0.000
26	  F	  2.1	  0.2	0.734	0.000	0.000
27	  S	  2.8	  0.3	5.372	0.000	0.000
28	  Q	  3.0	  0.1	5.803	0.000	0.000
29	  R	  1.5	  0.1	6.291	0.000	0.000
30	  L	  1.5	  0.1	6.502	77.558	77.558
31	  F	  2.4	  0.0	6.766	90.511	90.511
32	  M	  4.2	  0.0	6.766	92.973	92.973
33	  V	  4.7	  0.0	6.591	93.034	93.034
34	  L	  4.0	  0.0	6.591	93.034	93.034
35	  W	  2.1	  0.0	6.591	85.924	85.924
36	  L	  0.9	  0.4	6.468	73.259	73.259
37	  K	  0.5	  0.4	5.140	1.808	1.808
38	  G	  0.1	  0.4	2.202	2.018	2.018
39	  V	  7.7	  0.4	0.000	20.655	20.655
40	  T	 15.7	  0.0	0.000	20.847	20.847
41	  F	 20.0	  0.0	0.000	21.175	21.175
42	  N	 14.3	  0.0	0.426	21.175	21.175
43	  V	  7.9	  0.0	0.426	21.175	21.175
44	  T	  5.1	  0.0	0.426	20.647	20.647
45	  T	  7.6	  0.0	0.565	20.333	20.333
46	  V	  7.0	  0.1	0.565	18.923	18.923
47	  D	  5.4	  0.1	0.681	1.808	1.808
48	  T	  2.4	  0.2	0.549	0.077	0.077
49	  K	  1.8	  0.1	0.549	0.000	0.000
50	  R	  1.8	  0.2	0.376	0.000	0.000
51	  R	  0.6	  0.1	0.115	0.000	0.000
52	  T	  0.4	  0.1	0.316	0.000	0.000
53	  E	  0.2	  0.1	0.426	0.000	0.000
54	  T	 10.5	  0.1	1.696	0.000	0.000
55	  V	 11.1	  0.1	1.696	0.000	0.000
56	  Q	 11.3	  0.1	1.696	0.000	0.000
57	  K	  1.8	  0.1	1.696	0.000	0.000
58	  L	  1.1	  0.1	1.696	0.000	0.000
59	  C	  0.8	  2.1	1.696	0.000	0.000
60	  P	  0.1	  2.5	0.000	0.000	0.000
61	  G	  0.0	  2.5	0.000	0.000	0.000
62	  G	  0.0	  2.5	0.000	0.000	0.000
63	  Q	  0.1	  0.4	0.000	0.000	0.000
64	  L	  0.1	  0.0	0.000	0.000	0.000
65	  P	  0.1	  0.0	0.000	0.928	0.928
66	  F	  0.8	  0.0	0.000	4.919	4.919
67	  L	  1.4	  0.0	0.000	4.919	4.919
68	  L	  1.5	  0.0	0.000	4.919	4.919
69	  Y	  0.8	  0.3	0.000	4.919	4.919
70	  G	  0.2	  0.3	0.000	3.991	3.991
71	  T	  0.4	  0.3	0.000	1.489	1.489
72	  E	 12.1	  0.3	0.000	0.000	0.000
73	  V	 13.6	  0.0	0.000	0.000	0.000
74	  H	 13.7	  0.1	0.000	0.000	0.000
75	  T	  2.4	  0.2	0.000	0.000	0.000
76	  D	  0.8	  0.9	0.000	0.000	0.000
77	  T	  0.7	  0.9	0.000	0.000	0.000
78	  N	  0.5	  0.8	0.874	0.000	0.000
79	  K	  4.5	  0.8	1.090	0.000	0.000
80	  I	  4.4	  0.1	1.090	0.000	0.000
81	  E	  4.3	  0.1	1.090	0.000	0.000
82	  E	  0.4	  0.1	1.228	0.000	0.000
83	  F	  0.8	  0.1	1.655	0.000	0.000
84	  L	  0.9	  0.0	1.577	0.000	0.000
85	  E	  0.9	  0.0	1.577	0.000	0.000
86	  A	  1.1	  0.0	1.577	0.000	0.000
87	  V	  4.6	  0.0	1.577	0.000	0.000
88	  L	  4.6	  0.0	1.577	0.000	0.000
89	  C	  3.7	  0.0	1.462	0.000	0.000
90	  P	  0.0	  0.2	0.000	0.000	0.000
91	  P	  0.0	  0.2	0.000	0.000	0.000
92	  R	  0.1	  0.2	0.000	0.000	0.000
93	  Y	  0.1	  0.6	0.000	0.000	0.000
94	  P	  0.1	  0.5	0.153	0.000	0.000
95	  K	  0.4	  0.5	0.310	0.000	0.000
96	  L	  0.4	  0.5	0.310	0.000	0.000
97	  A	  0.6	  0.1	0.310	0.000	0.000
98	  A	  0.5	  0.0	0.310	0.000	0.000
99	  L	  0.5	  0.0	0.310	0.000	0.000
100	  N	  0.4	  0.4	0.310	0.000	0.000
101	  P	  0.1	  0.7	0.000	0.000	0.000
102	  E	  0.0	  0.8	0.000	0.000	0.000
103	  S	  0.1	  0.8	0.000	0.000	0.000
104	  N	  0.2	  0.4	0.000	0.000	0.000
105	  T	  0.2	  0.4	0.000	0.000	0.000
106	  A	  0.2	  0.3	0.000	0.000	0.000
107	  G	  0.2	  0.4	0.151	0.000	0.000
108	  L	  2.7	  0.4	0.151	1.831	1.831
109	  D	  3.9	  0.2	0.974	2.166	2.166
110	  I	  4.5	  0.1	0.974	2.166	2.166
111	  F	  2.6	  0.0	0.974	2.166	2.166
112	  A	  1.4	  0.0	0.974	2.166	2.166
113	  K	  1.4	  0.0	0.974	2.166	2.166
114	  F	  4.8	  0.0	0.823	2.558	2.558
115	  S	  4.9	  0.0	0.733	1.665	1.665
116	  A	  4.5	  0.0	0.616	1.665	1.665
117	  Y	  1.9	  0.0	0.616	1.665	1.665
118	  I	  1.9	  0.1	0.616	1.665	1.665
119	  K	  1.6	  0.1	0.616	0.000	0.000
120	  N	  0.4	  0.1	0.461	0.000	0.000
121	  S	  0.1	  0.1	0.225	0.000	0.000
122	  N	  0.0	  0.0	0.145	0.000	0.000
123	  P	  0.0	  0.0	0.145	0.000	0.000
124	  A	  0.2	  0.1	0.145	0.000	0.000
125	  L	  0.3	  0.2	0.145	0.000	0.000
126	  N	  0.3	  0.9	0.422	0.000	0.000
127	  D	  0.1	  0.9	0.422	0.000	0.000
128	  N	  0.4	  0.8	5.422	0.000	0.000
129	  L	  0.6	  0.8	5.422	0.000	0.000
130	  E	  0.6	  0.4	6.144	0.000	0.000
131	  K	  0.1	  0.4	6.144	0.000	0.000
132	  G	  0.0	  0.4	6.275	0.000	0.000
133	  L	  0.2	  0.2	6.120	0.000	0.000
134	  L	  0.5	  0.0	5.675	0.000	0.000
135	  K	  0.6	  0.0	5.265	0.000	0.000
136	  A	  0.6	  0.0	5.131	0.000	0.000
137	  L	  2.0	  0.0	4.520	0.000	0.000
138	  K	  2.8	  0.0	3.770	0.000	0.000
139	  V	  5.3	  0.1	0.923	0.000	0.000
140	  L	  3.7	  0.4	0.797	0.000	0.000
141	  D	  2.9	  0.4	0.462	0.000	0.000
142	  N	  0.2	  0.4	0.325	0.000	0.000
143	  Y	  0.6	  0.3	0.000	0.000	0.000
144	  L	  1.6	  0.0	0.000	0.000	0.000
145	  T	  1.6	  0.0	0.000	0.000	0.000
146	  S	  1.1	  0.0	0.000	0.000	0.000
147	  P	  0.1	  0.0	0.000	0.000	0.000
148	  L	  0.0	  0.1	0.000	0.000	0.000
149	  P	  0.0	  0.2	0.000	0.000	0.000
150	  E	  0.0	  0.2	0.000	0.000	0.000
151	  E	  5.2	  0.2	0.000	0.000	0.000
152	  V	  5.4	  0.1	0.000	0.000	0.000
153	  D	  5.4	  0.3	0.000	0.000	0.000
154	  E	  0.3	  0.3	0.000	0.000	0.000
155	  T	  0.5	  0.3	0.000	0.000	0.000
156	  S	  0.9	  0.4	0.000	0.000	0.000
157	  A	  0.8	  0.5	0.000	0.000	0.000
158	  E	  0.4	  0.5	0.000	0.000	0.000
159	  D	  0.0	  1.0	0.758	0.000	0.000
160	  E	  0.0	  0.8	0.758	0.000	0.000
161	  G	  0.0	  0.6	1.364	0.000	0.000
162	  V	  2.0	  0.5	1.364	0.000	0.000
163	  S	  2.7	  0.1	1.364	0.000	0.000
164	  Q	  3.0	  0.1	1.364	0.000	0.000
165	  R	  1.6	  0.1	1.364	0.000	0.000
166	  K	  1.1	  0.1	1.092	0.000	0.000
167	  F	  1.7	  0.4	0.478	0.000	0.000
168	  L	  1.3	  0.5	0.000	0.000	0.000
169	  D	  1.0	  1.2	0.000	0.000	0.000
170	  G	  0.1	  1.2	0.000	0.000	0.000
171	  N	  0.0	  0.9	0.590	0.000	0.000
172	  E	  0.6	  0.7	0.590	0.000	0.000
173	  L	  3.0	  0.1	0.590	0.000	0.000
174	  T	  3.4	  0.1	1.333	0.000	0.000
175	  L	  2.8	  0.5	1.333	0.000	0.000
176	  A	  0.5	  0.5	1.333	0.000	0.000
177	  D	  0.3	  0.9	0.944	0.000	0.000
178	  C	  1.1	  0.9	0.742	0.000	0.000
179	  N	  1.1	  0.4	0.742	0.000	0.000
180	  L	  0.9	  0.4	0.409	0.000	0.000
181	  L	  0.1	  0.2	0.179	0.000	0.000
182	  P	  0.1	  0.2	0.000	0.000	0.000
183	  K	  0.5	  0.2	0.000	0.000	0.000
184	  L	  3.7	  0.2	0.000	0.668	0.668
185	  H	 11.2	  0.0	0.103	0.668	0.668
186	  I	 13.9	  0.0	0.103	15.731	15.731
187	  V	 14.6	  0.0	0.103	15.731	15.731
188	  Q	  7.7	  0.0	0.103	15.731	15.731
189	  V	  6.8	  0.0	0.103	15.731	15.731
190	  V	  3.1	  0.0	0.103	15.731	15.731
191	  C	  2.8	  0.1	0.103	1.307	1.307
192	  K	  0.6	  0.1	0.103	0.000	0.000
193	  K	  1.1	  0.1	0.103	0.000	0.000
194	  Y	  2.0	  0.3	0.000	0.000	0.000
195	  R	  2.0	  0.1	0.000	0.000	0.000
196	  G	  1.4	  0.1	0.000	0.000	0.000
197	  F	 15.0	  0.1	0.000	0.000	0.000
198	  T	 15.4	  0.0	0.000	0.000	0.000
199	  I	 15.3	  0.0	0.000	0.000	0.000
200	  P	  0.6	  0.0	0.120	0.000	0.000
201	  E	  0.1	  0.0	0.120	0.000	0.000
202	  A	  0.5	  0.0	0.120	0.000	0.000
203	  F	  1.9	  0.4	0.120	0.000	0.000
204	  R	  1.9	  0.4	0.120	0.000	0.000
205	  G	  1.5	  0.4	0.120	0.000	0.000
206	  V	  1.8	  0.4	0.000	0.000	0.000
207	  H	  2.5	  0.0	0.000	0.000	0.000
208	  R	  3.0	  0.0	0.000	0.000	0.000
209	  Y	  2.4	  0.1	0.000	0.000	0.000
210	  L	  1.7	  0.3	0.000	0.000	0.000
211	  S	  1.1	  0.3	0.188	0.000	0.000
212	  N	  0.3	  0.4	0.705	0.000	0.000
213	  A	  0.4	  0.4	0.705	0.000	0.000
214	  Y	  1.0	  0.2	0.705	0.000	0.000
215	  A	  0.8	  0.2	0.705	0.000	0.000
216	  R	  0.7	  0.1	0.705	0.000	0.000
217	  E	  0.1	  0.1	0.518	0.000	0.000
218	  E	  0.4	  0.1	0.337	0.000	0.000
219	  F	  1.3	  0.2	0.145	0.000	0.000
220	  A	  1.3	  0.2	0.000	0.000	0.000
221	  S	  2.2	  0.2	0.000	0.000	0.000
222	  T	  1.7	  0.2	0.000	0.000	0.000
223	  C	  1.6	  2.5	0.000	0.000	0.000
224	  P	  0.4	  2.5	0.000	0.000	0.000
225	  D	  0.0	  2.6	0.133	0.000	0.000
226	  D	  0.0	  2.7	0.821	0.000	0.000
227	  E	  0.0	  0.4	0.963	0.000	0.000
228	  E	  0.9	  0.2	1.113	0.000	0.000
229	  I	  3.7	  0.1	1.113	0.000	0.000
230	  E	  3.8	  0.0	1.113	0.000	0.000
231	  L	  3.2	  0.0	1.113	0.000	0.000
232	  A	  0.6	  0.0	1.113	0.000	0.000
233	  Y	  1.5	  0.1	0.952	0.000	0.000
234	  E	  1.3	  0.1	0.000	0.000	0.000
235	  Q	  1.3	  0.1	0.000	0.000	0.000
236	  V	  1.0	  0.1	0.000	0.000	0.000
237	  A	  1.1	  0.0	0.000	0.000	0.000
238	  K	  0.9	  0.0	0.000	0.000	0.000
239	  A	  0.3	  0.0	0.000	0.000	0.000
240	  L	  0.3	  0.0	0.000	0.000	0.000
241	  K	  0.2	  0.0	0.000	0.000	0.000
