res	aa	Beta	Turn	Helix	Aggregation	Conc-Stab_Aggregation
01	  M	  1.2	  0.0	0.000	0.000	0.000
02	  L	  1.6	  0.0	0.000	0.000	0.000
03	  L	  1.8	  0.0	0.000	0.000	0.000
04	  D	  0.6	  0.0	0.000	0.000	0.000
05	  A	  0.2	  0.1	0.000	0.000	0.000
06	  G	  0.0	  0.4	0.000	0.000	0.000
07	  P	  0.0	  0.4	0.000	0.000	0.000
08	  Q	  0.2	  0.4	0.000	0.000	0.000
09	  Y	  0.2	  0.5	0.000	0.000	0.000
10	  P	  0.2	  0.2	0.000	0.000	0.000
11	  A	  0.1	  0.2	0.000	3.125	3.125
12	  I	  0.3	  0.2	0.000	6.478	6.478
13	  G	  0.4	  0.0	0.000	6.739	6.739
14	  V	  2.2	  0.1	0.000	7.001	7.001
15	  T	  5.7	  0.1	0.000	7.001	7.001
16	  T	  6.6	  0.2	0.000	6.673	6.673
17	  F	  5.0	  0.7	0.000	6.245	6.245
18	  G	  1.2	  0.9	0.000	0.734	0.734
19	  A	  0.3	  1.0	0.000	0.000	0.000
20	  S	  0.4	  0.9	0.000	0.000	0.000
21	  R	  1.0	  0.4	0.000	0.000	0.000
22	  H	  1.1	  0.2	0.000	0.000	0.000
23	  H	  1.0	  0.3	0.000	0.000	0.000
24	  S	  0.5	  0.9	0.000	0.000	0.000
25	  A	  0.3	  1.1	0.000	0.000	0.000
26	  G	  0.1	  1.1	0.000	0.000	0.000
27	  D	  0.2	  0.9	0.000	0.000	0.000
28	  V	  1.0	  0.3	0.000	0.000	0.000
29	  A	  1.0	  0.1	0.000	0.000	0.000
30	  E	  1.0	  0.2	0.000	0.000	0.000
31	  R	  0.5	  0.2	0.000	0.000	0.000
32	  D	  0.5	  0.2	0.000	0.000	0.000
33	  V	  0.6	  0.2	0.000	0.948	0.948
34	  G	  0.3	  0.1	0.000	0.948	0.948
35	  L	  0.5	  0.2	0.000	0.948	0.948
36	  G	  0.6	  0.2	0.000	0.948	0.948
37	  I	  0.9	  0.1	0.000	0.948	0.948
38	  N	  0.8	  0.3	0.000	0.000	0.000
39	  P	  0.3	  0.2	0.000	0.000	0.000
40	  F	  0.3	  1.4	0.000	0.000	0.000
41	  A	  0.2	  1.7	0.000	0.000	0.000
42	  D	  0.2	  1.5	0.000	0.000	0.000
43	  G	  0.0	  1.7	0.219	0.000	0.000
44	  M	  0.1	  0.9	0.219	0.000	0.000
45	  G	  0.1	  0.6	0.638	0.000	0.000
46	  A	  0.4	  0.6	0.638	0.000	0.000
47	  F	  1.7	  0.4	0.638	0.000	0.000
48	  K	  2.9	  0.1	0.638	0.000	0.000
49	  L	  2.7	  0.1	0.638	0.000	0.000
50	  N	  1.4	  3.6	0.638	0.000	0.000
51	  P	  0.1	  3.7	0.000	0.000	0.000
52	  S	  0.2	  3.8	0.000	0.000	0.000
53	  S	  1.0	  3.8	0.000	0.000	0.000
54	  H	  1.3	  0.4	0.000	0.000	0.000
55	  E	  1.1	  0.2	0.000	0.000	0.000
56	  L	  0.5	  0.3	0.000	0.000	0.000
57	  A	  0.4	  0.3	0.000	0.000	0.000
58	  S	  0.4	  1.1	0.000	0.000	0.000
59	  A	  0.3	  1.2	0.000	0.000	0.000
60	  G	  0.2	  1.2	0.000	0.000	0.000
61	  Q	  0.1	  1.1	0.000	0.000	0.000
62	  T	  0.9	  0.2	0.000	0.000	0.000
63	  A	  1.3	  0.1	0.000	0.000	0.000
64	  F	  4.4	  0.0	0.000	0.000	0.000
65	  T	  4.7	  0.1	0.000	0.000	0.000
66	  S	  4.6	  0.1	0.000	0.000	0.000
67	  Q	  1.5	  0.1	0.000	0.000	0.000
68	  A	  0.3	  1.3	0.000	0.000	0.000
69	  P	  0.0	  1.2	0.000	0.000	0.000
70	  G	  0.2	  1.2	1.038	0.000	0.000
71	  Y	  0.9	  1.2	1.201	0.479	0.479
72	  A	  1.0	  0.0	1.643	0.618	0.618
73	  A	  0.8	  0.0	1.643	0.782	0.782
74	  A	  0.1	  0.0	1.643	0.782	0.782
75	  A	  0.2	  0.2	1.643	0.782	0.782
76	  A	  0.2	  0.3	1.477	0.782	0.782
77	  L	  0.2	  0.4	1.278	0.782	0.782
78	  G	  0.1	  0.4	0.623	0.000	0.000
79	  H	  0.8	  0.3	0.316	0.000	0.000
80	  H	  2.0	  0.2	0.000	0.000	0.000
81	  H	  2.0	  0.1	0.000	0.000	0.000
82	  H	  1.3	  4.1	0.000	0.000	0.000
83	  P	  0.1	  4.1	0.000	0.000	0.000
84	  G	  0.0	  4.1	0.000	0.000	0.000
85	  H	  0.3	  4.4	0.000	0.000	0.000
86	  V	  0.4	  1.9	0.000	0.000	0.000
87	  G	  0.5	  1.9	0.000	0.000	0.000
88	  S	 21.1	  2.0	0.000	0.000	0.000
89	  Y	 22.3	  1.9	0.000	0.000	0.000
90	  S	 22.3	  0.3	0.108	0.000	0.000
91	  S	  1.8	  0.3	0.214	0.000	0.000
92	  A	  0.2	  0.1	0.214	0.000	0.000
93	  A	  0.4	  0.0	0.214	0.000	0.000
94	  F	  1.8	  0.0	0.214	0.000	0.000
95	  N	  1.8	  0.2	0.214	0.000	0.000
96	  S	  2.3	  0.2	0.553	0.000	0.000
97	  T	  1.1	  0.5	0.732	0.000	0.000
98	  R	  1.2	  0.4	0.732	0.000	0.000
99	  D	  0.5	  0.3	0.732	0.000	0.000
100	  F	  1.0	  0.3	0.732	0.000	0.000
101	  L	  0.9	  0.0	0.732	0.000	0.000
102	  F	  1.8	  0.2	0.732	0.000	0.000
103	  R	  1.1	  0.2	0.588	0.000	0.000
104	  N	  0.9	  0.4	0.588	0.000	0.000
105	  R	  0.1	  0.4	0.000	0.000	0.000
106	  G	  0.1	  0.4	0.000	0.000	0.000
107	  F	  0.2	  2.3	0.000	0.000	0.000
108	  G	  0.1	  2.1	2.703	0.000	0.000
109	  D	  0.1	  2.1	6.563	0.000	0.000
110	  A	  0.1	  1.9	6.917	0.000	0.000
111	  A	  0.1	  0.0	6.917	0.000	0.000
112	  A	  0.1	  0.0	6.917	0.000	0.000
113	  A	  0.2	  0.2	6.917	0.000	0.000
114	  A	  0.3	  0.2	6.590	0.000	0.000
115	  S	  0.5	  0.3	5.354	0.000	0.000
116	  A	  0.6	  0.4	3.152	0.000	0.000
117	  Q	  0.6	  0.2	2.373	0.000	0.000
118	  H	  0.5	  0.3	0.555	0.000	0.000
119	  S	  0.6	  0.2	0.148	0.314	0.314
120	  L	  0.8	  0.1	0.148	0.904	0.904
121	  F	  1.4	  0.1	0.148	0.904	0.904
122	  A	  1.2	  0.2	0.148	0.904	0.904
123	  A	  1.0	  0.3	0.148	0.904	0.904
124	  S	  0.4	  0.7	0.148	0.590	0.590
125	  A	  0.3	  0.8	0.000	0.270	0.270
126	  G	  0.1	  0.6	0.000	0.000	0.000
127	  G	  0.0	  0.7	0.000	0.000	0.000
128	  F	  0.1	  0.3	0.000	0.000	0.000
129	  G	  0.1	  0.3	0.000	0.000	0.000
130	  G	  0.1	  1.3	0.000	0.000	0.000
131	  P	  0.0	  1.4	0.000	0.000	0.000
132	  H	  0.1	  1.7	0.000	0.000	0.000
133	  G	  0.1	  1.6	0.000	0.000	0.000
134	  H	  0.5	  0.8	0.000	0.000	0.000
135	  T	  0.5	  0.5	0.160	0.000	0.000
136	  D	  0.5	  0.6	0.160	0.000	0.000
137	  A	  0.1	  1.0	0.160	0.000	0.000
138	  A	  0.1	  0.9	0.160	0.000	0.000
139	  G	  0.1	  0.9	0.160	0.000	0.000
140	  H	  0.6	  0.6	0.160	0.000	0.000
141	  L	  1.5	  0.1	0.000	0.000	0.000
142	  L	  1.5	  0.0	0.000	0.000	0.000
143	  F	  1.0	  1.8	0.000	0.000	0.000
144	  P	  0.1	  1.8	0.000	0.000	0.000
145	  G	  0.0	  1.8	0.000	0.000	0.000
146	  L	  0.1	  1.8	0.000	0.000	0.000
147	  H	  0.2	  0.2	0.420	0.000	0.000
148	  E	  0.2	  0.2	0.420	0.000	0.000
149	  Q	  0.2	  0.2	0.420	0.000	0.000
150	  A	  0.1	  0.7	0.420	0.000	0.000
151	  A	  0.1	  0.5	0.420	0.000	0.000
152	  G	  0.2	  0.5	0.420	0.000	0.000
153	  H	  0.8	  0.5	0.185	0.000	0.000
154	  A	  0.8	  0.1	0.000	0.000	0.000
155	  S	  0.7	  4.0	0.000	0.000	0.000
156	  P	  0.0	  4.0	0.000	0.000	0.000
157	  N	  1.9	  4.0	0.000	0.000	0.000
158	  V	  6.3	  4.1	0.000	0.000	0.000
159	  V	  6.5	  5.5	0.000	0.000	0.000
160	  N	  4.7	  5.5	0.156	0.000	0.000
161	  G	  0.3	  5.5	0.156	0.000	0.000
162	  Q	  0.9	  5.5	0.156	0.000	0.000
163	  M	  2.7	  0.1	0.156	0.000	0.000
164	  R	  2.8	  0.1	0.156	0.000	0.000
165	  L	  2.0	  0.1	0.156	0.000	0.000
166	  G	  0.2	  0.1	0.156	0.000	0.000
167	  F	  1.5	  0.2	0.000	0.000	0.000
168	  S	  1.5	  3.4	0.000	0.000	0.000
169	  G	  1.4	  3.4	0.000	0.000	0.000
170	  D	  0.6	  3.4	0.000	0.000	0.000
171	  M	  0.6	  3.2	0.000	0.000	0.000
172	  Y	  0.7	  0.0	0.000	0.000	0.000
173	  P	  0.1	  0.0	0.000	0.000	0.000
174	  R	  0.0	  0.2	0.000	0.000	0.000
175	  P	  0.0	  0.3	0.000	0.000	0.000
176	  E	  0.1	  0.3	0.000	0.000	0.000
177	  Q	  0.4	  0.3	0.000	0.000	0.000
178	  Y	  0.5	  0.2	0.000	0.000	0.000
179	  G	  0.4	  0.1	0.000	0.000	0.000
180	  Q	  0.9	  0.1	0.000	0.000	0.000
181	  V	  5.9	  0.1	0.000	0.000	0.000
182	  T	  6.0	  0.0	0.000	0.000	0.000
183	  S	  5.3	  0.3	0.000	0.000	0.000
184	  P	  0.1	  0.4	0.000	0.000	0.000
185	  R	  0.1	  0.4	0.000	0.000	0.000
186	  S	  0.2	  0.6	0.000	0.000	0.000
187	  E	  0.6	  0.3	0.000	0.000	0.000
188	  H	  2.2	  0.2	0.000	0.000	0.000
189	  Y	  3.9	  0.1	0.000	0.000	0.000
190	  A	  3.5	  0.0	0.000	0.000	0.000
191	  A	  1.8	  0.2	0.000	0.000	0.000
192	  P	  0.0	  0.2	0.000	0.000	0.000
193	  Q	  0.6	  0.2	0.000	0.000	0.000
194	  L	  0.8	  2.0	0.000	0.000	0.000
195	  H	  0.9	  1.8	0.000	0.000	0.000
196	  G	  0.3	  1.8	0.000	0.000	0.000
197	  Y	  0.1	  2.4	0.000	0.000	0.000
198	  G	  0.0	  0.8	0.123	0.000	0.000
199	  P	  0.0	  0.9	0.123	0.000	0.000
200	  M	  3.9	  0.9	0.123	0.000	0.000
201	  N	  5.4	  0.4	0.367	0.000	0.000
202	  V	  9.0	  0.3	0.367	0.000	0.000
203	  N	  5.3	  0.2	0.519	0.000	0.000
204	  M	  3.8	  0.2	0.395	0.000	0.000
205	  A	  0.3	  0.0	0.395	0.000	0.000
206	  A	  0.5	  0.0	0.395	0.000	0.000
207	  H	  0.7	  0.4	0.395	0.000	0.000
208	  H	  0.6	  0.9	0.152	0.000	0.000
209	  G	  0.3	  1.4	0.000	0.000	0.000
210	  A	  0.1	  1.5	0.000	0.195	0.195
211	  G	  0.0	  1.1	0.358	0.195	0.195
212	  A	  0.3	  0.7	0.358	0.195	0.195
213	  F	  2.3	  0.2	0.358	0.195	0.195
214	  F	  5.1	  0.0	0.358	0.195	0.195
215	  R	  5.4	  0.0	0.358	0.000	0.000
216	  Y	  4.7	  0.0	0.358	0.000	0.000
217	  M	  2.6	  0.0	0.358	0.000	0.000
218	  R	  2.1	  0.0	0.358	0.000	0.000
219	  Q	  0.8	  0.0	0.199	0.000	0.000
220	  P	  0.1	  0.0	0.000	0.000	0.000
221	  I	  1.3	  0.0	0.000	0.000	0.000
222	  K	  1.6	  0.1	0.000	0.000	0.000
223	  Q	  1.7	  0.1	0.000	0.000	0.000
224	  E	  0.4	  0.1	0.000	0.973	0.973
225	  L	  1.1	  0.1	0.000	0.973	0.973
226	  I	  1.2	  0.0	0.000	0.973	0.973
227	  C	  1.4	  0.0	0.000	0.973	0.973
228	  K	  0.8	  0.0	0.000	0.973	0.973
229	  W	  2.1	  0.0	0.000	0.973	0.973
230	  I	  2.3	  0.0	0.000	0.973	0.973
231	  E	  2.0	  0.0	2.063	0.000	0.000
232	  P	  0.5	  0.1	3.095	0.000	0.000
233	  E	  0.0	  0.1	3.095	0.000	0.000
234	  Q	  0.1	  0.1	3.095	0.000	0.000
235	  L	  0.2	  0.1	3.095	0.000	0.000
236	  A	  0.2	  0.0	3.095	0.000	0.000
237	  N	  0.1	  0.4	3.095	0.000	0.000
238	  P	  0.0	  0.4	0.000	0.000	0.000
239	  K	  0.1	  0.6	0.000	0.000	0.000
240	  K	  1.1	  0.6	0.000	0.000	0.000
241	  S	  7.2	  0.5	0.000	0.000	0.000
242	  C	  7.4	  0.5	0.000	0.000	0.000
243	  N	  6.4	  0.4	0.000	0.000	0.000
244	  K	  0.9	  0.4	0.000	0.000	0.000
245	  T	 29.1	  0.1	0.000	0.000	0.000
246	  F	 29.7	  0.2	0.000	0.000	0.000
247	  S	 29.4	  0.1	0.000	0.000	0.000
248	  T	  2.2	  0.1	0.000	0.000	0.000
249	  M	  1.2	  0.1	0.000	0.000	0.000
250	  H	  1.4	  0.1	0.000	0.000	0.000
251	  E	  0.4	  0.1	0.000	0.000	0.000
252	  L	  0.7	  0.1	0.000	0.240	0.240
253	  V	  4.1	  0.1	0.000	0.240	0.240
254	  T	  5.3	  0.0	0.000	0.240	0.240
255	  H	  6.3	  0.0	0.000	0.240	0.240
256	  V	 20.0	  0.0	0.000	0.240	0.240
257	  T	 24.1	  0.0	0.000	0.240	0.240
258	  V	 25.1	  0.0	0.000	0.240	0.240
259	  E	  8.6	  0.0	0.000	0.000	0.000
260	  H	  2.7	  0.2	0.000	0.000	0.000
261	  V	  0.4	  0.2	0.000	0.000	0.000
262	  G	  0.3	  0.2	0.000	0.000	0.000
263	  G	  0.0	  0.4	0.000	0.000	0.000
264	  P	  0.0	  0.4	0.000	0.000	0.000
265	  E	  0.1	  0.4	0.000	0.000	0.000
266	  Q	  0.1	  0.6	0.000	0.000	0.000
267	  S	  0.1	  0.4	0.000	0.000	0.000
268	  N	  0.6	  0.3	0.000	0.000	0.000
269	  H	  3.7	  0.2	0.000	0.754	0.754
270	  I	  5.0	  0.0	0.000	0.754	0.754
271	  C	  5.3	  0.0	0.194	0.754	0.754
272	  F	  3.9	  0.0	0.194	0.754	0.754
273	  W	  2.9	  0.1	0.194	0.754	0.754
274	  E	  2.1	  0.1	0.194	0.000	0.000
275	  E	  0.5	  0.1	0.194	0.000	0.000
276	  C	  0.1	  0.4	0.646	0.000	0.000
277	  P	  0.0	  0.5	0.452	0.000	0.000
278	  R	  0.0	  1.1	0.452	0.000	0.000
279	  E	  0.0	  1.1	0.452	0.000	0.000
280	  G	  0.0	  0.8	0.452	0.000	0.000
281	  K	  0.0	  0.6	0.452	0.000	0.000
282	  P	  0.0	  0.0	0.000	0.000	0.000
283	  F	  1.2	  0.0	0.000	0.000	0.000
284	  K	  1.5	  0.0	0.000	0.000	0.000
285	  A	  1.6	  0.0	0.000	0.000	0.000
286	  K	  1.5	  0.0	0.000	0.000	0.000
287	  Y	  2.7	  0.1	0.000	0.000	0.000
288	  K	  3.0	  0.1	0.000	0.000	0.000
289	  L	  2.6	  0.1	0.000	0.000	0.000
290	  V	  2.3	  0.1	0.000	0.000	0.000
291	  N	  2.2	  0.0	0.000	0.000	0.000
292	  H	  7.6	  0.0	0.000	0.000	0.000
293	  I	 13.1	  0.0	0.000	0.000	0.000
294	  R	 14.2	  0.0	0.000	0.000	0.000
295	  V	 10.0	  0.0	0.000	0.000	0.000
296	  H	  3.5	  0.2	0.000	0.000	0.000
297	  T	  1.7	  0.3	0.000	0.000	0.000
298	  G	  0.2	  0.3	0.000	0.000	0.000
299	  E	  0.1	  0.3	0.000	0.000	0.000
300	  K	  0.1	  0.1	0.000	0.000	0.000
301	  P	  0.0	  0.0	0.000	0.000	0.000
302	  F	  0.1	  0.0	0.000	0.000	0.000
303	  P	  0.1	  0.0	0.000	0.000	0.000
304	  C	  0.1	  0.0	0.000	0.000	0.000
305	  P	  0.0	  0.0	0.000	0.000	0.000
306	  F	  0.0	  2.8	0.000	0.000	0.000
307	  P	  0.0	  3.3	0.000	0.000	0.000
308	  G	  0.0	  3.3	0.000	0.000	0.000
309	  C	  0.3	  3.3	0.000	0.000	0.000
310	  G	  0.3	  0.5	0.000	0.000	0.000
311	  K	  1.2	  0.0	0.000	0.000	0.000
312	  V	  3.1	  0.0	0.000	0.000	0.000
313	  F	  3.7	  0.0	0.000	0.000	0.000
314	  A	  2.9	  0.1	0.000	0.000	0.000
315	  R	  0.9	  0.1	0.000	0.000	0.000
316	  S	  0.3	  1.9	0.154	0.000	0.000
317	  E	  0.2	  1.9	0.154	0.000	0.000
318	  N	  0.4	  1.8	0.523	0.000	0.000
319	  L	  2.1	  1.8	0.523	0.000	0.000
320	  K	  3.1	  0.0	0.523	0.000	0.000
321	  I	  3.4	  0.0	0.523	0.000	0.000
322	  H	  2.0	  0.1	0.523	0.000	0.000
323	  K	  1.5	  0.1	0.369	0.000	0.000
324	  R	  1.3	  0.1	0.125	0.000	0.000
325	  T	  3.8	  0.2	0.000	0.000	0.000
326	  H	  3.5	  0.4	0.000	0.000	0.000
327	  T	  3.2	  0.4	0.000	0.000	0.000
328	  G	  0.2	  0.4	0.000	0.000	0.000
329	  E	  0.1	  0.3	0.000	0.000	0.000
330	  K	  0.0	  0.1	0.000	0.000	0.000
331	  P	  0.0	  0.0	0.000	0.000	0.000
332	  F	  4.6	  0.0	0.000	0.000	0.000
333	  K	  8.8	  0.0	0.000	0.000	0.000
334	  C	 10.1	  0.0	0.000	0.000	0.000
335	  E	  6.7	  0.0	0.000	0.000	0.000
336	  F	  2.5	  0.7	0.000	0.000	0.000
337	  E	  1.1	  1.3	0.000	0.000	0.000
338	  G	  0.4	  1.3	1.776	0.000	0.000
339	  C	  0.2	  1.3	1.776	0.000	0.000
340	  D	  0.2	  0.7	2.026	0.000	0.000
341	  R	  1.1	  0.1	2.026	0.000	0.000
342	  R	  1.3	  0.1	2.026	0.000	0.000
343	  F	  1.5	  0.4	2.026	0.000	0.000
344	  A	  0.7	  0.3	1.283	0.000	0.000
345	  N	  0.4	  1.7	1.174	0.000	0.000
346	  S	  0.2	  3.6	0.566	0.000	0.000
347	  S	  0.2	  3.3	0.976	0.000	0.000
348	  D	  0.1	  3.4	1.238	0.000	0.000
349	  R	  0.1	  2.1	1.238	0.000	0.000
350	  K	  0.1	  0.3	1.238	0.000	0.000
351	  K	  0.2	  0.2	1.117	0.000	0.000
352	  H	  0.8	  0.1	0.887	0.000	0.000
353	  M	  2.3	  0.0	0.523	0.000	0.000
354	  H	  4.1	  0.0	0.000	0.000	0.000
355	  V	  5.1	  0.0	0.000	0.000	0.000
356	  H	  4.2	  0.1	0.000	0.000	0.000
357	  T	  2.5	  0.4	0.000	0.000	0.000
358	  S	  0.8	  0.4	0.000	0.000	0.000
359	  D	  0.1	  0.4	0.000	0.000	0.000
360	  K	  0.0	  0.4	0.000	0.000	0.000
361	  P	  0.0	  0.1	0.000	0.000	0.000
362	  Y	  2.1	  0.1	0.000	0.000	0.000
363	  L	  2.2	  0.1	0.000	0.000	0.000
364	  C	  2.8	  0.0	0.000	0.000	0.000
365	  K	  1.4	  0.0	0.000	0.000	0.000
366	  M	  1.5	  0.0	0.000	0.000	0.000
367	  C	  1.2	  0.1	0.000	0.000	0.000
368	  D	  0.6	  0.8	0.000	0.000	0.000
369	  K	  0.7	  0.8	0.000	0.000	0.000
370	  S	  8.1	  0.8	0.000	0.000	0.000
371	  Y	 14.3	  0.7	0.000	0.000	0.000
372	  T	 14.1	  0.0	0.000	0.000	0.000
373	  H	  6.7	  0.8	0.000	0.000	0.000
374	  P	  0.2	  0.9	0.000	0.000	0.000
375	  S	  0.1	  0.9	0.227	0.000	0.000
376	  S	  2.1	  0.9	0.367	0.000	0.000
377	  L	  2.3	  0.2	0.367	0.000	0.000
378	  R	  2.4	  0.1	0.367	0.000	0.000
379	  K	  0.5	  0.1	0.367	0.000	0.000
380	  H	  0.9	  0.1	0.367	0.000	0.000
381	  M	  3.0	  0.1	0.140	0.000	0.000
382	  K	  4.8	  0.0	0.000	0.000	0.000
383	  V	  5.5	  0.0	0.000	0.000	0.000
384	  H	  3.5	  0.3	0.000	0.000	0.000
385	  E	  1.6	  0.4	0.000	0.000	0.000
386	  S	  1.2	  1.1	0.000	0.000	0.000
387	  S	  1.2	  1.4	0.000	0.000	0.000
388	  S	  1.1	  1.7	0.000	0.000	0.000
389	  Q	  0.2	  1.8	0.000	0.000	0.000
390	  G	  0.1	  1.1	0.000	0.000	0.000
391	  S	  0.1	  0.8	0.000	0.000	0.000
392	  Q	  0.1	  0.2	0.000	0.000	0.000
393	  P	  0.1	  0.0	0.000	0.000	0.000
394	  S	  0.0	  0.2	0.217	0.000	0.000
395	  P	  0.0	  0.2	0.217	0.000	0.000
396	  A	  0.1	  0.3	0.217	0.000	0.000
397	  A	  0.3	  0.7	0.217	0.000	0.000
398	  S	  0.3	  0.9	0.217	0.000	0.000
399	  S	  0.2	  0.9	0.217	0.000	0.000
400	  G	  0.2	  0.7	0.000	0.000	0.000
401	  Y	  1.5	  0.5	0.000	0.000	0.000
402	  E	  1.5	  0.2	0.000	0.000	0.000
403	  S	  2.0	  0.2	0.000	0.000	0.000
404	  S	  0.7	  0.2	0.000	0.000	0.000
405	  T	  0.6	  0.1	0.000	0.000	0.000
406	  P	  0.0	  0.2	0.000	0.000	0.000
407	  P	  0.0	  0.2	0.000	0.000	0.000
408	  T	  5.1	  0.2	0.000	0.000	0.000
409	  I	 10.4	  0.2	0.000	0.000	0.000
410	  V	 10.7	  0.0	0.000	0.000	0.000
411	  S	  5.8	  1.9	0.148	0.000	0.000
412	  P	  0.4	  2.0	0.148	0.000	0.000
413	  S	  0.5	  2.6	0.148	0.000	0.000
414	  T	  0.6	  2.6	0.148	0.000	0.000
415	  D	  0.6	  0.7	0.148	0.000	0.000
416	  N	  0.1	  1.0	0.148	0.000	0.000
417	  P	  0.0	  0.4	0.000	0.000	0.000
418	  T	  2.8	  0.4	0.000	0.000	0.000
419	  T	  4.0	  0.5	0.000	0.000	0.000
420	  S	  4.1	  0.2	0.000	0.000	0.000
421	  S	 10.6	  0.2	0.000	0.000	0.000
422	  L	  9.4	  0.2	0.000	0.000	0.000
423	  S	  9.4	  2.5	0.000	0.000	0.000
424	  P	  0.1	  2.5	0.000	0.000	0.000
425	  S	  0.9	  3.3	0.000	0.000	0.000
426	  S	  0.9	  3.4	0.000	0.000	0.000
427	  S	  1.2	  1.0	0.000	0.000	0.000
428	  A	  1.2	  0.8	0.000	0.000	0.000
429	  V	  4.1	  0.0	0.000	0.000	0.000
430	  H	  4.4	  0.0	0.000	0.000	0.000
431	  H	  4.3	  0.1	0.000	0.000	0.000
432	  T	  1.5	  0.6	0.000	0.000	0.000
433	  A	  0.9	  0.7	0.000	0.000	0.000
434	  G	  0.1	  0.7	0.000	0.000	0.000
435	  H	  0.2	  0.7	0.000	0.000	0.000
436	  S	  0.3	  0.2	0.000	0.000	0.000
437	  A	  0.5	  0.1	0.000	0.000	0.000
438	  L	  0.7	  0.2	0.000	0.000	0.000
439	  S	  0.7	  2.0	0.000	0.000	0.000
440	  S	  0.4	  2.0	0.000	0.000	0.000
441	  N	  1.1	  2.3	0.000	0.000	0.000
442	  F	  1.3	  2.2	0.000	0.000	0.000
443	  N	  1.3	  0.3	0.000	0.000	0.000
444	  E	  0.7	  0.3	0.000	0.000	0.000
445	  W	  1.9	  0.0	0.000	0.000	0.000
446	  Y	  1.9	  0.0	0.000	0.000	0.000
447	  V	  1.5	  0.0	0.000	0.000	0.000
