res	aa	Beta	Turn	Helix	Aggregation	Conc-Stab_Aggregation
01	  M	  0.8	  0.0	0.000	0.000	0.000
02	  S	  0.9	  0.3	2.401	6.146	6.146
03	  A	  0.9	  0.3	3.254	25.767	25.767
04	  L	  0.2	  0.3	3.254	38.429	38.429
05	  G	  0.1	  0.3	7.376	40.746	40.746
06	  A	  1.0	  0.0	7.810	66.476	66.476
07	  V	  5.0	  0.0	8.219	96.807	96.807
08	  I	  7.4	  0.0	8.219	99.339	99.339
09	  A	  6.7	  0.0	8.219	99.535	99.535
10	  L	  3.7	  0.0	8.219	99.661	99.661
11	  L	  1.5	  0.0	7.828	99.535	99.535
12	  L	  1.3	  0.2	7.408	98.198	98.198
13	  W	  0.6	  0.3	6.239	90.633	90.633
14	  G	  0.2	  0.3	3.551	59.273	59.273
15	  Q	  1.2	  0.3	1.615	56.442	56.442
16	  L	  1.4	  0.1	0.000	56.331	56.331
17	  F	  2.6	  0.0	0.000	55.725	55.725
18	  A	  1.8	  0.0	0.000	48.291	48.291
19	  V	  2.6	  0.2	0.000	44.510	44.510
20	  D	  1.4	  0.5	0.000	0.000	0.000
21	  S	  1.1	  2.8	0.000	0.000	0.000
22	  G	  0.1	  2.9	0.000	0.000	0.000
23	  N	  0.1	  2.7	0.000	0.000	0.000
24	  D	  1.3	  2.4	0.000	0.000	0.000
25	  V	  2.8	  0.1	0.000	0.000	0.000
26	  T	  3.0	  0.0	0.000	0.000	0.000
27	  D	  2.0	  0.0	0.000	0.000	0.000
28	  I	  0.6	  0.3	0.000	0.000	0.000
29	  A	  0.3	  0.8	0.000	0.000	0.000
30	  D	  0.1	  2.1	0.000	0.000	0.000
31	  D	  0.0	  2.1	0.000	0.000	0.000
32	  G	  0.0	  1.9	0.000	0.000	0.000
33	  C	  0.0	  1.3	0.000	0.000	0.000
34	  P	  0.0	  0.0	0.000	0.000	0.000
35	  K	  0.0	  0.0	0.000	0.000	0.000
36	  P	  0.0	  0.2	0.000	0.000	0.000
37	  P	  0.0	  0.2	0.000	0.000	0.000
38	  E	  0.8	  0.2	0.000	0.000	0.000
39	  I	  1.3	  0.3	0.000	0.000	0.000
40	  A	  1.4	  0.6	0.000	0.000	0.000
41	  H	  0.7	  0.6	0.000	0.000	0.000
42	  G	  0.2	  0.6	0.000	0.000	0.000
43	  Y	  2.2	  0.5	0.000	0.000	0.000
44	  V	  4.8	  0.0	0.000	0.000	0.000
45	  E	  5.0	  0.0	0.000	0.000	0.000
46	  H	  3.2	  0.0	0.000	0.000	0.000
47	  S	  3.7	  0.0	0.110	0.000	0.000
48	  V	  5.6	  0.0	0.110	0.000	0.000
49	  R	  6.6	  0.0	0.110	0.000	0.000
50	  Y	 10.1	  0.0	0.110	0.000	0.000
51	  Q	  8.4	  0.0	0.110	0.000	0.000
52	  C	  7.4	  0.5	0.110	0.000	0.000
53	  K	  0.8	  0.5	0.110	0.000	0.000
54	  N	  2.0	  0.5	0.110	0.000	0.000
55	  Y	  3.2	  0.5	0.110	0.000	0.000
56	  Y	  4.4	  0.0	0.000	0.000	0.000
57	  K	  3.4	  0.0	0.000	0.000	0.000
58	  L	  2.3	  0.1	0.000	0.000	0.000
59	  R	  1.0	  0.1	0.000	0.000	0.000
60	  T	  0.2	  0.5	0.000	0.000	0.000
61	  E	  0.1	  3.5	0.000	0.000	0.000
62	  G	  0.0	  3.7	0.000	0.000	0.000
63	  D	  0.0	  3.7	0.000	0.000	0.000
64	  G	  0.0	  3.2	0.118	0.000	0.000
65	  V	  2.8	  0.2	0.118	0.305	0.305
66	  Y	  7.4	  0.0	0.118	0.305	0.305
67	  T	  9.1	  0.1	1.265	0.305	0.305
68	  L	  6.5	  0.2	1.265	0.305	0.305
69	  N	  2.0	  0.3	1.265	0.305	0.305
70	  D	  0.1	  0.4	1.147	0.000	0.000
71	  K	  0.1	  0.3	1.147	0.000	0.000
72	  K	  0.3	  0.2	1.147	0.000	0.000
73	  Q	  0.6	  0.1	0.362	0.000	0.000
74	  W	  1.4	  0.0	0.000	0.000	0.000
75	  I	  1.6	  0.0	0.000	0.000	0.000
76	  N	  1.3	  0.0	0.000	0.000	0.000
77	  K	  0.7	  0.0	0.000	0.000	0.000
78	  A	  0.4	  0.0	0.000	0.000	0.000
79	  V	  0.4	  1.0	0.000	0.000	0.000
80	  G	  0.2	  1.1	0.000	0.000	0.000
81	  D	  0.1	  1.1	0.000	0.000	0.000
82	  K	  0.1	  1.1	0.000	0.000	0.000
83	  L	  0.1	  0.3	0.000	0.000	0.000
84	  P	  0.1	  0.3	0.000	0.000	0.000
85	  E	  0.5	  0.3	0.000	0.000	0.000
86	  C	  4.6	  0.4	0.000	0.000	0.000
87	  E	  4.7	  0.4	0.000	0.000	0.000
88	  A	  4.2	  0.9	0.000	0.000	0.000
89	  D	  0.1	  2.2	0.000	0.000	0.000
90	  D	  0.0	  2.1	0.000	0.000	0.000
91	  G	  0.0	  1.8	0.000	0.000	0.000
92	  C	  0.0	  1.3	0.000	0.000	0.000
93	  P	  0.0	  0.0	0.000	0.000	0.000
94	  K	  0.0	  0.0	0.000	0.000	0.000
95	  P	  0.0	  0.2	0.000	0.000	0.000
96	  P	  0.0	  0.2	0.000	0.000	0.000
97	  E	  0.8	  0.2	0.000	0.000	0.000
98	  I	  1.3	  0.3	0.000	0.000	0.000
99	  A	  1.4	  0.6	0.000	0.000	0.000
100	  H	  0.7	  0.6	0.000	0.000	0.000
101	  G	  0.2	  0.6	0.000	0.000	0.000
102	  Y	  2.2	  0.5	0.000	0.000	0.000
103	  V	  4.8	  0.0	0.000	0.000	0.000
104	  E	  5.0	  0.0	0.000	0.000	0.000
105	  H	  3.2	  0.0	0.000	0.000	0.000
106	  S	  3.7	  0.0	0.110	0.000	0.000
107	  V	  5.6	  0.0	0.110	0.000	0.000
108	  R	  6.6	  0.0	0.110	0.000	0.000
109	  Y	 10.1	  0.0	0.110	0.000	0.000
110	  Q	  8.4	  0.0	0.110	0.000	0.000
111	  C	  7.4	  0.5	0.110	0.000	0.000
112	  K	  0.8	  0.5	0.110	0.000	0.000
113	  N	  2.0	  0.5	0.110	0.000	0.000
114	  Y	  3.2	  0.5	0.110	0.000	0.000
115	  Y	  4.4	  0.0	0.000	0.000	0.000
116	  K	  3.4	  0.0	0.000	0.000	0.000
117	  L	  2.3	  0.1	0.000	0.000	0.000
118	  R	  1.0	  0.1	0.000	0.000	0.000
119	  T	  0.2	  0.5	0.000	0.000	0.000
120	  E	  0.1	  3.5	0.000	0.000	0.000
121	  G	  0.0	  3.7	0.000	0.000	0.000
122	  D	  0.0	  3.7	0.000	0.000	0.000
123	  G	  0.0	  3.2	0.187	0.262	0.262
124	  V	  2.8	  0.2	0.187	0.262	0.262
125	  Y	  7.5	  0.0	0.187	0.262	0.262
126	  T	  9.2	  0.1	0.187	0.262	0.262
127	  L	  6.6	  0.2	0.187	0.262	0.262
128	  N	  2.0	  0.2	0.187	0.000	0.000
129	  N	  0.2	  0.3	0.187	0.000	0.000
130	  E	  0.2	  0.2	0.000	0.000	0.000
131	  K	  0.4	  0.1	0.000	0.000	0.000
132	  Q	  0.8	  0.1	0.000	0.000	0.000
133	  W	  1.4	  0.0	0.000	0.000	0.000
134	  I	  1.7	  0.0	0.000	0.000	0.000
135	  N	  1.3	  0.0	0.000	0.000	0.000
136	  K	  0.7	  0.0	0.000	0.000	0.000
137	  A	  0.4	  0.0	0.000	0.000	0.000
138	  V	  0.4	  1.0	0.000	0.000	0.000
139	  G	  0.2	  1.1	0.000	0.000	0.000
140	  D	  0.1	  1.1	0.000	0.000	0.000
141	  K	  0.1	  1.1	0.000	0.000	0.000
142	  L	  0.1	  0.3	0.000	0.000	0.000
143	  P	  0.1	  0.3	0.174	0.000	0.000
144	  E	  0.5	  0.3	0.174	0.000	0.000
145	  C	  4.6	  0.4	0.452	0.000	0.000
146	  E	  4.6	  0.1	0.452	0.000	0.000
147	  A	  4.3	  0.1	0.452	0.000	0.000
148	  V	  0.6	  0.4	0.452	0.000	0.000
149	  C	  1.0	  0.4	0.452	0.000	0.000
150	  G	  0.9	  0.4	0.452	0.000	0.000
151	  K	  0.5	  0.6	0.452	0.000	0.000
152	  P	  0.0	  0.2	0.000	0.000	0.000
153	  K	  0.0	  0.2	0.000	0.000	0.000
154	  N	  0.0	  0.4	0.000	0.000	0.000
155	  P	  0.0	  0.3	0.000	0.000	0.000
156	  A	  0.0	  0.3	0.000	0.000	0.000
157	  N	  0.0	  0.3	0.000	0.000	0.000
158	  P	  0.0	  0.0	0.000	0.000	0.000
159	  V	  1.0	  0.0	0.000	0.000	0.000
160	  Q	  1.4	  0.0	0.000	0.000	0.000
161	  R	  4.5	  0.0	0.000	0.000	0.000
162	  I	  4.7	  0.0	0.000	0.000	0.000
163	  L	  4.3	  1.0	0.000	0.000	0.000
164	  G	  1.2	  1.0	0.000	0.000	0.000
165	  G	  0.0	  1.1	0.000	0.000	0.000
166	  H	  0.7	  1.3	0.000	0.000	0.000
167	  L	  0.9	  0.4	0.000	0.000	0.000
168	  D	  1.0	  0.9	0.171	0.000	0.000
169	  A	  0.3	  1.5	0.171	0.000	0.000
170	  K	  0.1	  1.6	0.171	0.000	0.000
171	  G	  0.1	  1.6	0.171	0.000	0.000
172	  S	  0.4	  0.9	0.171	0.000	0.000
173	  F	  0.4	  0.5	0.171	0.000	0.000
174	  P	  0.3	  0.1	0.000	0.000	0.000
175	  W	  1.5	  0.1	0.000	0.000	0.000
176	  Q	  1.7	  0.1	0.000	0.000	0.000
177	  A	  2.0	  0.0	0.000	0.000	0.000
178	  K	  1.2	  0.0	0.000	0.000	0.000
179	  M	  1.9	  0.0	0.000	0.000	0.000
180	  V	  4.0	  0.0	0.000	0.000	0.000
181	  S	  3.9	  0.1	0.000	0.000	0.000
182	  H	  3.4	  0.2	0.000	0.000	0.000
183	  H	  1.2	  0.2	0.000	0.000	0.000
184	  N	  1.0	  0.2	0.000	0.000	0.000
185	  L	  0.9	  0.2	0.000	0.150	0.150
186	  T	  0.8	  0.2	0.000	0.150	0.150
187	  T	  0.4	  0.6	0.000	0.150	0.150
188	  G	  0.1	  0.7	0.000	0.150	0.150
189	  A	  0.5	  0.7	0.000	0.150	0.150
190	  T	  1.1	  0.5	0.127	0.150	0.150
191	  L	  1.7	  0.1	0.127	0.150	0.150
192	  I	  1.4	  0.0	0.127	0.150	0.150
193	  N	  0.8	  0.0	1.009	0.000	0.000
194	  E	  0.3	  0.0	1.009	0.000	0.000
195	  Q	  0.9	  0.0	1.009	0.473	0.473
196	  W	  1.4	  0.0	0.882	12.551	12.551
197	  L	  1.5	  0.0	0.882	12.731	12.731
198	  L	  1.0	  0.0	0.882	12.731	12.731
199	  T	  1.2	  0.0	0.660	12.731	12.731
200	  T	  2.3	  0.0	0.827	12.731	12.731
201	  A	  2.0	  0.3	0.827	5.930	5.930
202	  K	  1.4	  0.2	0.640	0.000	0.000
203	  N	  0.7	  0.2	0.168	0.000	0.000
204	  L	  1.4	  0.2	0.168	0.000	0.000
205	  F	  2.5	  0.1	0.168	0.000	0.000
206	  L	  2.4	  0.1	0.000	0.000	0.000
207	  N	  1.6	  0.3	0.000	0.000	0.000
208	  H	  0.5	  0.5	0.000	0.000	0.000
209	  S	  0.1	  2.3	0.177	0.000	0.000
210	  E	  0.1	  2.3	0.177	0.000	0.000
211	  N	  0.1	  2.3	0.593	0.000	0.000
212	  A	  0.2	  2.2	0.593	0.000	0.000
213	  T	  1.5	  0.2	0.593	0.000	0.000
214	  A	  1.5	  0.4	0.593	0.000	0.000
215	  K	  1.6	  0.2	0.593	0.000	0.000
216	  D	  0.7	  0.2	0.416	0.000	0.000
217	  I	  1.0	  0.2	0.124	0.000	0.000
218	  A	  0.8	  0.2	0.124	0.000	0.000
219	  P	  0.3	  0.2	0.000	0.000	0.000
220	  T	  2.9	  0.2	0.783	9.524	9.524
221	  L	  5.2	  0.3	0.783	22.598	22.598
222	  T	  6.3	  0.0	0.783	22.598	22.598
223	  L	  4.2	  0.0	0.783	22.598	22.598
224	  Y	  2.6	  0.2	0.783	22.598	22.598
225	  V	  1.5	  0.3	0.783	20.845	20.845
226	  G	  0.8	  0.3	0.974	0.663	0.663
227	  K	  0.1	  0.4	0.321	0.000	0.000
228	  K	  0.2	  0.2	0.191	0.000	0.000
229	  Q	  0.9	  0.1	0.191	0.000	0.000
230	  L	  1.1	  0.1	0.191	0.000	0.000
231	  V	  8.5	  0.0	0.363	0.000	0.000
232	  E	  8.5	  0.0	0.471	0.000	0.000
233	  I	  8.8	  0.0	0.471	0.471	0.471
234	  E	  1.5	  0.0	0.471	0.471	0.471
235	  K	  2.3	  0.0	0.280	0.471	0.471
236	  V	  9.5	  0.0	0.280	0.471	0.471
237	  V	 13.1	  0.0	0.280	0.471	0.471
238	  L	 11.5	  0.0	0.280	0.471	0.471
239	  H	  4.0	  1.7	0.280	0.000	0.000
240	  P	  0.1	  1.7	0.000	0.000	0.000
241	  N	  1.0	  1.9	0.000	0.000	0.000
242	  Y	  3.0	  2.0	0.000	0.000	0.000
243	  S	  3.2	  0.3	0.966	0.000	0.000
244	  Q	  2.5	  0.3	0.966	0.000	0.000
245	  V	  4.8	  0.1	0.966	0.128	0.128
246	  D	  4.6	  0.0	5.449	0.128	0.128
247	  I	  4.5	  0.0	5.449	0.128	0.128
248	  G	  0.2	  0.0	8.296	0.128	0.128
249	  L	  0.5	  0.0	8.138	0.128	0.128
250	  I	  5.5	  0.0	7.995	0.128	0.128
251	  K	  6.4	  0.0	7.995	0.128	0.128
252	  L	  6.2	  0.1	7.995	0.128	0.128
253	  K	  1.4	  0.1	7.457	0.000	0.000
254	  Q	  0.8	  0.1	4.276	0.000	0.000
255	  K	  1.7	  0.1	1.417	0.000	0.000
256	  V	 10.3	  0.0	0.267	0.000	0.000
257	  S	 14.4	  0.2	0.514	0.000	0.000
258	  V	 13.7	  0.2	0.246	0.000	0.000
259	  N	  5.6	  0.3	0.246	0.000	0.000
260	  E	  0.3	  0.3	0.246	0.000	0.000
261	  R	  3.5	  0.1	0.246	0.000	0.000
262	  V	  3.9	  0.0	0.246	0.000	0.000
263	  M	  3.9	  0.0	0.246	0.000	0.000
264	  P	  0.5	  0.0	0.000	0.000	0.000
265	  I	  3.4	  0.0	0.000	0.000	0.000
266	  C	  3.7	  0.0	0.000	0.000	0.000
267	  L	  3.7	  0.4	0.000	0.000	0.000
268	  P	  0.3	  0.4	0.000	0.000	0.000
269	  S	  0.5	  2.5	0.000	0.000	0.000
270	  K	  0.6	  2.5	0.000	0.000	0.000
271	  D	  0.7	  2.1	0.701	0.000	0.000
272	  Y	  0.5	  2.2	0.701	0.000	0.000
273	  A	  0.7	  0.1	0.701	0.000	0.000
274	  E	  0.7	  0.1	0.701	0.000	0.000
275	  V	  0.5	  0.2	0.701	0.000	0.000
276	  G	  0.2	  0.1	0.701	0.000	0.000
277	  R	  0.5	  0.1	0.297	0.000	0.000
278	  V	  0.6	  0.1	0.000	0.000	0.000
279	  G	  0.6	  0.0	0.000	0.000	0.000
280	  Y	  1.9	  0.1	0.000	0.000	0.000
281	  V	  2.4	  0.4	0.000	0.000	0.000
282	  S	  2.4	  0.4	0.000	0.000	0.000
283	  G	  0.7	  0.7	0.000	0.000	0.000
284	  W	  0.1	  0.8	0.000	0.000	0.000
285	  G	  0.1	  0.8	0.184	0.000	0.000
286	  R	  0.1	  0.8	0.184	0.000	0.000
287	  N	  0.1	  2.0	0.184	0.000	0.000
288	  A	  0.1	  1.7	0.184	0.000	0.000
289	  N	  0.9	  1.5	0.184	0.000	0.000
290	  F	  2.3	  1.5	0.184	0.000	0.000
291	  K	  5.4	  0.0	0.000	0.000	0.000
292	  F	  6.3	  0.1	0.000	0.000	0.000
293	  T	  5.0	  0.1	0.329	0.000	0.000
294	  D	  1.8	  0.1	0.329	0.000	0.000
295	  H	  0.7	  0.1	0.329	0.000	0.000
296	  L	  1.4	  0.1	0.329	0.000	0.000
297	  K	  1.8	  0.0	0.329	0.000	0.000
298	  Y	  3.1	  0.0	0.329	0.000	0.000
299	  V	 11.0	  0.0	0.000	0.000	0.000
300	  M	 10.6	  0.0	0.000	0.000	0.000
301	  L	  8.9	  0.0	0.000	0.000	0.000
302	  P	  0.1	  0.0	0.000	0.000	0.000
303	  V	  0.7	  0.1	0.000	0.000	0.000
304	  A	  0.7	  0.2	0.000	0.000	0.000
305	  D	  0.7	  2.4	0.000	0.000	0.000
306	  Q	  0.3	  2.4	0.000	0.000	0.000
307	  D	  0.3	  2.3	0.126	0.000	0.000
308	  Q	  0.6	  2.2	0.126	0.000	0.000
309	  C	  4.0	  0.1	0.126	0.000	0.000
310	  I	  4.8	  0.1	0.126	0.000	0.000
311	  R	  6.1	  0.1	0.126	0.000	0.000
312	  H	  6.1	  0.1	0.126	0.000	0.000
313	  Y	  5.6	  0.6	0.000	0.000	0.000
314	  E	  3.9	  1.9	0.000	0.000	0.000
315	  G	  0.4	  2.0	0.000	0.000	0.000
316	  S	  0.8	  2.0	0.000	0.000	0.000
317	  T	  1.5	  1.5	0.000	0.000	0.000
318	  V	  1.5	  0.1	0.000	0.000	0.000
319	  P	  0.7	  0.1	0.000	0.000	0.000
320	  E	  0.5	  0.1	0.000	0.000	0.000
321	  K	  0.8	  0.1	0.000	0.000	0.000
322	  K	  0.9	  0.1	0.000	0.000	0.000
323	  T	  0.5	  0.2	0.000	0.000	0.000
324	  P	  0.1	  0.2	0.000	0.000	0.000
325	  K	  0.1	  0.2	0.000	0.000	0.000
326	  S	  0.1	  0.2	0.000	0.000	0.000
327	  P	  0.1	  0.0	0.000	0.000	0.000
328	  V	  0.4	  0.0	0.000	0.000	0.000
329	  G	  0.5	  0.0	0.000	0.000	0.000
330	  V	  0.9	  0.0	0.000	0.000	0.000
331	  Q	  0.5	  0.0	0.000	0.000	0.000
332	  P	  0.4	  0.0	0.000	0.000	0.000
333	  I	  0.6	  0.0	0.000	0.000	0.000
334	  L	  0.6	  0.0	0.000	0.000	0.000
335	  N	  0.6	  0.1	0.327	0.000	0.000
336	  E	  0.6	  0.1	0.327	0.000	0.000
337	  H	  3.5	  0.1	0.327	0.000	0.000
338	  T	 12.7	  0.1	0.327	0.000	0.000
339	  F	 14.7	  0.0	0.327	0.000	0.000
340	  C	 12.0	  0.7	0.327	0.000	0.000
341	  A	  3.0	  0.7	0.132	0.000	0.000
342	  G	  0.3	  0.7	0.132	0.000	0.000
343	  M	  0.4	  0.8	0.132	0.000	0.000
344	  S	  0.6	  0.1	0.000	0.000	0.000
345	  K	  1.6	  0.1	0.000	0.000	0.000
346	  Y	  2.3	  0.2	0.000	0.000	0.000
347	  Q	  2.1	  0.2	0.000	0.000	0.000
348	  E	  1.2	  0.3	0.000	0.000	0.000
349	  D	  0.5	  0.3	0.000	0.000	0.000
350	  T	  5.0	  0.2	0.000	0.000	0.000
351	  C	  5.7	  0.3	0.000	0.000	0.000
352	  Y	  5.4	  2.1	0.000	0.000	0.000
353	  G	  0.9	  2.2	0.000	0.000	0.000
354	  D	  0.1	  3.6	0.000	0.000	0.000
355	  A	  0.0	  3.6	0.000	0.000	0.000
356	  G	  0.1	  1.8	0.000	0.000	0.000
357	  S	  0.4	  1.7	0.000	0.287	0.287
358	  A	  0.5	  0.3	0.000	0.287	0.287
359	  F	  1.7	  0.0	0.000	0.287	0.287
360	  A	  2.4	  0.0	0.000	0.287	0.287
361	  V	  3.6	  0.0	0.000	0.287	0.287
362	  H	  2.5	  0.1	0.000	0.000	0.000
363	  D	  1.8	  0.1	0.000	0.000	0.000
364	  L	  0.4	  0.1	0.000	0.000	0.000
365	  E	  0.3	  0.2	0.000	0.000	0.000
366	  E	  0.1	  0.2	0.000	0.000	0.000
367	  D	  1.6	  0.2	0.000	0.000	0.000
368	  T	  6.5	  0.1	0.000	1.761	1.761
369	  W	  7.4	  0.0	0.000	10.144	10.144
370	  Y	  6.2	  0.3	0.000	12.642	12.642
371	  A	  1.4	  0.3	0.000	13.367	13.367
372	  T	  0.4	  0.4	0.000	14.055	14.055
373	  G	  0.1	  0.4	0.000	15.222	15.222
374	  I	  1.4	  0.2	0.000	15.222	15.222
375	  L	  3.6	  0.1	0.000	14.929	14.929
376	  S	 10.8	  0.3	0.000	12.344	12.344
377	  F	  9.9	  0.4	0.000	12.344	12.344
378	  D	  7.8	  2.5	0.000	0.000	0.000
379	  K	  1.5	  2.5	0.000	0.000	0.000
380	  S	  1.9	  2.2	0.133	0.105	0.105
381	  C	  3.1	  2.2	0.266	0.903	0.903
382	  A	  2.5	  0.0	0.266	3.935	3.935
383	  V	  2.3	  0.0	0.266	7.521	7.521
384	  A	  1.2	  0.2	0.266	7.781	7.781
385	  E	  0.9	  0.2	0.266	8.089	8.089
386	  Y	  0.3	  0.2	0.266	28.347	28.347
387	  G	  0.3	  0.2	0.000	28.671	28.671
388	  V	  5.1	  0.0	0.000	29.281	29.281
389	  Y	  6.8	  0.0	0.000	29.281	29.281
390	  V	 21.6	  0.0	0.000	29.281	29.281
391	  K	 21.2	  0.0	0.000	11.478	11.478
392	  V	 21.6	  0.0	0.000	11.203	11.203
393	  T	  8.4	  0.0	0.000	7.395	7.395
394	  S	  2.9	  0.0	0.151	5.263	5.263
395	  I	  0.7	  0.2	0.151	5.025	5.025
396	  Q	  0.8	  0.2	0.151	3.389	3.389
397	  D	  0.7	  0.2	0.151	3.389	3.389
398	  W	  1.5	  0.2	0.151	3.389	3.389
399	  V	  1.8	  0.0	0.151	3.276	3.276
400	  Q	  1.8	  0.1	0.151	0.093	0.093
401	  K	  1.8	  0.1	0.000	0.000	0.000
402	  T	  4.1	  0.1	0.000	0.000	0.000
403	  I	  4.2	  0.0	0.000	0.000	0.000
404	  A	  3.4	  0.0	0.000	0.000	0.000
405	  E	  0.4	  0.0	0.000	0.000	0.000
406	  N	  0.0	  0.0	0.000	0.000	0.000
