res	aa	Beta	Turn	Helix	Aggregation	Conc-Stab_Aggregation
01	  M	  0.7	  0.1	0.000	0.000	0.000
02	  T	  0.8	  0.4	0.000	0.000	0.000
03	  S	  0.8	  1.0	0.833	0.000	0.000
04	  G	  0.1	  1.2	0.833	0.000	0.000
05	  A	  0.2	  1.1	0.833	0.000	0.000
06	  T	  1.1	  0.8	0.833	0.000	0.000
07	  R	  1.9	  0.1	0.833	0.000	0.000
08	  Y	  3.2	  0.0	0.833	0.000	0.000
09	  R	  2.7	  0.0	0.000	0.000	0.000
10	  L	  7.3	  0.0	0.000	0.000	0.000
11	  S	 25.0	  0.2	0.112	0.000	0.000
12	  C	 25.7	  0.3	0.112	0.000	0.000
13	  S	 22.6	  0.3	0.112	0.000	0.000
14	  L	  3.5	  0.4	0.112	0.000	0.000
15	  R	  1.8	  0.2	0.112	0.000	0.000
16	  G	  0.2	  0.2	0.112	0.000	0.000
17	  H	  0.4	  0.3	0.000	0.000	0.000
18	  E	  1.1	  0.2	0.000	0.000	0.000
19	  L	  3.3	  0.1	0.000	0.000	0.000
20	  D	  4.8	  0.1	0.000	0.000	0.000
21	  V	  4.8	  0.0	0.000	0.000	0.000
22	  R	  2.7	  0.0	0.000	0.000	0.000
23	  G	  0.8	  0.0	0.000	0.000	0.000
24	  L	  1.1	  0.0	0.000	0.000	0.000
25	  V	  4.3	  0.0	0.000	0.000	0.000
26	  C	 25.5	  0.0	0.000	0.000	0.000
27	  C	 24.9	  0.0	0.000	0.000	0.000
28	  A	 21.9	  0.0	0.000	0.000	0.000
29	  Y	  1.0	  0.0	0.000	0.000	0.000
30	  P	  0.0	  1.3	0.000	0.000	0.000
31	  P	  0.0	  1.4	0.000	0.000	0.000
32	  G	  0.0	  1.4	0.000	0.609	0.609
33	  A	  0.3	  1.4	0.000	7.373	7.373
34	  F	  1.7	  0.1	0.000	11.220	11.220
35	  V	 11.0	  0.0	0.000	11.220	11.220
36	  S	 20.3	  0.1	0.000	11.220	11.220
37	  V	 19.7	  0.2	0.000	11.220	11.220
38	  S	 12.1	  1.3	0.000	7.393	7.393
39	  R	  1.1	  1.3	0.000	0.000	0.000
40	  D	  0.3	  1.3	0.000	0.000	0.000
41	  R	  0.3	  1.3	0.000	0.000	0.000
42	  T	  1.5	  0.2	0.000	0.000	0.000
43	  T	  1.9	  0.1	0.000	0.000	0.000
44	  R	  2.2	  0.0	0.000	0.000	0.000
45	  L	  1.6	  0.0	0.000	0.000	0.000
46	  W	  1.2	  0.0	0.000	0.000	0.000
47	  A	  0.7	  0.9	0.000	0.000	0.000
48	  P	  0.1	  0.9	0.000	0.000	0.000
49	  D	  0.0	  0.9	0.000	0.000	0.000
50	  S	  0.0	  5.7	0.191	0.000	0.000
51	  P	  0.0	  4.8	0.191	0.000	0.000
52	  N	  0.0	  5.2	0.191	0.000	0.000
53	  R	  1.6	  5.2	0.191	0.000	0.000
54	  S	  8.9	  0.4	0.344	0.000	0.000
55	  F	  9.9	  0.4	0.344	0.000	0.000
56	  T	  8.5	  0.0	0.153	0.000	0.000
57	  E	  2.5	  0.0	0.153	0.000	0.000
58	  M	  3.5	  0.0	0.153	0.000	0.000
59	  H	  4.5	  0.0	0.153	0.000	0.000
60	  C	  5.1	  0.4	0.000	0.000	0.000
61	  M	  3.2	  0.7	0.000	0.000	0.000
62	  S	  2.0	  0.9	0.000	0.000	0.000
63	  G	  0.2	  0.9	0.000	0.000	0.000
64	  H	  0.1	  1.1	0.000	0.000	0.000
65	  S	  0.0	  0.8	0.000	0.000	0.000
66	  N	  0.7	  0.6	0.000	0.174	0.174
67	  F	  2.3	  0.5	0.000	8.482	8.482
68	  V	  9.4	  0.0	0.000	8.891	8.891
69	  S	 10.1	  0.0	0.000	8.891	8.891
70	  C	  9.3	  0.0	0.000	8.891	8.891
71	  V	  4.1	  0.0	0.000	8.891	8.891
72	  C	  7.6	  0.0	0.000	6.712	6.712
73	  I	  7.3	  0.0	0.000	6.254	6.254
74	  I	  5.5	  0.2	0.000	0.673	0.673
75	  P	  0.5	  0.4	0.000	0.303	0.303
76	  S	  0.1	  1.8	0.000	0.000	0.000
77	  S	  0.1	  1.8	0.000	0.000	0.000
78	  D	  2.1	  1.6	0.000	0.000	0.000
79	  I	  2.2	  1.4	0.000	0.000	0.000
80	  Y	  2.2	  0.7	0.000	0.000	0.000
81	  P	  0.1	  0.8	0.000	0.000	0.000
82	  H	  0.1	  0.8	0.000	0.000	0.000
83	  G	  0.1	  0.8	0.000	0.148	0.148
84	  L	  0.7	  0.1	0.000	0.296	0.296
85	  I	  1.8	  0.2	0.000	0.296	0.296
86	  A	  1.9	  0.2	0.000	0.296	0.296
87	  T	  1.3	  0.4	0.000	0.296	0.296
88	  G	  0.1	  1.4	0.000	0.148	0.148
89	  G	  0.0	  1.3	0.000	0.000	0.000
90	  N	  0.0	  1.4	0.000	0.000	0.000
91	  D	  0.0	  1.5	0.000	0.000	0.000
92	  H	  1.1	  0.5	0.000	0.000	0.000
93	  N	  1.9	  0.4	0.000	0.294	0.294
94	  I	  3.5	  0.2	0.000	6.393	6.393
95	  C	  3.3	  0.0	0.000	6.770	6.770
96	  I	  3.6	  0.0	0.000	6.770	6.770
97	  F	  5.1	  0.1	0.000	6.770	6.770
98	  S	  6.7	  0.8	0.000	6.477	6.477
99	  L	  6.1	  0.8	0.000	5.532	5.532
100	  D	  3.1	  0.8	0.000	0.000	0.000
101	  S	  0.6	  0.7	0.000	0.000	0.000
102	  P	  0.0	  0.0	0.000	0.000	0.000
103	  M	  0.0	  0.3	0.000	0.000	0.000
104	  P	  0.0	  0.3	0.801	0.308	0.308
105	  L	  0.7	  0.3	0.801	0.308	0.308
106	  Y	  1.8	  0.3	0.801	0.308	0.308
107	  I	  2.6	  0.0	0.801	0.308	0.308
108	  L	  2.0	  0.5	0.801	0.308	0.308
109	  K	  0.9	  0.5	0.801	0.000	0.000
110	  G	  0.1	  0.5	0.503	0.000	0.000
111	  H	  0.3	  0.9	0.151	0.000	0.000
112	  K	  0.7	  0.4	0.000	0.000	0.000
113	  N	  1.6	  0.4	0.000	0.000	0.000
114	  T	  4.2	  0.4	0.000	0.000	0.000
115	  V	  4.8	  0.0	0.000	0.000	0.000
116	  C	  5.4	  0.1	0.000	0.000	0.000
117	  S	  7.9	  0.4	0.000	0.000	0.000
118	  L	  7.2	  0.7	0.000	0.000	0.000
119	  S	  5.9	  1.2	0.000	0.000	0.000
120	  S	  0.4	  1.4	0.000	0.000	0.000
121	  G	  0.1	  1.1	0.000	0.000	0.000
122	  K	  0.3	  0.8	0.000	0.000	0.000
123	  F	  0.3	  1.3	0.000	0.437	0.437
124	  G	  0.3	  1.0	0.000	0.437	0.437
125	  T	  0.9	  1.0	0.000	0.437	0.437
126	  L	  1.3	  1.1	0.000	0.437	0.437
127	  L	  1.4	  0.4	0.000	0.437	0.437
128	  S	  0.9	  0.5	0.000	0.000	0.000
129	  G	  0.5	  0.5	0.000	0.000	0.000
130	  S	  5.7	  0.7	0.164	0.000	0.000
131	  W	  5.8	  0.5	0.164	0.000	0.000
132	  D	  6.0	  0.5	0.164	0.000	0.000
133	  T	  1.2	  0.5	0.359	0.000	0.000
134	  T	  2.1	  0.1	0.359	0.000	0.000
135	  A	  2.2	  0.1	0.359	0.000	0.000
136	  K	  2.4	  0.0	0.359	0.000	0.000
137	  V	  3.7	  0.0	0.194	0.000	0.000
138	  W	  4.0	  0.1	0.194	0.000	0.000
139	  L	  3.3	  0.2	0.000	0.000	0.000
140	  N	  0.8	  0.3	0.350	0.000	0.000
141	  D	  0.2	  0.3	0.350	0.000	0.000
142	  K	  0.5	  0.2	0.350	0.000	0.000
143	  C	  2.0	  0.2	0.607	0.140	0.140
144	  M	  2.2	  0.0	0.607	0.140	0.140
145	  M	  4.6	  0.0	0.607	0.140	0.140
146	  T	  5.9	  0.0	0.442	0.140	0.140
147	  L	  5.7	  0.3	0.442	0.140	0.140
148	  Q	  2.9	  0.4	0.442	0.000	0.000
149	  G	  0.1	  0.4	0.000	0.000	0.000
150	  H	  0.8	  0.4	0.000	0.000	0.000
151	  T	  1.2	  0.2	0.173	4.663	4.663
152	  A	  1.3	  0.0	0.173	10.915	10.915
153	  A	  0.9	  0.0	0.173	18.563	18.563
154	  V	  2.0	  0.0	0.173	18.563	18.563
155	  W	  2.5	  0.0	0.173	18.563	18.563
156	  A	  2.7	  0.0	0.173	17.620	17.620
157	  V	  8.9	  0.0	0.173	16.839	16.839
158	  K	  9.4	  0.0	0.173	0.000	0.000
159	  I	  9.0	  0.0	0.000	0.000	0.000
160	  L	  1.7	  0.1	0.000	0.000	0.000
161	  P	  0.3	  0.4	0.000	0.000	0.000
162	  E	  0.0	  0.5	0.000	0.000	0.000
163	  Q	  0.0	  0.5	0.000	0.000	0.000
164	  G	  0.0	  0.4	0.000	0.000	0.000
165	  L	  1.1	  0.1	0.000	0.000	0.000
166	  M	  1.4	  0.0	0.000	0.000	0.000
167	  L	  1.5	  0.1	0.000	0.000	0.000
168	  T	  0.6	  0.5	0.000	0.000	0.000
169	  G	  0.4	  0.5	0.000	0.000	0.000
170	  S	  0.6	  2.5	0.000	0.000	0.000
171	  A	  0.5	  2.4	0.000	0.000	0.000
172	  D	  0.4	  2.2	0.261	0.000	0.000
173	  K	  0.7	  2.1	0.261	0.000	0.000
174	  T	 16.3	  0.1	0.475	0.000	0.000
175	  V	 22.3	  0.1	0.475	0.000	0.000
176	  K	 21.8	  0.0	0.475	0.000	0.000
177	  L	  7.3	  0.0	0.475	0.000	0.000
178	  W	  0.9	  0.1	0.475	0.000	0.000
179	  K	  0.7	  0.4	0.347	0.000	0.000
180	  A	  0.6	  0.5	0.000	0.000	0.000
181	  G	  0.1	  0.5	0.000	0.000	0.000
182	  R	  1.2	  0.5	0.000	0.000	0.000
183	  C	  2.4	  0.2	0.000	0.000	0.000
184	  E	  2.5	  0.1	0.000	0.000	0.000
185	  R	  2.4	  0.1	0.000	0.000	0.000
186	  T	 31.1	  0.1	0.000	0.000	0.000
187	  F	 31.9	  0.3	0.000	0.000	0.000
188	  S	 30.9	  0.3	0.000	0.000	0.000
189	  G	  1.6	  0.3	0.000	0.000	0.000
190	  H	  0.1	  1.1	0.000	0.000	0.000
191	  E	  0.1	  0.9	0.000	0.000	0.000
192	  D	  0.5	  0.8	0.390	0.000	0.000
193	  C	  2.1	  0.8	0.390	0.000	0.000
194	  V	  2.9	  0.1	0.390	0.000	0.000
195	  R	  2.5	  0.1	0.390	0.000	0.000
196	  G	  0.9	  0.1	0.390	4.285	4.285
197	  L	  0.5	  0.1	0.390	9.541	9.541
198	  A	  1.0	  0.0	0.000	9.541	9.541
199	  I	  2.4	  0.0	0.000	9.541	9.541
200	  L	  2.1	  0.0	0.000	9.541	9.541
201	  S	  1.6	  0.2	0.468	5.729	5.729
202	  E	  0.1	  0.2	0.468	0.000	0.000
203	  T	  0.3	  0.2	0.468	0.000	0.000
204	  E	  0.3	  0.1	0.468	0.000	0.000
205	  F	  1.4	  0.0	0.468	0.000	0.000
206	  L	  7.2	  0.0	0.468	0.000	0.000
207	  S	  8.0	  0.0	0.468	0.000	0.000
208	  C	  7.3	  0.7	0.170	0.000	0.000
209	  A	  1.2	  0.8	0.000	0.000	0.000
210	  N	  0.3	  0.8	1.298	0.000	0.000
211	  D	  0.0	  1.5	1.824	0.000	0.000
212	  A	  0.5	  0.8	1.824	0.000	0.000
213	  S	  2.9	  0.7	2.110	0.000	0.000
214	  I	  5.1	  0.7	2.110	0.000	0.000
215	  R	  5.4	  0.0	2.110	0.000	0.000
216	  R	  3.8	  0.0	1.889	0.000	0.000
217	  W	  3.8	  0.0	1.295	0.000	0.000
218	  Q	  5.0	  0.0	0.785	0.000	0.000
219	  I	  6.7	  0.1	0.000	0.000	0.000
220	  T	  4.6	  0.1	0.000	0.000	0.000
221	  G	  2.6	  0.2	0.000	0.000	0.000
222	  E	  0.1	  0.2	0.000	0.000	0.000
223	  C	  1.2	  0.1	0.000	0.000	0.000
224	  L	  2.9	  0.1	0.000	0.000	0.000
225	  E	  4.7	  0.0	0.000	0.000	0.000
226	  V	  5.8	  0.0	0.000	0.119	0.119
227	  Y	  4.9	  0.1	0.000	0.119	0.119
228	  Y	  3.2	  0.6	0.000	0.119	0.119
229	  G	  1.2	  0.7	0.000	0.119	0.119
230	  H	  0.7	  0.8	0.000	0.119	0.119
231	  T	  1.1	  0.7	0.000	0.634	0.634
232	  N	  1.8	  0.2	0.000	1.298	1.298
233	  Y	  2.0	  0.2	0.000	22.989	22.989
234	  I	  2.4	  0.0	0.000	27.027	27.027
235	  Y	  5.1	  0.0	0.000	27.328	27.328
236	  S	 10.1	  0.1	0.000	27.209	27.209
237	  I	 13.3	  0.1	0.000	27.209	27.209
238	  S	 11.6	  0.1	0.000	18.953	18.953
239	  V	  6.2	  0.1	0.000	17.713	17.713
240	  F	  1.7	  1.3	0.000	2.081	2.081
241	  P	  0.3	  1.3	0.000	0.851	0.851
242	  N	  1.4	  1.3	0.000	0.000	0.000
243	  C	  1.8	  1.7	0.000	0.000	0.000
244	  R	  2.0	  0.5	0.000	0.000	0.000
245	  D	  1.0	  0.5	0.000	0.000	0.000
246	  F	  1.5	  0.5	0.000	0.942	0.942
247	  V	  3.1	  0.0	0.000	0.942	0.942
248	  T	  3.4	  0.0	0.000	0.942	0.942
249	  T	  2.9	  0.0	1.312	0.942	0.942
250	  A	  1.0	  0.3	1.312	0.942	0.942
251	  E	  0.4	  0.3	1.577	0.000	0.000
252	  D	  0.0	  0.8	2.752	0.000	0.000
253	  R	  0.5	  0.8	2.752	0.000	0.000
254	  S	  2.4	  0.5	2.953	0.000	0.000
255	  L	  6.5	  0.5	2.621	0.000	0.000
256	  R	  8.5	  0.0	2.367	0.000	0.000
257	  I	  6.9	  0.0	2.180	0.000	0.000
258	  W	  3.1	  0.2	2.180	0.000	0.000
259	  K	  0.6	  0.8	1.330	0.000	0.000
260	  H	  0.4	  0.9	0.516	0.000	0.000
261	  G	  0.1	  1.0	0.000	0.000	0.000
262	  E	  0.3	  0.8	0.000	0.000	0.000
263	  C	  1.1	  0.3	0.000	0.000	0.000
264	  A	  1.1	  0.2	0.000	0.000	0.000
265	  Q	  1.0	  0.1	0.000	0.000	0.000
266	  T	  7.4	  0.1	0.000	0.000	0.000
267	  I	 15.6	  0.0	0.000	0.000	0.000
268	  R	 15.5	  0.0	0.000	0.000	0.000
269	  L	  8.8	  0.0	0.000	0.000	0.000
270	  P	  0.1	  0.0	0.000	0.000	0.000
271	  A	  0.1	  0.0	0.000	0.000	0.000
272	  Q	  0.1	  0.0	0.000	0.000	0.000
273	  S	  0.3	  0.0	0.000	0.269	0.269
274	  I	  1.0	  0.0	0.000	2.831	2.831
275	  W	  9.6	  0.0	0.000	3.029	3.029
276	  C	 32.7	  0.0	0.000	3.029	3.029
277	  C	 38.5	  0.0	0.000	3.029	3.029
278	  C	 31.7	  0.0	0.000	3.029	3.029
279	  V	 10.4	  0.0	0.000	3.029	3.029
280	  L	  3.1	  0.3	0.000	2.632	2.632
281	  D	  1.8	  1.0	0.000	0.000	0.000
282	  N	  0.1	  1.2	0.000	0.000	0.000
283	  G	  0.0	  1.2	0.000	0.000	0.000
284	  D	  1.2	  0.9	0.000	0.000	0.000
285	  I	 10.3	  0.2	0.000	0.929	0.929
286	  V	 11.3	  0.0	0.000	0.929	0.929
287	  V	 10.3	  0.2	0.000	0.929	0.929
288	  G	  1.2	  0.5	0.000	0.929	0.929
289	  A	  0.1	  1.2	0.000	0.929	0.929
290	  S	  0.0	  1.4	0.186	0.000	0.000
291	  D	  0.0	  1.2	0.186	0.000	0.000
292	  G	  0.1	  0.9	0.448	0.000	0.000
293	  I	  4.1	  0.2	0.448	0.000	0.000
294	  I	 10.7	  0.0	0.448	0.000	0.000
295	  R	 13.1	  0.0	0.448	0.000	0.000
296	  V	 11.9	  0.0	0.448	0.000	0.000
297	  F	  6.3	  0.0	0.448	0.000	0.000
298	  T	  3.9	  0.1	0.000	0.000	0.000
299	  E	  1.3	  0.2	0.000	0.000	0.000
300	  S	  0.3	  2.2	0.253	0.000	0.000
301	  E	  0.1	  2.2	0.253	0.000	0.000
302	  D	  0.1	  2.2	0.253	0.000	0.000
303	  R	  0.1	  2.2	0.253	0.000	0.000
304	  T	  2.9	  0.4	0.764	0.000	0.000
305	  A	  3.0	  0.4	0.764	0.000	0.000
306	  S	  3.2	  0.2	4.333	0.000	0.000
307	  A	  0.5	  0.2	4.274	0.000	0.000
308	  E	  0.4	  0.1	4.531	0.000	0.000
309	  E	  6.4	  0.0	4.531	0.000	0.000
310	  I	  7.8	  0.1	4.376	0.000	0.000
311	  K	  7.9	  0.0	4.376	0.000	0.000
312	  A	  1.8	  0.0	3.581	0.000	0.000
313	  F	  2.2	  0.1	3.316	0.000	0.000
314	  E	  2.2	  0.1	0.976	0.000	0.000
315	  K	  2.1	  0.1	0.626	0.000	0.000
316	  E	  0.6	  0.1	0.233	0.000	0.000
317	  L	  1.2	  0.1	0.233	0.000	0.000
318	  S	  1.2	  0.1	0.495	0.000	0.000
319	  H	  1.1	  0.2	0.376	0.000	0.000
320	  A	  1.2	  0.2	0.263	0.000	0.000
321	  T	  5.6	  0.2	0.263	0.000	0.000
322	  I	  6.2	  0.3	0.263	0.000	0.000
323	  D	  5.4	  0.2	0.412	0.000	0.000
324	  S	  1.5	  0.6	0.272	0.000	0.000
325	  K	  0.8	  0.6	0.272	0.000	0.000
326	  T	  0.7	  1.8	0.149	0.000	0.000
327	  G	  0.1	  1.8	0.149	0.000	0.000
328	  D	  0.0	  1.7	0.149	0.000	0.000
329	  L	  0.0	  2.0	0.000	0.000	0.000
330	  G	  0.0	  0.8	0.177	0.000	0.000
331	  D	  1.0	  1.3	0.323	0.000	0.000
332	  I	  2.0	  1.0	0.323	0.000	0.000
333	  N	  2.1	  0.8	0.323	0.000	0.000
334	  A	  1.2	  0.8	0.323	0.000	0.000
335	  E	  0.1	  0.2	0.323	0.000	0.000
336	  Q	  0.2	  0.2	0.146	0.000	0.000
337	  L	  0.2	  1.7	0.000	0.000	0.000
338	  P	  0.1	  1.7	0.000	0.000	0.000
339	  G	  0.0	  1.8	0.000	0.000	0.000
340	  R	  0.1	  1.8	0.000	0.000	0.000
341	  E	  0.1	  0.2	0.000	0.000	0.000
342	  H	  1.0	  0.3	0.000	0.000	0.000
343	  L	  1.0	  0.3	0.000	0.000	0.000
344	  N	  0.9	  0.2	0.000	0.000	0.000
345	  E	  0.1	  0.8	0.000	0.000	0.000
346	  P	  0.0	  0.7	0.000	0.000	0.000
347	  G	  0.0	  0.7	0.133	0.000	0.000
348	  T	  0.2	  0.9	0.133	0.000	0.000
349	  R	  0.2	  0.9	0.133	0.000	0.000
350	  E	  0.2	  0.9	0.133	0.000	0.000
351	  G	  0.0	  1.0	0.267	0.000	0.000
352	  Q	  0.1	  0.9	0.267	0.000	0.000
353	  T	  0.6	  0.3	0.135	0.000	0.000
354	  R	  1.2	  0.1	0.135	0.000	0.000
355	  L	  1.3	  0.0	0.135	0.000	0.000
356	  I	  1.0	  0.3	0.135	0.000	0.000
357	  R	  0.4	  0.6	0.135	0.000	0.000
358	  D	  0.2	  0.7	0.000	0.000	0.000
359	  G	  0.0	  0.7	0.000	0.000	0.000
360	  E	  0.1	  0.4	0.000	0.000	0.000
361	  K	  7.2	  0.1	0.000	0.000	0.000
362	  V	  8.7	  0.1	0.000	0.000	0.000
363	  E	  8.7	  0.0	0.000	0.000	0.000
364	  A	  2.1	  0.0	0.000	0.000	0.000
365	  Y	  4.6	  0.0	0.000	0.000	0.000
366	  Q	  5.9	  0.0	0.000	0.000	0.000
367	  W	  8.5	  0.0	0.000	0.000	0.000
368	  S	 14.4	  0.1	0.000	0.000	0.000
369	  V	 13.2	  0.2	0.000	0.000	0.000
370	  S	 10.6	  0.9	0.158	0.000	0.000
371	  E	  0.4	  0.9	0.158	0.000	0.000
372	  G	  0.0	  0.8	0.272	0.000	0.000
373	  R	  0.6	  0.7	0.272	0.000	0.000
374	  W	  1.3	  0.0	0.272	0.222	0.222
375	  I	  6.7	  0.0	0.272	0.222	0.222
376	  K	  6.3	  0.0	0.272	0.222	0.222
377	  I	  5.6	  0.5	0.115	0.222	0.222
378	  G	  0.3	  0.5	0.115	0.222	0.222
379	  D	  1.1	  0.5	0.000	0.222	0.222
380	  V	  2.2	  0.5	0.000	0.222	0.222
381	  V	  2.4	  0.7	0.000	0.222	0.222
382	  G	  1.3	  1.3	0.000	0.000	0.000
383	  S	  0.2	  1.6	0.000	0.000	0.000
384	  S	  0.1	  2.2	0.000	0.000	0.000
385	  G	  0.1	  1.8	0.000	0.000	0.000
386	  A	  0.1	  1.3	0.000	0.000	0.000
387	  N	  0.2	  1.0	0.336	0.000	0.000
388	  Q	  0.3	  0.5	0.336	0.000	0.000
389	  Q	  0.4	  0.2	0.336	0.000	0.000
390	  T	  0.3	  0.6	0.336	0.000	0.000
391	  S	  0.2	  0.6	0.336	0.000	0.000
392	  G	  0.1	  0.5	0.336	0.000	0.000
393	  K	  1.0	  0.5	0.124	0.000	0.000
394	  V	  2.6	  0.1	0.000	0.000	0.000
395	  L	  2.7	  0.0	0.000	0.000	0.000
396	  Y	  2.2	  0.6	0.000	0.000	0.000
397	  E	  0.5	  0.7	0.000	0.000	0.000
398	  G	  0.4	  0.8	0.000	0.000	0.000
399	  K	  0.2	  0.8	0.000	0.000	0.000
400	  E	  2.1	  0.2	0.000	0.000	0.000
401	  F	  4.3	  0.1	0.000	0.000	0.000
402	  D	  4.5	  0.0	0.000	0.000	0.000
403	  Y	  4.1	  0.0	0.000	5.282	5.282
404	  V	  5.9	  0.0	0.000	5.282	5.282
405	  F	  8.7	  0.0	0.000	5.282	5.282
406	  S	 10.0	  0.3	0.000	5.282	5.282
407	  I	 12.3	  0.3	0.000	5.282	5.282
408	  D	 10.0	  0.7	0.000	0.000	0.000
409	  V	  7.4	  0.7	0.000	0.000	0.000
410	  N	  1.1	  1.0	0.000	0.000	0.000
411	  E	  0.2	  1.0	0.000	0.000	0.000
412	  G	  0.0	  0.7	0.000	0.000	0.000
413	  G	  0.0	  1.3	0.000	0.000	0.000
414	  P	  0.0	  0.7	0.000	0.000	0.000
415	  S	  1.6	  0.7	0.000	0.000	0.000
416	  Y	  4.5	  0.6	0.000	0.000	0.000
417	  K	  4.6	  0.0	0.000	0.000	0.000
418	  L	  3.1	  0.2	0.000	0.000	0.000
419	  P	  0.1	  0.2	0.000	0.000	0.000
420	  Y	  1.0	  0.2	0.000	0.000	0.000
421	  N	  1.2	  0.6	0.000	0.000	0.000
422	  T	  1.3	  0.9	0.000	0.000	0.000
423	  S	  0.4	  0.8	0.000	0.000	0.000
424	  D	  0.1	  0.8	0.000	0.000	0.000
425	  D	  0.0	  0.6	1.259	0.000	0.000
426	  P	  0.0	  0.2	1.259	0.115	0.115
427	  W	  0.3	  0.2	1.259	28.714	28.714
428	  L	  1.0	  0.2	1.259	29.297	29.297
429	  T	  1.9	  0.0	1.259	29.297	29.297
430	  A	  1.9	  0.0	1.259	29.417	29.417
431	  Y	  4.5	  0.0	1.259	29.417	29.417
432	  N	  3.8	  0.0	0.941	28.095	28.095
433	  F	  4.3	  0.0	0.592	28.095	28.095
434	  L	  1.1	  0.0	0.241	27.271	27.271
435	  Q	  1.1	  0.3	0.241	1.004	1.004
436	  K	  0.4	  0.4	0.241	0.000	0.000
437	  N	  0.2	  0.5	0.241	0.000	0.000
438	  D	  0.3	  0.4	0.000	0.000	0.000
439	  L	  0.4	  0.2	0.000	0.000	0.000
440	  N	  0.4	  0.1	0.576	0.000	0.000
441	  P	  0.1	  0.0	0.576	0.000	0.000
442	  M	  0.9	  0.0	0.576	1.656	1.656
443	  F	  1.9	  0.1	0.759	3.109	3.109
444	  L	  2.0	  0.1	0.759	3.109	3.109
445	  D	  1.2	  0.1	2.765	3.109	3.109
446	  Q	  0.5	  0.1	2.616	3.109	3.109
447	  V	  1.1	  0.0	2.616	3.760	3.760
448	  A	  1.1	  0.0	2.616	3.760	3.760
449	  K	  1.4	  0.0	2.616	3.899	3.899
450	  F	  2.1	  0.0	2.471	3.899	3.899
451	  I	  2.7	  0.0	0.857	3.899	3.899
452	  I	  2.4	  0.1	0.857	3.638	3.638
453	  D	  1.0	  0.2	0.857	0.790	0.790
454	  N	  0.6	  0.3	0.738	0.147	0.147
455	  T	  0.6	  0.9	0.000	0.000	0.000
456	  K	  0.6	  0.9	0.000	0.000	0.000
457	  G	  0.1	  0.8	0.000	0.000	0.000
458	  Q	  0.7	  0.7	0.000	0.000	0.000
459	  M	  0.8	  0.0	0.000	0.000	0.000
460	  L	  0.9	  0.1	0.000	0.000	0.000
461	  G	  0.2	  0.1	0.000	0.000	0.000
462	  L	  0.1	  0.1	0.000	0.000	0.000
463	  G	  0.0	  0.1	0.000	0.000	0.000
464	  N	  0.0	  1.7	0.000	0.000	0.000
465	  P	  0.0	  1.7	0.000	0.000	0.000
466	  S	 21.2	  1.8	0.000	0.000	0.000
467	  F	 21.6	  1.8	0.000	0.000	0.000
468	  S	 21.6	  0.1	0.000	0.000	0.000
469	  D	  0.5	  0.3	0.205	0.000	0.000
470	  P	  0.0	  0.2	0.205	0.000	0.000
471	  F	  1.5	  0.2	0.205	0.000	0.000
472	  T	  1.5	  0.4	0.205	0.000	0.000
473	  G	  1.5	  0.8	0.205	0.000	0.000
474	  G	  0.0	  1.0	0.205	0.000	0.000
475	  G	  0.0	  0.9	0.000	0.000	0.000
476	  R	  1.4	  0.7	0.000	0.000	0.000
477	  Y	  1.6	  0.3	0.000	0.000	0.000
478	  V	  1.6	  0.9	0.000	0.000	0.000
479	  P	  0.2	  1.4	0.000	0.000	0.000
480	  G	  0.0	  1.9	0.000	0.000	0.000
481	  S	  0.1	  2.4	0.000	0.000	0.000
482	  S	  0.4	  2.6	0.000	0.000	0.000
483	  G	  0.4	  2.4	0.000	0.000	0.000
484	  S	  0.4	  3.1	0.000	0.000	0.000
485	  S	  0.1	  2.6	0.000	0.000	0.000
486	  N	  0.2	  1.5	0.000	0.000	0.000
487	  T	  0.4	  1.3	0.000	0.000	0.000
488	  L	  0.4	  0.3	0.000	0.000	0.000
489	  P	  0.3	  0.2	0.000	0.000	0.000
490	  T	  0.4	  0.2	0.000	0.000	0.000
491	  A	  0.4	  0.2	0.000	0.000	0.000
492	  D	  0.5	  0.2	0.241	0.000	0.000
493	  P	  0.0	  0.2	0.241	0.000	0.000
494	  F	  1.5	  0.3	0.241	0.000	0.000
495	  T	  1.6	  0.7	0.241	0.000	0.000
496	  G	  1.6	  1.1	0.241	0.000	0.000
497	  A	  0.1	  1.4	0.241	0.000	0.000
498	  G	  0.0	  1.3	0.000	0.000	0.000
499	  R	  1.4	  0.9	0.000	0.000	0.000
500	  Y	  1.6	  0.3	0.000	0.000	0.000
501	  V	  1.6	  0.9	0.000	0.000	0.000
502	  P	  0.2	  1.1	0.000	0.000	0.000
503	  G	  0.1	  1.2	0.000	0.000	0.000
504	  S	  3.4	  2.2	0.000	0.000	0.000
505	  A	  3.8	  1.2	0.000	0.000	0.000
506	  S	  4.0	  1.2	0.000	0.000	0.000
507	  M	  0.9	  1.4	0.000	0.000	0.000
508	  G	  0.4	  0.4	0.000	0.000	0.000
509	  T	  1.0	  0.4	0.000	0.000	0.000
510	  T	  1.5	  0.3	0.000	0.000	0.000
511	  M	  1.5	  0.3	0.000	0.000	0.000
512	  A	  0.6	  0.3	0.000	0.000	0.000
513	  G	  0.2	  0.3	0.000	0.000	0.000
514	  V	  0.4	  0.3	0.000	0.000	0.000
515	  D	  0.4	  0.2	0.317	0.000	0.000
516	  P	  0.3	  0.2	0.317	0.000	0.000
517	  F	  1.5	  0.3	0.317	0.000	0.000
518	  T	  1.5	  1.8	0.317	0.000	0.000
519	  G	  1.5	  1.6	0.317	0.000	0.000
520	  N	  0.1	  1.6	0.439	0.000	0.000
521	  S	  0.3	  1.6	0.262	0.000	0.000
522	  A	  0.7	  0.1	0.262	0.000	0.000
523	  Y	  2.7	  0.1	0.262	0.000	0.000
524	  R	  2.7	  0.1	0.262	0.000	0.000
525	  S	  2.3	  0.1	0.262	0.000	0.000
526	  A	  0.5	  0.3	0.140	0.000	0.000
527	  A	  0.4	  0.2	0.140	0.000	0.000
528	  S	  0.9	  0.3	0.140	0.000	0.000
529	  K	  1.0	  0.3	0.000	0.000	0.000
530	  T	  2.9	  0.1	0.293	0.000	0.000
531	  M	  6.7	  0.1	0.293	0.000	0.000
532	  N	  8.7	  0.0	0.293	0.000	0.000
533	  I	  8.4	  0.0	0.293	0.000	0.000
534	  Y	  4.1	  0.0	0.293	0.000	0.000
535	  F	  1.9	  0.2	0.293	0.000	0.000
536	  P	  0.2	  0.2	0.000	0.000	0.000
537	  K	  0.2	  0.3	0.000	0.000	0.000
538	  K	  0.3	  0.3	0.000	0.000	0.000
539	  E	  0.4	  0.1	0.000	0.000	0.000
540	  A	  0.5	  0.1	0.000	0.000	0.000
541	  V	  9.2	  0.0	0.000	0.000	0.000
542	  T	 16.4	  0.0	0.181	0.000	0.000
543	  F	 16.9	  0.0	0.181	0.000	0.000
544	  D	  8.4	  0.1	0.181	0.000	0.000
545	  Q	  1.1	  0.1	0.181	0.000	0.000
546	  A	  0.1	  0.1	0.181	0.000	0.000
547	  N	  0.1	  0.5	0.340	0.000	0.000
548	  P	  0.0	  0.5	0.159	0.000	0.000
549	  T	  0.8	  0.5	0.549	0.000	0.000
550	  Q	  1.7	  0.5	0.549	0.000	0.000
551	  I	  2.9	  0.0	0.549	0.000	0.000
552	  L	  2.2	  0.1	0.549	0.000	0.000
553	  G	  1.2	  0.2	0.815	0.000	0.000
554	  K	  1.1	  0.2	0.815	0.000	0.000
555	  L	  1.1	  0.2	0.266	0.000	0.000
556	  K	  1.2	  0.1	0.266	0.000	0.000
557	  E	  1.1	  0.3	0.266	0.000	0.000
558	  L	  1.1	  1.9	0.266	0.000	0.000
559	  N	  1.0	  2.0	0.122	0.000	0.000
560	  G	  0.4	  1.9	0.000	0.000	0.000
561	  T	  0.5	  1.7	0.000	0.000	0.000
562	  A	  0.4	  0.3	0.000	0.000	0.000
563	  P	  0.2	  0.3	0.000	0.000	0.000
564	  E	  0.2	  0.3	0.000	0.000	0.000
565	  E	  0.5	  0.3	0.000	0.000	0.000
566	  K	  0.6	  0.2	0.000	0.000	0.000
567	  K	  2.1	  0.1	0.000	0.000	0.000
568	  L	  1.7	  0.1	0.000	0.000	0.000
569	  T	  1.7	  0.4	8.380	0.000	0.000
570	  E	  0.1	  0.4	8.380	0.000	0.000
571	  D	  0.0	  0.4	16.579	0.000	0.000
572	  D	  0.2	  0.4	22.340	0.000	0.000
573	  L	  1.2	  0.1	22.340	8.725	8.725
574	  I	  3.4	  0.0	24.255	13.095	13.095
575	  L	  3.3	  0.0	25.263	14.158	14.158
576	  L	  2.4	  0.0	25.108	14.292	14.292
577	  E	  0.2	  0.0	24.838	14.292	14.292
578	  K	  0.6	  0.0	22.392	14.292	14.292
579	  I	  1.6	  0.0	21.093	46.949	46.949
580	  L	  2.9	  0.0	21.093	46.784	46.784
581	  S	  2.7	  0.0	19.256	45.395	45.395
582	  L	  2.4	  0.0	15.375	45.236	45.236
583	  I	  1.2	  0.0	9.594	44.363	44.363
584	  C	  1.3	  0.1	9.594	7.921	7.921
585	  N	  0.7	  1.0	4.692	0.219	0.219
586	  S	  1.4	  1.7	1.948	0.000	0.000
587	  S	  1.0	  1.7	0.092	0.000	0.000
588	  S	  1.0	  1.7	0.000	0.000	0.000
589	  E	  0.2	  0.7	0.000	0.000	0.000
590	  K	  0.1	  0.2	0.000	0.000	0.000
591	  P	  0.0	  0.2	0.000	0.000	0.000
592	  T	 10.2	  0.2	0.550	0.000	0.000
593	  V	 11.5	  0.2	0.826	0.000	0.000
594	  Q	 11.8	  0.0	1.618	0.000	0.000
595	  Q	  2.7	  0.0	2.149	0.000	0.000
596	  L	  2.7	  0.0	2.149	1.149	1.149
597	  Q	  3.2	  0.0	2.550	1.149	1.149
598	  I	  3.6	  0.0	2.983	1.149	1.149
599	  L	  2.3	  0.0	3.442	1.149	1.149
600	  W	  2.0	  0.0	3.442	1.149	1.149
601	  K	  1.0	  0.0	3.442	0.000	0.000
602	  A	  1.1	  0.0	2.866	0.000	0.000
603	  I	  7.0	  0.0	2.866	0.000	0.000
604	  N	  6.9	  0.0	2.866	0.000	0.000
605	  C	  6.6	  0.4	1.866	0.000	0.000
606	  P	  0.1	  0.7	0.000	0.000	0.000
607	  E	  0.0	  0.7	0.000	0.000	0.000
608	  D	  1.2	  0.7	0.000	0.000	0.000
609	  I	  9.3	  0.3	0.000	0.000	0.000
610	  V	  9.7	  0.0	0.000	0.000	0.000
611	  F	  8.5	  0.2	0.000	0.000	0.000
612	  P	  0.4	  0.2	0.795	0.000	0.000
613	  A	  0.1	  0.2	0.795	0.000	0.000
614	  L	  2.5	  0.2	0.795	0.000	0.000
615	  D	  2.6	  0.0	3.387	0.000	0.000
616	  I	  4.8	  0.0	3.387	0.000	0.000
617	  L	  3.8	  0.0	3.387	0.000	0.000
618	  R	  4.2	  0.0	3.387	0.000	0.000
619	  L	  3.5	  0.0	3.279	0.000	0.000
620	  S	  2.8	  0.0	3.061	0.000	0.000
621	  I	  3.2	  0.0	0.866	0.000	0.000
622	  K	  1.6	  0.0	0.866	0.000	0.000
623	  H	  0.8	  0.7	0.181	0.000	0.000
624	  P	  0.0	  0.7	0.000	0.000	0.000
625	  S	  5.2	  1.0	0.000	0.000	0.000
626	  V	  5.5	  1.0	0.000	0.000	0.000
627	  N	  5.5	  1.5	0.000	0.000	0.000
628	  E	  0.3	  1.5	0.000	0.000	0.000
629	  N	  1.0	  1.3	0.000	0.000	0.000
630	  F	  2.9	  1.3	0.000	0.000	0.000
631	  C	  3.0	  0.1	0.000	0.000	0.000
632	  N	  2.1	  0.2	0.296	0.000	0.000
633	  E	  0.3	  0.3	0.296	0.000	0.000
634	  K	  0.1	  0.6	0.296	0.000	0.000
635	  E	  0.1	  0.7	0.296	0.000	0.000
636	  G	  0.0	  0.7	0.296	0.000	0.000
637	  A	  0.3	  0.6	0.296	0.000	0.000
638	  Q	  2.8	  0.3	0.169	0.000	0.000
639	  F	  4.4	  0.3	0.000	0.000	0.000
640	  S	  4.3	  0.2	0.265	0.000	0.000
641	  S	  2.0	  0.2	0.445	0.000	0.000
642	  H	  1.3	  0.2	0.773	0.000	0.000
643	  L	  1.7	  0.1	0.773	3.644	3.644
644	  I	  5.7	  0.0	0.773	3.644	3.644
645	  N	  4.8	  0.0	0.773	3.644	3.644
646	  L	  5.0	  0.0	0.773	3.644	3.644
647	  L	  0.8	  0.0	0.773	3.644	3.644
648	  N	  0.8	  1.2	0.773	0.000	0.000
649	  P	  0.1	  2.0	0.000	0.000	0.000
650	  K	  0.1	  2.0	0.000	0.000	0.000
651	  G	  0.1	  2.0	0.000	0.000	0.000
652	  K	  0.1	  0.8	0.000	0.000	0.000
653	  P	  0.0	  0.3	0.000	0.000	0.000
654	  A	  0.0	  0.3	0.000	0.000	0.000
655	  N	  0.1	  0.4	1.080	0.000	0.000
656	  Q	  0.7	  0.4	1.215	0.000	0.000
657	  L	  0.8	  0.0	1.215	0.000	0.000
658	  L	  1.1	  0.0	1.215	0.000	0.000
659	  A	  0.8	  0.0	1.215	0.000	0.000
660	  L	  0.7	  0.1	1.215	0.000	0.000
661	  R	  1.6	  0.1	0.708	0.000	0.000
662	  T	 10.2	  0.1	0.000	0.000	0.000
663	  F	 11.8	  0.2	0.000	0.000	0.000
664	  C	 11.8	  0.1	0.000	0.000	0.000
665	  N	  5.3	  0.1	0.000	0.000	0.000
666	  C	  5.6	  0.1	0.000	0.000	0.000
667	  F	  5.1	  0.2	0.000	0.000	0.000
668	  V	  3.0	  0.2	0.000	0.000	0.000
669	  G	  0.9	  0.3	0.000	0.000	0.000
670	  Q	  0.2	  0.7	0.000	0.000	0.000
671	  A	  0.1	  0.6	0.000	0.000	0.000
672	  G	  0.1	  0.6	0.162	0.000	0.000
673	  Q	  0.4	  0.5	0.162	0.000	0.000
674	  K	  0.6	  0.1	0.162	0.000	0.000
675	  L	  1.8	  0.1	0.162	0.000	0.000
676	  M	  2.1	  0.0	0.162	0.000	0.000
677	  M	  2.1	  0.1	0.162	0.000	0.000
678	  S	  1.7	  0.1	0.305	0.000	0.000
679	  Q	  1.2	  0.1	0.305	0.000	0.000
680	  R	  1.0	  0.3	0.305	0.000	0.000
681	  E	  0.3	  0.2	0.305	0.000	0.000
682	  S	  0.3	  0.2	0.305	0.000	0.000
683	  L	  0.8	  0.2	0.305	0.000	0.000
684	  M	  1.7	  0.1	0.180	0.000	0.000
685	  S	  1.6	  0.1	0.133	0.000	0.000
686	  H	  1.7	  0.1	0.292	0.000	0.000
687	  A	  1.0	  0.1	0.292	0.000	0.000
688	  I	  3.8	  0.0	0.292	0.000	0.000
689	  E	  4.4	  0.0	0.292	0.000	0.000
690	  L	  4.6	  0.3	0.292	0.000	0.000
691	  K	  2.0	  0.6	0.292	0.000	0.000
692	  S	  0.7	  2.0	0.000	0.000	0.000
693	  G	  0.4	  2.4	0.000	0.000	0.000
694	  S	  0.3	  2.1	0.000	0.000	0.000
695	  N	  0.0	  2.5	0.000	0.000	0.000
696	  K	  0.3	  1.0	0.000	0.000	0.000
697	  N	  0.8	  0.7	0.000	0.130	0.130
698	  I	  7.0	  0.7	0.000	6.467	6.467
699	  H	 11.2	  0.0	0.000	7.938	7.938
700	  I	 13.2	  0.0	0.000	46.367	46.367
701	  A	  7.2	  0.0	0.254	49.757	49.757
702	  L	  2.7	  0.0	0.254	53.755	53.755
703	  A	  0.6	  0.0	0.254	54.350	54.350
704	  T	  0.9	  0.0	0.541	54.642	54.642
705	  L	  1.2	  0.0	0.541	54.601	54.601
706	  A	  0.9	  0.1	0.541	50.752	50.752
707	  L	  2.3	  0.1	0.541	47.146	47.146
708	  N	  3.0	  0.1	0.541	26.720	26.720
709	  Y	  7.7	  0.1	0.410	26.370	26.370
710	  S	  6.8	  0.0	0.000	23.634	23.634
711	  V	  6.7	  0.0	0.000	23.333	23.333
712	  C	  4.3	  0.0	0.000	18.480	18.480
713	  F	  4.7	  0.0	0.000	16.875	16.875
714	  H	  3.9	  0.6	0.000	8.934	8.934
715	  K	  1.5	  0.6	0.000	0.000	0.000
716	  D	  0.3	  0.9	0.000	0.000	0.000
717	  H	  1.2	  0.9	0.000	0.000	0.000
718	  N	  4.2	  0.3	0.000	0.000	0.000
719	  I	  4.5	  0.5	0.000	0.000	0.000
720	  E	  3.5	  0.4	0.000	0.000	0.000
721	  G	  0.4	  0.5	0.000	0.000	0.000
722	  K	  0.2	  0.5	0.000	0.000	0.000
723	  A	  0.3	  0.2	0.000	0.170	0.170
724	  Q	  0.8	  0.1	0.000	0.372	0.372
725	  C	  2.3	  0.0	0.000	1.621	1.621
726	  L	  4.0	  0.1	0.000	5.915	5.915
727	  S	  3.8	  0.0	0.000	6.517	6.517
728	  L	  2.7	  0.0	0.000	12.705	12.705
729	  I	  1.8	  0.1	0.000	13.663	13.663
730	  S	  1.9	  0.0	0.000	13.233	13.233
731	  T	  4.1	  0.0	0.000	12.980	12.980
732	  I	  3.8	  0.0	0.000	12.829	12.829
733	  L	  5.0	  0.0	0.000	11.142	11.142
734	  E	  3.0	  0.0	0.000	0.000	0.000
735	  V	  6.1	  0.0	0.000	0.000	0.000
736	  V	  5.5	  0.1	0.000	0.000	0.000
737	  Q	  5.0	  0.1	0.000	0.000	0.000
738	  D	  1.4	  0.1	2.485	0.000	0.000
739	  L	  0.5	  0.1	2.658	0.226	0.226
740	  E	  0.6	  0.0	2.957	0.257	0.257
741	  A	  1.1	  0.0	2.957	0.257	0.257
742	  T	 13.1	  0.0	3.257	0.257	0.257
743	  F	 14.6	  0.1	3.257	0.257	0.257
744	  R	 14.2	  0.1	3.053	0.257	0.257
745	  L	  3.1	  0.1	2.813	77.486	77.486
746	  L	  1.9	  0.1	2.626	91.096	91.096
747	  V	  4.9	  0.0	2.415	91.518	91.518
748	  A	  4.2	  0.0	2.415	91.527	91.527
749	  L	  3.4	  0.1	2.091	91.544	91.544
750	  G	  0.1	  0.1	1.866	88.520	88.520
751	  T	  0.6	  0.1	0.000	88.207	88.207
752	  L	  1.0	  0.1	0.000	88.007	88.007
753	  I	  1.1	  0.2	0.000	86.893	86.893
754	  S	  0.5	  1.3	0.000	3.756	3.756
755	  D	  0.1	  2.5	0.000	0.000	0.000
756	  D	  0.0	  5.5	0.306	0.000	0.000
757	  S	  0.0	  5.4	0.659	0.000	0.000
758	  N	  0.1	  4.2	0.844	0.000	0.000
759	  A	  0.6	  3.0	0.844	0.000	0.000
760	  V	  5.0	  0.0	0.844	0.000	0.000
761	  Q	  5.1	  0.0	0.844	0.000	0.000
762	  L	  4.7	  0.0	0.693	0.000	0.000
763	  A	  0.3	  0.1	0.693	0.000	0.000
764	  K	  0.4	  0.2	0.693	0.000	0.000
765	  S	  0.5	  0.3	0.114	0.000	0.000
766	  L	  0.4	  0.4	0.000	0.000	0.000
767	  G	  0.3	  0.2	0.000	0.000	0.000
768	  V	  1.2	  0.2	0.000	0.000	0.000
769	  D	  1.2	  0.1	0.726	0.000	0.000
770	  S	  1.4	  0.1	4.228	0.000	0.000
771	  Q	  2.1	  0.1	4.228	0.000	0.000
772	  I	  2.5	  0.1	4.228	0.000	0.000
773	  K	  2.2	  0.1	4.228	0.000	0.000
774	  K	  1.1	  0.1	4.228	0.000	0.000
775	  Y	  2.0	  0.2	3.922	0.000	0.000
776	  S	  2.2	  0.2	1.215	0.000	0.000
777	  S	 11.9	  0.3	0.248	0.000	0.000
778	  V	 11.4	  0.3	0.000	0.000	0.000
779	  S	 11.2	  0.1	0.000	0.000	0.000
780	  E	  1.0	  0.1	0.000	0.000	0.000
781	  P	  0.0	  0.0	0.000	0.000	0.000
782	  A	  0.3	  0.0	0.000	0.000	0.000
783	  K	  1.5	  0.0	0.000	0.000	0.000
784	  V	  1.9	  0.0	0.000	0.000	0.000
785	  S	  1.6	  0.1	0.684	0.000	0.000
786	  E	  1.5	  0.1	0.684	0.000	0.000
787	  C	 10.1	  0.1	0.684	0.000	0.000
788	  C	 10.7	  0.1	0.684	0.000	0.000
789	  R	 10.4	  0.0	0.684	0.000	0.000
790	  F	  2.5	  0.0	0.684	38.374	38.374
791	  I	  2.3	  0.0	0.000	38.374	38.374
792	  L	  3.0	  0.1	0.000	38.374	38.374
793	  N	  2.1	  0.1	0.000	38.374	38.374
794	  L	  1.6	  0.1	0.000	38.374	38.374
795	  L	  0.0	  0.0	0.000	0.000	0.000
