res	aa	Beta	Turn	Helix	Aggregation	Conc-Stab_Aggregation
01	  M	  1.1	  0.0	0.000	0.021	0.021
02	  L	  2.0	  0.0	0.561	81.567	81.567
03	  L	  2.1	  0.0	1.917	87.481	87.481
04	  L	  1.0	  0.0	2.141	89.711	89.711
05	  G	  0.1	  0.0	7.099	90.118	90.118
06	  A	  0.8	  0.0	7.349	94.570	94.570
07	  V	  4.5	  0.0	7.630	99.370	99.370
08	  L	  5.3	  0.0	7.888	99.518	99.518
09	  L	  5.4	  0.0	7.888	99.263	99.263
10	  L	  2.0	  0.0	7.888	97.847	97.847
11	  L	  1.7	  0.0	7.619	89.726	89.726
12	  A	  0.8	  0.0	7.302	42.864	42.864
13	  L	  0.6	  1.5	6.153	3.055	3.055
14	  P	  0.0	  1.6	0.000	1.559	1.559
15	  G	  0.0	  1.7	0.000	0.000	0.000
16	  H	  0.2	  1.7	0.000	0.000	0.000
17	  D	  0.3	  0.3	0.000	0.000	0.000
18	  Q	  0.3	  0.3	0.000	0.000	0.000
19	  E	  0.3	  0.2	0.000	0.000	0.000
20	  T	  2.0	  0.2	0.000	0.000	0.000
21	  T	  4.4	  0.1	0.000	0.000	0.000
22	  T	  4.3	  0.1	0.000	0.000	0.000
23	  Q	  2.5	  0.2	0.000	0.000	0.000
24	  G	  0.0	  1.6	0.000	0.000	0.000
25	  P	  0.0	  1.5	0.000	0.000	0.000
26	  G	  0.0	  1.5	0.000	0.000	0.000
27	  V	  7.9	  1.4	0.000	0.000	0.000
28	  L	  8.0	  0.0	0.000	0.000	0.000
29	  L	  8.0	  0.0	0.000	0.000	0.000
30	  P	  0.1	  0.0	0.000	0.000	0.000
31	  L	  0.0	  0.4	0.000	0.000	0.000
32	  P	  0.0	  1.0	0.000	0.000	0.000
33	  K	  0.0	  1.0	0.000	0.000	0.000
34	  G	  0.0	  1.0	0.000	0.000	0.000
35	  A	  0.2	  0.6	0.000	0.000	0.000
36	  C	  0.5	  0.3	0.000	0.000	0.000
37	  T	  0.6	  0.2	0.000	0.000	0.000
38	  G	  0.4	  0.2	0.000	0.000	0.000
39	  W	  0.5	  0.2	0.000	0.000	0.000
40	  M	  0.5	  0.2	0.000	0.000	0.000
41	  A	  0.6	  0.2	0.000	0.000	0.000
42	  G	  0.2	  0.2	0.000	0.000	0.000
43	  I	  0.1	  1.2	0.000	0.000	0.000
44	  P	  0.0	  0.9	0.000	0.000	0.000
45	  G	  0.0	  0.9	0.000	0.000	0.000
46	  H	  0.0	  5.2	0.000	0.000	0.000
47	  P	  0.0	  4.3	0.000	0.000	0.000
48	  G	  0.0	  4.5	0.000	0.000	0.000
49	  H	  0.1	  5.9	0.000	0.000	0.000
50	  N	  0.1	  1.7	0.000	0.000	0.000
51	  G	  0.0	  1.6	0.000	0.000	0.000
52	  A	  0.0	  3.2	0.000	0.000	0.000
53	  P	  0.0	  2.0	0.000	0.000	0.000
54	  G	  0.0	  2.9	0.000	0.000	0.000
55	  R	  0.0	  3.5	0.000	0.000	0.000
56	  D	  0.0	  1.8	0.000	0.000	0.000
57	  G	  0.0	  2.5	0.000	0.000	0.000
58	  R	  0.0	  1.9	0.000	0.000	0.000
59	  D	  0.0	  1.3	0.000	0.000	0.000
60	  G	  0.0	  1.1	0.000	0.000	0.000
61	  T	  0.0	  1.9	0.271	0.000	0.000
62	  P	  0.0	  1.7	0.271	0.000	0.000
63	  G	  0.0	  2.0	0.271	0.000	0.000
64	  E	  0.0	  2.3	0.271	0.000	0.000
65	  K	  0.1	  0.7	0.271	0.000	0.000
66	  G	  0.1	  0.9	0.271	0.000	0.000
67	  E	  0.1	  0.9	0.271	0.000	0.000
68	  K	  0.0	  0.6	0.000	0.000	0.000
69	  G	  0.0	  0.5	0.000	0.000	0.000
70	  D	  0.0	  1.3	0.000	0.000	0.000
71	  P	  0.0	  1.1	0.000	0.000	0.000
72	  G	  0.0	  1.1	0.000	0.000	0.000
73	  L	  0.1	  1.1	0.000	0.000	0.000
74	  I	  0.2	  0.1	0.000	0.000	0.000
75	  G	  0.1	  0.9	0.000	0.000	0.000
76	  P	  0.0	  1.4	0.000	0.000	0.000
77	  K	  0.0	  1.9	0.000	0.000	0.000
78	  G	  0.0	  1.8	0.000	0.000	0.000
79	  D	  0.0	  1.4	0.000	0.000	0.000
80	  I	  0.1	  1.4	0.000	0.000	0.000
81	  G	  0.1	  1.2	0.000	0.000	0.000
82	  E	  0.1	  1.3	0.000	0.000	0.000
83	  T	  0.1	  0.9	0.000	0.000	0.000
84	  G	  0.1	  0.4	0.000	0.000	0.000
85	  V	  0.1	  0.8	0.000	0.000	0.000
86	  P	  0.0	  0.8	0.000	0.000	0.000
87	  G	  0.0	  1.1	0.000	0.000	0.000
88	  A	  0.0	  1.1	0.000	0.000	0.000
89	  E	  0.0	  0.5	0.000	0.000	0.000
90	  G	  0.0	  1.2	0.000	0.000	0.000
91	  P	  0.0	  1.1	0.000	0.000	0.000
92	  R	  0.2	  1.1	0.000	0.000	0.000
93	  G	  0.2	  1.0	0.000	0.000	0.000
94	  F	  0.2	  2.4	0.000	0.000	0.000
95	  P	  0.0	  2.2	0.000	0.000	0.000
96	  G	  0.0	  2.2	0.000	0.000	0.000
97	  I	  0.2	  2.4	0.000	0.000	0.000
98	  Q	  0.2	  0.3	0.000	0.000	0.000
99	  G	  0.2	  0.4	0.000	0.000	0.000
100	  R	  0.1	  0.8	0.000	0.000	0.000
101	  K	  0.2	  0.7	0.000	0.000	0.000
102	  G	  0.1	  0.6	0.000	0.000	0.000
103	  E	  0.1	  1.3	0.000	0.000	0.000
104	  P	  0.0	  1.1	0.000	0.000	0.000
105	  G	  0.0	  1.6	0.187	0.000	0.000
106	  E	  0.0	  2.0	0.187	0.000	0.000
107	  G	  0.0	  1.1	0.187	1.690	1.690
108	  A	  0.3	  0.9	0.187	1.690	1.690
109	  Y	  2.1	  0.4	0.187	1.834	1.834
110	  V	  4.5	  0.0	0.187	1.834	1.834
111	  Y	  6.0	  0.1	0.187	1.834	1.834
112	  R	  4.5	  0.1	0.000	0.144	0.144
113	  S	  2.3	  0.1	0.000	0.293	0.293
114	  A	  1.0	  0.1	0.000	1.748	1.748
115	  F	  5.9	  0.0	0.000	1.943	1.943
116	  S	  6.0	  0.0	0.000	1.943	1.943
117	  V	  5.8	  0.0	0.000	1.943	1.943
118	  G	  0.7	  0.0	0.000	1.943	1.943
119	  L	  0.3	  0.2	0.000	1.718	1.718
120	  E	  0.3	  0.2	0.000	0.144	0.144
121	  T	  4.8	  0.1	0.000	0.144	0.144
122	  Y	  5.5	  0.1	0.000	0.144	0.144
123	  V	 20.8	  0.0	0.000	0.144	0.144
124	  T	 16.8	  0.0	0.000	0.000	0.000
125	  I	 16.0	  0.3	0.000	0.000	0.000
126	  P	  0.5	  0.3	0.000	0.000	0.000
127	  N	  0.0	  0.3	0.000	0.000	0.000
128	  M	  0.1	  0.3	0.000	0.000	0.000
129	  P	  0.1	  0.0	0.000	0.000	0.000
130	  I	  3.4	  0.0	0.000	0.000	0.000
131	  R	  5.2	  0.0	0.000	0.000	0.000
132	  F	  9.3	  0.0	0.000	0.000	0.000
133	  T	  6.8	  0.0	0.000	0.000	0.000
134	  K	  5.3	  0.0	0.000	0.000	0.000
135	  I	  2.2	  0.0	0.000	0.000	0.000
136	  F	  3.3	  0.1	0.000	0.000	0.000
137	  Y	  4.5	  0.1	0.000	0.000	0.000
138	  N	  3.6	  0.2	0.000	0.000	0.000
139	  Q	  1.8	  0.3	0.000	0.000	0.000
140	  Q	  0.4	  0.3	0.000	0.000	0.000
141	  N	  0.8	  0.3	0.000	0.000	0.000
142	  H	  3.3	  0.6	0.000	0.000	0.000
143	  Y	  3.5	  0.8	0.000	0.000	0.000
144	  D	  2.9	  1.7	0.000	0.000	0.000
145	  G	  0.4	  2.0	0.000	0.000	0.000
146	  S	  0.1	  1.8	0.000	0.000	0.000
147	  T	  0.2	  1.6	0.000	0.000	0.000
148	  G	  0.2	  0.7	0.000	0.000	0.000
149	  K	  0.8	  0.4	0.000	0.000	0.000
150	  F	  5.6	  0.2	0.000	0.000	0.000
151	  H	  6.4	  0.0	0.000	0.000	0.000
152	  C	  8.6	  0.0	0.000	0.000	0.000
153	  N	  3.9	  0.0	0.000	0.000	0.000
154	  I	  3.0	  0.3	0.000	0.000	0.000
155	  P	  0.2	  0.4	0.000	0.082	0.082
156	  G	  0.0	  0.4	0.241	6.847	6.847
157	  L	  0.6	  0.4	0.241	81.750	81.750
158	  Y	  2.0	  0.0	0.241	95.425	95.425
159	  Y	  3.5	  0.0	0.241	98.512	98.512
160	  F	  3.6	  0.0	0.241	99.103	99.103
161	  A	  2.6	  0.0	0.241	99.128	99.128
162	  Y	  5.0	  0.0	0.241	98.949	98.949
163	  H	  9.8	  0.0	0.241	98.002	98.002
164	  I	 25.2	  0.0	0.000	98.170	98.170
165	  T	 25.8	  0.0	0.000	97.314	97.314
166	  V	 23.4	  0.0	0.000	96.810	96.810
167	  Y	  8.5	  0.0	0.000	90.874	90.874
168	  M	  3.6	  0.1	0.000	81.371	81.371
169	  K	  0.9	  0.1	0.000	0.225	0.225
170	  D	  1.5	  0.1	0.479	0.225	0.225
171	  V	 16.1	  0.1	0.479	0.208	0.208
172	  K	 17.0	  0.0	0.479	0.000	0.000
173	  V	 19.9	  0.0	0.479	0.000	0.000
174	  S	  5.6	  0.0	0.479	0.000	0.000
175	  L	  4.5	  0.0	0.479	0.000	0.000
176	  F	  0.9	  0.1	0.479	0.000	0.000
177	  K	  0.6	  0.5	0.203	0.000	0.000
178	  K	  0.5	  0.5	0.000	0.000	0.000
179	  D	  0.1	  0.6	0.202	0.000	0.000
180	  K	  0.2	  0.5	0.202	0.000	0.000
181	  A	  0.4	  0.1	0.202	7.592	7.592
182	  M	  0.9	  0.0	0.202	26.636	26.636
183	  L	  1.1	  0.0	0.202	26.636	26.636
184	  F	 12.9	  0.0	0.202	26.636	26.636
185	  T	 18.9	  0.0	0.119	26.636	26.636
186	  Y	 19.4	  0.0	0.119	24.930	24.930
187	  D	  8.4	  0.0	0.233	0.000	0.000
188	  Q	  4.7	  0.0	0.233	0.000	0.000
189	  Y	  4.8	  0.1	0.233	0.000	0.000
190	  Q	  4.3	  0.3	0.233	0.000	0.000
191	  E	  1.1	  0.3	0.233	0.000	0.000
192	  N	  0.2	  0.3	0.233	0.000	0.000
193	  N	  1.4	  0.7	0.233	0.000	0.000
194	  V	  2.6	  0.5	0.000	0.000	0.000
195	  D	  2.5	  0.5	0.000	0.000	0.000
196	  Q	  1.4	  0.9	0.000	0.000	0.000
197	  A	  0.3	  0.7	0.000	0.000	0.000
198	  S	  0.5	  1.0	0.000	0.000	0.000
199	  G	  0.4	  0.9	0.000	0.240	0.240
200	  S	  0.9	  0.6	0.000	0.240	0.240
201	  V	  4.5	  0.3	0.000	0.554	0.554
202	  L	  4.9	  0.0	0.000	0.554	0.554
203	  L	  5.4	  0.0	0.000	0.554	0.554
204	  H	  2.1	  0.0	0.000	0.315	0.315
205	  L	  3.3	  0.0	0.000	0.315	0.315
206	  E	  2.4	  0.0	0.000	0.000	0.000
207	  V	  1.9	  0.8	0.000	0.000	0.000
208	  G	  0.2	  0.9	0.000	0.000	0.000
209	  D	  0.2	  0.9	0.257	0.000	0.000
210	  Q	  1.1	  0.9	0.257	0.248	0.248
211	  V	  3.6	  0.0	0.257	9.485	9.485
212	  W	  3.9	  0.0	0.257	11.087	11.087
213	  L	  3.8	  0.0	0.257	11.087	11.087
214	  Q	  2.4	  0.0	0.257	11.087	11.087
215	  V	  2.9	  0.0	0.126	11.087	11.087
216	  Y	  2.2	  0.6	0.126	8.745	8.745
217	  G	  1.1	  1.2	1.863	0.701	0.701
218	  E	  0.1	  1.4	1.863	0.000	0.000
219	  G	  0.0	  1.5	1.863	0.000	0.000
220	  E	  0.3	  1.2	1.863	0.000	0.000
221	  R	  0.3	  1.8	1.863	0.000	0.000
222	  N	  0.3	  1.7	1.863	0.000	0.000
223	  G	  0.0	  1.6	1.863	0.000	0.000
224	  L	  0.4	  1.2	0.881	0.000	0.000
225	  Y	  0.6	  0.4	0.319	0.000	0.000
226	  A	  0.6	  0.6	0.000	0.000	0.000
227	  D	  0.2	  1.7	0.000	0.000	0.000
228	  N	  0.0	  3.2	0.000	0.000	0.000
229	  D	  0.0	  3.5	0.000	0.000	0.000
230	  N	  0.0	  3.7	0.000	0.000	0.000
231	  D	  0.1	  2.7	0.000	0.000	0.000
232	  S	  0.7	  1.2	0.129	0.577	0.577
233	  T	 20.0	  0.5	0.129	5.642	5.642
234	  F	 21.2	  0.2	0.129	29.465	29.465
235	  T	 20.6	  0.1	0.129	31.254	31.254
236	  G	  1.5	  0.1	0.129	32.938	32.938
237	  F	  0.7	  0.1	0.129	33.313	33.313
238	  L	  1.2	  0.0	0.000	33.313	33.313
239	  L	  1.7	  0.0	0.000	31.165	31.165
240	  Y	  1.9	  0.0	0.000	18.401	18.401
241	  H	  1.5	  0.2	0.000	0.618	0.618
242	  D	  1.1	  0.2	0.000	0.000	0.000
243	  T	  0.3	  0.2	0.000	0.000	0.000
244	  N	  0.2	  0.1	0.000	0.000	0.000
