res	aa	Beta	Turn	Helix	Aggregation	Conc-Stab_Aggregation
01	  M	  0.2	  0.0	0.000	0.000	0.000
02	  M	  0.5	  0.2	0.000	0.000	0.000
03	  Q	  0.9	  0.2	0.000	0.000	0.000
04	  D	  1.5	  0.4	0.000	0.000	0.000
05	  V	  2.7	  0.5	0.000	0.000	0.000
06	  S	  4.0	  0.3	0.000	0.000	0.000
07	  S	  3.2	  0.3	0.000	0.000	0.000
08	  S	  1.8	  0.1	0.000	0.000	0.000
09	  P	  0.0	  0.0	0.000	0.000	0.000
10	  V	  0.4	  0.0	0.000	0.000	0.000
11	  S	  0.4	  0.2	0.000	0.000	0.000
12	  P	  0.4	  0.7	0.000	0.000	0.000
13	  A	  0.0	  0.9	0.000	0.000	0.000
14	  D	  0.0	  1.4	0.000	0.000	0.000
15	  D	  0.0	  1.3	0.000	0.000	0.000
16	  S	  5.7	  1.2	0.000	0.000	0.000
17	  L	  5.8	  1.2	0.000	0.000	0.000
18	  S	  5.8	  0.9	0.000	0.000	0.000
19	  N	  0.2	  0.9	0.000	0.000	0.000
20	  S	  0.2	  0.6	0.000	0.000	0.000
21	  E	  0.1	  0.4	0.000	0.000	0.000
22	  E	  0.1	  0.2	0.000	0.000	0.000
23	  E	  0.0	  0.7	0.132	0.000	0.000
24	  P	  0.0	  0.6	0.132	0.000	0.000
25	  D	  0.0	  0.7	0.132	0.000	0.000
26	  R	  0.9	  0.7	0.132	0.000	0.000
27	  Q	  0.9	  0.2	0.132	0.000	0.000
28	  Q	  0.9	  0.1	0.132	0.000	0.000
29	  P	  0.0	  1.6	0.000	0.000	0.000
30	  P	  0.0	  2.0	0.000	0.000	0.000
31	  S	  0.0	  2.3	0.000	0.000	0.000
32	  G	  0.0	  2.5	0.000	0.000	0.000
33	  K	  0.2	  1.0	0.000	0.000	0.000
34	  R	  0.1	  1.9	0.000	0.000	0.000
35	  G	  0.1	  1.8	0.000	0.000	0.000
36	  G	  0.0	  1.6	0.000	0.000	0.000
37	  R	  0.3	  1.6	0.000	0.000	0.000
38	  K	  0.6	  0.3	0.000	0.000	0.000
39	  R	  0.9	  0.2	0.000	0.000	0.000
40	  R	  0.8	  0.3	0.000	0.000	0.000
41	  S	  0.9	  0.3	0.000	0.000	0.000
42	  S	  1.1	  0.3	0.000	0.000	0.000
43	  R	  1.2	  0.4	0.000	0.000	0.000
44	  R	  1.1	  0.3	0.000	0.000	0.000
45	  S	  0.7	  0.7	0.000	0.000	0.000
46	  A	  0.4	  0.8	0.000	0.000	0.000
47	  G	  0.1	  0.8	0.000	0.000	0.000
48	  G	  0.0	  1.0	0.000	0.000	0.000
49	  G	  0.0	  0.6	0.000	0.000	0.000
50	  A	  0.0	  0.6	0.000	0.000	0.000
51	  G	  0.0	  1.9	0.000	0.000	0.000
52	  P	  0.0	  1.7	0.000	0.000	0.000
53	  G	  0.0	  1.8	0.000	0.000	0.000
54	  G	  0.1	  1.9	0.000	0.000	0.000
55	  A	  0.1	  0.6	0.000	0.000	0.000
56	  A	  0.1	  0.7	0.000	0.000	0.000
57	  G	  0.0	  1.0	0.000	0.000	0.000
58	  G	  0.0	  0.9	0.000	0.000	0.000
59	  G	  0.0	  0.6	0.000	0.000	0.000
60	  V	  0.1	  0.7	0.000	0.000	0.000
61	  G	  0.1	  0.4	0.000	0.000	0.000
62	  G	  0.1	  1.0	0.000	0.000	0.000
63	  G	  0.0	  1.0	0.000	0.000	0.000
64	  D	  0.0	  0.7	0.000	0.000	0.000
65	  E	  0.0	  1.8	0.000	0.000	0.000
66	  P	  0.0	  1.2	0.000	0.000	0.000
67	  G	  0.0	  1.2	0.000	0.000	0.000
68	  S	  0.0	  1.3	0.152	0.000	0.000
69	  P	  0.0	  0.5	0.152	0.000	0.000
70	  A	  0.0	  0.9	0.152	0.000	0.000
71	  Q	  0.0	  0.9	0.152	0.000	0.000
72	  G	  0.0	  1.0	0.152	0.000	0.000
73	  K	  0.1	  1.0	0.152	0.000	0.000
74	  R	  0.2	  0.6	0.000	0.000	0.000
75	  G	  0.2	  0.6	0.000	0.000	0.000
76	  K	  0.1	  0.5	0.000	0.000	0.000
77	  K	  0.5	  0.3	0.000	0.000	0.000
78	  S	  0.6	  1.3	0.000	0.000	0.000
79	  A	  0.5	  1.8	0.000	0.000	0.000
80	  G	  0.2	  1.7	0.000	0.000	0.000
81	  C	  0.1	  1.9	0.000	0.000	0.000
82	  G	  0.1	  1.0	0.000	0.000	0.000
83	  G	  0.1	  0.6	0.000	0.000	0.000
84	  G	  0.0	  0.7	0.000	0.000	0.000
85	  G	  0.0	  0.7	0.000	0.000	0.000
86	  G	  0.0	  0.9	0.000	0.000	0.000
87	  A	  0.0	  1.0	0.000	0.000	0.000
88	  G	  0.0	  0.9	0.000	0.000	0.000
89	  G	  0.0	  0.8	0.000	0.000	0.000
90	  G	  0.0	  0.6	0.000	0.000	0.000
91	  G	  0.0	  0.9	0.000	0.000	0.000
92	  G	  0.0	  0.9	0.000	0.000	0.000
93	  S	  0.9	  3.4	0.000	0.000	0.000
94	  S	  1.0	  3.6	0.000	0.000	0.000
95	  S	  1.0	  3.4	0.000	0.000	0.000
96	  G	  0.1	  3.4	0.000	0.000	0.000
97	  G	  0.0	  0.7	0.000	0.000	0.000
98	  G	  0.0	  0.5	0.000	0.000	0.000
99	  S	  0.0	  0.4	0.000	0.000	0.000
100	  P	  0.0	  0.4	0.000	0.000	0.000
101	  Q	  0.9	  0.4	0.000	0.000	0.000
102	  S	  8.0	  0.4	0.759	0.000	0.000
103	  Y	  8.6	  0.3	0.759	0.000	0.000
104	  E	  7.7	  0.2	0.759	0.000	0.000
105	  E	  1.0	  0.2	0.759	0.000	0.000
106	  L	  0.4	  0.2	0.759	0.000	0.000
107	  Q	  0.6	  0.1	0.759	0.000	0.000
108	  T	  1.6	  0.1	0.606	0.000	0.000
109	  Q	  2.1	  0.1	0.606	0.000	0.000
110	  R	  3.6	  0.0	0.362	0.000	0.000
111	  V	  3.6	  0.0	0.117	0.320	0.320
112	  M	  3.1	  0.2	0.117	0.320	0.320
113	  A	  1.5	  0.2	0.117	0.320	0.320
114	  N	  3.4	  0.2	1.263	0.320	0.320
115	  V	  3.8	  0.2	1.146	0.320	0.320
116	  R	  3.8	  0.1	1.146	0.000	0.000
117	  E	  0.9	  0.1	1.146	0.000	0.000
118	  R	  0.8	  0.1	1.146	0.000	0.000
119	  Q	  1.0	  0.1	1.146	0.000	0.000
120	  R	  0.9	  0.1	0.438	0.000	0.000
121	  T	  2.5	  0.2	0.267	0.000	0.000
122	  Q	  2.5	  0.2	0.267	0.000	0.000
123	  S	  4.9	  0.7	2.878	0.000	0.000
124	  L	  2.9	  0.7	3.022	0.000	0.000
125	  N	  2.7	  0.6	8.500	0.000	0.000
126	  E	  0.1	  0.6	9.039	0.000	0.000
127	  A	  0.2	  0.0	9.198	2.220	2.220
128	  F	  0.9	  0.0	9.573	2.220	2.220
129	  A	  0.9	  0.0	9.285	2.220	2.220
130	  A	  1.0	  0.0	9.285	2.220	2.220
131	  L	  0.6	  0.0	8.704	2.220	2.220
132	  R	  1.1	  0.0	7.162	0.000	0.000
133	  K	  3.3	  0.0	5.232	0.000	0.000
134	  I	  3.6	  0.0	0.578	0.000	0.000
135	  I	  3.0	  0.1	0.578	0.000	0.000
136	  P	  0.5	  0.1	0.000	0.000	0.000
137	  T	  0.3	  0.1	0.000	0.000	0.000
138	  L	  0.3	  0.6	0.000	0.000	0.000
139	  P	  0.3	  0.8	0.000	0.000	0.000
140	  S	  0.0	  0.9	0.263	0.000	0.000
141	  D	  0.0	  1.0	0.391	0.000	0.000
142	  K	  0.5	  0.5	0.391	0.000	0.000
143	  L	  0.8	  0.2	0.391	0.000	0.000
144	  S	  1.2	  0.2	0.391	0.000	0.000
145	  K	  1.2	  0.0	0.391	0.000	0.000
146	  I	  1.1	  0.1	0.128	0.000	0.000
147	  Q	  0.9	  0.0	0.128	0.000	0.000
148	  T	  3.6	  0.0	0.863	0.000	0.000
149	  L	  4.8	  0.1	0.863	0.000	0.000
150	  K	  5.0	  0.0	1.056	0.000	0.000
151	  L	  1.9	  0.0	1.056	1.555	1.555
152	  A	  0.5	  0.0	1.056	1.707	1.707
153	  A	  0.4	  0.0	1.056	2.395	2.395
154	  R	  1.1	  0.0	0.757	3.314	3.314
155	  Y	  2.2	  0.1	0.344	3.314	3.314
156	  I	  5.1	  0.1	0.000	3.314	3.314
157	  D	  4.3	  0.1	0.121	3.314	3.314
158	  F	  3.8	  0.1	0.121	16.410	16.410
159	  L	  1.0	  0.0	0.121	17.302	17.302
160	  Y	  3.6	  0.0	0.121	17.302	17.302
161	  Q	  3.4	  0.0	0.121	16.543	16.543
162	  V	  5.6	  0.0	0.121	16.543	16.543
163	  L	  3.3	  0.1	0.121	14.281	14.281
164	  Q	  2.7	  0.3	0.121	0.396	0.396
165	  S	  0.3	  0.3	0.121	0.000	0.000
166	  D	  0.0	  0.5	0.423	0.000	0.000
167	  E	  0.8	  0.5	0.423	0.000	0.000
168	  L	  1.1	  0.4	0.423	0.000	0.000
169	  D	  1.2	  0.4	1.053	0.000	0.000
170	  S	  0.5	  0.2	1.219	0.000	0.000
171	  K	  0.5	  0.1	1.219	0.000	0.000
172	  M	  0.6	  0.2	0.911	0.000	0.000
173	  A	  0.9	  0.2	0.796	0.000	0.000
174	  S	 20.5	  0.4	0.796	0.000	0.000
175	  C	 21.5	  0.4	0.441	0.000	0.000
176	  S	 21.8	  0.2	0.000	0.000	0.000
177	  Y	  4.6	  0.2	0.000	0.000	0.000
178	  V	  4.4	  0.0	0.000	0.000	0.000
179	  A	  3.7	  0.0	0.000	0.000	0.000
180	  H	  1.9	  0.1	0.000	0.000	0.000
181	  E	  0.4	  0.2	0.000	0.000	0.000
182	  R	  0.8	  0.2	0.000	0.000	0.000
183	  L	  2.7	  0.1	0.000	18.785	18.785
184	  S	  3.3	  0.0	0.000	19.127	19.127
185	  Y	  3.7	  0.0	0.000	27.528	27.528
186	  A	  1.9	  0.0	0.000	28.581	28.581
187	  F	  6.3	  0.0	0.000	28.581	28.581
188	  S	  6.2	  0.0	0.145	25.636	25.636
189	  V	  7.3	  0.0	0.145	25.271	25.271
190	  W	  3.6	  0.0	0.145	22.844	22.844
191	  R	  3.3	  0.0	0.145	0.000	0.000
192	  M	  1.7	  0.3	0.145	0.000	0.000
193	  E	  0.4	  0.3	0.145	0.000	0.000
194	  G	  0.0	  0.3	0.000	0.000	0.000
195	  A	  0.3	  0.3	0.000	0.000	0.000
196	  W	  2.4	  0.0	0.000	0.000	0.000
197	  S	  8.5	  0.4	0.000	0.000	0.000
198	  M	  9.0	  0.5	0.000	0.000	0.000
199	  S	 10.1	  1.5	0.000	0.000	0.000
200	  A	  4.2	  1.5	0.000	0.000	0.000
201	  S	  3.4	  1.0	0.000	0.000	0.000
202	  H	  0.4	  1.0	0.000	0.000	0.000
