res	aa	Beta	Turn	Helix	Aggregation	Conc-Stab_Aggregation
01	  M	  0.0	  0.2	0.000	0.000	0.000
02	  A	  0.1	  0.7	0.000	0.000	0.000
03	  G	  0.1	  0.8	0.000	0.000	0.000
04	  N	  0.6	  0.9	0.000	0.000	0.000
05	  C	  1.8	  0.8	0.000	0.000	0.000
06	  S	  6.7	  0.2	0.000	0.000	0.000
07	  W	  7.5	  0.2	0.000	0.000	0.000
08	  E	  7.1	  0.0	0.000	0.000	0.000
09	  A	  2.3	  0.0	0.000	0.000	0.000
10	  H	  0.9	  1.5	0.000	0.000	0.000
11	  P	  0.0	  2.1	0.000	0.000	0.000
12	  G	  0.0	  2.2	0.000	0.000	0.000
13	  N	  0.0	  3.9	0.187	0.000	0.000
14	  R	  0.0	  2.4	0.187	0.000	0.000
15	  N	  0.0	  1.7	0.187	0.000	0.000
16	  K	  1.0	  1.7	0.187	0.000	0.000
17	  M	  1.1	  0.0	0.187	0.000	0.000
18	  C	  1.1	  1.5	0.187	0.000	0.000
19	  P	  0.1	  1.5	0.000	0.000	0.000
20	  G	  0.0	  1.5	0.000	0.000	0.000
21	  L	  0.1	  1.6	0.000	0.000	0.000
22	  S	  0.1	  0.1	0.000	0.000	0.000
23	  E	  0.1	  0.1	0.000	0.000	0.000
24	  A	  0.0	  0.3	0.000	0.000	0.000
25	  P	  0.0	  0.3	0.000	0.000	0.000
26	  E	  0.2	  0.3	0.000	0.000	0.000
27	  L	  0.8	  0.3	0.000	0.000	0.000
28	  Y	  2.6	  0.2	0.000	0.000	0.000
29	  S	  2.5	  0.4	0.000	0.000	0.000
30	  R	  1.9	  0.4	0.000	0.000	0.000
31	  G	  0.2	  0.4	0.000	6.018	6.018
32	  F	  0.6	  0.3	0.000	6.018	6.018
33	  L	  4.3	  0.0	0.000	6.018	6.018
34	  T	  8.4	  0.0	0.427	6.018	6.018
35	  I	  8.5	  0.0	0.427	6.018	6.018
36	  E	  4.7	  0.0	0.427	0.000	0.000
37	  Q	  0.9	  0.0	0.427	0.000	0.000
38	  I	  3.3	  0.0	0.427	0.000	0.000
39	  A	  4.0	  0.0	0.427	0.000	0.000
40	  M	  3.6	  0.0	0.427	0.000	0.000
41	  L	  0.8	  0.0	0.231	0.000	0.000
42	  P	  0.0	  0.0	0.000	0.000	0.000
43	  P	  0.0	  0.0	0.310	0.000	0.000
44	  P	  0.0	  0.0	0.310	0.173	0.173
45	  A	  0.8	  0.0	0.458	14.263	14.263
46	  V	  4.3	  0.1	0.974	30.928	30.928
47	  M	  6.3	  0.1	1.155	32.344	32.344
48	  N	  6.2	  0.1	9.096	33.588	33.588
49	  Y	  3.4	  0.1	9.497	65.846	65.846
50	  I	  2.5	  0.0	9.641	78.101	78.101
51	  F	  2.5	  0.0	9.751	82.724	82.724
52	  L	  2.7	  0.0	9.751	86.793	86.793
53	  L	  2.6	  0.0	9.751	87.318	87.318
54	  L	  3.0	  0.0	9.751	84.758	84.758
55	  C	  3.4	  0.0	9.550	67.164	67.164
56	  L	  2.4	  0.0	9.191	63.964	63.964
57	  C	  1.5	  0.0	8.463	44.974	44.974
58	  G	  0.3	  0.0	6.069	41.072	41.072
59	  L	  0.3	  0.0	0.463	41.575	41.575
60	  V	  0.2	  2.3	0.000	39.800	39.800
61	  G	  0.2	  2.7	0.000	16.961	16.961
62	  N	  0.1	  2.7	0.000	15.171	15.171
63	  G	  0.0	  2.7	0.301	20.256	20.256
64	  L	  2.0	  0.4	0.301	78.295	78.295
65	  V	  3.4	  0.0	0.301	88.576	88.576
66	  L	  3.8	  0.0	0.301	88.941	88.941
67	  W	  2.6	  0.0	0.301	88.227	88.227
68	  F	  2.2	  0.2	0.301	84.578	84.578
69	  F	  2.0	  0.2	0.127	78.409	78.409
70	  G	  1.2	  0.2	0.222	43.977	43.977
71	  F	  3.8	  0.2	0.222	41.183	41.183
72	  S	  4.4	  0.0	0.222	7.609	7.609
73	  I	  6.5	  0.0	0.222	6.085	6.085
74	  K	  3.3	  0.0	0.222	0.000	0.000
75	  R	  2.4	  0.0	0.222	0.000	0.000
76	  N	  0.2	  0.2	0.222	0.000	0.000
77	  P	  0.0	  0.2	0.000	0.249	0.249
78	  F	  3.5	  0.2	0.000	66.557	66.557
79	  S	  3.8	  0.2	0.000	71.235	71.235
80	  I	  4.9	  0.0	0.000	78.325	78.325
81	  Y	  2.4	  0.0	0.000	78.920	78.920
82	  F	  2.7	  0.0	0.000	78.987	78.987
83	  L	  2.8	  0.0	0.000	70.314	70.314
84	  H	  2.0	  0.0	0.000	19.281	19.281
85	  L	  1.5	  0.2	0.000	17.918	17.918
86	  A	  0.6	  0.2	0.000	8.792	8.792
87	  S	  0.7	  2.2	0.000	1.131	1.131
88	  A	  0.7	  2.2	0.000	1.979	1.979
89	  D	  0.5	  2.2	0.000	3.359	3.359
90	  V	  0.3	  2.2	0.000	31.235	31.235
91	  G	  0.2	  0.2	0.000	31.463	31.463
92	  Y	  0.9	  0.2	0.000	31.463	31.463
93	  L	  1.4	  0.0	0.000	31.463	31.463
94	  F	  3.6	  0.1	0.000	31.463	31.463
95	  S	  3.0	  0.1	0.000	6.253	6.253
96	  K	  2.6	  0.1	0.000	3.359	3.359
97	  A	  0.9	  0.1	0.000	19.358	19.358
98	  V	  5.4	  0.0	0.000	36.286	36.286
99	  F	  8.5	  0.0	0.000	36.386	36.386
100	  S	  8.3	  0.0	0.000	36.032	36.032
101	  I	  4.3	  0.0	0.000	36.032	36.032
102	  L	  1.2	  0.1	0.000	33.459	33.459
103	  N	  0.9	  0.2	0.000	4.952	4.952
104	  T	  0.3	  0.4	0.000	3.809	3.809
105	  G	  0.0	  0.4	0.000	3.206	3.206
106	  G	  0.0	  0.3	0.000	3.206	3.206
107	  F	  0.4	  0.1	0.000	4.844	4.844
108	  L	  0.4	  0.4	0.000	4.844	4.844
109	  G	  0.5	  0.4	0.000	4.522	4.522
110	  T	  3.8	  0.4	0.367	4.522	4.522
111	  F	  4.1	  0.8	0.367	4.522	4.522
112	  A	  4.0	  0.4	0.367	2.061	2.061
113	  D	  0.8	  0.4	0.367	0.000	0.000
114	  Y	  1.8	  0.4	0.367	0.000	0.000
115	  I	  3.3	  0.0	0.367	0.000	0.000
116	  R	  3.6	  0.0	0.367	0.000	0.000
117	  S	  3.2	  0.0	0.177	0.000	0.000
118	  V	  2.3	  0.0	0.000	0.000	0.000
119	  C	  3.9	  0.0	0.000	0.000	0.000
120	  R	  4.7	  0.0	0.000	0.000	0.000
121	  V	  4.7	  0.0	0.000	22.207	22.207
122	  L	  2.4	  0.0	0.000	23.731	23.731
123	  G	  0.7	  0.0	0.000	24.445	24.445
124	  L	  1.4	  0.0	0.000	32.774	32.774
125	  C	  1.9	  0.0	0.000	33.680	33.680
126	  M	  2.9	  0.0	0.000	36.674	36.674
127	  F	  2.0	  0.0	0.000	39.152	39.152
128	  L	  1.5	  0.1	0.000	37.796	37.796
129	  T	  0.6	  0.1	0.000	26.661	26.661
130	  G	  0.2	  0.1	0.000	19.711	19.711
131	  V	  5.0	  0.1	0.000	19.019	19.019
132	  S	  5.4	  0.0	0.000	8.583	8.583
133	  L	  5.4	  0.0	0.000	7.394	7.394
134	  L	  0.6	  0.0	0.000	0.240	0.240
135	  P	  0.1	  0.0	0.000	0.122	0.122
136	  A	  0.6	  0.0	0.000	0.000	0.000
137	  V	  2.7	  0.0	0.000	0.000	0.000
138	  S	  3.1	  0.0	0.490	0.000	0.000
139	  A	  2.6	  0.1	0.490	0.000	0.000
140	  E	  0.8	  0.1	0.490	0.000	0.000
141	  R	  0.8	  0.1	0.490	0.000	0.000
142	  C	  1.6	  0.4	0.490	0.430	0.430
143	  A	  1.7	  0.3	0.490	0.430	0.430
144	  S	  2.5	  0.3	0.357	0.430	0.430
145	  V	  5.3	  0.3	0.000	0.430	0.430
146	  I	  4.9	  0.0	0.000	0.430	0.430
147	  F	  3.8	  0.0	0.000	0.000	0.000
148	  P	  0.1	  0.0	0.000	0.000	0.000
149	  A	  0.2	  0.0	0.000	0.000	0.000
150	  W	  0.9	  0.0	0.000	0.000	0.000
151	  Y	  2.4	  0.0	0.000	0.000	0.000
152	  W	  3.3	  0.0	0.000	0.000	0.000
153	  R	  3.5	  0.0	0.000	0.000	0.000
154	  R	  2.1	  0.0	0.000	0.000	0.000
155	  R	  0.9	  0.2	0.000	0.000	0.000
156	  P	  0.1	  0.2	0.000	0.000	0.000
157	  K	  0.2	  0.2	0.000	0.000	0.000
158	  R	  0.6	  0.2	0.000	0.000	0.000
159	  L	  1.2	  0.1	0.000	2.702	2.702
160	  S	  1.3	  0.0	4.935	4.464	4.464
161	  A	  1.6	  0.0	4.935	42.998	42.998
162	  V	  3.4	  0.0	5.266	88.798	88.798
163	  V	  3.9	  0.0	5.505	92.751	92.751
164	  C	  3.8	  0.0	5.505	93.151	93.151
165	  A	  1.6	  0.0	5.505	94.094	94.094
166	  L	  1.3	  0.0	5.505	96.100	96.100
167	  L	  1.1	  0.0	5.505	98.652	98.652
168	  W	  1.8	  0.0	5.283	99.907	99.907
169	  V	  4.2	  0.0	4.803	99.968	99.968
170	  L	  5.3	  0.0	4.680	99.828	99.828
171	  S	  4.6	  0.0	4.194	99.029	99.029
172	  L	  2.6	  0.0	2.936	98.939	98.939
173	  L	  1.3	  0.0	1.820	98.398	98.398
174	  V	  8.2	  0.0	1.351	95.437	95.437
175	  T	  9.4	  0.0	1.137	62.635	62.635
176	  C	 10.2	  0.0	1.030	43.120	43.120
177	  L	  3.4	  0.1	0.836	38.934	38.934
178	  H	  1.8	  0.1	0.466	16.899	16.899
179	  N	  2.3	  0.1	0.123	5.486	5.486
180	  Y	  6.7	  0.1	0.000	5.242	5.242
181	  F	  8.7	  0.0	0.000	5.150	5.150
182	  C	  7.8	  0.0	0.000	4.701	4.701
183	  V	  6.6	  0.0	0.000	4.543	4.543
184	  F	  4.5	  0.1	0.000	3.441	3.441
185	  L	  3.7	  0.4	0.000	0.860	0.860
186	  G	  0.4	  0.7	0.000	0.006	0.006
187	  R	  0.1	  0.7	0.000	0.000	0.000
188	  G	  0.1	  0.5	0.000	0.000	0.000
189	  A	  0.1	  1.7	0.000	0.000	0.000
190	  P	  0.0	  1.5	0.000	0.000	0.000
191	  G	  0.0	  1.5	0.296	0.000	0.000
192	  A	  0.1	  1.5	0.296	0.006	0.006
193	  A	  0.2	  0.1	0.296	0.012	0.012
194	  C	  1.3	  0.1	0.489	0.019	0.019
195	  R	  1.7	  0.1	0.703	0.024	0.024
196	  H	  2.1	  0.3	1.592	0.024	0.024
197	  M	  3.3	  0.3	1.663	0.024	0.024
198	  D	  3.7	  0.2	8.857	0.024	0.024
199	  I	  4.0	  0.2	10.618	86.200	86.200
200	  F	  2.1	  0.1	21.480	94.086	94.086
201	  L	  1.3	  0.1	22.037	95.849	95.849
202	  G	  0.4	  0.1	28.633	96.171	96.171
203	  I	  2.2	  0.1	29.142	99.656	99.656
204	  L	  2.4	  0.0	29.610	99.924	99.924
205	  L	  2.9	  0.0	29.749	99.895	99.895
206	  F	  1.3	  0.0	29.749	99.685	99.685
207	  L	  1.8	  0.0	28.972	97.107	97.107
208	  L	  6.7	  0.0	28.777	83.548	83.548
209	  C	  6.9	  0.0	28.292	14.585	14.585
210	  C	  6.1	  0.2	26.503	0.036	0.036
211	  P	  0.7	  0.2	0.000	0.015	0.015
212	  L	  0.7	  0.2	0.000	0.041	0.041
213	  M	  5.6	  0.2	0.000	0.041	0.041
214	  V	  6.0	  0.0	0.000	0.041	0.041
215	  L	  5.4	  0.0	0.000	0.041	0.041
216	  P	  0.5	  0.0	0.522	0.217	0.217
217	  C	  2.2	  0.0	2.434	16.570	16.570
218	  L	  2.5	  0.0	2.434	53.970	53.970
219	  A	  2.8	  0.0	2.434	54.164	54.164
220	  L	  1.8	  0.0	2.434	54.411	54.411
221	  I	  2.1	  0.0	2.434	54.411	54.411
222	  L	  2.9	  0.0	2.434	53.007	53.007
223	  H	  3.6	  0.0	3.871	9.031	9.031
224	  V	  6.4	  0.0	4.056	8.315	8.315
225	  E	  5.6	  0.0	5.069	0.000	0.000
226	  C	  5.9	  0.1	5.717	0.000	0.000
227	  R	  2.7	  0.1	5.717	0.000	0.000
228	  A	  2.5	  0.1	5.307	0.000	0.000
229	  R	  0.7	  0.1	5.307	0.000	0.000
230	  R	  1.0	  0.1	4.297	0.000	0.000
231	  R	  1.3	  0.1	3.102	0.000	0.000
232	  Q	  1.2	  0.2	1.614	0.000	0.000
233	  R	  0.9	  0.2	0.109	0.000	0.000
234	  S	  0.7	  0.1	0.111	0.000	0.000
235	  A	  0.7	  0.1	0.111	0.000	0.000
236	  K	  1.2	  0.1	0.111	0.000	0.000
237	  L	  1.4	  0.1	0.111	0.025	0.025
238	  N	  1.3	  0.1	0.273	0.043	0.043
239	  H	  4.0	  0.0	0.273	1.317	1.317
240	  V	 11.0	  0.0	0.162	90.838	90.838
241	  I	 11.5	  0.0	0.162	98.445	98.445
242	  L	  8.5	  0.0	0.162	99.167	99.167
243	  A	  1.4	  0.0	0.162	99.300	99.300
244	  M	  1.4	  0.0	0.162	99.456	99.456
245	  V	  9.7	  0.0	0.000	99.592	99.592
246	  S	 10.3	  0.0	0.000	99.591	99.591
247	  V	 12.8	  0.0	0.000	99.671	99.671
248	  F	  5.2	  0.0	0.000	99.663	99.663
249	  L	  5.0	  0.0	0.000	99.438	99.438
250	  V	  3.0	  0.0	0.000	98.203	98.203
251	  S	  2.2	  0.0	0.000	83.663	83.663
252	  S	  1.8	  0.0	0.000	81.858	81.858
253	  I	  1.8	  0.0	0.000	81.630	81.630
254	  Y	  2.1	  0.1	0.000	79.134	79.134
255	  L	  1.9	  0.2	0.000	70.661	70.661
256	  G	  0.7	  0.2	1.303	24.466	24.466
257	  I	  3.0	  0.2	1.303	22.362	22.362
258	  D	  3.5	  0.1	3.328	0.009	0.009
259	  W	  3.9	  0.0	3.328	5.495	5.495
260	  F	  2.0	  0.0	3.328	24.001	24.001
261	  L	  1.7	  0.0	3.328	27.841	27.841
262	  F	  2.0	  0.0	3.328	27.871	27.871
263	  W	  2.3	  0.0	3.328	27.870	27.870
264	  V	  6.0	  0.0	3.328	27.837	27.837
265	  F	 11.5	  0.0	3.328	26.097	26.097
266	  Q	 10.7	  0.0	2.013	1.141	1.141
267	  I	  6.8	  0.0	0.724	0.137	0.137
268	  P	  0.2	  0.0	0.000	0.062	0.062
269	  A	  0.0	  0.0	0.000	0.000	0.000
270	  P	  0.0	  0.0	0.000	0.000	0.000
271	  F	  0.0	  0.2	0.000	0.000	0.000
272	  P	  0.0	  0.2	0.000	0.000	0.000
273	  E	  0.1	  0.2	0.000	0.000	0.000
274	  Y	  1.0	  0.2	0.000	0.000	0.000
275	  V	  2.6	  0.0	0.000	0.000	0.000
276	  T	  2.6	  0.1	0.000	0.000	0.000
277	  D	  1.8	  0.1	0.000	0.000	0.000
278	  L	  1.8	  0.1	0.000	0.541	0.541
279	  C	  3.4	  0.0	0.000	0.541	0.541
280	  I	  5.0	  0.0	0.000	0.541	0.541
281	  C	  7.3	  0.0	0.000	0.541	0.541
282	  I	  6.7	  0.0	0.000	0.541	0.541
283	  N	  5.1	  1.2	0.000	0.000	0.000
284	  S	  1.3	  1.2	0.000	0.000	0.000
285	  S	  0.6	  1.2	0.000	0.000	0.000
286	  A	  0.6	  1.2	0.000	0.000	0.000
287	  K	  0.5	  0.0	0.000	0.000	0.000
288	  P	  0.0	  0.0	0.000	1.140	1.140
289	  I	  5.2	  0.0	0.000	84.172	84.172
290	  V	  7.3	  0.0	0.000	91.244	91.244
291	  Y	  8.3	  0.0	0.000	91.486	91.486
292	  F	  3.8	  0.0	0.000	91.486	91.486
293	  L	  1.7	  0.4	0.000	91.363	91.363
294	  A	  0.7	  0.6	0.000	35.930	35.930
295	  G	  0.1	  0.9	0.140	14.562	14.562
296	  R	  0.1	  0.9	0.140	0.000	0.000
297	  D	  0.1	  1.9	0.140	0.000	0.000
298	  K	  0.3	  1.7	0.140	0.000	0.000
299	  S	  1.0	  1.5	0.353	0.000	0.000
300	  Q	  1.3	  1.5	0.353	0.000	0.000
301	  R	  1.6	  0.1	0.214	0.000	0.000
302	  L	  1.1	  0.1	0.214	0.000	0.000
303	  W	  1.2	  0.0	0.214	0.000	0.000
304	  E	  0.6	  0.0	0.323	0.000	0.000
305	  P	  0.4	  0.0	0.109	0.000	0.000
306	  L	  2.1	  0.0	0.109	0.000	0.000
307	  R	  4.2	  0.0	0.109	0.000	0.000
308	  V	  7.8	  0.0	0.109	0.000	0.000
309	  V	  9.9	  0.0	0.109	0.000	0.000
310	  F	  9.7	  0.0	0.109	0.000	0.000
311	  Q	  6.2	  0.1	0.109	0.000	0.000
312	  R	  2.2	  0.1	0.000	0.000	0.000
313	  A	  0.5	  0.1	0.000	0.000	0.000
314	  L	  0.6	  0.6	0.000	0.000	0.000
315	  R	  0.5	  0.8	0.000	0.000	0.000
316	  D	  0.2	  0.9	0.000	0.000	0.000
317	  G	  0.0	  0.9	0.129	0.000	0.000
318	  A	  0.1	  0.5	0.129	0.000	0.000
319	  E	  0.1	  0.2	0.129	0.000	0.000
320	  L	  0.1	  0.2	0.129	0.000	0.000
321	  G	  0.1	  0.4	0.129	0.000	0.000
322	  E	  0.1	  0.4	0.129	0.000	0.000
323	  A	  0.1	  0.6	0.000	0.000	0.000
324	  G	  0.0	  1.4	0.000	0.000	0.000
325	  G	  0.1	  1.2	0.000	0.000	0.000
326	  S	  0.1	  1.1	0.000	0.000	0.000
327	  T	  0.1	  1.4	0.000	0.000	0.000
328	  P	  0.1	  0.6	0.000	0.000	0.000
329	  N	  0.9	  0.6	0.319	0.000	0.000
330	  T	 11.6	  0.6	0.319	0.000	0.000
331	  V	 18.4	  0.0	0.319	0.000	0.000
332	  T	 18.6	  0.0	0.540	0.000	0.000
333	  M	  9.1	  0.0	0.540	0.000	0.000
334	  E	  2.2	  0.0	0.540	0.000	0.000
335	  M	  3.9	  0.0	0.540	0.000	0.000
336	  Q	  3.2	  0.0	0.540	0.000	0.000
337	  C	  2.9	  0.0	0.396	0.000	0.000
338	  P	  0.0	  0.9	0.000	0.000	0.000
339	  P	  0.0	  1.4	0.000	0.000	0.000
340	  G	  0.0	  1.4	0.000	0.000	0.000
341	  N	  0.1	  1.4	0.000	0.000	0.000
342	  A	  0.1	  0.5	0.000	0.000	0.000
343	  S	  0.1	  0.0	0.000	0.000	0.000
