res	aa	Beta	Turn	Helix	Aggregation	Conc-Stab_Aggregation
01	  M	  0.2	  0.0	0.000	0.000	0.000
02	  G	  0.3	  0.0	0.000	0.000	0.000
03	  V	  2.6	  0.0	0.000	0.000	0.000
04	  K	  2.5	  0.0	0.000	0.000	0.000
05	  A	  2.7	  0.1	0.000	0.008	0.008
06	  S	  0.7	  0.3	0.000	0.017	0.017
07	  Q	  0.5	  0.4	0.000	0.188	0.188
08	  T	  0.4	  0.4	0.000	4.548	4.548
09	  G	  0.1	  0.3	0.361	11.873	11.873
10	  F	  2.1	  0.1	0.542	93.069	93.069
11	  V	  9.4	  0.0	0.743	99.504	99.504
12	  V	 15.3	  0.0	0.892	99.964	99.964
13	  L	 15.1	  0.0	0.892	99.964	99.964
14	  V	 11.1	  0.0	0.892	99.936	99.936
15	  L	  5.1	  0.0	0.892	97.309	97.309
16	  L	  4.5	  0.0	0.892	81.947	81.947
17	  Q	  3.2	  0.0	0.892	3.618	3.618
18	  C	 11.7	  0.0	0.000	0.768	0.768
19	  C	 14.0	  0.1	0.000	0.167	0.167
20	  S	 12.5	  0.1	0.811	0.041	0.041
21	  A	  4.7	  0.1	0.811	0.025	0.025
22	  Y	  1.7	  0.1	0.811	0.020	0.020
23	  K	  2.0	  0.1	0.811	0.004	0.004
24	  L	  3.1	  0.1	0.811	6.428	6.428
25	  V	  2.9	  0.1	0.811	7.394	7.394
26	  C	  3.2	  0.0	0.811	7.550	7.550
27	  Y	  2.9	  0.0	0.690	8.294	8.294
28	  Y	  4.4	  0.0	0.429	8.292	8.292
29	  T	  4.8	  0.0	0.000	6.335	6.335
30	  S	 18.6	  0.2	0.000	4.882	4.882
31	  W	 17.1	  0.2	0.000	4.738	4.738
32	  S	 16.3	  0.2	0.000	0.461	0.461
33	  Q	  3.5	  0.2	0.000	0.119	0.119
34	  Y	  2.6	  0.2	0.000	0.119	0.119
35	  R	  2.2	  0.5	0.000	0.000	0.000
36	  E	  0.5	  3.5	0.000	0.000	0.000
37	  G	  0.0	  3.9	0.000	0.000	0.000
38	  D	  0.0	  4.0	0.000	0.000	0.000
39	  G	  0.1	  3.7	0.000	0.000	0.000
40	  S	  4.3	  0.7	0.000	0.000	0.000
41	  C	  4.5	  0.3	0.000	0.000	0.000
42	  F	  4.5	  1.1	0.000	0.000	0.000
43	  P	  0.3	  1.1	0.000	0.000	0.000
44	  D	  0.0	  1.3	0.474	0.000	0.000
45	  A	  0.1	  1.3	0.474	0.000	0.000
46	  L	  0.2	  0.3	0.474	0.000	0.000
47	  D	  0.2	  0.3	0.474	0.000	0.000
48	  R	  0.7	  0.1	0.474	0.000	0.000
49	  F	  2.4	  0.1	0.474	78.693	78.693
50	  L	  2.6	  0.0	0.000	79.628	79.628
51	  C	  4.2	  0.0	0.000	80.039	80.039
52	  T	  4.4	  0.0	0.000	80.170	80.170
53	  H	 13.3	  0.0	0.000	80.341	80.341
54	  I	 13.0	  0.0	0.000	88.712	88.712
55	  I	 11.9	  0.0	0.000	88.777	88.777
56	  Y	  8.7	  0.0	0.000	84.946	84.946
57	  S	  7.2	  0.0	0.000	68.275	68.275
58	  F	  6.5	  0.6	0.000	66.222	66.222
59	  A	  1.0	  0.5	0.000	37.075	37.075
60	  N	  1.6	  0.8	0.000	12.147	12.147
61	  I	  1.4	  0.9	0.000	11.205	11.205
62	  S	  1.2	  0.9	0.000	0.597	0.597
63	  N	  0.1	  0.9	0.000	0.016	0.016
64	  D	  0.3	  0.6	0.000	0.000	0.000
65	  H	  5.3	  0.6	0.000	0.000	0.000
66	  I	  6.7	  0.1	0.000	0.000	0.000
67	  D	  7.7	  0.1	0.000	0.000	0.000
68	  T	  9.9	  0.1	0.000	0.000	0.000
69	  W	 10.4	  0.0	0.000	0.000	0.000
70	  E	 10.4	  0.0	0.000	0.000	0.000
71	  W	  3.6	  0.1	0.000	0.000	0.000
72	  N	  1.8	  0.1	2.900	0.000	0.000
73	  D	  1.3	  0.1	2.900	0.000	0.000
74	  V	  8.1	  0.1	2.900	3.703	3.703
75	  T	  9.1	  0.0	4.139	3.952	3.952
76	  L	  8.2	  0.0	4.139	4.541	4.541
77	  Y	  1.5	  0.0	4.139	4.541	4.541
78	  G	  0.3	  0.0	3.105	4.541	4.541
79	  M	  0.7	  0.1	2.432	4.298	4.298
80	  L	  0.8	  0.1	2.079	4.022	4.022
81	  N	  0.9	  0.1	2.207	1.801	1.801
82	  T	  3.5	  0.1	2.599	1.801	1.801
83	  L	  3.4	  0.2	2.599	1.541	1.541
84	  K	  3.4	  0.2	2.489	0.000	0.000
85	  N	  0.2	  0.2	0.827	0.000	0.000
86	  R	  0.1	  0.2	0.520	0.000	0.000
87	  N	  0.0	  3.4	0.392	0.000	0.000
88	  P	  0.0	  3.4	0.000	0.000	0.000
89	  N	  0.3	  3.4	2.694	0.000	0.000
90	  L	  0.4	  3.4	2.694	0.000	0.000
91	  K	  0.7	  0.1	2.694	0.000	0.000
92	  T	  1.1	  0.1	2.694	0.546	0.546
93	  L	  1.4	  0.1	2.694	0.546	0.546
94	  L	  3.1	  0.0	2.694	0.546	0.546
95	  S	  2.7	  0.1	2.108	0.546	0.546
96	  V	  2.3	  1.5	0.812	0.546	0.546
97	  G	  0.4	  1.5	0.693	0.000	0.000
98	  G	  0.1	  1.5	0.279	0.000	0.000
99	  W	  2.1	  1.3	0.000	0.000	0.000
100	  N	  2.1	  0.5	0.000	0.000	0.000
101	  F	  2.2	  1.2	0.000	0.000	0.000
102	  G	  0.2	  1.3	0.000	0.000	0.000
103	  S	  0.9	  1.3	0.000	0.000	0.000
104	  Q	  1.5	  0.9	0.000	0.000	0.000
105	  R	  2.6	  0.2	0.000	0.000	0.000
106	  F	  4.1	  0.2	0.000	0.000	0.000
107	  S	  3.7	  0.1	0.132	0.000	0.000
108	  K	  4.0	  0.1	0.132	0.000	0.000
109	  I	  2.9	  0.2	0.132	0.000	0.000
110	  A	  2.5	  0.3	0.132	0.000	0.000
111	  S	  1.2	  0.3	0.132	0.000	0.000
112	  N	  0.4	  0.3	0.132	0.000	0.000
113	  T	  2.7	  0.3	0.000	0.000	0.000
114	  Q	  2.8	  0.2	0.000	0.000	0.000
115	  S	  2.9	  0.2	0.000	0.000	0.000
116	  R	  0.9	  0.2	0.000	0.000	0.000
117	  R	  2.1	  0.1	0.000	0.000	0.000
118	  T	  4.1	  0.1	0.000	0.000	0.000
119	  F	  5.1	  0.1	0.000	0.000	0.000
120	  I	  5.1	  0.0	0.000	0.000	0.000
121	  K	  3.5	  0.0	0.000	0.000	0.000
122	  S	  2.2	  0.0	0.000	0.000	0.000
123	  V	  0.8	  0.0	0.000	0.000	0.000
124	  P	  0.0	  0.0	0.000	0.000	0.000
125	  P	  0.0	  0.0	0.000	0.000	0.000
126	  F	  1.1	  0.0	0.000	0.000	0.000
127	  L	  1.3	  0.0	0.000	0.000	0.000
128	  R	  1.6	  0.1	0.000	0.000	0.000
129	  T	  0.7	  0.3	0.000	0.000	0.000
130	  H	  0.6	  0.3	0.000	0.000	0.000
131	  G	  0.4	  0.4	0.000	0.000	0.000
132	  F	  0.6	  1.1	0.000	0.000	0.000
133	  D	  0.5	  1.0	0.937	0.000	0.000
134	  G	  0.4	  1.1	2.057	0.000	0.000
135	  L	  1.1	  0.9	2.177	0.000	0.000
136	  D	  1.1	  0.2	6.563	0.000	0.000
137	  L	  1.2	  0.2	6.563	0.601	0.601
138	  A	  0.4	  0.0	6.563	0.601	0.601
139	  W	  1.1	  0.0	6.563	0.601	0.601
140	  L	  0.9	  0.0	6.211	0.601	0.601
141	  Y	  0.7	  1.7	6.079	0.601	0.601
142	  P	  0.1	  1.8	0.000	0.601	0.601
143	  G	  0.0	  1.9	0.136	0.000	0.000
144	  R	  0.6	  2.3	0.136	0.000	0.000
145	  R	  0.6	  0.6	0.136	0.000	0.000
146	  D	  0.6	  0.6	0.136	0.000	0.000
147	  K	  0.2	  0.6	0.136	0.000	0.000
148	  Q	  1.7	  0.3	0.136	0.000	0.000
149	  H	  5.0	  0.2	0.000	0.000	0.000
150	  F	  6.5	  0.1	0.000	28.048	28.048
151	  T	  5.8	  0.1	0.415	28.048	28.048
152	  T	  3.0	  0.1	0.928	28.048	28.048
153	  L	  1.8	  0.1	0.928	28.048	28.048
154	  I	  1.7	  0.0	0.928	28.048	28.048
155	  K	  1.2	  0.0	0.928	0.000	0.000
156	  E	  2.4	  0.0	1.093	0.000	0.000
157	  M	  2.0	  0.0	0.979	0.149	0.149
158	  K	  2.2	  0.0	0.518	0.149	0.149
159	  A	  0.8	  0.0	0.164	0.149	0.149
160	  E	  0.5	  0.0	0.164	0.149	0.149
161	  F	  1.5	  0.0	0.290	0.149	0.149
162	  I	  2.2	  0.0	0.126	0.149	0.149
163	  K	  2.2	  0.1	0.126	0.000	0.000
164	  E	  1.2	  0.1	0.126	0.000	0.000
165	  A	  0.4	  0.1	0.126	0.000	0.000
166	  Q	  0.3	  1.7	0.126	0.000	0.000
167	  P	  0.0	  1.8	0.000	0.000	0.000
168	  G	  0.0	  1.8	0.132	0.000	0.000
169	  K	  0.1	  1.9	0.132	0.000	0.000
170	  K	  0.2	  0.2	0.132	0.000	0.000
171	  Q	  0.8	  0.1	0.132	0.000	0.000
172	  L	  1.7	  0.1	0.132	2.602	2.602
173	  L	  2.0	  0.0	0.282	3.613	3.613
174	  L	  2.1	  0.0	0.282	3.769	3.769
175	  S	  1.2	  0.0	0.928	3.769	3.769
176	  A	  0.9	  0.0	0.796	3.769	3.769
177	  A	  0.5	  0.0	0.796	3.397	3.397
178	  L	  1.0	  0.1	0.796	2.928	2.928
179	  S	  1.0	  0.8	0.796	0.212	0.212
180	  A	  0.7	  0.8	0.646	0.000	0.000
181	  G	  0.1	  0.8	0.402	0.000	0.000
182	  K	  5.2	  0.8	0.172	0.000	0.000
183	  V	 14.4	  0.0	0.000	0.000	0.000
184	  T	 18.1	  0.0	0.000	0.000	0.000
185	  I	 13.9	  0.1	0.000	0.000	0.000
186	  D	  4.6	  0.7	0.000	0.000	0.000
187	  S	  0.9	  0.7	0.000	0.000	0.000
188	  S	  7.6	  1.0	0.257	0.000	0.000
189	  Y	 10.6	  0.9	0.257	0.000	0.000
190	  D	 10.5	  0.3	1.786	0.000	0.000
191	  I	  4.0	  0.3	1.786	0.000	0.000
192	  A	  1.0	  0.0	1.786	0.000	0.000
193	  K	  1.6	  0.0	1.786	0.000	0.000
194	  I	  2.2	  0.0	1.643	0.000	0.000
195	  S	  2.2	  0.1	1.643	0.000	0.000
196	  Q	  1.8	  0.1	0.687	0.000	0.000
197	  H	  1.4	  0.4	0.190	0.000	0.000
198	  L	  2.2	  0.4	0.000	0.000	0.000
199	  D	  2.4	  0.3	0.111	0.000	0.000
200	  F	  2.6	  0.3	0.111	8.361	8.361
201	  I	  3.8	  0.0	0.111	8.620	8.620
202	  S	  3.6	  0.0	0.304	8.620	8.620
203	  I	  4.5	  0.0	0.304	8.620	8.620
204	  M	  6.5	  0.0	0.304	8.620	8.620
205	  T	 13.4	  0.1	0.194	4.358	4.358
206	  Y	 13.7	  0.1	0.194	3.433	3.433
207	  D	  9.5	  0.1	0.194	0.000	0.000
208	  F	  3.4	  0.5	0.000	0.000	0.000
209	  H	  1.1	  0.5	0.000	0.000	0.000
210	  G	  1.0	  0.5	0.000	0.000	0.000
211	  A	  0.4	  0.5	0.000	0.000	0.000
212	  W	  0.5	  0.1	0.000	0.000	0.000
213	  R	  0.6	  0.2	0.000	0.000	0.000
214	  G	  0.3	  0.3	0.000	0.000	0.000
215	  T	  0.2	  0.5	0.000	0.000	0.000
216	  T	  0.2	  0.5	0.000	0.000	0.000
217	  G	  0.2	  0.4	0.000	0.000	0.000
218	  H	  0.6	  0.3	0.000	0.000	0.000
219	  H	  0.5	  0.2	0.000	0.000	0.000
220	  S	  0.5	  0.3	0.000	0.000	0.000
221	  P	  0.0	  0.3	0.000	0.000	0.000
222	  L	  0.2	  0.3	0.000	0.000	0.000
223	  F	  1.6	  0.5	0.000	0.000	0.000
224	  R	  1.6	  0.3	0.000	0.000	0.000
225	  G	  1.5	  0.4	0.000	0.000	0.000
226	  Q	  0.1	  0.6	0.000	0.000	0.000
227	  E	  0.0	  0.3	0.000	0.000	0.000
228	  D	  0.1	  0.3	0.000	0.000	0.000
229	  A	  0.1	  0.3	0.000	0.000	0.000
230	  S	  0.1	  6.1	0.000	0.000	0.000
231	  P	  0.0	  6.2	0.000	0.000	0.000
232	  D	  0.1	  6.2	0.000	0.000	0.000
233	  R	  1.1	  6.2	0.000	0.000	0.000
234	  F	  1.4	  0.2	0.000	0.000	0.000
235	  S	  1.4	  0.2	0.000	0.000	0.000
236	  N	  0.5	  0.6	0.000	0.000	0.000
237	  T	  0.6	  0.6	0.000	0.000	0.000
238	  D	  0.6	  0.4	0.443	0.000	0.000
239	  Y	  1.7	  0.4	0.443	11.105	11.105
240	  A	  1.5	  0.0	1.084	14.276	14.276
241	  V	  1.5	  0.0	1.084	14.714	14.714
242	  G	  0.3	  0.0	2.286	14.714	14.714
243	  Y	  1.0	  0.0	2.286	14.714	14.714
244	  M	  1.1	  0.0	2.286	14.516	14.516
245	  L	  2.6	  0.1	2.139	12.337	12.337
246	  R	  1.9	  0.1	2.139	0.000	0.000
247	  L	  1.8	  0.1	2.139	0.000	0.000
248	  G	  0.2	  0.1	1.749	0.000	0.000
249	  A	  0.1	  0.0	0.315	0.000	0.000
250	  P	  0.0	  0.2	0.000	0.000	0.000
251	  A	  0.2	  0.3	0.000	0.000	0.000
252	  S	  0.4	  0.3	0.000	0.000	0.000
253	  K	  1.0	  0.3	0.000	0.000	0.000
254	  L	  3.0	  0.1	0.000	0.000	0.000
255	  V	  4.1	  0.1	0.000	0.000	0.000
256	  M	  4.3	  0.0	0.000	0.000	0.000
257	  G	  2.1	  0.0	0.000	0.000	0.000
258	  I	  0.8	  0.3	0.000	0.000	0.000
259	  P	  0.0	  0.3	0.000	0.000	0.000
260	  T	  1.0	  0.5	0.000	0.000	0.000
261	  F	  1.1	  1.1	0.000	0.000	0.000
262	  G	  1.1	  0.9	0.000	0.000	0.000
263	  R	  1.8	  0.9	0.000	0.000	0.000
264	  S	  9.3	  0.7	0.000	0.000	0.000
265	  F	 13.7	  0.1	0.000	0.697	0.697
266	  T	 12.6	  0.0	0.000	0.697	0.697
267	  L	  5.2	  0.1	0.000	0.697	0.697
268	  A	  0.7	  0.2	0.000	0.697	0.697
269	  S	  0.4	  0.3	0.000	0.697	0.697
270	  S	  0.3	  0.7	0.000	0.000	0.000
271	  E	  0.2	  0.7	0.000	0.000	0.000
272	  T	  0.1	  0.6	0.000	0.000	0.000
273	  G	  0.1	  0.7	0.000	0.000	0.000
274	  V	  0.3	  0.2	0.000	0.000	0.000
275	  G	  0.3	  0.2	0.000	0.000	0.000
276	  A	  0.3	  0.2	0.000	0.000	0.000
277	  P	  0.0	  0.0	0.000	0.000	0.000
278	  I	  1.3	  0.0	0.000	0.000	0.000
279	  S	  1.3	  0.3	0.000	0.000	0.000
280	  G	  1.3	  1.5	0.000	0.000	0.000
281	  P	  0.0	  1.5	0.000	0.000	0.000
282	  G	  0.0	  1.5	0.000	0.000	0.000
283	  I	  0.0	  2.1	0.000	0.000	0.000
284	  P	  0.0	  1.1	0.000	0.000	0.000
285	  G	  0.0	  1.1	0.000	0.000	0.000
286	  R	  1.9	  1.1	0.000	0.000	0.000
287	  F	  6.2	  0.2	0.000	0.000	0.000
288	  T	  6.9	  0.1	0.000	0.000	0.000
289	  K	  5.2	  0.2	0.000	0.000	0.000
290	  E	  0.9	  0.3	0.000	0.000	0.000
291	  A	  0.2	  0.4	0.000	0.150	0.150
292	  G	  0.0	  0.4	0.000	0.150	0.150
293	  T	  0.5	  0.3	0.000	0.873	0.873
294	  L	  0.7	  0.3	0.000	0.873	0.873
295	  A	  1.0	  0.1	0.000	0.873	0.873
296	  Y	  3.0	  0.1	0.000	0.873	0.873
297	  Y	  8.2	  0.1	0.000	0.873	0.873
298	  E	  8.3	  0.0	0.000	0.000	0.000
299	  I	  6.1	  0.1	0.000	0.000	0.000
300	  C	  1.1	  0.1	0.183	0.000	0.000
301	  D	  0.6	  0.1	0.183	0.000	0.000
302	  F	  1.6	  0.1	0.183	0.000	0.000
303	  L	  1.4	  0.1	0.183	0.000	0.000
304	  R	  1.3	  0.2	0.183	0.000	0.000
305	  G	  0.3	  0.2	0.183	0.000	0.000
306	  A	  0.7	  0.2	0.000	0.000	0.000
307	  T	  6.6	  0.1	0.200	0.000	0.000
308	  V	  8.1	  0.0	0.200	0.000	0.000
309	  H	 10.0	  0.0	0.200	0.000	0.000
310	  R	  7.0	  0.0	0.200	0.000	0.000
311	  I	  6.6	  0.0	0.200	0.000	0.000
312	  L	  4.0	  0.0	0.200	0.000	0.000
313	  G	  1.1	  0.1	0.200	0.000	0.000
314	  Q	  0.4	  0.1	0.200	0.000	0.000
315	  Q	  0.5	  0.1	0.000	0.000	0.000
316	  V	  0.5	  0.1	0.000	0.000	0.000
317	  P	  0.1	  0.0	0.000	0.000	0.000
318	  Y	  0.4	  0.0	0.000	0.000	0.000
319	  A	  0.6	  0.0	0.000	0.000	0.000
320	  T	  0.7	  0.3	0.000	0.000	0.000
321	  K	  0.4	  0.7	0.000	0.000	0.000
322	  G	  0.1	  0.7	0.000	0.000	0.000
323	  N	  1.0	  0.6	0.000	0.000	0.000
324	  Q	  2.1	  0.4	0.000	0.000	0.000
325	  W	  2.2	  0.0	0.000	0.000	0.000
326	  V	  1.4	  0.0	0.000	0.000	0.000
327	  G	  0.4	  0.0	0.000	0.000	0.000
328	  Y	  0.6	  0.2	0.000	0.000	0.000
329	  D	  0.4	  0.3	0.253	0.000	0.000
330	  D	  0.4	  0.4	0.855	0.000	0.000
331	  Q	  0.2	  0.5	0.855	0.000	0.000
332	  E	  0.2	  0.3	0.855	0.000	0.000
333	  S	  1.7	  0.2	1.374	0.000	0.000
334	  V	  4.7	  0.1	1.374	0.000	0.000
335	  K	  5.1	  0.1	1.374	0.000	0.000
336	  S	  3.8	  0.1	1.038	0.000	0.000
337	  K	  2.3	  0.1	0.904	0.000	0.000
338	  V	  5.1	  0.0	0.519	0.000	0.000
339	  Q	  5.8	  0.0	0.519	0.000	0.000
340	  Y	  5.2	  0.0	0.173	0.000	0.000
341	  L	  2.1	  0.2	0.000	0.000	0.000
342	  K	  1.0	  0.2	0.000	0.000	0.000
343	  D	  0.2	  0.3	0.214	0.000	0.000
344	  R	  0.8	  0.3	0.214	0.000	0.000
345	  Q	  0.9	  0.1	0.214	0.261	0.261
346	  L	  0.9	  0.4	0.214	14.065	14.065
347	  A	  0.2	  0.5	0.214	14.513	14.513
348	  G	  0.1	  0.5	0.214	15.043	15.043
349	  A	  0.3	  0.5	0.000	19.389	19.389
350	  M	  1.7	  0.2	0.000	23.732	23.732
351	  V	  3.1	  0.0	0.000	23.732	23.732
352	  W	  3.2	  0.0	0.000	23.732	23.732
353	  A	  2.0	  0.0	0.000	22.929	22.929
354	  L	  1.6	  0.0	0.000	20.164	20.164
355	  D	  1.3	  1.9	0.000	0.000	0.000
356	  L	  1.3	  2.3	0.000	0.000	0.000
357	  D	  0.3	  2.3	0.000	0.000	0.000
358	  D	  0.7	  2.2	0.000	0.000	0.000
359	  F	  1.1	  0.8	0.000	0.000	0.000
360	  Q	  1.0	  0.7	0.000	0.000	0.000
361	  G	  0.5	  0.7	0.000	0.000	0.000
362	  S	  3.1	  0.7	0.000	0.000	0.000
363	  F	  4.7	  0.6	0.000	0.000	0.000
364	  C	  4.9	  0.3	0.147	0.000	0.000
365	  G	  1.9	  0.6	0.526	0.000	0.000
366	  Q	  0.4	  0.6	0.526	0.000	0.000
367	  D	  0.5	  0.3	0.526	0.000	0.000
368	  L	  2.7	  0.3	0.526	0.000	0.000
369	  R	  2.7	  0.0	0.526	0.000	0.000
370	  F	  2.3	  0.0	0.526	0.000	0.000
371	  P	  0.1	  0.0	0.000	0.000	0.000
372	  L	  0.3	  0.1	0.000	0.198	0.198
373	  T	  0.4	  0.1	0.000	0.198	0.198
374	  N	  0.6	  0.1	0.000	0.198	0.198
375	  A	  0.7	  0.1	0.000	0.198	0.198
376	  I	  0.9	  0.2	0.000	0.198	0.198
377	  K	  0.8	  0.2	0.000	0.000	0.000
378	  D	  0.3	  0.3	0.000	0.000	0.000
379	  A	  0.1	  0.3	0.000	0.000	0.000
380	  L	  0.2	  0.2	0.000	0.000	0.000
381	  A	  0.2	  0.2	0.000	0.000	0.000
382	  A	  0.2	  0.0	0.000	0.000	0.000
383	  T	  0.1	  0.0	0.000	0.000	0.000
