res	aa	Beta	Turn	Helix	Aggregation	Conc-Stab_Aggregation
01	  M	  0.1	  0.0	0.000	0.000	0.000
02	  A	  0.3	  0.0	0.000	0.000	0.000
03	  T	  0.8	  0.0	0.173	0.000	0.000
04	  Q	  0.8	  0.3	0.173	0.000	0.000
05	  A	  0.6	  0.3	0.173	0.000	0.000
06	  D	  0.1	  0.3	0.984	0.000	0.000
07	  L	  0.1	  0.3	0.984	0.000	0.000
08	  M	  1.0	  0.1	0.984	0.000	0.000
09	  E	  1.7	  0.1	0.811	0.000	0.000
10	  L	  2.7	  0.1	0.811	0.000	0.000
11	  D	  1.9	  0.1	0.811	0.000	0.000
12	  M	  1.6	  0.1	0.551	0.000	0.000
13	  A	  0.7	  0.0	0.377	0.000	0.000
14	  M	  0.8	  0.0	0.377	0.000	0.000
15	  E	  0.3	  0.6	0.278	0.000	0.000
16	  P	  0.1	  0.6	0.120	0.000	0.000
17	  D	  0.0	  0.7	0.817	0.000	0.000
18	  R	  0.1	  0.8	0.817	0.000	0.000
19	  K	  0.3	  0.2	0.817	0.000	0.000
20	  A	  0.4	  0.2	0.817	0.000	0.000
21	  A	  0.8	  0.0	0.817	0.000	0.000
22	  V	  3.1	  0.0	0.817	0.000	0.000
23	  S	  3.4	  0.0	0.817	0.000	0.000
24	  H	  5.3	  0.0	0.150	0.000	0.000
25	  W	  4.0	  0.0	0.000	0.000	0.000
26	  Q	  3.7	  0.1	0.000	0.000	0.000
27	  Q	  1.5	  0.1	0.000	0.000	0.000
28	  Q	  1.4	  0.1	0.000	0.000	0.000
29	  S	  1.6	  0.1	0.000	0.000	0.000
30	  Y	  2.5	  0.2	0.000	0.000	0.000
31	  L	  1.8	  0.3	0.000	0.000	0.000
32	  D	  1.3	  0.5	0.000	0.000	0.000
33	  S	  0.4	  0.7	0.000	0.000	0.000
34	  G	  0.1	  0.6	0.000	0.000	0.000
35	  I	  0.5	  0.4	0.000	0.000	0.000
36	  H	  0.5	  0.7	0.000	0.000	0.000
37	  S	  0.4	  1.2	0.000	0.000	0.000
38	  G	  0.1	  1.2	0.000	0.000	0.000
39	  A	  0.2	  1.2	0.000	0.000	0.000
40	  T	  2.0	  0.7	0.000	0.000	0.000
41	  T	  3.5	  0.0	0.000	0.000	0.000
42	  T	  3.5	  0.0	0.000	0.000	0.000
43	  A	  1.7	  0.4	0.000	0.000	0.000
44	  P	  0.2	  0.4	0.000	0.000	0.000
45	  S	  5.6	  1.5	0.000	0.000	0.000
46	  L	  5.8	  1.8	0.000	0.000	0.000
47	  S	  5.8	  1.9	0.000	0.000	0.000
48	  G	  0.2	  2.1	0.000	0.000	0.000
49	  K	  0.0	  1.0	0.000	0.000	0.000
50	  G	  0.0	  0.7	0.000	0.000	0.000
51	  N	  0.0	  0.7	0.000	0.000	0.000
52	  P	  0.0	  0.5	0.000	0.000	0.000
53	  E	  0.0	  0.5	0.000	0.000	0.000
54	  E	  0.0	  0.7	0.000	0.000	0.000
55	  E	  0.1	  0.3	0.000	0.000	0.000
56	  D	  0.8	  0.7	0.393	0.000	0.000
57	  V	  1.6	  0.7	0.393	0.000	0.000
58	  D	  1.8	  0.9	0.393	0.000	0.000
59	  T	  2.2	  0.9	0.393	0.000	0.000
60	  S	  1.5	  0.4	0.393	0.000	0.000
61	  Q	  1.8	  0.4	0.393	0.000	0.000
62	  V	  2.2	  0.1	0.000	0.000	0.000
63	  L	  2.2	  0.0	0.000	0.000	0.000
64	  Y	  5.3	  0.0	0.000	0.000	0.000
65	  E	  4.4	  0.0	0.000	0.000	0.000
66	  W	  4.8	  0.2	0.000	0.000	0.000
67	  E	  1.3	  0.4	0.000	0.000	0.000
68	  Q	  0.6	  0.4	0.000	0.000	0.000
69	  G	  0.1	  0.4	0.000	0.000	0.000
70	  F	  2.1	  0.2	0.000	0.000	0.000
71	  S	  3.6	  0.7	0.000	0.000	0.000
72	  Q	  4.4	  0.7	0.000	0.000	0.000
73	  S	 10.1	  0.7	0.000	0.000	0.000
74	  F	 12.3	  0.6	0.000	0.000	0.000
75	  T	 11.8	  0.1	0.000	0.000	0.000
76	  Q	  4.4	  0.1	0.000	0.000	0.000
77	  E	  0.5	  0.1	0.000	0.000	0.000
78	  Q	  0.3	  0.1	0.000	0.000	0.000
79	  V	  0.9	  0.2	0.000	0.000	0.000
80	  A	  1.0	  0.1	0.000	0.000	0.000
81	  D	  1.6	  2.2	0.000	0.000	0.000
82	  I	  1.6	  3.1	0.000	0.000	0.000
83	  D	  1.5	  3.0	0.478	0.000	0.000
84	  G	  0.7	  3.0	0.890	0.000	0.000
85	  Q	  0.5	  1.0	0.890	0.000	0.000
86	  Y	  1.3	  0.0	0.890	0.000	0.000
87	  A	  1.4	  0.0	0.890	0.000	0.000
88	  M	  1.2	  0.0	0.890	0.000	0.000
89	  T	  0.7	  0.0	1.541	0.000	0.000
90	  R	  0.6	  0.0	1.541	0.000	0.000
91	  A	  0.5	  0.1	1.541	0.000	0.000
92	  Q	  0.8	  0.1	1.229	0.000	0.000
93	  R	  2.4	  0.0	0.852	0.000	0.000
94	  V	  3.5	  0.0	0.991	0.000	0.000
95	  R	  3.0	  0.0	0.991	0.000	0.000
96	  A	  1.5	  0.0	0.818	0.000	0.000
97	  A	  0.6	  0.0	0.818	0.000	0.000
98	  M	  0.6	  0.0	0.632	0.000	0.000
99	  F	  0.4	  0.2	0.455	0.000	0.000
100	  P	  0.1	  0.3	0.000	0.000	0.000
101	  E	  0.0	  0.3	0.000	0.000	0.000
102	  T	  1.6	  0.3	0.000	0.000	0.000
103	  L	  1.6	  0.2	0.000	0.000	0.000
104	  D	  1.6	  0.8	0.000	0.000	0.000
105	  E	  0.0	  0.8	0.000	0.000	0.000
106	  G	  0.0	  0.8	0.000	0.000	0.000
107	  M	  3.5	  0.7	0.000	0.000	0.000
108	  Q	  3.6	  0.0	0.000	0.000	0.000
109	  I	  3.6	  0.1	0.000	0.000	0.000
110	  P	  0.1	  0.2	0.000	0.000	0.000
111	  S	  0.4	  0.3	0.000	0.000	0.000
112	  T	  2.9	  0.3	0.276	0.000	0.000
113	  Q	  4.6	  0.1	0.276	0.000	0.000
114	  F	  5.1	  0.1	0.276	0.000	0.000
115	  D	  2.6	  0.0	0.276	0.000	0.000
116	  A	  1.1	  0.0	0.276	0.000	0.000
117	  A	  0.2	  0.0	0.276	0.000	0.000
118	  H	  0.2	  0.7	0.276	0.000	0.000
119	  P	  0.0	  0.8	0.000	0.000	0.000
120	  T	  0.7	  0.8	0.000	0.000	0.000
121	  N	  2.1	  0.8	0.442	0.000	0.000
122	  V	  3.1	  0.1	0.442	0.000	0.000
123	  Q	  2.7	  0.0	0.442	0.000	0.000
124	  R	  1.5	  0.0	0.442	0.000	0.000
125	  L	  0.5	  0.0	0.442	0.000	0.000
126	  A	  0.2	  0.0	0.442	0.000	0.000
127	  E	  0.1	  0.2	0.442	0.000	0.000
128	  P	  0.0	  0.3	0.000	0.000	0.000
129	  S	  0.2	  0.3	0.590	0.000	0.000
130	  Q	  0.9	  0.3	0.590	0.000	0.000
131	  M	  1.2	  0.1	0.590	0.000	0.000
132	  L	  1.3	  0.1	0.590	0.000	0.000
133	  K	  0.7	  0.1	0.590	0.000	0.000
134	  H	  1.0	  0.1	0.590	0.000	0.000
135	  A	  1.4	  0.1	0.000	8.864	8.864
136	  V	  5.8	  0.0	0.000	24.027	24.027
137	  V	  8.6	  0.0	0.000	24.027	24.027
138	  N	  8.2	  0.0	0.112	24.027	24.027
139	  L	  4.3	  0.1	0.112	24.027	24.027
140	  I	  5.3	  0.1	0.112	23.646	23.646
141	  N	  5.8	  0.1	0.112	5.683	5.683
142	  Y	  6.6	  0.3	0.112	4.985	4.985
143	  Q	  2.4	  0.4	0.112	0.000	0.000
144	  D	  1.3	  0.4	1.343	0.000	0.000
145	  D	  0.1	  0.4	3.385	0.000	0.000
146	  A	  0.1	  0.2	3.385	0.000	0.000
147	  E	  0.2	  0.1	3.385	0.000	0.000
148	  L	  0.2	  0.0	3.385	0.000	0.000
149	  A	  0.3	  0.1	3.385	0.000	0.000
150	  T	  0.5	  0.0	3.219	0.000	0.000
151	  R	  1.0	  0.0	3.219	0.000	0.000
152	  A	  0.9	  0.0	2.174	0.000	0.000
153	  I	  0.6	  0.0	0.365	0.000	0.000
154	  P	  0.1	  0.0	0.364	0.000	0.000
155	  E	  0.6	  0.0	0.571	0.000	0.000
156	  L	  1.1	  0.1	0.571	0.000	0.000
157	  T	  2.0	  0.1	0.571	0.000	0.000
158	  K	  1.7	  0.1	0.571	0.000	0.000
159	  L	  1.6	  0.1	0.571	0.000	0.000
160	  L	  0.8	  0.1	0.439	0.000	0.000
161	  N	  0.6	  0.1	0.439	0.000	0.000
162	  D	  0.1	  3.0	0.000	0.000	0.000
163	  E	  0.0	  3.0	0.000	0.000	0.000
164	  D	  0.1	  2.9	0.475	0.000	0.000
165	  Q	  0.7	  2.9	0.475	0.144	0.144
166	  V	 12.9	  0.0	0.475	0.144	0.144
167	  V	 16.9	  0.0	0.475	0.144	0.144
168	  V	 16.7	  0.0	0.475	0.144	0.144
169	  N	  4.9	  0.1	0.854	0.144	0.144
170	  K	  0.4	  0.1	0.588	0.000	0.000
171	  A	  0.3	  0.1	0.379	2.475	2.475
172	  A	  1.1	  0.0	0.379	2.475	2.475
173	  V	  8.4	  0.0	0.379	2.475	2.475
174	  M	  9.5	  0.0	0.379	2.475	2.475
175	  V	 10.7	  0.0	0.000	2.475	2.475
176	  H	  4.1	  0.1	0.000	0.000	0.000
177	  Q	  3.4	  0.1	0.000	0.000	0.000
178	  L	  1.6	  0.1	0.000	0.000	0.000
179	  S	  1.1	  0.2	4.114	0.000	0.000
180	  K	  0.6	  0.2	4.114	0.000	0.000
181	  K	  0.5	  0.2	4.114	0.000	0.000
182	  E	  0.5	  0.1	4.114	0.000	0.000
183	  A	  0.4	  0.1	4.114	0.000	0.000
184	  S	  0.6	  0.2	4.314	0.000	0.000
185	  R	  0.6	  0.1	2.008	0.000	0.000
186	  H	  1.1	  0.1	0.989	0.000	0.000
187	  A	  1.5	  0.1	0.480	0.000	0.000
188	  I	  4.0	  0.0	0.351	0.000	0.000
189	  M	  4.6	  0.0	0.351	0.000	0.000
190	  R	  4.1	  0.0	0.000	0.000	0.000
191	  S	  1.4	  0.3	0.000	0.000	0.000
192	  P	  0.1	  0.3	0.000	0.000	0.000
193	  Q	  0.9	  0.3	0.000	0.148	0.148
194	  M	  1.8	  0.3	0.000	4.240	4.240
195	  V	  3.8	  0.0	0.000	7.547	7.547
196	  S	  3.2	  0.0	0.604	7.547	7.547
197	  A	  2.9	  0.0	0.604	7.547	7.547
198	  I	  5.6	  0.0	0.604	7.547	7.547
199	  V	  5.9	  0.0	0.604	7.226	7.226
200	  R	  5.6	  0.0	0.604	0.000	0.000
201	  T	  4.1	  0.0	0.604	0.000	0.000
202	  M	  3.7	  0.1	0.604	0.000	0.000
203	  Q	  3.6	  0.1	0.447	0.000	0.000
204	  N	  0.7	  0.8	0.112	0.000	0.000
205	  T	  0.5	  0.9	0.000	0.000	0.000
206	  N	  0.3	  0.8	0.000	0.000	0.000
207	  D	  2.6	  0.8	1.723	0.000	0.000
208	  V	  3.1	  0.1	1.723	0.000	0.000
209	  E	  3.1	  0.0	1.723	0.000	0.000
210	  T	  1.5	  0.2	1.835	0.000	0.000
211	  A	  1.0	  0.2	1.835	0.000	0.000
212	  R	  2.5	  0.1	1.835	0.000	0.000
213	  C	  7.7	  0.2	1.020	0.000	0.000
214	  T	  7.6	  0.3	0.453	0.000	0.000
215	  A	  6.1	  0.4	0.453	0.000	0.000
216	  G	  0.1	  0.4	0.453	0.000	0.000
217	  T	  1.3	  0.4	0.000	0.000	0.000
218	  L	  1.5	  0.2	0.000	0.000	0.000
219	  H	  1.7	  0.1	0.000	0.000	0.000
220	  N	  0.8	  0.6	0.000	0.000	0.000
221	  L	  1.3	  0.6	0.000	0.000	0.000
222	  S	  1.6	  0.6	0.000	0.000	0.000
223	  H	  2.0	  0.6	0.000	0.000	0.000
224	  H	  1.4	  0.4	0.000	0.000	0.000
225	  R	  0.8	  0.5	0.000	0.000	0.000
226	  E	  0.2	  0.6	0.000	0.000	0.000
227	  G	  0.0	  0.5	1.522	2.925	2.925
228	  L	  0.2	  0.3	1.522	85.230	85.230
229	  L	  0.6	  0.1	1.522	85.230	85.230
230	  A	  0.9	  0.0	1.522	85.230	85.230
231	  I	  1.1	  0.0	1.522	85.230	85.230
232	  F	  1.7	  0.4	1.522	85.009	85.009
233	  K	  1.5	  0.5	0.734	0.000	0.000
234	  S	  1.1	  0.9	0.291	0.000	0.000
235	  G	  0.1	  0.9	0.000	0.000	0.000
236	  G	  0.0	  0.5	0.000	0.000	0.000
237	  I	  0.0	  0.4	0.000	0.000	0.000
238	  P	  0.0	  0.0	0.887	0.000	0.000
239	  A	  0.3	  0.0	0.887	0.000	0.000
240	  L	  0.8	  0.0	0.887	0.000	0.000
241	  V	  8.7	  0.0	0.887	0.000	0.000
242	  K	  8.7	  0.0	0.887	0.000	0.000
243	  M	  8.3	  0.1	0.887	0.000	0.000
244	  L	  0.5	  0.1	0.702	0.000	0.000
245	  G	  0.2	  0.1	0.586	0.000	0.000
246	  S	  0.1	  0.1	0.420	0.000	0.000
247	  P	  0.0	  0.0	0.000	0.000	0.000
248	  V	  1.1	  0.0	0.000	0.000	0.000
249	  D	  1.3	  0.0	0.149	0.000	0.000
250	  S	  1.8	  0.0	0.149	8.889	8.889
251	  V	  2.4	  0.0	0.149	78.827	78.827
252	  L	  2.8	  0.0	0.149	94.731	94.731
253	  F	  3.9	  0.0	0.149	96.953	96.953
254	  Y	  3.2	  0.0	0.149	97.095	97.095
255	  A	  3.0	  0.0	0.000	96.909	96.909
256	  I	  5.1	  0.0	0.000	95.241	95.241
257	  T	  4.9	  0.0	0.000	73.239	73.239
258	  T	  5.8	  0.0	0.000	59.739	59.739
259	  L	  2.4	  0.1	0.000	51.688	51.688
260	  H	  1.7	  0.1	0.000	7.702	7.702
261	  N	  0.5	  0.1	0.144	6.824	6.824
262	  L	  1.2	  0.1	0.144	6.794	6.794
263	  L	  1.5	  0.0	0.144	6.608	6.608
264	  L	  1.6	  0.0	0.144	5.588	5.588
265	  H	  0.9	  0.3	0.263	0.011	0.011
266	  Q	  0.4	  0.6	0.396	0.000	0.000
267	  E	  0.2	  0.8	0.252	0.000	0.000
268	  G	  0.0	  0.8	0.482	0.000	0.000
269	  A	  0.3	  0.5	0.482	0.000	0.000
270	  K	  0.7	  0.2	0.482	0.000	0.000
271	  M	  1.1	  0.0	0.482	0.000	0.000
272	  A	  1.4	  0.0	0.482	0.000	0.000
273	  V	  4.9	  0.0	0.482	0.000	0.000
274	  R	  4.5	  0.0	0.482	0.000	0.000
275	  L	  4.0	  0.2	0.000	0.000	0.000
276	  A	  0.2	  0.5	0.000	0.000	0.000
277	  G	  0.0	  0.5	0.295	0.000	0.000
278	  G	  0.0	  0.5	2.562	0.000	0.000
279	  L	  0.2	  0.4	2.562	0.000	0.000
280	  Q	  0.5	  0.0	2.929	0.000	0.000
281	  K	  1.2	  0.0	3.202	0.000	0.000
282	  M	  2.1	  0.0	3.202	2.639	2.639
283	  V	  5.2	  0.0	3.202	2.639	2.639
284	  A	  4.8	  0.0	3.202	2.639	2.639
285	  L	  4.2	  0.0	3.202	2.639	2.639
286	  L	  0.9	  0.0	3.007	2.639	2.639
287	  N	  0.6	  0.2	2.522	0.000	0.000
288	  K	  0.3	  0.2	1.328	0.000	0.000
289	  T	  0.9	  0.2	0.000	0.000	0.000
290	  N	  3.3	  0.2	0.000	0.000	0.000
291	  V	  6.4	  0.0	0.000	1.786	1.786
292	  K	  6.0	  0.0	0.000	1.861	1.861
293	  F	  4.1	  0.0	0.000	49.184	49.184
294	  L	  1.2	  0.0	0.000	50.552	50.552
295	  A	  1.4	  0.0	0.000	50.552	50.552
296	  I	  4.4	  0.0	0.000	50.552	50.552
297	  T	  4.5	  0.1	0.336	50.552	50.552
298	  T	  4.4	  0.2	0.507	19.998	19.998
299	  D	  0.8	  0.2	0.680	1.861	1.861
300	  C	  2.8	  0.2	1.699	1.855	1.855
301	  L	  4.0	  0.0	1.830	2.761	2.761
302	  Q	  4.9	  0.0	1.830	2.980	2.980
303	  I	  3.4	  0.0	1.715	3.852	3.852
304	  L	  2.0	  0.2	1.715	3.852	3.852
305	  A	  1.2	  0.2	1.715	3.546	3.546
306	  Y	  0.4	  1.9	1.715	3.083	3.083
307	  G	  0.2	  1.9	0.234	0.952	0.952
308	  N	  0.2	  1.8	0.204	0.000	0.000
309	  Q	  0.2	  1.9	0.204	0.000	0.000
310	  E	  0.7	  0.2	0.204	0.000	0.000
311	  S	  0.6	  0.3	0.634	0.000	0.000
312	  K	  1.1	  0.2	0.634	0.000	0.000
313	  L	  2.2	  0.1	0.634	42.927	42.927
314	  I	  8.0	  0.0	0.634	43.858	43.858
315	  I	  8.3	  0.0	0.634	43.858	43.858
316	  L	  7.0	  0.4	0.634	43.858	43.858
317	  A	  1.1	  0.5	0.634	43.858	43.858
318	  S	  0.2	  0.5	0.514	6.014	6.014
319	  G	  0.1	  0.6	0.000	0.496	0.496
320	  G	  0.0	  0.5	0.638	0.000	0.000
321	  P	  0.0	  0.4	0.638	0.000	0.000
322	  Q	  0.2	  0.4	0.638	0.000	0.000
323	  A	  0.4	  0.3	0.638	1.090	1.090
324	  L	  1.1	  0.0	0.638	1.777	1.777
325	  V	  7.6	  0.0	0.638	1.777	1.777
326	  N	  7.5	  0.0	0.714	1.777	1.777
327	  I	  8.7	  0.0	0.446	1.777	1.777
328	  M	  2.1	  0.1	0.446	1.267	1.267
329	  R	  2.9	  0.1	0.214	0.000	0.000
330	  T	 18.1	  0.1	0.076	0.124	0.124
331	  Y	 27.8	  0.1	0.076	0.462	0.462
332	  T	 35.0	  0.0	0.176	0.462	0.462
333	  Y	 21.0	  0.1	0.176	0.596	0.596
334	  E	 10.0	  0.1	0.176	0.596	0.596
335	  K	  1.8	  0.1	0.176	0.596	0.596
336	  L	  0.6	  0.1	0.176	3.510	3.510
337	  L	  0.8	  0.0	0.176	3.510	3.510
338	  W	  1.6	  0.0	0.176	3.510	3.510
339	  T	  4.1	  0.1	0.000	3.040	3.040
340	  T	  4.5	  0.1	0.000	2.914	2.914
341	  S	  3.7	  0.1	0.274	0.322	0.322
342	  R	  2.4	  0.1	0.274	0.000	0.000
343	  V	  2.9	  0.0	0.274	0.000	0.000
344	  L	  4.4	  0.0	0.274	0.000	0.000
345	  K	  3.7	  0.0	0.274	0.000	0.000
346	  V	  5.5	  0.0	0.274	0.407	0.407
347	  L	  5.6	  0.0	0.274	0.407	0.407
348	  S	  5.6	  0.0	0.158	0.407	0.407
349	  V	  3.7	  0.0	0.000	0.407	0.407
350	  C	  2.5	  0.3	0.000	0.407	0.407
351	  S	  1.8	  2.0	0.000	0.000	0.000
352	  S	  0.8	  2.0	0.000	0.000	0.000
353	  N	  0.1	  2.0	0.000	0.000	0.000
354	  K	  0.0	  1.7	0.000	0.000	0.000
355	  P	  0.0	  0.0	0.000	0.000	0.000
356	  A	  0.7	  0.0	0.000	0.000	0.000
357	  I	  3.7	  0.0	0.000	0.000	0.000
358	  V	  5.4	  0.0	0.000	0.000	0.000
359	  E	  4.7	  0.2	0.000	0.000	0.000
360	  A	  1.7	  0.4	0.000	0.000	0.000
361	  G	  0.0	  0.4	0.000	0.000	0.000
362	  G	  0.0	  0.4	0.362	0.000	0.000
363	  M	  0.5	  0.2	0.362	0.000	0.000
364	  Q	  0.6	  0.0	0.362	0.000	0.000
365	  A	  0.6	  0.0	0.362	0.000	0.000
366	  L	  0.3	  0.1	0.362	0.000	0.000
367	  G	  0.2	  0.0	0.362	0.000	0.000
368	  L	  1.2	  0.1	0.197	0.000	0.000
369	  H	  1.8	  0.1	0.000	0.000	0.000
370	  L	  2.2	  0.0	0.000	0.000	0.000
371	  T	  1.2	  0.0	0.000	0.000	0.000
372	  D	  0.5	  4.4	0.000	0.000	0.000
373	  P	  0.0	  4.5	0.000	0.000	0.000
374	  S	  0.7	  4.5	0.354	0.000	0.000
375	  Q	  1.0	  4.6	0.354	0.000	0.000
376	  R	  1.6	  0.2	0.354	0.000	0.000
377	  L	  1.1	  0.1	0.354	0.000	0.000
378	  V	  2.2	  0.2	0.354	0.000	0.000
379	  Q	  2.0	  0.1	0.354	0.000	0.000
380	  N	  1.8	  0.1	0.123	0.000	0.000
381	  C	  0.8	  0.1	0.166	1.434	1.434
382	  L	  0.7	  0.0	0.166	1.434	1.434
383	  W	  3.5	  0.0	0.166	1.434	1.434
384	  T	  5.5	  0.0	0.338	1.434	1.434
385	  L	  5.5	  0.1	0.338	1.434	1.434
386	  R	  2.8	  0.2	0.338	0.000	0.000
387	  N	  0.6	  0.7	0.338	0.000	0.000
388	  L	  0.4	  1.0	0.172	0.000	0.000
389	  S	  0.3	  0.9	0.544	0.000	0.000
390	  D	  0.1	  0.8	3.090	0.000	0.000
391	  A	  0.1	  0.3	3.090	0.000	0.000
392	  A	  0.3	  0.0	3.090	0.000	0.000
393	  T	  1.8	  0.1	3.090	0.000	0.000
394	  K	  2.0	  0.2	3.090	0.000	0.000
395	  Q	  1.8	  0.5	2.933	0.000	0.000
396	  E	  0.3	  0.5	0.899	0.000	0.000
397	  G	  0.0	  0.6	0.426	0.000	0.000
398	  M	  0.1	  0.7	0.225	0.000	0.000
399	  E	  0.1	  0.4	0.000	0.000	0.000
400	  G	  0.0	  0.4	0.127	0.381	0.381
401	  L	  0.1	  0.3	0.127	5.226	5.226
402	  L	  0.1	  0.2	0.127	7.568	7.568
403	  G	  0.1	  0.1	0.127	7.776	7.776
404	  T	  1.3	  0.1	0.127	10.530	10.530
405	  L	  1.6	  0.1	0.127	14.568	14.568
406	  V	  6.2	  0.0	0.127	14.399	14.399
407	  Q	  5.5	  0.0	0.127	11.248	11.248
408	  L	  5.3	  0.0	0.000	11.248	11.248
409	  L	  0.7	  0.4	0.000	10.188	10.188
410	  G	  0.1	  0.8	0.000	0.129	0.129
411	  S	  0.0	  1.6	0.000	0.000	0.000
412	  D	  0.1	  1.7	0.000	0.000	0.000
413	  D	  0.9	  1.5	0.000	0.000	0.000
414	  I	  9.9	  1.0	0.000	0.441	0.441
415	  N	 11.5	  0.2	0.689	0.441	0.441
416	  V	 13.3	  0.2	0.689	6.414	6.414
417	  V	 10.9	  0.0	0.689	6.713	6.713
418	  T	 10.4	  0.0	0.689	6.713	6.713
419	  C	  9.3	  0.2	0.689	6.469	6.469
420	  A	  3.0	  0.4	0.689	6.672	6.672
421	  A	  1.5	  0.4	0.482	5.901	5.901
422	  G	  0.1	  0.4	0.326	5.250	5.250
423	  I	  1.5	  0.3	0.000	5.250	5.250
424	  L	  1.5	  0.3	0.000	4.612	4.612
425	  S	  1.4	  0.2	0.177	0.432	0.432
426	  N	  0.4	  0.2	0.177	0.000	0.000
427	  L	  5.2	  0.2	0.177	0.000	0.000
428	  T	  7.6	  0.1	0.177	0.000	0.000
429	  C	  7.5	  0.2	0.177	0.000	0.000
430	  N	  2.9	  0.2	0.177	0.000	0.000
431	  N	  1.1	  0.2	0.540	0.000	0.000
432	  Y	  1.5	  0.4	0.540	0.000	0.000
433	  K	  1.4	  0.2	0.540	0.000	0.000
434	  N	  0.7	  0.2	0.540	0.000	0.000
435	  K	  0.4	  0.2	0.540	0.000	0.000
436	  M	  1.6	  0.0	0.540	0.000	0.000
437	  M	  3.2	  0.0	0.307	0.000	0.000
438	  V	  3.8	  0.0	0.000	0.000	0.000
439	  C	  3.6	  0.0	0.000	0.000	0.000
440	  Q	  2.0	  0.0	0.000	0.000	0.000
441	  V	  1.2	  1.1	0.000	0.000	0.000
442	  G	  0.1	  1.2	0.135	0.000	0.000
443	  G	  0.1	  1.1	2.091	0.000	0.000
444	  I	  1.1	  1.2	2.091	0.391	0.391
445	  E	  1.1	  0.0	2.091	0.391	0.391
446	  A	  1.3	  0.0	2.091	0.391	0.391
447	  L	  0.5	  0.0	2.091	0.391	0.391
448	  V	  1.2	  0.0	2.091	0.391	0.391
449	  R	  1.6	  0.0	2.091	0.391	0.391
450	  T	  5.2	  0.0	1.388	0.391	0.391
451	  V	  6.4	  0.0	1.388	0.391	0.391
452	  L	  6.1	  0.0	1.388	0.391	0.391
453	  R	  2.4	  0.4	0.914	0.000	0.000
454	  A	  0.5	  1.2	0.462	0.000	0.000
455	  G	  0.1	  1.3	0.171	0.000	0.000
456	  D	  0.0	  1.4	0.000	0.000	0.000
457	  R	  0.1	  1.5	0.000	0.000	0.000
458	  E	  0.1	  0.6	0.000	0.000	0.000
459	  D	  1.6	  0.6	0.000	0.000	0.000
460	  I	  3.4	  0.4	0.000	0.000	0.000
461	  T	  3.4	  0.0	0.143	0.000	0.000
462	  E	  1.9	  0.0	0.268	0.000	0.000
463	  P	  0.0	  0.0	0.268	0.000	0.000
464	  A	  0.1	  0.0	0.268	1.396	1.396
465	  I	  0.8	  0.0	0.268	1.396	1.396
466	  C	  1.5	  0.0	0.268	1.396	1.396
467	  A	  1.7	  0.0	0.268	1.396	1.396
468	  L	  1.8	  0.0	0.268	1.396	1.396
469	  R	  1.6	  0.0	0.268	0.000	0.000
470	  H	  2.0	  0.0	0.000	0.000	0.000
471	  L	  1.7	  0.1	0.000	0.000	0.000
472	  T	  1.8	  0.1	0.000	0.000	0.000
473	  S	  1.4	  0.2	0.000	0.000	0.000
474	  R	  1.3	  0.2	0.000	0.000	0.000
475	  H	  0.9	  0.2	0.262	0.000	0.000
476	  Q	  0.7	  0.2	0.421	0.000	0.000
477	  E	  0.3	  0.1	0.772	0.000	0.000
478	  A	  0.2	  0.1	1.263	0.000	0.000
479	  E	  0.2	  0.0	1.263	0.000	0.000
480	  M	  0.3	  0.0	1.263	0.000	0.000
481	  A	  0.2	  0.2	1.263	0.000	0.000
482	  Q	  0.1	  0.2	1.263	0.000	0.000
483	  N	  0.2	  0.2	1.564	0.000	0.000
484	  A	  0.7	  0.2	0.426	0.000	0.000
485	  V	  4.4	  0.0	0.426	0.000	0.000
486	  R	  4.8	  0.0	0.426	0.000	0.000
487	  L	  5.7	  0.0	0.301	0.000	0.000
488	  H	  2.8	  0.0	0.301	0.000	0.000
489	  Y	  2.6	  0.0	0.133	0.000	0.000
490	  G	  1.1	  0.0	0.000	0.000	0.000
491	  L	  0.3	  0.0	0.000	0.000	0.000
492	  P	  0.0	  0.0	0.802	0.000	0.000
493	  V	 11.8	  0.0	0.802	0.000	0.000
494	  V	 14.3	  0.0	0.802	0.000	0.000
495	  V	 20.7	  0.0	0.802	0.000	0.000
496	  K	  9.3	  0.0	0.802	0.000	0.000
497	  L	  7.3	  0.0	0.802	0.000	0.000
498	  L	  0.9	  0.0	0.802	0.000	0.000
499	  H	  0.7	  0.0	0.571	0.000	0.000
500	  P	  0.0	  0.5	0.000	0.000	0.000
501	  P	  0.0	  0.5	0.000	0.000	0.000
502	  S	  1.0	  0.5	0.000	0.000	0.000
503	  H	  1.2	  0.5	0.000	0.000	0.000
504	  W	  1.2	  0.2	0.000	0.000	0.000
505	  P	  0.3	  0.2	0.000	0.000	0.000
506	  L	  0.4	  0.2	0.000	0.000	0.000
507	  I	  2.0	  0.2	0.000	0.000	0.000
508	  K	  2.5	  0.0	0.000	0.000	0.000
509	  A	  2.9	  0.0	0.000	0.259	0.259
510	  T	  1.9	  0.0	0.531	0.567	0.567
511	  V	  1.6	  0.0	0.531	0.567	0.567
512	  G	  0.9	  0.0	0.944	0.567	0.567
513	  L	  0.5	  0.0	0.944	0.567	0.567
514	  I	  0.5	  0.1	0.944	0.567	0.567
515	  R	  0.6	  0.1	0.944	0.000	0.000
516	  N	  0.4	  0.1	0.944	0.000	0.000
517	  L	  0.5	  0.1	0.802	0.000	0.000
518	  A	  0.6	  0.0	0.802	0.000	0.000
519	  L	  0.6	  0.0	0.802	0.000	0.000
520	  C	  0.3	  0.2	0.432	0.000	0.000
521	  P	  0.1	  0.6	0.000	0.000	0.000
522	  A	  0.1	  0.7	0.000	0.000	0.000
523	  N	  0.1	  0.7	0.000	0.000	0.000
524	  H	  0.2	  0.4	0.000	0.000	0.000
525	  A	  0.1	  0.2	0.000	0.000	0.000
526	  P	  0.1	  0.1	0.000	0.000	0.000
527	  L	  0.0	  0.2	0.000	0.000	0.000
528	  R	  0.1	  0.4	0.000	0.000	0.000
529	  E	  0.1	  0.4	0.000	0.000	0.000
530	  Q	  0.0	  0.4	0.000	0.000	0.000
531	  G	  0.0	  0.4	0.000	0.000	0.000
532	  A	  0.1	  0.2	0.000	0.000	0.000
533	  I	  0.1	  0.0	0.193	0.000	0.000
534	  P	  0.1	  0.0	0.641	0.000	0.000
535	  R	  0.6	  0.0	0.883	0.000	0.000
536	  L	  0.9	  0.0	0.883	7.218	7.218
537	  V	  5.5	  0.0	0.883	8.436	8.436
538	  Q	  5.5	  0.0	0.883	8.436	8.436
539	  L	  6.0	  0.0	0.883	8.436	8.436
540	  L	  1.7	  0.0	0.883	8.436	8.436
541	  V	  2.3	  0.0	0.883	7.871	7.871
542	  R	  1.6	  0.0	0.883	0.000	0.000
543	  A	  1.5	  0.0	0.123	0.000	0.000
544	  H	  0.6	  0.4	0.123	0.000	0.000
545	  Q	  0.6	  0.4	0.000	0.000	0.000
546	  D	  0.6	  0.4	0.000	0.000	0.000
547	  T	  1.6	  0.5	0.000	0.000	0.000
548	  Q	  1.8	  0.2	0.000	0.000	0.000
549	  R	  1.9	  0.2	0.000	0.000	0.000
550	  R	  0.7	  0.1	0.000	0.000	0.000
551	  T	  1.0	  0.1	0.000	0.000	0.000
552	  S	  1.1	  0.2	0.000	0.000	0.000
553	  M	  0.9	  0.4	0.000	0.000	0.000
554	  G	  0.4	  0.5	0.000	0.000	0.000
555	  G	  0.1	  0.5	0.000	0.000	0.000
556	  T	  1.7	  0.4	0.000	0.000	0.000
557	  Q	  2.0	  0.2	0.000	0.000	0.000
558	  Q	  3.2	  0.1	0.000	0.000	0.000
559	  Q	  3.1	  0.1	0.000	0.000	0.000
560	  F	  4.8	  0.0	0.000	0.000	0.000
561	  V	  3.8	  0.1	0.000	0.000	0.000
562	  E	  2.2	  0.2	0.000	0.000	0.000
563	  G	  0.2	  0.2	0.000	0.000	0.000
564	  V	  4.1	  0.2	0.000	0.000	0.000
565	  R	  4.6	  0.0	0.000	0.000	0.000
566	  M	  4.5	  0.0	0.000	0.000	0.000
567	  E	  0.5	  0.0	0.000	0.000	0.000
568	  E	  0.4	  0.0	0.000	0.000	0.000
569	  I	  3.3	  0.0	0.000	0.000	0.000
570	  V	  3.5	  0.4	0.000	0.000	0.000
571	  E	  3.2	  1.5	0.000	0.000	0.000
572	  G	  0.3	  1.5	0.000	0.000	0.000
573	  C	  0.5	  1.7	0.000	0.000	0.000
574	  T	  0.5	  1.5	0.000	0.000	0.000
575	  G	  0.4	  0.4	0.113	0.000	0.000
576	  A	  0.3	  0.4	0.113	0.286	0.286
577	  L	  3.7	  0.2	0.113	0.629	0.629
578	  H	  8.7	  0.0	0.113	0.629	0.629
579	  I	  9.2	  0.0	0.113	0.629	0.629
580	  L	  5.8	  0.0	0.113	0.629	0.629
581	  A	  0.9	  0.2	0.113	0.629	0.629
582	  R	  0.3	  0.2	0.113	0.000	0.000
583	  D	  0.7	  0.2	0.000	0.000	0.000
584	  V	  2.1	  0.2	0.000	0.000	0.000
585	  H	  2.0	  0.0	0.000	0.000	0.000
586	  N	  1.7	  0.0	0.000	0.000	0.000
587	  R	  5.0	  0.0	0.000	0.000	0.000
588	  I	 12.4	  0.0	0.000	0.000	0.000
589	  V	 15.4	  0.0	0.000	0.000	0.000
590	  I	 12.9	  0.0	0.000	0.000	0.000
591	  R	  5.4	  0.1	0.000	0.000	0.000
592	  G	  2.2	  0.2	0.000	0.000	0.000
593	  L	  0.5	  0.2	0.000	0.000	0.000
594	  N	  2.7	  0.1	0.000	0.000	0.000
595	  T	  3.2	  0.1	0.000	0.000	0.000
596	  I	  2.9	  0.2	0.000	0.000	0.000
597	  P	  0.6	  0.2	0.000	0.744	0.744
598	  L	  0.7	  0.2	0.000	63.962	63.962
599	  F	  2.1	  0.2	0.135	75.075	75.075
600	  V	  6.7	  0.0	0.135	75.778	75.778
601	  Q	  6.6	  0.0	0.135	75.778	75.778
602	  L	  5.7	  0.0	0.135	75.778	75.778
603	  L	  2.2	  0.0	0.135	73.276	73.276
604	  Y	  2.0	  0.0	0.135	56.970	56.970
605	  S	  1.5	  0.0	0.488	0.040	0.040
606	  P	  0.4	  0.0	0.488	0.000	0.000
607	  I	  0.1	  0.1	0.488	0.000	0.000
608	  E	  0.2	  0.1	0.488	0.000	0.000
609	  N	  0.8	  0.1	1.511	0.000	0.000
610	  I	  1.1	  0.1	1.511	0.000	0.000
611	  Q	  1.7	  0.0	1.511	0.000	0.000
612	  R	  2.1	  0.0	1.286	0.000	0.000
613	  V	  2.8	  0.0	1.149	8.491	8.491
614	  A	  2.3	  0.3	1.149	9.197	9.197
615	  A	  1.3	  0.3	0.933	9.197	9.197
616	  G	  0.1	  0.3	0.875	9.197	9.197
617	  V	  2.5	  0.3	0.148	9.197	9.197
618	  L	  2.6	  0.0	0.148	8.988	8.988
619	  C	  4.3	  0.1	0.148	1.562	1.562
620	  E	  2.0	  0.1	0.148	0.000	0.000
621	  L	  1.9	  0.1	0.148	0.000	0.000
622	  A	  0.2	  0.3	0.148	0.000	0.000
623	  Q	  0.2	  0.2	0.148	0.000	0.000
624	  D	  0.2	  0.4	1.021	0.000	0.000
625	  K	  0.3	  0.5	1.021	0.000	0.000
626	  E	  0.2	  0.2	1.021	0.000	0.000
627	  A	  0.2	  0.2	1.021	0.000	0.000
628	  A	  0.1	  0.1	1.021	0.000	0.000
629	  E	  0.1	  0.0	1.021	0.000	0.000
630	  A	  0.2	  0.0	0.578	0.000	0.000
631	  I	  1.2	  0.0	0.325	0.000	0.000
632	  E	  1.2	  0.2	0.325	0.000	0.000
633	  A	  1.0	  0.6	0.176	0.000	0.000
634	  E	  0.1	  1.1	0.176	0.000	0.000
635	  G	  0.0	  1.2	0.000	0.000	0.000
636	  A	  0.4	  1.1	0.000	0.000	0.000
637	  T	  0.6	  0.7	0.000	0.000	0.000
638	  A	  0.5	  0.1	0.000	0.000	0.000
639	  P	  0.2	  0.0	0.523	0.000	0.000
640	  L	  0.1	  0.0	0.523	0.000	0.000
641	  T	  0.1	  0.1	0.736	0.000	0.000
642	  E	  0.2	  0.1	0.736	0.000	0.000
643	  L	  0.6	  0.1	0.736	0.000	0.000
644	  L	  0.7	  0.1	0.736	0.000	0.000
645	  H	  0.8	  0.2	0.736	0.000	0.000
646	  S	  0.6	  1.2	0.424	0.000	0.000
647	  R	  0.4	  1.2	0.000	0.000	0.000
648	  N	  0.4	  1.5	0.000	0.000	0.000
649	  E	  0.0	  1.4	0.000	0.006	0.006
650	  G	  0.2	  0.4	1.427	7.427	7.427
651	  V	  1.3	  0.4	1.427	89.941	89.941
652	  A	  2.2	  0.1	1.427	90.913	90.913
653	  T	  5.6	  0.1	2.103	92.063	92.063
654	  Y	  5.3	  0.1	2.103	93.996	93.996
655	  A	  4.4	  0.0	2.103	94.552	94.552
656	  A	  0.9	  0.0	1.903	95.143	95.143
657	  A	  1.0	  0.0	1.768	95.127	95.127
658	  V	  2.5	  0.0	1.554	95.115	95.115
659	  L	  2.5	  0.0	1.554	94.801	94.801
660	  F	  3.8	  0.0	1.046	87.697	87.697
661	  R	  2.7	  0.0	0.489	0.006	0.006
662	  M	  2.6	  0.1	0.000	0.006	0.006
663	  S	  0.6	  2.3	0.000	0.000	0.000
664	  E	  0.2	  2.3	0.000	0.000	0.000
665	  D	  0.2	  2.3	0.000	0.000	0.000
666	  K	  0.2	  2.5	0.000	0.000	0.000
667	  P	  0.0	  0.5	0.000	0.000	0.000
668	  Q	  0.5	  0.5	0.000	0.000	0.000
669	  D	  0.9	  0.5	0.868	0.000	0.000
670	  Y	  1.4	  0.3	0.868	0.000	0.000
671	  K	  1.0	  0.1	0.868	0.000	0.000
672	  K	  0.7	  0.1	0.868	0.000	0.000
673	  R	  0.6	  0.1	0.868	0.000	0.000
674	  L	  2.4	  0.1	0.868	0.000	0.000
675	  S	  6.1	  0.0	0.564	0.000	0.000
676	  V	 10.2	  0.0	0.119	0.000	0.000
677	  E	  8.9	  0.0	0.119	0.000	0.000
678	  L	  5.7	  0.0	0.000	0.564	0.564
679	  T	  2.6	  0.2	0.000	0.564	0.564
680	  S	  1.9	  0.2	0.000	0.564	0.564
681	  S	  1.7	  0.2	0.000	0.564	0.564
682	  L	  0.6	  0.2	0.000	0.564	0.564
683	  F	  1.0	  0.1	0.000	0.564	0.564
684	  R	  0.9	  0.1	0.000	0.000	0.000
685	  T	  0.8	  0.1	0.000	0.000	0.000
686	  E	  0.2	  0.1	0.000	0.000	0.000
687	  P	  0.0	  0.0	0.000	0.000	0.000
688	  M	  0.3	  0.0	0.000	0.000	0.000
689	  A	  0.4	  0.0	0.000	0.000	0.000
690	  W	  0.6	  0.0	0.000	0.000	0.000
691	  N	  0.4	  0.2	0.195	0.000	0.000
692	  E	  0.3	  0.2	0.195	0.000	0.000
693	  T	  0.3	  0.6	0.195	0.000	0.000
694	  A	  0.3	  0.7	0.195	0.000	0.000
695	  D	  0.3	  0.5	0.195	0.000	0.000
696	  L	  0.1	  0.5	0.195	0.000	0.000
697	  G	  0.2	  0.2	0.195	0.000	0.000
698	  L	  2.7	  0.2	0.000	0.000	0.000
699	  D	  2.7	  0.5	0.000	0.000	0.000
700	  I	  2.7	  0.7	0.000	0.000	0.000
701	  G	  0.1	  0.9	0.000	0.000	0.000
702	  A	  0.1	  1.2	0.000	0.000	0.000
703	  Q	  0.1	  0.8	0.000	0.000	0.000
704	  G	  0.0	  0.6	0.000	0.000	0.000
705	  E	  0.0	  0.5	0.000	0.000	0.000
706	  P	  0.0	  0.2	0.000	0.000	0.000
707	  L	  0.1	  0.3	0.000	0.000	0.000
708	  G	  0.1	  0.3	0.000	0.000	0.000
709	  Y	  2.4	  0.1	0.000	0.000	0.000
710	  R	  3.5	  0.5	0.000	0.000	0.000
711	  Q	  3.5	  0.5	0.000	0.000	0.000
712	  D	  1.3	  0.5	0.000	0.000	0.000
713	  D	  0.1	  2.9	0.990	0.000	0.000
714	  P	  0.0	  2.4	0.990	0.000	0.000
715	  S	  6.3	  2.4	1.122	0.000	0.000
716	  Y	  8.2	  2.5	1.122	0.000	0.000
717	  R	  9.7	  0.1	1.122	0.000	0.000
718	  S	  5.6	  0.1	1.122	0.000	0.000
719	  F	  4.3	  0.2	0.778	0.000	0.000
720	  H	  2.7	  0.4	0.397	0.000	0.000
721	  S	  0.6	  1.0	0.000	0.000	0.000
722	  G	  0.1	  1.0	0.000	0.000	0.000
723	  G	  0.0	  1.1	0.000	0.000	0.000
724	  Y	  0.2	  1.0	0.000	0.000	0.000
725	  G	  0.2	  0.7	0.000	0.000	0.000
726	  Q	  0.2	  0.7	0.000	0.000	0.000
727	  D	  0.1	  1.0	0.000	0.000	0.000
728	  A	  0.1	  0.8	0.000	0.000	0.000
729	  L	  0.2	  0.5	0.000	0.000	0.000
730	  G	  0.3	  0.5	0.000	0.000	0.000
731	  M	  0.4	  0.0	0.000	0.000	0.000
732	  D	  0.3	  0.1	0.000	0.000	0.000
733	  P	  0.1	  0.1	0.000	0.000	0.000
734	  M	  0.1	  0.1	0.000	0.000	0.000
735	  M	  0.5	  0.2	0.000	0.000	0.000
736	  E	  0.7	  0.1	0.000	0.000	0.000
737	  H	  0.9	  0.3	0.000	0.000	0.000
738	  E	  0.5	  0.3	0.000	0.000	0.000
739	  M	  0.4	  0.6	0.000	0.000	0.000
740	  G	  0.1	  0.7	0.000	0.000	0.000
741	  G	  0.1	  0.5	0.000	0.000	0.000
742	  H	  0.1	  0.5	0.000	0.000	0.000
743	  H	  0.1	  3.3	0.000	0.000	0.000
744	  P	  0.1	  3.3	0.000	0.000	0.000
745	  G	  0.0	  3.9	0.000	0.000	0.000
746	  A	  0.1	  3.9	0.000	0.000	0.000
747	  D	  0.2	  0.7	0.000	0.000	0.000
748	  Y	  0.2	  0.6	0.000	0.000	0.000
749	  P	  0.1	  0.2	0.000	0.000	0.000
750	  V	  0.3	  0.5	0.000	0.000	0.000
751	  D	  0.2	  0.5	0.000	0.000	0.000
752	  G	  0.2	  0.5	0.000	0.000	0.000
753	  L	  0.0	  1.1	0.000	0.000	0.000
754	  P	  0.0	  0.9	0.000	0.000	0.000
755	  D	  0.0	  1.3	0.000	0.000	0.000
756	  L	  0.0	  1.4	0.000	0.000	0.000
757	  G	  0.1	  0.6	0.000	0.000	0.000
758	  H	  0.4	  0.7	0.000	0.000	0.000
759	  A	  0.4	  0.5	0.000	0.000	0.000
760	  Q	  0.4	  0.5	0.000	0.000	0.000
761	  D	  0.2	  0.5	0.187	0.000	0.000
762	  L	  0.6	  0.6	0.187	0.000	0.000
763	  M	  0.5	  0.5	0.187	0.000	0.000
764	  D	  0.5	  0.5	0.187	0.000	0.000
765	  G	  0.1	  0.5	0.187	0.000	0.000
766	  L	  0.0	  0.1	0.187	0.000	0.000
767	  P	  0.0	  1.8	0.000	0.000	0.000
768	  P	  0.0	  2.8	0.000	0.000	0.000
769	  G	  0.0	  2.9	0.000	0.000	0.000
770	  D	  0.0	  5.5	0.000	0.000	0.000
771	  S	  0.0	  3.8	0.120	0.000	0.000
772	  N	  0.1	  2.8	0.321	0.000	0.000
773	  Q	  0.2	  2.7	0.321	0.199	0.199
774	  L	  0.4	  0.1	0.321	0.199	0.199
775	  A	  0.5	  0.1	0.321	0.199	0.199
776	  W	  1.4	  0.0	0.321	0.199	0.199
777	  F	  1.8	  0.1	0.321	0.199	0.199
778	  D	  1.7	  0.6	0.000	0.000	0.000
779	  T	  0.9	  0.6	0.000	0.000	0.000
780	  D	  0.2	  0.5	0.000	0.000	0.000
781	  L	  0.1	  0.5	0.000	0.000	0.000
