res	aa	Beta	Turn	Helix	Aggregation	Conc-Stab_Aggregation
01	  M	  0.1	  0.4	0.000	0.000	0.000
02	  G	  0.1	  0.8	0.000	0.000	0.000
03	  S	  0.1	  0.8	0.000	0.000	0.000
04	  D	  1.9	  0.8	0.196	0.000	0.000
05	  V	  2.7	  0.4	0.196	0.000	0.000
06	  R	  2.7	  0.1	0.196	0.000	0.000
07	  D	  1.1	  1.5	0.921	0.000	0.000
08	  L	  0.6	  1.5	0.921	0.000	0.000
09	  N	  0.5	  1.4	0.921	0.000	0.000
10	  A	  0.9	  1.3	0.921	0.000	0.000
11	  L	  0.7	  0.0	0.921	0.000	0.000
12	  L	  0.7	  0.0	0.921	0.000	0.000
13	  P	  0.1	  0.0	0.000	0.000	0.000
14	  A	  0.1	  0.0	0.000	0.000	0.000
15	  V	  0.1	  0.2	0.000	0.000	0.000
16	  P	  0.1	  0.4	0.000	0.000	0.000
17	  S	  0.2	  0.4	0.000	0.000	0.000
18	  L	  0.2	  0.6	0.000	0.000	0.000
19	  G	  0.2	  0.5	0.000	0.000	0.000
20	  G	  0.0	  0.5	0.000	0.000	0.000
21	  G	  0.0	  0.6	0.000	0.000	0.000
22	  G	  0.0	  0.6	0.000	0.000	0.000
23	  G	  0.2	  0.4	0.000	0.000	0.000
24	  C	  1.6	  0.3	0.000	0.000	0.000
25	  A	  1.7	  0.2	0.000	0.000	0.000
26	  L	  1.5	  0.0	0.000	0.000	0.000
27	  P	  0.1	  0.0	0.000	0.000	0.000
28	  V	  0.7	  0.1	0.000	0.000	0.000
29	  S	  0.7	  0.3	0.000	0.000	0.000
30	  G	  0.7	  0.3	0.000	0.000	0.000
31	  A	  0.1	  0.3	0.000	0.000	0.000
32	  A	  0.4	  0.2	0.000	0.000	0.000
33	  Q	  1.1	  0.0	0.000	0.000	0.000
34	  W	  1.2	  0.0	0.000	0.000	0.000
35	  A	  0.9	  0.0	0.000	0.000	0.000
36	  P	  0.1	  0.0	0.000	0.000	0.000
37	  V	  3.0	  0.1	0.000	0.000	0.000
38	  L	  4.2	  0.1	0.000	0.000	0.000
39	  D	  4.4	  0.1	0.000	0.000	0.000
40	  F	  1.5	  0.1	0.000	0.000	0.000
41	  A	  0.2	  0.0	0.000	0.000	0.000
42	  P	  0.0	  1.8	0.000	0.000	0.000
43	  P	  0.0	  1.9	0.000	0.000	0.000
44	  G	  0.0	  2.2	0.000	0.000	0.000
45	  A	  0.2	  2.2	0.000	0.000	0.000
46	  S	  0.4	  0.7	0.000	0.000	0.000
47	  A	  0.5	  0.7	0.000	0.000	0.000
48	  Y	  0.5	  3.2	0.000	0.000	0.000
49	  G	  0.3	  3.4	0.000	0.000	0.000
50	  S	  0.3	  3.1	0.000	0.000	0.000
51	  L	  0.2	  2.9	0.000	0.000	0.000
52	  G	  0.2	  0.2	0.000	0.000	0.000
53	  G	  0.0	  0.0	0.000	0.000	0.000
54	  P	  0.0	  0.0	0.000	0.000	0.000
55	  A	  0.0	  0.0	0.000	0.000	0.000
56	  P	  0.0	  0.0	0.000	0.000	0.000
57	  P	  0.0	  0.0	0.000	0.000	0.000
58	  P	  0.0	  0.0	0.000	0.000	0.000
59	  A	  0.0	  0.0	0.000	0.000	0.000
60	  P	  0.0	  0.0	0.000	0.000	0.000
61	  P	  0.0	  0.0	0.000	0.000	0.000
62	  P	  0.0	  0.0	0.000	0.000	0.000
63	  P	  0.0	  0.0	0.000	0.000	0.000
64	  P	  0.0	  0.0	0.000	0.000	0.000
65	  P	  0.0	  0.0	0.000	0.000	0.000
66	  P	  0.0	  0.0	0.000	0.000	0.000
67	  P	  0.0	  0.3	0.000	0.000	0.000
68	  P	  0.0	  0.3	0.000	0.000	0.000
69	  H	  0.4	  0.3	0.000	0.000	0.000
70	  S	  1.3	  0.3	0.000	0.000	0.000
71	  F	  2.6	  0.0	0.000	0.000	0.000
72	  I	  3.5	  0.0	0.000	0.000	0.000
73	  K	  3.3	  0.0	0.000	0.000	0.000
74	  Q	  2.1	  0.0	0.000	0.000	0.000
75	  E	  0.8	  0.3	0.000	0.000	0.000
76	  P	  0.0	  0.4	0.000	0.000	0.000
77	  S	  0.6	  0.6	0.000	0.000	0.000
78	  W	  0.6	  0.9	0.000	0.000	0.000
79	  G	  0.6	  0.7	0.000	0.000	0.000
80	  G	  0.0	  0.6	0.000	0.000	0.000
81	  A	  0.0	  0.4	0.000	0.000	0.000
82	  E	  0.1	  0.1	0.000	0.000	0.000
83	  P	  0.1	  0.0	0.000	0.000	0.000
84	  H	  0.1	  0.1	0.000	0.000	0.000
85	  E	  0.1	  0.2	0.000	0.000	0.000
86	  E	  0.2	  0.2	0.000	0.000	0.000
87	  Q	  0.7	  0.2	0.000	0.000	0.000
88	  C	  2.1	  0.1	0.000	0.754	0.754
89	  L	  2.6	  0.1	0.000	3.843	3.843
90	  S	  2.2	  0.0	0.278	4.324	4.324
91	  A	  1.1	  0.0	0.278	4.704	4.704
92	  F	 10.3	  0.0	0.278	5.152	5.152
93	  T	 15.4	  0.0	0.278	5.152	5.152
94	  V	 18.8	  0.0	0.278	4.928	4.928
95	  H	 12.4	  0.1	0.278	1.618	1.618
96	  F	  8.0	  0.4	0.125	1.618	1.618
97	  S	  4.2	  0.5	0.125	0.000	0.000
98	  G	  1.2	  0.5	0.000	0.000	0.000
99	  Q	  3.3	  0.4	0.000	0.000	0.000
100	  F	  4.8	  0.2	0.000	0.000	0.000
101	  T	  4.8	  0.2	0.000	0.000	0.000
102	  G	  1.7	  0.2	0.000	0.000	0.000
103	  T	  0.3	  0.6	0.226	0.000	0.000
104	  A	  0.2	  0.6	0.226	0.000	0.000
105	  G	  0.1	  0.5	0.226	0.000	0.000
106	  A	  0.2	  0.5	0.226	0.000	0.000
107	  C	  0.9	  0.3	0.226	0.000	0.000
108	  R	  1.2	  0.2	0.226	0.000	0.000
109	  Y	  1.1	  0.5	0.226	0.000	0.000
110	  G	  0.3	  0.9	0.000	0.000	0.000
111	  P	  0.0	  0.7	0.000	0.000	0.000
112	  F	  0.0	  0.7	0.000	0.000	0.000
113	  G	  0.0	  0.4	0.000	0.000	0.000
114	  P	  0.0	  0.0	0.000	0.000	0.000
115	  P	  0.0	  0.0	0.000	0.000	0.000
116	  P	  0.0	  0.5	0.000	0.000	0.000
117	  P	  0.0	  0.5	0.000	0.000	0.000
118	  S	  0.1	  0.6	0.000	0.000	0.000
119	  Q	  0.3	  0.6	0.000	0.000	0.000
120	  A	  0.4	  0.5	0.000	0.000	0.000
121	  S	  0.4	  1.0	0.000	0.000	0.000
122	  S	  0.2	  1.0	0.438	0.000	0.000
123	  G	  0.2	  1.1	0.817	0.000	0.000
124	  Q	  0.2	  0.7	0.817	0.000	0.000
125	  A	  0.5	  0.1	0.817	0.000	0.000
126	  R	  1.6	  0.0	0.817	0.000	0.000
127	  M	  1.5	  0.0	0.817	0.000	0.000
128	  F	  1.3	  0.9	0.623	0.000	0.000
129	  P	  0.1	  0.9	0.000	0.000	0.000
130	  N	  0.0	  0.9	0.000	0.000	0.000
131	  A	  0.0	  1.1	0.000	0.000	0.000
132	  P	  0.0	  0.2	0.000	0.000	0.000
133	  Y	  0.2	  0.2	0.000	0.000	0.000
134	  L	  0.2	  0.7	0.000	0.000	0.000
135	  P	  0.2	  0.6	0.000	0.000	0.000
136	  S	  1.3	  0.6	0.187	0.000	0.000
137	  C	  2.4	  0.6	0.187	0.000	0.000
138	  L	  2.5	  0.1	0.187	0.000	0.000
139	  E	  1.5	  0.1	0.187	0.000	0.000
140	  S	  0.5	  0.1	0.187	0.000	0.000
141	  Q	  0.3	  0.1	0.187	0.000	0.000
142	  P	  0.1	  0.0	0.000	0.000	0.000
143	  A	  0.5	  0.0	0.000	0.000	0.000
144	  I	  0.8	  0.1	0.000	0.000	0.000
145	  R	  0.9	  0.1	0.000	0.000	0.000
146	  N	  0.4	  0.3	0.000	0.000	0.000
147	  Q	  0.1	  0.3	0.000	0.000	0.000
148	  G	  0.1	  0.3	0.000	0.000	0.000
149	  Y	  0.8	  0.3	0.000	0.476	0.476
150	  S	  1.1	  0.1	0.000	0.615	0.615
151	  T	 11.3	  0.1	0.000	0.615	0.615
152	  V	 18.5	  0.1	0.000	0.615	0.615
153	  T	 24.5	  0.1	0.000	0.615	0.615
154	  F	 15.2	  0.4	0.000	0.615	0.615
155	  D	  6.9	  0.4	0.000	0.000	0.000
156	  G	  0.3	  0.4	0.000	0.000	0.000
157	  T	  0.1	  0.8	0.000	0.000	0.000
158	  P	  0.0	  0.7	0.000	0.000	0.000
159	  S	  0.8	  0.9	0.000	0.000	0.000
160	  Y	  0.9	  1.5	0.000	0.000	0.000
161	  G	  1.0	  1.0	0.000	0.000	0.000
162	  H	  0.4	  0.8	0.000	0.000	0.000
163	  T	  0.3	  1.0	0.000	0.000	0.000
164	  P	  0.2	  0.6	0.000	0.000	0.000
165	  S	  0.6	  0.6	0.000	0.000	0.000
166	  H	  1.1	  0.6	0.135	0.000	0.000
167	  H	  1.3	  0.1	0.135	0.000	0.000
168	  A	  0.8	  0.0	0.135	0.000	0.000
169	  A	  0.8	  0.0	0.135	0.000	0.000
170	  Q	  0.8	  0.0	0.135	0.000	0.000
171	  F	  0.7	  0.9	0.135	0.000	0.000
172	  P	  0.2	  0.9	0.000	0.000	0.000
173	  N	  0.0	  1.0	0.000	0.000	0.000
174	  H	  0.4	  1.0	0.000	0.000	0.000
175	  S	  2.0	  0.2	0.000	0.000	0.000
176	  F	  2.5	  0.2	0.000	0.000	0.000
177	  K	  2.6	  0.1	0.000	0.000	0.000
178	  H	  1.1	  0.1	0.000	0.000	0.000
179	  E	  0.6	  0.1	0.000	0.000	0.000
180	  D	  0.2	  0.9	0.234	0.000	0.000
181	  P	  0.0	  1.2	0.234	0.000	0.000
182	  M	  0.0	  1.2	0.234	0.000	0.000
183	  G	  0.0	  1.4	0.234	0.000	0.000
184	  Q	  0.1	  0.8	0.234	0.000	0.000
185	  Q	  0.0	  0.8	0.234	0.000	0.000
186	  G	  0.0	  0.9	0.000	0.000	0.000
187	  S	  0.2	  0.9	0.155	0.000	0.000
188	  L	  0.2	  0.7	0.155	0.000	0.000
189	  G	  0.2	  0.5	0.155	0.000	0.000
190	  E	  0.1	  0.3	0.155	0.000	0.000
191	  Q	  1.2	  0.2	0.155	0.000	0.000
192	  Q	  3.7	  0.1	0.155	0.000	0.000
193	  Y	 11.5	  0.0	0.155	0.000	0.000
194	  S	 10.3	  0.0	0.000	0.000	0.000
195	  V	  8.0	  0.0	0.000	0.000	0.000
196	  P	  0.0	  0.0	0.000	0.000	0.000
197	  P	  0.0	  0.0	0.000	0.000	0.000
198	  P	  0.0	  0.0	0.000	0.000	0.000
199	  V	  1.1	  0.0	0.000	0.000	0.000
200	  Y	  1.6	  1.2	0.000	0.000	0.000
201	  G	  1.7	  1.2	0.000	0.000	0.000
202	  C	  1.3	  1.2	0.000	0.000	0.000
203	  H	  0.9	  1.2	0.000	0.000	0.000
204	  T	  0.9	  0.3	0.000	0.000	0.000
205	  P	  0.2	  0.4	0.000	0.000	0.000
206	  T	  0.6	  0.6	0.000	0.000	0.000
207	  D	  0.8	  0.6	0.155	0.000	0.000
208	  S	  8.7	  0.3	0.155	0.000	0.000
209	  C	  8.5	  0.5	0.155	0.000	0.000
210	  T	  8.4	  0.7	0.155	0.000	0.000
211	  G	  0.5	  0.7	0.486	0.000	0.000
212	  S	  0.3	  0.7	1.360	0.000	0.000
213	  Q	  0.3	  0.4	1.204	0.000	0.000
214	  A	  0.5	  0.1	1.204	0.000	0.000
215	  L	  1.4	  0.0	1.204	0.000	0.000
216	  L	  1.4	  0.0	1.204	0.000	0.000
217	  L	  1.4	  0.0	1.204	0.000	0.000
218	  R	  0.5	  0.0	0.755	0.000	0.000
219	  T	  0.3	  0.2	0.000	0.000	0.000
220	  P	  0.1	  0.2	0.000	0.000	0.000
221	  Y	  1.6	  0.3	0.000	0.000	0.000
222	  S	  1.7	  2.5	0.000	0.000	0.000
223	  S	  1.7	  3.4	0.000	0.000	0.000
224	  D	  0.1	  3.4	0.000	0.000	0.000
225	  N	  0.5	  3.3	0.000	0.000	0.000
226	  L	  0.8	  1.0	0.000	0.000	0.000
227	  Y	  4.4	  0.0	0.000	0.000	0.000
228	  Q	  4.9	  0.0	0.000	0.000	0.000
229	  M	  5.3	  0.0	0.000	0.000	0.000
230	  T	  2.9	  0.1	0.000	0.000	0.000
231	  S	  2.0	  0.1	0.133	0.000	0.000
232	  Q	  2.7	  0.1	0.133	0.000	0.000
233	  L	  2.6	  0.1	0.133	0.000	0.000
234	  E	  2.5	  0.1	0.133	0.000	0.000
235	  C	  1.6	  0.0	0.133	0.000	0.000
236	  M	  4.5	  0.0	0.133	0.000	0.000
237	  T	 10.6	  0.0	0.153	0.000	0.000
238	  W	 11.0	  0.0	0.153	0.000	0.000
239	  N	  7.2	  0.0	0.289	0.000	0.000
240	  Q	  1.8	  0.0	0.289	0.000	0.000
241	  M	  2.7	  0.1	0.289	0.000	0.000
242	  N	  2.7	  0.2	1.251	0.000	0.000
243	  L	  1.8	  0.5	1.098	0.000	0.000
244	  G	  0.1	  0.6	1.256	0.000	0.000
245	  A	  0.5	  0.6	1.119	0.000	0.000
246	  T	  3.6	  0.4	1.119	0.000	0.000
247	  L	  3.7	  0.7	1.119	0.000	0.000
248	  K	  3.2	  0.6	1.119	0.000	0.000
249	  G	  0.3	  0.6	0.567	0.000	0.000
250	  V	  1.5	  0.6	0.000	0.000	0.000
251	  A	  1.5	  0.5	0.000	0.000	0.000
252	  A	  1.3	  1.0	0.000	0.000	0.000
253	  G	  0.1	  1.1	0.000	0.000	0.000
254	  S	  0.9	  1.9	0.000	0.000	0.000
255	  S	  1.8	  2.1	0.000	0.000	0.000
256	  S	  2.0	  1.6	0.000	0.000	0.000
257	  S	  2.7	  1.4	0.000	0.000	0.000
258	  V	  4.6	  0.7	0.000	0.000	0.000
259	  K	  6.6	  0.0	0.000	0.000	0.000
260	  W	  5.6	  0.0	0.000	0.000	0.000
261	  T	  3.0	  0.7	0.000	0.000	0.000
262	  E	  0.7	  0.8	0.000	0.000	0.000
263	  G	  0.0	  1.0	0.000	0.000	0.000
264	  Q	  0.0	  1.1	0.000	0.000	0.000
265	  S	  0.0	  0.5	0.000	0.000	0.000
266	  N	  0.1	  0.6	0.000	0.000	0.000
267	  H	  0.1	  0.9	0.000	0.000	0.000
268	  S	  0.2	  0.9	0.000	0.000	0.000
269	  T	  0.2	  0.9	0.000	0.000	0.000
270	  G	  0.2	  0.7	0.000	0.000	0.000
271	  Y	  1.5	  0.3	0.000	0.000	0.000
272	  E	  1.4	  0.4	0.000	0.000	0.000
273	  S	  1.4	  1.5	0.000	0.000	0.000
274	  D	  0.0	  1.5	0.000	0.000	0.000
275	  N	  0.2	  1.4	0.000	0.000	0.000
276	  H	  1.3	  1.2	0.000	0.000	0.000
277	  T	  1.5	  0.1	0.000	0.000	0.000
278	  T	  1.4	  0.0	0.000	0.000	0.000
279	  P	  0.2	  0.0	0.000	0.000	0.000
280	  I	  1.9	  0.0	0.000	0.000	0.000
281	  L	  2.0	  0.0	0.000	0.000	0.000
282	  C	  2.4	  0.1	0.000	0.000	0.000
283	  G	  0.6	  0.2	0.000	0.000	0.000
284	  A	  0.7	  0.2	0.000	0.000	0.000
285	  Q	  2.3	  0.2	0.000	0.000	0.000
286	  Y	  8.4	  0.1	0.000	0.000	0.000
287	  R	 10.7	  0.0	0.000	0.000	0.000
288	  I	 10.0	  0.0	0.000	0.000	0.000
289	  H	  5.0	  0.1	0.000	0.000	0.000
290	  T	  2.5	  0.4	0.000	0.000	0.000
291	  H	  1.4	  0.4	0.000	0.000	0.000
292	  G	  0.3	  0.4	0.000	0.000	0.000
293	  V	  2.6	  0.3	0.000	0.000	0.000
294	  F	  3.9	  0.3	0.000	0.000	0.000
295	  R	  4.0	  0.3	0.000	0.000	0.000
296	  G	  1.6	  0.3	0.140	0.000	0.000
297	  I	  0.3	  0.3	0.140	0.000	0.000
298	  Q	  0.5	  0.1	0.140	0.000	0.000
299	  D	  2.3	  0.1	0.140	0.000	0.000
300	  V	  3.6	  0.1	0.140	0.000	0.000
301	  R	  4.6	  0.0	0.140	0.000	0.000
302	  R	  3.0	  0.0	0.000	0.000	0.000
303	  V	  1.6	  0.6	0.000	0.000	0.000
304	  P	  0.2	  0.5	0.000	0.000	0.000
305	  G	  0.6	  0.5	0.000	0.000	0.000
306	  V	  1.0	  0.5	0.000	0.000	0.000
307	  A	  1.1	  0.3	0.000	0.000	0.000
308	  P	  0.5	  0.3	0.000	0.000	0.000
309	  T	  1.2	  0.3	0.000	0.000	0.000
310	  L	  1.4	  0.3	0.000	0.000	0.000
311	  V	  3.6	  0.1	0.000	0.000	0.000
312	  R	  2.6	  0.1	0.000	0.000	0.000
313	  S	  5.5	  1.0	0.000	0.000	0.000
314	  A	  3.4	  1.0	0.000	0.000	0.000
315	  S	  3.2	  1.1	0.000	0.000	0.000
316	  E	  0.2	  1.1	0.000	0.000	0.000
317	  T	  0.3	  0.3	0.000	0.000	0.000
318	  S	  0.3	  0.3	0.000	0.000	0.000
319	  E	  0.5	  0.2	0.000	0.000	0.000
320	  K	  0.4	  0.2	0.000	0.000	0.000
321	  R	  0.4	  0.1	0.000	0.000	0.000
322	  P	  0.1	  0.0	0.000	0.000	0.000
323	  F	  2.3	  0.0	0.000	0.000	0.000
324	  M	  2.8	  0.0	0.000	0.000	0.000
325	  C	  3.4	  0.0	0.000	0.000	0.000
326	  A	  1.2	  0.0	0.000	0.000	0.000
327	  Y	  0.7	  2.4	0.000	0.000	0.000
328	  P	  0.0	  2.8	0.000	0.000	0.000
329	  G	  0.1	  2.8	0.292	0.000	0.000
330	  C	  0.6	  2.9	0.292	0.000	0.000
331	  N	  0.7	  0.5	0.292	0.000	0.000
332	  K	  0.8	  0.1	0.292	0.000	0.000
333	  R	  1.6	  0.1	0.292	0.000	0.000
334	  Y	  2.8	  0.1	0.292	0.000	0.000
335	  F	  4.0	  0.0	0.166	0.000	0.000
336	  K	  3.2	  0.0	0.000	0.000	0.000
337	  L	  2.6	  0.1	0.000	0.000	0.000
338	  S	  1.4	  0.1	0.000	0.000	0.000
339	  H	  1.5	  0.1	0.000	0.000	0.000
340	  L	  2.5	  0.1	0.000	0.000	0.000
341	  Q	  3.1	  0.0	0.000	0.000	0.000
342	  M	  2.6	  0.0	0.000	0.000	0.000
343	  H	  1.0	  0.1	0.000	0.000	0.000
344	  S	  0.4	  0.2	0.000	0.000	0.000
345	  R	  0.4	  0.3	0.000	0.000	0.000
346	  K	  0.9	  0.3	0.000	0.000	0.000
347	  H	  0.9	  0.4	0.000	0.000	0.000
348	  T	  0.8	  0.4	0.000	0.000	0.000
349	  G	  0.2	  0.4	0.000	0.000	0.000
350	  E	  0.1	  0.3	0.000	0.000	0.000
351	  K	  0.0	  0.1	0.000	0.000	0.000
352	  P	  0.0	  0.0	0.000	0.000	0.000
353	  Y	  7.3	  0.0	0.000	0.000	0.000
354	  Q	  7.6	  0.0	0.000	0.000	0.000
355	  C	  8.0	  0.0	0.000	0.000	0.000
356	  D	  1.2	  0.0	0.151	0.000	0.000
357	  F	  1.3	  0.4	0.151	0.000	0.000
358	  K	  1.0	  0.4	1.705	0.000	0.000
359	  D	  1.7	  0.4	1.822	0.000	0.000
360	  C	  2.9	  0.6	1.822	0.000	0.000
361	  E	  2.9	  0.2	1.822	0.000	0.000
362	  R	  2.7	  0.1	1.822	0.000	0.000
363	  R	  2.0	  0.1	1.822	0.000	0.000
364	  F	  3.5	  0.1	1.498	0.000	0.000
365	  S	  4.2	  0.8	1.336	0.000	0.000
366	  R	  3.4	  1.2	0.930	0.000	0.000
367	  S	  1.8	  1.2	2.065	0.000	0.000
368	  D	  0.2	  1.3	2.831	0.000	0.000
369	  Q	  1.0	  0.6	2.831	0.000	0.000
370	  L	  1.1	  0.2	2.831	0.000	0.000
371	  K	  1.4	  0.2	2.831	0.000	0.000
372	  R	  0.9	  0.1	2.632	0.000	0.000
373	  H	  1.2	  0.2	2.156	0.000	0.000
374	  Q	  1.1	  0.2	0.922	0.000	0.000
375	  R	  1.1	  0.2	0.145	0.000	0.000
376	  R	  1.4	  0.2	0.000	0.000	0.000
377	  H	  1.3	  0.3	0.000	0.000	0.000
378	  T	  0.9	  0.3	0.000	0.000	0.000
379	  G	  0.3	  0.2	0.000	0.000	0.000
380	  V	  0.8	  0.2	0.000	0.000	0.000
381	  K	  0.7	  0.0	0.000	0.000	0.000
382	  P	  0.6	  0.0	0.000	0.000	0.000
383	  F	  6.9	  0.0	0.000	0.000	0.000
384	  Q	  7.3	  0.0	0.000	0.000	0.000
385	  C	  7.3	  0.2	0.000	0.000	0.000
386	  K	  1.3	  0.3	0.000	0.000	0.000
387	  T	  6.5	  0.2	0.000	0.000	0.000
388	  C	  7.3	  0.3	0.000	0.000	0.000
389	  Q	  6.9	  0.1	0.000	0.000	0.000
390	  R	  1.7	  0.1	0.000	0.000	0.000
391	  K	  1.4	  0.1	0.000	0.000	0.000
392	  F	  3.0	  0.1	0.000	0.000	0.000
393	  S	  4.1	  0.8	0.000	0.000	0.000
394	  R	  3.6	  1.3	0.000	0.000	0.000
395	  S	  1.9	  1.4	0.000	0.000	0.000
396	  D	  0.2	  1.4	0.000	0.000	0.000
397	  H	  0.6	  0.6	0.000	0.000	0.000
398	  L	  0.8	  0.2	0.000	0.000	0.000
399	  K	  1.2	  0.1	0.000	0.000	0.000
400	  T	  3.5	  0.1	0.000	0.000	0.000
401	  H	  4.1	  0.1	0.000	0.000	0.000
402	  T	  4.3	  0.1	0.000	0.000	0.000
403	  R	  1.7	  0.1	0.000	0.000	0.000
404	  T	  3.9	  0.2	0.000	0.000	0.000
405	  H	  3.4	  0.5	0.000	0.000	0.000
406	  T	  3.1	  0.7	0.000	0.000	0.000
407	  G	  0.3	  0.8	0.000	0.000	0.000
408	  K	  0.3	  0.8	0.000	0.000	0.000
409	  T	  0.4	  0.5	0.000	0.000	0.000
410	  S	  0.4	  0.2	0.000	0.000	0.000
411	  E	  0.2	  0.1	0.000	0.000	0.000
412	  K	  0.1	  0.1	0.000	0.000	0.000
413	  P	  0.0	  0.0	0.000	0.000	0.000
414	  F	 19.4	  0.0	0.000	0.000	0.000
415	  S	 25.7	  0.0	0.000	0.000	0.000
416	  C	 26.5	  0.0	0.000	0.000	0.000
417	  R	  8.7	  0.0	0.000	0.000	0.000
418	  W	  1.1	  0.5	0.000	0.000	0.000
419	  P	  0.1	  0.5	0.000	0.000	0.000
420	  S	  3.0	  0.5	0.647	0.000	0.000
421	  C	  4.4	  0.6	0.647	0.000	0.000
422	  Q	  4.6	  0.2	0.647	0.000	0.000
423	  K	  1.7	  0.1	0.647	0.000	0.000
424	  K	  0.8	  0.1	0.647	0.000	0.000
425	  F	  1.3	  0.0	0.647	0.000	0.000
426	  A	  1.3	  0.1	0.320	0.000	0.000
427	  R	  1.0	  0.5	0.151	0.000	0.000
428	  S	  0.3	  0.6	0.617	0.000	0.000
429	  D	  0.2	  0.7	1.107	0.000	0.000
430	  E	  0.1	  0.5	1.107	0.000	0.000
431	  L	  0.3	  0.1	1.107	0.000	0.000
432	  V	  2.7	  0.1	1.107	0.000	0.000
433	  R	  3.2	  0.0	1.107	0.000	0.000
434	  H	  3.4	  0.1	0.959	0.000	0.000
435	  H	  1.3	  0.1	0.314	0.000	0.000
436	  N	  0.8	  0.1	0.000	0.000	0.000
437	  M	  0.6	  0.1	0.000	0.000	0.000
438	  H	  0.7	  0.1	0.000	0.000	0.000
439	  Q	  0.8	  0.2	0.000	0.000	0.000
440	  R	  0.7	  0.2	0.000	0.000	0.000
441	  N	  0.6	  0.2	0.000	0.000	0.000
442	  M	  1.1	  0.1	0.000	0.000	0.000
443	  T	  1.9	  0.1	0.187	0.000	0.000
444	  K	  2.1	  0.1	0.187	0.000	0.000
445	  L	  3.1	  0.1	0.187	0.000	0.000
446	  Q	  2.3	  0.1	0.187	0.000	0.000
447	  L	  2.0	  0.0	0.187	0.000	0.000
448	  A	  0.4	  0.0	0.187	0.000	0.000
449	  L	  0.3	  0.0	0.000	0.000	0.000
