res	aa	Beta	Turn	Helix	Aggregation	Conc-Stab_Aggregation
01	  M	  0.1	  0.0	0.000	0.000	0.000
02	  E	  0.1	  0.0	0.000	0.000	0.000
03	  P	  0.1	  0.0	0.000	0.000	0.000
04	  V	  0.0	  0.0	0.000	0.000	0.000
05	  P	  0.0	  0.0	0.000	0.000	0.000
06	  L	  0.2	  0.4	0.000	0.000	0.000
07	  Q	  0.7	  0.4	0.000	0.000	0.000
08	  D	  1.1	  0.4	0.000	0.000	0.000
09	  F	  2.6	  0.4	0.000	0.000	0.000
10	  V	  3.4	  0.0	0.000	0.000	0.000
11	  R	  3.1	  0.0	0.000	0.000	0.000
12	  A	  1.7	  0.0	0.000	0.000	0.000
13	  L	  0.5	  0.0	0.000	0.000	0.000
14	  D	  0.4	  0.3	0.000	0.000	0.000
15	  P	  0.1	  0.5	0.000	0.000	0.000
16	  A	  0.9	  0.5	0.000	0.000	0.000
17	  S	  1.1	  0.5	0.000	0.000	0.000
18	  L	  1.1	  0.3	0.000	0.000	0.000
19	  P	  0.1	  0.1	0.000	0.000	0.000
20	  R	  1.7	  0.1	0.000	0.000	0.000
21	  V	  3.7	  0.1	0.000	0.000	0.000
22	  L	  5.9	  0.0	0.000	0.000	0.000
23	  R	  4.3	  0.0	0.000	0.000	0.000
24	  V	  3.4	  0.0	0.000	2.307	2.307
25	  C	  1.4	  0.3	0.000	2.488	2.488
26	  S	  1.3	  0.4	0.000	2.488	2.488
27	  G	  0.4	  0.4	0.000	2.488	2.488
28	  V	  2.2	  0.4	0.000	2.488	2.488
29	  Y	  4.6	  0.0	0.000	2.488	2.488
30	  F	  5.0	  0.6	0.000	2.314	2.314
31	  E	  2.8	  0.8	0.000	0.000	0.000
32	  G	  0.4	  0.8	0.000	0.000	0.000
33	  S	  0.3	  0.8	0.000	0.000	0.000
34	  I	  1.1	  0.2	0.000	0.000	0.000
35	  Y	  6.6	  0.0	0.000	0.000	0.000
36	  E	  7.6	  0.0	0.000	0.000	0.000
37	  I	  8.0	  0.1	0.000	0.000	0.000
38	  S	  2.8	  1.3	0.000	0.000	0.000
39	  G	  1.3	  1.3	0.000	0.000	0.000
40	  N	  0.1	  1.4	0.000	0.000	0.000
41	  E	  1.1	  1.3	0.000	0.000	0.000
42	  C	 10.2	  0.2	0.000	0.000	0.000
43	  C	 11.7	  0.1	0.000	0.000	0.000
44	  L	 10.7	  0.2	0.000	0.000	0.000
45	  S	  1.9	  0.3	0.941	0.000	0.000
46	  T	  0.3	  1.3	0.941	0.000	0.000
47	  G	  0.1	  1.3	0.941	0.000	0.000
48	  D	  0.2	  1.1	0.941	0.000	0.000
49	  L	  0.5	  1.0	0.941	0.000	0.000
50	  I	  8.2	  0.0	0.941	0.000	0.000
51	  K	 12.9	  0.0	0.941	0.000	0.000
52	  V	 15.8	  0.0	0.000	0.000	0.000
53	  T	  9.4	  0.0	0.556	0.000	0.000
54	  Q	  4.4	  0.0	0.556	0.000	0.000
55	  V	  4.6	  0.0	0.556	0.000	0.000
56	  R	  4.3	  0.0	0.556	0.000	0.000
57	  L	  4.0	  0.0	0.556	0.000	0.000
58	  Q	  1.2	  0.0	0.556	0.000	0.000
59	  K	  2.7	  0.0	0.237	0.000	0.000
60	  V	  5.0	  0.0	0.000	0.000	0.000
61	  V	  5.5	  0.0	0.000	0.000	0.000
62	  C	  4.7	  0.0	0.000	0.000	0.000
63	  E	  2.2	  0.0	0.000	0.000	0.000
64	  N	  1.1	  0.3	0.519	0.000	0.000
65	  P	  0.0	  0.4	0.519	0.000	0.000
66	  K	  0.2	  0.4	0.519	0.000	0.000
67	  T	  1.4	  0.4	0.519	0.000	0.000
68	  S	  1.7	  0.2	0.519	0.000	0.000
69	  Q	  1.7	  0.2	0.519	0.000	0.000
70	  T	  1.8	  0.1	0.000	0.000	0.000
71	  M	  2.3	  0.1	0.000	0.000	0.000
72	  E	  2.3	  0.0	0.000	0.000	0.000
73	  L	  1.1	  0.0	0.000	0.000	0.000
74	  A	  0.3	  0.9	0.000	0.000	0.000
75	  P	  0.0	  0.9	0.000	0.000	0.000
76	  N	  1.1	  0.9	0.000	0.000	0.000
77	  F	  1.5	  1.1	0.000	0.000	0.000
78	  Q	  1.5	  0.2	0.000	0.000	0.000
79	  G	  0.5	  0.2	0.000	0.000	0.000
80	  Y	  2.1	  0.2	0.000	0.000	0.000
81	  F	  2.7	  0.0	0.000	0.000	0.000
82	  T	  2.7	  0.2	0.000	0.000	0.000
83	  P	  0.7	  0.3	0.000	0.000	0.000
84	  L	  0.5	  0.3	0.000	0.000	0.000
85	  N	  0.6	  0.3	0.000	0.000	0.000
86	  T	  0.6	  0.3	0.000	0.000	0.000
87	  P	  0.1	  0.3	0.000	0.000	0.000
88	  Q	  0.9	  0.3	0.000	0.000	0.000
89	  S	  7.9	  0.3	0.114	0.000	0.000
90	  Y	  8.4	  0.3	0.114	0.000	0.000
91	  E	  7.5	  0.2	0.114	0.000	0.000
92	  T	  1.5	  0.2	0.689	0.000	0.000
93	  L	  1.0	  0.2	0.689	0.000	0.000
94	  E	  1.0	  0.1	0.689	0.000	0.000
95	  E	  0.1	  0.1	0.689	0.000	0.000
96	  L	  0.8	  0.1	0.689	0.000	0.000
97	  V	  2.9	  0.0	0.689	0.000	0.000
98	  S	  3.6	  0.0	0.865	0.000	0.000
99	  A	  3.0	  0.0	0.306	0.000	0.000
100	  T	  3.4	  0.0	0.176	0.000	0.000
101	  T	  4.8	  0.1	0.176	0.000	0.000
102	  Q	  4.8	  0.2	0.176	0.000	0.000
103	  S	  2.6	  0.3	0.176	0.000	0.000
104	  S	  0.5	  0.4	0.000	0.000	0.000
105	  K	  0.7	  0.3	0.000	0.000	0.000
106	  Q	  0.6	  0.2	0.000	0.000	0.000
107	  L	  0.4	  0.4	0.000	0.000	0.000
108	  P	  0.1	  0.3	0.000	0.000	0.000
109	  T	  4.6	  0.3	0.000	0.000	0.000
110	  C	  6.4	  0.3	0.000	0.000	0.000
111	  F	  7.5	  0.1	0.000	0.000	0.000
112	  M	  3.1	  0.1	0.000	0.000	0.000
113	  S	  1.7	  0.1	0.000	0.000	0.000
114	  T	  2.5	  0.1	0.000	0.000	0.000
115	  H	  4.8	  0.1	0.000	0.000	0.000
116	  R	  9.3	  0.0	0.000	0.000	0.000
117	  I	 11.7	  0.0	0.000	0.000	0.000
118	  V	  9.8	  0.0	0.000	0.000	0.000
119	  T	  4.9	  0.5	0.000	0.000	0.000
120	  E	  0.7	  0.6	0.000	0.000	0.000
121	  G	  0.0	  0.6	0.000	0.000	0.000
122	  R	  2.3	  0.6	0.000	0.000	0.000
123	  V	  5.2	  0.1	0.000	0.000	0.000
124	  V	  6.0	  0.0	0.000	0.000	0.000
125	  T	  3.7	  0.3	1.016	0.000	0.000
126	  E	  0.8	  0.3	1.016	0.000	0.000
127	  D	  0.1	  0.4	2.183	0.000	0.000
128	  Q	  0.6	  0.3	2.183	0.000	0.000
129	  L	  1.6	  0.1	2.183	0.000	0.000
130	  L	  2.6	  0.0	2.489	0.000	0.000
131	  M	  2.2	  0.0	2.715	0.000	0.000
132	  L	  1.3	  0.0	2.530	0.000	0.000
133	  E	  0.3	  0.0	2.505	0.000	0.000
134	  A	  0.9	  0.0	2.220	0.873	0.873
135	  V	  8.9	  0.0	1.940	2.050	2.050
136	  V	 11.5	  0.0	1.940	2.050	2.050
137	  M	 12.0	  0.0	1.940	2.050	2.050
138	  H	  4.2	  0.1	1.420	2.050	2.050
139	  L	  1.5	  0.2	1.157	2.050	2.050
140	  G	  0.4	  0.2	1.324	1.908	1.908
141	  I	  1.8	  0.2	0.167	1.908	1.908
142	  R	  1.9	  0.1	0.167	0.000	0.000
143	  S	  2.5	  0.2	0.293	0.000	0.000
144	  A	  1.1	  0.3	0.293	0.000	0.000
145	  R	  2.1	  0.2	0.293	0.000	0.000
146	  C	  3.1	  0.2	0.126	0.222	0.222
147	  V	  3.5	  0.0	0.126	0.222	0.222
148	  L	  2.4	  0.0	0.126	0.222	0.222
149	  G	  0.7	  0.1	0.126	0.222	0.222
150	  M	  0.1	  0.7	0.000	0.222	0.222
151	  E	  0.1	  0.7	0.000	0.000	0.000
152	  G	  0.0	  0.8	0.000	0.000	0.000
153	  Q	  0.3	  0.6	0.000	0.000	0.000
154	  Q	  0.6	  0.1	0.000	0.000	0.000
155	  V	  8.1	  0.1	0.000	0.000	0.000
156	  I	  8.5	  0.0	0.000	0.000	0.000
157	  L	 10.4	  0.0	0.000	0.000	0.000
158	  H	  3.0	  0.0	0.000	0.000	0.000
159	  L	  2.3	  0.0	0.000	0.000	0.000
160	  P	  0.1	  0.0	0.000	0.000	0.000
161	  L	  0.2	  0.1	0.000	0.000	0.000
162	  S	  0.5	  0.3	0.000	0.000	0.000
163	  Q	  0.5	  0.3	0.000	0.000	0.000
164	  K	  0.3	  0.3	0.000	0.000	0.000
165	  G	  0.0	  0.4	0.000	0.000	0.000
166	  P	  0.0	  0.2	0.000	0.265	0.265
167	  F	  0.7	  0.2	0.000	0.265	0.265
168	  W	  6.9	  0.1	0.000	0.265	0.265
169	  T	 23.7	  0.0	0.000	0.265	0.265
170	  W	 23.4	  0.0	0.000	0.265	0.265
171	  E	 17.7	  0.2	0.000	0.000	0.000
172	  P	  0.4	  0.2	0.000	0.000	0.000
173	  S	  0.1	  0.2	0.000	0.000	0.000
174	  A	  0.1	  0.3	0.000	0.000	0.000
175	  P	  0.1	  0.2	0.135	0.000	0.000
176	  R	  0.3	  0.2	0.135	0.000	0.000
177	  T	  1.1	  0.2	0.607	6.630	6.630
178	  L	  1.3	  0.1	0.607	17.513	17.513
179	  L	  1.8	  0.0	0.607	17.513	17.513
180	  Q	  1.5	  0.0	0.607	17.513	17.513
181	  V	  3.8	  0.0	0.607	17.513	17.513
182	  L	  3.4	  0.0	0.607	17.357	17.357
183	  Q	  2.9	  0.0	0.607	0.654	0.654
184	  D	  0.4	  0.1	2.692	0.000	0.000
185	  P	  0.0	  0.1	2.085	0.000	0.000
186	  A	  0.2	  0.1	2.242	0.000	0.000
187	  L	  0.4	  0.3	2.242	0.178	0.178
188	  K	  0.4	  0.2	2.242	0.178	0.178
189	  D	  0.3	  0.2	2.519	0.178	0.178
190	  L	  2.1	  0.2	2.038	0.178	0.178
191	  V	  3.8	  0.0	1.854	0.178	0.178
192	  L	 10.7	  0.0	1.854	0.178	0.178
193	  T	  9.1	  0.0	1.376	0.000	0.000
194	  C	  7.6	  0.5	1.376	0.000	0.000
195	  P	  0.4	  0.5	0.000	0.000	0.000
196	  T	  0.2	  0.5	0.000	0.000	0.000
197	  L	  0.2	  0.5	0.000	0.000	0.000
198	  P	  0.2	  0.0	0.000	0.000	0.000
199	  W	  0.3	  0.1	0.000	0.000	0.000
200	  H	  0.5	  0.1	0.000	0.000	0.000
201	  S	  0.9	  0.1	0.000	0.000	0.000
202	  L	  1.9	  0.1	0.000	0.000	0.000
203	  I	  6.2	  0.1	0.000	0.000	0.000
204	  L	  6.0	  0.0	0.000	0.000	0.000
205	  R	  4.7	  0.2	0.000	0.000	0.000
206	  P	  0.1	  0.2	0.000	0.000	0.000
207	  Q	  6.7	  0.2	0.000	0.000	0.000
208	  Y	 11.8	  0.2	0.111	0.000	0.000
209	  E	 12.4	  0.0	1.270	0.000	0.000
210	  I	  6.4	  0.0	1.270	0.000	0.000
211	  Q	  1.1	  0.0	1.270	0.000	0.000
212	  A	  1.0	  0.0	1.270	0.000	0.000
213	  I	  1.4	  0.0	1.270	0.000	0.000
214	  M	  2.8	  0.0	1.270	0.000	0.000
215	  H	  3.1	  0.0	1.107	0.000	0.000
216	  M	  2.5	  0.0	0.943	0.000	0.000
217	  R	  1.3	  0.1	0.714	0.000	0.000
218	  R	  1.1	  0.1	0.173	0.000	0.000
219	  T	  5.5	  0.1	0.000	0.000	0.000
220	  I	  7.9	  0.0	0.000	0.000	0.000
221	  V	 18.8	  0.0	0.000	0.000	0.000
222	  K	 14.4	  0.0	0.000	0.000	0.000
223	  I	 11.8	  0.1	0.000	0.000	0.000
224	  P	  0.2	  0.2	0.000	0.000	0.000
225	  S	  0.1	  0.2	0.000	0.000	0.000
226	  T	  1.1	  0.2	0.000	0.000	0.000
227	  L	  2.7	  0.1	0.000	0.000	0.000
228	  E	  7.4	  0.0	0.000	0.000	0.000
229	  V	 15.0	  0.0	0.000	0.000	0.000
230	  D	 15.4	  0.0	0.133	0.000	0.000
231	  V	 11.6	  0.1	0.133	0.000	0.000
232	  E	  3.4	  0.1	0.133	0.000	0.000
233	  D	  1.8	  0.1	0.133	0.000	0.000
234	  V	  4.2	  0.1	0.133	0.000	0.000
235	  T	  6.9	  0.2	0.267	0.000	0.000
236	  A	  6.0	  0.3	0.267	0.000	0.000
237	  S	  3.4	  0.3	0.267	0.000	0.000
238	  S	  0.7	  0.4	0.134	0.000	0.000
239	  R	  1.3	  0.2	0.134	0.000	0.000
240	  H	  2.8	  0.1	0.134	0.000	0.000
241	  V	  6.8	  0.1	0.000	0.000	0.000
242	  H	  8.7	  0.0	0.000	0.000	0.000
243	  F	  9.4	  0.0	0.000	0.000	0.000
244	  I	  5.6	  0.0	0.000	0.000	0.000
245	  K	  3.0	  0.0	0.000	0.000	0.000
246	  P	  0.4	  0.0	0.000	0.000	0.000
247	  L	  0.9	  0.0	0.000	0.000	0.000
248	  L	  1.4	  0.0	0.000	0.000	0.000
249	  L	  1.4	  0.0	0.000	0.000	0.000
250	  S	  0.6	  0.0	0.979	0.000	0.000
251	  E	  0.6	  0.0	0.979	0.000	0.000
252	  V	  1.8	  0.0	0.979	0.000	0.000
253	  L	  1.9	  0.0	0.979	0.000	0.000
254	  A	  1.6	  0.0	0.979	0.000	0.000
255	  W	  0.4	  0.0	0.979	0.000	0.000
256	  E	  0.2	  0.1	0.495	0.000	0.000
257	  G	  0.1	  0.1	0.210	0.000	0.000
258	  P	  0.0	  0.1	0.000	0.000	0.000
259	  F	  0.0	  0.3	0.000	0.000	0.000
260	  P	  0.0	  0.1	0.000	0.000	0.000
261	  L	  2.0	  0.1	0.000	0.000	0.000
262	  S	  3.2	  0.1	0.467	0.000	0.000
263	  M	  4.8	  0.0	0.467	0.000	0.000
264	  E	  3.1	  0.0	0.467	0.000	0.000
265	  I	  2.6	  0.0	0.467	0.000	0.000
266	  L	  3.7	  0.0	0.467	0.000	0.000
267	  E	  3.7	  0.0	0.467	0.000	0.000
268	  V	  3.1	  0.3	0.198	0.000	0.000
269	  P	  0.2	  1.0	0.000	0.000	0.000
270	  E	  0.0	  1.0	0.000	0.000	0.000
271	  G	  0.0	  1.0	0.000	0.000	0.000
272	  R	  0.0	  0.7	0.000	0.000	0.000
273	  P	  0.0	  0.0	0.000	0.000	0.000
274	  I	  1.5	  0.0	0.000	0.000	0.000
275	  F	  3.4	  0.0	0.000	0.000	0.000
276	  L	  3.5	  0.0	0.000	0.000	0.000
277	  S	  2.0	  0.2	0.000	0.000	0.000
278	  P	  0.1	  0.2	0.000	0.000	0.000
279	  W	  0.1	  0.3	0.000	0.000	0.000
280	  V	  0.3	  0.9	0.000	0.000	0.000
281	  G	  0.3	  0.8	0.137	0.000	0.000
282	  S	  0.8	  0.8	0.381	0.000	0.000
283	  L	  0.9	  0.7	0.381	0.000	0.000
284	  Q	  0.9	  0.6	0.381	0.000	0.000
285	  K	  0.2	  0.6	0.381	0.000	0.000
286	  G	  0.0	  0.7	0.381	0.000	0.000
287	  Q	  0.3	  0.6	0.244	0.000	0.000
288	  R	  0.4	  0.1	0.000	0.000	0.000
289	  L	  1.2	  0.1	0.000	0.886	0.886
290	  C	  1.8	  0.0	0.000	0.886	0.886
291	  V	  2.8	  0.0	0.000	1.859	1.859
292	  Y	  2.1	  0.1	0.000	1.859	1.859
293	  G	  1.3	  0.1	0.000	1.859	1.859
294	  L	  0.5	  0.1	0.000	1.859	1.859
295	  A	  0.3	  0.1	0.000	1.378	1.378
296	  S	  0.3	  0.0	0.000	0.000	0.000
297	  P	  0.0	  0.2	0.000	0.000	0.000
298	  P	  0.0	  0.2	0.000	0.000	0.000
299	  W	  2.5	  0.2	0.127	0.000	0.000
300	  R	  4.2	  0.2	0.127	0.000	0.000
301	  V	  5.4	  0.0	0.127	0.000	0.000
302	  L	  3.0	  0.1	0.127	0.000	0.000
303	  A	  1.4	  0.3	0.127	0.000	0.000
304	  S	  0.4	  0.5	0.127	0.000	0.000
305	  S	  0.4	  1.4	0.000	0.000	0.000
306	  K	  0.2	  1.3	0.000	0.000	0.000
307	  G	  0.1	  1.3	0.000	0.000	0.000
308	  R	  1.0	  1.0	0.000	0.000	0.000
309	  K	  1.2	  0.1	0.000	0.000	0.000
310	  V	  1.2	  0.0	0.000	0.000	0.000
311	  P	  0.2	  0.1	0.000	0.000	0.000
312	  R	  1.8	  0.1	0.000	0.000	0.000
313	  H	  3.4	  0.1	0.000	0.000	0.000
314	  F	  4.5	  0.1	0.000	0.185	0.185
315	  L	  3.5	  0.0	0.000	0.185	0.185
316	  V	  2.5	  0.1	0.000	0.185	0.185
317	  S	  1.4	  0.6	0.000	0.185	0.185
318	  G	  0.6	  0.7	0.000	0.185	0.185
319	  G	  0.1	  0.7	0.206	0.000	0.000
320	  Y	  0.5	  1.0	0.206	0.000	0.000
321	  Q	  0.5	  0.5	0.206	0.000	0.000
322	  G	  0.5	  0.5	0.352	0.000	0.000
323	  K	  0.8	  0.5	0.352	0.000	0.000
324	  L	  0.9	  0.2	0.352	0.000	0.000
325	  R	  1.8	  0.1	0.352	0.000	0.000
326	  R	  1.1	  0.0	0.352	0.000	0.000
327	  R	  0.9	  0.2	0.145	0.000	0.000
328	  P	  0.1	  0.2	0.000	0.000	0.000
329	  R	  0.3	  0.2	0.000	0.000	0.000
330	  E	  0.4	  0.2	0.000	0.000	0.000
331	  F	  0.4	  0.4	0.000	0.000	0.000
332	  P	  0.1	  0.3	0.000	0.000	0.000
333	  T	  0.9	  0.3	0.000	0.000	0.000
334	  A	  1.1	  0.3	0.000	0.000	0.000
335	  Y	  2.3	  0.1	0.000	0.000	0.000
336	  D	  1.5	  0.2	0.268	0.000	0.000
337	  L	  1.3	  0.2	0.268	0.627	0.627
338	  L	  0.1	  0.6	0.268	0.627	0.627
339	  G	  0.1	  0.5	0.268	0.627	0.627
340	  A	  1.1	  0.4	0.268	0.627	0.627
341	  F	  1.5	  0.4	0.268	0.627	0.627
342	  Q	  1.5	  1.4	0.000	0.000	0.000
343	  P	  0.5	  1.4	0.000	0.000	0.000
344	  G	  0.0	  1.4	0.000	0.000	0.000
345	  R	  0.0	  1.5	0.000	0.000	0.000
346	  P	  0.0	  0.1	0.000	0.000	0.000
347	  L	  2.2	  0.1	0.000	0.000	0.000
348	  R	  4.4	  0.1	0.000	0.000	0.000
349	  V	  8.8	  0.0	0.000	0.000	0.000
350	  V	  7.8	  0.0	0.000	0.000	0.000
351	  A	  5.7	  0.0	0.000	0.000	0.000
352	  T	  1.8	  0.5	0.000	0.000	0.000
353	  K	  0.8	  0.5	0.000	0.000	0.000
354	  D	  1.7	  0.6	0.288	0.000	0.000
355	  C	  1.4	  1.5	1.111	0.000	0.000
356	  E	  1.3	  1.2	1.111	0.000	0.000
357	  G	  0.2	  1.3	1.353	0.000	0.000
358	  E	  0.1	  1.1	1.353	0.000	0.000
359	  R	  0.1	  0.3	1.353	0.000	0.000
360	  E	  0.1	  0.2	1.353	0.000	0.000
361	  E	  0.1	  0.1	1.353	0.000	0.000
362	  N	  0.1	  0.3	1.134	0.000	0.000
363	  P	  0.0	  0.2	0.000	0.000	0.000
364	  E	  2.5	  0.2	0.000	0.000	0.000
365	  F	  5.6	  0.3	0.000	0.686	0.686
366	  T	  6.2	  0.1	0.169	0.686	0.686
367	  S	  3.8	  0.1	0.169	0.686	0.686
368	  L	  1.0	  0.1	0.169	0.686	0.686
369	  A	  0.6	  0.0	0.169	0.686	0.686
370	  V	  0.5	  1.3	0.169	0.686	0.686
371	  G	  0.2	  1.3	0.169	0.276	0.276
372	  D	  0.1	  1.4	0.139	0.000	0.000
373	  R	  0.4	  1.4	0.139	0.000	0.000
374	  L	  2.2	  0.1	0.139	0.000	0.000
375	  E	  2.6	  0.1	0.139	0.000	0.000
376	  V	  2.9	  0.0	0.139	0.000	0.000
377	  L	  1.1	  0.1	0.139	0.000	0.000
378	  G	  0.6	  3.1	0.139	0.000	0.000
379	  P	  0.0	  3.1	0.000	0.000	0.000
380	  G	  0.1	  3.1	0.000	0.000	0.000
381	  Q	  0.2	  3.2	0.000	0.000	0.000
382	  A	  0.3	  0.5	0.000	0.000	0.000
383	  H	  0.3	  0.6	0.000	0.000	0.000
384	  G	  0.1	  0.9	0.000	0.000	0.000
385	  A	  0.1	  1.1	0.000	0.000	0.000
386	  Q	  0.0	  1.1	0.000	0.000	0.000
387	  G	  0.0	  1.3	0.000	0.000	0.000
388	  S	  0.0	  0.9	0.000	0.000	0.000
389	  D	  0.7	  0.8	0.000	0.000	0.000
390	  V	  8.7	  0.5	0.000	0.000	0.000
391	  D	  8.8	  0.2	0.259	0.000	0.000
392	  V	 14.3	  0.2	0.259	0.991	0.991
393	  L	  7.4	  0.0	0.259	0.991	0.991
394	  V	  8.1	  0.0	0.259	0.991	0.991
395	  C	  3.0	  0.1	0.383	0.991	0.991
396	  Q	  1.9	  0.1	0.383	0.991	0.991
397	  R	  1.5	  0.1	0.235	0.000	0.000
398	  L	  0.8	  0.3	0.124	0.000	0.000
399	  S	  0.5	  0.3	0.124	0.000	0.000
400	  D	  0.1	  0.5	0.124	0.000	0.000
401	  Q	  0.0	  0.8	0.000	0.000	0.000
402	  A	  0.0	  0.7	0.000	0.000	0.000
403	  G	  0.0	  1.0	0.000	0.000	0.000
404	  E	  0.0	  0.8	0.000	0.000	0.000
405	  D	  0.0	  0.7	0.000	0.000	0.000
406	  E	  0.0	  0.6	0.000	0.000	0.000
407	  E	  0.0	  0.3	0.000	0.000	0.000
408	  E	  0.0	  0.3	0.000	0.000	0.000
409	  E	  1.2	  0.1	0.000	0.000	0.000
410	  C	  1.5	  0.2	0.383	0.000	0.000
411	  K	  1.7	  0.2	0.383	0.000	0.000
412	  E	  0.5	  0.2	0.383	0.000	0.000
413	  E	  0.2	  0.2	0.383	0.000	0.000
414	  A	  0.1	  0.1	0.383	0.000	0.000
415	  E	  0.1	  0.0	0.383	0.000	0.000
416	  S	  0.1	  0.3	0.693	0.000	0.000
417	  P	  0.0	  0.4	0.524	0.000	0.000
418	  E	  0.1	  0.4	0.524	0.000	0.000
419	  R	  1.8	  0.4	0.524	0.000	0.000
420	  V	  9.2	  0.1	0.524	0.000	0.000
421	  L	  9.2	  0.0	0.524	0.000	0.000
422	  L	  7.6	  0.0	0.226	0.000	0.000
423	  P	  0.1	  0.0	0.000	0.000	0.000
424	  F	  4.9	  0.0	0.000	0.000	0.000
425	  H	  5.2	  0.0	0.000	0.000	0.000
426	  F	  5.2	  2.0	0.000	0.000	0.000
427	  P	  0.3	  2.4	0.000	0.000	0.000
428	  G	  0.1	  2.4	0.000	0.000	0.000
429	  S	  1.0	  2.4	0.000	0.000	0.000
430	  F	  3.1	  0.4	0.000	0.000	0.000
431	  V	  3.6	  0.0	0.000	0.000	0.000
432	  E	  2.7	  0.0	0.000	0.000	0.000
433	  E	  1.0	  0.0	0.000	0.000	0.000
434	  M	  0.5	  0.3	0.000	0.000	0.000
435	  S	  0.6	  0.8	0.797	0.000	0.000
436	  D	  0.2	  0.9	0.952	0.000	0.000
437	  S	  0.7	  1.0	0.952	0.000	0.000
438	  R	  1.5	  0.8	0.952	0.000	0.000
439	  R	  2.4	  0.2	0.952	0.000	0.000
440	  Y	  5.1	  0.1	0.952	0.000	0.000
441	  S	  4.3	  0.0	1.654	0.000	0.000
442	  L	  3.3	  0.3	1.289	0.000	0.000
443	  A	  0.2	  0.3	1.289	0.000	0.000
444	  D	  0.3	  0.3	1.437	0.000	0.000
445	  L	  1.0	  0.3	1.437	0.000	0.000
446	  T	  2.0	  0.0	1.437	0.000	0.000
447	  A	  2.1	  0.0	1.437	0.000	0.000
448	  Q	  3.8	  0.0	1.268	0.000	0.000
449	  F	  8.6	  0.0	0.604	0.000	0.000
450	  S	  8.3	  0.0	0.111	0.000	0.000
451	  L	  6.0	  0.0	0.000	0.000	0.000
452	  P	  0.1	  0.0	0.000	0.000	0.000
453	  C	  5.6	  0.0	0.000	0.000	0.000
454	  E	 18.1	  0.0	0.000	0.556	0.556
455	  V	 30.6	  0.0	0.000	0.556	0.556
456	  K	 27.5	  0.0	0.000	0.556	0.556
457	  V	 18.7	  0.0	0.000	0.556	0.556
458	  V	  5.6	  0.0	0.000	0.556	0.556
459	  A	  3.7	  0.2	0.000	0.556	0.556
460	  K	  0.8	  0.2	0.000	0.000	0.000
461	  D	  0.4	  0.6	0.000	0.000	0.000
462	  T	  1.5	  0.6	0.000	0.000	0.000
463	  S	  1.3	  0.5	0.000	0.000	0.000
464	  H	  1.2	  1.1	0.000	0.000	0.000
465	  P	  0.1	  0.7	0.000	0.000	0.000
466	  T	  0.0	  0.7	0.000	0.000	0.000
467	  D	  0.0	  1.0	2.273	0.000	0.000
468	  P	  0.0	  0.3	2.273	0.000	0.000
469	  L	  0.6	  0.4	2.273	3.147	3.147
470	  T	  2.2	  0.4	2.273	3.147	3.147
471	  S	  2.7	  0.1	2.273	3.147	3.147
472	  F	  2.6	  0.2	2.273	3.147	3.147
473	  L	  1.0	  0.2	1.214	3.147	3.147
474	  G	  0.5	  0.2	1.352	2.558	2.558
475	  L	  1.7	  0.2	0.457	2.162	2.162
476	  R	  2.0	  0.1	0.138	0.000	0.000
477	  L	  2.0	  0.1	0.138	0.000	0.000
478	  E	  0.5	  0.1	0.138	0.000	0.000
479	  E	  0.2	  0.1	0.138	0.000	0.000
480	  K	  5.8	  0.1	0.000	0.000	0.000
481	  I	  7.5	  0.0	0.000	0.000	0.000
482	  T	  7.4	  0.0	0.000	0.000	0.000
483	  E	  1.8	  0.0	0.000	0.000	0.000
484	  P	  0.0	  0.0	0.000	1.851	1.851
485	  F	  1.0	  0.0	0.000	37.284	37.284
486	  L	  2.8	  0.0	0.000	43.961	43.961
487	  V	  7.2	  0.0	0.000	43.961	43.961
488	  V	 10.9	  0.0	0.000	43.961	43.961
489	  S	 11.4	  0.7	0.000	42.478	42.478
490	  L	  7.3	  0.8	0.000	36.993	36.993
491	  D	  2.9	  0.8	0.000	0.000	0.000
492	  S	  0.4	  0.7	0.000	0.000	0.000
493	  E	  0.1	  0.9	0.000	0.000	0.000
494	  P	  0.0	  0.8	0.000	0.000	0.000
495	  G	  0.0	  0.8	0.000	0.000	0.000
496	  M	  1.2	  0.8	0.000	0.000	0.000
497	  C	  5.1	  0.0	0.000	0.000	0.000
498	  F	 13.9	  0.0	0.000	0.000	0.000
499	  E	 12.7	  0.0	0.000	0.000	0.000
500	  I	  9.0	  0.0	0.000	0.000	0.000
501	  P	  0.0	  0.2	0.000	0.000	0.000
502	  P	  0.0	  0.2	0.000	0.000	0.000
503	  R	  0.4	  0.2	0.000	0.000	0.000
504	  W	  0.9	  0.4	0.000	0.137	0.137
505	  L	  1.9	  0.2	0.000	0.137	0.137
506	  D	  1.6	  0.2	0.472	0.137	0.137
507	  L	  4.5	  0.2	0.472	0.137	0.137
508	  T	  9.0	  0.0	1.361	0.137	0.137
509	  V	 11.4	  0.0	1.361	0.137	0.137
510	  V	 10.1	  0.0	1.361	0.137	0.137
511	  K	  5.0	  0.2	1.361	0.137	0.137
512	  A	  2.3	  0.7	1.230	0.000	0.000
513	  K	  0.3	  0.7	1.230	0.000	0.000
514	  G	  0.0	  0.7	0.304	0.000	0.000
515	  Q	  0.0	  1.3	0.153	0.000	0.000
516	  P	  0.0	  0.7	0.000	0.000	0.000
517	  D	  0.0	  0.7	0.000	0.000	0.000
518	  L	  0.0	  1.2	0.000	0.000	0.000
519	  P	  0.0	  1.3	0.000	0.000	0.000
520	  E	  0.0	  1.9	0.000	0.000	0.000
521	  G	  0.0	  1.9	0.000	0.000	0.000
522	  S	  0.1	  1.4	0.000	0.000	0.000
523	  L	  0.2	  0.7	0.000	0.000	0.000
524	  P	  0.1	  0.0	0.000	0.000	0.000
525	  I	  1.2	  0.0	0.000	0.000	0.000
526	  A	  1.9	  0.0	0.000	0.000	0.000
527	  T	  8.9	  0.0	0.000	0.000	0.000
528	  V	  8.3	  0.0	0.000	0.000	0.000
529	  E	  7.6	  0.0	0.000	0.000	0.000
530	  E	  1.1	  0.0	0.000	0.000	0.000
531	  L	  0.8	  0.1	0.000	0.366	0.366
532	  T	  1.2	  0.1	0.179	0.366	0.366
533	  D	  2.2	  0.1	0.294	0.366	0.366
534	  T	  8.4	  0.1	2.154	0.366	0.366
535	  F	  9.4	  0.1	2.154	0.366	0.366
536	  Y	  9.6	  0.0	2.154	0.366	0.366
537	  Y	  5.1	  0.0	2.154	0.366	0.366
538	  R	  4.2	  0.0	2.154	0.366	0.366
539	  L	  2.6	  0.1	2.154	0.366	0.366
540	  R	  1.5	  0.1	1.969	0.000	0.000
541	  K	  1.0	  0.0	1.576	0.000	0.000
542	  L	  0.8	  0.0	0.500	0.000	0.000
543	  P	  0.1	  0.0	0.000	0.000	0.000
544	  A	  0.1	  0.0	0.000	0.000	0.000
545	  C	  3.6	  0.0	0.000	0.000	0.000
546	  E	  4.3	  0.0	0.000	0.000	0.000
547	  I	  5.1	  0.0	0.000	0.000	0.000
548	  Q	  1.6	  0.0	0.000	0.000	0.000
549	  A	  0.9	  0.0	0.000	0.000	0.000
550	  P	  0.0	  0.0	0.000	0.000	0.000
551	  P	  0.0	  0.0	0.000	0.000	0.000
552	  P	  0.0	  0.0	0.000	0.000	0.000
553	  R	  0.0	  0.0	0.000	0.000	0.000
554	  P	  0.0	  0.3	0.000	0.000	0.000
555	  P	  0.0	  0.5	0.000	0.000	0.000
556	  K	  0.1	  0.6	0.000	0.000	0.000
557	  N	  0.1	  0.7	0.000	0.000	0.000
558	  Q	  0.1	  0.5	0.000	0.000	0.000
559	  G	  0.0	  0.2	0.000	0.000	0.000
560	  L	  0.3	  0.2	0.000	0.000	0.000
561	  S	  0.6	  0.2	0.295	0.000	0.000
562	  K	  0.7	  0.2	0.295	0.000	0.000
563	  Q	  0.7	  0.2	0.295	0.000	0.000
564	  R	  0.9	  0.2	0.295	0.000	0.000
565	  R	  0.9	  0.1	0.295	0.000	0.000
566	  H	  0.7	  0.3	0.295	0.000	0.000
567	  S	  0.3	  0.6	0.000	0.000	0.000
568	  S	  0.2	  1.0	0.000	0.000	0.000
569	  E	  0.1	  2.3	0.000	0.000	0.000
570	  G	  0.0	  2.1	0.000	0.000	0.000
571	  G	  0.1	  1.8	0.000	0.000	0.000
572	  V	  3.2	  1.3	0.000	0.000	0.000
573	  K	  3.3	  0.1	0.000	0.000	0.000
574	  S	  3.4	  0.2	0.000	0.000	0.000
575	  S	  0.5	  0.2	0.000	0.000	0.000
576	  Q	  0.9	  0.2	0.000	0.000	0.000
577	  V	  1.3	  0.1	0.000	0.000	0.000
578	  L	  1.2	  0.0	0.000	0.000	0.000
579	  G	  0.7	  0.0	0.000	0.000	0.000
580	  L	  0.3	  0.1	0.000	0.000	0.000
581	  Q	  0.4	  0.1	0.000	0.000	0.000
582	  Q	  0.5	  0.1	0.000	0.000	0.000
583	  H	  0.6	  0.2	0.000	0.000	0.000
584	  A	  0.9	  0.2	0.000	0.000	0.000
585	  R	  0.9	  0.2	0.000	0.000	0.000
586	  L	  0.6	  0.2	0.000	0.000	0.000
587	  P	  0.1	  0.0	0.000	0.000	0.000
588	  K	  0.0	  0.2	0.000	0.000	0.000
589	  P	  0.0	  0.2	0.000	0.000	0.000
590	  K	  0.3	  0.2	0.000	0.000	0.000
591	  A	  0.4	  0.3	0.000	0.000	0.000
592	  K	  0.8	  0.1	0.000	0.000	0.000
593	  T	  0.8	  0.1	0.000	0.000	0.000
594	  L	  0.7	  0.5	0.000	0.000	0.000
595	  P	  0.3	  0.4	0.000	0.000	0.000
596	  E	  0.1	  0.4	0.000	0.000	0.000
597	  F	  1.4	  0.4	0.000	0.000	0.000
598	  I	  1.6	  0.4	0.000	0.000	0.000
599	  K	  1.6	  0.6	0.000	0.000	0.000
600	  D	  0.3	  1.0	0.000	0.000	0.000
601	  G	  0.0	  1.1	0.000	0.000	0.000
602	  S	  0.2	  0.8	0.000	0.000	0.000
603	  S	  0.8	  0.6	0.000	0.000	0.000
604	  T	 31.5	  0.2	0.000	0.000	0.000
605	  Y	 32.9	  0.2	0.000	0.000	0.000
606	  S	 32.9	  0.1	0.000	0.000	0.000
607	  K	  3.2	  0.1	0.000	0.000	0.000
608	  I	  0.6	  0.1	0.000	0.000	0.000
609	  P	  0.1	  0.0	0.000	0.000	0.000
610	  A	  0.2	  0.0	0.000	0.000	0.000
611	  H	  0.6	  0.3	0.000	0.000	0.000
612	  R	  0.6	  0.8	0.000	0.000	0.000
613	  K	  0.5	  0.9	0.000	0.000	0.000
614	  G	  0.1	  0.9	0.000	0.000	0.000
615	  H	  0.2	  0.6	0.000	0.000	0.000
616	  R	  0.2	  0.1	0.000	0.000	0.000
617	  P	  0.1	  0.0	0.000	0.000	0.000
618	  A	  0.0	  0.0	0.000	0.000	0.000
619	  K	  0.0	  0.2	0.000	0.000	0.000
620	  P	  0.0	  0.2	0.000	0.000	0.000
621	  Q	  0.6	  0.3	0.000	0.000	0.000
622	  R	  1.8	  0.6	0.000	0.000	0.000
623	  Q	  1.9	  0.5	0.000	0.000	0.000
624	  D	  1.5	  2.2	0.000	0.000	0.000
625	  L	  0.3	  2.4	0.000	0.000	0.000
626	  D	  0.2	  4.0	0.000	0.000	0.000
627	  D	  0.1	  4.1	0.000	0.000	0.000
628	  D	  0.0	  2.5	0.000	0.000	0.000
629	  E	  0.4	  2.4	0.000	0.000	0.000
630	  H	  0.7	  0.4	0.000	0.000	0.000
631	  D	  2.2	  0.3	0.514	0.000	0.000
632	  Y	  2.5	  0.2	0.514	0.000	0.000
633	  E	  2.2	  0.1	0.514	0.000	0.000
634	  E	  0.9	  0.1	0.514	0.000	0.000
635	  I	  0.9	  0.1	0.514	0.000	0.000
636	  L	  1.0	  0.2	0.514	0.000	0.000
637	  E	  0.9	  0.2	0.514	0.000	0.000
638	  Q	  4.2	  0.2	0.514	0.000	0.000
639	  F	  6.0	  0.2	0.237	0.000	0.000
640	  Q	  6.2	  0.1	0.000	0.000	0.000
641	  K	  2.9	  0.1	0.000	0.000	0.000
642	  T	  0.9	  0.1	0.000	0.000	0.000
643	  I	  0.7	  0.0	0.000	0.000	0.000
