res	aa	Beta	Turn	Helix	Aggregation	Conc-Stab_Aggregation
01	  M	  0.4	  0.0	0.000	0.000	0.000
02	  A	  0.9	  0.0	0.000	0.000	0.000
03	  I	  5.2	  0.0	0.000	0.000	0.000
04	  T	  7.1	  0.0	0.642	0.000	0.000
05	  Q	  8.6	  0.0	0.642	0.000	0.000
06	  F	  6.3	  0.1	0.642	0.000	0.000
07	  R	  4.4	  0.0	0.642	0.000	0.000
08	  L	  2.7	  0.0	0.642	0.000	0.000
09	  F	  2.1	  0.0	0.642	0.000	0.000
10	  K	  2.3	  0.0	0.426	0.000	0.000
11	  F	  3.3	  0.0	0.184	3.152	3.152
12	  C	  5.9	  0.0	0.000	3.341	3.341
13	  T	  7.1	  0.0	0.000	7.179	7.179
14	  C	  7.9	  0.0	0.113	13.634	13.634
15	  L	  4.1	  0.0	0.113	45.773	45.773
16	  A	  2.7	  0.0	0.113	49.812	49.812
17	  T	  6.0	  0.0	0.211	53.697	53.697
18	  V	 10.1	  0.0	0.211	58.039	58.039
19	  F	 15.4	  0.0	0.211	57.692	57.692
20	  S	 10.8	  0.0	1.607	43.286	43.286
21	  F	  7.3	  0.0	1.712	41.281	41.281
22	  L	  1.3	  0.0	1.712	28.950	28.950
23	  K	  1.0	  0.1	1.712	0.000	0.000
24	  R	  0.9	  0.1	1.712	0.000	0.000
25	  L	  1.7	  0.1	1.712	0.000	0.000
26	  I	  2.5	  0.0	1.533	0.000	0.000
27	  C	  3.0	  0.6	1.533	0.000	0.000
28	  R	  2.2	  0.8	0.615	0.000	0.000
29	  S	  1.3	  1.6	0.298	0.000	0.000
30	  G	  0.2	  1.9	0.000	0.000	0.000
31	  R	  0.1	  1.4	0.000	0.000	0.000
32	  G	  0.1	  1.1	0.000	0.000	0.000
33	  R	  0.4	  0.4	0.000	0.000	0.000
34	  K	  0.8	  0.3	0.000	0.000	0.000
35	  L	  1.0	  0.4	0.000	0.000	0.000
36	  S	  0.7	  1.4	0.000	0.000	0.000
37	  G	  0.2	  1.4	0.000	0.000	0.000
38	  D	  0.3	  1.3	0.000	0.000	0.000
39	  Q	  2.0	  1.2	0.000	0.000	0.000
40	  I	 21.2	  0.0	0.000	0.000	0.000
41	  T	 21.1	  0.0	0.000	0.000	0.000
42	  L	 19.5	  0.1	0.000	0.000	0.000
43	  P	  0.2	  0.1	0.000	0.000	0.000
44	  T	  1.8	  0.1	0.000	0.000	0.000
45	  T	  6.5	  0.2	0.000	0.000	0.000
46	  V	  8.4	  0.1	0.000	0.000	0.000
47	  D	  7.3	  0.4	0.000	0.000	0.000
48	  Y	  4.1	  0.6	0.000	0.000	0.000
49	  S	  2.4	  0.6	0.000	0.000	0.000
50	  S	  2.0	  0.6	0.000	0.000	0.000
51	  V	  0.5	  0.2	0.000	0.000	0.000
52	  P	  0.2	  0.1	0.000	0.000	0.000
53	  K	  0.2	  0.1	0.000	0.000	0.000
54	  Q	  0.3	  0.2	0.000	0.000	0.000
55	  T	  0.8	  0.2	0.000	0.000	0.000
56	  D	  3.0	  0.1	0.000	0.000	0.000
57	  V	  3.5	  0.0	0.000	0.000	0.000
58	  E	  3.0	  0.0	0.000	0.000	0.000
59	  E	  2.2	  0.0	0.000	0.000	0.000
60	  W	  3.3	  0.0	0.000	0.000	0.000
61	  T	  4.6	  0.0	0.000	0.000	0.000
62	  S	  8.1	  0.4	0.000	0.000	0.000
63	  W	  6.6	  0.5	0.000	0.000	0.000
64	  D	  5.3	  4.3	0.000	0.000	0.000
65	  E	  0.2	  4.3	0.000	0.000	0.000
66	  D	  0.0	  3.9	0.000	0.000	0.000
67	  A	  0.0	  4.1	0.000	0.000	0.000
68	  P	  0.0	  0.2	0.000	0.000	0.000
69	  T	  0.8	  0.2	0.000	0.000	0.000
70	  S	  2.4	  0.2	0.000	0.000	0.000
71	  V	 10.0	  0.0	0.000	0.000	0.000
72	  K	 12.9	  0.0	0.000	0.000	0.000
73	  I	 11.7	  0.1	0.000	0.000	0.000
74	  E	  4.6	  0.4	0.000	0.000	0.000
75	  G	  0.3	  1.9	0.000	0.000	0.000
76	  G	  0.0	  2.2	0.000	0.000	0.000
77	  N	  0.0	  2.2	0.000	0.000	0.000
78	  G	  0.0	  1.9	0.000	0.000	0.000
79	  N	  0.4	  0.4	0.786	0.000	0.000
80	  V	  1.5	  0.1	0.786	0.000	0.000
81	  A	  1.8	  0.0	0.786	0.000	0.000
82	  T	  3.1	  0.1	0.786	0.000	0.000
83	  Q	  2.2	  0.2	0.786	0.000	0.000
84	  Q	  2.0	  0.2	0.786	0.000	0.000
85	  N	  0.3	  0.3	0.166	0.000	0.000
86	  S	  1.2	  0.2	0.000	0.000	0.000
87	  L	  1.1	  0.2	0.000	0.000	0.000
88	  E	  1.1	  0.1	0.000	0.000	0.000
89	  Q	  3.7	  0.1	0.000	0.000	0.000
90	  L	  3.7	  0.1	0.000	0.000	0.000
91	  E	  3.7	  0.6	0.000	0.000	0.000
92	  P	  0.1	  0.6	0.000	0.000	0.000
93	  D	  1.0	  0.6	0.000	0.000	0.000
94	  Y	  2.3	  0.6	0.000	0.000	0.000
95	  F	  2.8	  0.6	0.000	0.000	0.000
96	  K	  1.9	  0.6	0.000	0.000	0.000
97	  D	  0.9	  0.6	0.000	0.000	0.000
98	  M	  0.6	  0.6	0.000	0.000	0.000
99	  T	  0.5	  0.2	0.337	0.000	0.000
100	  P	  0.2	  0.2	0.337	0.000	0.000
101	  T	  7.2	  0.2	0.337	0.000	0.000
102	  I	  7.9	  0.2	0.337	0.000	0.000
103	  R	  8.2	  0.1	0.337	0.000	0.000
104	  K	  1.4	  0.1	0.337	0.000	0.000
105	  T	  2.2	  0.1	0.000	0.000	0.000
106	  Q	  2.2	  0.1	0.000	0.000	0.000
107	  K	  3.4	  0.0	0.000	0.000	0.000
108	  I	  9.5	  0.0	0.000	0.000	0.000
109	  V	 11.8	  0.0	0.000	0.000	0.000
110	  I	 10.7	  0.0	0.000	0.000	0.000
111	  K	  3.1	  0.1	0.000	0.000	0.000
112	  K	  1.2	  0.1	0.000	0.000	0.000
113	  R	  0.8	  0.1	0.000	0.000	0.000
114	  E	  0.7	  0.0	0.000	0.000	0.000
115	  P	  0.0	  0.1	0.000	0.000	0.000
116	  L	  1.9	  0.1	0.000	0.000	0.000
117	  N	  1.9	  0.1	0.000	0.000	0.000
118	  F	  2.5	  0.1	0.000	0.000	0.000
119	  G	  0.7	  0.0	0.000	0.000	0.000
120	  I	  0.6	  1.4	0.000	0.000	0.000
121	  P	  0.0	  1.8	0.000	0.000	0.000
122	  D	  0.0	  2.8	0.000	0.000	0.000
123	  G	  0.0	  3.1	0.000	0.000	0.000
124	  S	  0.1	  1.8	0.000	0.000	0.000
125	  T	  0.2	  1.4	0.000	0.000	0.000
126	  G	  0.2	  0.5	0.000	0.000	0.000
127	  F	  1.8	  0.3	0.000	0.000	0.000
128	  S	  2.0	  0.2	0.272	0.000	0.000
129	  S	  2.0	  0.3	0.272	0.000	0.000
130	  R	  0.6	  0.3	0.272	0.000	0.000
131	  L	  0.3	  0.1	0.272	0.000	0.000
132	  A	  0.3	  0.1	0.272	0.000	0.000
133	  A	  0.4	  0.0	0.272	0.000	0.000
134	  T	  0.9	  0.3	0.000	0.000	0.000
135	  Q	  1.1	  0.3	0.000	0.000	0.000
136	  D	  0.9	  0.3	0.000	0.000	0.000
137	  L	  0.3	  0.2	0.000	0.000	0.000
138	  P	  0.0	  0.0	0.000	0.000	0.000
139	  F	  0.8	  0.0	0.000	0.000	0.000
140	  I	  1.8	  0.0	0.000	0.000	0.000
141	  H	  2.1	  0.2	0.000	0.000	0.000
142	  Q	  1.5	  0.3	0.000	0.000	0.000
143	  S	  0.5	  0.4	0.000	0.000	0.000
144	  S	  0.2	  0.6	0.000	0.000	0.000
145	  E	  0.1	  0.4	0.000	0.000	0.000
146	  L	  0.0	  1.1	0.000	0.000	0.000
147	  G	  0.0	  1.0	0.000	0.000	0.000
148	  D	  0.1	  1.7	0.232	0.000	0.000
149	  L	  0.3	  1.7	0.232	0.000	0.000
150	  D	  1.7	  1.0	0.232	0.000	0.000
151	  T	 16.1	  0.9	0.232	0.000	0.000
152	  W	 16.5	  0.0	0.232	0.000	0.000
153	  Q	 15.2	  0.2	0.232	0.000	0.000
154	  E	  0.9	  0.2	0.000	0.000	0.000
155	  N	  0.3	  0.8	0.000	0.000	0.000
156	  T	  0.4	  0.7	0.000	0.000	0.000
157	  N	  0.4	  0.6	0.000	0.000	0.000
158	  A	  0.4	  0.6	0.000	0.000	0.000
159	  W	  0.7	  0.1	0.000	0.000	0.000
160	  E	  0.6	  0.1	0.000	0.000	0.000
161	  E	  0.4	  0.1	0.000	0.000	0.000
162	  E	  0.0	  0.3	0.000	0.000	0.000
163	  E	  0.0	  0.3	0.215	0.000	0.000
164	  D	  0.0	  0.2	4.496	0.000	0.000
165	  A	  0.1	  0.2	4.882	0.000	0.000
166	  A	  0.4	  0.0	5.027	0.000	0.000
167	  W	  1.7	  0.0	6.763	0.000	0.000
168	  Q	  1.8	  0.0	9.781	0.000	0.000
169	  A	  1.5	  0.1	11.939	0.000	0.000
170	  E	  0.2	  0.1	13.159	0.000	0.000
171	  E	  0.4	  0.0	13.385	0.000	0.000
172	  V	  2.1	  0.0	13.457	0.000	0.000
173	  L	  2.3	  0.0	14.272	0.000	0.000
174	  R	  2.3	  0.1	14.272	0.000	0.000
175	  Q	  0.8	  0.1	14.272	0.000	0.000
176	  Q	  0.8	  0.1	9.949	0.000	0.000
177	  K	  0.7	  0.1	8.661	0.000	0.000
178	  L	  0.5	  0.3	8.278	0.000	0.000
179	  A	  0.3	  0.3	13.112	0.000	0.000
180	  D	  0.0	  0.3	23.080	0.000	0.000
181	  R	  0.0	  0.4	21.861	0.000	0.000
182	  E	  0.1	  0.2	23.320	0.000	0.000
183	  K	  0.3	  0.2	23.320	0.000	0.000
184	  R	  0.3	  0.1	23.961	0.000	0.000
185	  A	  0.2	  0.0	23.943	0.000	0.000
186	  A	  0.1	  0.1	24.354	0.000	0.000
187	  E	  0.1	  0.1	24.270	0.000	0.000
188	  Q	  0.2	  0.1	23.094	0.000	0.000
189	  Q	  0.5	  0.1	20.090	0.000	0.000
190	  R	  0.4	  0.1	16.809	0.000	0.000
191	  K	  0.3	  0.1	14.613	0.000	0.000
192	  K	  1.6	  0.1	9.501	0.000	0.000
193	  M	  1.7	  0.1	6.183	0.000	0.000
194	  E	  1.7	  0.1	4.819	0.000	0.000
195	  K	  0.4	  0.1	6.139	0.000	0.000
196	  E	  0.3	  0.1	6.399	0.000	0.000
197	  A	  0.3	  0.1	6.081	0.000	0.000
198	  Q	  0.5	  0.1	5.908	0.000	0.000
199	  R	  0.8	  0.1	4.747	0.000	0.000
200	  L	  1.0	  0.1	4.386	0.000	0.000
201	  M	  0.8	  0.1	3.797	0.000	0.000
202	  K	  0.6	  0.1	1.680	0.000	0.000
203	  K	  0.4	  0.2	0.302	0.000	0.000
204	  E	  0.4	  0.3	0.000	0.000	0.000
205	  Q	  0.3	  0.2	0.000	0.000	0.000
206	  N	  0.4	  0.2	0.000	0.000	0.000
207	  K	  0.5	  0.1	0.000	0.000	0.000
208	  I	  0.6	  0.0	0.000	0.000	0.000
209	  G	  0.5	  0.0	0.000	0.000	0.000
210	  V	  7.7	  0.0	0.000	0.000	0.000
211	  K	  7.9	  0.0	0.000	0.000	0.000
212	  L	  7.8	  0.0	0.000	0.000	0.000
213	  S	  0.4	  0.0	0.000	0.000	0.000
