res	aa	Beta	Turn	Helix	Aggregation	Conc-Stab_Aggregation
01	  M	  0.8	  0.0	0.000	0.000	0.000
02	  G	  0.8	  0.0	0.000	0.000	0.000
03	  I	  0.8	  0.2	0.000	0.000	0.000
04	  P	  0.1	  0.4	0.000	0.000	0.000
05	  M	  0.1	  0.5	0.000	0.000	0.000
06	  G	  0.1	  0.7	0.000	0.000	0.000
07	  K	  0.3	  0.5	0.000	0.000	0.000
08	  S	  0.5	  0.3	0.378	3.295	3.295
09	  M	  1.5	  0.1	0.378	30.264	30.264
10	  L	  3.2	  0.0	0.378	88.240	88.240
11	  V	  6.6	  0.0	0.378	98.846	98.846
12	  L	  5.8	  0.0	0.378	99.739	99.739
13	  L	  7.7	  0.0	0.378	99.895	99.895
14	  T	  7.2	  0.0	0.378	99.893	99.893
15	  F	  7.6	  0.0	0.378	99.862	99.862
16	  L	  4.0	  0.0	0.167	99.103	99.103
17	  A	  1.0	  0.0	0.167	94.919	94.919
18	  F	  0.9	  0.2	0.167	91.374	91.374
19	  A	  1.1	  0.2	0.000	47.874	47.874
20	  S	 10.6	  0.2	0.503	11.315	11.315
21	  C	 20.3	  0.2	1.094	6.760	6.760
22	  C	 27.8	  0.0	1.314	5.873	5.873
23	  I	 19.3	  0.0	1.314	5.698	5.698
24	  A	  9.7	  0.0	1.314	3.784	3.784
25	  A	  1.6	  0.0	1.314	2.168	2.168
26	  Y	  1.2	  0.0	1.314	1.658	1.658
27	  R	  1.1	  0.3	0.760	0.000	0.000
28	  P	  0.4	  0.4	0.000	0.000	0.000
29	  S	  0.0	  0.5	0.000	0.000	0.000
30	  E	  0.1	  0.5	0.000	0.000	0.000
31	  T	  1.4	  0.2	0.000	0.000	0.000
32	  L	  1.5	  0.1	0.000	0.000	0.000
33	  C	  1.6	  1.0	0.000	0.000	0.000
34	  G	  0.2	  1.1	0.000	0.000	0.000
35	  G	  0.1	  1.2	0.000	0.000	0.000
36	  E	  0.1	  1.2	0.000	0.000	0.000
37	  L	  0.6	  0.2	0.000	0.000	0.000
38	  V	  1.5	  0.1	0.000	0.000	0.000
39	  D	  1.4	  0.1	0.000	0.000	0.000
40	  T	  3.8	  0.1	0.000	0.387	0.387
41	  L	  4.5	  0.1	0.000	0.387	0.387
42	  Q	  6.0	  0.0	0.000	0.387	0.387
43	  F	  5.4	  0.0	0.000	0.387	0.387
44	  V	  4.1	  0.0	0.000	0.387	0.387
45	  C	  2.6	  0.7	0.000	0.000	0.000
46	  G	  0.4	  0.9	0.000	0.000	0.000
47	  D	  0.1	  1.1	0.000	0.000	0.000
48	  R	  0.1	  1.1	0.000	0.000	0.000
49	  G	  0.2	  0.4	0.000	0.355	0.355
50	  F	  1.6	  0.2	0.000	0.355	0.355
51	  Y	  3.8	  0.0	0.000	0.355	0.355
52	  F	  7.2	  0.0	0.000	0.355	0.355
53	  S	  5.9	  0.0	0.000	0.355	0.355
54	  R	  3.5	  0.0	0.000	0.000	0.000
55	  P	  0.0	  0.2	0.000	0.000	0.000
56	  A	  0.2	  0.2	0.000	0.000	0.000
57	  S	  0.4	  0.2	0.150	0.000	0.000
58	  R	  1.7	  0.2	0.150	0.000	0.000
59	  V	  2.5	  0.1	0.150	0.000	0.000
60	  S	  2.8	  0.1	0.150	0.000	0.000
61	  R	  1.8	  0.2	0.150	0.000	0.000
62	  R	  1.1	  0.3	0.150	0.000	0.000
63	  S	  0.7	  0.5	0.000	0.000	0.000
64	  R	  0.5	  0.4	0.000	0.000	0.000
65	  G	  0.3	  0.3	0.000	0.000	0.000
66	  I	  3.0	  0.2	0.000	0.000	0.000
67	  V	  3.4	  0.1	0.000	0.000	0.000
68	  E	  3.4	  0.1	0.000	0.000	0.000
69	  E	  1.7	  0.1	0.000	0.000	0.000
70	  C	  6.6	  0.1	0.000	0.000	0.000
71	  C	  9.5	  0.0	0.000	0.000	0.000
72	  F	 10.1	  0.1	0.000	0.000	0.000
73	  R	  4.9	  0.2	0.000	0.000	0.000
74	  S	  8.3	  0.6	0.000	0.000	0.000
75	  C	  7.0	  0.7	0.000	0.000	0.000
76	  D	  6.8	  0.5	1.167	0.000	0.000
77	  L	  0.9	  0.5	1.167	0.000	0.000
78	  A	  0.6	  0.1	1.167	0.000	0.000
79	  L	  0.6	  0.0	1.167	0.000	0.000
80	  L	  0.4	  0.2	1.167	0.000	0.000
81	  E	  0.3	  0.2	1.167	0.000	0.000
82	  T	  9.7	  0.2	0.379	0.000	0.000
83	  Y	 12.3	  0.2	0.379	0.000	0.000
84	  C	 12.3	  0.0	0.178	0.000	0.000
85	  A	  3.2	  0.0	0.000	0.000	0.000
86	  T	  0.3	  0.0	0.118	0.000	0.000
87	  P	  0.0	  0.0	0.118	0.000	0.000
88	  A	  0.1	  0.1	0.118	0.000	0.000
89	  K	  0.4	  0.2	0.118	0.000	0.000
90	  S	  0.5	  0.3	0.557	0.000	0.000
91	  E	  0.6	  0.4	0.557	0.000	0.000
92	  R	  0.6	  0.3	0.439	0.000	0.000
93	  D	  1.3	  0.5	0.439	0.000	0.000
94	  V	  2.7	  0.3	0.439	0.000	0.000
95	  S	  2.5	  0.2	0.439	0.000	0.000
96	  T	  1.6	  0.2	0.000	0.000	0.000
97	  P	  0.0	  0.2	0.000	0.000	0.000
98	  P	  0.0	  0.2	0.000	0.000	0.000
99	  T	  7.9	  0.2	0.000	0.000	0.000
100	  V	  8.4	  0.2	0.000	0.000	0.000
101	  L	  8.4	  0.9	0.000	0.000	0.000
102	  P	  0.5	  1.1	0.000	0.000	0.000
103	  D	  0.1	  1.1	0.000	0.000	0.000
104	  N	  0.2	  1.1	0.000	0.000	0.000
105	  F	  0.2	  0.4	0.000	0.000	0.000
106	  P	  0.1	  0.2	0.000	0.000	0.000
107	  R	  0.1	  0.2	0.000	0.000	0.000
108	  Y	  0.1	  0.2	0.000	0.000	0.000
109	  P	  0.1	  0.2	0.000	0.000	0.000
110	  V	  0.1	  0.7	0.000	0.000	0.000
111	  G	  0.1	  0.7	0.000	0.000	0.000
112	  K	  0.4	  0.7	0.000	0.000	0.000
113	  F	  2.5	  0.4	0.000	0.000	0.000
114	  F	  7.6	  0.0	0.000	0.000	0.000
115	  Q	  8.8	  0.0	0.000	0.000	0.000
116	  Y	  7.3	  0.0	0.000	0.000	0.000
117	  D	  3.4	  0.0	0.000	0.000	0.000
118	  T	 11.4	  0.0	0.000	0.000	0.000
119	  W	 11.2	  0.1	0.000	0.000	0.000
120	  K	 10.0	  0.1	0.000	0.000	0.000
121	  Q	  0.7	  0.1	0.000	0.000	0.000
122	  S	  0.6	  0.2	0.303	0.000	0.000
123	  T	  1.8	  0.2	1.164	0.000	0.000
124	  Q	  1.9	  0.1	1.164	0.000	0.000
125	  R	  2.2	  0.1	1.164	0.000	0.000
126	  L	  1.1	  0.2	1.164	0.000	0.000
127	  R	  0.9	  0.2	1.164	0.000	0.000
128	  R	  0.4	  0.2	1.012	0.000	0.000
129	  G	  0.3	  0.2	0.359	0.000	0.000
130	  L	  0.1	  0.1	0.165	0.000	0.000
131	  P	  0.0	  0.0	1.501	0.000	0.000
132	  A	  0.3	  0.0	1.659	0.000	0.000
133	  L	  0.4	  0.0	1.659	0.000	0.000
134	  L	  0.9	  0.0	1.659	0.000	0.000
135	  R	  0.7	  0.0	1.659	0.000	0.000
136	  A	  0.7	  0.1	1.659	0.000	0.000
137	  R	  0.4	  0.3	1.007	0.000	0.000
138	  R	  0.3	  0.3	0.235	0.000	0.000
139	  G	  0.2	  0.3	0.000	0.000	0.000
140	  H	  1.8	  0.2	0.121	0.000	0.000
141	  V	  2.9	  0.0	0.791	0.000	0.000
142	  L	  2.9	  0.0	1.791	0.000	0.000
143	  A	  1.3	  0.1	1.938	0.000	0.000
144	  K	  0.2	  0.1	2.473	0.000	0.000
145	  E	  0.3	  0.1	3.103	0.000	0.000
146	  L	  0.4	  0.1	3.714	0.000	0.000
147	  E	  0.4	  0.1	4.282	0.000	0.000
148	  A	  0.7	  0.1	4.282	0.000	0.000
149	  F	  1.1	  0.1	4.267	0.000	0.000
150	  R	  1.0	  0.1	3.248	0.000	0.000
151	  E	  1.0	  0.1	3.248	0.000	0.000
152	  A	  0.6	  0.1	3.248	0.000	0.000
153	  K	  0.9	  0.1	3.248	0.000	0.000
154	  R	  1.5	  0.1	2.111	0.000	0.000
155	  H	  1.4	  0.1	0.922	0.000	0.000
156	  R	  1.1	  0.0	0.000	0.000	0.000
157	  P	  0.1	  0.0	0.000	0.000	0.000
158	  L	  0.6	  0.0	0.000	0.000	0.000
159	  I	  6.2	  0.0	0.000	0.000	0.000
160	  A	  6.3	  0.0	0.000	0.000	0.000
161	  L	  5.7	  0.2	0.000	0.000	0.000
162	  P	  0.0	  0.2	0.000	0.000	0.000
163	  T	  1.1	  0.2	0.000	0.000	0.000
164	  Q	  1.1	  0.2	0.000	0.000	0.000
165	  D	  1.1	  0.3	0.135	0.000	0.000
166	  P	  0.0	  0.6	0.135	0.000	0.000
167	  A	  0.1	  0.8	0.135	0.000	0.000
168	  H	  0.1	  1.2	0.135	0.000	0.000
169	  G	  0.1	  1.0	0.135	0.000	0.000
170	  G	  0.1	  0.6	0.135	0.000	0.000
171	  A	  0.0	  0.5	0.000	0.000	0.000
172	  P	  0.0	  0.2	0.146	0.000	0.000
173	  P	  0.0	  0.2	0.346	0.000	0.000
174	  E	  0.1	  0.2	0.346	0.000	0.000
175	  M	  0.3	  0.4	0.346	0.000	0.000
176	  A	  0.3	  0.4	0.346	0.000	0.000
177	  S	  0.2	  0.5	0.346	0.000	0.000
178	  N	  0.1	  0.5	0.346	0.000	0.000
179	  R	  0.0	  0.3	0.000	0.000	0.000
180	  K	  0.0	  0.0	0.000	0.000	0.000
