res	aa	Beta	Turn	Helix	Aggregation	Conc-Stab_Aggregation
01	  M	  0.5	  0.0	0.000	0.000	0.000
02	  F	  3.1	  0.0	0.048	36.105	36.105
03	  S	  3.5	  0.0	16.534	37.728	37.728
04	  F	  3.6	  0.0	17.731	64.692	64.692
05	  V	  1.9	  0.1	19.624	66.890	66.890
06	  D	  1.6	  0.1	57.066	67.077	67.077
07	  L	  1.7	  0.1	57.373	67.077	67.077
08	  R	  0.9	  0.0	57.956	67.077	67.077
09	  L	  1.1	  0.0	57.868	90.850	90.850
10	  L	  0.9	  0.0	57.786	95.007	95.007
11	  L	  1.1	  0.0	57.685	96.987	96.987
12	  L	  0.8	  0.0	56.986	97.220	97.220
13	  L	  0.5	  0.0	54.505	96.624	96.624
14	  A	  0.2	  0.0	50.183	91.987	91.987
15	  A	  0.1	  0.0	35.396	87.907	87.907
16	  T	  0.3	  0.0	15.658	84.383	84.383
17	  A	  0.4	  0.0	14.527	82.276	82.276
18	  L	  0.5	  0.0	11.893	80.494	80.494
19	  L	  1.2	  0.0	5.123	70.763	70.763
20	  T	  1.2	  0.3	2.448	17.619	17.619
21	  H	  1.1	  0.3	2.220	0.164	0.164
22	  G	  0.2	  0.4	0.548	0.040	0.040
23	  Q	  0.1	  0.5	0.108	0.000	0.000
24	  E	  0.1	  0.6	0.000	0.000	0.000
25	  E	  0.1	  0.6	0.000	0.000	0.000
26	  G	  0.0	  0.5	0.000	0.000	0.000
27	  Q	  1.9	  0.4	0.000	0.000	0.000
28	  V	  2.1	  0.3	0.000	0.000	0.000
29	  E	  2.1	  0.4	0.000	0.000	0.000
30	  G	  0.2	  0.6	0.000	0.000	0.000
31	  Q	  0.1	  0.7	0.000	0.000	0.000
32	  D	  0.1	  1.9	0.000	0.000	0.000
33	  E	  0.1	  1.8	0.000	0.000	0.000
34	  D	  0.0	  1.6	0.000	0.000	0.000
35	  I	  0.0	  1.5	0.000	0.000	0.000
36	  P	  0.0	  0.0	0.000	0.000	0.000
37	  P	  0.0	  0.0	0.000	0.000	0.000
38	  I	 10.1	  0.0	0.000	0.000	0.000
39	  T	 12.4	  0.0	0.000	0.000	0.000
40	  C	 14.9	  0.0	0.000	0.000	0.000
41	  V	  6.2	  0.2	0.000	0.000	0.000
42	  Q	  3.7	  0.8	0.000	0.000	0.000
43	  N	  1.2	  0.8	0.000	0.000	0.000
44	  G	  0.0	  0.8	0.000	0.000	0.000
45	  L	  1.4	  0.6	0.000	0.000	0.000
46	  R	  2.3	  0.0	0.000	0.000	0.000
47	  Y	  3.0	  0.1	0.000	0.000	0.000
48	  H	  1.7	  0.2	0.000	0.000	0.000
49	  D	  0.8	  1.1	0.000	0.000	0.000
50	  R	  0.3	  1.1	0.000	0.000	0.000
51	  D	  2.3	  1.1	0.000	0.000	0.000
52	  V	  4.1	  1.0	0.000	0.000	0.000
53	  W	  4.0	  0.0	0.000	0.000	0.000
54	  K	  2.0	  0.0	0.000	0.000	0.000
55	  P	  0.2	  0.0	0.000	0.000	0.000
56	  E	  0.0	  0.0	0.000	0.000	0.000
57	  P	  0.0	  0.0	0.000	0.000	0.000
58	  C	  3.1	  0.0	0.000	0.000	0.000
59	  R	  3.3	  0.0	0.000	0.000	0.000
60	  I	  4.6	  0.0	0.000	0.000	0.000
61	  C	  2.3	  0.0	0.000	0.000	0.000
62	  V	  2.7	  0.0	0.000	0.000	0.000
63	  C	  1.6	  0.9	0.000	0.000	0.000
64	  D	  0.8	  9.6	0.000	0.000	0.000
65	  N	  0.1	  9.6	0.000	0.000	0.000
66	  G	  0.0	  9.6	0.000	0.000	0.000
67	  K	  0.9	  8.7	0.000	0.000	0.000
68	  V	  3.1	  0.0	0.000	0.000	0.000
69	  L	  3.3	  0.0	0.000	0.000	0.000
70	  C	  2.6	  0.3	0.000	0.000	0.000
71	  D	  0.4	  0.3	0.000	0.000	0.000
72	  D	  2.0	  0.3	0.000	0.000	0.000
73	  V	  4.7	  0.3	0.000	0.000	0.000
74	  I	  4.8	  0.0	0.000	0.000	0.000
75	  C	  3.0	  0.1	0.138	0.000	0.000
76	  D	  0.2	  0.3	0.582	0.000	0.000
77	  E	  0.6	  0.4	0.582	0.000	0.000
78	  T	  1.0	  0.7	0.582	0.000	0.000
79	  K	  1.4	  0.7	0.582	0.000	0.000
80	  N	  1.0	  0.4	0.582	0.000	0.000
81	  C	  0.4	  3.3	0.582	0.000	0.000
82	  P	  0.1	  3.0	0.000	0.000	0.000
83	  G	  0.0	  3.0	0.000	0.000	0.000
84	  A	  0.4	  3.0	0.000	0.000	0.000
85	  E	  0.6	  0.1	0.000	0.000	0.000
86	  V	  0.6	  0.3	0.000	0.000	0.000
87	  P	  0.2	  0.8	0.000	0.000	0.000
88	  E	  0.0	  1.0	0.000	0.000	0.000
89	  G	  0.0	  1.0	0.000	0.000	0.000
90	  E	  1.9	  0.8	0.000	0.000	0.000
91	  C	  3.0	  0.2	0.000	0.000	0.000
92	  C	  3.0	  0.1	0.000	0.000	0.000
93	  P	  1.1	  0.0	0.000	0.000	0.000
94	  V	  0.1	  0.0	0.000	0.000	0.000
95	  C	  0.1	  5.7	0.000	0.000	0.000
96	  P	  0.1	  6.1	0.000	0.000	0.000
97	  D	  0.0	  6.4	0.000	0.000	0.000
98	  G	  0.0	  6.5	0.000	0.000	0.000
99	  S	  0.3	  0.8	0.000	0.000	0.000
100	  E	  0.3	  0.4	0.000	0.000	0.000
101	  S	  0.4	  0.6	0.000	0.000	0.000
102	  P	  0.0	  0.6	0.000	0.000	0.000
103	  T	  0.4	  0.7	0.000	0.000	0.000
104	  D	  0.5	  0.8	0.000	0.000	0.000
105	  Q	  0.6	  0.3	0.000	0.000	0.000
106	  E	  0.3	  0.2	0.000	0.000	0.000
107	  T	  0.3	  0.3	0.000	0.000	0.000
108	  T	  0.3	  0.2	0.000	0.000	0.000
109	  G	  0.2	  0.1	0.000	0.000	0.000
110	  V	  0.3	  0.1	0.000	0.000	0.000
111	  E	  0.3	  0.1	0.000	0.000	0.000
112	  G	  0.2	  0.8	0.000	0.000	0.000
113	  P	  0.0	  1.4	0.000	0.000	0.000
114	  K	  0.0	  4.2	0.000	0.000	0.000
115	  G	  0.0	  4.3	0.000	0.000	0.000
116	  D	  0.0	  3.5	0.000	0.000	0.000
117	  T	  0.0	  3.1	0.000	0.000	0.000
118	  G	  0.0	  1.1	0.000	0.000	0.000
119	  P	  0.0	  0.9	0.000	0.000	0.000
120	  R	  0.0	  0.9	0.000	0.000	0.000
121	  G	  0.0	  1.6	0.000	0.000	0.000
122	  P	  0.0	  0.8	0.000	0.000	0.000
123	  R	  0.0	  0.8	0.000	0.000	0.000
124	  G	  0.0	  1.2	0.000	0.000	0.000
125	  P	  0.0	  0.4	0.000	0.000	0.000
126	  A	  0.0	  0.4	0.000	0.000	0.000
127	  G	  0.0	  0.4	0.000	0.000	0.000
128	  P	  0.0	  2.3	0.000	0.000	0.000
129	  P	  0.0	  2.5	0.000	0.000	0.000
130	  G	  0.0	  3.4	0.000	0.000	0.000
131	  R	  0.0	  3.7	0.000	0.000	0.000
132	  D	  0.1	  1.4	0.000	0.000	0.000
133	  G	  0.1	  1.2	0.000	0.000	0.000
134	  I	  0.1	  1.4	0.000	0.000	0.000
135	  P	  0.0	  1.1	0.000	0.000	0.000
136	  G	  0.0	  1.1	0.000	0.000	0.000
137	  Q	  0.0	  1.7	0.000	0.000	0.000
138	  P	  0.0	  0.6	0.000	0.000	0.000
139	  G	  0.0	  0.6	0.000	0.000	0.000
140	  L	  0.0	  0.6	0.000	0.000	0.000
141	  P	  0.0	  0.0	0.000	0.000	0.000
142	  G	  0.0	  0.0	0.000	0.000	0.000
143	  P	  0.0	  0.0	0.000	0.000	0.000
144	  P	  0.0	  0.0	0.000	0.000	0.000
145	  G	  0.0	  0.0	0.000	0.000	0.000
146	  P	  0.0	  0.0	0.000	0.000	0.000
147	  P	  0.0	  0.0	0.000	0.000	0.000
148	  G	  0.0	  0.0	0.000	0.000	0.000
149	  P	  0.0	  0.0	0.000	0.000	0.000
150	  P	  0.0	  0.0	0.000	0.000	0.000
151	  G	  0.0	  0.0	0.000	0.000	0.000
152	  P	  0.0	  0.9	0.000	0.000	0.000
153	  P	  0.0	  1.0	0.000	0.000	0.000
154	  G	  0.0	  1.0	0.000	0.000	0.000
155	  L	  0.0	  1.3	0.000	0.000	0.000
156	  G	  0.0	  1.5	0.000	0.000	0.000
157	  G	  0.0	  1.5	0.000	0.000	0.000
158	  N	  0.3	  1.5	0.000	0.000	0.000
159	  F	  0.5	  1.1	0.000	0.000	0.000
160	  A	  0.5	  0.2	0.000	0.000	0.000
161	  P	  0.2	  0.2	0.000	0.000	0.000
162	  Q	  0.8	  0.2	0.000	0.000	0.000
163	  L	  3.1	  0.4	0.000	0.000	0.000
164	  S	  3.9	  0.3	0.000	0.000	0.000
165	  Y	  3.4	  0.3	0.000	0.000	0.000
166	  G	  1.1	  0.3	0.000	0.000	0.000
167	  Y	  0.6	  0.2	0.000	0.000	0.000
168	  D	  0.3	  0.2	0.000	0.000	0.000
169	  E	  0.5	  0.3	0.000	0.000	0.000
170	  K	  0.9	  0.5	0.000	0.000	0.000
171	  S	  1.0	  0.5	0.000	0.000	0.000
172	  T	  0.8	  0.6	0.000	0.000	0.000
173	  G	  0.1	  0.6	0.000	0.000	0.000
174	  G	  0.1	  0.4	0.000	0.000	0.000
175	  I	  7.5	  0.3	0.000	0.000	0.000
176	  S	  7.7	  0.1	0.000	0.000	0.000
177	  V	  7.6	  0.0	0.000	0.000	0.000
178	  P	  0.2	  0.1	0.000	0.000	0.000
179	  G	  0.0	  0.5	0.000	0.000	0.000
180	  P	  0.0	  0.5	0.000	0.000	0.000
181	  M	  0.0	  0.5	0.000	0.000	0.000
182	  G	  0.0	  2.3	0.000	0.000	0.000
183	  P	  0.0	  1.9	0.000	0.000	0.000
184	  S	  0.0	  2.0	0.000	0.000	0.000
185	  G	  0.0	  2.8	0.000	0.000	0.000
186	  P	  0.0	  1.0	0.000	0.000	0.000
187	  R	  0.1	  1.0	0.000	0.000	0.000
188	  G	  0.1	  0.9	0.000	0.000	0.000
189	  L	  0.1	  0.1	0.000	0.000	0.000
190	  P	  0.0	  0.0	0.000	0.000	0.000
191	  G	  0.0	  0.0	0.000	0.000	0.000
192	  P	  0.0	  1.8	0.000	0.000	0.000
193	  P	  0.0	  1.8	0.000	0.000	0.000
194	  G	  0.0	  1.8	0.000	0.000	0.000
195	  A	  0.0	  1.8	0.000	0.000	0.000
196	  P	  0.0	  0.0	0.000	0.000	0.000
197	  G	  0.0	  1.0	0.000	0.000	0.000
198	  P	  0.0	  1.3	0.000	0.000	0.000
199	  Q	  0.0	  1.3	0.000	0.000	0.000
200	  G	  0.1	  1.3	0.000	0.000	0.000
201	  F	  0.5	  0.3	0.000	0.000	0.000
202	  Q	  0.5	  0.0	0.000	0.000	0.000
203	  G	  0.5	  0.0	0.000	0.000	0.000
204	  P	  0.0	  1.9	0.000	0.000	0.000
205	  P	  0.0	  1.9	0.000	0.000	0.000
206	  G	  0.0	  1.9	0.000	0.000	0.000
207	  E	  0.0	  2.8	0.000	0.000	0.000
208	  P	  0.0	  0.9	0.000	0.000	0.000
209	  G	  0.0	  0.9	0.000	0.000	0.000
210	  E	  0.0	  1.8	0.000	0.000	0.000
211	  P	  0.0	  1.0	0.000	0.000	0.000
212	  G	  0.0	  1.7	0.000	0.000	0.000
213	  A	  0.1	  1.7	0.000	0.000	0.000
214	  S	  0.1	  1.1	0.000	0.000	0.000
215	  G	  0.1	  1.3	0.000	0.000	0.000
216	  P	  0.0	  0.6	0.000	0.000	0.000
217	  M	  0.0	  0.7	0.000	0.000	0.000
218	  G	  0.0	  1.3	0.000	0.000	0.000
219	  P	  0.0	  0.9	0.000	0.000	0.000
220	  R	  0.0	  0.9	0.000	0.000	0.000
221	  G	  0.0	  0.8	0.000	0.000	0.000
222	  P	  0.0	  0.0	0.000	0.000	0.000
223	  P	  0.0	  0.0	0.000	0.000	0.000
224	  G	  0.0	  0.0	0.000	0.000	0.000
225	  P	  0.0	  2.7	0.000	0.000	0.000
226	  P	  0.0	  2.8	0.000	0.000	0.000
227	  G	  0.0	  3.8	0.000	0.000	0.000
228	  K	  0.0	  4.6	0.000	0.000	0.000
229	  N	  0.0	  3.1	0.000	0.000	0.000
230	  G	  0.0	  3.8	0.000	0.000	0.000
231	  D	  0.0	  3.5	0.306	0.000	0.000
232	  D	  0.0	  2.8	0.539	0.000	0.000
233	  G	  0.0	  1.7	0.539	0.000	0.000
234	  E	  0.1	  1.3	0.539	0.000	0.000
235	  A	  0.1	  0.5	0.539	0.000	0.000
236	  G	  0.0	  0.5	0.539	0.000	0.000
237	  K	  0.0	  1.9	0.539	0.000	0.000
238	  P	  0.0	  1.6	0.000	0.000	0.000
239	  G	  0.0	  1.6	0.000	0.000	0.000
240	  R	  0.0	  3.0	0.000	0.000	0.000
241	  P	  0.0	  1.5	0.000	0.000	0.000
242	  G	  0.0	  1.8	0.000	0.000	0.000
243	  E	  0.0	  1.8	0.000	0.000	0.000
244	  R	  0.0	  0.3	0.000	0.000	0.000
245	  G	  0.0	  0.3	0.000	0.000	0.000
246	  P	  0.0	  0.0	0.000	0.000	0.000
247	  P	  0.0	  0.0	0.000	0.000	0.000
248	  G	  0.0	  1.0	0.000	0.000	0.000
249	  P	  0.0	  1.3	0.000	0.000	0.000
250	  Q	  0.0	  1.4	0.000	0.000	0.000
251	  G	  0.0	  1.7	0.000	0.000	0.000
252	  A	  0.1	  0.8	0.000	0.000	0.000
253	  R	  0.2	  0.5	0.000	0.000	0.000
254	  G	  0.2	  0.4	0.000	0.000	0.000
255	  L	  0.1	  0.9	0.000	0.000	0.000
256	  P	  0.0	  0.9	0.000	0.000	0.000
257	  G	  0.1	  0.9	0.000	0.000	0.000
258	  T	  0.2	  1.1	0.000	0.000	0.000
259	  A	  0.3	  0.3	0.000	0.000	0.000
260	  G	  0.2	  0.2	0.000	0.000	0.000
261	  L	  0.1	  1.6	0.000	0.000	0.000
262	  P	  0.0	  1.4	0.000	0.000	0.000
263	  G	  0.0	  1.4	0.000	0.000	0.000
264	  M	  0.1	  1.9	0.000	0.000	0.000
265	  K	  0.1	  0.6	0.000	0.000	0.000
266	  G	  0.1	  0.6	0.000	0.000	0.000
267	  H	  0.2	  1.0	0.000	0.000	0.000
268	  R	  0.3	  0.5	0.000	0.000	0.000
269	  G	  0.4	  0.5	0.000	0.000	0.000
270	  F	  1.6	  0.7	0.000	0.000	0.000
271	  S	  1.5	  0.4	0.000	0.000	0.000
272	  G	  1.6	  0.9	0.000	0.000	0.000
273	  L	  0.2	  1.1	0.000	0.000	0.000
274	  D	  0.1	  0.9	0.000	0.000	0.000
275	  G	  0.1	  1.1	0.000	0.000	0.000
276	  A	  0.0	  1.1	0.000	0.000	0.000
277	  K	  0.0	  1.7	0.000	0.000	0.000
278	  G	  0.0	  1.7	0.000	0.000	0.000
279	  D	  0.0	  1.4	0.000	0.000	0.000
280	  A	  0.0	  1.0	0.000	0.000	0.000
281	  G	  0.0	  0.5	0.000	0.000	0.000
282	  P	  0.0	  0.4	0.000	0.000	0.000
283	  A	  0.0	  0.5	0.000	0.000	0.000
284	  G	  0.0	  1.2	0.000	0.000	0.000
285	  P	  0.0	  1.4	0.000	0.000	0.000
286	  K	  0.1	  1.4	0.000	0.000	0.000
287	  G	  0.1	  1.3	0.000	0.000	0.000
288	  E	  0.1	  1.7	0.000	0.000	0.000
289	  P	  0.0	  1.2	0.000	0.000	0.000
290	  G	  0.0	  1.2	0.000	0.000	0.000
291	  S	  0.0	  3.6	0.000	0.000	0.000
292	  P	  0.0	  2.6	0.000	0.000	0.000
293	  G	  0.0	  3.7	0.000	0.000	0.000
294	  E	  0.0	  5.1	0.000	0.000	0.000
295	  N	  0.0	  2.7	0.000	0.000	0.000
296	  G	  0.0	  2.6	0.000	0.000	0.000
297	  A	  0.0	  3.6	0.000	0.000	0.000
298	  P	  0.0	  2.2	0.000	0.000	0.000
299	  G	  0.0	  2.2	0.000	0.000	0.000
300	  Q	  0.1	  2.2	0.000	0.000	0.000
301	  M	  0.1	  0.1	0.000	0.000	0.000
302	  G	  0.1	  0.8	0.000	0.000	0.000
303	  P	  0.0	  0.9	0.000	0.000	0.000
304	  R	  0.1	  0.9	0.000	0.000	0.000
305	  G	  0.1	  0.9	0.000	0.000	0.000
306	  L	  0.1	  1.4	0.000	0.000	0.000
307	  P	  0.0	  1.4	0.000	0.000	0.000
308	  G	  0.0	  1.6	0.000	0.000	0.000
309	  E	  0.0	  1.8	0.000	0.000	0.000
310	  R	  0.1	  0.5	0.000	0.000	0.000
311	  G	  0.1	  0.4	0.000	0.000	0.000
312	  R	  0.1	  1.5	0.000	0.000	0.000
313	  P	  0.0	  1.4	0.000	0.000	0.000
314	  G	  0.0	  1.4	0.000	0.000	0.000
315	  A	  0.0	  1.4	0.000	0.000	0.000
316	  P	  0.0	  0.0	0.000	0.000	0.000
317	  G	  0.0	  0.4	0.000	0.000	0.000
318	  P	  0.0	  0.9	0.000	0.000	0.000
319	  A	  0.0	  1.0	0.000	0.000	0.000
320	  G	  0.0	  1.3	0.000	0.000	0.000
321	  A	  0.1	  1.0	0.000	0.000	0.000
322	  R	  0.2	  0.8	0.000	0.000	0.000
323	  G	  0.1	  1.0	0.000	0.000	0.000
324	  N	  0.1	  1.3	0.000	0.000	0.000
325	  D	  0.0	  1.5	0.132	0.000	0.000
326	  G	  0.0	  1.6	0.132	0.000	0.000
327	  A	  0.1	  1.4	0.132	0.000	0.000
328	  T	  0.1	  1.0	0.132	0.000	0.000
329	  G	  0.1	  0.8	0.132	0.000	0.000
330	  A	  0.1	  0.4	0.132	0.000	0.000
331	  A	  0.1	  0.3	0.000	0.000	0.000
332	  G	  0.0	  0.2	0.000	0.000	0.000
333	  P	  0.0	  0.0	0.000	0.000	0.000
334	  P	  0.0	  0.1	0.000	0.000	0.000
335	  G	  0.0	  1.3	0.000	0.000	0.000
336	  P	  0.0	  1.3	0.000	0.000	0.000
337	  T	  0.0	  1.3	0.000	0.000	0.000
338	  G	  0.0	  1.6	0.000	0.000	0.000
339	  P	  0.0	  0.5	0.000	0.000	0.000
340	  A	  0.0	  0.5	0.000	0.000	0.000
341	  G	  0.0	  0.4	0.000	0.000	0.000
342	  P	  0.0	  1.9	0.000	0.000	0.000
343	  P	  0.0	  1.9	0.000	0.000	0.000
344	  G	  0.0	  1.9	0.000	0.000	0.000
345	  F	  0.0	  3.5	0.000	0.000	0.000
346	  P	  0.0	  1.6	0.000	0.000	0.000
347	  G	  0.0	  1.6	0.000	0.000	0.000
348	  A	  0.1	  1.6	0.000	0.000	0.000
349	  V	  0.3	  0.2	0.000	0.000	0.000
350	  G	  0.3	  0.4	0.000	0.000	0.000
351	  A	  0.1	  0.9	0.000	0.000	0.000
352	  K	  0.1	  0.9	0.000	0.000	0.000
353	  G	  0.1	  0.9	0.000	0.000	0.000
354	  E	  0.1	  0.6	0.000	0.000	0.000
355	  A	  0.1	  0.2	0.000	0.000	0.000
356	  G	  0.0	  1.1	0.000	0.000	0.000
357	  P	  0.0	  1.0	0.000	0.000	0.000
358	  Q	  0.0	  1.0	0.000	0.000	0.000
359	  G	  0.0	  1.8	0.000	0.000	0.000
360	  P	  0.0	  1.1	0.000	0.000	0.000
361	  R	  0.0	  1.2	0.000	0.000	0.000
362	  G	  0.0	  1.4	0.000	0.000	0.000
363	  S	  0.0	  0.6	0.000	0.000	0.000
364	  E	  0.0	  0.4	0.000	0.000	0.000
365	  G	  0.0	  1.3	0.000	0.000	0.000
366	  P	  0.0	  1.3	0.000	0.000	0.000
367	  Q	  0.0	  1.3	0.000	0.000	0.000
368	  G	  0.0	  1.2	0.000	0.000	0.000
369	  V	  0.9	  0.3	0.000	0.000	0.000
370	  R	  1.0	  0.1	0.000	0.000	0.000
371	  G	  0.9	  0.1	0.000	0.000	0.000
372	  E	  0.1	  0.1	0.000	0.000	0.000
373	  P	  0.0	  0.0	0.000	0.000	0.000
374	  G	  0.0	  0.0	0.000	0.000	0.000
375	  P	  0.0	  0.0	0.000	0.000	0.000
376	  P	  0.0	  0.0	0.000	0.000	0.000
377	  G	  0.0	  0.4	0.000	0.000	0.000
378	  P	  0.0	  0.9	0.000	0.000	0.000
379	  A	  0.0	  1.0	0.000	0.000	0.000
380	  G	  0.1	  1.1	0.000	0.000	0.000
381	  A	  0.1	  0.7	0.000	0.000	0.000
382	  A	  0.1	  0.3	0.000	0.000	0.000
383	  G	  0.0	  0.6	0.000	0.000	0.000
384	  P	  0.0	  0.7	0.000	0.000	0.000
385	  A	  0.0	  0.7	0.000	0.000	0.000
386	  G	  0.0	  0.6	0.000	0.000	0.000
387	  N	  0.0	  3.4	0.000	0.000	0.000
388	  P	  0.0	  3.3	0.000	0.000	0.000
389	  G	  0.0	  4.8	0.000	0.000	0.000
390	  A	  0.0	  5.2	0.000	0.000	0.000
391	  D	  0.0	  2.1	0.000	0.000	0.000
392	  G	  0.0	  1.9	0.000	0.000	0.000
393	  Q	  0.0	  1.5	0.000	0.000	0.000
394	  P	  0.0	  1.2	0.000	0.000	0.000
395	  G	  0.0	  1.5	0.000	0.000	0.000
396	  A	  0.0	  1.9	0.000	0.000	0.000
397	  K	  0.0	  0.9	0.000	0.000	0.000
398	  G	  0.0	  2.2	0.000	0.000	0.000
399	  A	  0.0	  2.9	0.000	0.000	0.000
400	  N	  0.0	  2.5	0.000	0.000	0.000
401	  G	  0.0	  2.4	0.000	0.000	0.000
402	  A	  0.0	  1.9	0.000	0.000	0.000
403	  P	  0.0	  0.9	0.000	0.000	0.000
404	  G	  0.5	  0.9	0.000	0.000	0.000
405	  I	  1.8	  1.1	0.000	0.000	0.000
406	  A	  1.8	  0.2	0.000	0.000	0.000
407	  G	  1.3	  0.2	0.000	0.000	0.000
408	  A	  0.0	  1.7	0.000	0.000	0.000
409	  P	  0.0	  1.5	0.000	0.000	0.000
410	  G	  0.0	  1.5	0.000	0.000	0.000
411	  F	  0.0	  3.1	0.000	0.000	0.000
412	  P	  0.0	  1.7	0.000	0.000	0.000
413	  G	  0.0	  2.0	0.000	0.000	0.000
414	  A	  0.1	  2.0	0.000	0.000	0.000
415	  R	  0.1	  0.4	0.000	0.000	0.000
416	  G	  0.1	  2.1	0.000	0.000	0.000
417	  P	  0.0	  1.8	0.000	0.000	0.000
418	  S	  0.0	  1.9	0.000	0.000	0.000
419	  G	  0.0	  2.8	0.000	0.000	0.000
420	  P	  0.0	  1.0	0.000	0.000	0.000
421	  Q	  0.0	  1.1	0.000	0.000	0.000
422	  G	  0.0	  2.5	0.000	0.000	0.000
423	  P	  0.0	  1.6	0.000	0.000	0.000
424	  G	  0.0	  1.6	0.000	0.000	0.000
425	  G	  0.0	  1.5	0.000	0.000	0.000
426	  P	  0.0	  0.0	0.000	0.000	0.000
427	  P	  0.0	  0.0	0.000	0.000	0.000
428	  G	  0.0	  0.8	0.000	0.000	0.000
429	  P	  0.0	  1.1	0.000	0.000	0.000
430	  K	  0.0	  1.9	0.000	0.000	0.000
431	  G	  0.0	  2.0	0.000	0.000	0.000
432	  N	  0.0	  1.8	0.000	0.000	0.000
433	  S	  0.2	  1.5	0.000	0.000	0.000
434	  G	  0.2	  0.7	0.000	0.000	0.000
435	  E	  0.1	  1.4	0.000	0.000	0.000
436	  P	  0.0	  0.9	0.000	0.000	0.000
437	  G	  0.0	  0.9	0.000	0.000	0.000
438	  A	  0.0	  2.8	0.000	0.000	0.000
439	  P	  0.0	  2.2	0.000	0.000	0.000
440	  G	  0.0	  2.4	0.000	0.000	0.000
441	  S	  0.1	  3.0	0.000	0.000	0.000
442	  K	  0.1	  3.9	0.000	0.000	0.000
443	  G	  0.1	  3.8	0.000	0.000	0.000
444	  D	  0.0	  3.9	0.000	0.000	0.000
445	  T	  0.0	  3.4	0.000	0.000	0.000
446	  G	  0.0	  1.0	0.000	0.000	0.000
447	  A	  0.1	  1.2	0.000	0.000	0.000
448	  K	  0.1	  0.8	0.000	0.000	0.000
449	  G	  0.1	  0.7	0.000	0.000	0.000
450	  E	  0.1	  0.4	0.000	0.000	0.000
451	  P	  0.0	  0.0	0.000	0.000	0.000
452	  G	  0.0	  0.0	0.000	0.000	0.000
453	  P	  0.0	  0.0	0.000	0.000	0.000
454	  V	  0.4	  0.0	0.000	0.000	0.000
455	  G	  0.5	  0.0	0.000	0.000	0.000
456	  V	  0.7	  0.0	0.000	0.000	0.000
457	  Q	  0.2	  0.0	0.000	0.000	0.000
458	  G	  0.2	  0.0	0.000	0.000	0.000
459	  P	  0.0	  0.0	0.000	0.000	0.000
460	  P	  0.0	  0.0	0.000	0.000	0.000
461	  G	  0.0	  0.4	0.000	0.000	0.000
462	  P	  0.0	  0.9	0.000	0.000	0.000
463	  A	  0.0	  1.0	0.000	0.000	0.000
464	  G	  0.0	  1.2	0.710	0.000	0.000
465	  E	  0.0	  1.2	0.889	0.000	0.000
466	  E	  0.0	  0.9	0.889	0.000	0.000
467	  G	  0.0	  1.1	0.889	0.000	0.000
468	  K	  0.1	  0.9	0.889	0.000	0.000
469	  R	  0.1	  0.6	0.889	0.000	0.000
470	  G	  0.1	  0.7	0.747	0.000	0.000
471	  A	  0.1	  0.7	0.747	0.000	0.000
472	  R	  0.2	  0.5	0.188	0.000	0.000
473	  G	  0.2	  0.5	0.000	0.000	0.000
474	  E	  0.1	  0.2	0.000	0.000	0.000
475	  P	  0.0	  0.1	0.000	0.000	0.000
476	  G	  0.0	  1.3	0.000	0.000	0.000
477	  P	  0.0	  1.3	0.000	0.000	0.000
478	  T	  0.1	  1.3	0.000	0.000	0.000
479	  G	  0.1	  1.2	0.000	0.000	0.000
480	  L	  0.1	  0.1	0.000	0.000	0.000
481	  P	  0.0	  0.0	0.000	0.000	0.000
482	  G	  0.0	  0.0	0.000	0.000	0.000
483	  P	  0.0	  1.9	0.000	0.000	0.000
484	  P	  0.0	  2.0	0.000	0.000	0.000
485	  G	  0.0	  2.2	0.000	0.000	0.000
486	  E	  0.0	  2.3	0.000	0.000	0.000
487	  R	  0.0	  0.4	0.000	0.000	0.000
488	  G	  0.0	  0.4	0.000	0.000	0.000
489	  G	  0.0	  2.9	0.000	0.000	0.000
490	  P	  0.0	  3.2	0.000	0.000	0.000
491	  G	  0.0	  3.4	0.000	0.000	0.000
492	  S	  0.1	  3.6	0.000	0.000	0.000
493	  R	  0.3	  0.8	0.000	0.000	0.000
494	  G	  0.3	  0.5	0.000	0.000	0.000
495	  F	  0.2	  1.8	0.000	0.000	0.000
496	  P	  0.0	  1.7	0.000	0.000	0.000
497	  G	  0.0	  3.2	0.000	0.000	0.000
498	  A	  0.0	  3.6	0.000	0.000	0.000
499	  D	  0.0	  2.1	0.000	0.000	0.000
500	  G	  0.2	  1.9	0.000	0.000	0.000
501	  V	  0.9	  0.4	0.000	0.000	0.000
502	  A	  0.9	  0.1	0.000	0.000	0.000
503	  G	  0.6	  0.8	0.000	0.000	0.000
504	  P	  0.0	  0.8	0.000	0.000	0.000
505	  K	  0.0	  0.9	0.000	0.000	0.000
506	  G	  0.0	  1.2	0.000	0.000	0.000
507	  P	  0.0	  0.9	0.000	0.000	0.000
508	  A	  0.0	  1.0	0.000	0.000	0.000
509	  G	  0.0	  1.2	0.000	0.000	0.000
510	  E	  0.0	  1.0	0.000	0.000	0.000
511	  R	  0.1	  0.5	0.000	0.000	0.000
512	  G	  0.1	  0.4	0.000	0.000	0.000
513	  S	  0.1	  0.1	0.000	0.000	0.000
514	  P	  0.0	  0.0	0.000	0.000	0.000
515	  G	  0.0	  0.4	0.000	0.000	0.000
516	  P	  0.0	  0.4	0.000	0.000	0.000
517	  A	  0.0	  0.5	0.000	0.000	0.000
518	  G	  0.0	  1.2	0.000	0.000	0.000
519	  P	  0.0	  1.5	0.000	0.000	0.000
520	  K	  0.0	  1.5	0.000	0.000	0.000
521	  G	  0.0	  1.5	0.000	0.000	0.000
522	  S	  0.0	  3.1	0.212	0.000	0.000
523	  P	  0.0	  2.5	0.212	0.000	0.000
524	  G	  0.0	  2.6	0.212	0.000	0.000
525	  E	  0.0	  2.9	0.212	0.000	0.000
526	  A	  0.1	  0.5	0.212	0.000	0.000
527	  G	  0.1	  0.4	0.212	0.000	0.000
528	  R	  0.0	  1.7	0.212	0.000	0.000
529	  P	  0.0	  1.5	0.000	0.000	0.000
530	  G	  0.0	  1.6	0.000	0.000	0.000
531	  E	  0.0	  1.6	0.000	0.000	0.000
532	  A	  0.1	  0.2	0.000	0.000	0.000
533	  G	  0.1	  0.1	0.000	0.000	0.000
534	  L	  0.1	  1.2	0.000	0.000	0.000
535	  P	  0.0	  1.3	0.000	0.000	0.000
536	  G	  0.0	  1.6	0.000	0.000	0.000
537	  A	  0.0	  1.8	0.000	0.000	0.000
538	  K	  0.0	  0.6	0.000	0.000	0.000
539	  G	  0.1	  0.7	0.000	0.000	0.000
540	  L	  0.2	  0.5	0.000	0.000	0.000
541	  T	  0.5	  0.3	0.000	0.000	0.000
542	  G	  0.4	  0.3	0.000	0.000	0.000
543	  S	  0.3	  3.3	0.000	0.000	0.000
544	  P	  0.0	  3.1	0.000	0.000	0.000
545	  G	  0.0	  3.1	0.000	0.000	0.000
546	  S	  0.0	  3.1	0.000	0.000	0.000
547	  P	  0.0	  0.1	0.000	0.000	0.000
548	  G	  0.0	  3.9	0.000	0.000	0.000
549	  P	  0.0	  4.4	0.000	0.000	0.000
550	  D	  0.0	  4.7	0.000	0.000	0.000
551	  G	  0.0	  4.9	0.000	0.000	0.000
552	  K	  0.1	  1.0	0.000	0.000	0.000
553	  T	  0.1	  0.6	0.000	0.000	0.000
554	  G	  0.1	  0.3	0.000	0.000	0.000
555	  P	  0.0	  0.0	0.000	0.000	0.000
556	  P	  0.0	  0.0	0.000	0.000	0.000
557	  G	  0.0	  0.4	0.000	0.000	0.000
558	  P	  0.0	  1.1	0.000	0.000	0.000
559	  A	  0.0	  1.2	0.000	0.000	0.000
560	  G	  0.0	  2.0	0.000	0.000	0.000
561	  Q	  0.0	  2.0	0.000	0.000	0.000
562	  D	  0.1	  1.3	0.000	0.000	0.000
563	  G	  0.0	  1.2	0.000	0.000	0.000
564	  R	  0.0	  0.3	0.000	0.000	0.000
565	  P	  0.0	  0.0	0.000	0.000	0.000
566	  G	  0.0	  0.0	0.000	0.000	0.000
567	  P	  0.0	  0.0	0.000	0.000	0.000
568	  P	  0.0	  0.0	0.000	0.000	0.000
569	  G	  0.0	  0.0	0.000	0.000	0.000
570	  P	  0.0	  1.8	0.000	0.000	0.000
571	  P	  0.0	  1.9	0.000	0.000	0.000
572	  G	  0.0	  2.2	0.000	0.000	0.000
573	  A	  0.1	  2.5	0.000	0.000	0.000
574	  R	  0.1	  0.7	0.000	0.000	0.000
575	  G	  0.2	  0.7	0.000	0.000	0.000
576	  Q	  0.1	  0.6	0.000	0.000	0.000
577	  A	  0.1	  0.3	0.000	0.000	0.000
578	  G	  0.1	  0.3	0.000	0.000	0.000
579	  V	  1.3	  0.4	0.000	0.000	0.000
580	  M	  1.6	  0.2	0.000	0.000	0.000
581	  G	  1.6	  0.2	0.000	0.000	0.000
582	  F	  0.4	  0.2	0.000	0.000	0.000
583	  P	  0.0	  0.0	0.000	0.000	0.000
584	  G	  0.0	  0.8	0.000	0.000	0.000
585	  P	  0.0	  1.3	0.000	0.000	0.000
586	  K	  0.0	  1.4	0.000	0.000	0.000
587	  G	  0.1	  1.5	0.000	0.000	0.000
588	  A	  0.1	  1.1	0.000	0.000	0.000
589	  A	  0.1	  0.6	0.000	0.000	0.000
590	  G	  0.0	  0.5	0.000	0.000	0.000
591	  E	  0.0	  1.7	0.000	0.000	0.000
592	  P	  0.0	  1.4	0.000	0.000	0.000
593	  G	  0.1	  1.5	0.000	0.000	0.000
594	  K	  0.1	  1.8	0.000	0.000	0.000
595	  A	  0.1	  0.6	0.000	0.000	0.000
596	  G	  0.1	  0.8	0.000	0.000	0.000
597	  E	  0.0	  0.8	0.000	0.000	0.000
598	  R	  0.1	  0.5	0.000	0.000	0.000
599	  G	  0.1	  0.4	0.000	0.000	0.000
600	  V	  0.1	  0.1	0.000	0.000	0.000
601	  P	  0.0	  0.0	0.000	0.000	0.000
602	  G	  0.0	  0.0	0.000	0.000	0.000
603	  P	  0.0	  1.8	0.000	0.000	0.000
604	  P	  0.0	  1.9	0.000	0.000	0.000
605	  G	  0.0	  1.9	0.000	0.000	0.000
606	  A	  0.1	  1.9	0.000	0.000	0.000
607	  V	  0.1	  0.1	0.000	0.000	0.000
608	  G	  0.1	  0.5	0.000	0.000	0.000
609	  P	  0.0	  1.1	0.000	0.000	0.000
610	  A	  0.0	  1.3	0.000	0.000	0.000
611	  G	  0.0	  2.4	0.000	0.000	0.000
612	  K	  0.1	  2.4	0.000	0.000	0.000
613	  D	  0.0	  1.8	0.000	0.000	0.000
614	  G	  0.1	  1.8	0.200	0.000	0.000
615	  E	  0.1	  0.9	0.200	0.000	0.000
616	  A	  0.1	  0.5	0.200	0.000	0.000
617	  G	  0.0	  0.8	0.200	0.000	0.000
618	  A	  0.0	  0.7	0.200	0.000	0.000
619	  Q	  0.0	  0.5	0.200	0.000	0.000
620	  G	  0.0	  0.4	0.000	0.000	0.000
621	  P	  0.0	  0.0	0.000	0.000	0.000
622	  P	  0.0	  0.0	0.000	0.000	0.000
623	  G	  0.0	  0.4	0.000	0.000	0.000
624	  P	  0.0	  0.4	0.000	0.000	0.000
625	  A	  0.0	  0.5	0.000	0.000	0.000
626	  G	  0.0	  0.9	0.000	0.000	0.000
627	  P	  0.0	  0.9	0.000	0.000	0.000
628	  A	  0.0	  1.0	0.000	0.000	0.000
629	  G	  0.0	  1.2	0.000	0.000	0.000
630	  E	  0.0	  0.9	0.000	0.000	0.000
631	  R	  0.1	  0.5	0.000	0.000	0.000
632	  G	  0.1	  0.7	0.000	0.000	0.000
633	  E	  0.0	  0.4	0.000	0.000	0.000
634	  Q	  0.0	  0.4	0.000	0.000	0.000
635	  G	  0.0	  0.7	0.000	0.000	0.000
636	  P	  0.0	  1.0	0.000	0.000	0.000
637	  A	  0.0	  1.0	0.000	0.000	0.000
638	  G	  0.0	  1.0	0.000	0.000	0.000
639	  S	  0.0	  3.1	0.000	0.000	0.000
640	  P	  0.0	  2.5	0.000	0.000	0.000
641	  G	  0.1	  2.5	0.000	0.000	0.000
642	  F	  0.5	  2.9	0.000	0.000	0.000
643	  Q	  0.5	  0.3	0.000	0.000	0.000
644	  G	  0.5	  0.3	0.000	0.000	0.000
645	  L	  0.0	  0.3	0.000	0.000	0.000
646	  P	  0.0	  0.0	0.000	0.000	0.000
647	  G	  0.0	  0.4	0.000	0.000	0.000
648	  P	  0.0	  0.4	0.000	0.000	0.000
649	  A	  0.0	  0.4	0.000	0.000	0.000
650	  G	  0.0	  0.4	0.000	0.000	0.000
651	  P	  0.0	  1.9	0.000	0.000	0.000
652	  P	  0.0	  1.9	0.000	0.000	0.000
653	  G	  0.0	  2.1	0.000	0.000	0.000
654	  E	  0.0	  2.4	0.000	0.000	0.000
655	  A	  0.1	  0.5	0.000	0.000	0.000
656	  G	  0.0	  0.5	0.000	0.000	0.000
657	  K	  0.0	  1.6	0.000	0.000	0.000
658	  P	  0.0	  1.3	0.000	0.000	0.000
659	  G	  0.0	  1.6	0.000	0.000	0.000
660	  E	  0.0	  1.8	0.000	0.000	0.000
661	  Q	  0.0	  0.5	0.000	0.000	0.000
662	  G	  0.0	  0.4	0.000	0.000	0.000
663	  V	  0.0	  0.9	0.000	0.000	0.000
664	  P	  0.0	  1.5	0.000	0.000	0.000
665	  G	  0.0	  1.6	0.000	0.000	0.000
666	  D	  0.0	  2.0	0.000	0.000	0.000
667	  L	  0.1	  1.2	0.000	0.000	0.000
668	  G	  0.1	  0.4	0.000	0.000	0.000
669	  A	  0.1	  0.3	0.000	0.000	0.000
670	  P	  0.0	  0.1	0.000	0.000	0.000
671	  G	  0.0	  1.9	0.000	0.000	0.000
672	  P	  0.0	  2.2	0.000	0.000	0.000
673	  S	  0.0	  2.5	0.000	0.000	0.000
674	  G	  0.0	  2.7	0.000	0.000	0.000
675	  A	  0.1	  1.1	0.000	0.000	0.000
676	  R	  0.1	  0.8	0.000	0.000	0.000
677	  G	  0.1	  0.8	0.000	0.000	0.000
678	  E	  0.1	  0.6	0.000	0.000	0.000
679	  R	  0.2	  0.4	0.000	0.000	0.000
680	  G	  0.2	  0.4	0.000	0.000	0.000
681	  F	  0.2	  1.8	0.000	0.000	0.000
682	  P	  0.0	  1.7	0.000	0.000	0.000
683	  G	  0.0	  2.0	0.000	0.000	0.000
684	  E	  0.0	  2.1	0.000	0.000	0.000
685	  R	  0.1	  0.5	0.000	0.000	0.000
686	  G	  0.1	  0.4	0.000	0.000	0.000
687	  V	  0.3	  0.1	0.000	0.000	0.000
688	  Q	  0.2	  0.0	0.000	0.000	0.000
689	  G	  0.2	  0.0	0.000	0.000	0.000
690	  P	  0.0	  0.0	0.000	0.000	0.000
691	  P	  0.0	  0.0	0.000	0.000	0.000
692	  G	  0.0	  0.4	0.000	0.000	0.000
693	  P	  0.0	  0.4	0.000	0.000	0.000
694	  A	  0.0	  0.5	0.000	0.000	0.000
695	  G	  0.0	  1.2	0.000	0.000	0.000
696	  P	  0.0	  1.1	0.000	0.000	0.000
697	  R	  0.0	  1.1	0.000	0.000	0.000
698	  G	  0.0	  2.4	0.000	0.000	0.000
699	  A	  0.0	  2.6	0.000	0.000	0.000
700	  N	  0.0	  2.4	0.000	0.000	0.000
701	  G	  0.0	  2.4	0.000	0.000	0.000
702	  A	  0.0	  1.7	0.000	0.000	0.000
703	  P	  0.0	  1.6	0.000	0.000	0.000
704	  G	  0.0	  1.9	0.000	0.000	0.000
705	  N	  0.0	  2.4	0.158	0.000	0.000
706	  D	  0.0	  1.8	0.158	0.000	0.000
707	  G	  0.0	  1.2	0.158	0.000	0.000
708	  A	  0.0	  1.3	0.158	0.000	0.000
709	  K	  0.0	  1.7	0.158	0.000	0.000
710	  G	  0.0	  1.7	0.158	0.000	0.000
711	  D	  0.0	  2.5	0.158	0.000	0.000
712	  A	  0.0	  2.0	0.000	0.000	0.000
713	  G	  0.0	  1.2	0.000	0.000	0.000
714	  A	  0.0	  2.5	0.000	0.000	0.000
715	  P	  0.0	  1.4	0.000	0.000	0.000
716	  G	  0.0	  1.4	0.000	0.000	0.000
717	  A	  0.0	  3.4	0.000	0.000	0.000
718	  P	  0.0	  2.2	0.000	0.000	0.000
719	  G	  0.0	  2.5	0.000	0.000	0.000
720	  S	  0.1	  2.9	0.000	0.000	0.000
721	  Q	  0.1	  0.9	0.000	0.000	0.000
722	  G	  0.0	  0.7	0.000	0.000	0.000
723	  A	  0.0	  1.2	0.000	0.000	0.000
724	  P	  0.0	  0.8	0.000	0.000	0.000
725	  G	  0.0	  0.8	0.000	0.000	0.000
726	  L	  0.1	  1.0	0.000	0.000	0.000
727	  Q	  0.1	  0.3	0.000	0.000	0.000
728	  G	  0.1	  0.2	0.000	0.000	0.000
729	  M	  0.0	  1.6	0.000	0.000	0.000
730	  P	  0.0	  1.5	0.000	0.000	0.000
731	  G	  0.0	  1.8	0.000	0.000	0.000
732	  E	  0.0	  1.9	0.000	0.000	0.000
733	  R	  0.1	  0.5	0.000	0.000	0.000
734	  G	  0.1	  0.6	0.000	0.000	0.000
735	  A	  0.1	  0.5	0.000	0.000	0.000
736	  A	  0.1	  0.4	0.000	0.000	0.000
737	  G	  0.1	  0.3	0.000	0.000	0.000
738	  L	  0.1	  0.2	0.000	0.000	0.000
739	  P	  0.0	  0.0	0.000	0.000	0.000
740	  G	  0.0	  0.8	0.000	0.000	0.000
741	  P	  0.0	  1.3	0.000	0.000	0.000
742	  K	  0.0	  2.5	0.000	0.000	0.000
743	  G	  0.0	  2.7	0.000	0.000	0.000
744	  D	  0.0	  2.4	0.000	0.000	0.000
745	  R	  0.1	  2.3	0.000	0.000	0.000
746	  G	  0.1	  1.1	0.000	0.000	0.000
747	  D	  0.1	  1.0	0.000	0.000	0.000
748	  A	  0.0	  0.5	0.000	0.000	0.000
749	  G	  0.0	  0.9	0.000	0.000	0.000
750	  P	  0.0	  1.3	0.000	0.000	0.000
751	  K	  0.0	  1.4	0.000	0.000	0.000
752	  G	  0.0	  2.9	0.000	0.000	0.000
753	  A	  0.0	  2.5	0.000	0.000	0.000
754	  D	  0.0	  1.9	0.000	0.000	0.000
755	  G	  0.0	  1.8	0.000	0.000	0.000
756	  S	  0.0	  3.9	0.000	0.000	0.000
757	  P	  0.0	  3.6	0.000	0.000	0.000
758	  G	  0.0	  4.8	0.000	0.000	0.000
759	  K	  0.0	  5.5	0.000	0.000	0.000
760	  D	  0.0	  2.0	0.000	0.000	0.000
761	  G	  0.1	  1.9	0.000	0.000	0.000
762	  V	  0.9	  0.8	0.000	0.000	0.000
763	  R	  0.9	  0.1	0.000	0.000	0.000
764	  G	  0.9	  0.2	0.000	0.000	0.000
765	  L	  0.3	  0.2	0.000	0.000	0.000
766	  T	  0.2	  0.2	0.000	0.000	0.000
767	  G	  0.2	  0.2	0.000	0.000	0.000
768	  P	  0.0	  0.0	0.000	0.000	0.000
769	  I	  0.0	  0.0	0.000	0.000	0.000
770	  G	  0.0	  0.0	0.000	0.000	0.000
771	  P	  0.0	  0.0	0.000	0.000	0.000
772	  P	  0.0	  0.0	0.000	0.000	0.000
773	  G	  0.0	  0.4	0.000	0.000	0.000
774	  P	  0.0	  0.9	0.000	0.000	0.000
775	  A	  0.0	  0.9	0.000	0.000	0.000
776	  G	  0.0	  0.8	0.000	0.000	0.000
777	  A	  0.0	  1.9	0.000	0.000	0.000
778	  P	  0.0	  2.0	0.000	0.000	0.000
779	  G	  0.0	  2.2	0.000	0.000	0.000
780	  D	  0.0	  3.4	0.000	0.000	0.000
781	  K	  0.0	  2.1	0.000	0.000	0.000
782	  G	  0.0	  2.1	0.000	0.000	0.000
783	  E	  0.0	  1.9	0.000	0.000	0.000
784	  S	  0.0	  0.9	0.000	0.000	0.000
785	  G	  0.0	  2.6	0.000	0.000	0.000
786	  P	  0.0	  2.0	0.000	0.000	0.000
787	  S	  0.0	  2.1	0.000	0.000	0.000
788	  G	  0.0	  2.3	0.000	0.000	0.000
789	  P	  0.0	  0.5	0.000	0.000	0.000
790	  A	  0.0	  0.6	0.000	0.000	0.000
791	  G	  0.0	  1.7	0.000	0.000	0.000
792	  P	  0.0	  1.4	0.000	0.000	0.000
793	  T	  0.0	  1.6	0.000	0.000	0.000
794	  G	  0.0	  1.7	0.000	0.000	0.000
795	  A	  0.1	  0.8	0.000	0.000	0.000
796	  R	  0.1	  0.6	0.000	0.000	0.000
797	  G	  0.1	  0.5	0.000	0.000	0.000
798	  A	  0.1	  1.6	0.000	0.000	0.000
799	  P	  0.0	  2.2	0.000	0.000	0.000
800	  G	  0.0	  2.4	0.000	0.000	0.000
801	  D	  0.0	  2.9	0.000	0.000	0.000
802	  R	  0.1	  1.4	0.000	0.000	0.000
803	  G	  0.1	  0.7	0.000	0.000	0.000
804	  E	  0.1	  0.5	0.000	0.000	0.000
805	  P	  0.0	  0.0	0.000	0.000	0.000
806	  G	  0.0	  0.0	0.000	0.000	0.000
807	  P	  0.0	  0.0	0.000	0.000	0.000
808	  P	  0.0	  0.0	0.000	0.000	0.000
809	  G	  0.0	  0.4	0.000	0.000	0.000
810	  P	  0.0	  0.9	0.000	0.000	0.000
811	  A	  0.0	  0.9	0.000	0.000	0.000
812	  G	  0.2	  0.9	0.000	0.000	0.000
813	  F	  0.6	  0.5	0.000	0.000	0.000
814	  A	  0.6	  0.0	0.000	0.000	0.000
815	  G	  0.4	  0.0	0.000	0.000	0.000
816	  P	  0.0	  1.8	0.000	0.000	0.000
817	  P	  0.0	  1.9	0.000	0.000	0.000
818	  G	  0.0	  3.5	0.000	0.000	0.000
819	  A	  0.0	  3.9	0.000	0.000	0.000
820	  D	  0.0	  2.1	0.000	0.000	0.000
821	  G	  0.0	  2.0	0.000	0.000	0.000
822	  Q	  0.0	  1.5	0.000	0.000	0.000
823	  P	  0.0	  1.2	0.000	0.000	0.000
824	  G	  0.0	  1.5	0.000	0.000	0.000
825	  A	  0.0	  1.9	0.000	0.000	0.000
826	  K	  0.1	  0.8	0.000	0.000	0.000
827	  G	  0.1	  0.7	0.000	0.000	0.000
828	  E	  0.1	  1.3	0.000	0.000	0.000
829	  P	  0.0	  1.4	0.000	0.000	0.000
830	  G	  0.0	  1.5	0.138	0.000	0.000
831	  D	  0.0	  2.6	0.325	0.000	0.000
832	  A	  0.0	  1.8	0.325	0.000	0.000
833	  G	  0.0	  1.5	0.325	0.000	0.000
834	  A	  0.0	  1.9	0.325	0.000	0.000
835	  K	  0.0	  1.7	0.325	0.000	0.000
836	  G	  0.0	  1.7	0.187	0.000	0.000
837	  D	  0.0	  1.4	0.187	0.000	0.000
838	  A	  0.0	  1.0	0.000	0.000	0.000
839	  G	  0.0	  0.1	0.000	0.000	0.000
840	  P	  0.0	  0.0	0.000	0.000	0.000
841	  P	  0.0	  0.0	0.000	0.000	0.000
842	  G	  0.0	  0.4	0.000	0.000	0.000
843	  P	  0.0	  0.4	0.000	0.000	0.000
844	  A	  0.0	  0.5	0.000	0.000	0.000
845	  G	  0.0	  0.9	0.000	0.000	0.000
846	  P	  0.0	  0.5	0.000	0.000	0.000
847	  A	  0.0	  0.5	0.000	0.000	0.000
848	  G	  0.0	  0.4	0.000	0.000	0.000
849	  P	  0.0	  0.0	0.000	0.000	0.000
850	  P	  0.0	  0.0	0.000	0.000	0.000
851	  G	  0.0	  0.0	0.000	0.000	0.000
852	  P	  0.0	  0.0	0.000	0.000	0.000
853	  I	  0.0	  0.5	0.000	0.000	0.000
854	  G	  0.0	  0.5	0.000	0.000	0.000
855	  N	  0.1	  0.8	0.000	0.000	0.000
856	  V	  0.3	  0.8	0.000	0.000	0.000
857	  G	  0.3	  0.3	0.000	0.000	0.000
858	  A	  0.3	  1.7	0.000	0.000	0.000
859	  P	  0.0	  1.5	0.000	0.000	0.000
860	  G	  0.0	  1.8	0.000	0.000	0.000
861	  A	  0.0	  2.2	0.000	0.000	0.000
862	  K	  0.0	  0.9	0.000	0.000	0.000
863	  G	  0.0	  1.1	0.000	0.000	0.000
864	  A	  0.1	  1.0	0.000	0.000	0.000
865	  R	  0.1	  0.7	0.000	0.000	0.000
866	  G	  0.2	  0.7	0.000	0.000	0.000
867	  S	  0.3	  0.4	0.000	0.000	0.000
868	  A	  0.2	  0.2	0.000	0.000	0.000
869	  G	  0.1	  0.1	0.000	0.000	0.000
870	  P	  0.0	  1.8	0.000	0.000	0.000
871	  P	  0.0	  2.1	0.000	0.000	0.000
872	  G	  0.0	  2.5	0.000	0.000	0.000
873	  A	  0.1	  2.6	0.000	0.000	0.000
874	  T	  0.2	  0.8	0.000	0.000	0.000
875	  G	  0.2	  0.5	0.000	0.000	0.000
876	  F	  0.1	  1.7	0.000	0.000	0.000
877	  P	  0.0	  1.7	0.000	0.000	0.000
878	  G	  0.1	  1.8	0.000	0.000	0.000
879	  A	  0.1	  2.3	0.000	0.000	0.000
880	  A	  0.1	  0.8	0.000	0.000	0.000
881	  G	  0.1	  0.7	0.000	0.000	0.000
882	  R	  0.4	  0.5	0.000	0.000	0.000
883	  V	  0.4	  0.1	0.000	0.000	0.000
884	  G	  0.4	  0.0	0.000	0.000	0.000
885	  P	  0.0	  0.0	0.000	0.000	0.000
886	  P	  0.0	  0.1	0.000	0.000	0.000
887	  G	  0.0	  1.9	0.000	0.000	0.000
888	  P	  0.0	  2.0	0.000	0.000	0.000
889	  S	  0.1	  3.5	0.000	0.000	0.000
890	  G	  0.1	  3.5	0.000	0.000	0.000
891	  N	  0.1	  1.6	0.000	0.000	0.000
892	  A	  0.0	  1.5	0.000	0.000	0.000
893	  G	  0.0	  0.0	0.000	0.000	0.000
894	  P	  0.0	  0.0	0.000	0.000	0.000
895	  P	  0.0	  0.0	0.000	0.000	0.000
896	  G	  0.0	  0.0	0.000	0.000	0.000
897	  P	  0.0	  0.0	0.000	0.000	0.000
898	  P	  0.0	  0.0	0.000	0.000	0.000
899	  G	  0.0	  0.4	0.000	0.000	0.000
900	  P	  0.0	  1.1	0.000	0.000	0.000
901	  A	  0.0	  1.2	0.000	0.000	0.000
902	  G	  0.0	  1.4	0.000	0.000	0.000
903	  K	  0.0	  1.3	0.000	0.000	0.000
904	  E	  0.0	  2.9	0.000	0.000	0.000
905	  G	  0.0	  3.0	0.000	0.000	0.000
906	  G	  0.0	  2.7	0.000	0.000	0.000
907	  K	  0.0	  2.5	0.000	0.000	0.000
908	  G	  0.0	  1.0	0.000	0.000	0.000
909	  P	  0.0	  1.0	0.000	0.000	0.000
910	  R	  0.0	  1.1	0.000	0.000	0.000
911	  G	  0.1	  1.5	0.000	0.000	0.000
912	  E	  0.1	  0.7	0.000	0.000	0.000
913	  T	  0.0	  0.5	0.000	0.000	0.000
914	  G	  0.0	  0.8	0.000	0.000	0.000
915	  P	  0.0	  1.0	0.000	0.000	0.000
916	  A	  0.0	  1.0	0.000	0.000	0.000
917	  G	  0.0	  1.0	0.000	0.000	0.000
918	  R	  0.0	  2.0	0.000	0.000	0.000
919	  P	  0.0	  1.4	0.000	0.000	0.000
920	  G	  0.0	  1.5	0.000	0.000	0.000
921	  E	  0.1	  1.5	0.000	0.000	0.000
922	  V	  0.1	  0.0	0.000	0.000	0.000
923	  G	  0.1	  0.0	0.000	0.000	0.000
924	  P	  0.0	  0.0	0.000	0.000	0.000
925	  P	  0.0	  0.0	0.000	0.000	0.000
926	  G	  0.0	  0.0	0.000	0.000	0.000
927	  P	  0.0	  0.0	0.000	0.000	0.000
928	  P	  0.0	  0.0	0.000	0.000	0.000
929	  G	  0.0	  0.4	0.000	0.000	0.000
930	  P	  0.0	  0.9	0.000	0.000	0.000
931	  A	  0.0	  1.0	0.000	0.000	0.000
932	  G	  0.0	  1.2	0.000	0.000	0.000
933	  E	  0.0	  1.1	0.000	0.000	0.000
934	  K	  0.0	  0.7	0.000	0.000	0.000
935	  G	  0.0	  0.6	0.000	0.000	0.000
936	  S	  0.0	  2.7	0.000	0.000	0.000
937	  P	  0.0	  2.5	0.000	0.000	0.000
938	  G	  0.0	  4.0	0.000	0.000	0.000
939	  A	  0.0	  4.0	0.000	0.000	0.000
940	  D	  0.0	  1.7	0.000	0.000	0.000
941	  G	  0.0	  2.0	0.000	0.000	0.000
942	  P	  0.0	  0.9	0.000	0.000	0.000
943	  A	  0.0	  0.9	0.000	0.000	0.000
944	  G	  0.0	  0.8	0.000	0.000	0.000
945	  A	  0.0	  1.4	0.000	0.000	0.000
946	  P	  0.0	  1.0	0.000	0.000	0.000
947	  G	  0.0	  1.0	0.000	0.000	0.000
948	  T	  0.0	  1.0	0.000	0.000	0.000
949	  P	  0.0	  0.0	0.000	0.000	0.000
950	  G	  0.0	  1.0	0.000	0.000	0.000
951	  P	  0.0	  1.2	0.000	0.000	0.000
952	  Q	  0.0	  1.2	0.000	0.000	0.000
953	  G	  0.5	  1.2	0.000	0.000	0.000
954	  I	  1.8	  0.5	0.000	0.000	0.000
955	  A	  1.8	  0.3	0.000	0.000	0.000
956	  G	  1.3	  0.5	0.000	0.000	0.000
957	  Q	  0.1	  0.6	0.000	0.000	0.000
958	  R	  0.1	  0.3	0.000	0.000	0.000
959	  G	  0.1	  0.3	0.000	0.000	0.000
960	  V	  1.2	  0.1	0.000	0.000	0.000
961	  V	  1.8	  0.0	0.000	0.000	0.000
962	  G	  1.8	  0.0	0.000	0.000	0.000
963	  L	  0.7	  1.9	0.000	0.000	0.000
964	  P	  0.0	  1.9	0.000	0.000	0.000
965	  G	  0.0	  2.1	0.000	0.000	0.000
966	  Q	  0.1	  2.2	0.000	0.000	0.000
967	  R	  0.1	  0.4	0.000	0.000	0.000
968	  G	  0.1	  0.6	0.000	0.000	0.000
969	  E	  0.1	  0.5	0.000	0.000	0.000
970	  R	  0.2	  0.4	0.000	0.000	0.000
971	  G	  0.2	  0.4	0.000	0.000	0.000
972	  F	  0.2	  1.9	0.000	0.000	0.000
973	  P	  0.0	  1.8	0.000	0.000	0.000
974	  G	  0.0	  1.8	0.000	0.000	0.000
975	  L	  0.0	  1.8	0.000	0.000	0.000
976	  P	  0.0	  0.1	0.000	0.000	0.000
977	  G	  0.0	  1.9	0.000	0.000	0.000
978	  P	  0.0	  2.2	0.000	0.000	0.000
979	  S	  0.1	  2.2	0.000	0.000	0.000
980	  G	  0.1	  2.1	0.000	0.000	0.000
981	  E	  0.1	  1.6	0.000	0.000	0.000
982	  P	  0.0	  1.4	0.000	0.000	0.000
983	  G	  0.0	  1.6	0.000	0.000	0.000
984	  K	  0.0	  1.6	0.000	0.000	0.000
985	  Q	  0.0	  0.4	0.000	0.000	0.000
986	  G	  0.0	  2.1	0.000	0.000	0.000
987	  P	  0.0	  2.1	0.000	0.000	0.000
988	  S	  0.0	  2.6	0.000	0.000	0.000
989	  G	  0.0	  3.2	0.000	0.000	0.000
990	  A	  0.1	  1.6	0.000	0.000	0.000
991	  S	  0.1	  1.6	0.000	0.000	0.000
992	  G	  0.1	  1.4	0.000	0.000	0.000
993	  E	  0.1	  0.7	0.000	0.000	0.000
994	  R	  0.0	  0.5	0.000	0.000	0.000
995	  G	  0.0	  0.3	0.000	0.000	0.000
996	  P	  0.0	  0.0	0.000	0.000	0.000
997	  P	  0.0	  0.1	0.000	0.000	0.000
998	  G	  0.0	  0.5	0.000	0.000	0.000
999	  P	  0.0	  0.5	0.000	0.000	0.000
1000	  M	  0.0	  0.5	0.000	0.000	0.000
1001	  G	  0.0	  0.4	0.000	0.000	0.000
1002	  P	  0.0	  0.9	0.000	0.000	0.000
1003	  P	  0.0	  0.9	0.000	0.000	0.000
1004	  G	  0.1	  0.9	0.000	0.000	0.000
1005	  L	  0.1	  0.9	0.000	0.000	0.000
1006	  A	  0.1	  0.0	0.000	0.000	0.000
1007	  G	  0.0	  0.0	0.000	0.000	0.000
1008	  P	  0.0	  1.9	0.000	0.000	0.000
1009	  P	  0.0	  2.0	0.000	0.000	0.000
1010	  G	  0.0	  2.6	0.000	0.000	0.000
1011	  E	  0.0	  2.8	0.000	0.000	0.000
1012	  S	  0.1	  1.2	0.000	0.000	0.000
1013	  G	  0.1	  1.2	0.000	0.000	0.000
1014	  R	  0.1	  1.0	0.000	0.000	0.000
1015	  E	  0.0	  0.9	0.000	0.000	0.000
1016	  G	  0.0	  0.6	0.000	0.000	0.000
1017	  A	  0.0	  1.9	0.000	0.000	0.000
1018	  P	  0.0	  1.5	0.000	0.000	0.000
1019	  G	  0.0	  1.9	0.000	0.000	0.000
1020	  A	  0.0	  2.4	0.000	0.000	0.000
1021	  E	  0.0	  1.0	0.000	0.000	0.000
1022	  G	  0.0	  0.9	0.000	0.000	0.000
1023	  S	  0.0	  3.6	0.000	0.000	0.000
1024	  P	  0.0	  3.2	0.000	0.000	0.000
1025	  G	  0.0	  4.1	0.000	0.000	0.000
1026	  R	  0.0	  4.4	0.000	0.000	0.000
1027	  D	  0.0	  1.3	0.000	0.000	0.000
1028	  G	  0.0	  1.2	0.000	0.000	0.000
1029	  S	  0.0	  2.6	0.253	0.000	0.000
1030	  P	  0.0	  2.4	0.253	0.000	0.000
1031	  G	  0.0	  2.7	0.253	0.000	0.000
1032	  A	  0.0	  3.1	0.253	0.000	0.000
1033	  K	  0.0	  2.0	0.253	0.000	0.000
1034	  G	  0.0	  2.0	0.253	0.000	0.000
1035	  D	  0.0	  2.3	0.253	0.000	0.000
1036	  R	  0.0	  1.9	0.000	0.000	0.000
1037	  G	  0.1	  1.1	0.000	0.000	0.000
1038	  E	  0.1	  1.0	0.000	0.000	0.000
1039	  T	  0.0	  0.5	0.000	0.000	0.000
1040	  G	  0.0	  0.8	0.000	0.000	0.000
1041	  P	  0.0	  0.5	0.000	0.000	0.000
1042	  A	  0.0	  0.5	0.000	0.000	0.000
1043	  G	  0.0	  0.4	0.000	0.000	0.000
1044	  P	  0.0	  1.8	0.000	0.000	0.000
1045	  P	  0.0	  1.8	0.000	0.000	0.000
1046	  G	  0.0	  1.8	0.000	0.000	0.000
1047	  A	  0.0	  3.2	0.000	0.000	0.000
1048	  P	  0.0	  1.4	0.000	0.000	0.000
1049	  G	  0.0	  1.4	0.000	0.000	0.000
1050	  A	  0.0	  2.9	0.000	0.000	0.000
1051	  P	  0.0	  1.5	0.000	0.000	0.000
1052	  G	  0.0	  1.5	0.000	0.000	0.000
1053	  A	  0.0	  1.5	0.000	0.000	0.000
1054	  P	  0.0	  0.0	0.000	0.000	0.000
1055	  G	  0.0	  0.0	0.000	0.000	0.000
1056	  P	  0.0	  0.0	0.000	0.000	0.000
1057	  V	  0.0	  0.1	0.000	0.000	0.000
1058	  G	  0.0	  0.5	0.000	0.000	0.000
1059	  P	  0.0	  1.1	0.000	0.000	0.000
1060	  A	  0.0	  1.3	0.000	0.000	0.000
1061	  G	  0.0	  1.7	0.000	0.000	0.000
1062	  K	  0.1	  1.5	0.000	0.000	0.000
1063	  S	  0.1	  2.9	0.000	0.000	0.000
1064	  G	  0.1	  2.9	0.000	0.000	0.000
1065	  D	  0.0	  2.9	0.000	0.000	0.000
1066	  R	  0.0	  2.8	0.000	0.000	0.000
1067	  G	  0.1	  1.1	0.000	0.000	0.000
1068	  E	  0.1	  1.0	0.000	0.000	0.000
1069	  T	  0.0	  0.5	0.000	0.000	0.000
1070	  G	  0.0	  0.8	0.000	0.000	0.000
1071	  P	  0.0	  0.5	0.000	0.000	0.000
1072	  A	  0.0	  0.6	0.000	0.000	0.000
1073	  G	  0.0	  1.7	0.000	0.000	0.000
1074	  P	  0.0	  1.3	0.000	0.000	0.000
1075	  T	  0.0	  1.3	0.000	0.000	0.000
1076	  G	  0.0	  1.2	0.000	0.000	0.000
1077	  P	  0.0	  0.0	0.000	0.000	0.000
1078	  V	  0.0	  0.1	0.000	0.000	0.000
1079	  G	  0.0	  0.0	0.000	0.000	0.000
1080	  P	  0.0	  0.2	0.000	0.000	0.000
1081	  V	  0.1	  0.4	0.000	0.000	0.000
1082	  G	  0.1	  0.7	0.000	0.000	0.000
1083	  A	  0.2	  0.7	0.000	0.000	0.000
1084	  R	  0.1	  0.5	0.000	0.000	0.000
1085	  G	  0.1	  0.7	0.000	0.000	0.000
1086	  P	  0.0	  0.4	0.000	0.000	0.000
1087	  A	  0.0	  0.5	0.000	0.000	0.000
1088	  G	  0.0	  1.4	0.000	0.000	0.000
1089	  P	  0.0	  1.0	0.000	0.000	0.000
1090	  Q	  0.0	  1.0	0.000	0.000	0.000
1091	  G	  0.0	  1.8	0.000	0.000	0.000
1092	  P	  0.0	  1.0	0.000	0.000	0.000
1093	  R	  0.1	  1.4	0.000	0.000	0.000
1094	  G	  0.1	  1.6	0.000	0.000	0.000
1095	  D	  0.1	  2.0	0.000	0.000	0.000
1096	  K	  0.0	  2.0	0.000	0.000	0.000
1097	  G	  0.0	  2.0	0.000	0.000	0.000
1098	  E	  0.1	  1.9	0.000	0.000	0.000
1099	  T	  0.0	  0.7	0.000	0.000	0.000
1100	  G	  0.0	  0.8	0.000	0.000	0.000
1101	  E	  0.0	  0.6	0.000	0.000	0.000
1102	  Q	  0.0	  1.2	0.000	0.000	0.000
1103	  G	  0.0	  1.3	0.000	0.000	0.000
1104	  D	  0.0	  1.1	0.194	0.000	0.000
1105	  R	  0.2	  0.9	0.194	0.000	0.000
1106	  G	  0.3	  0.3	0.194	0.000	0.000
1107	  I	  1.4	  0.8	0.194	0.000	0.000
1108	  K	  1.2	  0.7	0.194	0.000	0.000
1109	  G	  1.2	  0.8	0.194	0.000	0.000
1110	  H	  0.2	  1.2	0.194	0.000	0.000
1111	  R	  0.3	  0.5	0.000	0.000	0.000
1112	  G	  0.4	  0.4	0.000	0.000	0.000
1113	  F	  1.7	  0.7	0.000	0.000	0.000
1114	  S	  1.6	  0.3	0.000	0.000	0.000
1115	  G	  1.5	  0.3	0.000	0.000	0.000
1116	  L	  0.1	  0.3	0.000	0.000	0.000
1117	  Q	  0.1	  0.1	0.000	0.000	0.000
1118	  G	  0.0	  0.0	0.000	0.000	0.000
1119	  P	  0.0	  0.0	0.000	0.000	0.000
1120	  P	  0.0	  0.0	0.000	0.000	0.000
1121	  G	  0.0	  0.0	0.000	0.000	0.000
1122	  P	  0.0	  2.4	0.000	0.000	0.000
1123	  P	  0.0	  2.4	0.000	0.000	0.000
1124	  G	  0.0	  2.4	0.000	0.000	0.000
1125	  S	  0.0	  4.8	0.000	0.000	0.000
1126	  P	  0.0	  2.4	0.000	0.000	0.000
1127	  G	  0.0	  2.8	0.000	0.000	0.000
1128	  E	  0.0	  2.8	0.000	0.000	0.000
1129	  Q	  0.0	  0.4	0.000	0.000	0.000
1130	  G	  0.0	  2.1	0.000	0.000	0.000
1131	  P	  0.0	  2.1	0.000	0.000	0.000
1132	  S	  0.0	  2.5	0.000	0.000	0.000
1133	  G	  0.0	  3.2	0.000	0.000	0.000
1134	  A	  0.1	  1.4	0.000	0.000	0.000
1135	  S	  0.1	  1.2	0.000	0.000	0.000
1136	  G	  0.1	  1.2	0.000	0.000	0.000
1137	  P	  0.0	  0.5	0.000	0.000	0.000
1138	  A	  0.0	  0.6	0.000	0.000	0.000
1139	  G	  0.0	  1.2	0.000	0.000	0.000
1140	  P	  0.0	  0.8	0.000	0.000	0.000
1141	  R	  0.0	  0.8	0.000	0.000	0.000
1142	  G	  0.0	  0.8	0.000	0.000	0.000
1143	  P	  0.0	  2.5	0.000	0.000	0.000
1144	  P	  0.0	  2.7	0.000	0.000	0.000
1145	  G	  0.1	  2.8	0.000	0.000	0.000
1146	  S	  0.2	  3.4	0.000	0.000	0.000
1147	  A	  0.3	  0.9	0.000	0.000	0.000
1148	  G	  0.1	  0.7	0.000	0.000	0.000
1149	  A	  0.0	  2.8	0.000	0.000	0.000
1150	  P	  0.0	  2.3	0.000	0.000	0.000
1151	  G	  0.0	  3.5	0.000	0.000	0.000
1152	  K	  0.0	  3.7	0.000	0.000	0.000
1153	  D	  0.0	  1.6	0.000	0.000	0.000
1154	  G	  0.1	  1.9	0.000	0.000	0.000
1155	  L	  0.2	  2.2	0.000	0.000	0.000
1156	  N	  0.2	  1.9	0.000	0.000	0.000
1157	  G	  0.1	  1.9	0.000	0.000	0.000
1158	  L	  0.0	  1.4	0.000	0.000	0.000
1159	  P	  0.0	  0.0	0.000	0.000	0.000
1160	  G	  0.0	  0.0	0.000	0.000	0.000
1161	  P	  0.0	  0.0	0.000	0.000	0.000
1162	  I	  0.0	  0.0	0.000	0.000	0.000
1163	  G	  0.0	  0.0	0.000	0.000	0.000
1164	  P	  0.0	  0.0	0.000	0.000	0.000
1165	  P	  0.0	  0.1	0.000	0.000	0.000
1166	  G	  0.0	  0.8	0.000	0.000	0.000
1167	  P	  0.0	  1.1	0.000	0.000	0.000
1168	  R	  0.1	  1.2	0.000	0.000	0.000
1169	  G	  0.1	  1.4	0.000	0.000	0.000
1170	  R	  0.1	  0.7	0.000	0.000	0.000
1171	  T	  0.1	  1.4	0.000	0.000	0.000
1172	  G	  0.1	  1.3	0.000	0.000	0.000
1173	  D	  0.0	  1.1	0.000	0.000	0.000
1174	  A	  0.0	  1.0	0.000	0.000	0.000
1175	  G	  0.0	  0.1	0.000	0.000	0.000
1176	  P	  0.0	  0.0	0.000	0.000	0.000
1177	  V	  0.0	  0.0	0.000	0.000	0.000
1178	  G	  0.0	  0.0	0.000	0.000	0.000
1179	  P	  0.0	  0.0	0.000	0.000	0.000
1180	  P	  0.0	  0.0	0.000	0.000	0.000
1181	  G	  0.0	  0.0	0.000	0.000	0.000
1182	  P	  0.0	  0.0	0.000	0.000	0.000
1183	  P	  0.0	  0.0	0.000	0.000	0.000
1184	  G	  0.0	  0.0	0.000	0.000	0.000
1185	  P	  0.0	  0.0	0.000	0.000	0.000
1186	  P	  0.0	  0.0	0.000	0.000	0.000
1187	  G	  0.0	  0.0	0.000	0.000	0.000
1188	  P	  0.0	  0.0	0.000	0.000	0.000
1189	  P	  0.0	  0.0	0.000	0.000	0.000
1190	  G	  0.0	  0.0	0.000	0.000	0.000
1191	  P	  0.0	  0.6	0.000	0.000	0.000
1192	  P	  0.0	  0.7	0.000	0.000	0.000
1193	  S	  0.1	  1.2	0.000	0.000	0.000
1194	  A	  0.1	  1.2	0.000	0.000	0.000
1195	  G	  0.2	  0.7	0.000	0.000	0.000
1196	  F	  2.4	  0.6	0.000	0.000	0.000
1197	  D	  3.0	  0.1	0.000	0.000	0.000
1198	  F	  9.4	  0.1	0.000	0.000	0.000
1199	  S	  8.3	  0.1	0.000	0.000	0.000
1200	  F	  7.8	  0.1	0.000	0.000	0.000
1201	  L	  1.3	  0.0	0.000	0.000	0.000
1202	  P	  0.2	  0.0	0.000	0.000	0.000
1203	  Q	  0.0	  0.0	0.000	0.000	0.000
1204	  P	  0.0	  0.2	0.000	0.000	0.000
1205	  P	  0.0	  0.3	0.000	0.000	0.000
1206	  Q	  0.1	  0.3	0.000	0.000	0.000
1207	  E	  0.2	  0.4	0.000	0.000	0.000
1208	  K	  0.4	  0.1	0.000	0.000	0.000
1209	  A	  0.3	  0.3	0.000	0.000	0.000
1210	  H	  0.3	  0.6	0.000	0.000	0.000
1211	  D	  0.1	  2.7	0.000	0.000	0.000
1212	  G	  0.0	  3.0	0.000	0.000	0.000
1213	  G	  0.0	  2.8	0.000	0.000	0.000
1214	  R	  1.3	  2.4	0.000	0.000	0.000
1215	  Y	  3.3	  0.3	0.000	0.000	0.000
1216	  Y	  5.0	  0.0	0.000	0.000	0.000
1217	  R	  4.0	  0.8	0.000	0.000	0.000
1218	  A	  2.0	  1.0	0.000	0.000	0.000
1219	  D	  0.2	  1.0	0.000	0.000	0.000
1220	  D	  0.0	  2.5	0.000	0.000	0.000
1221	  A	  0.1	  1.7	0.000	0.000	0.000
1222	  N	  2.2	  1.5	0.000	0.000	0.000
1223	  V	  5.0	  1.5	0.000	0.000	0.000
1224	  V	  5.7	  0.1	0.000	0.000	0.000
1225	  R	  3.7	  0.1	0.000	0.000	0.000
1226	  D	  0.8	  1.2	0.000	0.000	0.000
1227	  R	  0.1	  1.2	0.000	0.000	0.000
1228	  D	  0.3	  1.2	0.000	0.000	0.000
1229	  L	  2.1	  1.1	0.000	0.000	0.000
1230	  E	  6.9	  0.0	0.000	0.000	0.000
1231	  V	  7.4	  0.0	0.000	0.000	0.000
1232	  D	  5.9	  0.1	0.000	0.000	0.000
1233	  T	  1.8	  0.1	0.124	0.000	0.000
1234	  T	  3.9	  0.1	0.124	0.000	0.000
1235	  L	  4.0	  0.1	0.124	0.000	0.000
1236	  K	  3.4	  0.1	0.124	0.000	0.000
1237	  S	  5.9	  0.4	0.124	0.000	0.000
1238	  L	  5.7	  0.4	0.124	0.000	0.000
1239	  S	  5.8	  0.4	0.544	0.000	0.000
1240	  Q	  0.6	  0.4	0.544	0.000	0.000
1241	  Q	  3.0	  0.1	0.544	0.000	0.000
1242	  I	  2.8	  0.2	0.544	0.000	0.000
1243	  E	  2.7	  0.1	0.544	0.000	0.000
1244	  N	  3.6	  0.1	0.544	0.000	0.000
1245	  I	  6.1	  0.1	0.338	0.000	0.000
1246	  R	  6.1	  0.0	0.338	0.000	0.000
1247	  S	  2.8	  1.0	0.251	0.000	0.000
1248	  P	  0.1	  1.6	0.244	0.000	0.000
1249	  E	  0.0	  2.2	0.244	0.000	0.000
1250	  G	  0.0	  2.3	0.244	0.000	0.000
1251	  S	  0.2	  1.4	0.244	0.000	0.000
1252	  R	  1.1	  0.8	0.244	0.000	0.000
1253	  K	  1.1	  0.2	0.244	0.000	0.000
1254	  N	  0.9	  0.3	0.244	0.000	0.000
1255	  P	  0.0	  0.2	0.000	0.000	0.000
1256	  A	  0.1	  0.3	0.000	0.000	0.000
1257	  R	  0.1	  0.3	0.000	0.000	0.000
1258	  T	  4.6	  0.1	1.186	0.000	0.000
1259	  C	  5.0	  0.5	1.303	0.000	0.000
1260	  R	  5.0	  0.4	1.303	0.000	0.000
1261	  D	  0.7	  0.4	1.303	0.000	0.000
1262	  L	  1.7	  0.4	1.303	0.000	0.000
1263	  K	  2.2	  0.0	1.303	0.000	0.000
1264	  M	  2.8	  0.0	0.802	0.000	0.000
1265	  C	  2.0	  0.1	0.126	0.000	0.000
1266	  H	  1.3	  0.7	0.000	0.000	0.000
1267	  S	  0.6	  0.7	0.000	0.000	0.000
1268	  D	  0.3	  0.7	0.000	0.000	0.000
1269	  W	  0.9	  1.0	0.000	0.000	0.000
1270	  K	  1.0	  0.6	0.000	0.000	0.000
1271	  S	  0.7	  1.0	0.000	0.000	0.000
1272	  G	  0.2	  1.0	0.000	0.000	0.000
1273	  E	  0.5	  0.6	0.000	0.000	0.000
1274	  Y	  1.2	  0.4	0.000	0.000	0.000
1275	  W	  2.3	  0.0	0.000	0.000	0.000
1276	  I	  2.2	  0.0	0.000	0.000	0.000
1277	  D	  1.5	  8.1	0.000	0.000	0.000
1278	  P	  0.3	  8.2	0.000	0.000	0.000
1279	  N	  0.0	  9.1	0.000	0.000	0.000
1280	  Q	  0.0	  9.4	0.000	0.000	0.000
1281	  G	  0.1	  1.3	0.000	0.000	0.000
1282	  C	  0.7	  1.3	0.000	0.000	0.000
1283	  N	  1.0	  1.4	1.196	0.000	0.000
1284	  L	  1.1	  1.1	1.196	0.724	0.724
1285	  D	  0.5	  1.1	2.080	0.724	0.724
1286	  A	  0.7	  1.0	2.080	0.724	0.724
1287	  I	  7.9	  0.0	2.080	0.724	0.724
1288	  K	  8.7	  0.0	2.080	0.724	0.724
1289	  V	 11.9	  0.0	1.558	0.928	0.928
1290	  F	  6.3	  0.1	1.558	0.928	0.928
1291	  C	  6.1	  0.1	0.322	0.330	0.330
1292	  N	  2.9	  0.1	0.498	0.204	0.204
1293	  M	  1.3	  0.4	0.176	0.204	0.204
1294	  E	  0.5	  0.3	0.176	0.000	0.000
1295	  T	  0.1	  0.6	0.176	0.000	0.000
1296	  G	  0.0	  0.8	0.176	0.000	0.000
1297	  E	  0.2	  0.6	0.176	0.000	0.000
1298	  T	  2.8	  0.5	0.000	0.000	0.000
1299	  C	  4.1	  0.2	0.000	0.000	0.000
1300	  V	  4.3	  0.0	0.000	0.000	0.000
1301	  Y	  1.7	  0.2	0.000	0.000	0.000
1302	  P	  0.4	  0.2	0.000	0.000	0.000
1303	  T	  0.2	  0.2	0.000	0.000	0.000
1304	  Q	  0.2	  0.5	0.000	0.000	0.000
1305	  P	  0.2	  0.3	0.000	0.000	0.000
1306	  S	  0.7	  0.3	0.000	0.000	0.000
1307	  V	  2.2	  0.3	0.000	0.000	0.000
1308	  A	  2.3	  0.0	0.000	0.000	0.000
1309	  Q	  1.8	  0.2	0.000	0.000	0.000
1310	  K	  0.4	  0.2	0.000	0.000	0.000
1311	  N	  1.5	  0.2	0.199	0.000	0.000
1312	  W	  2.0	  0.2	0.529	0.000	0.000
1313	  Y	  3.0	  0.0	0.529	0.000	0.000
1314	  I	  2.4	  0.0	0.529	0.000	0.000
1315	  S	  2.7	  0.0	0.529	0.000	0.000
1316	  K	  1.7	  0.0	0.529	0.000	0.000
1317	  N	  1.1	  0.5	0.674	0.000	0.000
1318	  P	  0.0	  0.8	0.145	0.000	0.000
1319	  K	  0.1	  0.9	0.145	0.000	0.000
1320	  D	  0.1	  1.0	0.145	0.000	0.000
1321	  K	  0.4	  0.6	0.145	0.000	0.000
1322	  R	  1.3	  0.2	0.145	0.000	0.000
1323	  H	  2.7	  0.2	0.000	0.000	0.000
1324	  V	  3.9	  0.0	0.000	0.000	0.000
1325	  W	  3.2	  0.2	0.000	0.000	0.000
1326	  F	  1.8	  0.6	0.000	0.000	0.000
1327	  G	  0.3	  0.8	0.000	0.000	0.000
1328	  E	  0.1	  0.8	0.000	0.000	0.000
1329	  S	  2.0	  0.6	0.000	0.000	0.000
1330	  M	  2.3	  0.4	0.000	0.000	0.000
1331	  T	  2.3	  0.4	0.000	0.000	0.000
1332	  D	  0.3	  0.4	0.000	0.000	0.000
1333	  G	  0.1	  0.4	0.000	0.000	0.000
1334	  F	  5.7	  0.3	0.000	0.000	0.000
1335	  Q	 12.2	  0.0	0.000	0.000	0.000
1336	  F	 15.9	  0.2	0.000	0.000	0.000
1337	  E	 10.8	  0.2	0.000	0.000	0.000
1338	  Y	  4.1	  2.9	0.000	0.000	0.000
1339	  G	  0.1	  3.0	0.000	0.000	0.000
1340	  G	  0.1	  3.3	0.000	0.000	0.000
1341	  Q	  0.0	  3.6	0.000	0.000	0.000
1342	  G	  0.0	  0.9	0.000	0.000	0.000
1343	  S	  0.0	  0.8	0.000	0.000	0.000
1344	  D	  0.0	  0.7	0.341	0.000	0.000
1345	  P	  0.0	  0.7	0.341	0.000	0.000
1346	  A	  0.1	  0.7	0.341	0.000	0.000
1347	  D	  0.3	  0.7	0.552	0.114	0.114
1348	  V	  3.6	  0.4	0.552	60.901	60.901
1349	  A	  3.6	  0.0	0.552	66.043	66.043
1350	  I	  4.8	  0.0	0.552	66.858	66.858
1351	  Q	  2.4	  0.0	0.552	66.921	66.921
1352	  L	  6.0	  0.0	0.368	66.921	66.921
1353	  T	  7.9	  0.0	0.901	66.749	66.749
1354	  F	  8.1	  0.0	0.901	66.647	66.647
1355	  L	  5.8	  0.0	0.533	56.357	56.357
1356	  R	  3.0	  0.0	0.533	0.114	0.114
1357	  L	  2.4	  0.0	0.533	0.114	0.114
1358	  M	  1.2	  0.1	0.533	0.061	0.061
1359	  S	  1.0	  0.1	0.544	0.000	0.000
1360	  T	  0.5	  0.1	0.515	0.000	0.000
1361	  E	  0.4	  0.1	0.515	0.000	0.000
1362	  A	  0.4	  0.1	0.515	0.000	0.000
1363	  S	  1.0	  0.8	0.515	0.000	0.000
1364	  Q	  1.0	  0.8	0.515	0.000	0.000
1365	  N	  2.9	  0.8	0.410	0.000	0.000
1366	  I	 16.7	  0.7	0.000	0.000	0.000
1367	  T	 22.8	  0.0	0.387	0.000	0.000
1368	  Y	 24.7	  0.0	0.387	0.000	0.000
1369	  H	 11.1	  0.0	0.387	0.000	0.000
1370	  C	  4.9	  0.3	0.387	0.000	0.000
1371	  K	  0.7	  0.4	0.387	0.000	0.000
1372	  N	  0.5	  0.4	0.387	0.000	0.000
1373	  S	  1.0	  0.4	0.126	0.776	0.776
1374	  V	  2.8	  0.0	0.000	0.776	0.776
1375	  A	  2.8	  0.0	0.000	0.776	0.776
1376	  Y	  3.3	  0.1	0.000	0.776	0.776
1377	  M	  1.6	  0.1	0.000	0.776	0.776
1378	  D	  1.3	  0.2	2.838	0.000	0.000
1379	  Q	  0.4	  0.4	2.838	0.000	0.000
1380	  Q	  0.2	  0.3	2.838	0.000	0.000
1381	  T	  0.2	  1.4	2.966	0.000	0.000
1382	  G	  0.0	  1.3	3.378	0.000	0.000
1383	  N	  0.3	  1.2	6.414	0.000	0.000
1384	  L	  0.4	  1.2	5.319	0.000	0.000
1385	  K	  0.5	  0.1	5.268	0.000	0.000
1386	  K	  0.3	  0.1	5.268	0.000	0.000
1387	  A	  0.4	  0.1	4.645	0.000	0.000
1388	  L	  1.3	  0.0	4.645	0.000	0.000
1389	  L	  1.4	  0.0	4.453	0.000	0.000
1390	  L	  1.1	  0.3	3.891	0.000	0.000
1391	  Q	  0.2	  0.7	2.871	0.000	0.000
1392	  G	  0.1	  1.0	0.700	0.000	0.000
1393	  S	  0.0	  1.0	0.135	0.000	0.000
1394	  N	  0.1	  0.7	1.125	0.000	0.000
1395	  E	  0.9	  0.3	1.125	0.000	0.000
1396	  I	  5.4	  0.0	1.125	0.000	0.000
1397	  E	  6.3	  0.0	1.125	0.000	0.000
1398	  I	  6.8	  0.0	1.125	0.000	0.000
1399	  R	  2.5	  0.2	1.125	0.000	0.000
1400	  A	  1.4	  0.4	0.884	0.000	0.000
1401	  E	  0.1	  2.1	0.722	0.000	0.000
1402	  G	  0.0	  2.1	0.305	0.000	0.000
1403	  N	  0.1	  1.9	0.178	0.000	0.000
1404	  S	  0.2	  1.7	0.000	0.000	0.000
1405	  R	  1.4	  0.1	0.000	0.000	0.000
1406	  F	 10.2	  0.0	0.000	30.721	30.721
1407	  T	 33.3	  0.0	0.000	33.218	33.218
1408	  Y	 35.0	  0.0	0.000	33.736	33.736
1409	  S	 29.7	  0.0	0.000	33.736	33.736
1410	  V	 18.6	  0.0	0.000	33.736	33.736
1411	  T	 17.0	  0.1	0.000	33.202	33.202
1412	  V	 15.0	  0.2	0.000	30.642	30.642
1413	  D	  3.3	  0.8	0.000	0.000	0.000
1414	  G	  0.2	  0.8	0.000	0.000	0.000
1415	  C	  1.5	  0.7	0.000	0.000	0.000
1416	  T	  2.2	  0.6	0.000	0.000	0.000
1417	  S	  3.3	  0.2	0.000	0.000	0.000
1418	  H	  2.1	  0.4	0.000	0.000	0.000
1419	  T	  1.4	  0.4	0.000	0.000	0.000
1420	  G	  0.2	  0.5	0.000	0.000	0.000
1421	  A	  0.1	  0.7	0.000	0.000	0.000
1422	  W	  0.2	  0.6	0.000	0.000	0.000
1423	  G	  0.2	  0.7	0.000	0.000	0.000
1424	  K	  0.9	  0.5	0.000	0.000	0.000
1425	  T	  4.2	  0.3	0.454	0.000	0.000
1426	  V	  7.3	  0.1	0.454	0.000	0.000
1427	  I	  9.3	  0.0	0.454	0.000	0.000
1428	  E	  8.8	  0.0	0.454	0.000	0.000
1429	  Y	  6.0	  0.0	0.454	0.000	0.000
1430	  K	  4.3	  0.1	0.454	0.000	0.000
1431	  T	  3.9	  0.1	0.000	0.000	0.000
1432	  T	  5.0	  0.1	0.000	0.000	0.000
1433	  K	  4.4	  0.1	0.000	0.000	0.000
1434	  T	  2.3	  0.2	0.000	0.000	0.000
1435	  S	  0.9	  0.2	0.000	0.000	0.000
1436	  R	  0.8	  0.1	0.000	0.000	0.000
1437	  L	  0.3	  0.1	0.000	0.000	0.000
1438	  P	  0.1	  0.0	0.000	0.000	0.000
1439	  I	  0.9	  0.0	0.000	0.000	0.000
1440	  I	  7.9	  0.0	0.000	0.000	0.000
1441	  D	  8.4	  0.0	0.000	0.000	0.000
1442	  V	  8.1	  0.0	0.000	0.000	0.000
1443	  A	  1.1	  0.2	0.000	0.000	0.000
1444	  P	  0.5	  0.2	0.000	0.000	0.000
1445	  L	  2.2	  0.2	0.000	0.000	0.000
1446	  D	  2.2	  0.5	0.000	0.000	0.000
1447	  V	  2.5	  0.4	0.000	0.000	0.000
1448	  G	  0.3	  0.4	0.000	0.000	0.000
1449	  A	  0.3	  1.2	0.000	0.000	0.000
1450	  P	  0.0	  0.9	0.000	0.000	0.000
1451	  D	  0.1	  0.9	0.000	0.000	0.000
1452	  Q	  0.4	  0.9	0.000	0.000	0.000
1453	  E	  0.5	  0.1	0.000	0.000	0.000
1454	  F	  0.6	  0.1	0.000	0.000	0.000
1455	  G	  0.4	  0.0	0.000	0.000	0.000
1456	  F	  4.2	  0.0	0.000	0.000	0.000
1457	  D	  4.0	  0.0	0.000	0.000	0.000
1458	  V	  3.9	  0.0	0.000	0.000	0.000
1459	  G	  0.0	  0.0	0.000	0.000	0.000
1460	  P	  0.0	  0.0	0.000	0.000	0.000
1461	  V	  1.2	  0.0	0.000	0.000	0.000
1462	  C	  3.6	  0.0	0.000	0.000	0.000
1463	  F	  3.6	  0.0	0.000	0.000	0.000
1464	  L	  2.5	  0.0	0.000	0.000	0.000
