res	aa	Beta	Turn	Helix	Aggregation	Conc-Stab_Aggregation
01	  M	  2.2	  0.0	0.000	0.000	0.000
02	  K	  3.1	  0.0	0.000	0.000	0.000
03	  V	  6.1	  0.0	0.000	47.295	47.295
04	  L	  4.4	  0.0	0.000	55.506	55.506
05	  I	  4.1	  0.1	0.000	59.615	59.615
06	  S	  1.2	  0.1	1.120	59.959	59.959
07	  S	  0.9	  0.1	2.131	62.480	62.480
08	  L	  1.2	  0.1	2.131	63.903	63.903
09	  L	  2.1	  0.1	2.131	63.812	63.812
10	  L	  3.8	  0.0	2.131	62.270	62.270
11	  L	  3.0	  0.0	2.131	53.795	53.795
12	  L	  2.1	  0.0	1.823	5.192	5.192
13	  P	  0.1	  0.0	0.193	2.712	2.712
14	  L	  1.1	  0.0	0.193	4.051	4.051
15	  M	  2.3	  0.0	0.193	4.675	4.675
16	  L	  2.8	  0.0	0.193	5.262	5.262
17	  M	  4.0	  0.0	0.193	5.262	5.262
18	  S	  3.2	  0.0	0.193	5.262	5.262
19	  M	  3.5	  0.0	0.000	5.025	5.025
20	  V	  2.6	  0.1	0.000	4.757	4.757
21	  S	  3.1	  0.8	0.000	0.392	0.392
22	  S	  2.3	  0.9	0.000	0.000	0.000
23	  S	  5.6	  0.9	0.000	0.000	0.000
24	  L	  4.8	  0.8	0.000	0.000	0.000
25	  N	  4.7	  1.2	0.512	0.000	0.000
26	  P	  0.1	  1.1	0.512	0.000	0.000
27	  G	  0.2	  1.1	0.512	0.000	0.000
28	  V	  1.3	  1.1	0.512	0.000	0.000
29	  A	  1.4	  0.2	0.512	0.000	0.000
30	  R	  1.2	  0.2	0.512	0.000	0.000
31	  G	  0.1	  0.3	0.512	0.000	0.000
32	  H	  0.3	  0.7	0.148	0.000	0.000
33	  R	  0.2	  0.6	0.000	0.000	0.000
34	  D	  0.2	  1.4	0.000	0.000	0.000
35	  R	  0.1	  1.3	0.000	0.000	0.000
36	  G	  0.1	  0.9	0.000	0.000	0.000
37	  Q	  0.3	  0.8	0.000	0.000	0.000
38	  A	  0.4	  0.1	0.000	0.000	0.000
39	  S	  0.9	  0.1	0.454	0.000	0.000
40	  R	  1.5	  0.1	0.454	0.000	0.000
41	  R	  1.7	  0.1	0.454	0.000	0.000
42	  W	  1.7	  0.0	0.454	0.000	0.000
43	  L	  1.0	  0.1	0.454	0.000	0.000
44	  Q	  0.5	  0.3	0.454	0.000	0.000
45	  E	  0.0	  1.8	0.281	0.000	0.000
46	  G	  0.0	  1.8	0.124	0.000	0.000
47	  G	  0.0	  1.8	0.000	0.000	0.000
48	  Q	  0.1	  1.6	0.000	0.000	0.000
49	  E	  0.6	  0.2	0.000	0.000	0.000
50	  C	  3.1	  0.2	0.000	0.000	0.000
51	  E	  4.1	  0.1	0.000	0.000	0.000
52	  C	  3.8	  0.6	0.000	0.000	0.000
53	  K	  1.5	  0.6	0.000	0.000	0.000
54	  D	  1.0	  0.5	0.000	0.000	0.000
55	  W	  1.4	  0.5	0.000	0.000	0.000
56	  F	  2.4	  0.0	0.000	0.000	0.000
57	  L	  2.7	  0.0	0.000	0.000	0.000
58	  R	  2.2	  0.0	0.000	0.000	0.000
59	  A	  1.1	  0.2	0.000	0.000	0.000
60	  P	  0.0	  0.2	0.000	0.000	0.000
61	  R	  0.2	  0.3	0.000	0.000	0.000
62	  R	  0.6	  0.3	0.000	0.000	0.000
63	  K	  0.8	  0.1	0.000	0.000	0.000
64	  F	  1.1	  0.0	0.000	0.000	0.000
65	  M	  4.8	  0.0	0.000	0.000	0.000
66	  T	 22.0	  0.0	0.000	0.000	0.000
67	  V	 22.1	  0.0	0.000	0.000	0.000
68	  S	 18.4	  0.0	0.000	0.000	0.000
69	  G	  0.7	  0.0	0.000	0.000	0.000
70	  L	  0.0	  0.2	0.000	0.000	0.000
71	  P	  0.0	  0.2	0.000	0.000	0.000
72	  K	  0.1	  0.3	0.000	0.000	0.000
73	  K	  0.4	  0.3	0.000	0.000	0.000
74	  Q	  0.5	  0.1	0.000	0.000	0.000
75	  C	  0.4	  0.4	0.000	0.000	0.000
76	  P	  0.1	  0.3	0.000	0.000	0.000
77	  C	  0.3	  0.4	0.000	0.000	0.000
78	  D	  0.6	  0.4	0.000	0.000	0.000
79	  H	  2.7	  0.1	0.000	0.000	0.000
80	  F	  2.7	  0.3	0.000	0.000	0.000
81	  K	  2.4	  0.4	0.000	0.000	0.000
82	  G	  0.4	  0.4	0.000	0.000	0.000
83	  N	  2.5	  0.4	0.000	0.000	0.000
84	  V	  3.2	  0.2	0.000	0.000	0.000
85	  K	  3.4	  0.1	0.000	0.000	0.000
86	  K	  1.2	  0.1	0.000	0.000	0.000
87	  T	  1.2	  0.1	0.000	0.000	0.000
88	  R	  1.4	  0.1	0.000	0.000	0.000
89	  H	  1.6	  0.2	0.000	0.000	0.000
90	  Q	  1.2	  0.2	0.000	0.000	0.000
91	  R	  1.3	  0.2	0.000	0.000	0.000
92	  H	  1.5	  0.2	0.000	0.000	0.000
93	  H	  2.1	  0.1	0.000	0.000	0.000
94	  R	  1.6	  0.0	0.000	0.000	0.000
95	  K	  0.9	  0.7	0.000	0.000	0.000
96	  P	  0.1	  0.7	0.000	0.000	0.000
97	  N	  0.0	  0.9	0.000	0.000	0.000
98	  K	  0.1	  0.9	0.000	0.000	0.000
99	  H	  0.2	  0.3	0.000	0.000	0.000
100	  S	  0.2	  0.3	0.388	0.000	0.000
101	  R	  0.2	  0.2	0.388	0.000	0.000
102	  A	  0.2	  0.2	0.388	0.000	0.000
103	  C	  1.7	  0.2	0.388	0.000	0.000
104	  Q	  2.9	  0.1	0.388	0.000	0.000
105	  Q	  3.9	  0.1	0.388	0.000	0.000
106	  F	  3.2	  0.1	0.182	0.000	0.000
107	  L	  2.1	  0.1	0.000	0.000	0.000
108	  K	  1.2	  0.1	0.000	0.000	0.000
109	  Q	  1.2	  0.1	0.000	0.000	0.000
110	  C	  2.5	  0.2	0.000	0.000	0.000
111	  Q	  3.0	  0.1	0.000	0.000	0.000
112	  L	  2.8	  0.3	0.000	0.000	0.000
113	  R	  3.1	  0.3	0.000	0.000	0.000
114	  S	  2.9	  0.2	0.000	0.000	0.000
115	  F	  3.8	  0.2	0.000	0.000	0.000
116	  A	  2.2	  0.0	0.000	0.000	0.000
117	  L	  1.6	  0.0	0.000	0.000	0.000
118	  P	  0.1	  0.0	0.000	0.000	0.000
119	  L	  0.0	  0.0	0.000	0.000	0.000
