res	aa	Beta	Turn	Helix	Aggregation	Conc-Stab_Aggregation
01	  M	  0.0	  0.1	0.000	0.000	0.000
02	  D	  0.0	  0.4	0.000	0.000	0.000
03	  R	  0.1	  0.4	0.000	0.000	0.000
04	  G	  0.1	  0.4	0.000	0.000	0.000
05	  T	  0.3	  0.3	0.000	0.000	0.000
06	  L	  0.2	  0.0	0.106	0.000	0.000
07	  P	  0.2	  0.0	9.046	0.796	0.796
08	  L	  0.3	  0.0	9.170	66.845	66.845
09	  A	  0.7	  0.0	9.710	78.752	78.752
10	  V	  3.8	  0.0	9.710	91.609	91.609
11	  A	  3.7	  0.0	9.790	92.123	92.123
12	  L	  4.1	  0.0	9.790	92.212	92.212
13	  L	  1.1	  0.0	9.575	91.162	91.162
14	  L	  0.9	  0.1	8.799	84.391	84.391
15	  A	  0.6	  0.2	7.940	40.730	40.730
16	  S	 18.0	  0.3	5.338	6.007	6.007
17	  C	 19.1	  0.4	0.856	1.635	1.635
18	  S	 26.2	  0.2	0.314	0.721	0.721
19	  L	  9.3	  0.2	0.091	0.611	0.611
20	  S	  7.7	  0.3	0.088	0.000	0.000
21	  P	  0.1	  0.3	0.088	0.000	0.000
22	  T	  0.5	  0.4	0.088	0.000	0.000
23	  S	  0.6	  0.4	0.250	0.000	0.000
24	  L	  0.6	  0.1	0.250	0.000	0.000
25	  A	  0.2	  0.1	0.250	0.000	0.000
26	  E	  0.1	  0.1	0.250	0.000	0.000
27	  T	  6.3	  0.1	0.161	0.000	0.000
28	  V	  9.8	  0.1	0.161	0.000	0.000
29	  H	 10.5	  0.2	0.161	0.000	0.000
30	  C	  4.9	  0.2	0.000	0.000	0.000
31	  D	  1.4	  0.2	0.000	0.000	0.000
32	  L	  0.8	  0.2	0.000	0.000	0.000
33	  Q	  0.4	  0.0	0.000	0.000	0.000
34	  P	  0.1	  0.0	0.000	0.000	0.000
35	  V	  0.0	  0.1	0.000	0.000	0.000
36	  G	  0.0	  0.3	0.000	0.000	0.000
37	  P	  0.0	  0.5	0.000	0.000	0.000
38	  E	  0.0	  0.6	0.000	0.000	0.000
39	  R	  0.0	  0.6	0.000	0.000	0.000
40	  G	  0.1	  0.3	0.000	0.000	0.000
41	  E	  4.2	  0.1	0.000	0.000	0.000
42	  V	 11.8	  0.0	0.000	0.189	0.189
43	  T	 28.9	  0.0	0.000	0.189	0.189
44	  Y	 26.2	  0.0	0.000	0.189	0.189
45	  T	 21.2	  0.0	0.000	0.189	0.189
46	  T	  4.5	  0.1	0.000	0.189	0.189
47	  S	  3.2	  0.1	0.000	0.000	0.000
48	  Q	  1.5	  0.1	0.000	0.000	0.000
49	  V	  1.5	  0.1	0.000	0.000	0.000
50	  S	  1.4	  1.2	0.000	0.000	0.000
51	  K	  1.0	  1.2	0.000	0.000	0.000
52	  G	  0.1	  1.2	0.000	0.000	0.000
53	  C	  6.0	  1.2	0.000	0.000	0.000
54	  V	  7.5	  0.1	0.000	0.000	0.000
55	  A	  7.6	  0.0	0.000	0.000	0.000
56	  Q	  1.7	  0.0	0.000	0.000	0.000
57	  A	  0.2	  0.8	0.000	0.000	0.000
58	  P	  0.0	  0.8	0.000	0.000	0.000
59	  N	  0.1	  0.8	0.000	0.000	0.000
60	  A	  0.6	  0.8	0.000	0.000	0.000
61	  I	  1.2	  0.0	0.000	0.000	0.000
62	  L	  2.7	  0.0	0.000	0.000	0.000
63	  E	 13.4	  0.0	0.000	0.000	0.000
64	  V	 20.9	  0.0	0.000	3.481	3.481
65	  H	 20.8	  0.0	0.113	3.730	3.730
66	  V	 11.7	  0.0	0.113	3.730	3.730
67	  L	  3.5	  0.0	0.113	3.730	3.730
68	  F	  2.5	  0.0	0.113	3.730	3.730
69	  L	  2.5	  0.0	0.113	3.188	3.188
70	  E	  1.9	  0.0	0.113	0.000	0.000
71	  F	  1.3	  0.9	0.113	0.000	0.000
72	  P	  0.1	  0.9	0.000	0.000	0.000
73	  T	  0.0	  1.0	0.000	0.000	0.000
74	  G	  0.0	  1.5	0.000	0.000	0.000
75	  P	  0.0	  0.7	0.000	0.000	0.000
76	  S	  0.2	  0.7	0.852	0.000	0.000
77	  Q	  1.6	  0.6	0.852	0.000	0.000
78	  L	  2.2	  0.1	0.852	0.000	0.000
79	  E	  2.7	  0.1	0.852	0.000	0.000
80	  L	  3.6	  0.0	0.852	0.000	0.000
81	  T	  5.7	  0.0	1.060	0.000	0.000
82	  L	  5.4	  0.0	1.060	0.000	0.000
83	  Q	  3.4	  0.1	1.060	0.000	0.000
84	  A	  0.7	  0.2	0.665	0.000	0.000
85	  S	  0.6	  0.3	0.535	0.000	0.000
86	  K	  0.6	  0.7	0.324	0.000	0.000
87	  Q	  0.4	  1.4	0.000	0.000	0.000
88	  N	  0.2	  1.3	0.000	0.000	0.000
89	  G	  0.1	  1.2	0.000	0.000	0.000
90	  T	  0.9	  0.7	0.000	0.000	0.000
91	  W	  0.9	  0.2	0.000	0.000	0.000
92	  P	  0.8	  0.2	0.587	0.000	0.000
93	  R	  0.2	  0.2	0.587	0.029	0.029
94	  E	  0.7	  0.2	0.587	0.029	0.029
95	  V	  4.5	  0.0	0.587	98.036	98.036
96	  L	  5.1	  0.0	0.587	98.834	98.834
97	  L	  6.4	  0.0	0.587	99.212	99.212
98	  V	  5.5	  0.0	0.587	99.238	99.238
99	  L	  6.4	  0.0	0.587	99.238	99.238
100	  S	  9.5	  0.3	0.380	71.340	71.340
101	  V	  8.2	  0.3	0.000	67.842	67.842
102	  N	  6.5	  0.7	0.000	26.424	26.424
103	  S	  1.7	  0.7	0.000	24.818	24.818
104	  S	  1.1	  0.4	0.000	24.624	24.624
105	  V	  4.6	  0.4	0.000	24.667	24.667
106	  F	  5.1	  0.0	0.000	24.375	24.375
107	  L	  5.3	  0.0	0.000	20.790	20.790
108	  H	  2.4	  0.0	0.220	1.205	1.205
109	  L	  2.0	  0.0	0.220	1.061	1.061
110	  Q	  1.1	  0.0	0.220	0.208	0.208
111	  A	  0.5	  0.0	0.220	0.178	0.178
112	  L	  0.5	  0.0	0.220	0.152	0.152
113	  G	  0.3	  0.0	0.220	0.000	0.000
114	  I	  0.3	  0.0	0.000	0.000	0.000
115	  P	  0.0	  0.0	0.152	0.000	0.000
116	  L	  1.2	  0.0	0.152	0.000	0.000
117	  H	  1.4	  0.0	0.152	0.000	0.000
118	  L	  1.7	  0.0	0.152	0.000	0.000
119	  A	  0.8	  0.0	0.152	0.000	0.000
120	  Y	  1.9	  0.0	0.152	0.000	0.000
121	  N	  1.8	  0.4	0.000	0.000	0.000
122	  S	  1.6	  0.5	0.000	0.156	0.156
123	  S	  0.4	  0.5	0.160	1.429	1.429
124	  L	  0.6	  0.4	0.160	1.826	1.826
125	  V	  8.6	  0.0	0.160	1.826	1.826
126	  T	 26.8	  0.0	0.160	1.826	1.826
127	  F	 28.6	  0.0	0.160	1.826	1.826
128	  Q	 21.3	  0.0	0.160	0.396	0.396
129	  E	  2.7	  0.0	0.000	0.000	0.000
130	  P	  0.0	  1.1	0.000	0.000	0.000
131	  P	  0.0	  1.1	0.000	0.000	0.000
132	  G	  0.1	  1.1	0.000	0.000	0.000
133	  V	  1.5	  1.2	0.000	0.000	0.000
134	  N	  1.8	  0.1	0.000	0.000	0.000
135	  T	  2.1	  0.1	0.000	0.000	0.000
136	  T	  0.9	  0.1	0.000	0.000	0.000
137	  E	  0.5	  0.1	0.000	0.000	0.000
138	  L	  0.2	  1.0	0.000	0.000	0.000
139	  P	  0.0	  0.9	0.000	0.000	0.000
140	  S	  0.3	  0.9	0.000	0.000	0.000
141	  F	  0.3	  1.1	0.000	0.000	0.000
142	  P	  0.3	  0.2	0.000	0.000	0.000
143	  K	  0.4	  0.2	0.000	0.000	0.000
144	  T	  1.2	  0.2	0.487	0.000	0.000
145	  Q	  2.1	  0.1	0.487	0.000	0.000
146	  I	  2.5	  0.0	0.487	0.000	0.000
147	  L	  2.3	  0.0	0.645	0.000	0.000
148	  E	  1.6	  0.0	0.841	0.000	0.000
149	  W	  1.3	  0.0	1.689	0.000	0.000
150	  A	  0.7	  0.0	1.517	0.000	0.000
151	  A	  0.5	  0.2	1.517	0.000	0.000
152	  E	  0.1	  0.2	1.517	0.000	0.000
153	  R	  0.1	  0.2	1.517	0.000	0.000
154	  G	  0.0	  0.2	1.390	0.000	0.000
155	  P	  0.0	  0.0	0.000	0.000	0.000
156	  I	  2.6	  0.0	0.000	0.000	0.000
157	  T	  3.1	  0.0	0.000	0.000	0.000
158	  S	  3.2	  0.0	0.516	0.000	0.000
159	  A	  0.6	  0.0	0.516	0.000	0.000
160	  A	  0.2	  0.1	0.516	0.000	0.000
161	  E	  1.0	  0.1	0.516	0.000	0.000
162	  L	  1.3	  0.1	0.516	0.000	0.000
163	  N	  1.2	  0.1	0.516	0.000	0.000
164	  D	  0.2	  0.7	1.562	0.000	0.000
165	  P	  0.0	  0.7	1.374	0.000	0.000
166	  Q	  0.1	  0.7	1.374	0.253	0.253
167	  S	  0.4	  0.7	3.093	0.253	0.253
168	  I	  3.4	  0.1	3.093	0.253	0.253
169	  L	  3.4	  0.0	3.093	0.253	0.253
170	  L	  4.7	  0.1	3.093	0.253	0.253
171	  R	  1.8	  0.2	3.093	0.000	0.000
172	  L	  1.6	  0.2	2.759	0.000	0.000
173	  G	  0.2	  0.3	2.095	0.000	0.000
174	  Q	  0.3	  0.4	1.182	0.000	0.000
175	  A	  0.3	  0.5	0.000	0.000	0.000
176	  Q	  0.2	  0.8	0.000	0.000	0.000
177	  G	  0.0	  0.8	0.000	0.000	0.000
178	  S	  5.5	  1.0	0.000	0.000	0.000
179	  L	  7.6	  0.7	0.000	0.224	0.224
180	  S	 10.4	  0.4	0.000	0.224	0.224
181	  F	  7.6	  0.4	0.000	0.224	0.224
182	  C	  6.5	  0.0	0.190	0.224	0.224
183	  M	  3.8	  0.0	0.190	0.224	0.224
184	  L	  1.5	  0.0	0.190	0.224	0.224
185	  E	  0.4	  0.0	0.190	0.000	0.000
186	  A	  0.6	  0.1	0.190	0.000	0.000
187	  S	  1.0	  1.4	0.190	0.000	0.000
188	  Q	  1.0	  1.4	0.000	0.000	0.000
189	  D	  0.8	  1.9	0.983	0.000	0.000
190	  M	  0.2	  2.1	0.983	0.000	0.000
191	  G	  0.1	  0.9	1.158	0.000	0.000
192	  R	  0.4	  0.9	1.158	0.000	0.000
193	  T	  1.4	  0.4	1.158	0.000	0.000
194	  L	  2.0	  0.1	1.158	0.000	0.000
195	  E	  2.8	  0.0	1.158	0.000	0.000
196	  W	  1.9	  0.0	0.842	0.000	0.000
197	  R	  1.3	  0.1	0.580	0.000	0.000
198	  P	  0.2	  0.1	0.000	0.000	0.000
199	  R	  0.0	  0.1	0.000	0.000	0.000
200	  T	  0.0	  0.1	0.308	0.000	0.000
201	  P	  0.0	  0.0	0.308	0.000	0.000
202	  A	  0.3	  0.0	0.308	0.000	0.000
203	  L	  0.5	  0.0	0.308	0.000	0.000
204	  V	  1.3	  0.1	0.308	0.000	0.000
205	  R	  1.0	  0.3	0.308	0.000	0.000
206	  G	  0.8	  0.3	0.000	0.000	0.000
207	  C	  1.5	  0.3	0.000	0.000	0.000
208	  H	  2.0	  0.3	0.000	0.000	0.000
209	  L	  2.0	  0.5	0.000	0.000	0.000
210	  E	  0.6	  0.5	0.000	0.000	0.000
211	  G	  0.3	  0.5	0.000	0.000	0.000
212	  V	  0.9	  0.5	0.000	0.000	0.000
213	  A	  0.9	  0.3	0.000	0.000	0.000
214	  G	  0.7	  0.3	0.000	0.000	0.000
215	  H	  0.4	  0.4	0.000	0.000	0.000
216	  K	  0.5	  0.2	0.000	0.000	0.000
217	  E	  0.9	  0.2	0.000	0.000	0.000
218	  A	  1.5	  0.2	0.000	0.000	0.000
219	  H	  6.1	  0.0	0.114	0.000	0.000
220	  I	  7.9	  0.0	0.114	0.000	0.000
221	  L	  9.1	  0.0	0.114	0.000	0.000
222	  R	  7.6	  0.0	0.114	0.000	0.000
223	  V	  5.8	  0.0	0.114	0.000	0.000
224	  L	  3.7	  1.5	0.114	0.000	0.000
225	  P	  0.4	  1.6	0.000	0.000	0.000
226	  G	  0.0	  1.7	0.000	0.000	0.000
227	  H	  0.1	  1.8	0.000	0.000	0.000
228	  S	  0.3	  0.3	0.000	0.000	0.000
229	  A	  0.3	  0.3	0.000	0.000	0.000
230	  G	  0.1	  0.3	0.075	0.000	0.000
231	  P	  0.0	  0.2	0.075	0.000	0.000
232	  R	  0.4	  0.2	0.075	0.000	0.000
233	  T	  8.1	  0.1	0.075	0.204	0.204
234	  V	 21.7	  0.0	0.075	0.547	0.547
235	  T	 32.6	  0.0	0.075	0.547	0.547
236	  V	 36.3	  0.0	0.075	0.547	0.547
237	  K	 27.4	  0.0	0.075	0.547	0.547
238	  V	 18.6	  0.0	0.000	0.547	0.547
239	  E	  8.3	  0.0	0.000	0.547	0.547
240	  L	  7.5	  0.0	0.000	0.547	0.547
241	  S	  6.8	  0.0	0.000	0.000	0.000
242	  C	  6.6	  0.0	0.000	0.000	0.000
243	  A	  2.2	  1.3	0.000	0.000	0.000
244	  P	  0.1	  2.0	0.000	0.000	0.000
245	  G	  0.0	  2.0	0.120	0.000	0.000
246	  D	  0.1	  3.5	2.166	0.000	0.000
247	  L	  0.3	  2.2	2.166	0.000	0.000
248	  D	  0.4	  1.5	3.742	0.000	0.000
249	  A	  1.0	  1.5	3.742	40.725	40.725
250	  V	  3.8	  0.0	3.742	42.547	42.547
251	  L	  5.0	  0.0	3.742	42.547	42.547
252	  I	  5.7	  0.0	3.610	42.547	42.547
253	  L	  2.8	  0.0	3.610	42.547	42.547
254	  Q	  1.5	  0.0	2.924	3.355	3.355
255	  G	  0.0	  0.0	1.722	0.000	0.000
256	  P	  0.0	  0.2	0.000	0.000	0.000
257	  P	  0.0	  0.2	0.000	0.404	0.404
258	  Y	  1.7	  0.2	0.000	36.776	36.776
259	  V	  5.3	  0.2	0.000	41.283	41.283
260	  S	  5.7	  0.0	0.000	41.283	41.283
261	  W	  4.5	  0.0	0.000	41.283	41.283
262	  L	  1.3	  0.0	0.000	41.283	41.283
263	  I	  1.6	  0.0	0.000	38.233	38.233
264	  D	  1.1	  3.9	0.000	0.000	0.000
265	  A	  0.7	  3.9	0.000	0.000	0.000
266	  N	  0.1	  4.1	0.000	0.000	0.000
267	  H	  0.3	  4.1	0.000	0.000	0.000
268	  N	  0.6	  0.2	0.000	0.000	0.000
269	  M	  2.4	  0.2	0.000	0.000	0.000
270	  Q	  3.3	  0.0	0.000	0.000	0.000
271	  I	  4.1	  0.0	0.000	0.000	0.000
272	  W	  3.2	  0.1	0.000	0.000	0.000
273	  T	  2.1	  0.2	0.000	0.000	0.000
274	  T	  1.1	  0.4	0.000	0.000	0.000
275	  G	  0.1	  0.4	0.000	0.000	0.000
276	  E	  1.4	  0.3	0.000	0.000	0.000
277	  Y	  7.9	  0.2	0.000	0.000	0.000
278	  S	  9.4	  0.0	0.000	0.000	0.000
279	  F	 10.0	  0.0	0.000	0.000	0.000
280	  K	  4.1	  0.0	0.000	0.000	0.000
281	  I	  2.7	  0.0	0.000	0.000	0.000
282	  F	  0.7	  0.2	0.000	0.000	0.000
283	  P	  0.1	  0.3	0.158	0.000	0.000
284	  E	  0.3	  0.4	0.158	0.000	0.000
285	  K	  0.6	  0.4	0.158	0.000	0.000
286	  N	  4.1	  0.2	0.158	0.000	0.000
287	  I	  6.1	  0.3	0.158	0.000	0.000
288	  R	  5.9	  0.2	0.158	0.000	0.000
289	  G	  2.5	  0.2	0.158	0.000	0.000
290	  F	  3.0	  0.2	0.158	0.000	0.000
291	  K	  2.9	  0.0	0.000	0.000	0.000
292	  L	  2.9	  0.6	0.000	0.000	0.000
293	  P	  0.1	  0.6	0.000	0.000	0.000
294	  D	  0.0	  0.6	0.000	0.000	0.000
295	  T	  0.1	  1.4	0.000	0.000	0.000
296	  P	  0.1	  0.9	0.000	0.000	0.000
297	  Q	  0.0	  1.0	0.000	0.000	0.000
298	  G	  0.0	  1.0	0.000	0.000	0.000
299	  L	  0.1	  0.2	0.000	0.000	0.000
300	  L	  0.1	  0.1	0.000	0.000	0.000
301	  G	  0.1	  0.1	1.476	0.000	0.000
302	  E	  0.1	  0.1	1.476	0.000	0.000
303	  A	  0.4	  0.1	1.476	0.000	0.000
304	  R	  0.8	  0.0	1.476	0.000	0.000
305	  M	  1.3	  0.0	1.476	4.933	4.933
306	  L	  1.4	  0.0	1.476	9.259	9.259
307	  N	  0.9	  0.5	1.197	9.357	9.357
308	  A	  0.8	  0.5	0.865	12.470	12.470
309	  S	  1.1	  0.5	0.378	15.703	15.703
310	  I	  5.6	  0.5	0.000	41.815	41.815
311	  V	  7.2	  0.2	0.000	44.024	44.024
312	  A	  7.2	  0.2	0.000	44.024	44.024
313	  S	  3.5	  0.2	0.000	43.640	43.640
314	  F	  3.4	  0.2	0.000	43.640	43.640
315	  V	 11.6	  0.0	0.000	40.403	40.403
316	  E	 10.8	  0.0	0.000	0.000	0.000
317	  L	  9.0	  0.0	0.000	0.000	0.000
318	  P	  0.1	  0.0	0.112	0.000	0.000
319	  L	  0.1	  0.0	0.112	7.433	7.433
320	  A	  0.6	  0.0	0.112	7.943	7.943
321	  S	  1.2	  0.0	0.112	8.546	8.546
322	  I	  4.2	  0.0	0.112	8.546	8.546
323	  V	  8.4	  0.0	0.112	8.546	8.546
324	  S	  8.4	  0.0	0.112	4.411	4.411
325	  L	  5.7	  0.0	0.112	3.900	3.900
326	  H	  1.4	  0.3	0.112	0.000	0.000
327	  A	  0.8	  0.5	0.000	0.000	0.000
328	  S	  1.2	  0.7	0.000	0.000	0.000
329	  S	  2.1	  0.7	0.000	0.000	0.000
330	  C	  2.0	  2.4	0.000	0.000	0.000
331	  G	  1.3	  2.4	0.000	0.000	0.000
332	  G	  0.1	  2.3	0.000	0.000	0.000
333	  R	  0.5	  2.3	0.000	0.000	0.000
334	  L	  0.6	  0.2	0.000	0.000	0.000
335	  Q	  0.7	  0.1	0.000	0.000	0.000
336	  T	  0.4	  0.0	0.000	0.000	0.000
337	  S	  0.3	  0.0	0.000	0.000	0.000
338	  P	  0.1	  0.0	0.000	0.000	0.000
339	  A	  0.0	  0.0	0.000	0.000	0.000
340	  P	  0.0	  0.0	0.000	0.000	0.000
341	  I	  0.2	  0.0	0.000	0.000	0.000
342	  Q	  0.5	  0.0	0.000	0.000	0.000
343	  T	  0.5	  0.0	0.000	0.000	0.000
344	  T	  0.3	  0.0	0.000	0.000	0.000
345	  P	  0.0	  0.2	0.000	0.000	0.000
346	  P	  0.0	  0.4	0.000	0.000	0.000
347	  K	  0.2	  0.5	0.000	0.000	0.000
348	  D	  0.6	  0.5	0.000	0.000	0.000
349	  T	 18.7	  0.3	0.000	0.000	0.000
350	  C	 18.6	  0.1	0.000	0.000	0.000
351	  S	 18.3	  0.3	1.700	0.000	0.000
352	  P	  0.2	  0.3	1.700	0.000	0.000
353	  E	  0.0	  0.3	1.829	0.000	0.000
354	  L	  1.0	  0.3	1.961	7.713	7.713
355	  L	  1.6	  0.0	1.961	9.042	9.042
356	  M	  3.7	  0.0	1.961	9.042	9.042
357	  S	  3.1	  0.0	1.597	9.042	9.042
358	  L	  2.6	  0.0	1.372	9.042	9.042
359	  I	  0.7	  0.1	1.372	8.584	8.584
360	  Q	  0.5	  0.0	1.372	2.673	2.673
361	  T	  2.1	  0.1	0.198	0.946	0.946
362	  K	  2.7	  0.1	0.198	0.000	0.000
363	  C	  2.6	  0.8	0.000	0.000	0.000
364	  A	  0.9	  1.0	0.000	0.000	0.000
365	  D	  0.2	  1.0	0.568	0.000	0.000
366	  D	  0.0	  1.0	11.452	0.000	0.000
367	  A	  0.2	  0.2	11.669	41.508	41.508
368	  M	  2.6	  0.0	11.669	47.929	47.929
369	  T	  3.7	  0.0	12.810	47.929	47.929
370	  L	  5.3	  0.0	12.810	47.929	47.929
371	  V	  3.9	  0.0	12.810	47.929	47.929
372	  L	  2.9	  0.0	12.642	46.935	46.935
373	  K	  1.3	  0.1	12.077	0.000	0.000
374	  K	  0.3	  0.1	9.928	0.000	0.000
375	  E	  0.3	  0.1	4.971	0.293	0.293
376	  L	  1.0	  0.1	4.091	0.420	0.420
377	  V	  2.7	  0.0	3.722	0.420	0.420
378	  A	  2.9	  0.0	3.599	0.420	0.420
379	  H	  2.6	  0.0	2.799	0.420	0.420
380	  L	  2.6	  0.0	2.015	0.420	0.420
381	  K	  4.7	  0.0	1.557	0.293	0.293
382	  C	  7.5	  0.0	0.400	6.888	6.888
383	  T	 16.4	  0.0	0.000	15.084	15.084
384	  I	 16.1	  0.0	0.000	16.956	16.956
385	  T	 13.0	  0.1	0.000	17.105	17.105
386	  G	  2.3	  0.1	0.000	17.356	17.356
387	  L	  3.3	  0.1	0.000	17.356	17.356
388	  T	  8.5	  0.1	0.000	17.356	17.356
389	  F	 10.2	  0.0	0.000	17.356	17.356
390	  W	  7.1	  0.0	0.000	15.059	15.059
391	  D	  2.0	  6.6	0.000	0.000	0.000
392	  P	  0.1	  6.6	0.000	0.000	0.000
393	  S	  8.6	  6.6	0.000	0.000	0.000
394	  C	 12.1	  6.6	0.112	0.000	0.000
395	  E	 12.1	  0.1	0.112	0.000	0.000
396	  A	  3.9	  0.3	0.112	0.000	0.000
397	  E	  0.1	  0.4	0.112	0.000	0.000
398	  D	  0.0	  0.8	0.112	0.000	0.000
399	  R	  0.1	  1.2	0.112	0.000	0.000
400	  G	  0.1	  1.0	0.112	0.000	0.000
401	  D	  0.2	  0.9	0.000	0.000	0.000
402	  K	  0.6	  0.5	0.000	0.000	0.000
403	  F	  2.3	  0.1	0.000	0.000	0.000
404	  V	  4.2	  0.0	0.000	0.000	0.000
405	  L	  4.3	  0.1	0.000	0.000	0.000
406	  R	  2.8	  0.1	0.000	0.000	0.000
407	  S	  1.1	  0.1	0.000	0.000	0.000
408	  A	  1.0	  0.1	0.000	0.000	0.000
409	  Y	  2.4	  0.2	0.000	0.000	0.000
410	  S	  2.9	  0.4	0.000	0.000	0.000
411	  S	  3.6	  0.4	0.000	0.000	0.000
412	  C	  2.2	  0.4	0.000	0.000	0.000
413	  G	  1.4	  0.2	0.000	0.000	0.000
414	  M	  1.2	  0.0	0.000	0.000	0.000
415	  Q	  1.5	  0.0	0.000	0.000	0.000
416	  V	  3.7	  0.0	0.000	0.000	0.000
417	  S	  5.9	  1.0	0.000	0.000	0.000
418	  A	  5.9	  1.0	0.000	0.000	0.000
419	  S	  4.2	  1.0	0.000	0.000	0.000
420	  M	  1.5	  1.0	0.000	0.000	0.000
421	  I	  1.0	  0.1	0.000	0.000	0.000
422	  S	  0.6	  0.1	0.481	0.000	0.000
423	  N	  0.1	  0.1	1.443	0.000	0.000
424	  E	  0.0	  0.1	1.443	0.000	0.000
425	  A	  0.7	  0.0	1.443	6.714	6.714
426	  V	  5.4	  0.0	1.443	13.543	13.543
427	  V	 11.8	  0.0	1.443	13.718	13.718
428	  N	 11.2	  0.0	1.443	13.718	13.718
429	  I	  8.1	  0.0	1.021	13.718	13.718
430	  L	  1.7	  0.1	1.021	12.778	12.778
431	  S	  2.5	  0.8	0.702	1.566	1.566
432	  S	  2.8	  0.8	0.193	0.000	0.000
433	  S	  2.6	  0.8	0.000	0.000	0.000
434	  S	  1.7	  1.1	0.426	0.000	0.000
435	  P	  0.0	  0.4	0.426	0.000	0.000
436	  Q	  0.3	  0.4	0.426	0.000	0.000
437	  R	  0.4	  0.5	0.426	0.000	0.000
438	  K	  0.5	  0.1	0.426	0.000	0.000
439	  K	  2.1	  0.1	0.426	0.000	0.000
440	  V	  5.6	  0.0	0.000	0.000	0.000
441	  H	  6.5	  0.0	0.000	0.000	0.000
442	  C	  6.3	  0.2	0.000	0.000	0.000
443	  L	  4.3	  0.2	0.000	0.000	0.000
444	  N	  3.4	  1.2	0.994	0.000	0.000
445	  M	  2.1	  1.3	0.994	0.000	0.000
446	  D	  0.6	  1.2	1.294	0.000	0.000
447	  S	  5.6	  1.6	1.481	0.000	0.000
448	  L	  7.4	  0.5	1.481	0.333	0.333
449	  S	 10.4	  0.4	1.481	0.499	0.499
450	  F	  8.4	  0.4	1.113	2.109	2.109
451	  Q	  6.2	  0.1	0.740	2.109	2.109
452	  L	  3.3	  0.2	0.491	4.960	4.960
453	  G	  0.2	  0.2	0.491	4.960	4.960
454	  L	  0.8	  0.1	0.000	4.960	4.960
455	  Y	  2.6	  0.1	0.000	4.960	4.960
456	  L	  2.7	  0.0	0.000	4.711	4.711
457	  S	  2.0	  0.4	0.000	0.000	0.000
458	  P	  0.1	  0.4	0.000	0.000	0.000
459	  H	  1.7	  0.4	0.000	0.000	0.000
460	  F	  2.5	  0.4	0.000	0.000	0.000
461	  L	  2.9	  0.0	0.000	0.000	0.000
462	  Q	  1.4	  0.1	0.000	0.000	0.000
463	  A	  0.5	  0.3	0.000	0.000	0.000
464	  S	  0.2	  0.3	0.000	0.000	0.000
465	  N	  1.3	  0.3	0.000	0.000	0.000
466	  T	 11.4	  0.2	0.000	0.000	0.000
467	  I	 11.8	  0.0	0.000	0.000	0.000
468	  E	 10.6	  1.2	0.000	0.000	0.000
469	  P	  0.4	  1.2	0.000	0.000	0.000
470	  G	  0.0	  1.2	0.000	0.000	0.000
471	  Q	  0.2	  1.3	0.000	0.000	0.000
472	  Q	  1.1	  0.2	0.000	0.000	0.000
473	  S	  1.9	  0.1	0.000	0.182	0.182
474	  F	  3.1	  0.1	0.000	0.182	0.182
475	  V	  6.1	  0.0	0.000	0.182	0.182
476	  Q	  5.7	  0.0	0.000	0.182	0.182
477	  V	 13.2	  0.0	0.000	0.182	0.182
478	  R	 11.1	  0.0	0.000	0.000	0.000
479	  V	 10.9	  0.0	0.000	0.000	0.000
480	  S	  2.5	  1.9	0.000	0.000	0.000
481	  P	  0.3	  1.9	0.000	0.000	0.000
482	  S	 10.4	  2.1	0.148	0.000	0.000
483	  V	 10.7	  2.1	0.148	0.000	0.000
484	  S	 10.7	  0.2	0.666	0.000	0.000
485	  E	  0.5	  0.2	0.666	0.000	0.000
486	  F	  0.8	  0.1	0.666	0.631	0.631
487	  L	  1.0	  0.0	0.666	0.631	0.631
488	  L	  2.4	  0.0	0.666	0.631	0.631
489	  Q	  2.4	  0.0	0.666	0.631	0.631
490	  L	  2.5	  0.1	0.241	0.631	0.631
491	  D	  1.3	  0.2	0.118	0.000	0.000
492	  S	  4.2	  0.2	0.000	0.000	0.000
493	  C	  5.3	  0.2	0.000	0.000	0.000
494	  H	  5.8	  0.4	0.000	0.000	0.000
495	  L	  3.2	  0.3	0.000	0.000	0.000
496	  D	  1.7	  0.3	0.000	0.000	0.000
497	  L	  1.0	  0.4	0.000	0.000	0.000
498	  G	  0.0	  0.9	0.000	0.000	0.000
499	  P	  0.0	  1.2	0.000	0.000	0.000
500	  E	  0.0	  1.7	0.000	0.000	0.000
501	  G	  0.0	  1.6	0.000	0.000	0.000
502	  G	  0.0	  0.9	0.434	0.000	0.000
503	  T	  6.9	  0.5	1.109	0.000	0.000
504	  V	 11.2	  0.1	1.109	0.000	0.000
505	  E	 11.2	  0.0	1.109	0.000	0.000
506	  L	  4.6	  0.0	1.109	0.000	0.000
507	  I	  0.3	  0.2	1.320	0.000	0.000
508	  Q	  0.2	  0.2	1.320	0.000	0.000
509	  G	  0.2	  0.3	1.271	0.000	0.000
510	  R	  0.1	  0.3	0.842	0.000	0.000
511	  A	  0.2	  0.3	0.581	0.000	0.000
512	  A	  0.2	  0.4	0.581	0.000	0.000
513	  K	  0.1	  0.8	0.581	0.000	0.000
514	  G	  0.0	  0.8	0.370	0.000	0.000
515	  N	  0.7	  0.6	0.157	0.000	0.000
516	  C	  2.3	  0.4	0.000	0.515	0.515
517	  V	  7.0	  0.0	0.000	0.515	0.515
518	  S	  6.6	  0.0	0.000	0.515	0.515
519	  L	  5.8	  0.0	0.000	0.515	0.515
520	  L	  1.1	  0.0	0.000	0.515	0.515
521	  S	  1.0	  0.0	0.000	0.000	0.000
522	  P	  0.2	  0.0	0.000	0.000	0.000
523	  S	  0.1	  1.0	0.000	0.000	0.000
524	  P	  0.0	  1.6	0.000	0.000	0.000
525	  E	  0.0	  1.6	0.000	0.000	0.000
526	  G	  0.0	  1.6	0.000	0.000	0.000
527	  D	  0.0	  0.8	0.353	0.000	0.000
528	  P	  0.0	  0.3	0.353	0.000	0.000
529	  R	  1.1	  0.3	0.353	0.000	0.000
530	  F	  7.6	  0.3	0.353	18.396	18.396
531	  S	  8.1	  0.0	0.353	19.198	19.198
532	  F	  7.8	  0.0	0.353	39.038	39.038
533	  L	  1.6	  0.0	0.117	40.486	40.486
534	  L	  2.3	  0.0	0.117	40.585	40.585
535	  H	  3.5	  0.0	0.117	33.223	33.223
536	  F	  4.2	  0.0	0.117	33.223	33.223
537	  Y	 18.9	  0.0	0.117	31.350	31.350
538	  T	 17.6	  0.0	0.000	12.658	12.658
539	  V	 16.6	  0.0	0.000	1.439	1.439
540	  P	  0.7	  0.0	0.000	0.607	0.607
541	  I	  0.1	  0.0	0.000	0.000	0.000
542	  P	  0.0	  0.3	0.000	0.000	0.000
543	  K	  0.1	  0.3	0.000	0.000	0.000
544	  T	  0.1	  0.5	0.000	0.000	0.000
545	  G	  0.1	  0.5	0.000	0.000	0.000
546	  T	  5.3	  0.2	0.000	0.000	0.000
547	  L	 10.4	  0.2	0.000	0.000	0.000
548	  S	 17.2	  0.0	0.220	0.000	0.000
549	  C	 17.0	  0.0	0.351	0.140	0.140
550	  T	 14.7	  0.0	0.351	0.140	0.140
551	  V	 11.0	  0.0	0.351	0.140	0.140
552	  A	  6.7	  0.0	0.351	0.140	0.140
553	  L	  3.6	  0.0	0.351	0.140	0.140
554	  R	  0.7	  0.0	0.351	0.000	0.000
555	  P	  0.1	  0.3	0.000	0.000	0.000
556	  K	  0.1	  0.4	0.000	0.000	0.000
557	  T	  0.2	  0.7	0.000	0.000	0.000
558	  G	  0.3	  0.8	0.000	0.000	0.000
559	  S	  0.8	  1.6	0.000	0.000	0.000
560	  Q	  0.8	  1.5	0.000	0.000	0.000
561	  D	  0.8	  1.2	0.000	0.000	0.000
562	  Q	  0.6	  1.1	0.000	0.000	0.000
563	  E	 11.4	  0.1	0.000	0.000	0.000
564	  V	 12.7	  0.0	0.000	0.000	0.000
565	  H	 12.6	  0.1	0.000	0.000	0.000
566	  R	  2.3	  0.1	0.000	0.000	0.000
567	  T	  5.9	  0.1	0.140	0.000	0.000
568	  V	  9.1	  0.1	0.140	0.000	0.000
569	  F	  9.5	  0.0	0.140	0.000	0.000
570	  M	  6.3	  0.0	0.140	0.000	0.000
571	  R	  5.1	  0.0	0.140	0.000	0.000
572	  L	  7.2	  0.0	0.140	0.000	0.000
573	  N	  8.1	  0.0	0.140	0.000	0.000
574	  I	  9.1	  0.0	0.000	0.000	0.000
575	  I	  6.1	  0.0	0.000	0.000	0.000
576	  S	  3.6	  5.4	0.000	0.000	0.000
577	  P	  0.2	  5.4	0.000	0.000	0.000
578	  D	  0.1	  7.3	0.000	0.000	0.000
579	  L	  0.3	  7.6	0.000	0.000	0.000
580	  S	  0.3	  3.5	0.141	0.000	0.000
581	  G	  0.3	  3.5	0.141	0.000	0.000
582	  C	  1.6	  1.7	0.141	0.000	0.000
583	  T	  2.8	  1.6	0.141	0.000	0.000
584	  S	  2.8	  0.6	0.141	0.000	0.000
585	  K	  1.4	  0.6	0.141	0.000	0.000
586	  G	  0.1	  0.5	0.000	0.000	0.000
587	  L	  4.3	  0.3	0.000	0.000	0.000
588	  V	  4.7	  0.0	0.000	0.000	0.000
589	  L	  4.7	  0.0	0.000	0.000	0.000
590	  P	  0.5	  0.0	0.000	0.004	0.004
591	  A	  0.7	  0.0	0.000	0.395	0.395
592	  V	  1.2	  0.0	0.000	0.926	0.926
593	  L	  1.4	  0.1	0.000	1.003	1.003
594	  G	  0.9	  0.1	0.000	1.041	1.041
595	  I	 16.4	  0.1	0.000	3.403	3.403
596	  T	 17.2	  0.2	0.000	5.560	5.560
597	  F	 17.1	  0.6	0.000	32.955	32.955
598	  G	  1.1	  0.6	0.000	35.427	35.427
599	  A	  0.5	  0.6	0.000	62.940	62.940
600	  F	  1.2	  0.4	0.000	95.491	95.491
601	  L	  1.3	  0.0	0.474	98.143	98.143
602	  I	  1.1	  0.3	0.474	98.615	98.615
603	  G	  0.2	  0.3	0.593	98.504	98.504
604	  A	  0.4	  0.3	0.593	98.984	98.984
605	  L	  0.5	  0.3	0.593	99.558	99.558
606	  L	  1.3	  0.0	0.715	99.599	99.599
607	  T	  1.3	  0.0	2.173	99.258	99.258
608	  A	  1.2	  0.0	2.173	99.077	99.077
609	  A	  0.6	  0.0	2.173	98.936	98.936
610	  L	  0.7	  0.0	2.173	98.882	98.882
611	  W	  1.2	  0.0	2.173	98.744	98.744
612	  Y	  1.7	  0.0	2.013	98.300	98.300
613	  I	  2.3	  0.0	0.927	95.224	95.224
614	  Y	  3.8	  0.0	0.927	82.816	82.816
615	  S	  4.3	  0.1	0.752	6.550	6.550
616	  H	  3.9	  0.1	0.571	0.037	0.037
617	  T	  5.7	  0.1	0.000	0.009	0.009
618	  R	  4.6	  0.1	0.000	0.000	0.000
619	  S	  4.0	  2.9	0.000	0.000	0.000
620	  P	  0.1	  2.9	0.000	0.000	0.000
621	  S	  0.8	  3.0	0.000	0.000	0.000
622	  K	  1.5	  3.0	0.000	0.000	0.000
623	  R	  1.5	  0.1	0.000	0.000	0.000
624	  E	  0.8	  0.1	0.000	0.000	0.000
625	  P	  0.0	  0.0	0.000	3.964	3.964
626	  V	  4.4	  0.0	0.000	24.077	24.077
627	  V	 11.3	  0.0	0.000	24.077	24.077
628	  A	 11.7	  0.0	0.000	24.077	24.077
629	  V	 10.2	  0.0	0.000	24.077	24.077
630	  A	  3.2	  0.0	0.000	21.928	21.928
631	  A	  2.7	  0.0	0.000	0.259	0.259
632	  P	  0.0	  0.2	0.000	0.143	0.143
633	  A	  0.1	  0.3	0.000	0.000	0.000
634	  S	  0.3	  0.4	0.000	0.000	0.000
635	  S	  0.4	  1.3	0.000	0.000	0.000
636	  E	  0.4	  1.2	0.000	0.000	0.000
637	  S	  1.2	  1.7	0.000	0.000	0.000
638	  S	  1.4	  1.8	0.000	0.000	0.000
639	  S	  1.9	  1.3	0.000	0.000	0.000
640	  T	  1.2	  1.3	0.000	0.000	0.000
641	  N	  0.9	  0.7	0.000	0.000	0.000
642	  H	  0.5	  0.6	0.000	0.000	0.000
643	  S	  0.5	  0.4	0.000	0.000	0.000
644	  I	  0.6	  2.0	0.000	0.000	0.000
645	  G	  0.3	  2.0	0.000	0.000	0.000
646	  S	  0.5	  2.0	0.000	0.000	0.000
647	  T	  2.8	  1.8	0.000	0.000	0.000
648	  Q	  3.0	  0.2	0.000	0.000	0.000
649	  S	  2.7	  0.1	0.000	0.000	0.000
650	  T	  0.4	  0.2	0.000	0.000	0.000
651	  P	  0.1	  0.1	0.000	0.000	0.000
652	  C	  0.2	  0.3	0.000	0.000	0.000
653	  S	  2.4	  0.5	0.000	0.000	0.000
654	  T	  3.8	  0.5	0.000	0.000	0.000
655	  S	  3.7	  0.5	0.000	0.000	0.000
656	  S	  1.8	  0.4	0.000	0.000	0.000
657	  M	  0.3	  0.1	0.000	0.000	0.000
658	  A	  0.2	  0.0	0.000	0.000	0.000
