res	aa	Beta	Turn	Helix	Aggregation	Conc-Stab_Aggregation
01	  M	  2.7	  0.0	0.000	0.000	0.000
02	  D	  3.9	  0.0	0.000	0.000	0.000
03	  V	  5.8	  0.0	0.000	0.000	0.000
04	  T	  4.1	  0.1	0.000	0.000	0.000
05	  K	  2.9	  0.3	0.000	0.000	0.000
06	  K	  1.2	  0.3	0.000	0.000	0.000
07	  N	  0.2	  0.4	0.000	0.000	0.000
08	  K	  0.3	  1.3	0.000	0.000	0.000
09	  R	  0.2	  1.3	0.000	0.000	0.000
10	  D	  0.1	  1.4	0.000	0.000	0.000
11	  G	  0.0	  1.3	0.000	0.000	0.000
12	  T	  0.4	  0.3	0.119	0.000	0.000
13	  E	  5.5	  0.1	0.119	0.000	0.000
14	  V	  6.2	  0.0	0.119	0.000	0.000
15	  T	  6.0	  0.1	0.119	0.000	0.000
16	  E	  1.0	  0.1	0.119	0.000	0.000
17	  R	  5.1	  0.1	0.119	0.000	0.000
18	  I	  8.8	  0.0	0.000	0.138	0.138
19	  V	  9.4	  0.0	0.000	0.138	0.138
20	  T	  4.6	  0.1	0.000	0.138	0.138
21	  E	  0.8	  0.1	0.000	0.138	0.138
22	  T	 10.8	  0.1	0.381	0.138	0.138
23	  V	 12.4	  0.1	0.381	0.138	0.138
24	  T	 13.4	  0.0	0.381	0.138	0.138
25	  T	  3.3	  0.0	0.381	0.138	0.138
26	  R	  2.1	  0.0	0.381	0.138	0.138
27	  L	  1.6	  0.1	0.381	0.138	0.138
28	  T	  2.3	  0.0	0.258	0.000	0.000
29	  S	  1.6	  0.0	0.258	0.000	0.000
30	  L	  1.1	  0.0	0.113	0.000	0.000
31	  P	  0.0	  0.7	0.000	0.000	0.000
32	  P	  0.0	  1.0	0.000	0.000	0.000
33	  K	  0.0	  1.8	0.000	0.000	0.000
34	  G	  0.0	  1.9	0.000	0.000	0.000
35	  G	  0.0	  1.3	0.000	0.000	0.000
36	  T	  0.1	  1.8	0.000	0.000	0.000
37	  S	  0.1	  2.7	0.000	0.000	0.000
38	  N	  0.1	  2.6	0.000	0.000	0.000
39	  G	  0.2	  2.5	0.000	0.000	0.000
40	  Y	  0.8	  1.7	0.000	0.000	0.000
41	  A	  0.8	  0.1	0.000	0.000	0.000
42	  K	  1.0	  0.1	0.000	0.000	0.000
43	  T	  3.5	  0.3	0.000	0.000	0.000
44	  A	  3.8	  0.4	0.000	0.000	0.000
45	  S	  3.6	  0.3	0.000	0.000	0.000
46	  L	  0.7	  0.5	0.000	0.000	0.000
47	  G	  0.2	  0.4	0.000	0.000	0.000
48	  G	  0.0	  0.7	0.000	0.000	0.000
49	  G	  0.0	  0.7	0.000	0.000	0.000
50	  S	  0.1	  0.6	0.751	0.000	0.000
51	  R	  0.5	  0.5	0.751	0.000	0.000
52	  L	  0.6	  0.2	0.751	0.000	0.000
53	  E	  0.7	  0.1	0.751	0.000	0.000
54	  K	  0.4	  0.2	0.751	0.000	0.000
55	  Q	  0.5	  0.2	0.751	0.000	0.000
56	  S	  2.0	  0.1	0.122	0.000	0.000
57	  L	  3.1	  0.1	0.000	0.000	0.000
58	  T	  3.1	  0.3	0.000	0.000	0.000
59	  H	  1.5	  1.2	0.000	0.000	0.000
60	  G	  0.3	  1.7	0.000	0.000	0.000
61	  S	  0.1	  2.0	0.000	0.000	0.000
62	  S	  0.1	  1.7	0.000	0.000	0.000
63	  G	  0.1	  0.8	0.000	0.000	0.000
64	  Y	  1.5	  0.4	0.000	0.000	0.000
65	  I	  2.7	  0.1	0.000	0.000	0.000
66	  N	  2.8	  0.6	0.000	0.000	0.000
67	  S	  1.4	  0.8	0.000	0.000	0.000
68	  T	  0.4	  1.9	0.000	0.000	0.000
69	  G	  0.3	  2.0	0.000	0.000	0.000
70	  S	  0.9	  1.5	0.000	0.000	0.000
71	  T	  0.8	  1.5	0.000	0.000	0.000
72	  R	  0.9	  0.4	0.000	0.000	0.000
73	  G	  0.3	  0.3	0.000	0.000	0.000
74	  H	  0.5	  0.5	0.000	0.000	0.000
75	  A	  0.6	  0.3	0.000	0.000	0.000
76	  S	  2.5	  0.5	0.000	0.000	0.000
77	  T	  3.4	  0.6	0.000	0.000	0.000
78	  S	  3.5	  0.4	0.455	0.000	0.000
79	  S	  8.1	  0.3	0.955	0.000	0.000
80	  Y	  8.6	  0.2	0.955	0.000	0.000
81	  R	  8.5	  0.1	0.955	0.000	0.000
82	  R	  2.2	  0.1	0.955	0.000	0.000
83	  A	  0.4	  0.1	0.955	0.000	0.000
84	  H	  0.3	  0.0	0.955	0.000	0.000
85	  S	  0.1	  0.1	0.236	0.000	0.000
86	  P	  0.0	  0.3	0.000	0.000	0.000
87	  A	  0.1	  0.4	0.000	0.000	0.000
88	  S	  0.5	  0.4	0.000	0.000	0.000
89	  T	  0.7	  0.2	0.000	0.000	0.000
90	  L	  0.6	  0.7	0.000	0.000	0.000
91	  P	  0.3	  0.6	0.000	0.000	0.000
92	  N	  0.0	  0.6	0.000	0.000	0.000
93	  S	  0.0	  3.4	0.000	0.000	0.000
94	  P	  0.0	  3.4	0.000	0.000	0.000
95	  G	  0.0	  3.5	0.000	0.000	0.000
96	  S	  0.7	  3.5	0.201	0.000	0.000
97	  T	 11.4	  0.7	0.201	0.000	0.000
98	  F	 13.4	  0.2	0.201	0.000	0.000
99	  E	 13.5	  0.1	0.201	0.000	0.000
100	  R	  3.2	  0.1	0.201	0.000	0.000
101	  K	  1.4	  0.1	0.201	0.000	0.000
102	  T	  2.4	  0.1	0.000	0.000	0.000
103	  H	  3.7	  0.1	0.000	0.000	0.000
104	  V	  5.1	  0.0	0.000	0.000	0.000
105	  T	  4.1	  0.1	0.000	0.000	0.000
106	  R	  2.7	  0.1	0.000	0.000	0.000
107	  H	  1.3	  0.1	0.000	0.000	0.000
108	  A	  0.8	  0.1	0.000	0.000	0.000
109	  Y	  1.0	  0.5	0.000	0.000	0.000
110	  E	  0.6	  1.4	0.000	0.000	0.000
111	  G	  0.4	  1.5	0.000	0.000	0.000
112	  S	  0.9	  4.1	0.000	0.000	0.000
113	  S	  1.0	  3.7	0.000	0.000	0.000
114	  S	  1.0	  5.5	0.000	0.000	0.000
115	  G	  0.1	  5.4	0.000	0.000	0.000
116	  N	  0.2	  2.8	0.000	0.000	0.000
117	  S	  0.2	  2.7	0.000	0.000	0.000
118	  S	  0.2	  0.4	0.000	0.000	0.000
119	  P	  0.0	  0.4	0.000	0.000	0.000
120	  E	  0.1	  0.4	0.000	0.000	0.000
121	  Y	  0.1	  0.6	0.000	0.000	0.000
122	  P	  0.1	  0.2	0.000	0.000	0.000
123	  R	  0.2	  0.3	0.000	0.000	0.000
124	  K	  0.3	  0.3	0.000	0.000	0.000
125	  E	  0.7	  0.1	0.000	0.000	0.000
126	  F	  1.4	  0.2	0.000	0.000	0.000
127	  A	  1.4	  0.3	0.000	0.000	0.000
128	  S	  1.9	  0.9	0.373	0.000	0.000
129	  S	  1.4	  1.0	0.373	0.000	0.000
130	  S	  2.0	  0.9	0.373	0.000	0.000
131	  T	  1.1	  1.1	0.373	0.000	0.000
132	  R	  0.9	  0.5	0.373	0.000	0.000
133	  G	  0.2	  0.5	0.373	0.000	0.000
134	  R	  0.4	  0.5	0.122	0.000	0.000
135	  S	  0.7	  0.3	0.000	0.000	0.000
136	  Q	  0.8	  0.2	0.000	0.000	0.000
137	  T	  0.6	  0.2	1.151	0.000	0.000
138	  R	  0.3	  0.2	1.782	0.000	0.000
139	  E	  0.2	  0.2	1.902	0.000	0.000
140	  S	  0.1	  0.2	6.621	0.000	0.000
141	  E	  1.0	  0.1	7.071	0.000	0.000
142	  I	  7.3	  0.0	7.071	0.000	0.000
143	  R	  8.7	  0.0	7.071	0.000	0.000
144	  V	 11.0	  0.0	6.945	0.000	0.000
145	  R	  5.1	  0.0	6.945	0.000	0.000
146	  L	  3.8	  0.1	6.283	0.000	0.000
147	  Q	  0.7	  0.1	5.924	0.000	0.000
148	  S	  5.3	  0.1	1.723	0.000	0.000
149	  A	  5.1	  0.1	0.361	0.000	0.000
150	  S	  5.1	  2.0	0.360	0.000	0.000
151	  P	  0.1	  2.0	0.237	0.000	0.000
152	  S	  0.7	  2.0	0.237	0.000	0.000
153	  T	  1.4	  2.0	0.237	0.000	0.000
154	  R	  2.6	  0.1	0.237	0.000	0.000
155	  W	  2.5	  0.0	0.237	0.000	0.000
156	  T	  1.9	  0.1	1.565	0.000	0.000
157	  E	  1.2	  0.1	2.170	0.000	0.000
158	  L	  0.7	  0.2	3.971	0.000	0.000
159	  D	  0.6	  0.2	17.879	0.000	0.000
160	  D	  1.1	  0.2	25.602	0.000	0.000
161	  V	  2.5	  0.1	25.602	0.000	0.000
162	  K	  2.6	  0.0	25.602	0.000	0.000
163	  R	  1.8	  0.0	25.602	0.000	0.000
164	  L	  0.6	  0.0	25.602	0.000	0.000
165	  L	  0.5	  0.3	23.531	0.000	0.000
166	  K	  0.2	  0.5	20.159	0.000	0.000
167	  G	  0.1	  0.6	7.505	0.000	0.000
168	  S	  1.1	  1.0	2.588	0.000	0.000
169	  R	  1.3	  0.7	0.000	0.000	0.000
170	  S	  3.8	  1.2	0.000	0.000	0.000
171	  A	  3.2	  1.2	0.000	0.000	0.000
172	  S	 20.2	  0.7	0.000	0.000	0.000
173	  V	 18.0	  0.7	0.000	0.000	0.000
174	  S	 17.5	  0.3	0.000	0.000	0.000
175	  P	  0.3	  0.3	0.000	0.000	0.000
176	  T	  0.2	  0.5	0.000	0.000	0.000
177	  R	  0.3	  0.5	0.000	0.000	0.000
178	  N	  0.4	  1.6	0.000	0.000	0.000
179	  S	  0.2	  2.8	0.000	0.000	0.000
180	  S	  0.2	  2.7	0.000	0.000	0.000
181	  N	  0.2	  2.7	0.000	0.000	0.000
182	  T	  0.4	  1.3	0.000	0.000	0.000
183	  L	  0.4	  0.0	0.000	0.000	0.000
184	  P	  0.3	  0.0	0.000	0.000	0.000
185	  I	  0.1	  0.0	0.000	0.000	0.000
186	  P	  0.0	  0.2	0.000	0.000	0.000
187	  K	  0.0	  0.5	0.000	0.000	0.000
188	  K	  0.1	  0.5	0.000	0.000	0.000
189	  G	  0.1	  0.5	0.000	0.000	0.000
190	  T	  7.0	  0.3	0.000	0.000	0.000
191	  V	  7.6	  0.1	0.000	0.138	0.138
192	  E	  8.0	  0.0	0.000	0.138	0.138
193	  T	  1.8	  0.0	0.000	0.138	0.138
194	  K	  2.6	  0.0	0.000	0.138	0.138
195	  I	  6.4	  0.0	0.000	0.317	0.317
196	  V	  8.6	  0.0	0.000	0.317	0.317
197	  T	  9.9	  0.1	0.000	0.179	0.179
198	  A	  5.8	  0.2	0.000	0.179	0.179
199	  S	  3.1	  0.3	0.000	0.179	0.179
200	  S	  1.7	  0.8	0.000	0.000	0.000
201	  Q	  1.9	  0.6	0.000	0.000	0.000
202	  S	 11.6	  0.9	0.000	0.000	0.000
203	  V	 10.8	  0.9	0.000	0.000	0.000
204	  S	 10.5	  0.9	0.000	0.000	0.000
205	  G	  0.7	  0.9	0.000	0.000	0.000
206	  T	  6.9	  0.5	0.000	0.000	0.000
207	  Y	  7.7	  0.4	0.000	0.000	0.000
208	  D	  7.6	  0.0	0.000	0.000	0.000
209	  A	  1.7	  0.0	0.000	0.000	0.000
210	  T	  3.4	  0.0	0.137	0.000	0.000
211	  I	  3.8	  0.1	0.137	0.000	0.000
212	  L	  3.3	  0.1	0.137	0.000	0.000
213	  D	  0.7	  1.9	0.137	0.000	0.000
214	  A	  0.4	  1.9	0.137	0.000	0.000
215	  N	  0.2	  1.8	0.137	0.000	0.000
216	  L	  0.2	  2.1	0.000	0.000	0.000
217	  P	  0.0	  0.4	0.000	0.000	0.000
218	  S	  0.4	  0.4	0.000	0.000	0.000
219	  H	  1.9	  0.4	0.000	0.000	0.000
220	  V	  5.2	  0.1	0.000	0.000	0.000
221	  W	  5.7	  0.1	0.000	0.000	0.000
222	  S	  4.6	  0.2	0.000	0.000	0.000
223	  S	  1.6	  0.2	0.000	0.000	0.000
224	  T	  0.9	  0.2	0.000	0.000	0.000
225	  L	  0.6	  0.4	0.000	0.000	0.000
226	  P	  0.2	  0.8	0.000	0.000	0.000
227	  A	  0.0	  1.4	0.000	0.000	0.000
228	  G	  0.0	  1.5	0.000	0.000	0.000
229	  S	  0.1	  1.4	0.000	0.000	0.000
230	  S	  0.4	  1.0	0.000	0.000	0.000
231	  M	  0.4	  0.9	0.000	0.000	0.000
232	  G	  0.4	  0.7	0.000	0.000	0.000
233	  T	  7.7	  0.6	0.000	0.000	0.000
234	  Y	  8.5	  0.5	0.000	0.000	0.000
235	  H	  8.5	  0.2	0.000	0.000	0.000
236	  N	  1.0	  0.2	0.131	0.000	0.000
237	  N	  0.4	  0.2	0.131	0.000	0.000
238	  M	  0.7	  0.1	0.131	0.000	0.000
239	  T	  3.2	  0.0	0.131	0.000	0.000
240	  T	  5.1	  0.1	0.131	0.000	0.000
241	  Q	  4.8	  0.2	0.131	0.000	0.000
242	  S	  3.3	  1.0	0.000	0.000	0.000
243	  S	  1.1	  1.0	0.000	0.000	0.000
244	  S	  1.2	  1.0	0.000	0.000	0.000
245	  L	  0.8	  0.9	0.000	0.000	0.000
246	  L	  1.0	  0.1	0.000	0.000	0.000
247	  N	  0.9	  0.7	0.000	0.000	0.000
248	  T	  0.6	  0.7	0.000	0.000	0.000
249	  N	  0.5	  0.8	0.000	0.000	0.000
250	  A	  0.8	  0.8	0.000	0.000	0.000
251	  Y	  4.7	  0.2	0.000	0.000	0.000
252	  S	  4.6	  1.0	0.000	0.000	0.000
253	  A	  4.1	  1.0	0.000	0.000	0.000
254	  G	  0.2	  1.0	0.000	0.000	0.000
255	  S	  1.0	  0.9	0.000	0.000	0.000
256	  V	  2.0	  0.1	0.000	0.000	0.000
257	  F	  2.3	  0.0	0.000	0.000	0.000
258	  G	  1.4	  0.0	0.000	0.000	0.000
259	  V	  0.4	  0.5	0.000	0.000	0.000
260	  P	  0.0	  0.5	0.000	0.000	0.000
261	  N	  0.0	  0.5	0.000	0.000	0.000
262	  N	  0.0	  0.5	0.000	0.000	0.000
263	  M	  0.1	  0.2	0.000	0.000	0.000
264	  A	  0.5	  0.2	0.000	0.000	0.000
265	  S	 32.4	  0.2	0.000	0.000	0.000
266	  C	 32.4	  0.2	0.000	0.000	0.000
267	  S	 32.0	  0.3	0.000	0.000	0.000
268	  P	  0.2	  0.3	0.000	0.000	0.000
269	  T	  1.5	  0.3	0.000	0.000	0.000
270	  L	  1.6	  0.3	0.000	0.000	0.000
271	  H	  1.6	  1.5	0.000	0.000	0.000
272	  P	  0.1	  1.6	0.000	0.000	0.000
273	  G	  0.0	  1.6	0.000	0.000	0.000
274	  L	  0.2	  1.6	0.000	0.000	0.000
275	  S	  2.3	  0.3	0.000	0.000	0.000
276	  T	  3.7	  0.4	0.000	0.000	0.000
277	  S	  4.4	  1.1	0.000	0.000	0.000
278	  S	  2.5	  1.0	0.000	0.000	0.000
279	  S	  2.1	  0.8	0.000	0.000	0.000
280	  V	  2.1	  0.7	0.000	0.000	0.000
281	  F	  2.2	  0.0	0.000	0.000	0.000
282	  G	  1.3	  0.0	0.000	0.000	0.000
283	  M	  0.5	  0.2	0.000	0.000	0.000
284	  Q	  0.4	  0.3	0.000	0.000	0.000
285	  N	  0.4	  0.3	0.000	0.000	0.000
286	  N	  0.1	  0.3	0.000	0.000	0.000
287	  L	  0.1	  0.1	0.000	0.000	0.000
288	  A	  0.1	  0.4	0.000	0.000	0.000
289	  P	  0.0	  0.4	0.000	0.000	0.000
290	  S	  1.6	  0.4	0.221	0.000	0.000
291	  L	  1.9	  0.4	0.221	0.000	0.000
292	  T	  2.8	  0.1	0.221	0.000	0.000
293	  T	  6.8	  0.0	0.221	0.000	0.000
294	  L	  7.2	  0.2	0.221	0.000	0.000
295	  S	  6.5	  0.3	0.221	0.000	0.000
296	  H	  1.0	  0.8	0.000	0.000	0.000
297	  G	  0.3	  0.8	0.000	0.000	0.000
298	  T	  1.9	  0.7	0.000	0.000	0.000
299	  T	  3.6	  0.5	0.000	0.000	0.000
300	  T	  6.5	  0.1	0.000	0.000	0.000
301	  T	  5.6	  0.2	0.000	0.000	0.000
302	  S	  3.9	  0.1	0.000	0.000	0.000
303	  T	  1.8	  0.3	0.000	0.000	0.000
304	  A	  1.1	  0.3	0.000	0.000	0.000
305	  Y	  1.2	  0.2	0.000	0.000	0.000
306	  G	  0.4	  0.2	0.000	0.000	0.000
307	  V	  1.0	  0.1	0.000	0.000	0.000
308	  K	  0.8	  0.2	0.000	0.000	0.000
309	  K	  0.9	  0.2	0.000	0.000	0.000
310	  N	  0.2	  0.2	0.000	0.000	0.000
311	  M	  0.2	  0.4	0.000	0.000	0.000
312	  P	  0.1	  0.2	0.000	0.000	0.000
313	  Q	  0.0	  0.2	0.000	0.000	0.000
314	  S	  0.0	  0.4	0.265	0.000	0.000
315	  P	  0.0	  0.2	0.265	0.000	0.000
316	  A	  0.2	  0.2	0.265	0.000	0.000
317	  A	  0.5	  0.2	0.265	0.000	0.000
318	  V	  1.9	  0.1	0.265	0.000	0.000
319	  N	  1.7	  0.1	0.265	0.000	0.000
320	  T	  1.4	  0.2	0.000	0.000	0.000
321	  G	  0.1	  0.1	0.000	0.000	0.000
322	  V	  1.1	  0.1	0.000	0.000	0.000
323	  S	  3.2	  0.3	0.000	0.000	0.000
324	  T	  3.6	  0.3	0.000	0.000	0.000
325	  S	  2.7	  0.3	0.000	0.000	0.000
326	  A	  0.6	  0.3	0.000	0.000	0.000
327	  A	  0.3	  0.0	0.000	0.000	0.000
328	  C	  0.6	  0.0	0.000	0.000	0.000
329	  T	  3.6	  0.1	0.000	0.000	0.000
330	  T	  4.4	  0.1	0.000	0.000	0.000
331	  S	  5.3	  0.1	0.000	0.000	0.000
332	  V	  3.5	  0.1	0.000	0.000	0.000
333	  Q	  2.6	  0.3	0.000	0.000	0.000
334	  S	  1.2	  1.5	0.000	0.000	0.000
335	  D	  0.0	  1.6	0.273	0.000	0.000
336	  D	  0.0	  1.5	0.538	0.000	0.000
337	  L	  0.5	  1.3	0.538	0.000	0.000
338	  L	  0.7	  0.0	0.538	0.000	0.000
339	  H	  0.9	  1.0	0.538	0.000	0.000
340	  K	  0.6	  1.0	0.538	0.000	0.000
341	  D	  0.6	  1.0	0.265	0.000	0.000
342	  C	  0.6	  1.0	0.000	0.863	0.863
343	  K	  0.7	  0.0	0.000	1.412	1.412
344	  F	  1.4	  0.0	0.000	2.917	2.917
345	  L	  2.5	  0.0	0.000	3.051	3.051
346	  I	  3.0	  0.0	0.000	3.051	3.051
347	  L	  2.3	  0.1	0.000	3.051	3.051
348	  E	  1.1	  0.3	0.000	3.051	3.051
349	  K	  0.4	  0.4	0.000	1.639	1.639
350	  D	  0.3	  0.4	0.000	0.000	0.000
351	  N	  0.1	  0.3	0.000	0.000	0.000
352	  T	  0.1	  0.1	2.787	0.000	0.000
353	  P	  0.1	  0.0	2.787	0.000	0.000
354	  A	  0.1	  0.0	2.986	0.000	0.000
355	  K	  0.3	  0.1	2.986	0.000	0.000
356	  K	  0.4	  0.1	3.464	0.000	0.000
357	  E	  0.5	  0.1	3.656	0.000	0.000
358	  M	  1.1	  0.1	3.345	0.000	0.000
359	  E	  1.0	  0.0	3.058	0.000	0.000
360	  L	  1.7	  0.0	2.899	11.456	11.456
361	  L	  2.3	  0.0	2.721	11.456	11.456
362	  I	  4.2	  0.0	2.391	11.456	11.456
363	  M	  3.9	  0.0	2.391	11.456	11.456
364	  T	  3.0	  0.3	0.456	11.456	11.456
365	  K	  1.0	  0.5	0.456	0.000	0.000
366	  D	  0.5	  1.4	0.000	0.000	0.000
367	  S	  0.1	  1.5	0.000	0.000	0.000
368	  G	  0.0	  1.2	0.000	0.000	0.000
369	  K	  0.9	  1.0	0.000	0.000	0.000
370	  V	  3.6	  0.1	0.000	0.000	0.000
371	  F	  9.4	  0.0	0.000	0.000	0.000
372	  T	 13.3	  0.0	0.000	0.000	0.000
373	  A	 10.7	  0.0	0.000	0.000	0.000
374	  S	  5.4	  0.1	0.000	0.000	0.000
375	  P	  0.0	  0.3	0.000	0.000	0.000
376	  A	  0.5	  0.3	0.000	0.000	0.000
377	  S	  0.8	  0.3	0.000	0.000	0.000
378	  I	  1.5	  0.1	0.000	0.140	0.140
379	  A	  1.1	  0.0	0.000	0.140	0.140
380	  A	  0.9	  0.0	0.000	0.140	0.140
381	  T	  1.6	  0.0	0.000	0.140	0.140
382	  S	 20.0	  0.0	0.000	0.140	0.140
383	  F	 20.3	  0.1	0.000	0.140	0.140
384	  S	 19.2	  1.1	7.761	0.000	0.000
385	  E	  0.7	  1.2	7.761	0.000	0.000
386	  D	  0.1	  1.2	10.585	0.000	0.000
387	  T	  2.8	  1.1	11.282	0.000	0.000
388	  L	  2.8	  0.1	11.282	0.000	0.000
389	  K	  3.0	  0.1	11.282	0.000	0.000
390	  K	  0.5	  0.1	10.169	0.000	0.000
391	  E	  0.6	  0.1	7.855	0.000	0.000
392	  K	  0.5	  0.1	6.234	0.000	0.000
393	  Q	  0.3	  0.1	4.703	0.000	0.000
394	  A	  0.3	  0.0	3.286	0.000	0.000
395	  A	  0.4	  0.0	2.934	0.000	0.000
396	  Y	  1.5	  0.0	2.627	0.000	0.000
397	  N	  1.5	  3.0	1.431	0.000	0.000
398	  A	  1.3	  3.3	0.498	0.000	0.000
399	  D	  0.0	  3.4	0.397	0.000	0.000
400	  S	  0.0	  3.5	0.371	0.000	0.000
401	  G	  0.0	  0.5	0.581	0.000	0.000
402	  L	  0.4	  0.2	0.581	0.000	0.000
403	  K	  0.7	  0.1	0.581	0.000	0.000
404	  A	  0.7	  0.1	0.581	0.000	0.000
405	  E	  0.5	  0.6	0.581	0.000	0.000
406	  A	  0.1	  1.0	0.211	0.000	0.000
407	  N	  0.1	  1.4	0.211	0.000	0.000
408	  G	  0.0	  1.4	0.000	0.000	0.000
409	  D	  0.1	  0.9	1.023	0.000	0.000
410	  L	  0.3	  0.5	1.023	0.000	0.000
411	  K	  1.0	  0.1	1.023	0.000	0.000
412	  T	 18.7	  0.0	1.023	0.000	0.000
413	  V	 19.3	  0.1	1.023	0.000	0.000
414	  S	 18.9	  0.1	1.023	0.000	0.000
415	  T	  1.3	  0.6	0.275	0.000	0.000
416	  K	  0.4	  0.8	0.275	0.000	0.000
417	  G	  0.1	  0.8	0.114	0.000	0.000
418	  K	  1.0	  0.8	0.000	0.000	0.000
419	  T	  2.8	  0.2	0.000	0.000	0.000
420	  T	  3.4	  0.1	0.000	0.000	0.000
421	  T	  2.7	  0.4	0.000	0.000	0.000
422	  A	  1.0	  0.3	0.000	0.000	0.000
423	  D	  0.6	  0.3	0.000	0.000	0.000
424	  I	  0.8	  0.3	0.000	0.000	0.000
425	  H	  1.0	  0.4	0.000	0.000	0.000
426	  S	  1.5	  0.6	0.000	0.000	0.000
427	  Y	  1.3	  2.2	0.000	0.000	0.000
428	  G	  0.9	  2.7	0.000	0.000	0.000
429	  S	  0.2	  2.6	0.000	0.000	0.000
430	  S	  0.1	  2.7	0.000	0.000	0.000
431	  G	  0.1	  1.3	0.000	0.000	0.000
432	  G	  0.0	  0.9	0.000	0.000	0.000
433	  G	  0.0	  1.4	0.000	0.000	0.000
434	  G	  0.0	  1.2	0.000	0.000	0.000
435	  S	  0.0	  1.4	0.000	0.000	0.000
436	  G	  0.0	  1.5	0.000	0.000	0.000
437	  G	  0.0	  0.9	0.000	0.000	0.000
438	  G	  0.0	  1.1	0.000	0.000	0.000
439	  G	  0.0	  0.7	0.000	0.000	0.000
440	  G	  0.0	  0.6	0.000	0.000	0.000
441	  V	  0.1	  1.2	0.000	0.000	0.000
442	  G	  0.1	  1.1	0.000	0.000	0.000
443	  G	  0.1	  1.4	0.000	0.000	0.000
444	  A	  0.0	  1.6	0.000	0.000	0.000
445	  G	  0.0	  0.8	0.000	0.000	0.000
446	  G	  0.0	  0.5	0.000	0.000	0.000
447	  G	  0.0	  0.8	0.000	0.000	0.000
448	  P	  0.0	  0.6	0.000	0.000	0.000
449	  W	  0.0	  0.6	0.000	0.000	0.000
450	  G	  0.0	  0.6	0.000	0.000	0.000
451	  P	  0.0	  0.0	0.000	0.000	0.000
452	  A	  0.0	  0.0	0.000	0.000	0.000
453	  P	  0.0	  0.0	0.000	0.000	0.000
454	  A	  0.3	  0.0	0.000	0.000	0.000
455	  W	  0.4	  0.0	0.000	0.000	0.000
456	  C	  0.5	  0.6	0.000	0.000	0.000
457	  P	  0.2	  0.6	0.000	0.000	0.000
458	  C	  0.1	  0.7	0.000	0.000	0.000
459	  G	  0.2	  0.8	0.122	0.000	0.000
460	  S	  8.7	  0.2	1.287	0.000	0.000
461	  C	 14.8	  0.2	1.703	0.000	0.000
462	  C	 15.5	  0.1	3.166	0.000	0.000
463	  S	  7.5	  0.0	9.466	0.000	0.000
464	  W	  1.4	  0.0	10.517	0.000	0.000
465	  W	  0.9	  0.0	12.922	0.000	0.000
466	  K	  0.7	  0.0	13.945	0.000	0.000
467	  W	  0.6	  0.0	24.760	13.291	13.291
468	  L	  0.3	  0.0	30.642	17.795	17.795
469	  L	  0.3	  0.0	31.312	27.099	27.099
470	  G	  0.1	  0.0	36.509	29.895	29.895
471	  L	  0.4	  0.0	37.289	85.171	85.171
472	  L	  0.5	  0.0	40.103	96.666	96.666
473	  L	  1.9	  0.0	40.541	98.771	98.771
474	  T	  2.5	  0.0	43.602	99.156	99.156
475	  W	  2.6	  0.0	43.859	99.804	99.804
476	  L	  1.6	  0.0	43.955	99.960	99.960
477	  L	  1.0	  0.0	44.441	99.986	99.986
478	  L	  0.8	  0.0	44.899	99.972	99.972
479	  L	  0.5	  0.0	43.613	99.872	99.872
480	  G	  0.1	  0.0	43.128	99.315	99.315
481	  L	  0.2	  0.0	33.039	99.267	99.267
482	  L	  0.2	  0.0	30.352	98.993	98.993
483	  F	  0.3	  0.0	28.297	97.499	97.499
484	  G	  0.1	  0.0	37.767	79.183	79.183
485	  L	  0.3	  0.0	29.653	77.534	77.534
486	  I	  1.2	  0.0	29.688	73.859	73.859
487	  A	  1.2	  0.0	31.895	47.783	47.783
488	  L	  1.0	  0.0	34.896	31.697	31.697
489	  A	  0.0	  0.0	39.521	1.768	1.768
490	  E	  0.0	  0.0	41.131	0.000	0.000
491	  E	  0.7	  0.0	41.936	0.000	0.000
492	  V	  1.0	  0.0	41.733	0.000	0.000
493	  R	  1.1	  0.0	41.773	0.000	0.000
494	  K	  0.9	  0.0	41.160	0.000	0.000
495	  L	  0.7	  0.0	38.777	0.000	0.000
496	  K	  0.6	  0.0	34.478	0.000	0.000
497	  A	  0.3	  0.0	28.781	0.000	0.000
498	  R	  2.3	  0.0	27.932	0.000	0.000
499	  V	  2.3	  0.0	26.130	0.000	0.000
500	  D	  2.2	  0.1	38.879	0.000	0.000
501	  E	  0.1	  0.1	40.329	0.000	0.000
502	  L	  0.1	  0.1	40.823	0.000	0.000
503	  E	  0.1	  0.1	40.857	0.000	0.000
504	  R	  1.9	  0.0	40.793	0.000	0.000
505	  I	  2.9	  0.0	40.561	0.000	0.000
506	  R	  3.0	  0.0	40.487	0.000	0.000
507	  R	  1.6	  0.0	35.325	0.000	0.000
508	  S	  0.8	  0.0	25.727	0.000	0.000
509	  I	  0.8	  0.0	3.327	0.000	0.000
510	  L	  0.4	  0.2	3.198	0.000	0.000
511	  P	  0.2	  0.3	0.000	0.000	0.000
512	  Y	  0.1	  3.6	0.000	0.000	0.000
513	  G	  0.0	  3.7	0.000	0.000	0.000
514	  D	  0.1	  3.4	0.000	0.000	0.000
515	  S	  2.6	  4.2	1.189	0.000	0.000
516	  M	  2.6	  1.0	1.189	0.000	0.000
517	  D	  2.7	  0.9	3.009	0.000	0.000
518	  R	  3.2	  0.9	3.009	0.000	0.000
519	  I	  3.8	  0.1	3.185	0.000	0.000
520	  E	  3.9	  0.2	3.361	0.000	0.000
521	  K	  0.9	  0.2	3.116	0.000	0.000
522	  D	  0.2	  0.3	3.001	0.000	0.000
523	  R	  0.5	  0.3	2.626	0.000	0.000
524	  L	  0.5	  0.3	2.506	0.000	0.000
525	  Q	  0.5	  0.3	2.142	0.000	0.000
526	  G	  0.3	  0.2	0.801	0.000	0.000
527	  M	  0.3	  0.2	0.447	0.000	0.000
528	  A	  0.3	  0.0	0.000	0.000	0.000
529	  P	  0.0	  0.1	0.000	0.000	0.000
530	  A	  0.0	  0.5	0.000	0.000	0.000
531	  A	  0.0	  0.7	0.000	0.000	0.000
532	  G	  0.0	  1.2	0.131	0.000	0.000
533	  A	  0.1	  1.1	0.131	0.000	0.000
534	  D	  0.2	  2.3	0.822	0.000	0.000
535	  L	  0.3	  2.1	0.822	0.000	0.000
536	  D	  0.3	  1.6	0.989	0.000	0.000
537	  K	  0.4	  1.6	0.989	0.000	0.000
538	  I	  0.6	  0.1	0.989	0.000	0.000
539	  G	  0.5	  0.1	0.989	0.000	0.000
540	  L	  0.4	  0.1	0.555	0.000	0.000
541	  H	  0.2	  0.7	0.303	0.000	0.000
542	  S	  0.2	  1.0	0.000	0.000	0.000
543	  D	  0.1	  1.2	1.069	0.000	0.000
544	  S	  0.4	  1.2	7.039	0.000	0.000
545	  Q	  0.4	  0.7	7.412	0.000	0.000
546	  E	  0.4	  0.3	7.524	0.000	0.000
547	  E	  0.2	  0.1	8.142	0.010	0.010
548	  L	  0.6	  0.0	8.142	93.955	93.955
549	  W	  1.1	  0.0	8.262	93.955	93.955
550	  M	  1.8	  0.0	8.149	93.955	93.955
551	  F	  2.8	  0.0	7.865	93.955	93.955
552	  V	  3.1	  0.0	7.556	93.955	93.955
553	  R	  2.3	  0.1	7.556	0.010	0.010
554	  K	  0.8	  0.1	5.855	0.000	0.000
555	  K	  0.4	  0.1	4.337	0.000	0.000
556	  L	  1.4	  0.1	2.479	0.000	0.000
557	  M	  1.5	  0.0	2.169	0.000	0.000
558	  M	  1.3	  0.1	1.275	0.000	0.000
559	  E	  0.2	  0.1	0.633	0.000	0.000
560	  Q	  0.1	  0.7	0.495	0.000	0.000
561	  E	  0.1	  1.7	0.188	0.000	0.000
562	  N	  0.0	  2.1	0.182	0.000	0.000
563	  G	  0.0	  2.1	0.182	0.000	0.000
564	  N	  0.7	  1.7	0.182	0.000	0.000
565	  L	  0.9	  0.8	0.182	0.000	0.000
566	  R	  1.0	  0.4	0.182	0.000	0.000
567	  G	  0.3	  0.3	0.182	0.000	0.000
568	  S	  0.1	  0.2	0.000	0.000	0.000
569	  P	  0.0	  0.0	0.000	0.000	0.000
570	  G	  0.0	  0.8	0.000	0.000	0.000
571	  P	  0.0	  1.3	0.000	0.000	0.000
572	  K	  0.0	  3.2	0.000	0.000	0.000
573	  G	  0.0	  3.2	0.000	0.000	0.000
574	  D	  0.0	  3.0	0.000	0.000	0.000
575	  M	  0.2	  2.4	0.000	0.000	0.000
576	  G	  0.2	  0.5	0.000	0.000	0.000
577	  S	  0.2	  0.5	0.000	0.000	0.000
578	  P	  0.0	  0.0	0.000	0.000	0.000
579	  G	  0.0	  0.8	0.000	0.000	0.000
580	  P	  0.0	  1.3	0.000	0.000	0.000
581	  K	  0.0	  2.5	0.000	0.000	0.000
582	  G	  0.0	  2.6	0.000	0.000	0.000
583	  D	  0.0	  2.1	0.000	0.000	0.000
584	  R	  0.2	  1.6	0.000	0.000	0.000
585	  G	  0.2	  0.4	0.000	0.000	0.000
586	  F	  0.2	  1.3	0.000	0.000	0.000
587	  P	  0.0	  1.0	0.000	0.000	0.000
588	  G	  0.0	  1.0	0.000	0.000	0.000
589	  T	  0.0	  2.0	0.000	0.000	0.000
590	  P	  0.0	  1.0	0.000	0.000	0.000
591	  G	  0.0	  1.0	0.000	0.000	0.000
592	  I	  0.0	  1.0	0.000	0.000	0.000
593	  P	  0.0	  0.1	0.000	0.000	0.000
594	  G	  0.0	  0.7	0.000	0.000	0.000
595	  P	  0.0	  0.8	0.000	0.000	0.000
596	  L	  0.1	  0.8	0.000	0.000	0.000
597	  G	  0.1	  0.8	0.000	0.000	0.000
598	  H	  0.1	  0.2	0.000	0.000	0.000
599	  P	  0.0	  0.0	0.000	0.000	0.000
600	  G	  0.0	  1.0	0.000	0.000	0.000
601	  P	  0.0	  1.0	0.000	0.000	0.000
602	  Q	  0.0	  1.0	0.000	0.000	0.000
603	  G	  0.0	  1.8	0.000	0.000	0.000
604	  P	  0.0	  1.6	0.000	0.000	0.000
605	  K	  0.0	  1.6	0.000	0.000	0.000
606	  G	  0.0	  1.7	0.000	0.000	0.000
607	  Q	  0.0	  1.4	0.000	0.000	0.000
608	  K	  0.0	  0.7	0.000	0.000	0.000
609	  G	  0.0	  0.7	0.000	0.000	0.000
610	  S	  0.4	  0.7	0.000	0.000	0.000
611	  V	  0.5	  0.3	0.000	0.000	0.000
612	  G	  0.5	  0.2	0.000	0.000	0.000
613	  D	  0.1	  2.6	0.000	0.000	0.000
614	  P	  0.0	  2.4	0.000	0.000	0.000
615	  G	  0.0	  2.5	0.000	0.000	0.000
616	  M	  0.1	  2.5	0.000	0.000	0.000
617	  E	  0.1	  0.3	0.000	0.000	0.000
618	  G	  0.0	  0.7	0.000	0.000	0.000
619	  P	  0.0	  0.8	0.000	0.000	0.000
620	  M	  0.0	  0.9	0.000	0.000	0.000
621	  G	  0.0	  0.9	0.000	0.000	0.000
622	  Q	  0.1	  0.6	0.000	0.000	0.000
623	  R	  0.1	  0.4	0.000	0.000	0.000
624	  G	  0.1	  0.6	0.000	0.000	0.000
625	  R	  0.1	  0.4	0.000	0.000	0.000
626	  E	  0.0	  0.4	0.000	0.000	0.000
627	  G	  0.0	  0.8	0.000	0.000	0.000
628	  P	  0.0	  0.6	0.000	0.000	0.000
629	  M	  0.0	  0.6	0.000	0.000	0.000
630	  G	  0.0	  1.3	0.000	0.000	0.000
631	  P	  0.0	  1.1	0.000	0.000	0.000
632	  R	  0.0	  1.1	0.000	0.000	0.000
633	  G	  0.1	  1.2	0.000	0.000	0.000
634	  E	  0.1	  0.4	0.000	0.000	0.000
635	  A	  0.0	  0.2	0.000	0.000	0.000
636	  G	  0.0	  0.1	0.000	0.000	0.000
637	  P	  0.0	  2.5	0.000	0.000	0.000
638	  P	  0.0	  3.1	0.000	0.000	0.000
639	  G	  0.0	  3.4	0.000	0.000	0.000
640	  S	  0.1	  3.6	0.000	0.000	0.000
641	  G	  0.1	  1.4	0.000	0.000	0.000
642	  E	  0.1	  1.1	0.000	0.000	0.000
643	  K	  0.1	  0.8	0.000	0.000	0.000
644	  G	  0.1	  0.9	0.000	0.000	0.000
645	  E	  0.1	  0.8	0.000	0.000	0.000
646	  R	  0.1	  0.5	0.000	0.000	0.000
647	  G	  0.1	  0.6	0.000	0.000	0.000
648	  A	  0.1	  0.7	0.000	0.000	0.000
649	  A	  0.1	  0.6	0.000	0.000	0.000
650	  G	  0.0	  0.5	0.000	0.000	0.000
651	  E	  0.0	  0.4	0.000	0.000	0.000
652	  P	  0.0	  0.1	0.000	0.000	0.000
653	  G	  0.0	  1.1	0.000	0.000	0.000
654	  P	  0.0	  1.1	0.000	0.000	0.000
655	  H	  0.0	  1.1	0.000	0.000	0.000
656	  G	  0.0	  1.0	0.000	0.000	0.000
657	  P	  0.0	  1.4	0.000	0.000	0.000
658	  P	  0.0	  1.4	0.000	0.000	0.000
659	  G	  0.0	  1.4	0.000	0.000	0.000
660	  V	  0.0	  2.4	0.000	0.000	0.000
661	  P	  0.0	  1.1	0.000	0.000	0.000
662	  G	  0.0	  1.1	0.000	0.000	0.000
663	  S	  0.4	  1.1	0.000	0.000	0.000
664	  V	  0.4	  0.2	0.000	0.000	0.000
665	  G	  0.4	  0.8	0.000	0.000	0.000
666	  P	  0.0	  1.5	0.000	0.000	0.000
667	  K	  0.0	  1.9	0.000	0.000	0.000
668	  G	  0.0	  2.4	0.000	0.000	0.000
669	  S	  0.1	  2.1	0.000	0.000	0.000
670	  S	  0.6	  1.4	0.000	0.000	0.000
671	  G	  0.6	  1.1	0.000	0.000	0.000
672	  S	  0.5	  0.5	0.000	0.000	0.000
673	  P	  0.0	  0.0	0.000	0.000	0.000
674	  G	  0.0	  1.0	0.000	0.000	0.000
675	  P	  0.0	  1.0	0.000	0.000	0.000
676	  Q	  0.0	  1.0	0.000	0.000	0.000
677	  G	  0.0	  1.0	0.000	0.000	0.000
678	  P	  0.0	  0.0	0.000	0.000	0.000
679	  P	  0.0	  0.0	0.000	0.000	0.000
680	  G	  0.0	  0.0	0.000	0.000	0.000
681	  P	  0.0	  0.0	0.000	0.000	0.000
682	  V	  0.3	  0.1	0.000	0.000	0.000
683	  G	  0.3	  0.0	0.000	0.000	0.000
684	  L	  0.4	  0.1	0.000	0.000	0.000
685	  Q	  0.1	  0.2	0.000	0.000	0.000
686	  G	  0.1	  0.1	0.000	0.000	0.000
687	  L	  0.3	  0.3	0.000	0.000	0.000
688	  R	  0.3	  0.2	0.000	0.000	0.000
689	  G	  0.3	  0.2	0.000	0.000	0.000
690	  E	  0.2	  0.2	0.000	0.000	0.000
691	  V	  0.8	  0.0	0.000	0.000	0.000
692	  G	  0.8	  0.0	0.000	0.000	0.000
693	  L	  0.6	  1.0	0.000	0.000	0.000
694	  P	  0.0	  1.0	0.000	0.000	0.000
695	  G	  0.1	  1.0	0.000	0.000	0.000
696	  V	  0.6	  1.2	0.000	0.000	0.000
697	  K	  0.6	  1.2	0.000	0.000	0.000
698	  G	  0.6	  1.3	0.000	0.000	0.000
699	  D	  0.0	  1.3	0.000	0.000	0.000
700	  K	  0.0	  1.2	0.000	0.000	0.000
701	  G	  0.0	  0.6	0.000	0.000	0.000
702	  P	  0.0	  0.5	0.000	0.000	0.000
703	  M	  0.0	  0.5	0.000	0.000	0.000
704	  G	  0.0	  0.4	0.000	0.000	0.000
705	  P	  0.0	  0.0	0.000	0.000	0.000
706	  P	  0.0	  0.0	0.000	0.000	0.000
707	  G	  0.0	  0.8	0.000	0.000	0.000
708	  P	  0.0	  1.3	0.000	0.000	0.000
709	  K	  0.0	  2.2	0.000	0.000	0.000
710	  G	  0.0	  2.3	0.000	0.000	0.000
711	  D	  0.0	  2.3	0.000	0.000	0.000
712	  Q	  0.0	  1.9	0.000	0.000	0.000
713	  G	  0.0	  1.3	0.000	0.000	0.000
714	  E	  0.0	  1.1	0.000	0.000	0.000
715	  K	  0.0	  0.4	0.000	0.000	0.000
716	  G	  0.0	  1.1	0.000	0.000	0.000
717	  P	  0.0	  0.9	0.000	0.000	0.000
718	  R	  0.1	  1.0	0.000	0.000	0.000
719	  G	  0.1	  1.1	0.000	0.000	0.000
720	  L	  0.3	  0.4	0.000	0.000	0.000
721	  T	  0.3	  0.3	0.000	0.000	0.000
722	  G	  0.2	  0.2	0.000	0.000	0.000
723	  E	  0.1	  1.1	0.000	0.000	0.000
724	  P	  0.0	  1.0	0.000	0.000	0.000
725	  G	  0.0	  1.0	0.000	0.000	0.000
726	  M	  0.3	  1.1	0.000	0.000	0.000
727	  R	  0.4	  0.1	0.000	0.000	0.000
728	  G	  0.4	  0.1	0.000	0.000	0.000
729	  L	  0.1	  1.3	0.000	0.000	0.000
730	  P	  0.0	  1.3	0.000	0.000	0.000
731	  G	  0.0	  1.3	0.000	0.000	0.000
732	  A	  0.1	  1.4	0.000	0.000	0.000
733	  V	  0.3	  0.2	0.000	0.000	0.000
734	  G	  0.3	  0.1	0.000	0.000	0.000
735	  E	  0.2	  1.0	0.000	0.000	0.000
736	  P	  0.0	  1.0	0.000	0.000	0.000
737	  G	  0.0	  1.3	0.000	0.000	0.000
738	  A	  0.0	  1.7	0.000	0.000	0.000
739	  K	  0.0	  0.9	0.000	0.000	0.000
740	  G	  0.0	  1.0	0.000	0.000	0.000
741	  A	  0.1	  0.7	0.000	0.000	0.000
742	  M	  0.1	  0.3	0.000	0.000	0.000
743	  G	  0.1	  0.6	0.000	0.000	0.000
744	  P	  0.0	  0.4	0.000	0.000	0.000
745	  A	  0.0	  0.5	0.000	0.000	0.000
746	  G	  0.0	  4.5	0.000	0.000	0.000
747	  P	  0.0	  4.5	0.000	0.000	0.000
748	  D	  0.0	  4.5	0.000	0.000	0.000
749	  G	  0.0	  4.5	0.000	0.000	0.000
750	  H	  0.1	  0.5	0.000	0.000	0.000
751	  Q	  0.1	  0.2	0.000	0.000	0.000
752	  G	  0.0	  0.9	0.000	0.000	0.000
753	  P	  0.0	  1.1	0.000	0.000	0.000
754	  R	  0.0	  1.1	0.000	0.000	0.000
755	  G	  0.0	  1.4	0.000	0.000	0.000
756	  E	  0.0	  0.6	0.000	0.000	0.000
757	  Q	  0.0	  0.5	0.000	0.000	0.000
758	  G	  0.1	  0.6	0.000	0.000	0.000
759	  L	  0.2	  0.4	0.000	0.000	0.000
760	  T	  0.3	  0.3	0.000	0.000	0.000
761	  G	  0.2	  0.2	0.000	0.000	0.000
762	  M	  0.1	  0.9	0.000	0.000	0.000
763	  P	  0.0	  0.9	0.000	0.000	0.000
764	  G	  0.1	  0.9	0.000	0.000	0.000
765	  I	  2.5	  0.9	0.000	0.000	0.000
766	  R	  2.5	  0.0	0.000	0.000	0.000
767	  G	  2.4	  0.0	0.000	0.000	0.000
768	  P	  0.0	  0.0	0.000	0.000	0.000
769	  P	  0.0	  0.1	0.000	0.000	0.000
770	  G	  0.0	  1.8	0.000	0.000	0.000
771	  P	  0.0	  2.1	0.000	0.000	0.000
772	  S	  0.1	  2.1	0.000	0.000	0.000
773	  G	  0.1	  2.0	0.000	0.000	0.000
774	  D	  0.1	  6.7	0.000	0.000	0.000
775	  P	  0.0	  6.4	0.000	0.000	0.000
776	  G	  0.0	  6.4	0.000	0.000	0.000
777	  K	  0.0	  7.0	0.000	0.000	0.000
778	  P	  0.0	  0.6	0.000	0.000	0.000
779	  G	  0.1	  0.8	0.000	0.000	0.000
780	  L	  0.2	  0.8	0.000	0.000	0.000
781	  T	  0.2	  0.2	0.000	0.000	0.000
782	  G	  0.2	  1.1	0.000	0.000	0.000
783	  P	  0.0	  1.0	0.000	0.000	0.000
784	  Q	  0.0	  1.0	0.000	0.000	0.000
785	  G	  0.0	  1.9	0.000	0.000	0.000
786	  P	  0.0	  1.1	0.000	0.000	0.000
787	  Q	  0.0	  1.1	0.000	0.000	0.000
788	  G	  0.0	  1.1	0.000	0.000	0.000
789	  L	  0.0	  1.0	0.000	0.000	0.000
790	  P	  0.0	  0.8	0.000	0.000	0.000
791	  G	  0.0	  0.8	0.000	0.000	0.000
792	  T	  0.0	  2.9	0.000	0.000	0.000
793	  P	  0.0	  2.1	0.000	0.000	0.000
794	  G	  0.0	  2.1	0.000	0.000	0.000
795	  R	  0.0	  2.9	0.000	0.000	0.000
796	  P	  0.0	  0.8	0.000	0.000	0.000
797	  G	  0.1	  0.8	0.000	0.000	0.000
798	  I	  1.2	  1.4	0.000	0.000	0.000
799	  K	  1.3	  0.5	0.000	0.000	0.000
800	  G	  1.2	  0.5	0.000	0.000	0.000
801	  E	  0.1	  1.4	0.000	0.000	0.000
802	  P	  0.0	  0.9	0.000	0.000	0.000
803	  G	  0.0	  0.9	0.000	0.000	0.000
804	  A	  0.0	  2.9	0.000	0.000	0.000
805	  P	  0.0	  2.1	0.000	0.000	0.000
806	  G	  0.0	  2.1	0.000	0.000	0.000
807	  K	  1.6	  2.1	0.000	0.000	0.000
808	  I	  5.9	  0.0	0.000	0.000	0.000
809	  V	  8.5	  0.0	0.000	0.000	0.000
810	  T	  7.1	  0.2	0.000	0.000	0.000
811	  S	  2.9	  1.1	0.000	0.000	0.000
812	  E	  0.2	  1.9	0.000	0.000	0.000
813	  G	  0.0	  2.0	0.000	0.000	0.000
814	  S	  0.1	  1.8	0.000	0.000	0.000
815	  S	  0.3	  1.0	0.000	0.000	0.000
816	  M	  0.6	  0.1	0.000	0.000	0.000
817	  L	  6.4	  0.0	0.000	0.000	0.000
818	  T	  6.9	  0.0	0.000	0.000	0.000
819	  V	  6.6	  0.0	0.000	0.000	0.000
820	  P	  0.7	  0.0	0.000	0.000	0.000
821	  G	  0.0	  0.0	0.000	0.000	0.000
822	  P	  0.0	  0.0	0.000	0.000	0.000
823	  P	  0.0	  0.0	0.000	0.000	0.000
824	  G	  0.0	  0.0	0.000	0.000	0.000
825	  P	  0.0	  1.8	0.000	0.000	0.000
826	  P	  0.0	  2.0	0.000	0.000	0.000
827	  G	  0.0	  2.2	0.000	0.000	0.000
828	  A	  0.1	  2.2	0.000	0.000	0.000
829	  M	  0.1	  0.3	0.000	0.000	0.000
830	  G	  0.1	  0.2	0.000	0.000	0.000
831	  P	  0.0	  0.0	0.000	0.000	0.000
832	  P	  0.0	  0.0	0.000	0.000	0.000
833	  G	  0.0	  0.0	0.000	0.000	0.000
834	  P	  0.0	  1.8	0.000	0.000	0.000
835	  P	  0.0	  1.8	0.000	0.000	0.000
836	  G	  0.0	  1.8	0.000	0.000	0.000
837	  A	  0.0	  1.8	0.000	0.000	0.000
838	  P	  0.0	  0.0	0.000	0.000	0.000
839	  G	  0.0	  0.4	0.000	0.000	0.000
840	  P	  0.0	  0.4	0.000	0.000	0.000
841	  A	  0.0	  0.5	0.000	0.000	0.000
842	  G	  0.0	  0.8	0.000	0.000	0.000
843	  P	  0.0	  0.7	0.000	0.000	0.000
844	  A	  0.1	  0.7	0.000	0.000	0.000
845	  G	  0.1	  0.6	0.000	0.000	0.000
846	  L	  0.1	  1.9	0.000	0.000	0.000
847	  P	  0.0	  1.7	0.000	0.000	0.000
848	  G	  0.0	  1.7	0.000	0.000	0.000
849	  H	  0.2	  1.8	0.147	0.000	0.000
850	  Q	  0.6	  0.1	0.147	0.000	0.000
851	  E	  1.0	  0.1	0.147	0.000	0.000
852	  V	  4.4	  0.1	0.147	0.000	0.000
853	  L	  5.6	  0.1	0.147	0.000	0.000
854	  N	  5.3	  0.2	0.147	0.000	0.000
855	  L	  1.9	  0.2	0.147	0.000	0.000
856	  Q	  0.3	  0.2	0.147	0.000	0.000
857	  G	  0.0	  0.2	0.000	0.000	0.000
858	  P	  0.0	  0.0	0.000	0.000	0.000
859	  P	  0.0	  0.0	0.000	0.000	0.000
860	  G	  0.0	  0.0	0.000	0.000	0.000
861	  P	  0.0	  0.0	0.000	0.000	0.000
862	  P	  0.0	  0.1	0.000	0.000	0.000
863	  G	  0.0	  0.9	0.000	0.000	0.000
864	  P	  0.0	  0.9	0.000	0.000	0.000
865	  R	  0.0	  0.9	0.000	0.000	0.000
866	  G	  0.0	  0.8	0.000	0.000	0.000
867	  P	  0.0	  0.0	0.000	0.000	0.000
868	  P	  0.0	  0.1	0.000	0.000	0.000
869	  G	  0.0	  0.5	0.000	0.000	0.000
870	  P	  0.0	  0.5	0.000	0.000	0.000
871	  S	  0.1	  0.5	0.000	0.000	0.000
872	  I	  0.1	  0.5	0.000	0.000	0.000
873	  P	  0.1	  0.0	0.000	0.000	0.000
874	  G	  0.0	  0.0	0.000	0.000	0.000
875	  P	  0.0	  0.0	0.000	0.000	0.000
876	  P	  0.0	  0.0	0.000	0.000	0.000
877	  G	  0.0	  0.8	0.000	0.000	0.000
878	  P	  0.0	  0.8	0.000	0.000	0.000
879	  R	  0.0	  0.8	0.000	0.000	0.000
880	  G	  0.0	  0.8	0.000	0.000	0.000
881	  P	  0.0	  1.9	0.000	0.000	0.000
882	  P	  0.0	  2.1	0.000	0.000	0.000
883	  G	  0.0	  2.4	0.000	0.000	0.000
884	  E	  0.0	  2.4	0.000	0.000	0.000
885	  G	  0.0	  0.5	0.000	0.000	0.000
886	  L	  0.0	  0.3	0.000	0.000	0.000
887	  P	  0.0	  0.0	0.000	0.000	0.000
888	  G	  0.0	  0.0	0.000	0.000	0.000
889	  P	  0.0	  0.0	0.000	0.000	0.000
890	  P	  0.0	  0.0	0.000	0.000	0.000
891	  G	  0.0	  0.0	0.000	0.000	0.000
892	  P	  0.0	  2.4	0.000	0.000	0.000
893	  P	  0.0	  2.9	0.000	0.000	0.000
894	  G	  0.1	  2.9	0.000	0.000	0.000
895	  S	  0.6	  2.9	0.000	0.000	0.000
896	  F	  1.6	  0.5	0.000	0.000	0.000
897	  L	  1.6	  0.3	0.000	0.000	0.000
898	  S	  1.2	  0.4	0.000	0.000	0.000
899	  N	  0.2	  0.5	0.000	0.000	0.000
900	  S	  0.2	  0.6	0.000	0.000	0.000
901	  E	  0.4	  0.4	0.000	0.000	0.000
902	  T	  3.8	  0.2	0.000	0.000	0.000
903	  F	  4.8	  0.3	0.000	0.000	0.000
904	  L	  4.7	  0.2	0.000	0.000	0.000
905	  S	  1.3	  0.2	0.000	0.000	0.000
906	  G	  0.2	  0.2	0.000	0.000	0.000
907	  P	  0.0	  0.0	0.000	0.000	0.000
908	  P	  0.0	  0.0	0.000	0.000	0.000
909	  G	  0.0	  0.0	0.000	0.000	0.000
910	  P	  0.0	  0.0	0.000	0.000	0.000
911	  P	  0.0	  0.0	0.000	0.000	0.000
912	  G	  0.0	  0.0	0.000	0.000	0.000
913	  P	  0.0	  0.0	0.000	0.000	0.000
914	  P	  0.0	  0.0	0.000	0.000	0.000
915	  G	  0.0	  0.8	0.000	0.000	0.000
916	  P	  0.0	  1.3	0.000	0.000	0.000
917	  K	  0.0	  2.2	0.000	0.000	0.000
918	  G	  0.0	  2.3	0.000	0.000	0.000
919	  D	  0.0	  1.6	0.000	0.000	0.000
920	  Q	  0.0	  1.0	0.000	0.000	0.000
921	  G	  0.0	  0.2	0.000	0.000	0.000
922	  P	  0.0	  0.0	0.000	0.000	0.000
923	  P	  0.0	  0.0	0.000	0.000	0.000
924	  G	  0.0	  0.9	0.000	0.000	0.000
925	  P	  0.0	  1.1	0.000	0.000	0.000
926	  R	  0.1	  1.2	0.000	0.000	0.000
927	  G	  0.1	  1.2	0.000	0.000	0.000
928	  H	  0.1	  1.0	0.000	0.000	0.000
929	  Q	  0.1	  0.7	0.000	0.000	0.000
930	  G	  0.1	  1.0	0.000	0.000	0.000
931	  E	  0.0	  1.0	0.000	0.000	0.000
932	  Q	  0.0	  0.4	0.000	0.000	0.000
933	  G	  0.0	  0.4	0.000	0.000	0.000
934	  L	  0.0	  3.0	0.000	0.000	0.000
935	  P	  0.0	  2.9	0.000	0.000	0.000
936	  G	  0.1	  2.9	0.000	0.000	0.000
937	  F	  1.0	  3.0	0.000	0.000	0.000
938	  S	  3.0	  0.8	0.000	0.000	0.000
939	  T	  3.0	  1.1	0.000	0.000	0.000
940	  S	  2.4	  2.2	0.000	0.000	0.000
941	  G	  0.4	  2.3	0.000	0.000	0.000
942	  S	  1.2	  2.5	0.000	0.000	0.000
943	  S	  1.2	  2.3	0.000	0.000	0.000
944	  S	  2.0	  1.3	0.000	0.000	0.000
945	  F	  1.2	  1.4	0.000	0.000	0.000
946	  G	  1.0	  0.6	0.000	0.000	0.000
947	  L	  1.9	  0.4	0.000	0.000	0.000
948	  N	  1.9	  0.5	0.000	0.000	0.000
949	  L	  1.9	  0.3	0.000	0.000	0.000
950	  Q	  0.3	  0.2	0.000	0.000	0.000
951	  G	  0.0	  0.2	0.000	0.000	0.000
952	  P	  0.0	  0.0	0.000	0.000	0.000
953	  P	  0.0	  0.0	0.000	0.000	0.000
954	  G	  0.0	  0.0	0.000	0.000	0.000
955	  P	  0.0	  0.0	0.000	0.000	0.000
956	  P	  0.0	  0.0	0.000	0.000	0.000
957	  G	  0.0	  1.0	0.000	0.000	0.000
958	  P	  0.0	  1.0	0.000	0.000	0.000
959	  Q	  0.0	  1.0	0.000	0.000	0.000
960	  G	  0.0	  1.7	0.000	0.000	0.000
961	  P	  0.0	  1.3	0.000	0.000	0.000
962	  K	  0.0	  2.2	0.000	0.000	0.000
963	  G	  0.0	  2.3	0.000	0.000	0.000
964	  D	  0.0	  2.8	0.000	0.000	0.000
965	  K	  0.0	  2.3	0.000	0.000	0.000
966	  G	  0.0	  1.4	0.000	0.000	0.000
967	  D	  0.0	  2.9	0.000	0.000	0.000
968	  P	  0.0	  1.6	0.000	0.000	0.000
969	  G	  0.0	  1.6	0.000	0.000	0.000
970	  V	  0.0	  2.3	0.000	0.000	0.000
971	  P	  0.0	  0.8	0.000	0.000	0.000
972	  G	  0.0	  1.1	0.000	0.000	0.000
973	  A	  0.1	  1.1	0.000	0.000	0.000
974	  L	  0.3	  0.3	0.000	0.000	0.000
975	  G	  0.3	  0.2	0.000	0.000	0.000
976	  I	  0.3	  0.7	0.000	0.000	0.000
977	  P	  0.0	  0.7	0.000	0.000	0.000
978	  S	  0.0	  0.9	0.000	0.000	0.000
979	  G	  0.0	  1.4	0.000	0.000	0.000
980	  P	  0.0	  0.9	0.000	0.000	0.000
981	  S	  0.0	  1.4	0.000	0.000	0.000
982	  E	  0.0	  1.5	0.000	0.000	0.000
983	  G	  0.0	  1.5	0.000	0.000	0.000
984	  G	  0.0	  1.5	0.000	0.000	0.000
985	  S	  0.9	  1.6	0.000	0.000	0.000
986	  S	  1.3	  1.4	0.000	0.000	0.000
987	  S	  1.4	  0.9	0.000	0.204	0.204
988	  T	  1.8	  0.7	0.000	0.410	0.410
989	  M	  2.3	  0.1	0.000	0.410	0.410
990	  Y	  3.9	  0.1	0.000	0.410	0.410
991	  V	  3.2	  0.1	0.000	0.410	0.410
992	  S	  2.3	  0.1	0.000	0.205	0.205
993	  G	  0.7	  0.1	0.000	0.000	0.000
994	  P	  0.0	  0.0	0.000	0.000	0.000
995	  P	  0.0	  0.0	0.000	0.000	0.000
996	  G	  0.0	  0.0	0.000	0.000	0.000
997	  P	  0.0	  0.0	0.000	0.000	0.000
998	  P	  0.0	  0.0	0.000	0.000	0.000
999	  G	  0.0	  0.0	0.000	0.000	0.000
1000	  P	  0.0	  0.0	0.000	0.000	0.000
1001	  P	  0.0	  0.0	0.000	0.000	0.000
1002	  G	  0.0	  0.0	0.000	0.000	0.000
1003	  P	  0.0	  2.3	0.000	0.000	0.000
1004	  P	  0.0	  2.4	0.000	0.000	0.000
1005	  G	  0.0	  2.4	0.000	0.000	0.000
1006	  S	  5.7	  2.5	0.000	0.000	0.000
1007	  I	  6.4	  0.3	0.000	0.000	0.000
1008	  S	  7.2	  2.6	0.000	0.000	0.000
1009	  S	  1.6	  3.1	0.000	0.000	0.000
1010	  S	  1.0	  3.0	0.000	0.000	0.000
1011	  G	  0.1	  3.0	0.143	0.000	0.000
1012	  Q	  0.1	  0.6	0.143	0.000	0.000
1013	  E	  0.8	  0.1	0.143	0.000	0.000
1014	  I	  1.2	  0.1	0.143	0.000	0.000
1015	  Q	  2.3	  0.1	0.143	0.000	0.000
1016	  Q	  2.2	  0.1	0.143	0.000	0.000
1017	  Y	  2.8	  0.1	0.143	0.000	0.000
1018	  I	  1.8	  0.1	0.000	0.000	0.000
1019	  S	  1.3	  0.1	0.000	0.000	0.000
1020	  E	  0.4	  0.1	0.000	0.000	0.000
1021	  Y	  1.1	  0.1	0.000	0.000	0.000
1022	  M	  1.4	  0.1	0.000	0.000	0.000
1023	  Q	  1.3	  0.3	0.000	0.000	0.000
1024	  S	  0.4	  0.7	0.333	0.000	0.000
1025	  D	  0.3	  0.7	0.609	0.000	0.000
1026	  S	  2.7	  0.6	0.734	0.000	0.000
1027	  I	  4.2	  0.5	0.734	0.000	0.000
1028	  R	  5.7	  0.1	0.734	0.000	0.000
1029	  S	  3.8	  0.1	0.734	0.000	0.000
1030	  Y	  3.2	  0.3	0.602	0.000	0.000
1031	  L	  1.7	  0.3	0.125	0.000	0.000
1032	  S	  1.2	  0.3	0.125	0.000	0.000
1033	  G	  0.2	  0.3	0.000	0.000	0.000
1034	  V	  0.2	  0.2	0.000	0.000	0.000
1035	  Q	  0.2	  0.0	0.000	0.000	0.000
1036	  G	  0.2	  0.0	0.000	0.000	0.000
1037	  P	  0.0	  0.0	0.000	0.000	0.000
1038	  P	  0.0	  0.0	0.000	0.000	0.000
1039	  G	  0.0	  0.0	0.000	0.000	0.000
1040	  P	  0.0	  0.0	0.000	0.000	0.000
1041	  P	  0.0	  0.0	0.000	0.000	0.000
1042	  G	  0.0	  0.0	0.000	0.000	0.000
1043	  P	  0.0	  0.0	0.000	0.000	0.000
1044	  P	  0.0	  0.0	0.000	0.000	0.000
1045	  G	  0.0	  0.0	0.000	0.000	0.000
1046	  P	  0.0	  0.0	0.000	0.000	0.000
1047	  V	  1.7	  0.0	0.000	0.605	0.605
1048	  T	  2.7	  0.0	0.000	0.605	0.605
1049	  T	 14.6	  0.0	0.000	0.605	0.605
1050	  I	 15.2	  0.1	0.000	0.605	0.605
1051	  T	 14.2	  0.3	0.000	0.605	0.605
1052	  G	  2.4	  0.4	0.000	0.000	0.000
1053	  E	  0.2	  0.4	0.000	0.000	0.000
1054	  T	  7.7	  0.4	0.000	0.000	0.000
1055	  F	  9.9	  0.2	0.000	0.000	0.000
1056	  D	 10.3	  0.4	0.659	0.000	0.000
1057	  Y	  3.6	  0.5	0.659	0.000	0.000
1058	  S	  1.2	  0.5	0.910	0.000	0.000
1059	  E	  0.7	  0.5	0.910	0.000	0.000
1060	  L	  0.2	  0.3	0.910	0.565	0.565
1061	  A	  0.6	  0.2	0.910	0.565	0.565
1062	  S	  0.8	  0.2	0.796	0.565	0.565
1063	  H	  2.9	  0.2	0.391	0.698	0.698
1064	  V	  7.0	  0.1	0.000	6.641	6.641
1065	  V	 10.7	  0.0	0.000	6.641	6.641
1066	  S	  9.1	  0.0	0.000	6.641	6.641
1067	  Y	  5.7	  0.0	0.000	6.641	6.641
1068	  L	  1.7	  0.0	0.000	6.641	6.641
1069	  R	  1.3	  0.1	0.000	0.000	0.000
1070	  T	  0.4	  0.4	0.000	0.000	0.000
1071	  S	  0.3	  0.4	0.000	0.000	0.000
1072	  G	  0.1	  0.3	0.000	0.159	0.159
1073	  Y	  0.3	  0.3	0.000	2.290	2.290
1074	  G	  0.3	  0.1	0.000	2.803	2.803
1075	  V	  5.0	  0.1	0.000	3.509	3.509
1076	  S	  5.1	  0.1	0.000	3.509	3.509
1077	  L	  5.6	  0.0	0.000	3.509	3.509
1078	  F	  2.4	  0.2	0.000	3.365	3.365
1079	  S	  2.9	  0.7	0.000	0.925	0.925
1080	  S	  2.4	  0.7	0.000	0.000	0.000
1081	  S	  6.3	  0.8	0.000	0.000	0.000
1082	  I	  6.0	  0.7	0.000	0.000	0.000
1083	  S	  5.9	  0.3	6.105	0.000	0.000
1084	  S	  0.7	  1.7	7.032	0.000	0.000
1085	  E	  0.1	  1.6	7.286	0.000	0.000
1086	  D	  0.1	  1.5	10.158	0.000	0.000
1087	  I	  0.9	  1.4	10.158	63.557	63.557
1088	  L	  1.2	  0.0	10.158	63.781	63.781
1089	  A	  1.9	  0.0	9.965	63.781	63.781
1090	  V	  3.3	  0.0	9.761	63.781	63.781
1091	  L	  3.1	  0.0	9.655	63.781	63.781
1092	  Q	  2.4	  0.2	8.485	1.119	1.119
1093	  R	  0.2	  0.4	5.265	0.000	0.000
1094	  D	  0.2	  0.4	1.527	0.000	0.000
1095	  D	  1.8	  0.4	1.852	0.000	0.000
1096	  V	  4.1	  0.3	1.748	0.000	0.000
1097	  R	  6.0	  0.1	1.748	0.000	0.000
1098	  Q	  5.4	  0.1	1.748	0.000	0.000
1099	  Y	  4.0	  0.1	1.748	0.000	0.000
1100	  L	  2.3	  0.1	1.636	0.000	0.000
1101	  R	  3.2	  0.1	1.636	0.000	0.000
1102	  Q	  3.3	  0.1	1.517	0.000	0.000
1103	  Y	  3.8	  0.1	1.170	0.000	0.000
1104	  L	  2.1	  0.0	0.997	0.000	0.000
1105	  M	  1.0	  0.1	0.812	0.000	0.000
1106	  G	  0.2	  0.8	0.448	0.000	0.000
1107	  P	  0.0	  0.8	0.000	0.000	0.000
1108	  R	  0.0	  0.8	0.000	0.000	0.000
1109	  G	  0.0	  0.8	0.000	0.000	0.000
1110	  P	  0.0	  0.0	0.000	0.000	0.000
1111	  P	  0.0	  0.0	0.000	0.000	0.000
1112	  G	  0.0	  0.0	0.000	0.000	0.000
1113	  P	  0.0	  1.7	0.000	0.000	0.000
1114	  P	  0.0	  1.9	0.000	0.000	0.000
1115	  G	  0.0	  2.6	0.000	0.000	0.000
1116	  A	  0.1	  2.8	0.000	0.000	0.000
1117	  S	  0.1	  5.2	0.000	0.000	0.000
1118	  G	  0.1	  5.4	0.000	0.000	0.000
1119	  D	  0.0	  5.0	0.000	0.000	0.000
1120	  G	  0.0	  4.8	0.000	0.000	0.000
1121	  S	  0.2	  0.7	0.000	0.000	0.000
1122	  L	  0.6	  0.2	0.000	0.000	0.000
1123	  L	  2.4	  0.1	0.000	0.000	0.000
1124	  S	  4.6	  0.9	0.000	0.000	0.000
1125	  L	  5.4	  0.9	0.000	0.000	0.000
1126	  D	  3.7	  0.9	2.565	0.000	0.000
1127	  Y	  1.7	  1.0	2.565	0.000	0.000
1128	  A	  0.5	  0.2	2.565	0.000	0.000
1129	  E	  0.8	  0.2	2.565	0.000	0.000
1130	  L	  0.8	  0.3	2.565	0.000	0.000
1131	  S	  1.0	  0.2	3.188	0.000	0.000
1132	  S	  1.0	  0.2	2.434	0.000	0.000
1133	  R	  3.6	  0.2	1.624	0.000	0.000
1134	  I	  4.7	  0.1	1.158	0.609	0.609
1135	  L	  6.4	  0.1	1.158	0.609	0.609
1136	  S	  4.1	  0.1	1.017	0.609	0.609
1137	  Y	  3.8	  0.1	0.823	0.609	0.609
1138	  M	  2.0	  0.2	0.113	0.609	0.609
1139	  S	  2.3	  2.6	0.000	0.000	0.000
1140	  S	  1.3	  2.8	0.000	0.000	0.000
1141	  S	  1.0	  2.9	0.000	0.000	0.000
1142	  G	  0.2	  2.8	0.000	0.000	0.000
1143	  I	  2.9	  0.4	0.000	0.000	0.000
1144	  S	  3.0	  0.2	0.000	0.000	0.000
1145	  I	  3.4	  0.0	0.000	0.000	0.000
1146	  G	  0.7	  0.0	0.000	0.000	0.000
1147	  L	  0.5	  0.0	0.000	0.000	0.000
1148	  P	  0.0	  0.0	0.000	0.000	0.000
1149	  G	  0.0	  0.0	0.000	0.000	0.000
1150	  P	  0.0	  0.0	0.000	0.000	0.000
1151	  P	  0.0	  0.0	0.000	0.000	0.000
1152	  G	  0.0	  0.0	0.000	0.000	0.000
1153	  P	  0.0	  0.9	0.000	0.000	0.000
1154	  P	  0.0	  0.9	0.000	0.000	0.000
1155	  G	  0.0	  0.9	0.000	0.000	0.000
1156	  L	  0.0	  1.6	0.000	0.000	0.000
1157	  P	  0.0	  0.8	0.000	0.000	0.000
1158	  G	  0.0	  0.9	0.000	0.000	0.000
1159	  T	  1.5	  0.9	1.012	0.000	0.000
1160	  S	  8.0	  0.2	5.300	0.000	0.000
1161	  Y	  8.6	  0.2	5.891	0.000	0.000
1162	  E	  7.2	  0.1	6.447	0.000	0.000
1163	  E	  0.7	  0.1	7.048	0.000	0.000
1164	  L	  0.5	  0.1	7.048	5.869	5.869
1165	  L	  2.1	  0.1	7.048	5.869	5.869
1166	  S	  2.3	  0.0	7.048	5.869	5.869
1167	  L	  2.0	  0.0	6.781	5.869	5.869
1168	  L	  0.5	  0.2	6.504	5.869	5.869
1169	  R	  0.4	  0.3	6.218	0.000	0.000
1170	  G	  0.2	  0.3	1.881	0.000	0.000
1171	  S	  0.1	  0.3	0.306	0.000	0.000
1172	  E	  0.7	  0.2	0.000	0.000	0.000
1173	  F	  2.1	  0.3	0.000	0.000	0.000
1174	  R	  2.2	  0.3	0.000	0.000	0.000
1175	  G	  1.6	  0.3	0.000	0.000	0.000
1176	  I	  3.4	  0.3	0.000	0.000	0.000
1177	  V	  3.2	  0.0	0.000	0.000	0.000
1178	  G	  3.2	  0.0	0.000	0.000	0.000
1179	  P	  0.0	  0.0	0.000	0.000	0.000
1180	  P	  0.0	  0.0	0.000	0.000	0.000
1181	  G	  0.0	  0.0	0.000	0.000	0.000
1182	  P	  0.0	  0.0	0.000	0.000	0.000
1183	  P	  0.0	  0.0	0.000	0.000	0.000
1184	  G	  0.0	  0.0	0.000	0.000	0.000
1185	  P	  0.0	  1.1	0.000	0.000	0.000
1186	  P	  0.0	  1.1	0.000	0.000	0.000
1187	  G	  0.0	  1.1	0.000	0.000	0.000
1188	  I	  0.0	  1.5	0.000	0.000	0.000
1189	  P	  0.0	  0.5	0.000	0.000	0.000
1190	  G	  0.0	  0.5	0.000	0.000	0.000
1191	  N	  3.4	  0.5	0.000	0.000	0.000
1192	  V	  6.4	  0.2	0.000	0.491	0.491
1193	  W	  7.1	  0.2	0.000	0.491	0.491
1194	  S	  3.9	  0.2	0.000	0.491	0.491
1195	  S	  6.3	  0.3	0.000	0.491	0.491
1196	  I	  9.8	  0.3	0.000	0.491	0.491
1197	  S	 13.2	  0.1	1.055	0.000	0.000
1198	  V	  8.9	  0.2	1.055	0.000	0.000
1199	  E	  4.6	  0.1	1.055	0.000	0.000
1200	  D	  0.9	  0.7	1.055	0.000	0.000
1201	  L	  0.5	  1.0	1.055	0.000	0.000
1202	  S	  0.8	  0.8	1.055	0.000	0.000
1203	  S	  1.2	  0.8	0.591	0.000	0.000
1204	  Y	  1.5	  0.3	0.215	0.000	0.000
1205	  L	  1.4	  0.0	0.000	0.000	0.000
1206	  H	  1.7	  0.1	0.000	0.000	0.000
1207	  T	  1.1	  0.3	0.000	0.000	0.000
1208	  A	  0.9	  0.3	0.000	0.000	0.000
1209	  G	  0.2	  0.3	0.000	0.000	0.000
1210	  L	  2.4	  0.2	0.000	0.000	0.000
1211	  S	  4.0	  0.0	0.000	0.000	0.000
1212	  F	  4.1	  0.0	0.000	0.000	0.000
1213	  I	  1.8	  0.0	0.000	0.000	0.000
1214	  P	  0.2	  0.0	0.000	0.000	0.000
1215	  G	  0.0	  0.0	0.000	0.000	0.000
1216	  P	  0.0	  0.0	0.000	0.000	0.000
1217	  P	  0.0	  0.0	0.000	0.000	0.000
1218	  G	  0.0	  0.0	0.000	0.000	0.000
1219	  P	  0.0	  0.0	0.000	0.000	0.000
1220	  P	  0.0	  0.0	0.000	0.000	0.000
1221	  G	  0.0	  0.0	0.000	0.000	0.000
1222	  P	  0.0	  0.0	0.000	0.000	0.000
1223	  P	  0.0	  0.0	0.000	0.000	0.000
1224	  G	  0.0	  0.8	0.000	0.000	0.000
1225	  P	  0.0	  0.8	0.000	0.000	0.000
1226	  R	  0.0	  0.8	0.000	0.000	0.000
1227	  G	  0.0	  0.8	0.000	0.000	0.000
1228	  P	  0.0	  1.4	0.000	0.000	0.000
1229	  P	  0.0	  1.4	0.000	0.000	0.000
1230	  G	  0.0	  1.4	0.000	0.000	0.000
1231	  V	  0.7	  1.5	0.000	0.000	0.000
1232	  S	  0.7	  0.4	0.000	0.000	0.000
1233	  G	  0.7	  0.4	0.160	0.000	0.000
1234	  A	  0.1	  0.4	0.160	0.626	0.626
1235	  L	  0.1	  0.5	0.160	0.944	0.944
1236	  A	  1.0	  0.2	0.160	0.944	0.944
1237	  T	  4.7	  0.2	0.565	0.944	0.944
1238	  Y	  5.4	  0.2	0.565	0.944	0.944
1239	  A	  4.5	  0.0	0.405	0.466	0.466
1240	  A	  0.8	  0.2	0.405	0.144	0.144
1241	  E	  0.1	  0.2	0.405	0.000	0.000
1242	  N	  0.1	  2.5	0.405	0.000	0.000
1243	  S	  0.1	  3.1	0.121	0.000	0.000
1244	  D	  0.6	  2.8	0.000	0.000	0.000
1245	  S	  7.2	  2.8	0.000	0.000	0.000
1246	  F	  9.0	  0.7	0.000	0.000	0.000
1247	  R	  8.6	  0.1	0.000	0.000	0.000
1248	  S	  2.1	  0.2	0.000	0.000	0.000
1249	  E	  0.1	  0.2	0.000	0.000	0.000
1250	  L	  0.5	  0.1	0.000	4.471	4.471
1251	  I	  4.9	  0.1	0.000	4.777	4.777
1252	  S	  5.4	  0.0	0.000	4.777	4.777
1253	  Y	  5.3	  0.0	0.000	4.777	4.777
1254	  L	  1.9	  0.0	0.000	4.777	4.777
1255	  T	  1.5	  0.0	0.000	1.973	1.973
1256	  S	  1.0	  4.9	0.000	0.000	0.000
1257	  P	  0.1	  4.9	0.000	0.000	0.000
1258	  D	  1.7	  4.9	0.000	0.000	0.000
1259	  V	  3.8	  5.0	0.000	0.000	0.000
1260	  R	  5.3	  0.1	0.000	0.000	0.000
1261	  S	  4.5	  0.1	0.000	0.000	0.000
1262	  F	  4.2	  0.1	0.000	0.000	0.000
1263	  I	  5.6	  0.0	0.000	0.000	0.000
1264	  V	  4.8	  0.0	0.000	0.000	0.000
1265	  G	  3.1	  0.0	0.000	0.000	0.000
1266	  P	  0.0	  0.0	0.000	0.000	0.000
1267	  P	  0.0	  0.0	0.000	0.000	0.000
1268	  G	  0.0	  0.0	0.000	0.000	0.000
1269	  P	  0.0	  0.0	0.000	0.000	0.000
1270	  P	  0.0	  0.0	0.000	0.000	0.000
1271	  G	  0.0	  1.0	0.000	0.000	0.000
1272	  P	  0.0	  1.0	0.000	0.000	0.000
1273	  Q	  0.0	  1.0	0.000	0.000	0.000
1274	  G	  0.0	  0.9	0.000	0.000	0.000
1275	  P	  0.0	  1.8	0.000	0.000	0.000
1276	  P	  0.0	  2.8	0.000	0.000	0.000
1277	  G	  0.0	  2.9	0.000	0.000	0.000
1278	  D	  0.1	  3.0	0.168	0.000	0.000
1279	  S	  0.2	  1.3	0.168	0.000	0.000
1280	  R	  0.6	  0.2	0.168	0.000	0.000
1281	  L	  1.0	  0.1	0.168	0.000	0.000
1282	  L	  1.1	  0.1	0.168	0.000	0.000
1283	  S	  1.2	  0.6	0.168	0.000	0.000
1284	  T	  0.8	  0.6	0.000	0.000	0.000
1285	  D	  0.6	  2.7	0.000	0.000	0.000
1286	  A	  0.5	  2.7	0.000	0.000	0.000
1287	  S	  1.8	  2.3	0.000	0.000	0.000
1288	  H	  1.9	  2.6	0.000	0.000	0.000
1289	  S	  1.6	  0.9	0.000	0.000	0.000
1290	  R	  0.2	  1.0	0.000	0.000	0.000
1291	  G	  0.1	  1.0	0.000	0.000	0.000
1292	  S	  1.0	  1.4	0.000	0.000	0.000
1293	  S	  1.9	  1.9	0.000	0.000	0.000
1294	  S	  2.8	  2.5	0.000	0.000	0.000
1295	  S	  2.1	  2.5	0.000	0.000	0.000
1296	  S	  2.5	  1.9	0.000	0.000	0.000
1297	  H	  1.6	  1.3	0.000	0.000	0.000
1298	  S	  2.3	  1.2	0.000	0.000	0.000
1299	  S	  1.1	  1.1	0.093	0.000	0.000
1300	  S	  4.7	  0.9	0.093	0.000	0.000
1301	  V	  5.1	  0.7	0.093	0.000	0.000
1302	  R	  5.0	  0.2	0.093	0.000	0.000
1303	  R	  1.5	  0.3	0.093	0.000	0.000
1304	  G	  0.2	  0.5	0.093	0.000	0.000
1305	  S	  0.3	  0.4	0.000	0.000	0.000
1306	  S	 20.2	  0.4	0.000	0.000	0.000
1307	  Y	 21.5	  0.4	0.000	0.000	0.000
1308	  S	 22.0	  0.8	0.000	0.000	0.000
1309	  S	  2.4	  0.8	0.000	0.000	0.000
1310	  S	  5.9	  0.9	0.000	0.000	0.000
1311	  M	  5.4	  1.0	0.000	0.000	0.000
1312	  S	  5.3	  0.6	0.000	0.000	0.000
1313	  T	  0.3	  0.8	0.000	0.000	0.000
1314	  G	  0.1	  0.6	0.000	0.000	0.000
1315	  G	  0.0	  0.6	0.000	0.000	0.000
1316	  G	  0.0	  0.8	0.000	0.000	0.000
1317	  G	  0.0	  1.3	0.000	0.000	0.000
1318	  A	  0.0	  1.5	0.000	0.000	0.000
1319	  G	  0.0	  1.5	0.000	0.000	0.000
1320	  S	  0.2	  1.4	0.000	0.000	0.000
1321	  L	  0.2	  1.0	0.000	0.000	0.000
1322	  G	  0.2	  1.0	0.000	0.000	0.000
1323	  A	  0.0	  1.1	0.000	0.000	0.000
1324	  G	  0.0	  1.2	0.000	0.000	0.000
1325	  G	  0.0	  1.0	0.000	0.000	0.000
1326	  A	  0.1	  0.9	0.000	0.000	0.000
1327	  F	  0.2	  0.7	0.000	0.000	0.000
1328	  G	  0.3	  0.6	0.156	0.000	0.000
1329	  E	  0.2	  0.4	0.156	0.000	0.000
1330	  A	  0.1	  0.6	0.156	0.000	0.000
1331	  A	  0.1	  1.3	0.156	0.000	0.000
1332	  G	  0.0	  1.5	0.156	0.000	0.000
1333	  D	  0.0	  1.5	0.156	0.000	0.000
1334	  R	  0.0	  1.1	0.000	0.000	0.000
1335	  G	  0.0	  0.9	0.000	0.000	0.000
1336	  P	  0.0	  0.7	0.000	0.000	0.000
1337	  Y	  0.1	  1.3	0.000	0.000	0.000
1338	  G	  0.1	  1.3	0.000	0.000	0.000
1339	  T	  0.4	  0.6	0.000	0.000	0.000
1340	  D	  0.3	  0.6	0.000	0.000	0.000
1341	  I	  0.3	  0.3	0.000	0.000	0.000
1342	  G	  0.0	  1.7	0.000	0.000	0.000
1343	  P	  0.0	  1.8	0.000	0.000	0.000
1344	  G	  0.0	  2.2	0.000	0.000	0.000
1345	  G	  0.0	  2.0	0.000	0.000	0.000
1346	  G	  0.0	  0.7	0.000	0.000	0.000
1347	  Y	  0.2	  0.8	0.000	0.000	0.000
1348	  G	  0.3	  0.5	0.198	0.000	0.000
1349	  A	  0.3	  0.4	0.198	0.000	0.000
1350	  A	  0.1	  0.5	0.198	0.000	0.000
1351	  A	  0.1	  0.5	0.198	0.000	0.000
1352	  E	  0.0	  0.9	0.198	0.000	0.000
1353	  G	  0.0	  0.9	0.198	0.000	0.000
1354	  G	  0.0	  0.6	0.000	0.000	0.000
1355	  M	  0.5	  0.3	0.000	0.000	0.000
1356	  Y	  0.9	  0.2	0.000	0.000	0.000
1357	  A	  0.9	  2.0	0.000	0.000	0.000
1358	  G	  0.4	  2.2	0.000	0.000	0.000
1359	  N	  0.0	  2.3	0.000	0.000	0.000
1360	  G	  0.0	  2.2	0.000	0.000	0.000
1361	  G	  0.0	  0.3	0.000	0.000	0.000
1362	  L	  0.1	  0.1	0.000	0.000	0.000
1363	  L	  0.1	  0.2	0.000	0.000	0.000
1364	  G	  0.1	  0.7	0.000	0.000	0.000
1365	  A	  0.1	  0.7	0.000	0.000	0.000
1366	  D	  0.1	  0.7	0.000	0.000	0.000
1367	  F	  0.6	  1.0	0.000	0.000	0.000
1368	  A	  0.5	  1.3	0.000	0.000	0.000
1369	  G	  0.4	  1.4	0.000	0.000	0.000
1370	  D	  0.1	  2.1	0.000	0.000	0.000
1371	  L	  1.3	  1.7	0.000	0.000	0.000
1372	  D	  1.8	  1.4	1.351	0.000	0.000
1373	  Y	  2.0	  1.4	1.351	0.000	0.000
1374	  N	  0.8	  0.7	4.439	0.000	0.000
1375	  E	  0.4	  0.7	4.439	0.000	0.000
1376	  L	  0.4	  0.1	4.439	0.000	0.000
1377	  A	  0.9	  0.1	4.439	0.000	0.000
1378	  V	  9.7	  0.0	4.099	0.000	0.000
1379	  R	 10.5	  0.0	3.993	0.000	0.000
1380	  V	 10.4	  0.0	2.136	0.000	0.000
1381	  S	  1.8	  0.8	2.620	0.000	0.000
1382	  E	  0.5	  0.8	1.321	0.000	0.000
1383	  S	  0.9	  0.8	1.528	0.000	0.000
1384	  M	  0.9	  0.8	1.229	0.000	0.000
1385	  Q	  1.4	  0.1	1.101	0.000	0.000
1386	  R	  0.7	  0.3	1.101	0.000	0.000
1387	  Q	  0.6	  0.3	1.101	0.000	0.000
1388	  G	  0.1	  0.3	0.588	0.000	0.000
1389	  L	  0.2	  0.1	0.193	0.145	0.145
1390	  L	  0.2	  0.2	0.000	0.145	0.145
1391	  Q	  0.2	  0.2	0.000	0.145	0.145
1392	  G	  0.1	  0.2	0.000	0.145	0.145
1393	  M	  0.3	  0.2	0.000	1.545	1.545
1394	  A	  0.7	  0.0	0.000	1.545	1.545
1395	  Y	 11.2	  0.0	0.000	1.545	1.545
1396	  T	 20.3	  0.0	0.000	1.545	1.545
1397	  V	 20.1	  0.0	0.000	1.545	1.545
1398	  Q	 10.1	  0.0	0.000	0.000	0.000
1399	  G	  0.2	  0.0	0.000	0.000	0.000
1400	  P	  0.0	  2.4	0.000	0.000	0.000
1401	  P	  0.0	  2.4	0.000	0.000	0.000
1402	  G	  0.0	  2.4	0.000	0.000	0.000
1403	  Q	  0.0	  2.4	0.000	0.000	0.000
1404	  P	  0.0	  0.0	0.000	0.000	0.000
1405	  G	  0.0	  1.0	0.000	0.000	0.000
1406	  P	  0.0	  1.0	0.000	0.000	0.000
1407	  Q	  0.0	  1.0	0.000	0.000	0.000
1408	  G	  0.0	  0.9	0.000	0.000	0.000
1409	  P	  0.0	  1.1	0.000	0.000	0.000
1410	  P	  0.0	  1.1	0.000	0.000	0.000
1411	  G	  0.1	  1.1	0.000	0.000	0.000
1412	  I	  0.7	  1.2	0.000	0.000	0.000
1413	  S	  1.1	  0.1	0.000	0.000	0.000
1414	  K	  1.9	  0.0	0.000	0.000	0.000
1415	  V	  5.9	  0.0	0.000	1.810	1.810
1416	  F	  9.4	  0.0	0.000	1.810	1.810
1417	  S	  8.7	  0.0	0.000	1.810	1.810
1418	  A	  4.7	  0.0	0.000	1.810	1.810
1419	  Y	  1.0	  0.4	0.000	1.810	1.810
1420	  S	  0.8	  0.4	0.000	0.669	0.669
1421	  N	  2.5	  0.4	0.000	0.528	0.528
1422	  V	  5.3	  0.4	0.000	0.528	0.528
1423	  T	  5.5	  0.4	0.000	0.528	0.528
1424	  A	  3.4	  0.4	0.000	0.241	0.241
1425	  D	  0.3	  0.4	0.114	0.000	0.000
1426	  L	  0.5	  0.7	0.114	0.000	0.000
1427	  M	  2.0	  0.3	0.114	0.000	0.000
1428	  D	  3.0	  0.3	0.114	0.000	0.000
1429	  F	  4.7	  0.3	0.114	0.486	0.486
1430	  F	  3.7	  0.1	0.114	0.486	0.486
1431	  Q	  3.6	  0.1	0.000	0.486	0.486
1432	  T	  2.5	  0.1	0.268	0.486	0.486
1433	  Y	  2.2	  0.4	0.268	0.486	0.486
1434	  G	  1.2	  0.4	0.268	0.221	0.221
1435	  A	  0.4	  0.4	0.268	0.221	0.221
1436	  I	  0.3	  0.4	0.268	0.221	0.221
1437	  Q	  0.3	  0.0	0.268	0.000	0.000
1438	  G	  0.2	  0.0	0.268	0.000	0.000
1439	  P	  0.0	  2.7	0.000	0.000	0.000
1440	  P	  0.0	  2.7	0.000	0.000	0.000
1441	  G	  0.0	  2.9	0.000	0.000	0.000
1442	  Q	  0.0	  3.2	0.000	0.000	0.000
1443	  K	  0.1	  0.6	0.000	0.000	0.000
1444	  G	  0.1	  0.7	0.000	0.000	0.000
1445	  E	  0.1	  0.6	0.000	0.000	0.000
1446	  M	  0.1	  0.3	0.000	0.000	0.000
1447	  G	  0.1	  0.1	0.000	0.000	0.000
1448	  T	  0.1	  0.0	0.000	0.000	0.000
1449	  P	  0.0	  0.0	0.000	0.000	0.000
1450	  G	  0.0	  0.8	0.000	0.000	0.000
1451	  P	  0.0	  1.3	0.000	0.000	0.000
1452	  K	  0.0	  2.6	0.000	0.000	0.000
1453	  G	  0.0	  2.7	0.000	0.000	0.000
1454	  D	  0.0	  1.9	0.000	0.000	0.000
1455	  R	  0.0	  1.4	0.000	0.000	0.000
1456	  G	  0.0	  0.6	0.000	0.000	0.000
1457	  P	  0.0	  0.4	0.000	0.000	0.000
1458	  A	  0.0	  0.4	0.000	0.000	0.000
1459	  G	  0.0	  0.4	0.000	0.000	0.000
1460	  P	  0.0	  2.5	0.000	0.000	0.000
1461	  P	  0.0	  2.5	0.000	0.000	0.000
1462	  G	  0.0	  2.5	0.000	0.000	0.000
1463	  H	  0.0	  2.5	0.000	0.000	0.000
1464	  P	  0.0	  0.0	0.000	0.000	0.000
1465	  G	  0.0	  0.0	0.000	0.000	0.000
1466	  P	  0.0	  0.0	0.000	0.000	0.000
1467	  P	  0.0	  0.0	0.000	0.000	0.000
1468	  G	  0.0	  0.8	0.000	0.000	0.000
1469	  P	  0.0	  1.1	0.000	0.000	0.000
1470	  R	  0.1	  1.1	0.000	0.000	0.000
1471	  G	  0.1	  1.2	0.000	0.000	0.000
1472	  H	  0.2	  1.3	0.000	0.000	0.000
1473	  K	  0.1	  1.1	0.000	0.000	0.000
1474	  G	  0.1	  1.3	0.000	0.000	0.000
1475	  E	  0.1	  1.5	0.000	0.000	0.000
1476	  K	  0.0	  1.5	0.000	0.000	0.000
1477	  G	  0.0	  1.6	0.000	0.000	0.000
1478	  D	  0.0	  2.5	0.000	0.000	0.000
1479	  K	  0.0	  3.1	0.000	0.000	0.000
1480	  G	  0.0	  2.2	0.000	0.000	0.000
1481	  D	  0.1	  2.1	0.318	0.000	0.000
1482	  Q	  1.3	  0.8	0.318	0.000	0.000
1483	  V	  3.3	  0.0	0.318	0.000	0.000
1484	  Y	  3.6	  0.4	0.318	0.000	0.000
1485	  A	  2.5	  0.6	0.318	0.000	0.000
1486	  G	  0.5	  0.7	0.318	0.000	0.000
1487	  R	  0.4	  0.7	0.165	0.000	0.000
1488	  R	  0.8	  0.3	0.000	0.000	0.000
1489	  R	  1.2	  0.2	0.000	0.000	0.000
1490	  R	  1.1	  0.2	0.000	0.000	0.000
1491	  R	  1.4	  0.1	0.000	0.000	0.000
1492	  S	  1.4	  0.1	0.000	0.000	0.000
1493	  I	  4.9	  0.1	0.000	0.000	0.000
1494	  A	  5.7	  0.0	0.000	0.000	0.000
1495	  V	  6.0	  0.0	0.000	0.000	0.000
1496	  K	  2.3	  0.0	0.000	0.000	0.000
1497	  P	  0.6	  0.0	0.000	0.000	0.000
