res	aa	Beta	Turn	Helix	Aggregation	Conc-Stab_Aggregation
01	  M	  1.8	  0.0	0.000	0.000	0.000
02	  K	  2.1	  0.0	0.000	0.000	0.000
03	  L	  2.3	  0.0	0.000	15.999	15.999
04	  L	  0.7	  0.1	0.000	22.051	22.051
05	  T	  0.4	  0.1	0.000	25.055	25.055
06	  G	  0.2	  0.1	0.000	29.882	29.882
07	  L	  1.3	  0.1	0.000	83.011	83.011
08	  V	  5.3	  0.0	0.000	92.720	92.720
09	  F	  7.5	  0.1	0.000	93.441	93.441
10	  C	  7.7	  0.1	0.000	92.195	92.195
11	  S	  4.1	  0.1	0.000	92.087	92.087
12	  L	  3.7	  0.1	0.000	93.219	93.219
13	  V	  2.9	  0.1	0.000	92.642	92.642
14	  L	  2.6	  0.0	0.000	85.654	85.654
15	  G	  0.7	  0.0	0.000	47.430	47.430
16	  V	  1.4	  0.1	0.000	43.977	43.977
17	  S	  1.7	  0.1	0.000	2.135	2.135
18	  S	  3.2	  0.8	0.000	0.229	0.229
19	  R	  3.4	  0.8	0.000	0.000	0.000
20	  S	  4.2	  0.7	0.000	8.106	8.106
21	  F	  4.9	  0.7	0.000	72.752	72.752
22	  F	  9.6	  0.0	0.000	72.810	72.810
23	  S	  9.1	  0.0	0.000	72.810	72.810
24	  F	  7.3	  0.0	0.000	72.810	72.810
25	  L	  0.9	  0.1	0.000	72.632	72.632
26	  G	  0.4	  0.1	0.000	6.054	6.054
27	  E	  0.1	  0.1	0.000	0.000	0.000
28	  A	  0.4	  0.3	0.000	0.000	0.000
29	  F	  0.7	  0.6	0.000	0.000	0.000
30	  D	  0.6	  0.7	0.151	0.000	0.000
31	  G	  0.4	  0.7	0.151	0.000	0.000
32	  A	  0.0	  0.7	0.151	0.000	0.000
33	  R	  0.1	  0.3	0.151	0.000	0.000
34	  D	  0.4	  0.2	0.816	0.000	0.000
35	  M	  0.5	  0.2	0.816	0.000	0.000
36	  W	  1.5	  0.0	0.665	0.000	0.000
37	  R	  1.6	  0.0	0.665	0.000	0.000
38	  A	  2.0	  0.0	0.665	0.000	0.000
39	  Y	  1.1	  0.6	0.665	0.000	0.000
40	  S	  0.8	  0.6	0.513	0.000	0.000
41	  D	  0.7	  0.6	1.016	0.000	0.000
42	  M	  0.5	  0.6	1.016	0.000	0.000
43	  R	  0.5	  0.1	0.813	0.000	0.000
44	  E	  0.2	  0.3	0.668	0.000	0.000
45	  A	  0.2	  0.3	0.668	0.000	0.000
46	  N	  1.1	  0.2	0.668	0.000	0.000
47	  Y	  1.4	  0.4	0.340	0.000	0.000
48	  I	  1.4	  1.0	0.000	0.000	0.000
49	  G	  0.5	  1.4	0.000	0.000	0.000
50	  S	  0.1	  1.5	0.000	0.000	0.000
51	  D	  0.1	  1.3	0.000	0.000	0.000
52	  K	  0.4	  0.5	0.000	0.000	0.000
53	  Y	  1.7	  0.1	0.000	0.000	0.000
54	  F	  3.3	  0.0	0.000	0.000	0.000
55	  H	  3.3	  0.5	0.000	0.000	0.000
56	  A	  2.1	  0.5	0.000	0.000	0.000
57	  R	  0.4	  0.9	0.000	0.000	0.000
58	  G	  0.1	  0.9	0.516	0.000	0.000
59	  N	  0.8	  1.1	2.149	0.000	0.000
60	  Y	  1.6	  1.1	2.896	0.000	0.000
61	  D	  1.6	  0.7	5.638	0.000	0.000
62	  A	  0.9	  0.7	5.638	0.000	0.000
63	  A	  0.2	  0.2	5.638	0.000	0.000
64	  K	  0.3	  0.2	5.638	0.000	0.000
65	  R	  0.2	  0.2	5.093	0.000	0.000
66	  G	  0.1	  1.6	4.405	0.000	0.000
67	  P	  0.0	  1.7	0.000	0.000	0.000
68	  G	  0.0	  1.7	0.000	0.000	0.000
69	  G	  0.0	  1.7	0.000	0.000	0.000
70	  V	  1.5	  0.3	0.000	0.000	0.000
71	  W	  2.0	  0.0	0.000	0.000	0.000
72	  A	  1.9	  0.0	0.000	0.000	0.000
73	  A	  0.5	  0.0	0.000	0.000	0.000
74	  E	  0.1	  0.0	0.000	0.000	0.000
75	  A	  0.4	  0.0	0.000	0.000	0.000
76	  I	  0.5	  0.2	0.000	0.000	0.000
77	  S	  0.4	  0.2	0.000	0.000	0.000
78	  D	  0.1	  0.4	1.074	0.000	0.000
79	  A	  0.1	  0.4	1.074	0.000	0.000
80	  R	  0.2	  0.5	1.074	0.000	0.000
81	  E	  0.1	  0.4	1.074	0.000	0.000
82	  N	  0.7	  0.2	1.439	0.000	0.000
83	  I	  1.1	  0.2	1.439	0.000	0.000
84	  Q	  1.9	  0.0	1.439	0.000	0.000
85	  R	  2.6	  0.0	1.147	0.000	0.000
86	  F	  3.1	  0.3	0.984	0.000	0.000
87	  F	  2.4	  0.7	0.551	0.000	0.000
88	  G	  1.1	  0.9	0.000	0.000	0.000
89	  H	  0.2	  1.1	0.000	0.000	0.000
90	  G	  0.1	  1.0	0.000	0.000	0.000
91	  A	  0.1	  0.8	0.000	0.000	0.000
92	  E	  0.1	  0.7	0.000	0.000	0.000
93	  D	  0.1	  0.6	0.136	0.000	0.000
94	  S	  0.2	  0.5	0.413	0.000	0.000
95	  L	  0.2	  0.5	0.413	0.000	0.000
96	  A	  0.2	  0.4	0.413	0.000	0.000
97	  D	  0.1	  0.4	1.102	0.000	0.000
98	  Q	  0.1	  0.4	1.102	0.000	0.000
99	  A	  0.1	  0.4	0.966	0.000	0.000
100	  A	  0.1	  0.3	0.966	0.000	0.000
101	  N	  0.1	  0.6	0.976	0.000	0.000
102	  E	  0.1	  0.6	0.830	0.000	0.000
103	  W	  0.2	  0.5	0.563	0.000	0.000
104	  G	  0.1	  0.9	0.286	0.000	0.000
105	  R	  0.2	  0.9	0.141	0.000	0.000
106	  S	  0.2	  1.1	0.141	0.000	0.000
107	  G	  0.2	  0.9	0.000	0.000	0.000
108	  K	  0.1	  0.6	0.000	0.000	0.000
109	  D	  0.0	  9.4	0.000	0.000	0.000
110	  P	  0.0	  9.2	0.000	0.000	0.000
111	  N	  0.5	  9.2	0.000	0.000	0.000
112	  H	  6.3	  9.2	0.000	0.000	0.000
113	  F	  6.6	  0.0	0.000	0.000	0.000
114	  R	  6.1	  0.2	0.000	0.000	0.000
115	  P	  0.4	  0.4	0.000	0.000	0.000
116	  A	  0.1	  0.4	0.000	0.000	0.000
117	  G	  0.1	  0.4	0.000	0.000	0.000
118	  L	  0.1	  0.4	0.000	0.000	0.000
119	  P	  0.0	  0.3	0.000	0.000	0.000
120	  E	  0.2	  0.3	0.000	0.000	0.000
121	  K	  0.2	  0.3	0.000	0.000	0.000
122	  Y	  0.2	  0.1	0.000	0.000	0.000
