res	aa	Beta	Turn	Helix	Aggregation	Conc-Stab_Aggregation
01	  M	  0.4	  0.4	0.000	0.000	0.000
02	  S	  0.5	  0.5	0.000	0.000	0.000
03	  S	  0.5	  2.0	0.000	0.000	0.000
04	  G	  0.1	  2.0	0.000	0.000	0.000
05	  N	  0.1	  1.7	0.162	0.000	0.000
06	  A	  0.4	  1.5	0.162	0.000	0.000
07	  K	  0.7	  0.2	0.162	0.000	0.000
08	  I	  0.7	  0.1	0.162	0.000	0.000
09	  G	  0.3	  0.1	0.162	0.000	0.000
10	  H	  0.1	  0.1	0.162	0.000	0.000
11	  P	  0.0	  0.0	0.000	0.000	0.000
12	  A	  0.0	  0.9	0.000	0.000	0.000
13	  P	  0.0	  0.9	0.000	0.000	0.000
14	  N	  0.8	  0.9	0.000	0.000	0.000
15	  F	  2.0	  0.9	0.000	0.000	0.000
16	  K	  2.5	  0.0	0.000	0.000	0.000
17	  A	  1.8	  0.0	0.000	0.000	0.000
18	  T	  1.6	  0.0	0.000	0.000	0.000
19	  A	  2.8	  0.0	0.000	0.000	0.000
20	  V	  3.2	  0.0	0.000	0.000	0.000
21	  M	  2.3	  2.5	0.000	0.000	0.000
22	  P	  0.5	  3.0	0.000	0.000	0.000
23	  D	  0.0	  3.0	0.000	0.000	0.000
24	  G	  0.0	  3.0	0.000	0.000	0.000
25	  Q	  2.1	  0.5	0.000	0.000	0.000
26	  F	  2.5	  0.5	0.000	0.000	0.000
27	  K	  2.7	  0.5	0.000	0.000	0.000
28	  D	  1.3	  0.6	0.000	0.000	0.000
29	  I	  4.7	  0.6	0.000	0.000	0.000
30	  S	  9.7	  0.5	0.915	0.000	0.000
31	  L	  9.1	  1.1	0.915	0.000	0.000
32	  S	  5.7	  1.0	1.020	0.000	0.000
33	  D	  0.5	  0.9	1.203	0.000	0.000
34	  Y	  0.7	  2.5	1.203	0.000	0.000
35	  K	  0.7	  2.1	1.203	0.000	0.000
36	  G	  0.4	  2.1	0.689	0.000	0.000
37	  K	  0.5	  2.1	0.489	0.000	0.000
38	  Y	  2.7	  0.1	0.183	77.906	77.906
39	  V	  6.1	  0.0	0.000	99.562	99.562
40	  V	  7.7	  0.0	0.000	99.687	99.687
41	  F	  6.9	  0.0	0.000	99.689	99.689
42	  F	  5.6	  0.0	0.000	99.689	99.689
43	  F	  3.7	  0.0	0.000	94.536	94.536
44	  Y	  2.4	  0.1	0.000	12.454	12.454
45	  P	  0.2	  0.3	0.000	10.466	10.466
46	  L	  1.0	  0.3	0.000	0.000	0.000
47	  D	  1.8	  0.3	0.159	0.000	0.000
48	  F	 14.0	  0.1	0.159	0.000	0.000
49	  T	 17.7	  0.0	0.159	0.000	0.000
50	  F	 19.8	  0.0	0.159	0.000	0.000
51	  V	  7.9	  0.0	0.159	0.000	0.000
52	  C	  3.1	  0.4	0.364	0.000	0.000
53	  P	  0.1	  0.4	0.205	0.000	0.000
54	  T	  0.1	  0.4	0.450	0.000	0.000
55	  E	  0.3	  0.4	0.450	0.000	0.000
56	  I	  3.5	  0.0	0.450	8.116	8.116
57	  I	  5.2	  0.0	0.450	8.116	8.116
58	  A	  5.4	  0.0	0.450	8.116	8.116
59	  F	  2.5	  0.3	0.450	8.116	8.116
60	  S	  0.7	  0.3	1.769	8.116	8.116
61	  D	  0.2	  0.4	6.333	0.000	0.000
62	  R	  0.1	  0.4	7.897	0.000	0.000
63	  A	  0.1	  0.2	8.249	0.000	0.000
64	  E	  0.1	  0.1	8.574	0.000	0.000
65	  E	  2.9	  0.1	8.726	0.000	0.000
66	  F	  3.3	  0.2	8.598	0.000	0.000
67	  K	  3.3	  0.1	7.696	0.000	0.000
68	  K	  1.2	  0.3	6.939	0.000	0.000
69	  L	  3.9	  0.3	5.994	0.000	0.000
70	  N	  4.3	  0.2	5.312	0.000	0.000
71	  C	  4.7	  0.1	2.667	0.000	0.000
72	  Q	  1.9	  0.0	0.895	0.000	0.000
73	  V	  2.3	  0.0	0.000	0.298	0.298
74	  I	  1.3	  0.3	0.000	0.298	0.298
75	  G	  1.0	  0.5	0.000	0.298	0.298
76	  A	  0.6	  0.5	0.000	0.298	0.298
77	  S	  4.7	  0.8	0.000	0.298	0.298
78	  V	  5.8	  0.5	0.000	0.298	0.298
79	  D	  5.3	  0.5	0.000	0.000	0.000
80	  S	  1.7	  0.5	0.000	0.000	0.000
81	  H	  3.6	  0.1	0.000	0.000	0.000
82	  F	  5.6	  0.1	0.000	22.477	22.477
83	  C	  6.4	  0.0	0.000	24.243	24.243
84	  H	  3.7	  0.0	0.000	24.243	24.243
85	  L	  1.9	  0.0	0.000	24.682	24.682
86	  A	  0.7	  0.0	0.000	24.682	24.682
87	  W	  1.4	  0.0	0.000	24.575	24.575
88	  V	  3.5	  0.0	0.000	22.744	22.744
89	  N	  3.3	  0.0	0.000	1.215	1.215
90	  T	  2.3	  0.2	0.000	0.000	0.000
91	  P	  0.1	  0.3	0.000	0.000	0.000
92	  K	  0.1	  0.4	0.000	0.000	0.000
93	  K	  0.1	  0.6	0.000	0.000	0.000
94	  Q	  0.1	  0.6	0.000	0.000	0.000
95	  G	  0.0	  0.6	0.000	0.000	0.000
96	  G	  0.0	  0.4	0.000	0.000	0.000
97	  L	  0.0	  0.4	0.000	0.000	0.000
98	  G	  0.0	  0.3	0.000	0.000	0.000
99	  P	  0.0	  0.2	0.000	0.000	0.000
100	  M	  7.7	  0.2	0.000	0.000	0.000
101	  N	  7.9	  0.2	0.000	0.000	0.000
102	  I	  8.0	  0.0	0.000	0.000	0.000
103	  P	  0.2	  0.0	0.000	0.000	0.000
104	  L	  0.8	  0.0	0.000	0.000	0.000
105	  V	  1.2	  0.0	0.000	0.000	0.000
106	  S	  1.2	  0.0	0.000	0.000	0.000
107	  D	  0.5	  0.5	0.350	0.000	0.000
108	  P	  0.0	  0.6	0.350	0.000	0.000
109	  K	  0.5	  0.6	0.350	0.000	0.000
110	  R	  1.3	  0.6	0.350	0.000	0.000
111	  T	  4.3	  0.1	0.350	0.000	0.000
112	  I	  4.7	  0.0	0.350	0.000	0.000
113	  A	  3.9	  0.2	0.350	0.000	0.000
114	  Q	  1.5	  0.2	0.213	0.000	0.000
115	  D	  0.5	  0.2	0.000	0.000	0.000
116	  Y	  0.7	  0.3	0.000	0.000	0.000
117	  G	  0.2	  0.1	0.000	0.000	0.000
118	  V	  1.4	  0.1	0.000	0.000	0.000
119	  L	  1.6	  0.1	0.000	0.000	0.000
120	  K	  1.6	  0.5	0.000	0.000	0.000
121	  A	  0.4	  0.6	0.000	0.000	0.000
122	  D	  0.1	  1.0	0.000	0.000	0.000
123	  E	  0.0	  1.0	0.000	0.000	0.000
124	  G	  0.1	  0.5	0.000	0.000	0.000
125	  I	  4.4	  0.4	0.000	0.263	0.263
126	  S	 10.9	  0.1	0.000	0.263	0.263
127	  F	 12.1	  0.2	0.000	0.797	0.797
128	  R	  8.1	  0.2	0.000	0.797	0.797
129	  G	  1.4	  0.2	0.000	31.430	31.430
130	  L	  0.7	  0.2	0.000	31.430	31.430
131	  F	  2.1	  0.0	0.000	31.430	31.430
132	  I	  2.9	  0.0	0.000	31.430	31.430
133	  I	  2.4	  0.1	0.000	31.430	31.430
134	  D	  1.0	  0.4	0.923	0.797	0.797
135	  D	  0.1	  0.8	1.499	0.000	0.000
136	  K	  0.0	  0.8	1.499	0.000	0.000
137	  G	  0.0	  0.7	1.499	0.000	0.000
138	  I	  2.0	  0.4	1.499	0.000	0.000
139	  L	  2.2	  0.1	1.499	0.000	0.000
140	  R	  3.1	  0.0	1.321	0.000	0.000
141	  Q	  2.8	  0.0	1.321	0.000	0.000
142	  I	 19.8	  0.0	0.307	0.000	0.000
143	  T	 23.5	  0.1	0.307	0.000	0.000
144	  V	 22.4	  0.1	0.307	0.000	0.000
145	  N	  5.8	  0.1	0.307	0.000	0.000
146	  D	  0.5	  0.1	0.000	0.000	0.000
147	  L	  0.0	  0.0	0.000	0.000	0.000
148	  P	  0.0	  0.2	0.000	0.000	0.000
149	  V	  0.1	  0.5	0.000	0.000	0.000
150	  G	  0.1	  0.6	0.090	0.000	0.000
151	  R	  0.9	  0.6	0.090	0.000	0.000
152	  S	  4.5	  0.6	2.890	0.000	0.000
153	  V	  4.7	  0.4	3.189	0.000	0.000
154	  D	  3.9	  0.4	10.395	0.000	0.000
155	  E	  0.2	  0.4	10.719	0.000	0.000
156	  T	  2.1	  0.1	12.099	0.000	0.000
157	  L	  3.4	  0.1	12.099	0.000	0.000
158	  R	  3.9	  0.0	12.099	0.000	0.000
159	  L	  2.2	  0.0	11.968	2.703	2.703
160	  V	  1.7	  0.0	11.179	3.034	3.034
161	  Q	  1.6	  0.0	11.028	3.034	3.034
162	  A	  1.7	  0.0	7.451	3.462	3.462
163	  F	  5.9	  0.0	6.593	3.462	3.462
164	  Q	  8.4	  0.0	2.656	2.955	2.955
165	  F	  9.5	  0.1	0.859	2.955	2.955
166	  T	  4.8	  0.1	0.000	0.819	0.819
167	  D	  1.7	  0.7	0.000	0.000	0.000
168	  K	  0.2	  1.3	0.000	0.000	0.000
169	  H	  0.1	  1.3	0.000	0.000	0.000
170	  G	  0.1	  1.2	0.000	0.000	0.000
171	  E	  1.6	  0.7	0.000	0.000	0.000
172	  V	  1.6	  0.1	0.000	0.000	0.000
173	  C	  1.6	  0.6	0.149	0.000	0.000
174	  P	  0.1	  1.0	0.149	0.000	0.000
175	  A	  0.1	  1.0	0.149	0.000	0.000
176	  G	  0.1	  1.0	0.149	0.000	0.000
177	  W	  0.2	  0.5	0.149	0.000	0.000
178	  K	  0.2	  1.3	0.149	0.000	0.000
179	  P	  0.1	  1.6	0.000	0.000	0.000
180	  G	  0.0	  1.8	0.000	0.000	0.000
181	  S	  0.0	  1.9	0.000	0.000	0.000
182	  D	  0.7	  0.6	0.000	0.000	0.000
183	  T	 21.6	  0.3	0.000	0.000	0.000
184	  I	 21.9	  0.1	0.000	0.000	0.000
185	  K	 21.3	  1.0	0.000	0.000	0.000
186	  P	  0.4	  1.0	0.000	0.000	0.000
187	  D	  0.6	  1.0	0.250	0.000	0.000
188	  V	  1.3	  1.0	0.250	0.000	0.000
189	  Q	  1.5	  0.1	0.250	0.000	0.000
190	  K	  1.5	  0.1	0.250	0.000	0.000
191	  S	  1.2	  0.3	0.250	0.000	0.000
192	  K	  1.2	  0.2	0.250	0.000	0.000
193	  E	  1.2	  0.1	0.250	0.000	0.000
194	  Y	  3.0	  0.1	0.250	0.000	0.000
195	  F	  5.2	  0.0	0.101	0.000	0.000
196	  S	  4.9	  0.2	0.000	0.000	0.000
197	  K	  2.8	  0.2	0.000	0.000	0.000
198	  Q	  0.5	  0.2	0.000	0.000	0.000
199	  K	  0.3	  0.1	0.000	0.000	0.000
