res	aa	Beta	Turn	Helix	Aggregation	Conc-Stab_Aggregation
01	  M	  0.2	  0.2	0.000	0.000	0.000
02	  S	  0.2	  0.2	0.000	0.000	0.000
03	  G	  0.2	  0.2	0.000	0.000	0.000
04	  A	  0.0	  0.5	0.000	0.000	0.000
05	  P	  0.0	  0.3	0.000	0.000	0.000
06	  T	  0.1	  0.7	0.289	0.625	0.625
07	  A	  0.1	  0.8	0.289	1.677	1.677
08	  G	  0.1	  0.5	0.669	2.921	2.921
09	  A	  0.2	  0.5	0.669	17.718	17.718
10	  A	  0.5	  0.1	0.669	34.792	34.792
11	  L	  1.5	  0.0	0.669	54.910	54.910
12	  M	  2.9	  0.0	0.669	58.541	58.541
13	  L	  3.0	  0.0	0.380	61.724	61.724
14	  C	  3.5	  0.0	0.378	61.891	61.891
15	  A	  2.1	  0.0	0.252	64.479	64.479
16	  A	  1.8	  0.0	0.252	67.451	67.451
17	  T	  1.1	  0.0	0.648	70.819	70.819
18	  A	  1.8	  0.0	0.648	71.853	71.853
19	  V	  5.6	  0.0	0.648	72.422	72.422
20	  L	  5.2	  0.0	0.648	71.021	71.021
21	  L	  5.0	  0.0	0.648	62.512	62.512
22	  S	  1.4	  0.4	0.648	13.169	13.169
23	  A	  0.9	  0.6	0.141	6.441	6.441
24	  Q	  0.3	  0.6	0.141	0.144	0.144
25	  G	  0.0	  0.6	0.000	0.000	0.000
26	  G	  0.0	  0.2	0.000	0.000	0.000
27	  P	  0.0	  0.0	0.000	0.000	0.000
28	  V	  1.2	  0.1	0.000	0.000	0.000
29	  Q	  1.5	  0.1	0.000	0.000	0.000
30	  S	  5.8	  0.1	0.000	0.000	0.000
31	  K	  4.7	  0.1	0.000	0.000	0.000
32	  S	  4.4	  0.3	0.000	0.000	0.000
33	  P	  0.1	  0.3	0.000	0.000	0.000
34	  R	  0.4	  0.3	0.000	0.000	0.000
35	  F	  1.1	  0.5	0.000	0.000	0.000
36	  A	  1.7	  0.2	0.000	0.000	0.000
37	  S	  6.4	  0.6	1.292	0.000	0.000
38	  W	  5.7	  0.7	1.292	0.000	0.000
39	  D	  5.2	  0.5	2.627	0.000	0.000
40	  E	  1.1	  0.5	2.627	0.000	0.000
41	  M	  4.6	  0.1	2.627	0.000	0.000
42	  N	  4.8	  0.0	2.627	0.000	0.000
43	  V	  4.9	  0.0	2.275	0.000	0.000
44	  L	  1.4	  0.2	2.275	0.000	0.000
45	  A	  1.3	  0.4	1.797	0.000	0.000
46	  H	  0.3	  0.5	1.519	0.000	0.000
47	  G	  0.1	  0.5	0.753	0.000	0.000
48	  L	  0.3	  0.3	0.294	0.000	0.000
49	  L	  1.8	  0.1	0.294	0.000	0.000
50	  Q	  1.8	  0.1	0.294	0.000	0.000
51	  L	  1.7	  0.2	0.294	0.000	0.000
52	  G	  0.1	  0.3	0.841	0.000	0.000
53	  Q	  0.0	  0.3	0.698	0.000	0.000
54	  G	  0.0	  0.3	0.709	0.000	0.000
55	  L	  0.1	  0.2	0.709	0.000	0.000
56	  R	  0.1	  0.1	0.709	0.000	0.000
57	  E	  0.3	  0.1	0.709	0.000	0.000
58	  H	  0.4	  0.3	0.839	0.000	0.000
59	  A	  0.4	  0.3	0.631	0.000	0.000
60	  E	  0.5	  0.2	0.631	0.000	0.000
61	  R	  0.5	  0.3	0.631	0.000	0.000
62	  T	  2.8	  0.2	0.286	0.000	0.000
63	  R	  2.8	  0.2	0.286	0.000	0.000
64	  S	  2.8	  0.2	0.406	0.000	0.000
65	  Q	  1.1	  0.2	0.119	0.000	0.000
66	  L	  1.3	  0.1	0.119	0.000	0.000
67	  S	  1.3	  0.1	15.373	0.000	0.000
68	  A	  0.7	  0.0	15.373	0.000	0.000
69	  L	  0.2	  0.1	15.373	0.000	0.000
70	  E	  0.3	  0.1	15.373	0.000	0.000
71	  R	  0.6	  0.1	15.373	0.000	0.000
72	  R	  0.9	  0.1	15.254	0.000	0.000
73	  L	  1.3	  0.1	8.931	0.000	0.000
74	  S	  1.2	  0.3	7.309	0.000	0.000
75	  A	  0.9	  0.2	4.306	0.000	0.000
76	  C	  0.5	  0.5	2.368	0.000	0.000
77	  G	  0.3	  0.5	0.702	0.000	0.000
78	  S	  0.6	  0.3	0.269	0.000	0.000
79	  A	  0.6	  0.3	0.000	0.000	0.000
80	  C	  0.6	  0.4	0.000	0.000	0.000
81	  Q	  0.3	  0.4	0.000	0.000	0.000
82	  G	  0.1	  0.5	0.000	0.000	0.000
83	  T	  0.0	  1.1	0.000	0.000	0.000
84	  E	  0.0	  2.3	0.000	0.000	0.000
85	  G	  0.0	  2.4	0.000	0.000	0.000
86	  S	  0.6	  2.8	0.000	0.000	0.000
87	  T	  0.9	  2.2	0.000	0.000	0.000
88	  D	  0.9	  0.7	0.000	0.000	0.000
89	  L	  0.3	  0.5	0.000	0.000	0.000
90	  P	  0.0	  0.0	0.000	0.000	0.000
91	  L	  0.1	  0.0	0.000	0.000	0.000
92	  A	  0.0	  0.2	0.000	0.000	0.000
93	  P	  0.0	  0.3	0.000	0.000	0.000
94	  E	  0.0	  0.4	0.000	0.000	0.000
95	  S	  0.2	  0.4	0.000	0.000	0.000
96	  R	 10.4	  0.2	0.000	0.000	0.000
97	  V	 10.6	  0.0	0.000	0.000	0.000
98	  D	 10.4	  0.2	0.768	0.000	0.000
99	  P	  0.2	  0.2	0.768	0.000	0.000
100	  E	  0.4	  0.2	0.768	0.000	0.000
101	  V	  2.9	  0.2	0.768	0.000	0.000
102	  L	  3.0	  0.0	0.768	0.000	0.000
103	  H	  2.8	  0.1	0.768	0.000	0.000
104	  S	  1.0	  0.1	3.288	0.000	0.000
105	  L	  0.9	  0.1	3.071	0.000	0.000
106	  Q	  0.9	  0.1	3.071	0.000	0.000
107	  T	  1.3	  0.1	3.133	0.000	0.000
108	  Q	  2.1	  0.1	3.133	0.000	0.000
109	  L	  2.2	  0.1	3.133	0.000	0.000
110	  K	  1.4	  0.1	2.802	0.000	0.000
111	  A	  0.5	  0.2	1.958	0.000	0.000
112	  Q	  0.3	  0.2	1.679	0.000	0.000
113	  N	  0.4	  0.2	0.678	0.000	0.000
114	  S	  0.7	  0.2	0.362	0.000	0.000
115	  R	  2.1	  0.1	0.164	0.000	0.000
116	  I	  2.3	  0.1	0.164	0.000	0.000
117	  Q	  2.2	  0.0	0.164	0.000	0.000
118	  Q	  1.8	  0.0	0.164	0.000	0.000
119	  L	  2.0	  0.0	0.164	0.000	0.000
120	  F	  3.0	  0.0	0.164	0.000	0.000
121	  H	  3.0	  0.0	0.000	0.000	0.000
122	  K	  4.7	  0.0	0.000	0.000	0.000
123	  V	  4.9	  0.0	0.000	0.000	0.000
124	  A	  3.8	  0.0	0.000	0.000	0.000
125	  Q	  2.0	  0.1	0.000	0.000	0.000
126	  Q	  0.6	  0.1	0.000	0.000	0.000
127	  Q	  0.8	  0.1	0.000	0.000	0.000
128	  R	  1.0	  0.1	0.000	0.000	0.000
129	  H	  1.4	  0.1	0.000	0.000	0.000
130	  L	  1.2	  0.1	0.000	0.000	0.000
131	  E	  0.8	  0.1	0.000	0.000	0.000
132	  K	  0.5	  0.1	0.000	0.000	0.000
133	  Q	  0.7	  0.1	0.000	0.000	0.000
134	  H	  1.3	  0.1	0.000	0.000	0.000
135	  L	  5.5	  0.0	0.000	0.000	0.000
136	  R	  6.6	  0.0	0.000	0.000	0.000
137	  I	  6.0	  0.0	0.000	0.000	0.000
138	  Q	  2.0	  0.0	0.000	0.000	0.000
139	  H	  1.1	  0.0	0.000	0.000	0.000
140	  L	  1.2	  0.1	0.000	0.000	0.000
141	  Q	  1.1	  0.1	0.000	0.000	0.000
142	  S	  1.0	  0.1	0.000	0.000	0.000
143	  Q	  1.0	  0.1	0.000	0.000	0.000
144	  F	  0.9	  0.3	0.000	0.000	0.000
145	  G	  0.4	  0.2	0.000	0.000	0.000
146	  L	  0.6	  0.2	0.000	0.000	0.000
147	  L	  0.7	  0.3	0.000	0.000	0.000
148	  D	  0.7	  0.1	0.000	0.000	0.000
149	  H	  0.7	  0.2	0.000	0.000	0.000
150	  K	  0.5	  0.2	0.000	0.000	0.000
151	  H	  1.1	  0.4	0.000	0.000	0.000
152	  L	  1.1	  0.4	0.000	0.000	0.000
153	  D	  1.1	  0.3	0.139	0.000	0.000
154	  H	  1.6	  0.3	0.139	0.000	0.000
155	  E	  3.0	  0.1	0.139	0.000	0.000
156	  V	  4.5	  0.0	0.139	0.000	0.000
157	  A	  3.3	  0.0	0.139	0.000	0.000
158	  K	  1.6	  0.0	0.139	0.000	0.000
159	  P	  0.0	  0.0	0.000	0.000	0.000
160	  A	  0.2	  0.0	0.000	0.000	0.000
161	  R	  0.4	  0.1	0.000	0.000	0.000
162	  R	  0.6	  0.1	0.000	0.000	0.000
163	  K	  0.8	  0.1	0.000	0.000	0.000
164	  R	  0.7	  0.1	0.000	0.000	0.000
165	  L	  0.4	  0.2	0.000	0.000	0.000
166	  P	  0.1	  0.2	0.000	0.000	0.000
167	  E	  0.1	  0.2	0.000	0.000	0.000
168	  M	  0.2	  0.2	0.000	0.000	0.000
169	  A	  0.2	  0.0	0.000	0.000	0.000
170	  Q	  0.1	  0.0	0.000	0.000	0.000
171	  P	  0.0	  0.0	0.000	0.000	0.000
172	  V	  0.3	  0.0	0.000	0.000	0.000
173	  D	  0.3	  0.3	0.000	0.000	0.000
174	  P	  0.3	  0.4	0.000	0.000	0.000
175	  A	  0.1	  0.5	0.000	0.000	0.000
176	  H	  0.9	  0.5	0.000	0.000	0.000
177	  N	  2.4	  0.4	0.000	0.000	0.000
178	  V	  3.2	  0.3	0.000	0.000	0.000
179	  S	  2.5	  0.3	0.348	0.000	0.000
180	  R	  1.4	  0.3	0.348	0.000	0.000
181	  L	  0.7	  0.1	0.348	0.000	0.000
182	  H	  1.7	  0.1	0.348	0.000	0.000
183	  R	  1.4	  0.0	0.348	0.000	0.000
184	  L	  1.3	  0.2	0.348	0.000	0.000
185	  P	  0.1	  0.6	0.000	0.000	0.000
186	  R	  0.0	  0.6	0.000	0.000	0.000
187	  D	  0.3	  0.6	1.288	0.000	0.000
188	  C	  0.8	  0.5	1.288	0.000	0.000
189	  Q	  0.9	  0.1	1.288	0.000	0.000
190	  E	  0.7	  0.1	1.288	0.000	0.000
191	  L	  0.5	  0.1	1.288	0.171	0.171
192	  F	  3.2	  0.0	1.288	0.171	0.171
193	  Q	  3.0	  0.0	0.926	0.171	0.171
194	  V	  2.9	  0.1	0.211	0.171	0.171
195	  G	  0.1	  0.2	0.211	0.171	0.171
196	  E	  0.4	  0.2	0.000	0.000	0.000
197	  R	  0.6	  0.5	0.000	0.000	0.000
198	  Q	  0.6	  0.4	0.000	0.000	0.000
199	  S	  0.3	  0.5	0.000	0.000	0.000
200	  G	  0.1	  0.4	0.000	0.000	0.000
201	  L	  0.2	  0.2	0.000	0.000	0.000
202	  F	  5.8	  0.1	0.000	0.000	0.000
203	  E	  7.2	  0.0	0.000	0.000	0.000
204	  I	  7.2	  0.0	0.000	0.000	0.000
205	  Q	  1.7	  0.5	0.000	0.000	0.000
206	  P	  0.1	  0.9	0.000	0.000	0.000
207	  Q	  0.0	  0.9	0.000	0.000	0.000
208	  G	  0.0	  0.9	0.000	0.000	0.000
209	  S	  0.0	  0.4	0.000	0.000	0.000
210	  P	  0.0	  0.0	0.000	0.000	0.000
211	  P	  0.0	  0.0	0.000	0.000	0.000
212	  F	  1.1	  0.0	0.000	0.138	0.138
213	  L	  1.8	  0.0	0.000	0.138	0.138
214	  V	  5.6	  0.0	0.000	0.138	0.138
215	  N	  4.9	  0.0	0.000	0.138	0.138
216	  C	  4.8	  0.0	0.000	0.138	0.138
217	  K	  3.2	  0.0	0.000	0.000	0.000
218	  M	  3.4	  0.0	0.000	0.000	0.000
219	  T	  2.9	  0.9	0.000	0.000	0.000
220	  S	  0.7	  1.2	0.000	0.000	0.000
221	  D	  0.1	  1.4	0.000	0.000	0.000
222	  G	  0.0	  1.4	0.000	0.410	0.410
223	  G	  0.1	  0.5	0.000	4.963	4.963
224	  W	  6.5	  0.3	0.000	4.963	4.963
225	  T	  9.9	  0.0	0.223	4.963	4.963
226	  V	 11.8	  0.0	0.223	4.963	4.963
227	  I	  6.0	  0.0	0.223	4.963	4.963
228	  Q	  2.7	  0.0	0.223	0.000	0.000
229	  R	  1.2	  0.1	0.223	0.000	0.000
230	  R	  1.7	  0.4	0.223	0.000	0.000
231	  H	  1.4	  1.1	0.000	0.000	0.000
232	  D	  1.0	  1.1	0.000	0.000	0.000
233	  G	  0.0	  1.1	0.000	0.000	0.000
234	  S	  4.3	  1.1	0.000	0.000	0.000
235	  V	  6.3	  0.4	0.000	0.000	0.000
236	  D	  6.8	  0.8	0.000	0.000	0.000
237	  F	  3.5	  0.8	0.000	0.000	0.000
238	  N	  1.5	  0.5	0.000	0.000	0.000
239	  R	  1.0	  0.5	0.178	0.000	0.000
240	  P	  0.0	  0.0	0.364	0.000	0.000
241	  W	  1.4	  0.0	0.636	0.000	0.000
242	  E	  1.5	  0.0	0.910	0.000	0.000
243	  A	  1.8	  0.0	0.910	0.000	0.000
244	  Y	  1.6	  0.1	0.910	0.000	0.000
245	  K	  1.5	  0.4	0.910	0.000	0.000
246	  A	  1.3	  0.4	0.910	0.000	0.000
247	  G	  0.1	  0.6	0.910	0.000	0.000
248	  F	  0.1	  0.5	0.138	0.000	0.000
249	  G	  0.1	  0.2	0.000	0.000	0.000
250	  D	  0.1	  2.4	0.000	0.000	0.000
251	  P	  0.0	  2.4	0.000	0.000	0.000
252	  H	  0.1	  2.6	0.000	0.000	0.000
253	  G	  0.1	  2.6	0.000	0.000	0.000
254	  E	  0.5	  0.5	0.000	0.000	0.000
255	  F	  1.2	  0.2	0.000	7.645	7.645
256	  W	  1.2	  0.0	0.000	7.645	7.645
257	  L	  0.9	  0.0	0.000	7.645	7.645
258	  G	  0.2	  0.0	0.140	7.645	7.645
259	  L	  0.2	  0.1	0.140	7.645	7.645
260	  E	  0.2	  0.1	0.140	0.000	0.000
261	  K	  2.1	  0.0	0.140	0.000	0.000
262	  V	  3.0	  0.1	0.140	0.000	0.000
263	  H	  3.2	  0.0	0.140	0.000	0.000
264	  S	  4.3	  0.0	0.000	0.000	0.000
265	  I	  5.8	  0.1	0.000	0.000	0.000
266	  T	  5.5	  1.1	0.000	0.000	0.000
267	  G	  2.6	  1.2	0.000	0.000	0.000
268	  D	  0.0	  3.2	0.000	0.000	0.000
269	  R	  0.1	  3.2	0.000	0.000	0.000
270	  N	  0.3	  2.2	0.171	0.000	0.000
271	  S	  0.4	  2.2	0.449	0.000	0.000
272	  R	  0.4	  0.1	0.449	0.000	0.000
273	  L	  0.6	  0.1	0.449	0.680	0.680
274	  A	  1.0	  0.0	0.449	0.680	0.680
275	  V	  5.4	  0.0	0.449	0.680	0.680
276	  Q	  5.8	  0.0	0.449	0.680	0.680
277	  L	  5.5	  0.4	0.000	0.680	0.680
278	  R	  1.2	  0.4	0.000	0.000	0.000
279	  D	  0.6	  3.3	0.000	0.000	0.000
280	  W	  0.5	  3.4	0.000	0.000	0.000
281	  D	  0.3	  3.7	0.000	0.000	0.000
282	  G	  0.1	  3.7	0.000	0.000	0.000
283	  N	  0.1	  0.8	1.225	0.000	0.000
284	  A	  0.2	  0.7	1.225	0.000	0.000
285	  E	  0.2	  0.0	1.225	0.000	0.000
286	  L	  0.3	  0.0	1.225	0.463	0.463
287	  L	  1.7	  0.0	1.225	0.463	0.463
288	  Q	  4.0	  0.0	1.225	0.463	0.463
289	  F	  8.6	  0.0	0.666	0.463	0.463
290	  S	  8.7	  0.0	0.000	0.463	0.463
291	  V	 10.6	  0.0	0.000	0.463	0.463
292	  H	  6.0	  0.2	0.000	0.000	0.000
293	  L	  4.4	  0.9	0.000	0.000	0.000
294	  G	  0.2	  1.0	0.000	0.000	0.000
295	  G	  0.0	  1.3	0.382	0.000	0.000
296	  E	  0.1	  1.2	0.382	0.000	0.000
297	  D	  0.1	  0.5	0.382	0.000	0.000
298	  T	  1.0	  0.3	0.505	0.000	0.000
299	  A	  1.4	  0.0	0.505	0.000	0.000
300	  Y	  4.5	  0.0	0.505	0.000	0.000
301	  S	  4.3	  0.0	0.123	0.000	0.000
302	  L	  5.3	  0.0	0.123	0.000	0.000
303	  Q	  3.1	  0.0	0.123	0.000	0.000
304	  L	  4.3	  0.0	0.000	0.000	0.000
305	  T	  2.9	  0.0	0.000	0.000	0.000
306	  A	  2.0	  0.0	0.000	0.000	0.000
307	  P	  0.2	  0.0	0.000	0.000	0.000
308	  V	  0.7	  0.3	0.000	0.000	0.000
309	  A	  0.7	  0.3	0.000	0.000	0.000
310	  G	  0.7	  0.4	0.000	0.000	0.000
311	  Q	  0.1	  0.4	0.000	0.000	0.000
312	  L	  0.1	  0.5	0.000	0.000	0.000
313	  G	  0.1	  0.4	0.000	0.000	0.000
314	  A	  0.2	  0.3	0.000	0.000	0.000
315	  T	  3.8	  0.3	0.000	0.000	0.000
316	  T	  3.8	  0.0	0.000	0.000	0.000
317	  V	  3.7	  0.0	0.000	0.000	0.000
318	  P	  0.0	  1.5	0.000	0.000	0.000
319	  P	  0.0	  1.7	0.000	0.000	0.000
320	  S	  0.0	  1.8	0.000	0.000	0.000
321	  G	  0.0	  1.8	0.000	0.000	0.000
322	  L	  3.2	  0.2	0.000	0.000	0.000
323	  S	  3.3	  0.1	0.000	0.000	0.000
324	  V	  3.3	  0.0	0.000	0.000	0.000
325	  P	  0.2	  0.0	0.000	0.000	0.000
326	  F	  0.9	  0.0	0.000	0.000	0.000
327	  S	  1.4	  0.0	0.000	0.000	0.000
328	  T	  6.9	  0.0	0.000	0.000	0.000
329	  W	  6.6	  0.0	0.000	0.000	0.000
330	  D	  6.1	  2.5	0.000	0.000	0.000
331	  Q	  0.7	  2.5	0.000	0.000	0.000
332	  D	  0.1	  2.9	0.000	0.000	0.000
333	  H	  0.3	  2.9	0.000	0.000	0.000
334	  D	  0.5	  0.4	1.028	0.000	0.000
335	  L	  0.7	  0.4	1.028	0.000	0.000
336	  R	  1.1	  0.5	1.028	0.000	0.000
337	  R	  0.8	  0.4	1.028	0.000	0.000
338	  D	  0.6	  5.1	1.028	0.000	0.000
339	  K	  0.3	  5.0	1.028	0.000	0.000
340	  N	  0.3	  4.7	0.698	0.000	0.000
341	  C	  1.2	  4.7	0.339	0.000	0.000
342	  A	  1.1	  0.2	0.122	0.000	0.000
343	  K	  1.2	  0.3	0.122	0.000	0.000
344	  S	  6.0	  1.3	0.000	0.000	0.000
345	  L	  6.0	  1.3	0.000	0.000	0.000
346	  S	  5.8	  1.4	0.000	0.000	0.000
347	  G	  0.2	  1.4	0.000	0.000	0.000
348	  G	  0.0	  0.3	0.000	0.238	0.238
349	  W	  0.6	  0.2	0.000	3.832	3.832
350	  W	  0.7	  0.0	0.000	3.976	3.976
351	  F	  0.7	  0.3	0.000	3.976	3.976
352	  G	  0.2	  0.3	0.000	3.976	3.976
353	  T	 11.1	  0.3	0.000	3.976	3.976
354	  C	 12.2	  0.4	0.000	3.360	3.360
355	  S	 13.3	  0.3	0.000	0.329	0.329
356	  H	  2.6	  0.7	0.000	0.000	0.000
357	  S	  1.3	  0.8	0.000	0.000	0.000
358	  N	  0.3	  3.2	0.000	0.000	0.000
359	  L	  0.4	  6.9	0.000	0.000	0.000
360	  N	  0.4	  6.5	0.000	0.000	0.000
361	  G	  0.1	  6.5	0.000	0.000	0.000
362	  Q	  3.0	  4.0	0.000	0.000	0.000
363	  Y	  4.8	  0.0	0.000	0.000	0.000
364	  F	  6.7	  0.2	0.000	0.000	0.000
365	  R	  5.1	  0.2	0.000	0.000	0.000
366	  S	  3.3	  0.2	0.000	0.000	0.000
367	  I	  1.5	  0.2	0.000	0.000	0.000
368	  P	  0.1	  0.1	0.000	0.000	0.000
369	  Q	  0.2	  0.1	0.000	0.000	0.000
370	  Q	  0.8	  0.1	0.000	0.000	0.000
371	  R	  1.1	  0.2	0.000	0.000	0.000
372	  Q	  1.2	  0.1	0.000	0.000	0.000
373	  K	  1.7	  0.1	0.000	0.000	0.000
374	  L	  1.5	  0.2	0.000	0.000	0.000
375	  K	  1.2	  0.6	0.000	0.000	0.000
376	  K	  0.2	  0.6	0.000	0.000	0.000
377	  G	  0.1	  0.6	0.000	0.000	0.000
378	  I	  0.9	  0.5	0.000	0.000	0.000
379	  F	  1.7	  0.0	0.000	0.000	0.000
380	  W	  1.9	  0.0	0.000	0.000	0.000
381	  K	  1.6	  0.0	0.000	0.000	0.000
382	  T	  9.7	  0.0	0.000	0.000	0.000
383	  W	  9.7	  0.2	0.000	0.000	0.000
384	  R	  9.2	  0.3	0.000	0.000	0.000
385	  G	  0.3	  0.3	0.000	0.000	0.000
386	  R	  2.1	  0.3	0.000	0.000	0.000
387	  Y	  2.2	  0.1	0.000	0.000	0.000
388	  Y	  2.2	  0.0	0.000	0.000	0.000
389	  P	  0.2	  0.0	0.000	0.000	0.000
390	  L	  0.3	  0.0	0.000	0.263	0.263
391	  Q	  0.5	  0.0	0.000	0.263	0.263
392	  A	  0.7	  0.0	0.000	1.505	1.505
393	  T	  1.3	  0.0	0.233	2.974	2.974
394	  T	  2.1	  0.0	0.233	2.974	2.974
395	  M	  3.0	  0.0	0.233	2.974	2.974
396	  L	  2.3	  0.0	0.233	2.974	2.974
397	  I	  1.5	  0.0	0.233	2.974	2.974
398	  Q	  0.3	  0.0	0.233	0.000	0.000
399	  P	  0.1	  0.0	0.000	0.000	0.000
400	  M	  0.1	  0.0	0.000	0.000	0.000
401	  A	  0.1	  0.0	0.000	0.000	0.000
402	  A	  0.2	  0.0	0.000	0.000	0.000
403	  E	  0.1	  0.0	0.000	0.000	0.000
404	  A	  0.2	  0.0	0.000	0.000	0.000
405	  A	  0.1	  0.0	0.000	0.000	0.000
406	  S	  0.1	  0.0	0.000	0.000	0.000
