res	aa	Beta	Turn	Helix	Aggregation	Conc-Stab_Aggregation
01	  M	  0.2	  0.0	0.000	0.173	0.173
02	  W	  2.3	  0.0	0.000	34.017	34.017
03	  Q	  3.3	  0.0	0.000	34.718	34.718
04	  L	  3.3	  0.0	0.000	72.366	72.366
05	  W	  1.6	  0.3	0.000	79.241	79.241
06	  A	  1.0	  0.4	0.000	79.601	79.601
07	  S	  1.4	  0.4	0.560	80.009	80.009
08	  L	  5.7	  0.4	0.560	83.506	83.506
09	  C	 13.9	  0.1	0.560	84.069	84.069
10	  C	 14.4	  0.0	0.974	86.727	86.727
11	  L	 10.5	  0.0	0.974	92.862	92.862
12	  L	  3.8	  0.0	0.974	92.792	92.792
13	  V	  3.6	  0.0	1.159	92.178	92.178
14	  L	  2.9	  0.3	1.287	84.743	84.743
15	  A	  1.1	  0.3	1.163	42.671	42.671
16	  N	  0.2	  0.4	1.163	1.195	1.195
17	  A	  0.3	  0.5	0.594	0.547	0.547
18	  R	  0.8	  0.2	0.594	0.000	0.000
19	  S	  0.7	  0.2	0.243	0.000	0.000
20	  R	  0.6	  0.5	0.000	0.000	0.000
21	  P	  0.1	  0.4	0.000	0.000	0.000
22	  S	  4.0	  0.4	0.000	0.000	0.000
23	  F	  4.2	  0.4	0.000	0.000	0.000
24	  H	  4.2	  0.3	0.000	0.000	0.000
25	  P	  0.2	  0.3	0.000	0.000	0.000
26	  L	  0.1	  0.5	0.000	0.000	0.000
27	  S	  0.1	  0.5	0.000	0.000	0.000
28	  D	  0.1	  0.3	0.199	0.000	0.000
29	  E	  0.1	  0.3	0.199	0.000	0.000
30	  L	  0.7	  0.2	0.199	7.389	7.389
31	  V	  3.8	  0.1	0.199	7.389	7.389
32	  N	  4.4	  0.1	0.694	7.389	7.389
33	  Y	  5.4	  0.1	0.694	7.389	7.389
34	  V	  2.8	  0.1	0.495	7.389	7.389
35	  N	  2.2	  0.2	0.495	1.662	1.662
36	  K	  0.6	  0.3	0.495	0.000	0.000
37	  R	  0.3	  0.2	0.495	0.000	0.000
38	  N	  0.6	  0.2	0.127	0.000	0.000
39	  T	  3.3	  0.1	0.000	0.000	0.000
40	  T	 17.8	  0.0	0.111	0.000	0.000
41	  W	 18.7	  0.0	0.111	0.000	0.000
42	  Q	 16.1	  0.3	0.111	0.000	0.000
43	  A	  1.7	  0.5	0.111	0.000	0.000
44	  G	  0.1	  0.5	0.111	0.000	0.000
45	  H	  0.5	  0.5	0.111	0.000	0.000
46	  N	  2.2	  0.2	0.000	0.000	0.000
47	  F	  4.0	  0.2	0.000	0.000	0.000
48	  Y	  8.6	  0.1	0.000	0.000	0.000
49	  N	  8.0	  0.3	0.000	0.000	0.000
50	  V	  8.5	  0.3	0.000	0.000	0.000
51	  D	  3.6	  0.6	1.848	0.000	0.000
52	  M	  4.9	  0.6	1.848	0.000	0.000
53	  S	  3.2	  0.4	3.280	0.000	0.000
54	  Y	  3.8	  0.4	3.280	0.000	0.000
55	  L	  1.4	  0.0	3.280	0.000	0.000
56	  K	  1.1	  0.1	3.280	0.000	0.000
57	  R	  0.3	  0.1	2.740	0.000	0.000
58	  L	  0.4	  0.1	2.314	0.000	0.000
59	  C	  0.2	  0.2	1.728	0.000	0.000
60	  G	  0.3	  0.2	0.880	0.000	0.000
61	  T	  3.6	  0.2	0.000	0.000	0.000
62	  F	  4.0	  0.2	0.000	0.000	0.000
63	  L	  3.9	  0.0	0.000	0.000	0.000
64	  G	  0.4	  0.0	0.000	0.000	0.000
65	  G	  0.0	  0.0	0.000	0.000	0.000
66	  P	  0.0	  0.0	0.000	0.000	0.000
67	  K	  0.0	  0.0	0.000	0.000	0.000
68	  P	  0.0	  0.3	0.000	0.000	0.000
69	  P	  0.0	  0.3	0.000	0.000	0.000
70	  Q	  0.6	  0.3	0.000	0.000	0.000
71	  R	  2.4	  0.3	0.000	0.000	0.000
72	  V	  4.2	  0.0	0.000	0.000	0.000
73	  M	  4.1	  0.0	0.000	0.000	0.000
74	  F	  3.4	  0.0	0.000	0.000	0.000
75	  T	  1.6	  0.4	0.655	0.000	0.000
76	  E	  1.2	  0.4	0.655	0.000	0.000
77	  D	  0.2	  0.4	0.655	0.000	0.000
78	  L	  3.1	  0.3	0.655	0.000	0.000
79	  K	  3.2	  0.0	0.655	0.000	0.000
80	  L	  3.0	  0.0	0.655	0.000	0.000
81	  P	  0.1	  0.2	0.000	0.000	0.000
82	  A	  0.6	  0.2	0.000	0.000	0.000
83	  S	  8.4	  0.5	0.000	0.000	0.000
84	  F	  9.2	  0.5	0.000	0.000	0.000
85	  D	  8.7	  0.5	0.413	0.000	0.000
86	  A	  1.0	  0.5	0.413	0.000	0.000
87	  R	  0.1	  0.2	0.413	0.000	0.000
88	  E	  0.3	  0.2	0.413	0.000	0.000
89	  Q	  0.4	  0.0	0.413	0.000	0.000
90	  W	  0.4	  0.3	0.413	0.000	0.000
91	  P	  0.2	  0.3	0.000	0.000	0.000
92	  Q	  0.1	  0.3	0.000	0.000	0.000
93	  C	  0.1	  0.7	0.000	0.000	0.000
94	  P	  0.1	  0.4	0.000	0.000	0.000
95	  T	 11.6	  0.4	0.349	0.000	0.000
96	  I	 12.3	  0.4	0.349	0.000	0.000
97	  K	 12.7	  0.0	0.349	0.000	0.000
98	  E	  2.1	  0.0	0.349	0.000	0.000
99	  I	  1.5	  0.1	0.349	0.000	0.000
100	  R	  1.2	  0.2	0.349	0.000	0.000
101	  D	  0.2	  1.3	0.186	0.000	0.000
102	  Q	  0.1	  1.4	0.186	0.000	0.000
103	  G	  0.1	  1.5	0.000	0.000	0.000
104	  S	  1.3	  1.4	0.000	0.000	0.000
105	  C	  1.4	  0.5	0.000	0.000	0.000
106	  G	  1.4	  0.4	0.000	0.000	0.000
107	  S	  2.5	  0.2	0.000	0.265	0.265
108	  C	  6.8	  0.2	0.000	1.226	1.226
109	  W	  7.2	  0.0	0.000	2.018	2.018
110	  A	  5.1	  0.2	0.000	2.209	2.209
111	  F	  0.9	  0.4	0.000	2.209	2.209
112	  G	  0.3	  0.4	0.132	1.945	1.945
113	  A	  0.5	  0.4	0.132	1.737	1.737
114	  V	  2.0	  0.3	0.132	1.737	1.737
115	  E	  2.1	  0.0	0.132	0.000	0.000
116	  A	  2.1	  0.0	0.132	0.000	0.000
117	  I	  0.5	  0.1	0.132	0.000	0.000
118	  S	  0.4	  0.2	0.132	0.000	0.000
119	  D	  0.1	  0.2	0.000	0.000	0.000
120	  R	  0.3	  0.2	0.000	0.000	0.000
121	  I	  2.1	  0.1	0.000	0.525	0.525
122	  C	  4.7	  0.0	0.000	0.525	0.525
123	  I	  5.8	  0.0	0.000	0.525	0.525
124	  H	  4.4	  0.1	0.000	0.525	0.525
125	  T	  1.9	  0.2	0.000	0.525	0.525
126	  N	  0.6	  0.2	0.000	0.000	0.000
127	  A	  0.3	  0.1	0.000	0.000	0.000
128	  H	  1.5	  0.0	0.000	0.000	0.000
129	  V	  8.8	  0.0	0.000	0.000	0.000
130	  S	 11.8	  0.0	0.000	0.000	0.000
131	  V	 27.6	  0.0	0.000	0.000	0.000
132	  E	 22.9	  0.0	0.000	0.000	0.000
133	  V	 21.1	  0.0	0.000	0.000	0.000
134	  S	  5.0	  0.1	0.709	0.000	0.000
135	  A	  1.9	  0.3	0.709	0.000	0.000
136	  E	  0.3	  0.3	0.709	0.000	0.000
137	  D	  0.0	  0.3	1.130	0.000	0.000
138	  L	  0.2	  0.2	1.130	0.000	0.000
139	  L	  4.8	  0.0	1.130	0.000	0.000
140	  T	 15.1	  0.0	0.701	0.000	0.000
141	  C	 17.9	  0.0	0.701	0.000	0.000
142	  C	 13.7	  0.4	0.529	0.000	0.000
143	  G	  3.2	  0.4	0.121	0.000	0.000
144	  S	  0.8	  0.5	0.121	0.000	0.000
145	  M	  0.8	  0.5	0.000	0.000	0.000
146	  C	  0.9	  1.6	0.000	0.000	0.000
147	  G	  0.3	  2.2	0.000	0.000	0.000
148	  D	  0.1	  2.7	0.000	0.000	0.000
149	  G	  0.1	  3.0	0.000	0.000	0.000
150	  C	  0.2	  2.2	0.000	0.000	0.000
151	  N	  0.2	  1.9	0.000	0.000	0.000
152	  G	  0.1	  1.4	0.000	0.000	0.000
153	  G	  0.0	  1.1	0.000	0.000	0.000
154	  Y	  0.0	  0.3	0.000	0.000	0.000
155	  P	  0.0	  0.0	0.000	0.000	0.000
156	  A	  0.0	  0.0	0.000	0.000	0.000
157	  E	  0.1	  0.0	0.000	0.000	0.000
158	  A	  0.3	  0.0	0.000	1.381	1.381
159	  W	  2.3	  0.0	0.000	1.672	1.672
160	  N	  3.7	  0.0	1.424	1.672	1.672
161	  F	  4.4	  0.0	1.424	1.672	1.672
162	  W	  4.2	  0.0	1.424	1.672	1.672
163	  T	  3.7	  0.1	1.424	0.537	0.537
164	  R	  3.0	  0.3	1.424	0.000	0.000
165	  K	  1.2	  0.3	1.424	0.000	0.000
166	  G	  0.1	  0.3	0.583	0.000	0.000
167	  L	  0.8	  0.2	0.144	0.200	0.200
168	  V	  1.4	  0.1	0.000	0.200	0.200
169	  S	  1.4	  0.3	0.000	0.200	0.200
170	  G	  0.7	  0.4	0.000	0.200	0.200
171	  G	  0.0	  0.4	0.000	0.200	0.200
172	  L	  0.2	  0.3	0.000	0.200	0.200
173	  Y	  1.6	  0.2	0.000	0.200	0.200
174	  E	  2.1	  0.2	0.000	0.000	0.000
175	  S	  2.3	  0.2	0.000	0.000	0.000
176	  H	  1.4	  0.7	0.000	0.000	0.000
177	  V	  1.0	  0.9	0.000	0.000	0.000
178	  G	  0.7	  0.9	0.000	0.000	0.000
179	  C	  0.5	  0.9	0.000	0.000	0.000
180	  R	  0.3	  0.5	0.000	0.000	0.000
181	  P	  0.2	  0.1	0.000	0.000	0.000
182	  Y	  6.1	  0.1	0.000	0.000	0.000
183	  S	  6.1	  0.1	0.000	0.000	0.000
184	  I	  6.1	  0.0	0.000	0.000	0.000
185	  P	  0.0	  0.1	0.000	0.000	0.000
186	  P	  0.0	  0.1	0.000	0.000	0.000
187	  C	  2.0	  0.3	0.000	0.000	0.000
188	  E	  3.4	  0.3	0.000	0.000	0.000
189	  H	  4.6	  0.2	0.000	0.000	0.000
190	  H	  4.4	  0.5	0.000	0.000	0.000
191	  V	  3.2	  1.6	0.000	0.000	0.000
192	  N	  2.0	  2.0	0.000	0.000	0.000
193	  G	  0.4	  2.0	0.000	0.000	0.000
194	  S	  0.0	  1.7	0.000	0.000	0.000
195	  R	  0.0	  0.4	0.000	0.000	0.000
196	  P	  0.0	  0.0	0.000	0.000	0.000
197	  P	  0.0	  0.0	0.000	0.000	0.000
198	  C	  0.4	  0.2	0.000	0.000	0.000
199	  T	  0.4	  0.5	0.000	0.000	0.000
200	  G	  0.4	  1.1	0.000	0.000	0.000
201	  E	  0.0	  4.7	0.000	0.000	0.000
202	  G	  0.0	  4.4	0.000	0.000	0.000
203	  D	  0.0	  4.2	0.000	0.000	0.000
204	  T	  0.1	  3.9	0.000	0.000	0.000
205	  P	  0.1	  0.4	0.000	0.000	0.000
206	  K	  0.6	  0.4	0.000	0.000	0.000
207	  C	  2.5	  0.4	0.000	0.000	0.000
208	  S	  2.9	  0.1	0.000	0.000	0.000
209	  K	  3.0	  0.1	0.000	0.000	0.000
210	  I	  2.7	  0.1	0.000	0.000	0.000
211	  C	  2.8	  0.0	0.000	0.000	0.000
212	  E	  2.1	  0.7	0.000	0.000	0.000
213	  P	  0.5	  0.7	0.000	0.000	0.000
214	  G	  0.1	  0.7	0.000	0.000	0.000
215	  Y	  0.5	  0.7	0.000	0.000	0.000
216	  S	  0.5	  0.4	0.127	0.000	0.000
217	  P	  0.4	  0.4	0.127	0.000	0.000
218	  T	 14.2	  0.4	0.127	0.000	0.000
219	  Y	 14.8	  0.5	0.127	0.000	0.000
220	  K	 14.9	  0.4	0.127	0.000	0.000
221	  Q	  1.0	  0.4	0.127	0.000	0.000
222	  D	  0.2	  0.5	0.000	0.000	0.000
223	  K	  0.3	  0.4	0.000	0.000	0.000
224	  H	  1.0	  0.3	0.000	0.000	0.000
225	  Y	  1.2	  0.3	0.000	0.000	0.000
226	  G	  1.1	  0.2	0.000	0.000	0.000
227	  Y	  1.3	  0.2	0.000	0.000	0.000
228	  N	  2.0	  0.0	0.000	0.000	0.000
229	  S	 21.1	  0.1	0.000	0.000	0.000
230	  Y	 24.4	  0.1	0.000	0.000	0.000
231	  S	 31.7	  0.3	0.000	0.000	0.000
232	  V	 13.8	  0.3	0.000	0.000	0.000
233	  S	  9.0	  0.3	0.101	0.000	0.000
234	  N	  0.4	  0.4	0.212	0.000	0.000
235	  S	  0.2	  0.4	1.566	0.000	0.000
236	  E	  0.3	  0.5	1.566	0.000	0.000
237	  K	  0.5	  0.3	1.682	0.000	0.000
238	  D	  0.5	  0.2	6.106	0.000	0.000
239	  I	  1.2	  0.1	6.920	0.153	0.153
240	  M	  1.0	  0.0	7.414	0.153	0.153
241	  A	  1.1	  0.0	7.859	0.153	0.153
242	  E	  0.7	  0.0	7.859	0.153	0.153
243	  I	  1.1	  0.0	7.859	0.153	0.153
244	  Y	  1.5	  0.7	7.859	0.153	0.153
245	  K	  1.0	  0.7	7.086	0.153	0.153
246	  N	  0.6	  0.7	5.791	0.000	0.000
247	  G	  0.0	  0.7	1.599	0.000	0.000
248	  P	  0.0	  0.0	0.000	0.000	0.000
249	  V	  0.2	  0.2	0.000	0.000	0.000
250	  E	  0.2	  0.5	0.000	0.000	0.000
251	  G	  0.2	  0.5	0.000	0.000	0.000
252	  A	  0.5	  0.5	0.000	0.815	0.815
253	  F	  5.5	  0.3	0.000	2.290	2.290
254	  S	  6.3	  0.0	0.000	2.290	2.290
255	  V	 10.2	  0.0	0.000	3.153	3.153
256	  Y	  5.6	  0.3	0.000	3.153	3.153
257	  S	  4.7	  0.3	0.844	2.744	2.744
258	  D	  0.3	  0.3	1.383	2.580	2.580
259	  F	  0.8	  0.3	1.383	2.580	2.580
260	  L	  1.3	  0.0	1.383	2.580	2.580
261	  L	  1.5	  0.0	1.383	2.580	2.580
262	  Y	  1.7	  0.3	1.383	2.580	2.580
263	  K	  1.3	  0.5	1.122	2.580	2.580
264	  S	  1.1	  0.5	0.264	0.799	0.799
265	  G	  0.1	  0.5	0.000	0.799	0.799
266	  V	  4.4	  0.2	0.000	0.799	0.799
267	  Y	  6.1	  0.1	0.000	0.799	0.799
268	  Q	  6.7	  0.1	0.000	0.000	0.000
269	  H	  4.0	  0.1	0.000	0.000	0.000
270	  V	  2.8	  0.1	0.000	0.000	0.000
271	  T	  2.3	  0.3	0.000	0.000	0.000
272	  G	  0.7	  0.3	0.000	0.000	0.000
273	  E	  0.1	  0.3	0.000	0.000	0.000
274	  M	  0.3	  0.2	0.000	0.000	0.000
275	  M	  0.3	  0.4	0.000	0.000	0.000
276	  G	  0.3	  0.4	0.000	0.000	0.000
277	  G	  0.1	  0.4	0.000	0.000	0.000
278	  H	  0.7	  0.4	0.000	0.000	0.000
279	  A	  1.2	  0.1	0.000	0.000	0.000
280	  I	 10.2	  0.0	0.000	0.000	0.000
281	  R	 12.4	  0.0	0.000	0.000	0.000
282	  I	 13.0	  0.1	0.000	4.059	4.059
283	  L	  4.2	  0.1	0.000	4.402	4.402
284	  G	  1.2	  0.3	0.000	4.402	4.402
285	  W	  0.2	  0.3	0.000	4.402	4.402
286	  G	  0.2	  0.2	0.000	4.402	4.402
287	  V	  1.3	  0.6	0.000	4.084	4.084
288	  E	  1.2	  2.0	0.000	0.000	0.000
289	  N	  1.1	  2.0	0.000	0.000	0.000
290	  G	  0.0	  2.0	0.000	0.000	0.000
291	  T	  0.0	  1.8	0.000	0.000	0.000
292	  P	  0.0	  0.2	0.000	1.278	1.278
293	  Y	  0.8	  0.2	0.000	52.101	52.101
294	  W	  1.4	  0.2	0.000	52.485	52.485
295	  L	  2.3	  0.0	0.000	52.485	52.485
296	  V	  2.3	  0.1	0.000	52.485	52.485
297	  A	  1.7	  0.1	0.000	51.792	51.792
298	  N	  1.7	  0.1	0.000	3.428	3.428
299	  S	  7.4	  0.5	0.000	1.313	1.313
300	  W	  7.9	  0.3	0.000	1.083	1.083
301	  N	  7.2	  0.7	0.000	0.000	0.000
302	  T	  1.0	  0.7	0.000	0.000	0.000
303	  D	  0.5	  0.8	0.000	0.000	0.000
304	  W	  0.4	  2.1	0.000	0.000	0.000
305	  G	  0.0	  2.5	0.000	0.000	0.000
306	  D	  0.0	  2.8	0.000	0.000	0.000
307	  N	  0.0	  2.4	0.000	0.000	0.000
308	  G	  0.1	  1.0	0.000	0.000	0.000
309	  F	  1.4	  0.3	0.000	0.000	0.000
310	  F	  3.4	  0.0	0.000	0.000	0.000
311	  K	  3.9	  0.0	0.000	0.000	0.000
312	  I	  5.0	  0.0	0.000	0.000	0.000
313	  L	  3.2	  0.2	0.000	0.000	0.000
314	  R	  2.7	  0.2	0.000	0.000	0.000
315	  G	  0.3	  0.5	0.000	0.000	0.000
316	  Q	  0.1	  0.6	0.000	0.000	0.000
317	  D	  0.2	  0.4	0.000	0.000	0.000
318	  H	  0.6	  0.4	0.000	0.000	0.000
319	  C	  0.8	  0.2	0.000	0.000	0.000
320	  G	  0.8	  0.1	0.000	0.000	0.000
321	  I	  0.9	  0.1	0.000	0.000	0.000
322	  E	  0.7	  0.1	0.000	0.000	0.000
323	  S	  0.7	  0.1	0.127	0.000	0.000
324	  E	  0.7	  0.1	0.127	0.000	0.000
325	  V	  5.3	  0.0	0.127	0.134	0.134
326	  V	  5.9	  0.0	0.127	0.134	0.134
327	  A	  5.4	  0.0	0.127	0.134	0.134
328	  G	  0.8	  0.0	0.127	0.134	0.134
329	  I	  0.1	  0.0	0.000	0.134	0.134
330	  P	  0.0	  0.1	0.000	0.000	0.000
331	  R	  0.5	  0.2	0.000	0.000	0.000
332	  T	  0.8	  0.3	0.000	0.000	0.000
333	  D	  1.5	  0.3	0.000	0.000	0.000
334	  Q	  3.7	  0.2	0.000	0.000	0.000
335	  Y	  5.0	  0.1	0.000	0.000	0.000
336	  W	  5.6	  0.1	0.000	0.000	0.000
337	  E	  3.0	  0.1	0.000	0.000	0.000
338	  K	  1.2	  0.1	0.000	0.000	0.000
339	  I	  0.0	  0.1	0.000	0.000	0.000
