res	aa	Beta	Turn	Helix	Aggregation	Conc-Stab_Aggregation
01	  M	  2.1	  0.0	0.000	0.000	0.000
02	  Q	  2.7	  0.0	0.000	0.000	0.000
03	  C	  4.1	  0.1	0.000	0.000	0.000
04	  H	  2.3	  0.5	0.000	0.000	0.000
05	  R	  1.7	  0.5	0.000	0.000	0.000
06	  D	  0.3	  0.5	0.199	0.000	0.000
07	  L	  0.4	  0.5	0.199	0.543	0.543
08	  A	  0.6	  0.0	0.394	0.543	0.543
09	  L	  0.8	  0.1	0.394	0.543	0.543
10	  S	  0.6	  0.1	0.773	0.543	0.543
11	  Q	  0.5	  0.1	0.773	0.543	0.543
12	  A	  0.4	  0.1	0.574	0.986	0.986
13	  L	  0.4	  0.4	0.574	0.986	0.986
14	  W	  0.4	  0.3	0.574	0.986	0.986
15	  G	  0.2	  0.3	0.574	0.590	0.590
16	  W	  2.2	  0.4	0.134	0.590	0.590
17	  Q	  2.9	  0.0	0.000	0.000	0.000
18	  L	  3.1	  0.1	0.000	0.000	0.000
19	  S	  1.3	  0.2	0.000	0.000	0.000
20	  K	  0.6	  0.4	0.000	0.000	0.000
21	  Q	  0.3	  0.6	0.000	0.000	0.000
22	  S	  0.1	  0.5	0.000	0.000	0.000
23	  G	  0.2	  0.4	0.000	0.000	0.000
24	  W	  0.7	  0.2	0.000	0.000	0.000
25	  A	  0.7	  0.0	0.000	0.000	0.000
26	  H	  0.6	  0.9	0.000	0.000	0.000
27	  P	  0.0	  0.9	0.000	0.000	0.000
28	  S	  0.1	  0.9	0.000	0.000	0.000
29	  L	  0.1	  1.1	0.000	0.000	0.000
30	  P	  0.1	  0.2	0.000	0.000	0.000
31	  H	  0.0	  0.2	0.000	0.000	0.000
32	  S	  0.0	  0.2	0.000	0.000	0.000
33	  P	  0.0	  0.0	0.000	0.000	0.000
34	  L	  0.0	  0.3	0.000	0.000	0.000
35	  P	  0.0	  0.3	0.000	0.000	0.000
36	  S	  0.4	  0.3	0.000	0.000	0.000
37	  T	  5.3	  0.3	0.000	0.000	0.000
38	  V	  6.2	  0.1	0.000	0.000	0.000
39	  H	  6.2	  0.1	0.000	0.000	0.000
40	  S	 21.0	  0.3	0.000	0.000	0.000
41	  C	 21.0	  0.3	0.000	0.000	0.000
42	  S	 21.5	  0.2	0.000	0.000	0.000
43	  W	  2.3	  0.2	0.000	0.000	0.000
44	  A	  0.8	  0.0	0.000	0.000	0.000
45	  P	  0.0	  0.3	0.000	0.000	0.000
46	  P	  0.0	  0.3	0.000	0.000	0.000
47	  H	  0.6	  0.3	0.000	0.000	0.000
48	  L	  0.8	  0.3	0.000	0.000	0.000
49	  Q	  1.1	  0.1	0.000	0.000	0.000
50	  R	  1.5	  0.1	0.000	0.000	0.000
51	  H	  1.5	  0.1	0.000	0.000	0.000
52	  L	  1.2	  0.0	0.000	0.000	0.000
53	  P	  0.1	  0.0	0.000	0.000	0.000
54	  L	  0.1	  0.0	0.000	0.000	0.000
55	  A	  0.6	  0.0	0.000	0.000	0.000
56	  T	 29.2	  0.0	0.000	0.000	0.000
57	  V	 29.4	  0.0	0.000	0.000	0.000
58	  S	 28.8	  1.1	0.000	0.000	0.000
59	  P	  0.3	  1.3	0.000	0.000	0.000
60	  G	  0.0	  1.3	0.000	0.000	0.000
61	  T	  2.5	  1.3	0.000	0.000	0.000
62	  T	  3.5	  0.2	0.000	0.000	0.000
63	  Q	  4.4	  0.1	0.000	0.000	0.000
64	  L	  2.3	  0.1	0.000	0.000	0.000
65	  T	  1.3	  0.1	0.000	0.000	0.000
66	  Q	  0.4	  0.1	0.000	0.000	0.000
67	  G	  0.0	  0.5	0.000	0.000	0.000
68	  P	  0.0	  1.0	0.000	0.000	0.000
69	  A	  0.0	  1.4	0.000	0.000	0.000
70	  G	  0.0	  1.5	0.000	0.000	0.000
71	  R	  0.4	  1.1	0.000	0.000	0.000
72	  T	  0.5	  0.7	0.000	0.000	0.000
73	  L	  0.5	  0.4	0.000	0.000	0.000
74	  G	  0.2	  0.4	0.174	0.000	0.000
75	  Q	  0.3	  0.4	0.174	0.000	0.000
76	  T	  0.7	  0.2	0.174	0.000	0.000
77	  Q	  0.9	  0.3	0.174	0.000	0.000
78	  A	  1.5	  0.2	0.174	0.000	0.000
79	  S	  1.4	  0.2	0.174	0.000	0.000
80	  C	  1.2	  0.2	0.174	0.000	0.000
81	  P	  0.4	  0.0	0.000	0.000	0.000
82	  E	  0.0	  0.0	0.000	0.000	0.000
83	  P	  0.0	  0.0	0.000	0.000	0.000
84	  R	  0.0	  0.4	0.000	0.000	0.000
85	  P	  0.0	  0.4	0.000	0.000	0.000
86	  S	  2.8	  1.4	0.000	0.000	0.000
87	  M	  3.0	  1.4	0.000	0.000	0.000
88	  D	  3.1	  1.0	1.570	0.000	0.000
89	  A	  0.6	  1.0	1.570	0.000	0.000
90	  V	  0.8	  0.0	1.711	0.000	0.000
91	  D	  0.8	  0.1	3.667	0.000	0.000
92	  A	  1.0	  0.1	3.950	0.000	0.000
93	  T	  1.6	  0.1	10.721	0.000	0.000
94	  M	  1.7	  0.2	11.007	0.000	0.000
95	  E	  1.3	  0.1	11.716	0.000	0.000
96	  K	  0.9	  0.1	11.517	0.000	0.000
97	  L	  1.1	  0.1	11.517	0.000	0.000
98	  R	  1.1	  0.1	11.359	0.000	0.000
99	  A	  0.6	  0.1	10.520	0.000	0.000
100	  Q	  0.7	  0.1	9.259	0.000	0.000
101	  C	  2.0	  0.1	4.051	0.000	0.000
102	  L	  2.0	  0.1	3.335	0.000	0.000
103	  S	  1.6	  0.4	2.522	0.000	0.000
104	  R	  0.2	  0.4	1.355	0.000	0.000
105	  G	  0.1	  1.1	0.000	0.000	0.000
106	  A	  0.1	  1.1	0.000	0.000	0.000
107	  S	  0.1	  1.0	0.000	0.000	0.000
108	  G	  0.2	  0.9	0.144	0.000	0.000
109	  I	  0.2	  0.3	0.144	0.000	0.000
110	  Q	  0.2	  0.2	0.144	0.000	0.000
111	  G	  0.2	  0.1	0.435	0.000	0.000
112	  L	  0.1	  0.2	0.435	0.000	0.000
113	  A	  0.3	  0.2	0.435	0.000	0.000
114	  R	  1.5	  0.1	0.435	0.000	0.000
115	  F	  3.5	  0.1	0.435	0.000	0.000
116	  F	  5.4	  0.1	0.291	0.000	0.000
117	  R	  4.8	  0.1	0.122	0.000	0.000
118	  Q	  3.4	  0.1	0.122	0.000	0.000
119	  L	  1.4	  0.2	0.122	0.000	0.000
120	  D	  0.7	  7.3	0.122	0.000	0.000
121	  R	  0.0	  7.6	0.122	0.000	0.000
122	  D	  0.0	  7.9	0.122	0.000	0.000
123	  G	  0.0	  8.0	0.000	0.000	0.000
124	  S	  1.5	  1.2	0.000	0.000	0.000
125	  R	  1.9	  1.0	0.000	0.000	0.000
126	  S	  4.2	  1.4	0.000	0.000	0.000
127	  L	  3.0	  1.4	0.000	0.000	0.000
128	  D	  2.5	  4.4	1.177	0.000	0.000
129	  A	  0.2	  4.4	1.177	0.000	0.000
130	  D	  0.0	  3.6	1.784	0.000	0.000
131	  E	  0.7	  3.6	1.784	0.000	0.000
132	  F	  2.9	  0.2	1.784	0.000	0.000
133	  R	  2.9	  0.3	1.784	0.000	0.000
134	  Q	  2.2	  0.3	1.611	0.000	0.000
135	  G	  0.1	  0.3	1.569	0.000	0.000
136	  L	  0.1	  0.1	1.189	0.000	0.000
137	  A	  0.4	  0.1	0.840	0.000	0.000
138	  K	  0.5	  0.1	0.596	0.000	0.000
139	  L	  0.5	  0.1	0.596	22.253	22.253
140	  G	  0.2	  0.1	0.596	22.253	22.253
141	  L	  2.1	  0.0	0.149	22.253	22.253
142	  V	  4.8	  0.0	0.000	22.253	22.253
143	  L	  4.9	  0.0	0.000	22.253	22.253
144	  D	  2.9	  0.1	3.146	0.000	0.000
145	  Q	  0.4	  0.1	3.146	0.000	0.000
146	  A	  0.3	  0.1	3.146	0.000	0.000
147	  E	  0.3	  0.2	3.146	0.000	0.000
148	  A	  0.1	  0.5	3.264	0.000	0.000
149	  E	  0.0	  0.5	3.264	0.000	0.000
150	  G	  0.0	  0.5	2.583	0.000	0.000
151	  V	  0.6	  0.3	1.546	0.000	0.000
152	  C	  2.1	  0.0	1.395	0.000	0.000
153	  R	  2.4	  0.0	1.041	0.000	0.000
154	  K	  2.3	  0.1	1.041	0.000	0.000
155	  W	  1.1	  0.2	0.356	0.000	0.000
156	  D	  0.6	  6.5	0.000	0.000	0.000
157	  R	  0.2	  7.3	0.000	0.000	0.000
158	  N	  0.0	  7.9	0.000	0.000	0.000
159	  G	  0.0	  8.0	0.099	0.000	0.000
160	  S	  0.1	  1.8	0.099	0.000	0.000
161	  G	  0.1	  1.1	0.333	0.000	0.000
162	  T	  1.0	  0.4	1.465	0.000	0.000
163	  L	  1.6	  0.3	2.170	0.000	0.000
164	  D	  1.8	  0.1	33.996	0.000	0.000
165	  L	  0.8	  0.2	35.308	0.000	0.000
166	  E	  0.2	  0.1	36.724	0.000	0.000
167	  E	  0.1	  0.1	37.004	0.000	0.000
168	  F	  0.8	  0.1	37.152	0.000	0.000
169	  L	  1.0	  0.0	37.152	0.000	0.000
170	  R	  1.1	  0.0	36.987	0.000	0.000
171	  A	  0.7	  0.0	36.225	0.000	0.000
172	  L	  0.5	  0.0	32.221	0.000	0.000
173	  R	  0.4	  0.0	24.821	0.000	0.000
174	  P	  0.0	  0.0	0.000	0.000	0.000
175	  P	  0.0	  0.0	0.000	0.000	0.000
176	  M	  0.3	  0.1	0.000	0.000	0.000
177	  S	  0.4	  0.1	0.330	0.000	0.000
178	  Q	  0.5	  0.1	0.330	0.000	0.000
179	  A	  0.3	  0.1	0.330	0.000	0.000
180	  R	  0.2	  0.1	0.529	0.000	0.000
181	  E	  0.1	  0.1	0.655	0.165	0.165
182	  A	  1.2	  0.1	0.655	22.520	22.520
183	  V	  5.5	  0.0	0.752	80.297	80.297
184	  I	  6.4	  0.0	0.878	80.948	80.948
185	  A	  5.3	  0.0	1.015	80.975	80.975
186	  A	  1.1	  0.0	1.015	80.975	80.975
187	  A	  0.3	  0.0	1.015	78.448	78.448
188	  F	  0.8	  0.2	1.015	75.972	75.972
189	  A	  1.0	  0.2	0.262	35.075	35.075
190	  K	  1.4	  0.4	0.262	0.464	0.464
191	  L	  0.9	  0.4	0.000	0.409	0.409
192	  D	  0.7	  3.7	0.000	0.299	0.299
193	  R	  0.2	  3.8	0.000	0.000	0.000
194	  S	  0.2	  6.9	0.000	0.000	0.000
195	  G	  0.2	  7.0	0.000	0.000	0.000
196	  D	  0.0	  3.6	0.000	0.000	0.000
197	  G	  0.0	  3.4	0.000	0.247	0.247
198	  V	  2.6	  0.2	0.000	0.247	0.247
199	  V	 20.3	  0.0	0.000	0.247	0.247
200	  T	 24.1	  0.1	0.641	0.247	0.247
201	  V	 22.1	  0.1	0.641	0.247	0.247
202	  D	  4.7	  0.2	0.641	0.000	0.000
203	  D	  0.6	  0.3	0.765	0.000	0.000
204	  L	  0.5	  0.4	0.765	0.000	0.000
205	  R	  0.5	  0.3	0.765	0.000	0.000
206	  G	  0.3	  0.3	0.534	0.000	0.000
207	  V	  4.8	  0.1	0.225	0.000	0.000
208	  Y	  6.1	  0.3	0.225	0.000	0.000
209	  S	  6.2	  0.5	0.000	0.000	0.000
210	  G	  1.6	  0.6	0.000	0.000	0.000
211	  R	  0.4	  0.6	0.000	0.000	0.000
212	  A	  0.4	  0.3	0.000	0.000	0.000
213	  H	  0.3	  0.4	0.000	0.000	0.000
214	  P	  0.0	  0.3	0.000	0.000	0.000
215	  K	  1.8	  0.3	0.000	0.000	0.000
216	  V	  4.0	  0.5	0.000	0.000	0.000
217	  R	  4.1	  0.3	0.000	0.000	0.000
218	  S	  2.4	  0.3	0.000	0.000	0.000
219	  G	  0.2	  0.3	0.000	0.000	0.000
220	  E	  1.1	  0.2	0.000	0.000	0.000
221	  W	  1.5	  0.0	0.350	0.000	0.000
222	  T	  1.5	  0.2	23.230	0.000	0.000
223	  E	  0.5	  0.2	23.931	0.000	0.000
224	  D	  0.0	  0.2	38.305	0.000	0.000
225	  E	  0.3	  0.2	38.616	0.000	0.000
226	  V	  1.5	  0.0	38.616	0.000	0.000
227	  L	  1.6	  0.1	38.616	0.000	0.000
228	  R	  1.9	  0.1	38.311	0.000	0.000
229	  R	  1.0	  0.1	37.896	0.000	0.000
230	  F	  1.5	  0.1	26.516	0.000	0.000
231	  L	  1.0	  0.3	8.848	0.000	0.000
232	  D	  0.7	  0.3	7.550	0.000	0.000
233	  N	  0.8	  0.6	5.264	0.000	0.000
234	  F	  1.6	  0.6	2.754	0.000	0.000
235	  D	  1.6	  1.6	0.858	0.000	0.000
236	  S	  1.0	  1.7	0.000	0.000	0.000
237	  S	  0.2	  1.5	0.228	0.000	0.000
238	  E	  0.4	  1.9	0.228	0.000	0.000
239	  K	  0.3	  1.5	0.228	0.000	0.000
240	  D	  0.2	  1.4	0.228	0.000	0.000
241	  G	  0.0	  1.3	0.228	0.000	0.000
242	  Q	  0.7	  0.8	0.228	0.000	0.000
243	  V	  8.0	  0.0	0.000	0.000	0.000
244	  T	  8.4	  0.0	0.332	0.000	0.000
245	  L	  7.7	  0.2	0.332	0.000	0.000
246	  A	  0.6	  0.2	0.332	0.000	0.000
247	  E	  1.4	  0.2	0.332	0.000	0.000
248	  F	  2.8	  0.4	0.332	0.000	0.000
249	  Q	  3.2	  0.2	0.332	0.000	0.000
250	  D	  2.9	  0.2	0.000	0.000	0.000
251	  Y	  3.8	  0.3	0.000	0.000	0.000
252	  Y	  4.6	  0.5	0.000	0.000	0.000
253	  S	  3.6	  0.5	0.000	0.000	0.000
254	  G	  1.4	  0.5	0.000	0.000	0.000
255	  V	  2.2	  0.4	0.000	0.000	0.000
256	  S	  5.2	  1.0	0.000	0.000	0.000
257	  A	  5.6	  0.9	0.000	0.000	0.000
258	  S	  6.9	  1.5	0.000	0.000	0.000
259	  M	  4.1	  1.5	0.000	0.000	0.000
260	  N	  3.7	  1.2	0.000	0.000	0.000
261	  T	  0.5	  1.2	0.000	0.000	0.000
262	  D	  0.2	  0.7	0.501	0.000	0.000
263	  E	  0.1	  0.7	0.501	0.000	0.000
264	  E	  0.2	  0.1	0.501	0.000	0.000
265	  F	  2.8	  0.1	0.501	2.088	2.088
266	  V	  6.5	  0.0	0.501	2.263	2.263
267	  A	  6.7	  0.0	0.501	2.263	2.263
268	  M	  4.4	  0.0	0.501	2.263	2.263
269	  M	  1.4	  0.0	0.501	2.263	2.263
270	  T	  1.4	  0.0	0.281	0.954	0.954
271	  S	  1.3	  0.0	0.281	0.000	0.000
272	  A	  1.0	  0.0	0.134	0.000	0.000
273	  W	  1.9	  0.0	0.000	0.000	0.000
274	  Q	  1.6	  0.0	0.000	0.000	0.000
275	  L	  1.3	  0.0	0.000	0.000	0.000
