res	aa	Beta	Turn	Helix	Aggregation	Conc-Stab_Aggregation
01	  M	  1.5	  0.0	1.205	0.000	0.000
02	  K	  1.7	  0.0	6.811	0.030	0.030
03	  L	  2.5	  0.0	9.189	66.430	66.430
04	  L	  1.9	  0.0	10.990	91.573	91.573
05	  M	  3.6	  0.0	11.771	95.791	95.791
06	  V	  6.3	  0.0	12.904	99.459	99.459
07	  L	  6.3	  0.0	14.191	99.769	99.769
08	  M	  4.5	  0.0	16.009	99.803	99.803
09	  L	  1.2	  0.0	16.287	99.816	99.816
10	  A	  0.4	  0.0	16.405	99.604	99.604
11	  A	  0.4	  0.0	16.306	99.399	99.399
12	  L	  1.1	  0.0	15.608	99.225	99.225
13	  L	  1.3	  0.0	15.008	98.264	98.264
14	  L	  2.6	  0.0	13.108	93.004	93.004
15	  H	  3.1	  0.0	8.037	61.085	61.085
16	  C	  8.0	  0.0	2.829	60.846	60.846
17	  Y	  6.7	  0.3	1.245	59.570	59.570
18	  A	  5.5	  0.5	0.303	27.324	27.324
19	  D	  0.3	  1.6	0.164	0.030	0.030
20	  S	  0.1	  2.1	0.000	0.000	0.000
21	  G	  0.1	  1.8	0.000	0.000	0.000
22	  C	  0.6	  1.7	0.128	0.000	0.000
23	  K	  0.9	  0.5	0.128	0.000	0.000
24	  L	  0.9	  0.1	0.128	0.000	0.000
25	  L	  0.4	  0.3	0.128	0.000	0.000
26	  E	  0.2	  0.2	0.128	0.000	0.000
27	  D	  0.3	  0.2	0.415	0.000	0.000
28	  M	  0.5	  0.2	0.286	0.000	0.000
29	  V	  1.6	  0.0	0.286	0.000	0.000
30	  E	  1.7	  0.1	0.286	0.000	0.000
31	  K	  2.3	  0.1	0.286	0.000	0.000
32	  T	  6.6	  0.1	0.286	0.000	0.000
33	  I	  7.4	  0.1	0.286	0.000	0.000
34	  N	  6.6	  0.9	0.286	0.000	0.000
35	  S	  1.2	  0.9	0.000	0.000	0.000
36	  D	  0.7	  0.9	0.000	0.000	0.000
37	  I	  5.2	  0.9	0.000	0.000	0.000
38	  S	  5.3	  0.0	0.000	0.000	0.000
39	  I	  4.7	  0.2	0.000	0.000	0.000
40	  P	  0.1	  0.2	0.000	0.000	0.000
41	  E	  3.1	  0.2	0.116	0.000	0.000
42	  Y	  3.9	  0.4	0.116	0.000	0.000
43	  K	  4.0	  0.2	0.116	0.000	0.000
44	  E	  0.9	  0.2	0.116	0.000	0.000
45	  L	  0.3	  0.2	0.116	0.000	0.000
46	  L	  0.3	  0.1	0.116	0.000	0.000
47	  Q	  0.5	  0.1	0.116	0.000	0.000
48	  E	  0.4	  0.1	0.000	0.000	0.000
49	  F	  1.4	  0.1	0.000	0.000	0.000
50	  I	  1.8	  0.1	0.000	0.000	0.000
51	  D	  1.7	  3.3	2.169	0.000	0.000
52	  S	  0.7	  3.3	5.859	0.000	0.000
53	  D	  0.0	  3.3	11.936	0.000	0.000
54	  A	  0.0	  3.2	12.809	0.000	0.000
55	  A	  0.1	  0.0	13.175	0.000	0.000
56	  A	  0.1	  0.0	13.175	0.000	0.000
57	  E	  0.1	  0.0	13.044	0.000	0.000
58	  A	  0.1	  0.2	12.313	0.000	0.000
59	  M	  0.2	  0.5	11.535	0.000	0.000
60	  G	  0.2	  0.4	8.493	0.000	0.000
61	  K	  1.0	  0.4	4.775	0.000	0.000
62	  F	  1.6	  0.4	2.546	0.000	0.000
63	  K	  1.8	  0.1	0.107	0.000	0.000
64	  Q	  2.4	  0.1	0.107	0.000	0.000
65	  C	  3.5	  0.1	0.000	0.000	0.000
66	  F	  4.4	  0.1	0.000	0.000	0.000
67	  L	  3.1	  0.1	0.000	0.000	0.000
68	  N	  1.5	  0.9	0.000	0.000	0.000
69	  Q	  0.5	  1.0	0.000	0.000	0.000
70	  S	  1.4	  0.9	0.195	0.000	0.000
71	  H	  1.6	  1.0	0.195	0.000	0.000
72	  R	  1.7	  0.2	0.195	0.000	0.000
73	  T	  3.7	  0.1	0.195	0.000	0.000
74	  L	  3.7	  0.6	0.195	0.000	0.000
75	  K	  3.5	  0.5	0.195	0.000	0.000
76	  N	  0.4	  0.5	0.000	0.000	0.000
77	  F	  0.3	  0.8	0.000	0.812	0.812
78	  G	  0.2	  0.3	0.000	0.812	0.812
79	  L	  1.3	  0.3	0.000	0.812	0.812
80	  M	  1.7	  0.3	0.000	0.812	0.812
81	  M	  2.0	  0.0	0.000	0.812	0.812
82	  H	  3.4	  0.0	0.000	0.635	0.635
83	  T	  8.5	  0.0	0.000	0.635	0.635
84	  V	 11.3	  0.0	0.000	0.635	0.635
85	  Y	  9.8	  0.2	0.000	0.635	0.635
86	  D	  4.2	  0.2	0.000	0.000	0.000
87	  S	  1.3	  0.2	0.000	0.000	0.000
88	  I	  1.4	  0.1	0.000	0.304	0.304
89	  W	  2.4	  0.1	0.000	0.304	0.304
90	  C	  3.0	  0.1	0.000	0.304	0.304
91	  N	  2.3	  0.1	0.000	0.304	0.304
92	  M	  1.6	  0.3	0.000	0.304	0.304
93	  K	  1.0	  0.1	0.000	0.000	0.000
94	  S	  0.7	  0.1	0.000	0.000	0.000
95	  N	  0.2	  0.1	0.000	0.000	0.000
