res	aa	Beta	Turn	Helix	Aggregation	Conc-Stab_Aggregation
01	  M	  2.1	  0.0	0.000	0.000	0.000
02	  Q	  3.7	  0.0	0.000	0.000	0.000
03	  M	  3.9	  0.0	0.000	0.000	0.000
04	  S	  1.8	  0.1	0.110	0.000	0.000
05	  P	  0.1	  0.1	0.110	0.247	0.247
06	  A	  0.2	  0.1	0.110	20.515	20.515
07	  L	  4.9	  0.1	0.110	44.483	44.483
08	  T	  7.1	  0.0	0.110	48.867	48.867
09	  C	  8.6	  0.0	0.110	56.190	56.190
10	  L	  5.8	  0.0	0.110	90.915	90.915
11	  V	  4.2	  0.0	0.264	97.253	97.253
12	  L	  2.6	  0.0	0.264	97.781	97.781
13	  G	  0.7	  0.0	0.617	97.583	97.583
14	  L	  0.5	  0.0	0.617	98.516	98.516
15	  A	  0.7	  0.0	0.617	98.254	98.254
16	  L	  1.9	  0.0	0.617	98.004	98.004
17	  V	  2.7	  0.0	0.617	96.625	96.625
18	  F	  2.5	  0.6	0.617	80.381	80.381
19	  G	  1.2	  1.4	0.000	6.651	6.651
20	  E	  0.1	  1.8	0.000	0.000	0.000
21	  G	  0.1	  1.9	0.000	0.000	0.000
22	  S	  0.4	  1.2	0.000	0.000	0.000
23	  A	  1.3	  0.5	0.000	0.000	0.000
24	  V	  6.0	  0.0	0.000	0.000	0.000
25	  H	  5.8	  0.0	0.000	0.000	0.000
26	  H	  4.9	  0.0	0.000	0.000	0.000
27	  P	  0.0	  0.5	0.000	0.000	0.000
28	  P	  0.0	  0.5	0.000	0.000	0.000
29	  S	  1.0	  0.5	0.145	0.000	0.000
30	  Y	  3.6	  0.5	0.145	0.230	0.230
31	  V	  5.6	  0.0	0.145	0.230	0.230
32	  A	  4.9	  0.0	0.145	0.230	0.230
33	  H	  2.5	  0.0	0.145	0.230	0.230
34	  L	  0.7	  0.2	0.145	0.230	0.230
35	  A	  0.4	  0.5	0.145	0.000	0.000
36	  S	  0.2	  0.5	0.145	0.000	0.000
37	  D	  0.0	  0.6	0.000	0.000	0.000
38	  F	  0.2	  0.5	0.000	0.000	0.000
39	  G	  0.2	  0.2	0.122	0.000	0.000
40	  V	  9.2	  0.2	0.122	0.000	0.000
41	  R	 11.6	  0.0	0.122	0.000	0.000
42	  V	 15.4	  0.0	0.122	0.000	0.000
43	  F	  8.4	  0.1	0.122	0.000	0.000
44	  Q	  5.8	  0.1	0.122	0.000	0.000
45	  Q	  2.1	  0.1	0.122	0.000	0.000
46	  V	  1.9	  0.1	0.000	0.000	0.000
47	  A	  1.7	  0.0	0.000	0.000	0.000
48	  Q	  1.7	  0.1	0.000	0.000	0.000
49	  A	  0.5	  0.2	0.000	0.000	0.000
50	  S	  0.9	  1.9	0.000	0.000	0.000
51	  K	  0.7	  1.9	0.000	0.000	0.000
52	  D	  0.5	  2.6	0.000	0.000	0.000
53	  R	  0.3	  2.5	0.000	0.000	0.000
54	  N	  2.2	  0.8	0.000	0.000	0.000
55	  V	  5.7	  0.8	0.000	0.000	0.000
56	  V	 13.2	  0.0	0.000	0.000	0.000
57	  F	 11.7	  0.0	0.000	0.000	0.000
58	  S	  8.3	  0.7	0.000	0.000	0.000
59	  P	  0.4	  0.7	0.000	0.000	0.000
60	  Y	  0.2	  0.7	0.000	7.461	7.461
61	  G	  0.4	  0.7	2.471	9.546	9.546
62	  V	  2.7	  0.0	2.471	33.171	33.171
63	  A	  3.0	  0.0	2.587	34.964	34.964
64	  S	  3.3	  0.0	4.896	36.900	36.900
65	  V	  2.2	  0.0	4.896	51.096	51.096
66	  L	  2.0	  0.0	4.896	51.312	51.312
67	  A	  1.7	  0.0	4.896	48.153	48.153
68	  M	  0.9	  0.0	4.896	45.318	45.318
69	  L	  2.0	  0.0	4.356	41.863	41.863
70	  Q	  2.6	  0.0	3.859	13.239	13.239
71	  L	  2.7	  0.1	2.199	12.248	12.248
72	  T	  1.3	  0.2	0.000	5.960	5.960
73	  T	  0.4	  0.4	0.000	2.222	2.222
74	  G	  0.1	  0.6	0.000	0.000	0.000
75	  G	  0.0	  0.7	0.000	0.000	0.000
76	  E	  0.1	  0.6	0.000	0.000	0.000
77	  T	  1.9	  0.4	0.159	0.000	0.000
78	  Q	  2.2	  0.2	0.159	0.000	0.000
79	  Q	  2.3	  0.1	0.159	0.000	0.000
80	  Q	  1.3	  0.1	0.159	0.000	0.000
81	  I	  1.3	  0.0	0.159	0.000	0.000
82	  Q	  1.2	  0.0	0.159	0.000	0.000
83	  A	  0.6	  0.0	0.159	0.000	0.000
84	  A	  0.3	  0.1	0.159	0.000	0.000
85	  M	  0.4	  0.1	0.159	0.000	0.000
86	  G	  0.3	  0.1	0.159	0.000	0.000
87	  F	  2.3	  0.1	0.000	0.000	0.000
88	  K	  3.4	  0.1	0.000	0.000	0.000
89	  I	  3.5	  0.2	0.000	0.000	0.000
90	  D	  1.4	  0.5	0.000	0.000	0.000
91	  D	  0.1	  1.2	0.000	0.000	0.000
92	  K	  0.0	  1.1	0.000	0.000	0.000
93	  G	  0.2	  1.0	0.000	0.000	0.000
94	  M	  0.3	  0.7	0.000	0.000	0.000
95	  A	  0.3	  0.0	0.150	0.000	0.000
96	  P	  0.0	  0.0	0.150	0.000	0.000
97	  A	  0.3	  0.0	0.150	0.000	0.000
98	  L	  1.1	  0.0	0.150	0.000	0.000
99	  R	  1.6	  0.1	0.150	0.000	0.000
100	  H	  1.9	  0.1	0.364	0.000	0.000
101	  L	  1.3	  0.1	0.214	0.000	0.000
102	  Y	  1.5	  0.1	0.214	0.000	0.000
103	  K	  1.1	  0.2	0.214	0.000	0.000
104	  E	  0.9	  0.2	0.214	0.000	0.000
105	  L	  0.3	  0.2	0.214	0.000	0.000
106	  M	  0.3	  0.0	0.214	0.000	0.000
107	  G	  0.2	  0.2	0.214	0.000	0.000
108	  P	  0.0	  0.2	0.000	0.000	0.000
109	  W	  0.4	  0.2	0.000	0.000	0.000
110	  N	  0.4	  2.4	0.186	0.000	0.000
111	  K	  0.5	  2.2	0.186	0.000	0.000
112	  D	  0.1	  2.2	0.186	0.000	0.000
113	  E	  1.5	  2.2	0.186	0.000	0.000
114	  I	  2.4	  0.1	0.186	0.000	0.000
115	  S	  3.1	  0.1	0.594	0.000	0.000
116	  T	  2.2	  0.2	0.408	0.000	0.000
117	  T	  1.3	  0.2	0.408	0.000	0.000
118	  D	  0.6	  0.1	0.555	0.000	0.000
119	  A	  0.4	  0.1	0.555	3.114	3.114
120	  I	  1.9	  0.0	0.555	3.114	3.114
121	  F	  3.3	  0.0	0.555	3.114	3.114
122	  V	  4.1	  0.0	0.147	3.114	3.114
123	  Q	  2.6	  0.2	0.147	3.114	3.114
124	  R	  1.2	  0.2	0.000	0.000	0.000
125	  D	  0.3	  0.2	1.054	0.000	0.000
126	  L	  1.7	  0.2	1.054	0.000	0.000
127	  K	  2.2	  0.1	1.054	0.000	0.000
128	  L	  2.3	  0.0	1.054	0.000	0.000
129	  V	  1.1	  0.3	1.054	0.000	0.000
130	  Q	  0.5	  0.3	1.054	0.000	0.000
131	  G	  0.2	  0.3	0.389	0.000	0.000
132	  F	  0.2	  0.3	0.235	0.000	0.000
133	  M	  0.2	  0.5	0.000	0.000	0.000
134	  P	  0.2	  0.5	0.000	0.000	0.000
135	  H	  2.3	  0.5	0.000	0.000	0.000
136	  F	  4.2	  0.5	0.000	0.000	0.000
137	  F	  6.2	  0.0	0.000	0.000	0.000
138	  R	  4.6	  0.0	0.000	0.000	0.000
139	  L	  2.7	  0.0	0.000	0.000	0.000
140	  F	  2.4	  0.1	0.000	0.000	0.000
141	  R	  2.1	  0.1	0.000	0.000	0.000
142	  S	  2.3	  0.1	0.000	0.000	0.000
143	  T	 16.4	  0.1	0.000	0.000	0.000
144	  V	 17.9	  0.1	0.000	0.000	0.000
145	  K	 17.6	  0.0	0.000	0.000	0.000
146	  Q	  2.5	  0.0	0.000	0.000	0.000
147	  V	  1.8	  0.0	0.000	0.000	0.000
148	  D	  2.1	  0.2	0.756	0.000	0.000
149	  F	  2.3	  0.3	0.866	0.000	0.000
150	  S	  1.0	  0.3	21.754	0.000	0.000
151	  E	  2.2	  0.3	22.227	0.000	0.000
152	  V	  3.0	  0.1	22.854	0.000	0.000
153	  E	  3.0	  0.0	22.854	0.000	0.000
154	  R	  1.4	  0.0	22.854	0.000	0.000
155	  A	  0.3	  0.0	22.854	0.000	0.000
156	  R	  0.9	  0.0	19.549	0.000	0.000
157	  F	  1.9	  0.0	13.869	0.000	0.000
158	  I	  2.6	  0.0	0.744	0.000	0.000
159	  I	  2.1	  0.1	0.641	0.000	0.000
160	  N	  1.0	  0.1	0.811	0.000	0.000
161	  D	  0.5	  0.1	0.483	0.000	0.000
162	  W	  1.6	  0.1	0.313	0.000	0.000
163	  V	  3.0	  0.0	0.313	0.000	0.000
164	  K	  3.2	  0.0	0.313	0.000	0.000
165	  T	  4.9	  0.1	0.313	0.000	0.000
166	  H	  4.3	  0.2	0.313	0.000	0.000
167	  T	  3.9	  0.6	0.000	0.000	0.000
168	  K	  1.1	  0.6	0.000	0.000	0.000
169	  G	  0.1	  0.6	0.286	0.000	0.000
170	  M	  0.6	  0.5	0.286	0.000	0.000
171	  I	  0.7	  0.1	0.286	0.000	0.000
172	  S	  0.7	  0.1	0.505	0.000	0.000
173	  N	  0.1	  0.1	0.505	0.000	0.000
174	  L	  0.1	  0.3	0.505	0.000	0.000
175	  L	  0.1	  0.4	0.505	0.000	0.000
176	  G	  0.1	  0.8	0.637	0.000	0.000
177	  K	  0.0	  0.8	0.351	0.000	0.000
178	  G	  0.0	  0.7	0.239	0.000	0.000
179	  A	  0.3	  0.5	0.239	0.041	0.041
180	  V	  1.3	  0.0	0.239	0.193	0.193
181	  D	  1.3	  0.1	14.125	0.204	0.204
182	  Q	  1.8	  0.1	14.273	0.204	0.204
183	  L	  0.9	  0.1	14.273	0.204	0.204
184	  T	  1.3	  0.1	14.600	0.204	0.204
185	  R	  1.0	  0.0	14.600	0.204	0.204
186	  L	  2.5	  0.0	14.600	72.112	72.112
187	  V	  7.8	  0.0	13.047	85.217	85.217
188	  L	  7.8	  0.0	12.925	88.248	88.248
189	  V	  6.9	  0.0	9.997	88.792	88.792
190	  N	  1.3	  0.0	9.770	88.816	88.816
191	  A	  0.9	  0.0	3.736	88.534	88.534
192	  L	  0.7	  0.0	3.292	88.204	88.204
193	  Y	  2.5	  0.1	2.471	86.352	86.352
194	  F	  2.8	  6.3	0.694	80.108	80.108
195	  N	  2.3	  6.3	0.242	3.310	3.310
196	  G	  0.5	  6.3	0.000	0.285	0.285
197	  Q	  1.5	  6.2	0.000	0.028	0.028
198	  W	  1.8	  0.0	0.000	0.028	0.028
199	  K	  1.9	  0.0	0.000	0.000	0.000
200	  T	  0.5	  0.0	0.000	0.000	0.000
201	  P	  0.1	  0.0	0.000	0.000	0.000
202	  F	  0.0	  1.0	0.000	0.000	0.000
203	  P	  0.0	  1.0	0.000	0.000	0.000
204	  D	  0.1	  2.2	0.158	0.000	0.000
205	  S	  0.4	  2.3	0.453	0.000	0.000
206	  S	  0.9	  1.4	0.572	0.000	0.000
207	  T	  2.8	  1.3	0.572	0.000	0.000
208	  H	  3.0	  0.2	0.572	0.000	0.000
209	  R	  2.9	  0.2	0.572	0.000	0.000
210	  R	  1.6	  0.1	0.413	0.000	0.000
211	  L	  1.5	  0.1	0.262	0.000	0.000
212	  F	  2.5	  0.0	0.262	0.000	0.000
213	  H	  2.3	  0.3	0.000	0.000	0.000
214	  K	  1.8	  1.4	0.000	0.000	0.000
215	  S	  0.5	  1.8	0.000	0.000	0.000
216	  D	  0.0	  2.5	0.000	0.000	0.000
217	  G	  0.0	  2.2	0.000	0.000	0.000
218	  S	  0.4	  1.1	0.000	0.000	0.000
219	  T	 18.8	  0.7	0.000	0.000	0.000
220	  V	 29.9	  0.1	0.000	0.000	0.000
221	  S	 29.7	  0.0	0.000	0.000	0.000
222	  V	 14.3	  0.0	0.000	0.000	0.000
223	  P	  0.2	  0.0	0.000	0.000	0.000
224	  M	  0.3	  0.0	0.000	0.000	0.000
225	  M	  0.3	  0.0	0.000	0.000	0.000
226	  A	  0.4	  0.1	0.000	0.000	0.000
227	  Q	  0.2	  0.1	0.000	0.000	0.000
228	  T	  0.4	  0.1	0.000	0.000	0.000
229	  N	  0.5	  0.1	0.000	0.000	0.000
230	  K	  1.3	  0.1	0.000	0.000	0.000
231	  F	  4.5	  0.0	0.000	0.000	0.000
232	  N	  5.8	  0.0	0.000	0.000	0.000
233	  Y	  6.1	  0.0	0.000	0.000	0.000
234	  T	  2.9	  0.0	0.000	0.000	0.000
235	  E	  3.7	  0.0	0.000	0.000	0.000
236	  F	  5.3	  0.0	0.000	0.000	0.000
237	  T	  5.2	  0.0	0.000	0.000	0.000
238	  T	  2.9	  3.0	0.000	0.000	0.000
239	  P	  0.2	  3.3	0.000	0.000	0.000
240	  D	  0.0	  3.4	0.000	0.000	0.000
241	  G	  0.1	  3.4	0.000	0.000	0.000
242	  H	  2.2	  0.4	0.000	0.000	0.000
243	  Y	  3.8	  0.2	0.000	0.000	0.000
244	  Y	  7.0	  0.1	0.000	0.000	0.000
245	  D	  5.0	  0.1	0.000	0.000	0.000
246	  I	  4.1	  0.1	0.000	0.000	0.000
247	  L	  2.2	  0.0	0.000	0.000	0.000
248	  E	  2.1	  0.0	0.000	0.000	0.000
249	  L	  1.4	  0.1	0.000	0.000	0.000
250	  P	  0.1	  0.1	0.000	0.000	0.000
251	  Y	  1.0	  0.4	0.000	0.000	0.000
252	  H	  1.0	  3.7	0.000	0.000	0.000
253	  G	  1.0	  3.6	0.000	0.000	0.000
254	  D	  0.1	  3.6	0.000	0.000	0.000
255	  T	  5.6	  3.4	0.000	2.329	2.329
256	  L	  7.3	  0.1	0.000	6.242	6.242
257	  S	  7.6	  0.0	0.120	7.143	7.143
258	  M	  3.1	  0.0	0.120	7.143	7.143
259	  F	  2.7	  0.0	0.120	7.143	7.143
260	  I	  4.5	  0.0	0.120	7.143	7.143
261	  A	  3.7	  0.0	0.120	3.760	3.760
262	  A	  2.2	  0.1	0.120	0.000	0.000
263	  P	  0.0	  0.1	0.000	0.000	0.000
264	  Y	  2.1	  0.2	0.000	0.000	0.000
265	  E	  2.2	  0.2	0.000	0.000	0.000
266	  K	  3.1	  0.1	0.000	0.000	0.000
267	  E	  1.2	  0.1	0.000	0.000	0.000
268	  V	  1.1	  0.0	0.000	0.000	0.000
269	  P	  0.3	  0.0	0.000	0.000	0.000
270	  L	  0.7	  0.0	0.000	0.262	0.262
271	  S	  0.8	  0.0	0.999	0.262	0.262
272	  A	  1.0	  0.0	0.999	0.648	0.648
273	  L	  0.6	  0.1	0.999	1.105	1.105
274	  T	  0.9	  0.0	0.999	1.105	1.105
275	  N	  0.8	  0.0	1.199	1.105	1.105
276	  I	  2.0	  0.0	1.199	1.990	1.990
277	  L	  2.2	  0.0	1.199	1.990	1.990
278	  S	  2.4	  0.2	1.551	0.885	0.885
279	  A	  1.2	  0.2	1.119	0.885	0.885
280	  Q	  0.8	  0.2	0.901	0.885	0.885
281	  L	  1.0	  0.2	0.482	0.885	0.885
282	  I	  1.4	  0.0	0.482	0.885	0.885
283	  S	  1.6	  0.0	0.482	0.000	0.000
284	  H	  2.6	  0.0	0.281	0.000	0.000
285	  W	  2.0	  0.2	0.133	0.000	0.000
286	  K	  1.5	  1.1	0.133	0.000	0.000
287	  G	  0.1	  1.1	0.000	0.000	0.000
288	  N	  0.4	  1.1	0.000	0.000	0.000
289	  M	  0.6	  0.9	0.000	0.000	0.000
290	  T	  1.5	  0.0	0.000	0.000	0.000
291	  R	  1.2	  0.0	0.000	0.000	0.000
292	  L	  1.0	  0.2	0.000	0.000	0.000
293	  P	  0.1	  0.2	0.000	0.000	0.000
294	  R	  0.4	  0.2	0.000	0.000	0.000
295	  L	  1.4	  0.2	0.000	0.000	0.000
296	  L	  5.6	  0.0	0.000	0.000	0.000
297	  V	  5.6	  0.0	0.000	0.000	0.000
298	  L	  4.8	  0.4	0.000	0.000	0.000
299	  P	  0.5	  0.4	0.000	0.000	0.000
300	  K	  0.7	  0.4	0.000	0.000	0.000
301	  F	  3.9	  0.4	0.000	0.000	0.000
302	  S	  4.9	  0.0	1.031	0.000	0.000
303	  L	  4.3	  0.1	1.031	0.000	0.000
304	  E	  1.1	  0.1	1.031	0.000	0.000
305	  T	  0.4	  0.1	1.908	0.000	0.000
306	  E	  5.3	  0.1	1.908	0.000	0.000
307	  V	  7.7	  0.0	1.908	0.000	0.000
308	  D	  7.7	  0.0	1.908	0.000	0.000
309	  L	  3.3	  0.0	1.908	0.000	0.000
310	  R	  1.0	  0.0	1.908	0.000	0.000
311	  K	  0.5	  0.0	1.408	0.000	0.000
312	  P	  0.0	  0.0	0.000	0.000	0.000
313	  L	  0.1	  0.2	0.000	0.000	0.000
314	  E	  0.1	  0.2	0.000	0.000	0.000
315	  N	  0.1	  0.2	0.000	0.000	0.000
316	  L	  0.1	  0.2	0.000	0.000	0.000
317	  G	  0.2	  0.0	1.204	0.000	0.000
318	  M	  0.5	  0.1	1.204	0.000	0.000
319	  T	  0.5	  0.1	3.654	0.000	0.000
320	  D	  0.8	  0.1	5.244	0.000	0.000
321	  M	  0.6	  0.1	5.244	0.000	0.000
322	  F	  2.6	  0.1	5.244	0.000	0.000
323	  R	  4.1	  0.1	5.244	0.000	0.000
324	  Q	  7.6	  0.1	5.244	0.000	0.000
325	  F	  7.8	  0.1	4.419	0.000	0.000
326	  Q	  6.0	  0.3	3.710	0.000	0.000
327	  A	  2.4	  0.3	2.852	0.000	0.000
328	  D	  0.8	  0.3	2.388	0.000	0.000
329	  F	  3.6	  0.3	0.774	0.000	0.000
330	  T	  4.1	  0.1	0.000	0.000	0.000
331	  S	  8.8	  0.5	0.000	0.000	0.000
332	  L	  6.0	  0.7	0.000	0.000	0.000
333	  S	  5.5	  0.7	0.000	0.000	0.000
334	  D	  0.3	  0.7	0.000	0.000	0.000
335	  Q	  0.3	  0.2	0.000	0.000	0.000
336	  E	  0.3	  0.1	0.000	0.000	0.000
337	  P	  0.0	  0.0	0.000	0.000	0.000
338	  L	  1.3	  0.0	0.000	0.000	0.000
339	  H	  2.9	  0.0	1.673	0.000	0.000
340	  V	  4.4	  0.0	1.814	0.000	0.000
341	  A	  3.2	  0.0	1.925	0.000	0.000
342	  Q	  1.8	  0.0	1.925	0.000	0.000
343	  A	  0.4	  0.0	1.925	0.000	0.000
344	  L	  0.5	  0.0	1.925	0.000	0.000
345	  Q	  0.8	  0.0	1.765	0.000	0.000
346	  K	  4.2	  0.0	1.260	0.000	0.000
347	  V	 10.5	  0.0	0.185	0.608	0.608
348	  K	 13.4	  0.0	0.185	0.608	0.608
349	  I	 17.3	  0.0	0.000	0.608	0.608
350	  E	 16.0	  0.0	0.000	0.608	0.608
351	  V	 12.5	  0.0	0.000	0.608	0.608
352	  N	  5.6	  3.2	0.000	0.000	0.000
353	  E	  0.2	  3.2	0.000	0.000	0.000
354	  S	  0.1	  3.3	0.000	0.000	0.000
355	  G	  0.1	  3.3	0.000	0.000	0.000
356	  T	  4.1	  0.2	0.000	0.307	0.307
357	  V	  6.2	  0.1	0.000	0.822	0.822
358	  A	  6.3	  0.1	0.000	0.822	0.822
359	  S	  3.3	  0.6	0.000	0.822	0.822
360	  S	  1.3	  0.7	0.000	1.250	1.250
361	  S	  1.3	  0.7	0.000	5.282	5.282
362	  T	  1.1	  0.6	0.000	35.420	35.420
363	  A	  1.8	  0.1	0.000	39.323	39.323
364	  V	 16.0	  0.0	0.000	41.440	41.440
365	  I	 17.9	  0.0	0.000	41.440	41.440
366	  V	 18.8	  0.0	0.000	41.147	41.147
367	  S	  5.5	  0.0	0.000	8.630	8.630
368	  A	  2.7	  0.0	0.000	5.101	5.101
369	  R	  1.2	  0.0	0.000	0.000	0.000
370	  M	  0.6	  0.0	0.000	0.000	0.000
371	  A	  0.4	  0.2	0.000	0.000	0.000
372	  P	  0.0	  0.2	0.000	0.000	0.000
373	  E	  0.0	  0.2	0.000	0.000	0.000
374	  E	  0.2	  0.2	0.000	0.000	0.000
375	  I	  6.8	  0.1	0.000	0.000	0.000
376	  I	  7.3	  0.1	0.000	0.000	0.000
377	  M	  7.2	  0.1	0.000	0.000	0.000
378	  D	  0.6	  0.1	0.000	0.000	0.000
379	  R	  0.1	  0.1	0.000	0.000	0.000
380	  P	  0.0	  0.0	0.000	8.263	8.263
381	  F	  0.7	  0.0	0.000	91.276	91.276
382	  L	  1.4	  0.0	0.000	91.276	91.276
383	  F	  3.6	  0.0	0.000	91.276	91.276
384	  V	  5.7	  0.0	0.000	91.276	91.276
385	  V	  7.4	  0.0	0.000	90.629	90.629
386	  R	  7.0	  0.0	0.000	0.000	0.000
387	  H	  4.3	  0.0	0.000	0.000	0.000
388	  N	  2.0	  1.6	0.000	0.000	0.000
389	  P	  0.0	  1.7	0.000	0.000	0.000
390	  T	  0.1	  1.7	0.000	2.278	2.278
391	  G	  0.1	  1.7	0.000	6.108	6.108
392	  T	  4.0	  0.1	0.000	30.159	30.159
393	  V	  5.5	  0.1	0.000	34.342	34.342
394	  L	  6.3	  0.0	0.000	34.342	34.342
395	  F	  3.2	  0.2	0.000	34.342	34.342
396	  M	  1.6	  0.2	0.000	31.620	31.620
397	  G	  0.8	  0.2	0.000	6.875	6.875
398	  Q	  0.6	  0.2	0.000	1.375	1.375
399	  V	  4.7	  0.0	0.000	1.247	1.247
400	  M	  4.8	  0.0	0.000	0.366	0.366
401	  E	  4.2	  0.0	0.000	0.000	0.000
402	  P	  0.1	  0.0	0.000	0.000	0.000
