res	aa	Beta	Turn	Helix	Aggregation	Conc-Stab_Aggregation
01	  M	  0.1	  0.0	0.000	0.000	0.000
02	  A	  0.3	  0.0	0.000	27.248	27.248
03	  A	  1.0	  0.0	0.000	38.238	38.238
04	  V	  5.2	  0.0	0.000	41.431	41.431
05	  V	  8.4	  0.0	0.117	41.612	41.612
06	  A	  7.9	  0.0	0.117	41.612	41.612
07	  L	  5.3	  0.0	0.117	37.829	37.829
08	  S	  3.8	  0.0	1.592	7.496	7.496
09	  L	  3.7	  0.1	1.592	5.055	5.055
10	  R	  2.4	  0.1	1.592	0.000	0.000
11	  R	  1.4	  0.1	1.475	0.000	0.000
12	  R	  1.3	  0.1	1.475	0.000	0.000
13	  L	  0.9	  0.0	1.475	0.000	0.000
14	  P	  0.1	  0.0	0.000	0.000	0.000
15	  A	  0.2	  0.0	0.000	0.000	0.000
16	  T	  1.1	  0.1	0.000	0.000	0.000
17	  T	  1.2	  0.1	0.000	0.000	0.000
18	  L	  1.0	  0.6	0.000	0.000	0.000
19	  G	  0.2	  0.7	0.000	0.000	0.000
20	  G	  0.0	  0.6	0.155	0.000	0.000
21	  A	  0.3	  0.6	0.155	0.000	0.000
22	  C	  2.8	  0.1	0.155	0.000	0.000
23	  L	  3.1	  0.0	0.155	0.000	0.000
24	  Q	  3.1	  0.0	0.155	0.000	0.000
25	  A	  0.7	  0.2	0.155	0.000	0.000
26	  S	  0.4	  0.5	0.155	0.000	0.000
27	  R	  0.3	  0.5	0.000	0.000	0.000
28	  G	  0.1	  0.5	0.397	0.000	0.000
29	  A	  0.1	  0.4	0.397	0.000	0.000
30	  Q	  0.1	  0.1	0.397	0.000	0.000
31	  T	  0.4	  0.1	0.568	0.000	0.000
32	  A	  0.4	  0.1	0.568	0.000	0.000
33	  A	  0.4	  0.0	0.568	0.000	0.000
34	  A	  0.5	  0.0	0.351	0.000	0.000
35	  T	  0.6	  0.0	0.171	0.000	0.000
36	  A	  0.5	  0.1	0.171	0.000	0.000
37	  P	  0.2	  0.1	0.000	0.000	0.000
38	  R	  2.7	  0.1	0.000	0.000	0.000
39	  I	  3.2	  0.2	0.000	0.000	0.000
40	  K	  3.2	  0.1	0.000	0.000	0.000
41	  K	  1.1	  0.1	0.000	0.000	0.000
42	  F	  1.5	  0.1	0.000	0.000	0.000
43	  A	  1.7	  0.0	0.000	0.000	0.000
44	  I	  2.4	  0.0	0.000	0.000	0.000
45	  Y	  3.8	  0.0	0.000	0.000	0.000
46	  R	  7.8	  0.0	0.000	0.000	0.000
47	  W	  6.7	  0.0	0.000	0.000	0.000
48	  D	  4.7	 10.5	0.561	0.000	0.000
49	  P	  0.1	 10.6	0.561	0.000	0.000
50	  D	  0.0	 10.8	0.561	0.000	0.000
51	  K	  0.1	 11.1	0.561	0.000	0.000
52	  A	  0.1	  1.2	0.561	0.000	0.000
53	  G	  0.1	  1.1	0.561	0.000	0.000
54	  D	  0.0	  0.9	0.224	0.000	0.000
55	  K	  0.0	  0.8	0.000	0.000	0.000
56	  P	  0.0	  0.2	0.000	0.000	0.000
57	  H	  0.6	  0.2	0.000	0.000	0.000
58	  M	  0.7	  0.3	0.000	0.000	0.000
59	  Q	  1.5	  0.1	0.000	0.000	0.000
60	  T	 11.0	  0.1	0.449	0.000	0.000
61	  Y	 18.7	  0.1	0.449	0.000	0.000
62	  E	 22.0	  0.0	0.449	0.000	0.000
63	  V	 14.6	  0.0	0.449	0.000	0.000
64	  D	  6.8	  1.1	0.680	0.000	0.000
65	  L	  2.3	  1.1	0.680	0.000	0.000
66	  N	  0.4	  1.3	0.680	0.000	0.000
67	  K	  0.5	  1.3	0.454	0.000	0.000
68	  C	  0.4	  0.3	0.232	0.000	0.000
69	  G	  0.3	  0.3	1.428	0.000	0.000
70	  P	  0.0	  0.1	1.564	0.000	0.000
71	  M	  2.4	  0.1	2.186	1.502	1.502
72	  V	  5.0	  0.0	4.532	2.715	2.715
73	  L	  5.2	  0.0	4.904	2.715	2.715
74	  D	  2.9	  0.0	6.299	2.715	2.715
75	  A	  0.5	  0.0	6.299	2.715	2.715
76	  L	  0.6	  0.0	6.299	2.715	2.715
77	  I	  5.8	  0.0	6.299	2.715	2.715
78	  K	  7.9	  0.0	6.299	2.715	2.715
79	  I	  7.8	  0.1	4.257	2.589	2.589
80	  K	  2.9	  0.1	4.257	0.000	0.000
81	  N	  0.4	  0.1	0.889	0.000	0.000
82	  E	  4.8	  0.1	0.371	0.000	0.000
83	  V	  5.7	  0.1	0.000	0.000	0.000
84	  D	  5.7	  0.1	0.000	0.000	0.000
85	  S	  1.2	  0.1	0.346	0.186	0.186
86	  T	  2.7	  0.1	0.346	0.186	0.186
87	  L	  6.2	  0.1	0.346	0.186	0.186
88	  T	 17.4	  0.0	0.346	0.186	0.186
89	  F	 16.6	  0.0	0.346	0.186	0.186
90	  R	 13.2	  0.1	0.346	0.000	0.000
91	  R	  2.2	  0.2	0.000	0.000	0.000
92	  S	  7.1	  0.2	0.000	0.000	0.000
93	  C	  7.1	  0.4	0.000	0.000	0.000
94	  R	  7.0	  0.5	0.000	0.000	0.000
95	  E	  0.4	  0.5	0.000	0.000	0.000
96	  G	  0.1	  0.5	0.000	0.000	0.000
97	  I	  1.0	  0.3	0.000	0.000	0.000
98	  C	  1.1	  0.3	0.000	0.000	0.000
99	  G	  1.1	  0.3	0.000	0.000	0.000
100	  S	  1.2	  0.3	0.000	0.000	0.000
101	  C	  1.7	  0.3	0.000	0.000	0.000
102	  A	  1.8	  0.0	0.000	0.000	0.000
103	  M	  5.3	  0.0	0.000	0.000	0.000
104	  N	  6.2	  1.2	0.000	0.000	0.000
105	  I	  7.0	  2.0	0.000	0.000	0.000
106	  N	  2.7	  2.2	0.000	0.000	0.000
107	  G	  1.0	  3.9	0.000	0.000	0.000
108	  G	  0.0	  2.7	0.000	0.000	0.000
109	  N	  0.1	  1.9	0.000	0.000	0.000
110	  T	  0.5	  1.8	0.104	0.000	0.000
111	  L	  0.8	  0.1	0.104	0.000	0.000
112	  A	  0.9	  0.0	0.104	0.000	0.000
113	  C	  1.8	  0.0	0.104	0.000	0.000
114	  T	  2.3	  0.1	0.104	0.000	0.000
115	  R	  3.8	  0.1	0.104	0.000	0.000
116	  R	 14.7	  0.1	0.000	0.000	0.000
117	  I	 15.2	  0.1	0.000	0.000	0.000
118	  D	 13.7	  0.4	0.115	0.000	0.000
119	  T	  1.7	  0.4	0.259	0.000	0.000
120	  N	  0.5	  1.2	0.408	0.000	0.000
121	  L	  0.6	  1.2	0.408	0.000	0.000
122	  N	  0.5	  0.9	0.603	0.000	0.000
123	  K	  1.5	  0.9	0.603	0.000	0.000
124	  V	  2.3	  0.0	0.488	0.000	0.000
125	  S	  2.6	  0.0	0.488	0.000	0.000
126	  K	  2.0	  0.0	0.196	0.000	0.000
127	  I	  1.2	  0.0	0.196	0.000	0.000
128	  Y	  0.8	  0.0	0.196	0.000	0.000
129	  P	  0.2	  0.0	0.000	0.000	0.000
130	  L	  0.0	  0.2	0.000	0.000	0.000
131	  P	  0.0	  0.2	0.000	0.000	0.000
132	  H	  0.6	  0.2	0.000	1.708	1.708
133	  M	  1.5	  0.2	0.000	1.955	1.955
134	  Y	  3.8	  0.0	0.000	2.172	2.172
135	  V	  5.9	  0.0	0.000	2.172	2.172
136	  I	  5.3	  0.1	0.000	2.172	2.172
137	  K	  3.0	  0.1	0.000	0.464	0.464
138	  D	  0.5	  0.1	0.000	0.464	0.464
139	  L	  0.4	  0.1	0.000	0.464	0.464
140	  V	  0.4	  0.5	0.000	0.000	0.000
141	  P	  0.1	  0.5	0.000	0.000	0.000
142	  D	  0.2	  1.3	0.253	0.000	0.000
143	  L	  0.2	  1.8	0.253	0.000	0.000
144	  S	  0.2	  1.3	0.887	0.000	0.000
145	  N	  1.9	  1.3	1.416	0.000	0.000
146	  F	  3.5	  0.5	1.416	0.000	0.000
147	  Y	  4.0	  0.0	1.416	0.000	0.000
148	  A	  2.5	  0.0	1.416	0.000	0.000
149	  Q	  2.8	  0.0	1.416	0.000	0.000
150	  Y	  3.2	  0.2	1.261	0.000	0.000
151	  K	  3.3	  0.2	1.261	0.000	0.000
152	  S	  5.6	  0.2	0.000	0.000	0.000
153	  I	  5.1	  0.2	0.000	0.000	0.000
154	  E	  4.7	  0.0	0.225	0.000	0.000
155	  P	  0.5	  0.0	0.225	0.000	0.000
156	  Y	  0.8	  0.0	0.225	0.000	0.000
157	  L	  0.9	  0.0	0.225	0.000	0.000
158	  K	  1.0	  0.1	0.225	0.000	0.000
159	  K	  0.2	  0.5	0.225	0.000	0.000
160	  K	  0.2	  0.5	0.000	0.000	0.000
161	  D	  0.1	  2.0	0.000	0.000	0.000
162	  E	  0.2	  2.0	0.000	0.000	0.000
163	  S	  0.4	  1.8	1.134	0.000	0.000
164	  Q	  0.4	  2.3	1.134	0.000	0.000
165	  E	  0.3	  0.8	1.134	0.000	0.000
166	  G	  0.0	  0.9	1.134	0.000	0.000
167	  K	  0.2	  0.7	1.134	0.000	0.000
168	  Q	  1.4	  0.2	1.134	0.000	0.000
169	  Q	  2.5	  0.1	0.625	0.000	0.000
170	  Y	  3.1	  0.0	0.625	0.000	0.000
171	  L	  2.2	  0.1	0.143	0.000	0.000
172	  Q	  1.2	  0.1	0.143	0.000	0.000
173	  S	  2.1	  0.1	2.067	0.000	0.000
174	  I	  2.1	  0.1	2.067	0.000	0.000
175	  E	  2.0	  0.1	2.630	0.000	0.000
176	  E	  0.3	  0.1	2.630	0.000	0.000
177	  R	  0.1	  0.1	2.630	0.000	0.000
178	  E	  0.1	  0.1	2.630	0.000	0.000
179	  K	  0.7	  0.6	2.442	0.000	0.000
180	  L	  0.8	  0.8	2.022	0.000	0.000
181	  D	  0.7	  0.8	1.421	0.000	0.000
182	  G	  0.1	  0.8	0.752	0.000	0.000
183	  L	  0.2	  0.2	0.395	0.000	0.000
184	  Y	  7.5	  0.1	0.226	0.000	0.000
185	  E	  7.6	  0.1	0.107	0.000	0.000
186	  C	 10.2	  0.1	0.107	0.000	0.000
187	  I	  4.4	  0.1	0.107	0.000	0.000
188	  L	  4.6	  0.0	0.107	0.000	0.000
189	  C	  2.4	  0.1	0.107	0.000	0.000
190	  A	  1.2	  0.1	0.000	0.000	0.000
191	  C	  9.4	  0.1	0.000	0.000	0.000
192	  C	  9.1	  0.3	0.000	0.000	0.000
193	  S	 10.8	  0.5	0.000	0.000	0.000
194	  T	  5.3	  0.5	0.000	0.000	0.000
195	  S	  5.4	  0.5	0.000	0.000	0.000
196	  C	  3.5	  1.2	0.000	0.000	0.000
197	  P	  0.4	  0.9	0.000	0.000	0.000
198	  S	  1.0	  0.9	0.000	0.000	0.000
199	  Y	  1.8	  0.9	0.000	0.000	0.000
200	  W	  2.6	  0.2	0.000	0.000	0.000
201	  W	  1.8	  0.6	0.000	0.000	0.000
202	  N	  0.9	  1.3	0.000	0.000	0.000
203	  G	  0.1	  1.4	0.000	0.000	0.000
204	  D	  0.1	  1.2	0.000	0.000	0.000
205	  K	  0.3	  0.8	0.000	0.000	0.000
206	  Y	  0.7	  0.1	0.000	0.000	0.000
207	  L	  0.6	  0.0	0.000	0.000	0.000
208	  G	  0.4	  0.0	1.777	0.000	0.000
209	  P	  0.0	  0.0	1.777	0.000	0.000
210	  A	  0.8	  0.0	1.777	0.310	0.310
211	  V	  5.0	  0.0	1.923	0.499	0.499
212	  L	  5.2	  0.0	1.923	0.499	0.499
213	  M	  4.7	  0.0	1.923	0.499	0.499
214	  Q	  1.0	  0.0	1.730	0.499	0.499
215	  A	  1.2	  0.0	1.378	0.349	0.349
216	  Y	  3.2	  0.0	1.378	0.349	0.349
217	  R	  3.2	  0.0	0.688	0.000	0.000
218	  W	  3.3	  0.0	0.323	0.000	0.000
219	  M	  1.6	  0.0	0.144	0.000	0.000
220	  I	  1.9	  0.0	0.000	0.000	0.000
221	  D	  1.5	  0.2	0.000	0.000	0.000
222	  S	  1.2	  1.8	0.000	0.000	0.000
223	  R	  0.5	  2.1	0.000	0.000	0.000
224	  D	  0.4	  2.1	1.573	0.000	0.000
225	  D	  0.9	  1.9	1.573	0.000	0.000
226	  F	  1.9	  0.3	2.443	0.000	0.000
227	  T	  1.8	  0.1	10.859	0.000	0.000
228	  E	  1.1	  0.1	12.287	0.000	0.000
229	  E	  0.1	  0.1	12.991	0.000	0.000
230	  R	  0.2	  0.1	12.760	0.000	0.000
231	  L	  0.2	  0.0	12.760	0.000	0.000
232	  A	  0.4	  0.0	12.760	0.000	0.000
233	  K	  0.8	  0.0	12.267	0.000	0.000
234	  L	  1.1	  0.0	8.063	0.000	0.000
235	  Q	  0.9	  0.0	6.074	0.000	0.000
236	  D	  0.4	  0.2	1.994	0.000	0.000
237	  P	  0.0	  0.2	0.248	0.000	0.000
238	  F	  3.0	  0.3	0.248	0.000	0.000
239	  S	  3.2	  0.3	0.248	0.000	0.000
240	  L	  3.4	  0.0	0.248	0.000	0.000
241	  Y	  8.2	  0.1	0.248	0.000	0.000
242	  R	  8.9	  0.0	0.130	0.000	0.000
243	  C	  9.2	  0.0	0.000	0.000	0.000
244	  H	  4.6	  0.0	0.000	0.000	0.000
245	  T	  5.9	  0.0	0.000	0.000	0.000
246	  I	  6.1	  0.0	0.000	0.000	0.000
247	  M	  7.2	  0.0	0.000	0.000	0.000
248	  N	  5.5	  0.0	0.000	0.000	0.000
249	  C	  6.3	  0.0	0.000	0.000	0.000
250	  T	  3.0	  0.1	0.000	0.000	0.000
251	  R	  2.2	  0.1	0.000	0.000	0.000
252	  T	  1.1	  0.1	0.000	0.000	0.000
253	  C	  0.5	  1.2	0.000	0.000	0.000
254	  P	  0.4	  1.3	0.000	0.000	0.000
255	  K	  0.0	  1.3	0.000	0.000	0.000
256	  G	  0.2	  1.3	0.000	0.000	0.000
257	  L	  0.2	  0.3	0.000	0.000	0.000
258	  N	  0.2	  4.6	1.635	0.000	0.000
259	  P	  0.1	  4.6	1.635	0.000	0.000
260	  G	  0.1	  4.7	3.038	0.000	0.000
261	  K	  0.3	  4.7	3.038	0.000	0.000
262	  A	  0.5	  0.1	3.667	0.000	0.000
263	  I	  0.8	  0.0	3.667	0.000	0.000
264	  A	  0.7	  0.0	4.225	0.000	0.000
265	  E	  6.9	  0.0	4.923	0.000	0.000
266	  I	  7.0	  0.0	4.516	0.000	0.000
267	  K	  6.9	  0.0	4.516	0.000	0.000
268	  K	  0.8	  0.0	3.612	0.000	0.000
269	  M	  0.6	  0.0	3.114	0.000	0.000
270	  M	  0.6	  0.2	2.329	0.000	0.000
271	  A	  1.1	  0.2	1.673	0.000	0.000
272	  T	 14.5	  0.2	2.433	0.000	0.000
273	  Y	 15.1	  0.2	2.433	0.000	0.000
274	  K	 14.6	  0.1	1.752	0.000	0.000
275	  E	  1.5	  0.1	0.760	0.000	0.000
276	  K	  0.7	  0.1	0.760	0.000	0.000
277	  K	  0.6	  0.1	0.760	0.000	0.000
278	  A	  0.6	  0.0	0.259	0.000	0.000
279	  S	  0.6	  0.0	0.120	0.000	0.000
280	  V	  0.4	  0.0	0.000	0.000	0.000
