res	aa	Beta	Turn	Helix	Aggregation	Conc-Stab_Aggregation
01	  M	  0.0	  0.1	0.000	0.000	0.000
02	  P	  0.0	  0.1	0.126	0.000	0.000
03	  A	  0.2	  0.1	0.126	0.000	0.000
04	  C	  1.2	  0.3	0.126	0.000	0.000
05	  R	  1.3	  0.2	0.126	0.000	0.000
06	  L	  1.1	  0.2	0.126	0.000	0.000
07	  G	  0.1	  0.4	10.771	0.000	0.000
08	  P	  0.0	  0.2	13.213	0.536	0.536
09	  L	  0.1	  0.2	14.540	48.889	48.889
10	  A	  0.1	  0.2	17.606	57.816	57.816
11	  A	  0.2	  0.0	18.462	68.424	68.424
12	  A	  0.4	  0.0	18.969	80.964	80.964
13	  L	  1.1	  0.0	19.403	95.803	95.803
14	  L	  1.3	  0.0	19.662	98.519	98.519
15	  L	  2.5	  0.0	19.216	99.015	99.015
16	  S	  2.0	  0.0	18.766	99.101	99.101
17	  L	  2.3	  0.0	17.991	99.819	99.819
18	  L	  1.3	  0.0	17.817	99.946	99.946
19	  L	  1.3	  0.3	17.412	99.942	99.942
20	  F	  0.7	  0.3	15.145	99.798	99.798
21	  G	  0.4	  0.3	6.095	97.978	97.978
22	  F	  4.3	  0.3	1.316	97.813	97.813
23	  T	  5.3	  0.0	0.000	95.784	95.784
24	  L	  5.9	  0.0	0.000	94.576	94.576
25	  V	  2.6	  0.1	0.000	87.977	87.977
26	  S	  1.4	  0.7	0.000	10.270	10.270
27	  G	  0.7	  0.8	0.000	0.683	0.683
28	  T	  0.1	  1.0	0.000	0.242	0.242
29	  G	  0.0	  0.9	0.000	0.025	0.025
30	  A	  0.1	  0.3	0.000	0.020	0.020
31	  E	  0.4	  0.3	0.000	0.000	0.000
32	  K	  0.5	  0.3	0.000	0.000	0.000
33	  T	  0.5	  0.3	0.000	0.000	0.000
34	  G	  0.2	  0.2	0.000	0.000	0.000
35	  V	  0.2	  0.1	0.000	0.000	0.000
36	  C	  0.2	  0.4	0.000	0.000	0.000
37	  P	  0.1	  0.5	0.000	0.000	0.000
38	  E	  0.4	  0.5	0.000	0.000	0.000
39	  L	  0.7	  0.5	0.000	0.000	0.000
40	  Q	  0.7	  0.3	0.000	0.000	0.000
41	  A	  0.4	  0.3	0.000	0.000	0.000
42	  D	  0.1	  3.7	0.000	0.000	0.000
43	  Q	  0.4	  3.7	0.000	0.000	0.000
44	  N	  1.3	  3.5	0.000	0.000	0.000
45	  C	  4.9	  3.5	0.000	0.000	0.000
46	  T	  5.0	  0.1	0.000	0.000	0.000
47	  Q	  4.2	  0.1	0.000	0.000	0.000
48	  E	  0.7	  0.1	0.000	0.000	0.000
49	  C	  1.8	  0.1	0.000	0.000	0.000
50	  V	  2.0	  0.2	0.000	0.000	0.000
51	  S	  1.9	  0.6	0.116	0.000	0.000
52	  D	  0.3	  0.9	0.116	0.000	0.000
53	  S	  0.2	  1.0	0.840	0.000	0.000
54	  E	  0.4	  0.8	0.840	0.000	0.000
55	  C	  0.5	  1.2	0.964	0.000	0.000
56	  A	  0.5	  1.1	0.964	0.000	0.000
57	  D	  0.2	  1.0	0.964	0.000	0.000
58	  N	  0.3	  1.0	0.964	0.000	0.000
59	  L	  2.2	  0.2	0.564	0.000	0.000
60	  K	  5.1	  0.1	0.400	0.000	0.000
61	  C	 13.8	  0.0	0.109	0.000	0.000
62	  C	 15.5	  0.2	0.000	0.000	0.000
63	  S	 12.7	  0.9	0.000	0.000	0.000
64	  A	  4.4	  1.1	0.000	0.000	0.000
65	  G	  0.3	  1.1	0.000	0.000	0.000
66	  C	  0.3	  1.2	0.000	0.000	0.000
67	  A	  1.1	  0.4	0.000	0.000	0.000
68	  T	 10.1	  0.2	0.000	0.000	0.000
69	  F	 12.1	  0.3	0.000	0.000	0.000
70	  C	 14.0	  0.1	0.000	0.000	0.000
71	  S	  5.3	  0.1	0.000	0.000	0.000
72	  L	  2.9	  0.8	0.000	0.000	0.000
73	  P	  0.1	  0.8	0.000	0.000	0.000
74	  N	  0.0	  0.9	0.129	0.000	0.000
75	  D	  0.1	  1.5	0.129	0.000	0.000
76	  K	  0.1	  1.2	0.129	0.000	0.000
77	  E	  0.1	  1.6	0.129	0.000	0.000
78	  G	  0.1	  1.5	0.129	0.000	0.000
79	  S	  0.5	  0.9	0.129	0.000	0.000
80	  C	  0.5	  0.8	0.000	0.000	0.000
81	  P	  0.4	  0.3	0.000	0.000	0.000
82	  Q	  0.5	  0.3	0.000	0.000	0.000
83	  V	  7.1	  0.3	0.000	0.000	0.000
84	  N	  8.7	  0.2	0.000	0.000	0.000
85	  I	 15.1	  0.2	0.000	0.000	0.000
86	  N	  8.7	  0.2	0.000	0.000	0.000
87	  F	  7.0	  0.7	0.000	0.000	0.000
88	  P	  0.1	  0.6	0.000	0.000	0.000
89	  Q	  0.1	  0.6	0.000	0.000	0.000
90	  L	  0.2	  0.6	0.000	0.000	0.000
91	  G	  0.2	  0.1	0.000	0.000	0.000
92	  L	  0.2	  0.0	0.000	0.000	0.000
93	  C	  0.6	  0.4	0.000	0.000	0.000
94	  R	  0.6	  0.4	0.000	0.000	0.000
95	  D	  0.6	  0.5	0.000	0.000	0.000
96	  Q	  1.0	  0.5	0.000	0.000	0.000
97	  C	  2.1	  0.1	0.000	0.000	0.000
98	  Q	  2.4	  0.1	0.000	0.000	0.000
99	  V	  2.6	  0.0	0.000	0.000	0.000
100	  D	  1.6	  0.3	0.000	0.000	0.000
101	  S	  1.8	  0.3	0.000	0.000	0.000
102	  Q	  0.8	  0.3	0.000	0.000	0.000
103	  C	  0.7	  4.4	0.000	0.000	0.000
104	  P	  0.1	  4.1	0.000	0.000	0.000
105	  G	  0.0	  4.1	0.000	0.000	0.000
106	  Q	  1.0	  4.1	0.000	0.000	0.000
107	  M	  3.4	  0.1	0.000	0.000	0.000
108	  K	  6.3	  0.0	0.000	0.000	0.000
109	  C	 13.9	  0.0	0.000	0.000	0.000
110	  C	 12.1	  1.0	0.000	0.000	0.000
111	  R	  9.1	  1.4	0.000	0.000	0.000
112	  N	  0.6	  2.0	0.000	0.000	0.000
113	  G	  0.0	  2.0	0.000	0.000	0.000
114	  C	  0.2	  1.0	0.000	0.000	0.000
115	  G	  0.3	  0.6	0.000	0.000	0.000
116	  K	  1.4	  0.0	0.000	0.000	0.000
117	  V	  8.8	  0.0	0.000	0.000	0.000
118	  S	 10.2	  0.0	0.000	0.000	0.000
119	  C	  9.8	  0.0	0.000	0.000	0.000
120	  V	  2.9	  0.0	0.000	0.000	0.000
121	  T	  1.3	  0.9	0.000	0.000	0.000
122	  P	  0.6	  0.9	0.000	0.000	0.000
123	  N	  0.0	  0.9	0.000	0.000	0.000
124	  F	  0.0	  0.9	0.000	0.000	0.000
