res	aa	Beta	Turn	Helix	Aggregation	Conc-Stab_Aggregation
01	  M	  1.6	  0.0	0.000	0.000	0.000
02	  D	  2.2	  0.2	0.000	0.000	0.000
03	  F	  3.9	  0.3	0.000	0.000	0.000
04	  S	  2.8	  0.4	0.000	0.000	0.000
05	  R	  2.5	  0.4	0.000	0.000	0.000
06	  R	  2.5	  0.2	0.000	0.000	0.000
07	  S	  4.1	  0.1	0.000	0.000	0.000
08	  F	  5.2	  0.1	0.000	0.000	0.000
09	  H	  4.1	  0.2	0.000	0.000	0.000
10	  R	  2.4	  0.2	0.000	0.000	0.000
11	  S	  6.4	  0.5	0.000	0.000	0.000
12	  L	  6.2	  0.6	0.000	0.000	0.000
13	  S	  6.6	  1.2	0.000	0.000	0.000
14	  S	  1.3	  1.2	0.000	0.000	0.000
15	  S	  1.6	  0.9	0.000	0.000	0.000
16	  L	  1.5	  0.8	0.000	0.000	0.000
17	  Q	  1.4	  0.1	0.000	0.000	0.000
18	  A	  0.8	  0.0	0.000	0.000	0.000
19	  P	  0.0	  0.0	0.000	0.000	0.000
20	  V	  4.7	  0.0	0.000	8.124	8.124
21	  V	  5.6	  0.0	0.000	8.124	8.124
22	  S	  6.1	  0.0	0.000	8.124	8.124
23	  T	  2.0	  0.2	0.000	8.124	8.124
24	  V	  1.3	  0.2	0.000	8.124	8.124
25	  G	  0.9	  0.2	0.264	0.918	0.918
26	  M	  0.5	  0.2	0.264	0.270	0.270
27	  Q	  0.4	  0.1	0.264	0.000	0.000
28	  R	  0.5	  0.1	0.264	0.000	0.000
29	  L	  0.4	  0.4	0.264	0.000	0.000
30	  G	  0.2	  0.4	0.264	0.000	0.000
31	  T	  0.3	  0.3	0.000	0.000	0.000
32	  T	  0.3	  0.7	0.000	0.000	0.000
33	  P	  0.2	  0.4	0.000	0.000	0.000
34	  S	  1.0	  0.4	0.000	0.000	0.000
35	  V	  2.0	  0.4	0.000	0.000	0.000
36	  Y	  2.1	  1.1	0.000	0.000	0.000
37	  G	  1.2	  1.4	0.000	0.000	0.000
38	  G	  0.1	  1.7	0.000	0.000	0.000
39	  A	  0.0	  2.7	0.000	0.000	0.000
40	  G	  0.0	  1.9	0.000	0.000	0.000
41	  G	  0.0	  1.7	0.000	0.000	0.000
42	  R	  0.2	  1.4	0.000	0.000	0.000
43	  G	  0.3	  0.4	0.000	0.000	0.000
44	  I	  9.4	  0.1	0.000	0.000	0.000
45	  R	 11.4	  0.0	0.000	0.000	0.000
46	  I	 11.4	  0.1	0.000	0.000	0.000
47	  S	  2.5	  0.3	0.000	0.000	0.000
48	  N	  0.3	  0.4	0.000	0.000	0.000
49	  S	  0.5	  0.4	0.000	0.000	0.000
50	  R	  1.1	  0.4	0.000	0.000	0.000
51	  H	  3.4	  0.2	0.000	0.000	0.000
52	  T	  8.8	  0.1	0.000	0.000	0.000
53	  V	 10.9	  0.1	0.000	0.000	0.000
54	  N	  8.5	  0.3	0.000	0.000	0.000
55	  Y	  3.1	  1.6	0.000	0.000	0.000
56	  G	  0.2	  1.9	0.000	0.000	0.000
57	  S	  0.1	  1.9	0.170	0.000	0.000
58	  D	  0.2	  2.0	0.170	0.000	0.000
59	  L	  0.3	  0.7	0.170	0.000	0.000
60	  T	  0.3	  0.6	0.170	0.000	0.000
61	  G	  0.2	  0.7	0.170	0.000	0.000
62	  G	  0.0	  1.3	0.170	0.000	0.000
63	  G	  0.0	  1.2	0.000	0.000	0.000
64	  D	  0.3	  1.0	0.000	0.000	0.000
65	  L	  1.0	  0.9	0.000	0.174	0.174
66	  F	  1.8	  0.0	0.000	0.174	0.174
67	  V	  1.5	  0.9	0.000	0.174	0.174
68	  G	  0.8	  0.9	0.190	0.174	0.174
69	  N	  0.1	  1.0	0.959	0.174	0.174
70	  E	  0.1	  1.0	0.959	0.000	0.000
71	  K	  0.5	  0.1	0.959	0.000	0.000
72	  M	  0.9	  0.1	0.959	0.000	0.000
73	  A	  1.1	  0.0	0.959	0.000	0.000
74	  M	  1.0	  0.2	0.959	0.000	0.000
75	  Q	  0.7	  0.2	0.717	0.000	0.000
76	  N	  0.8	  1.3	0.369	0.000	0.000
77	  L	  0.6	  1.4	0.369	0.000	0.000
78	  N	  0.4	  1.2	2.482	0.000	0.000
79	  D	  0.1	  1.3	3.602	0.000	0.000
80	  R	  0.1	  0.2	3.602	0.000	0.000
81	  L	  0.3	  0.5	3.602	4.608	4.608
82	  A	  0.9	  0.4	3.602	4.608	4.608
83	  S	  1.3	  0.3	5.179	4.608	4.608
84	  Y	  1.8	  0.3	4.132	4.608	4.608
85	  L	  1.3	  0.0	3.173	4.608	4.608
86	  E	  0.9	  0.0	3.173	0.000	0.000
87	  K	  1.9	  0.0	2.700	0.000	0.000
88	  V	  2.5	  0.1	1.999	0.000	0.000
89	  R	  2.7	  0.0	1.999	0.000	0.000
90	  T	  2.1	  0.0	0.864	0.000	0.000
91	  L	  1.4	  0.1	0.864	0.000	0.000
92	  E	  1.2	  0.1	0.612	0.000	0.000
93	  Q	  0.1	  0.3	0.356	0.000	0.000
94	  S	  0.2	  0.5	0.000	0.000	0.000
95	  N	  0.3	  0.5	0.000	0.000	0.000
96	  S	  0.4	  0.5	0.723	0.000	0.000
97	  K	  1.9	  0.3	0.723	0.000	0.000
98	  L	  3.4	  0.1	0.723	0.000	0.000
99	  E	  5.9	  0.1	0.723	0.000	0.000
100	  V	  8.1	  0.0	0.723	0.000	0.000
101	  Q	  8.0	  0.0	0.723	0.000	0.000
102	  I	  6.5	  0.0	0.451	0.000	0.000
103	  K	  3.1	  0.0	0.451	0.000	0.000
104	  Q	  3.5	  0.0	0.215	0.000	0.000
105	  W	  3.7	  0.0	0.000	0.000	0.000
106	  Y	  4.0	  0.1	0.000	0.000	0.000
107	  E	  2.0	  0.1	0.000	0.000	0.000
108	  T	  0.8	  0.1	0.000	0.000	0.000
109	  N	  0.4	  0.1	0.000	0.000	0.000
110	  A	  0.2	  0.2	0.000	0.000	0.000
111	  P	  0.0	  0.3	0.000	0.000	0.000
112	  R	  0.1	  0.7	0.000	0.000	0.000
113	  A	  0.1	  0.9	0.000	0.000	0.000
114	  G	  0.1	  1.0	0.000	0.000	0.000
115	  R	  0.2	  0.9	0.000	0.000	0.000
116	  D	  0.8	  0.9	1.246	0.000	0.000
117	  Y	  4.4	  0.7	1.246	0.249	0.249
118	  S	  4.4	  0.4	5.263	0.249	0.249
119	  A	  4.1	  0.4	5.263	0.249	0.249
120	  Y	  2.3	  0.0	5.710	0.249	0.249
121	  Y	  4.1	  0.1	5.710	0.249	0.249
122	  R	  4.9	  0.1	5.507	0.000	0.000
123	  Q	  5.7	  0.1	5.133	0.000	0.000
124	  I	  3.9	  0.1	4.911	0.000	0.000
125	  E	  2.8	  0.1	5.108	0.000	0.000
126	  E	  0.4	  0.1	4.955	0.000	0.000
127	  L	  0.8	  0.1	4.706	0.000	0.000
128	  R	  1.1	  0.1	4.275	0.000	0.000
129	  S	  1.2	  0.1	3.332	0.000	0.000
130	  Q	  2.4	  0.1	2.089	0.000	0.000
131	  I	  2.3	  0.2	0.515	0.000	0.000
132	  K	  2.0	  0.2	0.820	0.000	0.000
133	  D	  0.3	  0.1	0.892	0.000	0.000
134	  A	  0.3	  0.2	0.892	0.000	0.000
135	  Q	  1.4	  0.0	0.892	0.000	0.000
136	  L	  1.6	  0.2	0.892	0.000	0.000
137	  Q	  1.4	  0.2	0.892	0.000	0.000
138	  N	  0.4	  0.4	0.892	0.000	0.000
139	  A	  0.3	  0.4	0.454	0.000	0.000
140	  R	  1.4	  0.3	0.316	0.000	0.000
141	  C	  3.0	  0.3	0.000	0.906	0.906
142	  V	  5.3	  0.0	0.000	0.906	0.906
143	  L	  5.7	  0.0	0.000	0.906	0.906
144	  Q	  5.0	  0.0	0.000	0.906	0.906
145	  I	  2.7	  0.1	0.000	0.906	0.906
146	  D	  1.1	  0.1	2.717	0.000	0.000
147	  N	  0.2	  0.1	3.474	0.000	0.000
148	  A	  0.3	  0.1	3.474	0.000	0.000
149	  K	  0.7	  0.1	3.474	0.000	0.000
150	  L	  0.7	  0.0	3.474	0.000	0.000
151	  A	  0.4	  0.0	3.474	0.000	0.000
152	  A	  0.1	  0.3	3.177	0.000	0.000
153	  E	  0.1	  0.3	2.733	0.000	0.000
154	  D	  1.1	  0.3	5.271	0.000	0.000
155	  F	  3.0	  0.4	4.728	0.000	0.000
156	  R	  3.2	  0.0	4.454	0.000	0.000
157	  L	  3.0	  0.0	4.337	0.000	0.000
158	  K	  4.6	  0.0	4.221	0.000	0.000
159	  Y	  4.7	  0.1	4.074	0.000	0.000
160	  E	  3.9	  0.1	2.559	0.000	0.000
161	  T	  0.6	  0.3	0.619	0.000	0.000
162	  E	  0.2	  0.3	0.619	0.000	0.000
163	  R	  0.3	  0.3	0.479	0.000	0.000
164	  G	  0.3	  0.3	0.237	0.000	0.000
165	  I	  4.3	  0.1	0.000	0.000	0.000
166	  R	  4.8	  0.0	0.000	0.000	0.000
167	  L	  8.1	  0.0	0.000	0.000	0.000
168	  T	 10.7	  0.0	0.132	0.000	0.000
169	  V	 11.5	  0.0	0.132	0.000	0.000
170	  E	  8.2	  0.2	0.132	0.000	0.000
171	  A	  1.7	  0.2	0.132	0.000	0.000
172	  D	  0.3	  0.5	0.327	0.000	0.000
173	  L	  0.2	  0.6	0.327	0.000	0.000
174	  Q	  0.2	  0.4	0.327	0.000	0.000
175	  G	  0.1	  0.5	0.327	0.000	0.000
176	  L	  0.2	  0.3	0.196	0.000	0.000
177	  N	  0.3	  0.2	0.196	0.000	0.000
178	  K	  1.2	  0.2	0.000	0.000	0.000
179	  V	  4.1	  0.0	0.000	0.000	0.000
180	  F	  4.3	  0.4	0.000	0.000	0.000
181	  D	  3.4	  0.5	5.019	0.000	0.000
182	  D	  0.5	  0.5	5.183	0.000	0.000
183	  L	  2.4	  0.5	5.183	0.000	0.000
184	  T	  3.6	  0.1	5.183	0.000	0.000
185	  L	  3.6	  0.0	5.183	0.000	0.000
186	  H	  1.8	  0.2	5.183	0.000	0.000
187	  K	  0.7	  0.3	1.455	0.000	0.000
188	  T	  0.6	  0.3	1.496	0.000	0.000
189	  D	  0.5	  0.3	1.496	0.000	0.000
190	  L	  1.7	  0.1	1.496	0.000	0.000
191	  E	  2.3	  0.0	1.496	0.000	0.000
192	  I	  3.2	  0.0	1.496	0.000	0.000
193	  Q	  4.6	  0.0	1.912	0.000	0.000
194	  I	  4.1	  0.0	1.555	0.000	0.000
195	  E	  2.9	  0.1	1.914	0.000	0.000
196	  E	  1.0	  0.1	2.293	0.000	0.000
197	  L	  0.9	  0.1	2.294	0.000	0.000
198	  N	  0.9	  1.1	6.338	0.000	0.000
199	  K	  0.2	  1.1	6.367	0.000	0.000
200	  D	  0.1	  1.1	9.990	0.000	0.000
201	  L	  0.4	  1.1	10.200	0.000	0.000
202	  A	  0.6	  0.0	10.200	0.000	0.000
203	  L	  0.8	  0.0	10.200	0.000	0.000
204	  L	  0.6	  0.0	9.579	0.000	0.000
205	  K	  0.5	  0.1	8.861	0.000	0.000
206	  K	  0.5	  0.1	4.006	0.000	0.000
207	  E	  0.7	  0.1	0.576	0.000	0.000
208	  H	  0.7	  0.2	0.161	0.000	0.000
209	  Q	  0.6	  0.2	0.000	0.000	0.000
210	  E	  0.3	  0.1	0.000	0.000	0.000
211	  E	  5.2	  0.2	0.000	0.000	0.000
212	  V	  5.4	  0.4	0.000	0.000	0.000
213	  D	  5.4	  0.4	0.000	0.000	0.000
214	  G	  0.3	  0.4	0.000	0.000	0.000
215	  L	  0.2	  0.4	0.000	0.000	0.000
216	  H	  0.5	  0.2	0.000	0.000	0.000
217	  K	  0.6	  0.2	0.000	0.000	0.000
218	  H	  0.5	  0.2	0.000	0.000	0.000
219	  L	  0.2	  1.7	0.000	0.000	0.000
220	  G	  0.2	  1.5	0.000	0.000	0.000
221	  N	  0.7	  1.5	0.000	0.000	0.000
222	  T	  5.0	  1.5	0.000	0.000	0.000
223	  V	 14.8	  0.0	0.000	0.000	0.000
224	  N	 17.4	  0.0	0.000	0.000	0.000
225	  V	 29.9	  0.0	0.000	0.000	0.000
226	  E	 24.0	  0.0	0.000	0.000	0.000
227	  V	 20.7	  0.0	0.000	0.000	0.000
228	  D	  5.4	  0.0	0.000	0.000	0.000
229	  A	  0.5	  0.0	0.000	0.000	0.000
230	  A	  0.0	  0.7	0.000	0.000	0.000
231	  P	  0.0	  0.7	0.000	0.000	0.000
232	  G	  0.1	  0.9	0.000	0.000	0.000
233	  L	  1.6	  0.9	0.000	1.166	1.166
234	  N	  1.6	  0.2	0.164	1.317	1.317
235	  L	  1.5	  0.2	0.164	2.920	2.920
236	  G	  0.1	  0.0	0.164	2.920	2.920
237	  V	  8.0	  0.0	0.164	2.920	2.920
238	  I	  8.6	  0.0	0.164	2.920	2.920
239	  M	  8.5	  0.0	0.164	1.944	1.944
240	  N	  0.7	  0.0	2.023	0.000	0.000
241	  E	  0.3	  0.0	2.626	0.000	0.000
242	  M	  0.6	  0.1	2.626	0.000	0.000
243	  R	  0.8	  0.1	2.626	0.000	0.000
244	  Q	  1.2	  0.1	2.626	0.000	0.000
245	  K	  4.3	  0.1	2.626	0.000	0.000
246	  Y	 12.2	  0.0	2.228	0.000	0.000
247	  E	 12.1	  0.0	1.984	0.000	0.000
248	  V	 10.0	  0.0	1.812	0.000	0.000
249	  M	  1.7	  0.0	1.812	0.000	0.000
250	  A	  1.3	  0.0	1.505	0.000	0.000
251	  Q	  0.3	  0.2	1.505	0.000	0.000
252	  K	  0.3	  0.2	0.708	0.000	0.000
253	  N	  0.4	  0.2	1.355	0.000	0.000
254	  L	  0.3	  0.2	1.355	0.000	0.000
255	  Q	  0.3	  0.1	1.355	0.000	0.000
256	  E	  0.5	  0.1	1.474	0.000	0.000
257	  A	  0.5	  0.1	1.592	0.000	0.000
258	  K	  0.5	  0.1	1.592	0.000	0.000
259	  E	  0.2	  0.1	1.140	0.000	0.000
260	  Q	  7.2	  0.1	1.008	0.000	0.000
261	  F	  9.3	  0.1	0.699	0.000	0.000
262	  E	  9.5	  0.1	0.551	0.000	0.000
263	  R	  2.9	  0.1	0.551	0.000	0.000
264	  Q	  0.7	  0.1	0.551	0.223	0.223
265	  T	  1.2	  0.1	0.271	0.223	0.223
266	  A	  1.8	  0.1	0.271	0.223	0.223
267	  V	  4.2	  0.0	0.271	0.223	0.223
268	  L	  3.5	  0.0	0.271	0.223	0.223
269	  Q	  2.9	  0.0	0.271	0.000	0.000
270	  Q	  0.6	  0.0	0.271	0.000	0.000
271	  Q	  1.0	  0.0	0.000	0.000	0.000
272	  V	 19.0	  0.0	0.000	0.000	0.000
273	  T	 23.5	  0.0	0.000	0.000	0.000
274	  V	 24.0	  0.0	0.000	0.000	0.000
275	  N	  6.6	  0.1	1.652	0.000	0.000
276	  T	  1.3	  0.1	1.956	0.000	0.000
277	  E	  0.2	  0.1	1.956	0.000	0.000
278	  E	  1.3	  0.1	1.956	0.000	0.000
279	  L	  1.4	  0.3	1.956	0.000	0.000
280	  K	  1.4	  0.3	1.956	0.000	0.000
281	  G	  0.1	  0.3	0.918	0.000	0.000
282	  T	  0.4	  0.3	0.000	0.000	0.000
283	  E	  3.1	  0.1	0.000	0.000	0.000
284	  V	  7.7	  0.0	0.000	0.000	0.000
285	  Q	  8.3	  0.0	0.000	0.000	0.000
286	  L	  5.7	  0.0	0.000	0.000	0.000
287	  T	  1.1	  0.1	0.575	0.000	0.000
288	  E	  0.4	  0.1	0.575	0.000	0.000
289	  L	  0.5	  0.1	0.575	0.000	0.000
290	  R	  0.7	  0.1	0.575	0.000	0.000
291	  R	  0.6	  0.1	0.575	0.000	0.000
292	  T	  1.6	  0.2	0.575	0.000	0.000
293	  S	  2.9	  0.7	0.575	0.000	0.000
294	  Q	  3.0	  0.7	0.296	0.000	0.000
295	  S	  2.9	  0.7	0.826	0.000	0.000
296	  L	  2.6	  0.6	0.826	0.000	0.000
297	  E	  3.2	  0.0	0.826	0.000	0.000
298	  I	  5.0	  0.0	0.826	0.000	0.000
299	  E	  4.0	  0.0	0.826	0.000	0.000
300	  L	  3.4	  0.1	0.826	0.000	0.000
301	  Q	  0.8	  0.1	0.826	0.000	0.000
302	  S	  0.6	  0.1	0.252	0.000	0.000
303	  H	  1.1	  0.1	0.000	0.000	0.000
304	  L	  2.9	  0.1	0.000	0.000	0.000
305	  S	  3.3	  0.0	0.350	0.000	0.000
306	  M	  2.7	  0.0	0.350	0.000	0.000
307	  K	  0.8	  0.2	0.350	0.000	0.000
308	  E	  0.2	  0.2	0.350	0.000	0.000
309	  S	  1.2	  0.2	0.350	0.000	0.000
310	  L	  1.4	  0.2	0.350	0.000	0.000
311	  E	  2.0	  0.1	0.350	0.000	0.000
312	  H	  2.1	  0.1	0.198	0.000	0.000
313	  T	  2.7	  0.1	1.667	0.000	0.000
314	  L	  2.1	  0.1	1.862	0.000	0.000
315	  E	  1.1	  0.1	3.201	0.000	0.000
316	  E	  0.5	  0.1	3.455	0.000	0.000
317	  T	  1.0	  0.1	4.002	0.000	0.000
318	  K	  1.1	  0.1	4.002	0.000	0.000
319	  A	  0.8	  0.0	3.742	0.000	0.000
320	  R	  1.4	  0.0	3.507	0.000	0.000
321	  Y	  2.8	  0.1	2.960	0.000	0.000
322	  S	  2.8	  0.2	1.212	0.000	0.000
323	  S	  1.9	  0.2	1.040	0.000	0.000
324	  Q	  0.5	  0.2	0.894	0.000	0.000
325	  L	  0.3	  0.4	0.894	0.000	0.000
326	  A	  0.2	  0.3	0.894	0.000	0.000
327	  N	  0.3	  0.3	2.198	0.000	0.000
328	  L	  0.6	  0.3	2.036	0.000	0.000
329	  Q	  0.7	  0.1	1.853	0.000	0.000
330	  S	  0.6	  0.1	1.526	0.000	0.000
331	  L	  0.7	  0.1	1.399	0.000	0.000
332	  L	  0.8	  0.1	1.399	0.000	0.000
333	  S	  0.7	  0.1	13.374	0.000	0.000
334	  S	  1.2	  0.1	17.710	0.000	0.000
335	  L	  1.1	  0.1	17.796	0.000	0.000
336	  E	  1.1	  0.1	18.488	0.000	0.000
337	  A	  0.5	  0.0	18.488	0.000	0.000
338	  Q	  0.8	  0.0	18.488	0.000	0.000
339	  L	  0.9	  0.0	16.629	0.000	0.000
340	  M	  2.3	  0.0	16.106	0.000	0.000
341	  Q	  2.8	  0.0	14.399	0.000	0.000
342	  I	  3.9	  0.0	11.282	0.000	0.000
343	  R	  2.5	  0.2	11.282	0.000	0.000
344	  S	  1.5	  0.2	6.696	0.000	0.000
345	  N	  0.6	  0.2	5.148	0.000	0.000
346	  M	  0.5	  0.2	2.303	0.000	0.000
347	  E	  0.8	  0.1	1.744	0.000	0.000
348	  R	  1.8	  0.3	1.440	0.000	0.000
349	  Q	  1.8	  0.3	1.113	0.000	0.000
350	  N	  1.5	  0.3	0.285	0.000	0.000
351	  N	  0.1	  0.2	0.361	0.000	0.000
352	  E	  3.5	  0.1	0.205	0.000	0.000
353	  Y	  8.4	  0.0	0.205	0.110	0.110
354	  H	 11.1	  0.0	0.076	0.110	0.110
355	  I	  9.5	  0.0	0.076	0.110	0.110
356	  L	  4.7	  0.0	0.076	0.110	0.110
357	  L	  3.3	  0.0	0.076	0.110	0.110
358	  D	  2.2	  0.0	35.773	0.000	0.000
359	  I	  2.9	  0.0	35.773	0.000	0.000
360	  K	  1.7	  0.0	35.773	0.000	0.000
361	  T	  1.3	  0.0	37.273	0.000	0.000
362	  R	  0.6	  0.0	37.359	0.000	0.000
363	  L	  0.5	  0.1	37.359	0.000	0.000
364	  E	  0.3	  0.1	36.139	0.000	0.000
365	  Q	  0.1	  0.0	34.388	0.000	0.000
366	  E	  0.5	  0.0	31.112	0.000	0.000
367	  I	  1.1	  0.1	28.884	0.000	0.000
368	  A	  1.6	  0.1	28.781	0.000	0.000
369	  T	  9.4	  0.1	27.222	0.000	0.000
370	  Y	  9.9	  0.1	26.930	0.000	0.000
371	  R	  9.6	  0.1	17.102	0.000	0.000
372	  R	  1.8	  0.1	10.800	0.000	0.000
373	  L	  0.6	  0.1	7.787	0.000	0.000
374	  L	  0.3	  0.3	6.982	0.000	0.000
375	  E	  0.1	  0.5	6.382	0.000	0.000
376	  G	  0.0	  0.8	4.590	0.000	0.000
377	  E	  0.0	  0.8	0.570	0.000	0.000
378	  D	  1.3	  0.5	0.717	0.000	0.000
379	  V	  2.9	  0.3	0.657	0.000	0.000
380	  K	  3.7	  0.0	0.657	0.000	0.000
381	  T	  2.8	  0.1	0.657	0.000	0.000
382	  T	  1.5	  0.1	0.657	0.000	0.000
383	  E	  1.9	  0.0	0.657	0.000	0.000
384	  Y	  5.0	  0.0	0.441	0.000	0.000
385	  Q	  5.5	  0.0	0.141	0.000	0.000
386	  L	  4.3	  0.1	0.000	0.000	0.000
387	  S	  1.1	  0.1	0.000	0.000	0.000
388	  T	  1.4	  0.1	0.787	0.000	0.000
389	  L	  1.2	  0.1	0.787	0.000	0.000
390	  E	  1.1	  0.1	1.207	0.000	0.000
391	  E	  0.3	  0.2	1.344	0.000	0.000
392	  R	  0.5	  0.2	1.344	0.000	0.000
393	  D	  1.6	  0.1	1.344	0.000	0.000
394	  I	  1.9	  0.1	1.205	0.000	0.000
395	  K	  1.8	  0.1	1.205	0.000	0.000
396	  K	  0.9	  0.1	0.865	0.000	0.000
397	  T	  1.6	  0.1	0.000	0.000	0.000
398	  R	  2.0	  0.1	0.000	0.000	0.000
399	  K	  4.1	  0.0	0.000	0.000	0.000
400	  I	  4.5	  0.1	0.000	0.778	0.778
401	  K	  4.7	  0.0	0.000	0.973	0.973
402	  T	  7.7	  0.0	0.000	0.973	0.973
403	  V	  9.9	  0.0	0.000	0.973	0.973
404	  V	  9.7	  0.0	0.000	0.973	0.973
405	  Q	  4.6	  0.0	0.000	0.973	0.973
406	  E	  1.4	  0.0	0.000	0.973	0.973
407	  V	  4.6	  0.1	0.000	0.973	0.973
408	  V	  4.5	  1.4	0.000	0.973	0.973
409	  D	  4.0	  1.4	0.000	0.000	0.000
410	  G	  0.2	  1.4	0.000	0.000	0.000
411	  K	  1.9	  1.4	0.000	0.000	0.000
412	  V	  5.9	  0.0	0.000	0.000	0.000
413	  V	  7.0	  0.0	0.000	0.000	0.000
414	  S	  5.2	  0.1	0.000	0.000	0.000
415	  S	  1.3	  0.1	0.000	0.000	0.000
416	  E	 13.5	  0.1	0.000	0.000	0.000
417	  V	 14.8	  0.1	0.000	0.000	0.000
418	  K	 15.2	  0.0	0.000	0.000	0.000
419	  E	  4.0	  0.0	0.000	0.000	0.000
420	  V	  2.9	  0.1	0.000	0.000	0.000
421	  E	  2.5	  0.2	0.000	0.000	0.000
422	  E	  0.5	  0.2	0.000	0.000	0.000
423	  N	  0.0	  0.2	0.000	0.000	0.000
424	  I	  0.0	  0.1	0.000	0.000	0.000
