res	aa	Beta	Turn	Helix	Aggregation	Conc-Stab_Aggregation
01	  M	  0.5	  0.0	0.173	0.000	0.000
02	  R	  0.8	  0.0	0.602	0.000	0.000
03	  A	  1.0	  0.0	0.791	25.433	25.433
04	  W	  0.9	  0.0	1.317	87.116	87.116
05	  I	  1.7	  0.0	1.317	99.097	99.097
06	  F	  2.5	  0.0	1.317	99.794	99.794
07	  F	  2.8	  0.0	1.461	99.844	99.844
08	  L	  3.0	  0.0	1.461	99.748	99.748
09	  L	  3.2	  0.0	1.461	97.630	97.630
10	  C	  4.7	  0.0	1.679	81.707	81.707
11	  L	  3.5	  0.4	1.679	71.863	71.863
12	  A	  2.3	  0.5	1.679	18.067	18.067
13	  G	  0.1	  0.5	1.700	1.492	1.492
14	  R	  0.3	  0.5	0.528	0.000	0.000
15	  A	  0.3	  0.1	0.528	0.000	0.000
16	  L	  0.5	  0.0	0.528	0.000	0.000
17	  A	  0.3	  0.0	0.528	0.000	0.000
18	  A	  0.3	  0.2	0.528	0.000	0.000
19	  P	  0.0	  0.2	0.000	0.000	0.000
20	  Q	  0.3	  0.3	0.000	0.000	0.000
21	  Q	  0.3	  0.3	0.000	0.000	0.000
22	  E	  0.4	  0.1	0.000	0.000	0.000
23	  A	  0.1	  0.1	0.000	0.000	0.000
24	  L	  0.1	  0.7	0.000	0.000	0.000
25	  P	  0.0	  0.7	0.000	0.000	0.000
26	  D	  0.0	  1.0	0.000	0.000	0.000
27	  E	  0.0	  1.0	0.000	0.000	0.000
28	  T	  0.4	  0.3	0.000	0.000	0.000
29	  E	  1.0	  0.2	0.000	0.000	0.000
30	  V	  5.1	  0.0	0.000	0.000	0.000
31	  V	  5.2	  0.0	0.000	0.000	0.000
32	  E	  4.7	  0.1	0.000	0.000	0.000
33	  E	  0.6	  0.1	0.000	0.000	0.000
34	  T	  3.9	  0.1	0.000	0.000	0.000
35	  V	  4.5	  0.0	0.000	0.000	0.000
36	  A	  4.7	  0.0	0.000	0.000	0.000
37	  E	  5.6	  0.0	0.000	0.000	0.000
38	  V	  5.6	  0.0	0.000	0.000	0.000
39	  T	  5.7	  0.0	0.000	0.000	0.000
40	  E	  3.8	  0.0	0.000	0.000	0.000
41	  V	 11.6	  0.0	0.000	0.000	0.000
42	  S	 11.6	  0.2	0.000	0.000	0.000
43	  V	  9.0	  0.5	0.000	0.000	0.000
44	  G	  0.5	  0.5	0.000	0.000	0.000
45	  A	  0.1	  0.5	0.000	0.000	0.000
46	  N	  0.0	  0.3	0.000	0.000	0.000
47	  P	  0.0	  0.0	0.000	0.000	0.000
48	  V	  3.8	  0.0	0.000	0.000	0.000
49	  Q	  5.4	  0.0	0.000	0.000	0.000
50	  V	 23.5	  0.0	0.000	0.000	0.000
51	  E	 20.0	  0.0	0.000	0.000	0.000
52	  V	 18.4	  0.4	0.000	0.000	0.000
53	  G	  0.2	  0.4	0.000	0.000	0.000
54	  E	  1.7	  0.4	0.000	0.000	0.000
55	  F	  2.0	  1.0	0.000	0.000	0.000
56	  D	  2.0	  1.4	0.000	0.000	0.000
57	  D	  0.3	  1.5	0.000	0.000	0.000
58	  G	  0.0	  1.5	0.000	0.000	0.000
59	  A	  0.0	  0.9	0.000	0.000	0.000
60	  E	  0.0	  0.2	0.000	0.000	0.000
61	  E	  0.1	  0.1	0.000	0.000	0.000
62	  T	  0.1	  0.2	0.000	0.000	0.000
63	  E	  0.1	  0.1	0.000	0.000	0.000
64	  E	  0.1	  0.1	0.000	0.000	0.000
65	  E	  0.6	  0.1	0.000	0.000	0.000
66	  V	  5.3	  0.0	0.000	0.000	0.000
67	  V	  6.0	  0.0	0.000	0.000	0.000
68	  A	  5.4	  0.0	0.000	0.000	0.000
69	  E	  0.8	  0.0	0.000	0.000	0.000
70	  N	  0.0	  0.2	0.000	0.000	0.000
71	  P	  0.0	  0.2	0.000	0.000	0.000
72	  C	  0.7	  0.6	0.000	0.000	0.000
73	  Q	  0.8	  0.6	0.000	0.000	0.000
74	  N	  0.9	  0.4	0.000	0.000	0.000
75	  H	  1.1	  0.5	0.000	0.000	0.000
76	  H	  1.5	  0.1	0.000	0.000	0.000
77	  C	  1.7	  0.5	0.000	0.000	0.000
78	  K	  0.9	  2.3	0.000	0.000	0.000
79	  H	  0.4	  2.3	0.000	0.000	0.000
80	  G	  0.1	  2.3	0.000	0.000	0.000
81	  K	  1.0	  1.9	0.000	0.000	0.000
82	  V	  2.0	  0.1	0.000	0.000	0.000
83	  C	  3.7	  0.1	0.000	0.000	0.000
84	  E	  3.5	  0.1	0.000	0.000	0.000
85	  L	  2.5	  0.1	0.000	0.000	0.000
86	  D	  0.8	  4.2	0.000	0.000	0.000
87	  E	  0.1	  4.1	0.000	0.000	0.000
88	  N	  0.1	  4.1	0.000	0.000	0.000
89	  N	  0.2	  4.1	0.000	0.000	0.000
90	  T	  0.1	  0.2	0.000	0.000	0.000
91	  P	  0.1	  0.2	0.000	0.000	0.000
92	  M	  1.1	  0.2	0.000	0.000	0.000
93	  C	  2.0	  0.2	0.000	0.000	0.000
94	  V	  2.9	  0.0	0.000	0.000	0.000
95	  C	  2.9	  0.0	0.000	0.000	0.000
96	  Q	  2.0	  0.0	0.000	0.000	0.000
97	  D	  1.1	  0.7	0.000	0.000	0.000
98	  P	  0.0	  0.8	0.000	0.000	0.000
99	  T	  3.4	  0.8	0.000	0.000	0.000
100	  S	  3.8	  0.8	0.000	0.000	0.000
101	  C	  3.9	  0.1	0.000	0.000	0.000
102	  P	  0.5	  0.0	0.000	0.000	0.000
103	  A	  0.1	  0.0	0.000	0.000	0.000
104	  P	  0.0	  0.2	0.000	0.000	0.000
105	  I	  0.0	  0.8	0.000	0.000	0.000
106	  G	  0.1	  0.8	0.478	0.000	0.000
107	  E	  0.9	  0.8	0.478	0.000	0.000
108	  F	  3.0	  0.7	0.478	0.000	0.000
109	  E	  3.0	  0.1	0.478	0.000	0.000
110	  K	  3.1	  0.1	0.478	0.000	0.000
111	  V	  2.0	  0.1	0.478	0.000	0.000
112	  C	  2.1	  0.6	0.478	0.000	0.000
113	  S	  1.2	  1.1	0.354	0.000	0.000
114	  N	  0.2	  2.6	0.234	0.000	0.000
115	  D	  0.0	  2.6	0.000	0.000	0.000
116	  N	  0.1	  2.1	0.000	0.000	0.000
117	  K	  0.7	  1.5	0.000	0.000	0.000
118	  T	  7.9	  0.1	0.000	0.000	0.000
119	  F	  8.7	  0.2	0.000	0.000	0.000
120	  D	  8.1	  2.3	0.000	0.000	0.000
121	  S	  1.6	  2.3	0.000	0.000	0.000
122	  S	  4.0	  2.3	0.000	0.000	0.000
123	  C	  5.3	  2.2	0.000	0.000	0.000
124	  H	  6.8	  0.0	0.000	0.000	0.000
125	  F	  5.0	  0.0	0.000	0.000	0.000
126	  F	  3.9	  0.0	0.000	0.000	0.000
127	  A	  2.1	  0.0	0.000	0.000	0.000
128	  T	  2.2	  0.0	0.000	0.000	0.000
129	  K	  4.8	  0.0	0.000	0.000	0.000
130	  C	  6.8	  0.1	0.000	0.000	0.000
131	  T	  6.2	  0.0	0.000	0.000	0.000
132	  L	  3.4	  0.2	0.000	0.000	0.000
133	  E	  1.1	  0.4	0.000	0.000	0.000
134	  G	  0.0	  0.4	0.124	0.000	0.000
135	  T	  1.1	  0.6	0.124	0.000	0.000
136	  K	  1.1	  1.0	0.124	0.000	0.000
137	  K	  1.1	  0.8	0.124	0.000	0.000
138	  G	  0.1	  0.8	0.124	0.000	0.000
139	  H	  0.7	  0.7	0.124	0.000	0.000
140	  K	  1.2	  0.1	0.000	0.000	0.000
141	  L	  2.3	  0.1	0.000	0.000	0.000
142	  H	  2.4	  0.4	0.000	0.000	0.000
143	  L	  3.1	  0.3	0.000	0.000	0.000
144	  D	  2.5	  0.3	0.000	0.000	0.000
145	  Y	  2.2	  0.3	0.000	0.000	0.000
146	  I	  1.0	  0.1	0.000	0.000	0.000
147	  G	  0.5	  0.3	0.000	0.000	0.000
148	  P	  0.0	  0.3	0.000	0.000	0.000
149	  C	  0.3	  0.3	0.000	0.000	0.000
150	  K	  1.1	  0.2	0.000	0.000	0.000
151	  Y	  1.1	  0.0	0.000	0.000	0.000
152	  I	  0.9	  0.0	0.000	0.000	0.000
153	  P	  0.0	  0.1	0.000	0.000	0.000
154	  P	  0.0	  0.1	0.000	0.000	0.000
155	  C	  1.5	  0.4	0.000	0.000	0.000
156	  L	  1.8	  0.4	0.000	0.000	0.000
157	  D	  1.9	  0.4	0.000	0.000	0.000
158	  S	  0.4	  0.4	0.822	0.000	0.000
159	  E	  0.7	  0.2	0.822	0.000	0.000
160	  L	  0.7	  0.2	0.822	0.000	0.000
161	  T	  1.1	  0.1	0.822	0.000	0.000
162	  E	  0.5	  0.0	0.822	0.000	0.000
163	  F	  0.5	  0.2	0.822	0.000	0.000
164	  P	  0.1	  0.1	0.116	0.000	0.000
165	  L	  1.7	  0.1	0.116	0.000	0.000
166	  R	  2.4	  0.1	0.248	0.000	0.000
167	  M	  2.6	  0.4	0.248	0.000	0.000
168	  R	  1.1	  0.4	0.248	0.000	0.000
169	  D	  0.4	  0.4	0.248	0.180	0.180
170	  W	  0.7	  0.4	0.248	1.694	1.694
171	  L	  0.7	  0.1	0.248	1.717	1.717
172	  K	  0.9	  0.1	0.248	1.728	1.728
173	  N	  0.6	  0.1	0.106	4.763	4.763
174	  V	  6.6	  0.1	0.106	81.818	81.818
175	  L	  6.7	  0.0	0.106	91.813	91.813
176	  V	 13.4	  0.0	0.106	91.813	91.813
177	  T	  8.3	  0.0	0.242	91.813	91.813
178	  L	  8.0	  0.0	0.242	91.779	91.779
179	  Y	  3.3	  0.1	0.242	56.265	56.265
180	  E	  2.4	  0.2	0.135	1.583	1.583
181	  R	  2.3	  0.2	0.135	0.035	0.035
182	  D	  0.2	  4.8	0.135	0.000	0.000
183	  E	  0.0	  4.8	0.000	0.000	0.000
184	  D	  0.0	  5.1	0.000	0.000	0.000
185	  N	  0.0	  5.0	0.000	0.000	0.000
186	  N	  0.0	  0.5	2.571	0.000	0.000
187	  L	  0.2	  0.4	2.571	0.000	0.000
188	  L	  0.3	  0.0	2.571	0.000	0.000
189	  T	  0.5	  0.1	5.755	0.000	0.000
190	  E	  0.5	  0.1	5.755	0.000	0.000
191	  K	  0.7	  0.1	5.755	0.000	0.000
192	  Q	  0.7	  0.1	4.497	0.000	0.000
193	  K	  1.3	  0.1	4.144	0.000	0.000
194	  L	  3.1	  0.1	3.826	0.000	0.000
195	  R	  4.3	  0.0	2.890	0.000	0.000
196	  V	  4.2	  0.0	1.626	0.000	0.000
197	  K	  2.3	  0.0	1.455	0.000	0.000
198	  K	  1.8	  0.0	0.178	0.000	0.000
199	  I	  1.7	  0.0	0.000	0.000	0.000
200	  H	  1.6	  0.5	0.282	0.000	0.000
201	  E	  0.6	  0.5	0.282	0.000	0.000
202	  N	  0.1	  0.7	1.502	0.000	0.000
203	  E	  0.2	  0.7	1.691	0.000	0.000
204	  K	  0.3	  0.2	1.691	0.000	0.000
205	  R	  0.7	  0.2	1.691	0.000	0.000
206	  L	  0.7	  0.1	1.546	0.000	0.000
207	  E	  0.6	  0.3	1.546	0.000	0.000
208	  A	  0.2	  1.6	1.138	0.000	0.000
209	  G	  0.0	  1.6	0.889	0.000	0.000
210	  D	  0.0	  1.5	0.000	0.000	0.000
211	  H	  0.0	  1.3	0.179	0.000	0.000
212	  P	  0.0	  0.0	0.303	0.000	0.000
213	  V	  4.7	  0.0	0.443	0.000	0.000
214	  E	  4.7	  0.0	0.443	0.000	0.000
215	  L	  4.9	  0.0	0.443	0.000	0.000
216	  L	  0.3	  0.0	0.443	0.000	0.000
217	  A	  0.3	  0.2	0.443	0.000	0.000
218	  R	  0.3	  0.2	0.443	0.000	0.000
219	  D	  1.8	  0.2	0.173	0.000	0.000
220	  F	  3.8	  0.3	0.173	0.000	0.000
221	  E	  3.8	  0.2	0.173	0.000	0.000
222	  K	  2.5	  0.2	0.173	0.000	0.000
223	  N	  1.4	  0.5	0.435	0.000	0.000
224	  Y	  3.0	  0.4	0.435	0.130	0.130
225	  N	  3.5	  0.2	0.435	0.130	0.130
226	  M	  3.4	  0.2	0.262	0.296	0.296
227	  Y	  2.6	  0.0	0.262	0.296	0.296
228	  I	  2.0	  0.0	0.262	0.296	0.296
229	  F	  1.2	  0.0	0.262	0.167	0.167
230	  P	  0.1	  0.0	0.000	0.167	0.167
231	  V	  3.7	  0.0	0.000	0.000	0.000
232	  H	  6.0	  0.0	0.000	0.000	0.000
233	  W	  9.3	  0.0	0.000	0.000	0.000
234	  Q	  6.0	  0.2	0.000	0.000	0.000
235	  F	  3.7	  0.5	0.000	0.000	0.000
236	  G	  0.4	  0.5	0.000	0.000	0.000
237	  Q	  0.8	  0.5	0.000	0.000	0.000
238	  L	  0.9	  0.4	0.000	0.000	0.000
239	  D	  0.9	  0.1	0.000	0.000	0.000
240	  Q	  0.3	  0.0	0.000	0.000	0.000
241	  H	  0.1	  0.0	0.000	0.000	0.000
242	  P	  0.1	  0.2	0.000	0.000	0.000
243	  I	  0.7	  2.0	0.000	0.000	0.000
244	  D	  0.7	  2.0	0.000	0.000	0.000
245	  G	  0.7	  2.0	0.000	0.000	0.000
246	  Y	  1.1	  1.8	0.000	0.000	0.000
247	  L	  1.8	  0.1	0.000	0.000	0.000
248	  S	  3.0	  0.1	0.132	0.000	0.000
249	  H	  2.2	  0.2	0.132	0.000	0.000
250	  T	  1.6	  0.2	0.132	0.000	0.000
251	  E	  0.6	  0.1	0.132	0.000	0.000
252	  L	  0.3	  0.1	0.132	0.000	0.000
253	  A	  0.3	  0.2	0.132	0.000	0.000
254	  P	  0.0	  0.1	0.000	0.000	0.000
255	  L	  1.0	  0.1	0.000	0.000	0.000
256	  R	  1.1	  0.1	0.000	0.000	0.000
257	  A	  1.1	  0.0	0.000	0.000	0.000
258	  P	  0.0	  0.0	0.000	0.000	0.000
259	  L	  0.1	  0.0	0.000	0.000	0.000
260	  I	  0.1	  0.0	0.000	0.000	0.000
261	  P	  0.1	  0.0	0.000	0.000	0.000
262	  M	  0.5	  0.1	0.000	0.000	0.000
263	  E	  0.7	  0.1	0.000	0.000	0.000
264	  H	  1.8	  0.1	0.000	0.000	0.000
265	  C	  1.8	  0.2	0.000	0.000	0.000
266	  T	  2.7	  0.1	0.000	0.000	0.000
267	  T	  2.5	  0.1	0.000	0.000	0.000
268	  R	  3.4	  0.1	0.000	0.000	0.000
269	  F	  4.6	  0.0	0.000	0.000	0.000
270	  F	  4.1	  0.1	0.000	0.000	0.000
271	  E	  3.0	  0.1	0.000	0.000	0.000
272	  T	  2.6	  0.1	0.000	0.000	0.000
273	  C	  2.7	  0.2	0.000	0.000	0.000
274	  D	  2.7	  1.8	0.000	0.000	0.000
275	  L	  0.7	  2.0	0.000	0.000	0.000
276	  D	  0.3	  2.9	0.000	0.000	0.000
277	  N	  0.1	  2.9	0.000	0.000	0.000
278	  D	  0.1	  1.1	0.000	0.000	0.000
279	  K	  0.6	  1.0	0.000	0.000	0.000
280	  Y	  2.2	  0.0	0.000	0.000	0.000
281	  I	  4.9	  0.0	0.000	0.000	0.000
282	  A	  4.6	  0.0	0.000	0.000	0.000
283	  L	  2.9	  0.0	0.000	0.000	0.000
284	  D	  0.2	  0.1	0.151	0.000	0.000
285	  E	  0.3	  0.1	0.151	0.000	0.000
286	  W	  0.4	  0.8	0.151	0.208	0.208
287	  A	  0.3	  1.2	0.151	0.208	0.208
288	  G	  0.1	  1.0	0.151	0.208	0.208
289	  C	  0.9	  1.2	0.274	0.208	0.208
290	  F	  1.3	  0.7	0.123	0.208	0.208
291	  G	  1.3	  0.3	0.123	0.208	0.208
292	  I	  1.7	  0.3	0.123	0.208	0.208
293	  K	  1.7	  0.2	0.123	0.000	0.000
294	  Q	  1.7	  0.2	0.123	0.000	0.000
295	  K	  0.6	  0.2	0.123	0.000	0.000
296	  D	  1.1	  0.9	0.000	0.000	0.000
297	  I	  1.3	  0.9	0.000	0.000	0.000
298	  D	  1.1	  2.3	0.000	0.000	0.000
299	  K	  0.3	  2.3	0.000	0.000	0.000
300	  D	  0.2	  1.6	0.000	0.000	0.000
301	  L	  3.0	  1.6	0.000	0.000	0.000
302	  V	  3.0	  0.0	0.000	0.000	0.000
303	  I	  2.8	  0.0	0.000	0.000	0.000
