res	aa	Beta	Turn	Helix	Aggregation	Conc-Stab_Aggregation
01	  M	  0.2	  0.1	0.000	0.000	0.000
02	  A	  0.7	  0.1	0.000	0.001	0.001
03	  S	  1.0	  0.1	0.000	0.002	0.002
04	  M	  1.1	  0.2	0.000	0.084	0.084
05	  G	  0.6	  0.0	0.000	0.217	0.217
06	  L	  1.1	  0.0	0.000	5.074	5.074
07	  Q	  1.4	  0.0	0.000	6.556	6.556
08	  V	  2.6	  0.0	0.000	47.576	47.576
09	  M	  2.2	  0.0	0.000	51.290	51.290
10	  G	  2.2	  0.0	1.424	54.552	54.552
11	  I	  3.6	  0.0	1.424	90.884	90.884
12	  A	  3.2	  0.0	1.424	94.207	94.207
13	  L	  3.1	  0.0	1.424	98.122	98.122
14	  A	  1.3	  0.0	1.424	98.835	98.835
15	  V	  1.8	  0.1	1.662	99.679	99.679
16	  L	  1.4	  0.1	1.662	99.689	99.689
17	  G	  0.6	  0.1	3.152	99.358	99.358
18	  W	  0.4	  0.1	2.842	99.460	99.460
19	  L	  0.7	  0.0	2.462	99.343	99.343
20	  A	  1.3	  0.0	2.462	98.607	98.607
21	  V	  4.4	  0.0	2.462	97.984	97.984
22	  M	  5.2	  0.0	2.462	90.655	90.655
23	  L	  8.7	  0.0	2.270	82.951	82.951
24	  C	 25.6	  0.0	2.150	44.187	44.187
25	  C	 25.4	  0.0	1.586	10.428	10.428
26	  A	 21.4	  0.0	1.239	3.437	3.437
27	  L	  2.1	  0.1	1.091	0.221	0.221
28	  P	  0.0	  0.1	0.000	0.109	0.109
29	  M	  0.1	  0.1	0.000	0.000	0.000
30	  W	  2.5	  0.1	0.159	0.000	0.000
31	  R	  4.8	  0.0	0.159	0.000	0.000
32	  V	  7.8	  0.0	0.159	17.135	17.135
33	  T	  6.2	  0.0	0.159	17.241	17.241
34	  A	  4.2	  0.0	0.159	17.726	17.726
35	  F	  1.6	  0.2	0.159	18.298	18.298
36	  I	  0.8	  1.3	0.000	18.298	18.298
37	  G	  0.5	  1.6	0.000	4.361	4.361
38	  S	  0.1	  1.6	0.000	3.003	3.003
39	  N	  2.1	  1.4	0.250	2.848	2.848
40	  I	  6.4	  0.2	0.250	3.052	3.052
41	  V	  9.0	  0.0	0.250	3.052	3.052
42	  T	  8.1	  0.1	0.250	1.614	1.614
43	  S	  4.1	  0.1	0.250	0.758	0.758
44	  Q	  1.6	  0.1	0.250	0.758	0.758
45	  T	  2.7	  0.1	0.000	0.758	0.758
46	  I	  3.0	  0.1	0.000	0.758	0.758
47	  W	  2.9	  0.4	0.000	0.650	0.650
48	  E	  0.7	  0.4	0.000	0.000	0.000
49	  G	  0.1	  0.4	0.000	0.228	0.228
50	  L	  0.6	  0.4	0.000	2.994	2.994
51	  W	  1.3	  0.2	0.000	4.277	4.277
52	  M	  5.3	  0.2	0.000	4.277	4.277
53	  N	  5.4	  0.2	0.000	4.277	4.277
54	  C	  6.9	  0.2	0.000	4.277	4.277
55	  V	  6.8	  0.0	0.000	4.277	4.277
56	  V	  7.2	  0.0	0.000	4.060	4.060
57	  Q	  5.2	  0.2	0.000	0.000	0.000
58	  S	  1.4	  0.4	0.000	0.000	0.000
59	  T	  0.3	  0.5	0.000	0.000	0.000
60	  G	  0.2	  0.5	0.000	0.000	0.000
61	  Q	  1.3	  0.3	0.000	0.000	0.000
62	  M	  3.2	  0.1	0.000	0.000	0.000
63	  Q	  3.7	  0.0	0.000	0.000	0.000
64	  C	  3.4	  0.0	0.000	0.000	0.000
65	  K	  2.4	  0.0	0.000	0.000	0.000
66	  V	  5.2	  0.0	0.000	0.000	0.000
67	  Y	  5.1	  0.2	0.000	0.000	0.000
68	  D	  4.2	  0.3	0.456	0.000	0.000
69	  S	  1.2	  0.3	0.456	0.000	0.000
70	  L	  0.4	  0.2	0.456	0.000	0.000
71	  L	  1.1	  0.1	0.456	0.000	0.000
72	  A	  1.0	  0.0	0.456	0.000	0.000
73	  L	  0.7	  0.2	0.456	0.000	0.000
74	  P	  0.0	  0.5	0.000	0.000	0.000
75	  Q	  0.1	  0.5	0.000	0.000	0.000
76	  D	  0.2	  0.5	2.017	0.000	0.000
77	  L	  0.6	  0.3	2.348	0.000	0.000
78	  Q	  0.5	  0.0	2.570	0.000	0.000
79	  A	  0.5	  0.0	2.570	0.000	0.000
80	  A	  0.2	  0.0	2.570	0.000	0.000
81	  R	  0.3	  0.0	2.570	0.000	0.000
82	  A	  0.5	  0.0	1.834	7.144	7.144
83	  L	  2.6	  0.0	1.286	66.417	66.417
84	  V	  8.9	  0.0	0.267	96.945	96.945
85	  I	 10.3	  0.0	0.267	99.546	99.546
86	  I	 10.4	  0.0	0.267	99.784	99.784
87	  S	  4.6	  0.0	1.172	99.806	99.806
88	  I	  9.7	  0.0	1.116	99.981	99.981
89	  I	 11.7	  0.0	1.221	99.997	99.997
90	  V	 12.3	  0.0	1.221	99.994	99.994
91	  A	  5.6	  0.1	1.221	99.936	99.936
92	  A	  1.3	  0.1	1.332	99.888	99.888
93	  L	  0.2	  0.1	1.235	99.847	99.847
94	  G	  0.1	  0.1	1.048	99.623	99.623
95	  V	  3.9	  0.0	0.112	99.603	99.603
96	  L	  4.3	  0.0	0.112	99.365	99.365
97	  L	  6.1	  0.0	0.112	98.068	98.068
98	  S	  3.2	  0.0	0.112	90.981	90.981
99	  V	  3.8	  0.0	0.000	90.102	90.102
100	  V	  2.0	  3.1	0.000	79.754	79.754
101	  G	  1.1	  3.2	0.000	0.931	0.931
102	  G	  0.1	  3.2	0.000	0.009	0.009
103	  K	  2.9	  3.2	0.000	0.000	0.000
104	  C	  3.8	  0.3	0.000	0.000	0.000
105	  T	  4.4	  0.2	0.000	0.000	0.000
106	  N	  1.6	  0.2	0.000	0.000	0.000
107	  C	  1.6	  0.2	0.000	0.000	0.000
108	  L	  1.1	  0.2	0.116	0.000	0.000
109	  E	  1.0	  0.2	0.751	0.000	0.000
110	  D	  0.1	  1.9	9.678	0.000	0.000
111	  E	  0.1	  1.9	10.177	0.000	0.000
112	  S	  0.3	  1.7	11.694	0.000	0.000
113	  A	  0.3	  1.7	11.694	0.000	0.000
114	  K	  0.5	  0.0	11.694	0.000	0.000
115	  A	  0.4	  0.1	11.572	0.000	0.000
116	  K	  0.5	  0.1	9.856	0.000	0.000
117	  T	  0.9	  0.1	3.434	12.640	12.640
118	  M	  2.5	  0.1	3.211	34.913	34.913
119	  I	  6.6	  0.0	1.198	88.276	88.276
120	  V	  6.6	  0.1	1.198	93.159	93.159
121	  A	  5.0	  0.1	1.198	93.573	93.573
122	  G	  0.6	  0.1	1.437	94.064	94.064
123	  V	  3.5	  0.1	0.610	99.499	99.499
124	  V	  7.0	  0.0	0.610	99.955	99.955
125	  F	  7.8	  0.0	0.610	99.990	99.990
126	  L	  4.6	  0.0	0.610	99.953	99.953
127	  L	  1.0	  0.1	0.610	99.731	99.731
128	  A	  0.3	  0.1	0.610	98.450	98.450
129	  G	  0.1	  0.1	0.610	97.362	97.362
130	  L	  0.9	  0.1	0.109	97.264	97.264
131	  M	  3.5	  0.0	0.109	96.729	96.729
132	  V	 24.1	  0.0	0.000	96.119	96.119
133	  I	 23.8	  0.0	0.000	88.932	88.932
134	  V	 21.4	  0.0	0.000	10.394	10.394
135	  P	  0.6	  0.0	0.000	4.038	4.038
136	  V	  2.9	  0.0	0.000	0.000	0.000
137	  S	  8.3	  0.0	0.000	0.000	0.000
138	  W	 11.3	  0.0	0.000	0.000	0.000
139	  T	  9.2	  0.0	0.000	0.000	0.000
140	  A	  3.8	  0.0	0.000	0.000	0.000
141	  H	  1.7	  0.0	0.000	0.000	0.000
142	  N	  3.8	  0.0	0.000	0.000	0.000
143	  I	  5.0	  0.0	0.000	0.000	0.000
144	  I	  4.1	  0.2	0.000	0.000	0.000
145	  Q	  1.8	  0.2	0.000	0.000	0.000
146	  D	  1.6	  0.2	0.000	0.000	0.000
147	  F	  4.7	  0.2	0.000	0.000	0.000
148	  Y	  4.4	  0.0	0.000	0.000	0.000
149	  N	  3.4	  0.0	0.158	0.000	0.000
150	  P	  0.2	  0.0	0.158	0.000	0.000
151	  L	  0.9	  0.0	0.158	0.000	0.000
152	  V	  3.3	  0.2	0.158	0.000	0.000
153	  A	  3.4	  0.6	0.158	0.000	0.000
154	  S	  2.5	  0.7	0.158	0.000	0.000
155	  G	  0.1	  0.7	0.000	0.000	0.000
156	  Q	  0.3	  0.5	0.000	0.000	0.000
157	  K	  0.6	  0.2	0.000	0.000	0.000
158	  R	  0.6	  0.1	0.000	0.000	0.000
159	  E	  0.4	  0.1	0.000	0.000	0.000
160	  M	  0.2	  0.2	0.000	1.317	1.317
161	  G	  0.1	  0.4	0.144	1.401	1.401
162	  A	  0.5	  0.4	0.144	6.206	6.206
163	  S	  0.8	  0.4	0.144	11.375	11.375
164	  L	  1.5	  0.3	0.144	53.834	53.834
165	  Y	  1.8	  0.2	0.144	60.867	60.867
166	  V	  1.6	  0.1	0.144	61.703	61.703
167	  G	  1.0	  0.1	0.144	61.144	61.144
168	  W	  0.7	  0.1	0.000	61.831	61.831
169	  A	  0.7	  0.5	0.000	57.424	57.424
170	  A	  0.6	  0.6	0.000	53.195	53.195
171	  S	  0.2	  0.7	0.000	49.691	49.691
172	  G	  0.1	  0.7	0.265	51.230	51.230
173	  L	  1.0	  0.2	0.265	53.743	53.743
174	  L	  1.9	  0.1	0.265	53.661	53.661
175	  L	  2.0	  0.0	0.265	52.499	52.499
176	  L	  1.1	  0.2	0.265	45.805	45.805
177	  G	  0.1	  0.3	0.265	6.862	6.862
178	  G	  0.0	  0.4	0.000	1.598	1.598
179	  G	  0.0	  0.4	0.000	1.236	1.236
180	  L	  1.2	  0.2	0.000	1.236	1.236
181	  L	  6.2	  0.0	0.000	1.071	1.071
182	  C	 13.4	  0.2	0.000	0.080	0.080
183	  C	 14.2	  0.2	0.000	0.000	0.000
184	  N	  9.2	  0.2	0.000	0.000	0.000
185	  C	  2.2	  0.2	0.000	0.000	0.000
186	  P	  0.0	  0.2	0.000	0.000	0.000
187	  P	  0.0	  0.2	0.000	0.000	0.000
188	  R	  0.5	  0.4	0.000	0.000	0.000
189	  T	  0.8	  0.4	0.000	0.000	0.000
190	  D	  0.8	  0.2	0.000	0.000	0.000
191	  K	  0.4	  0.3	0.000	0.000	0.000
192	  P	  0.0	  0.1	0.000	0.000	0.000
193	  Y	  3.9	  0.2	0.000	0.000	0.000
194	  S	  4.2	  0.3	0.000	0.000	0.000
195	  A	  4.3	  0.1	0.000	0.000	0.000
196	  K	  1.1	  0.1	0.000	0.000	0.000
197	  Y	  4.8	  0.1	0.000	0.000	0.000
198	  S	  4.7	  0.0	0.136	0.000	0.000
199	  A	  4.1	  0.0	0.136	0.000	0.000
200	  A	  0.3	  0.1	0.136	0.000	0.000
201	  R	  0.5	  0.1	0.136	0.000	0.000
202	  S	  0.5	  0.1	0.298	0.000	0.000
203	  A	  0.4	  0.1	0.298	0.000	0.000
204	  A	  0.2	  0.2	0.298	0.000	0.000
205	  A	  0.2	  0.5	0.298	0.000	0.000
206	  S	  0.1	  0.5	0.298	0.000	0.000
207	  N	  1.3	  0.5	0.162	0.000	0.000
208	  Y	  1.3	  0.3	0.000	0.000	0.000
209	  V	  1.3	  0.0	0.000	0.000	0.000
