res	aa	Beta	Turn	Helix	Aggregation	Conc-Stab_Aggregation
01	  M	  0.2	  0.0	0.000	0.000	0.000
02	  C	  0.7	  0.1	0.000	0.000	0.000
03	  E	  0.7	  0.2	0.000	0.000	0.000
04	  E	  0.6	  0.4	0.000	0.000	0.000
05	  E	  0.1	  0.4	0.000	0.000	0.000
06	  D	  0.1	  0.5	0.000	0.000	0.000
07	  S	  0.2	  0.5	0.136	0.000	0.000
08	  T	  0.7	  0.3	0.136	0.000	0.000
09	  A	  0.9	  0.3	0.136	0.000	0.000
10	  L	  2.1	  0.0	0.136	0.000	0.000
11	  V	  2.3	  0.0	0.136	0.000	0.000
12	  C	  2.2	  1.0	0.136	0.000	0.000
13	  D	  0.8	  2.4	0.000	0.000	0.000
14	  N	  0.2	  3.2	0.000	0.000	0.000
15	  G	  0.0	  3.3	0.000	0.000	0.000
16	  S	  0.0	  2.4	0.128	0.000	0.000
17	  G	  0.0	  1.0	0.128	0.000	0.000
18	  L	  0.2	  0.2	0.128	0.000	0.000
19	  C	  1.2	  0.2	0.128	0.000	0.000
20	  K	  1.3	  0.5	0.128	0.000	0.000
21	  A	  1.2	  0.5	0.128	0.000	0.000
22	  G	  0.3	  0.5	0.128	0.000	0.000
23	  F	  0.6	  0.7	0.000	0.000	0.000
24	  A	  0.6	  1.6	0.000	0.000	0.000
25	  G	  0.4	  1.8	0.000	0.000	0.000
26	  D	  0.0	  1.8	0.000	0.000	0.000
27	  D	  0.0	  1.4	0.156	0.000	0.000
28	  A	  0.0	  0.5	0.297	0.000	0.000
29	  P	  0.0	  0.2	0.297	0.000	0.000
30	  R	  0.3	  0.2	0.297	0.000	0.000
31	  A	  1.3	  0.2	0.297	0.000	0.000
32	  V	  1.7	  0.0	0.297	0.000	0.000
33	  F	  1.4	  0.8	0.297	0.000	0.000
34	  P	  0.4	  0.8	0.000	0.000	0.000
35	  S	  0.6	  0.8	0.000	0.000	0.000
36	  I	  3.8	  0.8	0.000	0.000	0.000
37	  V	  4.0	  0.0	0.000	0.000	0.000
38	  G	  3.4	  0.0	0.000	0.000	0.000
39	  R	  0.2	  0.2	0.000	0.000	0.000
40	  P	  0.0	  0.2	0.000	0.000	0.000
41	  R	  0.4	  0.3	0.000	0.000	0.000
42	  H	  0.5	  0.7	0.000	0.000	0.000
43	  Q	  0.5	  0.5	0.000	0.000	0.000
44	  G	  0.1	  0.5	0.000	0.000	0.000
45	  V	  7.6	  0.4	0.000	1.004	1.004
46	  M	  7.8	  0.1	0.000	1.004	1.004
47	  V	  8.1	  0.1	0.000	1.004	1.004
48	  G	  0.6	  0.4	0.000	1.004	1.004
49	  M	  0.4	  0.4	0.000	1.004	1.004
50	  G	  0.1	  0.4	0.000	0.000	0.000
51	  Q	  0.2	  0.6	0.000	0.000	0.000
52	  K	  0.2	  0.4	0.000	0.000	0.000
53	  D	  0.7	  0.3	0.000	0.000	0.000
54	  S	  1.6	  0.3	0.000	0.000	0.000
55	  Y	  2.3	  0.1	0.000	0.000	0.000
56	  V	  1.8	  0.9	0.000	0.000	0.000
57	  G	  0.8	  1.0	0.315	0.000	0.000
58	  D	  0.1	  1.1	1.126	0.000	0.000
59	  E	  0.1	  1.1	1.260	0.000	0.000
60	  A	  0.2	  0.2	1.260	0.000	0.000
61	  Q	  0.4	  0.2	1.260	0.000	0.000
62	  S	  1.1	  0.4	1.260	0.000	0.000
63	  K	  1.1	  0.5	1.120	0.000	0.000
64	  R	  1.0	  0.4	0.521	0.000	0.000
65	  G	  0.3	  0.3	1.332	0.000	0.000
66	  I	  1.9	  0.1	1.188	0.000	0.000
67	  L	  4.0	  0.0	1.188	0.000	0.000
68	  T	  7.2	  0.0	1.188	0.000	0.000
69	  L	  6.9	  0.0	1.188	0.000	0.000
70	  K	  4.7	  0.0	1.188	0.000	0.000
71	  Y	  1.5	  0.0	0.518	0.000	0.000
72	  P	  0.1	  0.0	0.000	0.000	0.000
73	  I	  0.6	  0.1	0.000	0.000	0.000
74	  E	  0.6	  0.6	0.000	0.000	0.000
75	  H	  0.9	  0.6	0.000	0.000	0.000
76	  G	  0.4	  0.6	0.000	0.000	0.000
77	  I	  4.9	  0.5	0.000	0.000	0.000
78	  I	  5.3	  0.0	0.000	0.000	0.000
79	  T	  5.6	  0.0	0.000	0.000	0.000
80	  N	  1.6	  0.9	0.000	0.000	0.000
81	  W	  1.1	  1.2	0.000	0.000	0.000
82	  D	  0.7	  1.2	1.289	0.000	0.000
83	  D	  0.4	  1.2	3.597	0.000	0.000
84	  M	  0.4	  0.4	3.597	0.000	0.000
85	  E	  0.5	  0.0	3.597	0.000	0.000
86	  K	  0.5	  0.0	3.597	0.000	0.000
87	  I	  0.7	  0.0	3.597	0.000	0.000
88	  W	  1.3	  0.0	3.597	0.000	0.000
89	  H	  1.3	  0.1	2.672	0.000	0.000
90	  H	  1.3	  0.1	1.205	0.000	0.000
91	  S	  1.8	  0.1	0.141	0.000	0.000
92	  F	  3.5	  0.1	0.000	0.000	0.000
93	  Y	  3.4	  0.1	0.000	0.000	0.000
94	  N	  2.3	  0.2	0.263	0.000	0.000
95	  E	  0.6	  0.2	0.263	0.000	0.000
96	  L	  2.5	  0.1	0.263	0.000	0.000
97	  R	  4.8	  0.1	0.263	0.000	0.000
98	  V	  5.0	  0.0	0.263	0.000	0.000
99	  A	  2.9	  0.2	0.263	0.000	0.000
100	  P	  0.5	  0.3	0.000	0.000	0.000
101	  E	  0.3	  0.3	0.000	0.000	0.000
102	  E	  0.3	  0.3	0.000	0.000	0.000
103	  H	  0.3	  0.7	0.000	0.000	0.000
104	  P	  0.0	  0.6	0.000	0.000	0.000
105	  T	  0.8	  0.6	0.000	0.000	0.000
106	  L	  1.1	  0.6	0.000	0.000	0.000
107	  L	  1.1	  0.0	0.000	0.000	0.000
108	  T	  0.4	  0.0	0.131	0.000	0.000
109	  E	  0.2	  0.0	0.131	0.000	0.000
110	  A	  0.2	  0.2	0.131	0.000	0.000
111	  P	  0.0	  0.2	0.131	0.000	0.000
112	  L	  0.1	  0.2	0.131	0.000	0.000
113	  N	  0.1	  0.6	0.346	0.000	0.000
114	  P	  0.1	  0.5	0.215	0.000	0.000
115	  K	  0.1	  0.7	0.215	0.000	0.000
116	  A	  0.1	  0.7	0.215	0.000	0.000
117	  N	  0.1	  0.4	0.215	0.000	0.000
118	  R	  0.1	  0.4	0.215	0.000	0.000
119	  E	  0.1	  0.2	0.000	0.000	0.000
120	  K	  2.3	  0.2	0.000	0.000	0.000
121	  M	  2.7	  0.1	0.000	0.254	0.254
122	  T	  3.4	  0.0	0.000	0.862	0.862
123	  Q	  2.2	  0.0	0.000	0.862	0.862
124	  I	  3.4	  0.0	0.000	0.862	0.862
125	  M	  2.8	  0.0	0.000	0.862	0.862
126	  F	  2.2	  0.1	0.000	0.862	0.862
127	  E	  0.7	  0.1	0.000	0.000	0.000
128	  T	  9.9	  0.1	0.000	0.000	0.000
129	  F	 17.3	  0.1	0.000	0.000	0.000
130	  N	 17.3	  0.0	0.000	0.000	0.000
131	  V	  8.8	  0.0	0.000	0.000	0.000
132	  P	  0.2	  0.0	0.000	0.294	0.294
133	  A	  0.2	  0.0	0.000	26.054	26.054
134	  M	  1.1	  0.0	0.000	56.321	56.321
135	  Y	  3.7	  0.0	0.000	81.002	81.002
136	  V	  6.9	  0.0	0.000	88.132	88.132
137	  A	  6.2	  0.0	0.000	88.727	88.727
138	  I	  3.9	  0.0	0.000	89.253	89.253
139	  Q	  0.8	  0.0	0.000	85.387	85.387
140	  A	  1.4	  0.0	0.000	86.505	86.505
141	  V	  4.2	  0.0	0.000	87.729	87.729
142	  L	  5.7	  0.1	0.000	85.356	85.356
143	  S	  5.1	  0.1	0.000	71.945	71.945
144	  L	  2.5	  0.1	0.000	70.303	70.303
145	  Y	  1.5	  0.5	0.000	61.134	61.134
146	  A	  1.2	  0.8	0.000	28.750	28.750
147	  S	  1.0	  1.6	0.000	1.313	1.313
148	  G	  0.2	  1.7	0.000	0.095	0.095
149	  R	  0.4	  1.3	0.000	0.000	0.000
150	  T	  0.4	  1.1	0.000	3.840	3.840
151	  T	  0.4	  0.2	0.000	9.341	9.341
152	  G	  0.2	  0.1	0.000	9.341	9.341
153	  I	  8.6	  0.1	0.000	9.341	9.341
154	  V	 11.1	  0.1	0.000	9.341	9.341
155	  L	 11.3	  0.2	0.000	8.728	8.728
156	  D	  3.0	  0.8	0.000	0.000	0.000
157	  S	  0.3	  4.4	0.000	0.000	0.000
158	  G	  0.0	  4.6	0.000	0.000	0.000
159	  D	  0.0	  4.4	0.000	0.000	0.000
160	  G	  0.1	  3.8	0.000	0.000	0.000
161	  V	  4.7	  0.3	0.000	0.000	0.000
162	  T	  5.6	  0.1	0.000	0.000	0.000
163	  H	  6.7	  0.1	0.000	0.000	0.000
164	  N	  2.3	  0.1	0.000	0.000	0.000
165	  V	  1.4	  0.0	0.000	0.000	0.000
166	  P	  0.2	  0.0	0.000	0.000	0.000
167	  I	  0.9	  0.0	0.000	0.000	0.000
168	  Y	  1.2	  0.3	0.000	0.000	0.000
169	  E	  1.2	  0.4	0.000	0.000	0.000
170	  G	  0.5	  0.4	0.000	0.000	0.000
171	  Y	  1.7	  0.4	0.000	0.000	0.000
172	  A	  1.7	  0.0	0.000	0.000	0.000
173	  L	  1.6	  0.2	0.000	0.000	0.000
174	  P	  0.1	  0.2	0.000	0.000	0.000
175	  H	  0.7	  0.2	0.000	0.000	0.000
176	  A	  1.3	  0.2	0.000	0.000	0.000
177	  I	  4.0	  0.0	0.000	0.000	0.000
178	  M	  5.3	  0.0	0.000	0.000	0.000
179	  R	  6.7	  0.2	0.000	0.000	0.000
180	  L	  5.1	  0.3	0.000	0.000	0.000
181	  D	  3.2	  0.3	0.000	0.000	0.000
182	  L	  1.1	  0.6	0.000	0.000	0.000
183	  A	  0.1	  0.6	0.000	0.000	0.000
184	  G	  0.1	  0.8	0.327	0.000	0.000
185	  R	  0.1	  0.8	0.327	0.000	0.000
186	  D	  0.3	  0.4	6.794	0.000	0.000
187	  L	  0.5	  0.4	6.794	2.064	2.064
188	  T	  0.7	  0.2	10.782	2.064	2.064
189	  D	  0.6	  0.1	13.171	2.239	2.239
190	  Y	  1.1	  0.1	13.288	2.506	2.506
191	  L	  1.0	  0.0	13.288	2.506	2.506
192	  M	  2.8	  0.0	13.288	2.506	2.506
193	  K	  2.6	  0.0	12.731	2.506	2.506
194	  I	  3.9	  0.0	11.608	2.506	2.506
195	  L	  2.1	  0.0	11.608	2.331	2.331
196	  T	  1.7	  0.2	9.946	1.983	1.983
197	  E	  0.2	  0.3	9.832	0.267	0.267
198	  R	  0.3	  0.3	5.750	0.000	0.000
199	  G	  0.2	  0.3	2.596	1.750	1.750
200	  Y	  6.3	  0.1	0.855	6.320	6.320
201	  S	  7.0	  0.0	0.000	7.198	7.198
202	  F	  7.8	  0.0	0.000	13.438	13.438
203	  V	  3.5	  0.0	0.000	13.438	13.438
204	  T	  3.2	  0.0	0.554	12.711	12.711
205	  T	  2.8	  0.0	0.554	11.609	11.609
206	  A	  1.0	  0.1	0.554	8.508	8.508
207	  E	  0.5	  0.1	0.554	0.000	0.000
208	  R	  0.3	  0.1	0.554	0.000	0.000
209	  E	  0.6	  0.1	0.554	0.000	0.000
210	  I	  5.4	  0.0	0.160	0.337	0.337
211	  V	  6.0	  0.1	0.160	0.337	0.337
212	  R	  5.9	  0.1	0.160	0.337	0.337
213	  D	  2.2	  0.1	0.798	0.337	0.337
214	  I	  2.1	  0.1	0.798	0.337	0.337
215	  K	  2.1	  0.1	0.798	0.000	0.000
216	  E	  1.1	  0.1	0.798	0.000	0.000
217	  K	  0.9	  0.1	0.798	0.202	0.202
218	  L	  1.6	  0.1	0.798	12.268	12.268
219	  C	  3.9	  0.0	0.640	17.371	17.371
220	  Y	  5.9	  0.0	0.346	17.371	17.371
221	  V	  8.1	  0.0	0.000	17.371	17.371
222	  A	  6.0	  0.1	0.000	17.371	17.371
223	  L	  4.7	  0.1	0.000	15.500	15.500
224	  D	  2.8	  0.1	0.000	0.202	0.202
225	  F	  3.5	  0.4	0.000	0.202	0.202
226	  E	  2.4	  0.3	0.000	0.000	0.000
227	  N	  0.9	  0.3	0.817	0.000	0.000
228	  E	  0.1	  0.3	0.817	0.000	0.000
229	  M	  0.2	  0.0	0.817	0.000	0.000
230	  A	  0.3	  0.0	0.817	0.000	0.000
231	  T	  0.5	  0.0	0.817	0.000	0.000
232	  A	  0.6	  0.2	0.817	0.000	0.000
233	  A	  0.6	  0.3	0.627	0.000	0.000
234	  S	  1.2	  1.1	0.366	0.000	0.000
235	  S	  2.0	  1.9	0.129	0.000	0.000
236	  S	  2.0	  1.8	0.177	0.000	0.000
237	  S	  2.0	  1.7	0.177	0.000	0.000
238	  L	  1.2	  0.9	0.177	0.000	0.000
239	  E	  1.3	  0.2	0.177	0.000	0.000
240	  K	  0.7	  0.1	0.177	0.000	0.000
241	  S	  7.4	  0.1	0.177	0.000	0.000
242	  Y	 11.6	  0.1	0.000	0.000	0.000
243	  E	 11.3	  0.0	0.000	0.000	0.000
244	  L	  4.7	  2.1	0.000	0.000	0.000
245	  P	  0.0	  2.5	0.000	0.000	0.000
246	  D	  0.0	  2.5	0.000	0.000	0.000
247	  G	  0.0	  2.5	0.000	0.000	0.000
248	  Q	  0.3	  0.4	0.000	0.697	0.697
249	  V	  4.2	  0.0	0.000	2.766	2.766
250	  I	 17.2	  0.0	0.000	2.766	2.766
251	  T	 17.3	  0.0	0.000	2.766	2.766
252	  I	 13.5	  0.9	0.000	2.766	2.766
253	  G	  0.4	  0.9	0.232	2.069	2.069
254	  N	  0.0	  1.0	0.978	0.465	0.465
255	  E	  0.2	  1.0	0.978	0.000	0.000
256	  R	  1.4	  0.1	0.978	0.000	0.000
257	  F	 13.3	  0.1	0.978	0.000	0.000
258	  R	 13.2	  0.0	0.978	0.000	0.000
259	  C	 12.1	  0.3	1.093	0.000	0.000
260	  P	  0.1	  0.4	0.115	0.000	0.000
261	  E	  0.0	  0.4	0.115	0.000	0.000
262	  T	  1.2	  0.4	0.115	0.000	0.000
263	  L	  1.8	  0.1	0.115	0.000	0.000
264	  F	  2.2	  0.0	0.115	0.000	0.000
265	  Q	  1.0	  0.4	0.000	0.000	0.000
266	  P	  0.5	  0.4	0.000	0.000	0.000
267	  S	  0.9	  0.4	0.000	0.000	0.000
268	  F	  1.4	  0.7	0.000	0.000	0.000
269	  I	  1.7	  0.3	0.000	0.000	0.000
270	  G	  0.8	  0.3	0.000	0.000	0.000
271	  M	  0.5	  0.5	0.000	0.000	0.000
272	  E	  0.3	  0.2	0.000	0.000	0.000
273	  S	  0.4	  0.6	0.000	0.000	0.000
274	  A	  0.3	  0.6	0.000	0.000	0.000
275	  G	  0.3	  0.5	0.000	0.000	0.000
276	  I	  0.6	  0.4	0.000	0.000	0.000
277	  H	  0.6	  0.2	0.000	0.000	0.000
278	  E	  0.7	  0.1	0.000	0.000	0.000
279	  T	  3.8	  0.1	0.000	0.000	0.000
280	  T	 12.6	  0.2	0.000	0.000	0.000
281	  Y	 13.7	  0.1	0.000	0.000	0.000
282	  N	 10.6	  0.1	0.000	0.000	0.000
283	  S	  1.9	  0.1	0.000	0.000	0.000
284	  I	  1.5	  0.1	0.000	0.000	0.000
285	  M	  3.7	  0.0	0.000	0.000	0.000
286	  K	  3.9	  0.0	0.000	0.000	0.000
287	  C	  4.1	  0.0	0.000	0.000	0.000
288	  D	  2.3	  0.3	0.000	0.000	0.000
289	  I	  7.2	  0.2	0.000	0.000	0.000
290	  D	  8.0	  0.2	0.746	0.000	0.000
291	  I	  8.0	  0.2	0.746	0.000	0.000
292	  R	  3.3	  0.5	0.746	0.000	0.000
293	  K	  1.2	  0.5	0.746	0.000	0.000
294	  D	  0.8	  0.5	0.746	0.000	0.000
295	  L	  0.7	  0.5	0.746	0.258	0.258
296	  Y	  0.9	  0.4	0.746	0.258	0.258
297	  A	  0.7	  0.4	0.381	0.258	0.258
298	  N	  0.4	  0.4	0.191	0.258	0.258
299	  N	  0.3	  0.4	0.000	0.258	0.258
300	  V	  3.4	  0.1	0.000	0.258	0.258
301	  L	  3.4	  0.1	0.000	0.258	0.258
302	  S	  3.3	  0.5	0.000	0.000	0.000
303	  G	  0.2	  0.8	0.000	0.000	0.000
304	  G	  0.1	  0.8	0.000	0.000	0.000
305	  T	  1.0	  0.7	0.000	0.000	0.000
306	  T	  3.1	  0.3	0.000	0.000	0.000
307	  M	  3.1	  0.0	0.000	0.000	0.000
308	  Y	  2.2	  1.9	0.000	0.000	0.000
309	  P	  0.1	  1.9	0.000	0.000	0.000
310	  G	  0.5	  1.9	0.743	0.000	0.000
311	  I	  0.6	  2.1	0.743	0.000	0.000
312	  A	  0.6	  0.2	0.743	0.000	0.000
313	  D	  0.1	  0.2	0.889	0.000	0.000
314	  R	  0.5	  0.2	0.889	0.000	0.000
315	  M	  0.8	  0.1	0.889	0.000	0.000
316	  Q	  1.2	  0.1	0.634	0.000	0.000
317	  K	  1.1	  0.1	0.396	0.000	0.000
318	  E	  4.5	  0.1	0.396	0.000	0.000
319	  I	  8.4	  0.0	0.270	0.000	0.000
320	  T	  8.5	  0.0	0.270	0.000	0.000
321	  A	  4.9	  0.0	0.270	0.000	0.000
322	  L	  0.7	  0.0	0.270	0.000	0.000
323	  A	  0.2	  0.3	0.000	0.000	0.000
324	  P	  0.0	  0.4	0.000	0.000	0.000
325	  S	  0.2	  0.4	0.144	0.000	0.000
326	  T	  3.6	  0.4	0.246	0.000	0.000
327	  M	  5.5	  0.1	0.246	0.000	0.000
328	  K	  7.7	  0.0	0.246	0.000	0.000
329	  I	  9.2	  0.0	0.246	0.000	0.000
330	  K	  8.6	  0.0	0.246	0.000	0.000
331	  I	 13.0	  0.0	0.102	0.000	0.000
332	  I	  8.2	  0.0	0.102	0.000	0.000
333	  A	  6.8	  0.0	0.102	0.000	0.000
334	  P	  0.0	  0.2	0.000	0.000	0.000
335	  P	  0.0	  0.3	0.000	0.000	0.000
336	  E	  0.8	  0.3	0.000	0.000	0.000
337	  R	  1.3	  0.3	0.000	0.000	0.000
338	  K	  2.0	  0.1	0.000	0.000	0.000
339	  Y	  6.3	  0.0	0.000	4.394	4.394
340	  S	  6.5	  0.0	0.000	4.517	4.517
341	  V	  7.7	  0.0	0.000	10.252	10.252
342	  W	  2.7	  0.0	0.000	10.516	10.516
343	  I	  2.0	  0.5	0.000	10.516	10.516
344	  G	  0.2	  0.6	0.000	6.934	6.934
345	  G	  0.1	  0.6	0.140	6.491	6.491
346	  S	  0.3	  0.6	0.367	6.706	6.706
347	  I	  1.2	  0.1	0.367	10.658	10.658
348	  L	  1.3	  0.1	0.367	10.506	10.506
349	  A	  1.3	  0.1	0.367	8.487	8.487
350	  S	  5.0	  0.3	0.607	6.782	6.782
351	  L	  5.0	  0.5	0.467	6.607	6.607
352	  S	  5.2	  0.4	0.365	3.422	3.422
353	  T	 19.7	  0.3	0.240	3.070	3.070
354	  F	 21.0	  0.2	0.240	2.931	2.931
355	  Q	 20.7	  0.1	0.240	0.000	0.000
356	  Q	  3.1	  0.1	0.107	0.000	0.000
357	  M	  1.6	  0.1	0.107	0.000	0.000
358	  W	  1.9	  0.0	0.107	0.000	0.000
359	  I	  1.7	  0.0	0.107	0.000	0.000
360	  S	  1.5	  0.1	0.655	0.000	0.000
361	  K	  1.2	  0.1	0.548	0.000	0.000
362	  Q	  0.9	  0.1	0.548	0.000	0.000
363	  E	  2.7	  0.1	0.548	0.000	0.000
364	  Y	  2.6	  0.1	0.548	0.000	0.000
365	  D	  2.3	  0.3	0.548	0.000	0.000
366	  E	  0.2	  0.3	0.548	0.000	0.000
367	  A	  0.0	  0.4	0.391	0.000	0.000
368	  G	  0.0	  0.8	0.391	0.000	0.000
369	  P	  0.0	  0.5	0.000	0.000	0.000
370	  S	  0.6	  0.5	0.144	0.000	0.000
371	  I	  2.6	  0.5	0.144	0.000	0.000
372	  V	  4.2	  0.0	0.144	0.000	0.000
373	  H	  4.0	  0.1	0.144	0.000	0.000
374	  R	  2.1	  0.2	0.144	0.000	0.000
375	  K	  1.1	  0.2	0.144	0.000	0.000
376	  C	  0.7	  0.2	0.000	0.000	0.000
377	  F	  0.7	  0.0	0.000	0.000	0.000
