res	aa	Beta	Turn	Helix	Aggregation	Conc-Stab_Aggregation
01	  M	  0.7	  0.2	0.000	0.000	0.000
02	  M	  3.4	  0.2	0.000	0.000	0.000
03	  S	  4.4	  0.2	0.000	0.000	0.000
04	  F	  5.2	  0.2	0.000	0.000	0.000
05	  V	  3.1	  0.1	0.000	0.000	0.000
06	  Q	  2.1	  0.4	0.000	0.000	0.000
07	  K	  0.7	  0.4	0.000	0.000	0.000
08	  G	  0.1	  0.4	1.391	0.299	0.299
09	  S	  0.4	  0.4	3.488	3.624	3.624
10	  W	  0.8	  0.0	5.610	74.630	74.630
11	  L	  1.7	  0.0	6.639	91.340	91.340
12	  L	  1.5	  0.0	7.143	93.927	93.927
13	  L	  1.4	  0.0	7.143	93.927	93.927
14	  A	  0.8	  0.0	7.143	93.813	93.813
15	  L	  1.3	  0.0	7.143	91.757	91.757
16	  L	  1.1	  0.0	7.001	77.950	77.950
17	  H	  0.8	  0.4	6.237	0.000	0.000
18	  P	  0.1	  0.4	0.000	0.032	0.032
19	  T	  2.4	  0.4	0.296	14.575	14.575
20	  I	  8.4	  0.4	0.296	14.983	14.983
21	  I	  9.2	  0.0	0.296	14.983	14.983
22	  L	  6.9	  0.0	0.296	14.983	14.983
23	  A	  1.0	  0.0	0.296	14.965	14.965
24	  Q	  0.4	  0.1	0.296	0.694	0.694
25	  Q	  0.4	  0.1	0.000	0.000	0.000
26	  E	  0.4	  0.1	0.000	0.000	0.000
27	  A	  0.4	  0.1	0.000	0.000	0.000
28	  V	  0.6	  0.2	0.000	0.000	0.000
29	  E	  0.5	  0.4	0.000	0.000	0.000
30	  G	  0.2	  0.7	0.000	0.000	0.000
31	  G	  0.0	  0.7	0.000	0.000	0.000
32	  C	  1.3	  0.7	0.000	0.000	0.000
33	  S	  1.5	  0.6	0.000	0.000	0.000
34	  H	  1.6	  0.5	0.000	0.000	0.000
35	  L	  0.3	  0.6	0.000	0.000	0.000
36	  G	  0.2	  0.6	0.152	0.000	0.000
37	  Q	  1.0	  0.5	0.152	0.000	0.000
38	  S	  1.6	  0.2	0.274	0.000	0.000
39	  Y	  1.8	  0.5	0.274	0.000	0.000
40	  A	  0.9	  0.4	0.274	0.000	0.000
41	  D	  0.3	  1.4	0.274	0.000	0.000
42	  R	  0.2	  1.4	0.122	0.000	0.000
43	  D	  2.3	  1.0	0.122	0.000	0.000
44	  V	  4.1	  1.0	0.000	0.000	0.000
45	  W	  4.0	  0.0	0.000	0.000	0.000
46	  K	  2.0	  0.0	0.000	0.000	0.000
47	  P	  0.2	  0.0	0.000	0.000	0.000
48	  E	  0.0	  0.0	0.000	0.000	0.000
49	  P	  0.0	  0.0	0.000	0.000	0.000
50	  C	  1.4	  0.0	0.000	0.000	0.000
51	  Q	  2.0	  0.0	0.000	0.000	0.000
52	  I	  3.4	  0.0	0.000	0.000	0.000
53	  C	  2.9	  0.0	0.000	0.000	0.000
54	  V	  3.0	  0.0	0.000	0.000	0.000
55	  C	  2.0	  0.5	0.000	0.000	0.000
56	  D	  1.1	  1.4	0.000	0.000	0.000
57	  S	  0.7	  1.7	0.000	0.000	0.000
58	  G	  0.3	  1.7	0.000	0.000	0.000
59	  S	  0.9	  1.2	0.000	0.000	0.000
60	  V	  3.0	  0.3	0.000	0.000	0.000
61	  L	  3.3	  0.0	0.000	0.000	0.000
62	  C	  2.8	  0.3	0.000	0.000	0.000
63	  D	  0.4	  0.3	0.000	0.000	0.000
64	  D	  1.7	  0.3	0.000	0.000	0.000
65	  I	  3.7	  0.3	0.000	0.000	0.000
66	  I	  3.8	  0.1	0.000	0.000	0.000
67	  C	  2.4	  0.4	0.000	0.000	0.000
68	  D	  0.3	  0.5	0.234	0.000	0.000
69	  D	  0.2	  0.5	0.485	0.000	0.000
70	  Q	  0.2	  0.5	0.485	0.000	0.000
71	  E	  1.0	  0.2	0.485	0.000	0.000
72	  L	  4.5	  0.1	0.485	0.000	0.000
73	  D	  4.5	  0.0	0.485	0.000	0.000
74	  C	  3.8	  0.0	0.485	0.000	0.000
75	  P	  0.1	  0.0	0.000	0.000	0.000
76	  N	  0.0	  0.2	0.000	0.000	0.000
77	  P	  0.0	  0.2	0.000	0.000	0.000
78	  E	  0.1	  0.2	0.000	0.000	0.000
79	  I	  0.1	  0.3	0.000	0.000	0.000
80	  P	  0.1	  0.3	0.000	0.000	0.000
81	  F	  0.1	  0.4	0.000	0.000	0.000
82	  G	  0.1	  0.5	0.233	0.000	0.000
83	  E	  1.1	  0.4	0.233	0.000	0.000
84	  C	 23.3	  0.2	0.233	0.000	0.000
85	  C	 24.2	  0.1	0.233	0.000	0.000
86	  A	 23.5	  0.0	0.233	0.000	0.000
87	  V	  2.2	  0.0	0.233	0.000	0.000
88	  C	  0.3	  0.0	0.233	0.000	0.000
89	  P	  0.1	  0.0	0.000	0.000	0.000
90	  Q	  0.0	  0.0	0.000	0.000	0.000
91	  P	  0.0	  0.4	0.000	0.000	0.000
92	  P	  0.0	  0.4	0.000	0.000	0.000
93	  T	  0.2	  0.4	0.000	0.000	0.000
94	  A	  0.2	  0.6	0.000	0.000	0.000
95	  P	  0.2	  0.3	0.000	0.000	0.000
96	  T	  0.0	  0.3	0.000	0.000	0.000
97	  R	  0.0	  0.3	0.000	0.000	0.000
98	  P	  0.0	  3.1	0.000	0.000	0.000
99	  P	  0.0	  4.2	0.000	0.000	0.000
100	  N	  0.0	  4.3	0.000	0.000	0.000
101	  G	  0.0	  4.3	0.000	0.000	0.000
102	  Q	  0.0	  1.3	0.000	0.000	0.000
103	  G	  0.0	  1.0	0.000	0.000	0.000
104	  P	  0.0	  0.9	0.000	0.000	0.000
105	  Q	  0.0	  1.0	0.000	0.000	0.000
106	  G	  0.0	  1.7	0.000	0.000	0.000
107	  P	  0.0	  1.3	0.000	0.000	0.000
108	  K	  0.0	  1.3	0.000	0.000	0.000
109	  G	  0.0	  1.3	0.000	0.000	0.000
110	  D	  0.0	  0.5	0.000	0.000	0.000
111	  P	  0.0	  0.0	0.000	0.000	0.000
112	  G	  0.0	  0.0	0.000	0.000	0.000
113	  P	  0.0	  1.1	0.000	0.000	0.000
114	  P	  0.0	  1.1	0.000	0.000	0.000
115	  G	  0.0	  1.1	0.000	0.000	0.000
116	  I	  0.0	  2.0	0.000	0.000	0.000
117	  P	  0.0	  1.2	0.000	0.000	0.000
118	  G	  0.0	  1.9	0.000	0.000	0.000
119	  R	  0.0	  2.5	0.000	0.000	0.000
120	  N	  0.0	  1.6	0.000	0.000	0.000
121	  G	  0.0	  1.3	0.000	0.000	0.000
122	  D	  0.0	  1.8	0.000	0.000	0.000
123	  P	  0.0	  1.3	0.000	0.000	0.000
124	  G	  0.0	  1.3	0.000	0.000	0.000
125	  I	  0.0	  2.4	0.000	0.000	0.000
126	  P	  0.0	  1.1	0.000	0.000	0.000
127	  G	  0.0	  1.1	0.000	0.000	0.000
128	  Q	  0.0	  2.6	0.000	0.000	0.000
129	  P	  0.0	  1.5	0.000	0.000	0.000
130	  G	  0.0	  1.5	0.000	0.000	0.000
131	  S	  0.0	  4.7	0.000	0.000	0.000
132	  P	  0.0	  3.2	0.000	0.000	0.000
133	  G	  0.0	  3.2	0.000	0.000	0.000
134	  S	  0.0	  3.2	0.000	0.000	0.000
135	  P	  0.0	  0.0	0.000	0.000	0.000
136	  G	  0.0	  0.0	0.000	0.000	0.000
137	  P	  0.0	  1.1	0.000	0.000	0.000
138	  P	  0.0	  1.1	0.000	0.000	0.000
139	  G	  0.1	  1.1	0.176	0.000	0.000
140	  I	  0.7	  1.1	0.176	0.000	0.000
141	  C	  1.7	  0.5	0.176	0.000	0.000
142	  E	  2.1	  0.5	0.176	0.000	0.000
143	  S	  1.8	  0.5	0.176	0.000	0.000
144	  C	  0.8	  2.1	0.176	0.000	0.000
145	  P	  0.4	  1.6	0.000	0.000	0.000
146	  T	  0.0	  1.7	0.000	0.000	0.000
147	  G	  0.0	  2.0	0.000	0.000	0.000
148	  P	  0.0	  0.7	0.000	0.000	0.000
149	  Q	  0.7	  0.7	0.000	0.000	0.000
150	  N	  2.8	  0.6	0.000	0.000	0.000
151	  Y	  3.2	  0.2	0.000	0.000	0.000
152	  S	  2.5	  0.4	0.000	0.000	0.000
153	  P	  0.4	  0.4	0.000	0.000	0.000
154	  Q	  1.5	  0.4	0.000	0.000	0.000
155	  Y	  2.4	  0.4	0.000	0.000	0.000
156	  D	  2.9	  0.2	0.194	0.000	0.000
157	  S	  8.7	  0.6	0.651	0.000	0.000
158	  Y	 11.2	  0.6	0.651	0.000	0.000
159	  D	 11.9	  0.5	0.651	0.000	0.000
160	  V	  7.5	  0.5	0.651	0.000	0.000
161	  K	  4.0	  0.3	0.651	0.000	0.000
162	  S	  2.7	  0.3	0.457	0.000	0.000
163	  G	  0.3	  0.3	0.200	0.000	0.000
164	  V	  7.3	  0.1	0.000	0.574	0.574
165	  A	  7.4	  0.0	0.000	0.574	0.574
166	  V	  7.2	  0.7	0.000	0.574	0.574
167	  G	  0.2	  0.7	0.000	0.574	0.574
168	  G	  0.1	  0.7	0.000	0.574	0.574
169	  L	  0.1	  1.3	0.000	0.574	0.574
170	  A	  0.2	  0.6	0.000	0.262	0.262
171	  G	  0.1	  0.6	0.000	0.000	0.000
172	  Y	  0.1	  0.6	0.000	0.000	0.000
173	  P	  0.0	  0.0	0.000	0.000	0.000
174	  G	  0.0	  0.4	0.000	0.000	0.000
175	  P	  0.0	  0.4	0.000	0.000	0.000
176	  A	  0.0	  0.4	0.000	0.000	0.000
177	  G	  0.0	  0.4	0.000	0.000	0.000
178	  P	  0.0	  0.0	0.000	0.000	0.000
179	  P	  0.0	  0.0	0.000	0.000	0.000
180	  G	  0.0	  0.0	0.000	0.000	0.000
181	  P	  0.0	  0.0	0.000	0.000	0.000
182	  P	  0.0	  0.0	0.000	0.000	0.000
183	  G	  0.0	  0.0	0.000	0.000	0.000
184	  P	  0.0	  1.2	0.000	0.000	0.000
185	  P	  0.0	  1.3	0.000	0.000	0.000
186	  G	  0.0	  1.5	0.000	0.000	0.000
187	  T	  0.1	  1.8	0.000	0.000	0.000
188	  S	  0.2	  0.6	0.000	0.000	0.000
189	  G	  0.1	  0.5	0.000	0.000	0.000
190	  H	  0.1	  4.6	0.000	0.000	0.000
191	  P	  0.0	  4.2	0.000	0.000	0.000
192	  G	  0.0	  4.2	0.000	0.000	0.000
193	  S	  0.0	  7.3	0.000	0.000	0.000
194	  P	  0.0	  3.1	0.000	0.000	0.000
195	  G	  0.0	  3.1	0.000	0.000	0.000
196	  S	  0.0	  5.1	0.000	0.000	0.000
197	  P	  0.0	  2.0	0.000	0.000	0.000
198	  G	  0.1	  2.0	0.000	0.000	0.000
199	  Y	  0.5	  2.0	0.000	0.000	0.000
200	  Q	  0.5	  0.0	0.000	0.000	0.000
201	  G	  0.5	  0.0	0.000	0.000	0.000
202	  P	  0.0	  1.9	0.000	0.000	0.000
203	  P	  0.0	  1.9	0.000	0.000	0.000
204	  G	  0.0	  1.9	0.000	0.000	0.000
205	  E	  0.0	  3.2	0.000	0.000	0.000
206	  P	  0.0	  1.3	0.000	0.000	0.000
207	  G	  0.1	  1.4	0.000	0.000	0.000
208	  Q	  0.1	  1.4	0.000	0.000	0.000
209	  A	  0.1	  0.2	0.000	0.000	0.000
210	  G	  0.0	  2.0	0.000	0.000	0.000
211	  P	  0.0	  1.9	0.000	0.000	0.000
212	  S	  0.0	  1.9	0.000	0.000	0.000
213	  G	  0.0	  1.8	0.000	0.000	0.000
214	  P	  0.0	  0.0	0.000	0.000	0.000
215	  P	  0.0	  0.0	0.000	0.000	0.000
216	  G	  0.0	  0.0	0.000	0.000	0.000
217	  P	  0.0	  1.8	0.000	0.000	0.000
218	  P	  0.0	  1.8	0.000	0.000	0.000
219	  G	  0.0	  1.8	0.000	0.000	0.000
220	  A	  0.1	  1.8	0.000	0.000	0.000
221	  I	  0.1	  0.2	0.000	0.000	0.000
222	  G	  0.1	  2.0	0.000	0.000	0.000
223	  P	  0.0	  2.0	0.000	0.000	0.000
224	  S	  0.0	  2.1	0.000	0.000	0.000
225	  G	  0.0	  2.3	0.000	0.000	0.000
226	  P	  0.0	  1.2	0.000	0.000	0.000
227	  A	  0.0	  1.3	0.000	0.000	0.000
228	  G	  0.0	  2.4	0.000	0.000	0.000
229	  K	  0.0	  2.4	0.000	0.000	0.000
230	  D	  0.0	  1.9	0.000	0.000	0.000
231	  G	  0.0	  2.4	0.000	0.000	0.000
232	  E	  0.0	  1.4	0.000	0.000	0.000
233	  S	  0.2	  0.9	0.000	0.000	0.000
234	  G	  0.2	  0.8	0.000	0.000	0.000
235	  R	  0.2	  1.9	0.000	0.000	0.000
236	  P	  0.0	  1.8	0.000	0.000	0.000
237	  G	  0.0	  1.8	0.000	0.000	0.000
238	  R	  0.0	  3.2	0.000	0.000	0.000
239	  P	  0.0	  1.5	0.000	0.000	0.000
240	  G	  0.0	  1.8	0.000	0.000	0.000
241	  E	  0.0	  1.8	0.000	0.000	0.000
242	  R	  0.2	  0.4	0.000	0.000	0.000
243	  G	  0.2	  0.3	0.000	0.000	0.000
244	  L	  0.1	  0.1	0.000	0.000	0.000
245	  P	  0.0	  0.0	0.000	0.000	0.000
246	  G	  0.0	  0.0	0.000	0.000	0.000
247	  P	  0.0	  1.1	0.000	0.000	0.000
248	  P	  0.0	  1.1	0.000	0.000	0.000
249	  G	  0.1	  1.1	0.000	0.000	0.000
250	  I	  1.2	  1.1	0.000	0.000	0.000
251	  K	  1.2	  0.1	0.000	0.000	0.000
252	  G	  1.1	  0.4	0.000	0.000	0.000
253	  P	  0.0	  0.7	0.000	0.000	0.000
254	  A	  0.1	  0.7	0.000	0.000	0.000
255	  G	  0.1	  0.7	0.000	0.000	0.000
256	  I	  0.1	  2.0	0.000	0.000	0.000
257	  P	  0.0	  1.7	0.000	0.000	0.000
258	  G	  0.0	  1.7	0.000	0.000	0.000
259	  F	  0.0	  5.7	0.000	0.000	0.000
260	  P	  0.0	  4.0	0.000	0.000	0.000
261	  G	  0.0	  4.0	0.000	0.000	0.000
262	  M	  0.1	  4.5	0.000	0.000	0.000
263	  K	  0.1	  0.6	0.000	0.000	0.000
264	  G	  0.1	  0.6	0.000	0.000	0.000
265	  H	  0.2	  1.0	0.000	0.000	0.000
266	  R	  0.3	  0.5	0.000	0.000	0.000
267	  G	  0.4	  0.6	0.000	0.000	0.000
268	  F	  0.6	  1.7	0.000	0.000	0.000
269	  D	  0.5	  1.6	0.000	0.000	0.000
270	  G	  0.4	  2.3	0.000	0.000	0.000
271	  R	  0.1	  4.1	0.000	0.000	0.000
272	  N	  0.1	  3.1	0.000	0.000	0.000
273	  G	  0.0	  3.0	0.000	0.000	0.000
274	  E	  0.0	  2.6	0.000	0.000	0.000
275	  K	  0.1	  0.8	0.000	0.000	0.000
276	  G	  0.1	  1.1	0.000	0.000	0.000
277	  E	  0.1	  0.9	0.000	0.000	0.000
278	  T	  0.1	  0.6	0.000	0.000	0.000
279	  G	  0.1	  0.4	0.000	0.000	0.000
280	  A	  0.1	  0.8	0.000	0.000	0.000
281	  P	  0.0	  0.7	0.000	0.000	0.000
282	  G	  0.0	  0.7	0.000	0.000	0.000
283	  L	  0.1	  1.1	0.000	0.000	0.000
284	  K	  0.1	  0.5	0.000	0.000	0.000
285	  G	  0.1	  1.6	0.000	0.000	0.000
286	  E	  0.0	  3.0	0.000	0.000	0.000
287	  N	  0.0	  2.7	0.000	0.000	0.000
288	  G	  0.0	  2.5	0.000	0.000	0.000
289	  L	  0.0	  2.6	0.000	0.000	0.000
290	  P	  0.0	  1.4	0.000	0.000	0.000
291	  G	  0.0	  2.5	0.000	0.000	0.000
292	  E	  0.0	  4.1	0.000	0.000	0.000
293	  N	  0.0	  2.8	0.000	0.000	0.000
294	  G	  0.0	  2.7	0.000	0.000	0.000
295	  A	  0.0	  1.5	0.000	0.000	0.000
296	  P	  0.0	  0.1	0.000	0.000	0.000
297	  G	  0.0	  0.5	0.000	0.000	0.000
298	  P	  0.0	  0.5	0.000	0.000	0.000
299	  M	  0.0	  0.6	0.000	0.000	0.000
300	  G	  0.0	  1.3	0.000	0.000	0.000
301	  P	  0.0	  1.1	0.000	0.000	0.000
302	  R	  0.1	  1.1	0.000	0.000	0.000
303	  G	  0.1	  1.0	0.000	0.000	0.000
304	  A	  0.1	  1.7	0.000	0.000	0.000
305	  P	  0.0	  1.6	0.000	0.000	0.000
306	  G	  0.0	  1.9	0.000	0.000	0.000
307	  E	  0.0	  2.0	0.000	0.000	0.000
308	  R	  0.1	  0.5	0.000	0.000	0.000
309	  G	  0.1	  0.4	0.000	0.000	0.000
310	  R	  0.1	  0.8	0.000	0.000	0.000
311	  P	  0.0	  0.7	0.000	0.000	0.000
312	  G	  0.0	  0.7	0.000	0.000	0.000
313	  L	  0.0	  1.9	0.000	0.000	0.000
314	  P	  0.0	  1.3	0.000	0.000	0.000
315	  G	  0.0	  1.5	0.148	0.000	0.000
316	  A	  0.1	  1.8	0.148	0.000	0.000
317	  A	  0.1	  0.7	0.148	0.000	0.000
318	  G	  0.0	  0.9	0.148	0.000	0.000
319	  A	  0.1	  0.9	0.148	0.000	0.000
320	  R	  0.2	  0.8	0.148	0.000	0.000
321	  G	  0.1	  1.0	0.000	0.000	0.000
322	  N	  0.1	  1.3	0.157	0.000	0.000
323	  D	  0.0	  1.3	0.157	0.000	0.000
324	  G	  0.0	  1.3	0.157	0.000	0.000
325	  A	  0.1	  1.2	0.157	0.000	0.000
326	  R	  0.1	  0.8	0.157	0.000	0.000
327	  G	  0.1	  1.9	0.157	0.000	0.000
328	  S	  0.0	  2.2	0.157	0.000	0.000
329	  D	  0.0	  2.0	0.000	0.000	0.000
330	  G	  0.0	  1.8	0.000	0.000	0.000
331	  Q	  0.0	  0.6	0.000	0.000	0.000
332	  P	  0.0	  0.0	0.000	0.000	0.000
333	  G	  0.0	  0.0	0.000	0.000	0.000
334	  P	  0.0	  0.0	0.000	0.000	0.000
335	  P	  0.0	  0.0	0.000	0.000	0.000
336	  G	  0.0	  0.0	0.000	0.000	0.000
337	  P	  0.0	  1.2	0.000	0.000	0.000
338	  P	  0.0	  1.3	0.000	0.000	0.000
339	  G	  0.1	  1.3	0.000	0.000	0.000
340	  T	  0.2	  1.7	0.000	0.000	0.000
341	  A	  0.3	  0.5	0.000	0.000	0.000
342	  G	  0.1	  0.5	0.000	0.000	0.000
343	  F	  0.1	  2.5	0.000	0.000	0.000
344	  P	  0.0	  2.1	0.000	0.000	0.000
345	  G	  0.0	  2.1	0.000	0.000	0.000
346	  S	  0.0	  4.5	0.167	0.000	0.000
347	  P	  0.0	  2.4	0.167	0.000	0.000
348	  G	  0.0	  2.7	0.167	0.000	0.000
349	  A	  0.0	  3.1	0.167	0.000	0.000
350	  K	  0.1	  0.8	0.167	0.000	0.000
351	  G	  0.1	  0.7	0.167	0.000	0.000
352	  E	  0.2	  0.4	0.167	0.000	0.000
353	  V	  0.2	  0.1	0.000	0.000	0.000
354	  G	  0.1	  0.5	0.000	0.000	0.000
355	  P	  0.0	  1.0	0.000	0.000	0.000
356	  A	  0.0	  1.0	0.000	0.000	0.000
357	  G	  0.0	  1.0	0.000	0.000	0.000
358	  S	  0.0	  3.8	0.000	0.000	0.000
359	  P	  0.0	  3.7	0.000	0.000	0.000
360	  G	  0.0	  4.7	0.000	0.000	0.000
361	  S	  0.0	  5.4	0.000	0.000	0.000
362	  N	  0.0	  2.2	0.000	0.000	0.000
363	  G	  0.0	  1.7	0.000	0.000	0.000
364	  A	  0.0	  2.9	0.000	0.000	0.000
365	  P	  0.0	  2.2	0.000	0.000	0.000
366	  G	  0.0	  2.4	0.000	0.000	0.000
367	  Q	  0.1	  2.5	0.000	0.000	0.000
368	  R	  0.2	  0.3	0.000	0.000	0.000
369	  G	  0.1	  0.3	0.000	0.000	0.000
370	  E	  0.1	  0.1	0.000	0.000	0.000
371	  P	  0.0	  0.0	0.000	0.000	0.000
372	  G	  0.0	  1.0	0.000	0.000	0.000
373	  P	  0.0	  1.4	0.000	0.000	0.000
374	  Q	  0.0	  1.5	0.000	0.000	0.000
375	  G	  0.1	  1.5	0.000	0.000	0.000
376	  H	  0.2	  1.3	0.000	0.000	0.000
377	  A	  0.2	  1.0	0.000	0.000	0.000
378	  G	  0.1	  1.3	0.000	0.000	0.000
379	  A	  0.0	  1.3	0.000	0.000	0.000
380	  Q	  0.0	  0.5	0.000	0.000	0.000
381	  G	  0.0	  0.4	0.000	0.000	0.000
382	  P	  0.0	  0.0	0.000	0.000	0.000
383	  P	  0.0	  0.0	0.000	0.000	0.000
384	  G	  0.0	  0.0	0.000	0.000	0.000
385	  P	  0.0	  1.1	0.000	0.000	0.000
386	  P	  0.0	  1.2	0.000	0.000	0.000
387	  G	  0.3	  1.4	0.000	0.000	0.000
388	  I	  1.3	  2.7	0.000	0.000	0.000
389	  N	  1.3	  1.7	0.000	0.000	0.000
390	  G	  1.1	  1.6	0.000	0.000	0.000
391	  S	  0.0	  3.1	0.000	0.000	0.000
392	  P	  0.0	  2.3	0.000	0.000	0.000
393	  G	  0.0	  2.5	0.000	0.000	0.000
394	  G	  0.0	  3.1	0.000	0.000	0.000
395	  K	  0.0	  1.5	0.000	0.000	0.000
396	  G	  0.0	  1.0	0.000	0.000	0.000
397	  E	  0.1	  0.8	0.000	0.000	0.000
398	  M	  0.0	  0.3	0.000	0.000	0.000
399	  G	  0.0	  0.6	0.000	0.000	0.000
400	  P	  0.0	  0.7	0.000	0.000	0.000
401	  A	  0.1	  0.7	0.000	0.000	0.000
402	  G	  0.1	  0.7	0.000	0.000	0.000
403	  I	  0.1	  1.0	0.000	0.000	0.000
404	  P	  0.0	  0.7	0.000	0.000	0.000
405	  G	  0.0	  0.7	0.000	0.000	0.000
406	  A	  0.0	  1.5	0.000	0.000	0.000
407	  P	  0.0	  0.8	0.000	0.000	0.000
408	  G	  0.0	  0.8	0.000	0.000	0.000
409	  L	  0.2	  0.8	0.000	0.000	0.000
410	  M	  0.3	  0.2	0.000	0.000	0.000
411	  G	  0.3	  0.4	0.000	0.000	0.000
412	  A	  0.1	  0.4	0.000	0.000	0.000
413	  R	  0.1	  0.4	0.000	0.000	0.000
414	  G	  0.1	  0.3	0.000	0.000	0.000
415	  P	  0.0	  0.0	0.000	0.000	0.000
416	  P	  0.0	  0.0	0.000	0.000	0.000
417	  G	  0.0	  0.4	0.000	0.000	0.000
418	  P	  0.0	  0.9	0.000	0.000	0.000
419	  A	  0.0	  1.1	0.000	0.000	0.000
420	  G	  0.0	  2.4	0.000	0.000	0.000
421	  A	  0.0	  3.1	0.000	0.000	0.000
422	  N	  0.0	  2.6	0.000	0.000	0.000
423	  G	  0.0	  2.4	0.000	0.000	0.000
424	  A	  0.0	  1.8	0.000	0.000	0.000
425	  P	  0.0	  0.7	0.000	0.000	0.000
426	  G	  0.0	  0.7	0.000	0.000	0.000
427	  L	  0.3	  0.8	0.000	0.000	0.000
428	  R	  0.3	  0.6	0.000	0.000	0.000
429	  G	  0.3	  0.8	0.000	0.000	0.000
430	  G	  0.0	  1.3	0.000	0.000	0.000
431	  A	  0.0	  1.2	0.000	0.000	0.000
432	  G	  0.0	  0.8	0.000	0.000	0.000
433	  E	  0.0	  1.8	0.000	0.000	0.000
434	  P	  0.0	  1.5	0.000	0.000	0.000
435	  G	  0.0	  2.5	0.000	0.000	0.000
436	  K	  0.0	  4.5	0.000	0.000	0.000
437	  N	  0.0	  3.3	0.000	0.000	0.000
438	  G	  0.0	  3.4	0.000	0.000	0.000
439	  A	  0.0	  2.8	0.000	0.000	0.000
440	  K	  0.1	  0.8	0.000	0.000	0.000
441	  G	  0.1	  0.7	0.000	0.000	0.000
442	  E	  0.1	  0.4	0.000	0.000	0.000
443	  P	  0.0	  0.0	0.000	0.000	0.000
444	  G	  0.0	  0.8	0.000	0.000	0.000
445	  P	  0.0	  1.1	0.000	0.000	0.000
446	  R	  0.0	  1.1	0.000	0.000	0.000
447	  G	  0.1	  1.3	0.000	0.000	0.000
448	  E	  0.1	  0.6	0.000	0.000	0.000
449	  R	  0.1	  0.4	0.000	0.000	0.000
450	  G	  0.1	  0.5	0.000	0.000	0.000
451	  E	  0.1	  0.4	0.000	0.000	0.000
452	  A	  0.2	  0.3	0.000	0.000	0.000
453	  G	  0.1	  0.3	0.000	0.000	0.000
454	  I	  0.1	  0.7	0.000	0.000	0.000
455	  P	  0.0	  0.6	0.000	0.000	0.000
456	  G	  0.0	  0.6	0.000	0.000	0.000
457	  V	  0.0	  1.3	0.000	0.000	0.000
458	  P	  0.0	  0.8	0.000	0.000	0.000
459	  G	  0.0	  1.1	0.000	0.000	0.000
460	  A	  0.0	  1.5	0.000	0.000	0.000
461	  K	  0.1	  0.9	0.000	0.000	0.000
462	  G	  0.1	  2.1	0.000	0.000	0.000
463	  E	  0.0	  2.8	0.000	0.000	0.000
464	  D	  0.0	  2.6	0.000	0.000	0.000
465	  G	  0.0	  3.6	0.000	0.000	0.000
466	  K	  0.0	  2.6	0.000	0.000	0.000
467	  D	  0.0	  1.5	0.000	0.000	0.000
468	  G	  0.0	  1.4	0.000	0.000	0.000
469	  S	  0.0	  2.7	0.000	0.000	0.000
470	  P	  0.0	  2.4	0.000	0.000	0.000
471	  G	  0.0	  2.4	0.000	0.000	0.000
472	  E	  0.0	  3.3	0.000	0.000	0.000
473	  P	  0.0	  1.0	0.000	0.000	0.000
474	  G	  0.0	  2.3	0.000	0.000	0.000
475	  A	  0.0	  3.3	0.000	0.000	0.000
476	  N	  0.0	  2.4	0.000	0.000	0.000
477	  G	  0.0	  2.3	0.000	0.000	0.000
478	  L	  0.0	  2.2	0.000	0.000	0.000
479	  P	  0.0	  1.3	0.000	0.000	0.000
480	  G	  0.0	  1.5	0.000	0.000	0.000
481	  A	  0.1	  1.8	0.000	0.000	0.000
482	  A	  0.1	  0.7	0.000	0.000	0.000
483	  G	  0.0	  0.9	0.000	0.000	0.000
484	  E	  0.0	  0.8	0.000	0.000	0.000
485	  R	  0.1	  0.5	0.000	0.000	0.000
486	  G	  0.1	  0.4	0.000	0.000	0.000
487	  A	  0.1	  1.7	0.000	0.000	0.000
488	  P	  0.0	  1.6	0.000	0.000	0.000
489	  G	  0.1	  1.6	0.000	0.000	0.000
490	  F	  1.4	  1.6	0.000	0.000	0.000
491	  R	  1.4	  0.0	0.000	0.000	0.000
492	  G	  1.4	  0.4	0.000	0.000	0.000
493	  P	  0.0	  0.4	0.000	0.000	0.000
494	  A	  0.0	  0.5	0.000	0.000	0.000
495	  G	  0.0	  3.9	0.000	0.000	0.000
496	  P	  0.0	  4.2	0.000	0.000	0.000
497	  N	  0.1	  4.2	0.000	0.000	0.000
498	  G	  0.1	  4.1	0.000	0.000	0.000
499	  I	  0.1	  1.4	0.000	0.000	0.000
500	  P	  0.0	  0.8	0.000	0.000	0.000
501	  G	  0.0	  1.1	0.000	0.000	0.000
502	  E	  0.0	  1.1	0.000	0.000	0.000
503	  K	  0.0	  0.4	0.000	0.000	0.000
504	  G	  0.0	  0.7	0.000	0.000	0.000
505	  P	  0.0	  0.9	0.000	0.000	0.000
506	  A	  0.0	  1.0	0.000	0.000	0.000
507	  G	  0.0	  1.2	0.000	0.000	0.000
508	  E	  0.0	  0.9	0.000	0.000	0.000
509	  R	  0.1	  0.5	0.000	0.000	0.000
510	  G	  0.1	  0.4	0.000	0.000	0.000
511	  A	  0.1	  0.1	0.000	0.000	0.000
512	  P	  0.0	  0.0	0.000	0.000	0.000
513	  G	  0.0	  0.4	0.000	0.000	0.000
514	  P	  0.0	  0.4	0.000	0.000	0.000
515	  A	  0.0	  0.5	0.000	0.000	0.000
516	  G	  0.0	  1.3	0.000	0.000	0.000
517	  P	  0.0	  1.1	0.000	0.000	0.000
518	  R	  0.0	  1.1	0.000	0.000	0.000
519	  G	  0.1	  1.2	0.000	0.000	0.000
520	  A	  0.1	  0.8	0.000	0.000	0.000
521	  A	  0.1	  0.6	0.000	0.000	0.000
522	  G	  0.0	  0.5	0.000	0.000	0.000
523	  E	  0.0	  1.5	0.000	0.000	0.000
524	  P	  0.0	  1.3	0.000	0.000	0.000
525	  G	  0.0	  2.2	0.000	0.000	0.000
526	  R	  0.0	  2.7	0.000	0.000	0.000
527	  D	  0.0	  1.6	0.000	0.000	0.000
528	  G	  0.0	  1.4	0.000	0.000	0.000
529	  V	  0.0	  1.0	0.000	0.000	0.000
530	  P	  0.0	  0.5	0.000	0.000	0.000
531	  G	  0.0	  0.6	0.000	0.000	0.000
532	  G	  0.0	  2.9	0.000	0.000	0.000
533	  P	  0.0	  2.4	0.000	0.000	0.000
534	  G	  0.0	  2.4	0.000	0.000	0.000
535	  M	  0.3	  2.5	0.000	0.000	0.000
536	  R	  0.4	  0.2	0.000	0.000	0.000
537	  G	  0.4	  0.2	0.000	0.000	0.000
538	  M	  0.1	  2.0	0.000	0.000	0.000
539	  P	  0.0	  1.8	0.000	0.000	0.000
540	  G	  0.0	  1.8	0.000	0.000	0.000
541	  S	  0.0	  3.5	0.000	0.000	0.000
542	  P	  0.0	  1.6	0.000	0.000	0.000
543	  G	  0.0	  1.8	0.000	0.000	0.000
544	  G	  0.0	  4.5	0.000	0.000	0.000
545	  P	  0.0	  3.2	0.000	0.000	0.000
546	  G	  0.0	  4.4	0.000	0.000	0.000
547	  S	  0.0	  4.8	0.000	0.000	0.000
548	  D	  0.0	  2.2	0.000	0.000	0.000
549	  G	  0.0	  1.8	0.000	0.000	0.000
550	  K	  0.0	  0.6	0.000	0.000	0.000
551	  P	  0.0	  0.0	0.000	0.000	0.000
552	  G	  0.0	  0.0	0.000	0.000	0.000
553	  P	  0.0	  2.5	0.000	0.000	0.000
554	  P	  0.0	  2.7	0.000	0.000	0.000
555	  G	  0.0	  3.0	0.000	0.000	0.000
556	  S	  0.1	  3.4	0.000	0.000	0.000
557	  Q	  0.1	  1.0	0.000	0.000	0.000
558	  G	  0.1	  1.4	0.000	0.000	0.000
559	  E	  0.0	  1.3	0.000	0.000	0.000
560	  S	  0.2	  0.9	0.000	0.000	0.000
561	  G	  0.2	  0.8	0.000	0.000	0.000
562	  R	  0.2	  0.2	0.000	0.000	0.000
563	  P	  0.0	  0.0	0.000	0.000	0.000
564	  G	  0.0	  0.0	0.000	0.000	0.000
565	  P	  0.0	  0.0	0.000	0.000	0.000
566	  P	  0.0	  0.1	0.000	0.000	0.000
567	  G	  0.0	  1.9	0.000	0.000	0.000
568	  P	  0.0	  1.9	0.000	0.000	0.000
569	  S	  0.0	  2.0	0.000	0.000	0.000
570	  G	  0.0	  2.8	0.000	0.000	0.000
571	  P	  0.0	  1.2	0.000	0.000	0.000
572	  R	  0.1	  1.2	0.000	0.000	0.000
573	  G	  0.1	  1.1	0.000	0.000	0.000
574	  Q	  0.1	  1.2	0.000	0.000	0.000
575	  P	  0.0	  0.9	0.000	0.000	0.000
576	  G	  0.0	  0.9	0.000	0.000	0.000
577	  V	  1.3	  1.0	0.000	0.000	0.000
578	  M	  1.6	  0.2	0.000	0.000	0.000
579	  G	  1.6	  0.2	0.000	0.000	0.000
580	  F	  0.3	  0.2	0.000	0.000	0.000
581	  P	  0.0	  0.0	0.000	0.000	0.000
582	  G	  0.0	  0.8	0.000	0.000	0.000
583	  P	  0.0	  1.1	0.000	0.000	0.000
584	  K	  0.0	  1.8	0.000	0.000	0.000
585	  G	  0.0	  2.1	0.000	0.000	0.000
586	  N	  0.0	  1.8	0.000	0.000	0.000
587	  D	  0.0	  1.6	0.000	0.000	0.000
588	  G	  0.0	  0.8	0.000	0.000	0.000
589	  A	  0.0	  2.7	0.000	0.000	0.000
590	  P	  0.0	  2.3	0.000	0.000	0.000
591	  G	  0.0	  3.3	0.000	0.000	0.000
592	  K	  0.0	  6.2	0.000	0.000	0.000
593	  N	  0.1	  4.2	0.000	0.000	0.000
594	  G	  0.0	  4.3	0.000	0.000	0.000
595	  E	  0.0	  3.3	0.000	0.000	0.000
596	  R	  0.0	  0.4	0.000	0.000	0.000
597	  G	  0.0	  0.4	0.000	0.000	0.000
598	  G	  0.0	  1.7	0.000	0.000	0.000
599	  P	  0.0	  1.6	0.000	0.000	0.000
600	  G	  0.0	  1.7	0.000	0.000	0.000
601	  G	  0.0	  1.6	0.000	0.000	0.000
602	  P	  0.0	  0.2	0.000	0.000	0.000
603	  G	  0.0	  1.1	0.000	0.000	0.000
604	  P	  0.0	  1.0	0.000	0.000	0.000
605	  Q	  0.0	  1.0	0.000	0.000	0.000
606	  G	  0.0	  0.9	0.000	0.000	0.000
607	  P	  0.0	  2.6	0.000	0.000	0.000
608	  P	  0.0	  2.8	0.000	0.000	0.000
609	  G	  0.0	  3.8	0.000	0.000	0.000
610	  K	  0.0	  6.6	0.000	0.000	0.000
611	  N	  0.1	  4.3	0.000	0.000	0.000
612	  G	  0.0	  4.5	0.000	0.000	0.000
613	  E	  0.0	  3.5	0.000	0.000	0.000
614	  T	  0.0	  0.7	0.000	0.000	0.000
615	  G	  0.0	  1.3	0.000	0.000	0.000
616	  P	  0.0	  1.0	0.000	0.000	0.000
617	  Q	  0.0	  1.0	0.000	0.000	0.000
618	  G	  0.0	  0.9	0.000	0.000	0.000
619	  P	  0.0	  0.0	0.000	0.000	0.000
620	  P	  0.0	  0.1	0.000	0.000	0.000
621	  G	  0.0	  1.2	0.000	0.000	0.000
622	  P	  0.0	  1.2	0.000	0.000	0.000
623	  T	  0.0	  1.4	0.000	0.000	0.000
624	  G	  0.0	  2.7	0.000	0.000	0.000
625	  P	  0.0	  1.6	0.000	0.000	0.000
626	  G	  0.0	  2.3	0.000	0.000	0.000
627	  G	  0.0	  2.3	0.000	0.000	0.000
628	  D	  0.0	  2.1	0.000	0.000	0.000
629	  K	  0.0	  4.8	0.000	0.000	0.000
630	  G	  0.0	  4.4	0.000	0.000	0.000
631	  D	  0.0	  4.2	0.000	0.000	0.000
632	  T	  0.0	  3.0	0.000	0.000	0.000
633	  G	  0.0	  0.2	0.000	0.000	0.000
634	  P	  0.0	  0.0	0.000	0.000	0.000
635	  P	  0.0	  0.0	0.000	0.000	0.000
636	  G	  0.0	  1.0	0.000	0.000	0.000
637	  P	  0.0	  1.2	0.000	0.000	0.000
638	  Q	  0.0	  1.2	0.000	0.000	0.000
639	  G	  0.0	  1.1	0.000	0.000	0.000
640	  L	  0.1	  0.3	0.000	0.000	0.000
641	  Q	  0.1	  0.1	0.000	0.000	0.000
642	  G	  0.1	  0.1	0.000	0.000	0.000
643	  L	  0.0	  0.9	0.000	0.000	0.000
644	  P	  0.0	  1.1	0.000	0.000	0.000
645	  G	  0.0	  1.2	0.000	0.000	0.000
646	  T	  0.0	  1.2	0.000	0.000	0.000
647	  G	  0.0	  0.3	0.000	0.000	0.000
648	  G	  0.0	  0.1	0.000	0.000	0.000
649	  P	  0.0	  1.7	0.000	0.000	0.000
650	  P	  0.0	  1.9	0.000	0.000	0.000
651	  G	  0.0	  3.0	0.000	0.000	0.000
652	  E	  0.0	  9.3	0.000	0.000	0.000
653	  N	  0.0	  7.5	0.000	0.000	0.000
654	  G	  0.0	  7.4	0.000	0.000	0.000
655	  K	  0.0	  7.5	0.000	0.000	0.000
656	  P	  0.0	  1.2	0.000	0.000	0.000
657	  G	  0.0	  1.2	0.000	0.000	0.000
658	  E	  0.0	  1.2	0.000	0.000	0.000
659	  P	  0.0	  0.0	0.000	0.000	0.000
660	  G	  0.0	  0.8	0.000	0.000	0.000
661	  P	  0.0	  1.3	0.000	0.000	0.000
662	  K	  0.0	  2.2	0.000	0.000	0.000
663	  G	  0.0	  2.3	0.000	0.000	0.000
664	  D	  0.0	  2.6	0.000	0.000	0.000
665	  A	  0.0	  2.0	0.000	0.000	0.000
666	  G	  0.0	  1.1	0.000	0.000	0.000
667	  A	  0.0	  2.5	0.000	0.000	0.000
668	  P	  0.0	  1.4	0.000	0.000	0.000
669	  G	  0.0	  1.4	0.000	0.000	0.000
670	  A	  0.0	  2.5	0.000	0.000	0.000
671	  P	  0.0	  1.7	0.000	0.000	0.000
672	  G	  0.0	  1.9	0.000	0.000	0.000
673	  G	  0.0	  2.4	0.000	0.000	0.000
674	  K	  0.0	  2.3	0.000	0.000	0.000
675	  G	  0.0	  1.7	0.000	0.000	0.000
676	  D	  0.0	  2.6	0.000	0.000	0.000
677	  A	  0.0	  2.0	0.000	0.000	0.000
678	  G	  0.0	  1.1	0.000	0.000	0.000
679	  A	  0.0	  2.6	0.000	0.000	0.000
680	  P	  0.0	  1.6	0.000	0.000	0.000
681	  G	  0.0	  1.8	0.000	0.000	0.000
682	  E	  0.0	  1.8	0.000	0.000	0.000
683	  R	  0.0	  0.3	0.000	0.000	0.000
684	  G	  0.0	  0.3	0.000	0.000	0.000
685	  P	  0.0	  0.9	0.000	0.000	0.000
686	  P	  0.0	  0.9	0.000	0.000	0.000
687	  G	  0.1	  0.9	0.000	0.000	0.000
688	  L	  0.1	  1.2	0.000	0.000	0.000
689	  A	  0.1	  0.3	0.000	0.000	0.000
690	  G	  0.1	  0.3	0.000	0.000	0.000
691	  A	  0.0	  1.0	0.000	0.000	0.000
692	  P	  0.0	  0.8	0.000	0.000	0.000
693	  G	  0.0	  0.8	0.000	0.000	0.000
694	  L	  0.3	  0.9	0.000	0.000	0.000
695	  R	  0.3	  0.6	0.000	0.000	0.000
696	  G	  0.3	  0.8	0.000	0.000	0.000
697	  G	  0.0	  0.8	0.000	0.000	0.000
698	  A	  0.0	  0.7	0.000	0.000	0.000
699	  G	  0.0	  0.3	0.000	0.000	0.000
700	  P	  0.0	  0.0	0.000	0.000	0.000
701	  P	  0.0	  0.0	0.000	0.000	0.000
702	  G	  0.0	  0.9	0.000	0.000	0.000
703	  P	  0.0	  1.3	0.000	0.000	0.000
704	  E	  0.0	  3.6	0.000	0.000	0.000
705	  G	  0.0	  3.7	0.000	0.000	0.000
706	  G	  0.0	  3.4	0.000	0.000	0.000
707	  K	  0.0	  3.1	0.000	0.000	0.000
708	  G	  0.1	  1.0	0.000	0.000	0.000
709	  A	  0.1	  0.8	0.000	0.000	0.000
710	  A	  0.1	  0.2	0.000	0.000	0.000
711	  G	  0.0	  0.2	0.000	0.000	0.000
712	  P	  0.0	  0.0	0.000	0.000	0.000
713	  P	  0.0	  0.0	0.000	0.000	0.000
714	  G	  0.0	  0.0	0.000	0.000	0.000
715	  P	  0.0	  1.8	0.000	0.000	0.000
716	  P	  0.0	  1.9	0.000	0.000	0.000
717	  G	  0.0	  2.1	0.000	0.000	0.000
718	  A	  0.1	  2.3	0.000	0.000	0.000
719	  A	  0.1	  0.5	0.000	0.000	0.000
720	  G	  0.1	  0.4	0.000	0.000	0.000
721	  T	  0.0	  1.1	0.000	0.000	0.000
722	  P	  0.0	  0.8	0.000	0.000	0.000
723	  G	  0.0	  0.8	0.000	0.000	0.000
724	  L	  0.1	  1.1	0.000	0.000	0.000
725	  Q	  0.1	  0.3	0.000	0.000	0.000
726	  G	  0.1	  0.2	0.000	0.000	0.000
727	  M	  0.0	  1.6	0.000	0.000	0.000
728	  P	  0.0	  1.5	0.000	0.000	0.000
729	  G	  0.0	  1.7	0.000	0.000	0.000
730	  E	  0.0	  1.8	0.000	0.000	0.000
731	  R	  0.0	  0.9	0.000	0.000	0.000
732	  G	  0.0	  0.8	0.000	0.000	0.000
733	  G	  0.0	  0.8	0.000	0.000	0.000
734	  L	  0.1	  0.7	0.000	0.000	0.000
735	  G	  0.1	  0.3	0.000	0.000	0.000
736	  S	  0.1	  0.2	0.000	0.000	0.000
737	  P	  0.0	  0.0	0.000	0.000	0.000
738	  G	  0.0	  0.8	0.000	0.000	0.000
739	  P	  0.0	  1.3	0.000	0.000	0.000
740	  K	  0.0	  2.3	0.000	0.000	0.000
741	  G	  0.0	  2.4	0.000	0.000	0.000
742	  D	  0.0	  2.9	0.000	0.000	0.000
743	  K	  0.1	  2.4	0.000	0.000	0.000
744	  G	  0.1	  1.4	0.000	0.000	0.000
745	  E	  0.1	  1.9	0.000	0.000	0.000
746	  P	  0.0	  0.6	0.000	0.000	0.000
747	  G	  0.0	  0.7	0.000	0.000	0.000
748	  G	  0.0	  2.7	0.000	0.000	0.000
749	  P	  0.0	  2.3	0.000	0.000	0.000
750	  G	  0.0	  3.8	0.000	0.000	0.000
751	  A	  0.0	  4.0	0.000	0.000	0.000
752	  D	  0.0	  2.0	0.000	0.000	0.000
753	  G	  0.0	  1.9	0.000	0.000	0.000
754	  V	  0.0	  1.5	0.000	0.000	0.000
755	  P	  0.0	  1.2	0.000	0.000	0.000
756	  G	  0.0	  2.4	0.000	0.000	0.000
757	  K	  0.0	  2.4	0.000	0.000	0.000
758	  D	  0.0	  1.4	0.000	0.000	0.000
759	  G	  0.0	  2.0	0.000	0.000	0.000
760	  P	  0.0	  0.8	0.000	0.000	0.000
761	  R	  0.0	  0.9	0.000	0.000	0.000
762	  G	  0.0	  2.0	0.000	0.000	0.000
763	  P	  0.0	  1.2	0.000	0.000	0.000
764	  T	  0.0	  1.2	0.000	0.000	0.000
765	  G	  0.0	  1.2	0.000	0.000	0.000
766	  P	  0.0	  0.0	0.000	0.000	0.000
767	  I	  0.0	  0.0	0.000	0.000	0.000
768	  G	  0.0	  0.0	0.000	0.000	0.000
769	  P	  0.0	  0.0	0.000	0.000	0.000
770	  P	  0.0	  0.0	0.000	0.000	0.000
771	  G	  0.0	  0.4	0.000	0.000	0.000
772	  P	  0.0	  1.1	0.000	0.000	0.000
773	  A	  0.0	  1.1	0.000	0.000	0.000
774	  G	  0.0	  1.1	0.000	0.000	0.000
775	  Q	  0.0	  1.8	0.000	0.000	0.000
776	  P	  0.0	  1.7	0.000	0.000	0.000
777	  G	  0.0	  1.8	0.000	0.000	0.000
778	  D	  0.0	  3.1	0.000	0.000	0.000
779	  K	  0.0	  2.1	0.000	0.000	0.000
780	  G	  0.0	  2.0	0.000	0.000	0.000
781	  E	  0.0	  2.4	0.000	0.000	0.000
782	  G	  0.0	  1.1	0.000	0.000	0.000
783	  G	  0.0	  0.9	0.000	0.000	0.000
784	  A	  0.0	  1.2	0.000	0.000	0.000
785	  P	  0.0	  0.7	0.000	0.000	0.000
786	  G	  0.0	  0.7	0.000	0.000	0.000
787	  L	  0.0	  1.5	0.000	0.000	0.000
788	  P	  0.0	  0.8	0.000	0.000	0.000
789	  G	  0.5	  0.8	0.000	0.000	0.000
790	  I	  1.8	  0.8	0.000	0.000	0.000
791	  A	  1.8	  0.1	0.000	0.000	0.000
792	  G	  1.3	  0.8	0.000	0.000	0.000
793	  P	  0.0	  1.1	0.000	0.000	0.000
794	  R	  0.1	  1.1	0.000	0.000	0.000
795	  G	  0.1	  1.0	0.000	0.000	0.000
796	  S	  0.1	  2.7	0.141	0.000	0.000
797	  P	  0.0	  2.5	0.141	0.000	0.000
798	  G	  0.0	  2.8	0.141	0.000	0.000
799	  E	  0.0	  2.9	0.141	0.000	0.000
800	  R	  0.1	  0.5	0.141	0.000	0.000
801	  G	  0.1	  0.8	0.141	0.000	0.000
802	  E	  0.1	  0.6	0.141	0.000	0.000
803	  T	  0.0	  0.5	0.000	0.000	0.000
804	  G	  0.0	  0.4	0.000	0.000	0.000
805	  P	  0.0	  0.0	0.000	0.000	0.000
806	  P	  0.0	  0.0	0.000	0.000	0.000
807	  G	  0.0	  0.4	0.000	0.000	0.000
808	  P	  0.0	  0.9	0.000	0.000	0.000
809	  A	  0.0	  0.9	0.000	0.000	0.000
810	  G	  0.1	  0.9	0.000	0.000	0.000
811	  F	  0.1	  2.0	0.000	0.000	0.000
812	  P	  0.0	  1.6	0.000	0.000	0.000
813	  G	  0.0	  1.6	0.000	0.000	0.000
814	  A	  0.0	  3.7	0.000	0.000	0.000
815	  P	  0.0	  2.2	0.000	0.000	0.000
816	  G	  0.0	  3.0	0.000	0.000	0.000
817	  Q	  0.0	  4.0	0.000	0.000	0.000
818	  N	  0.1	  1.8	0.000	0.000	0.000
819	  G	  0.0	  1.8	0.000	0.000	0.000
820	  E	  0.0	  1.6	0.000	0.000	0.000
821	  P	  0.0	  1.2	0.000	0.000	0.000
822	  G	  0.0	  1.5	0.000	0.000	0.000
823	  G	  0.0	  2.1	0.000	0.000	0.000
824	  K	  0.0	  1.5	0.000	0.000	0.000
825	  G	  0.1	  1.1	0.000	0.000	0.000
826	  E	  0.1	  1.0	0.000	0.000	0.000
827	  R	  0.1	  0.4	0.000	0.000	0.000
828	  G	  0.1	  0.4	0.000	0.000	0.000
829	  A	  0.1	  1.6	0.000	0.000	0.000
830	  P	  0.0	  1.6	0.000	0.000	0.000
831	  G	  0.0	  1.8	0.000	0.000	0.000
832	  E	  0.0	  2.2	0.000	0.000	0.000
833	  K	  0.1	  0.8	0.000	0.000	0.000
834	  G	  0.0	  1.2	0.000	0.000	0.000
835	  E	  0.0	  0.9	0.000	0.000	0.000
836	  G	  0.0	  0.6	0.000	0.000	0.000
837	  G	  0.0	  0.4	0.000	0.000	0.000
838	  P	  0.0	  1.4	0.000	0.000	0.000
839	  P	  0.0	  1.4	0.000	0.000	0.000
840	  G	  0.2	  1.4	0.000	0.000	0.000
841	  V	  0.9	  1.4	0.000	0.000	0.000
842	  A	  0.9	  0.0	0.000	0.000	0.000
843	  G	  0.6	  0.0	0.000	0.000	0.000
844	  P	  0.0	  1.3	0.000	0.000	0.000
845	  P	  0.0	  1.4	0.000	0.000	0.000
846	  G	  0.0	  2.1	0.000	0.000	0.000
847	  G	  0.0	  2.1	0.000	0.000	0.000
848	  S	  0.0	  1.0	0.000	0.000	0.000
849	  G	  0.0	  1.3	0.000	0.000	0.000
850	  P	  0.0	  0.5	0.000	0.000	0.000
851	  A	  0.0	  0.5	0.000	0.000	0.000
852	  G	  0.0	  0.4	0.000	0.000	0.000
853	  P	  0.0	  0.0	0.000	0.000	0.000
854	  P	  0.0	  0.0	0.000	0.000	0.000
855	  G	  0.0	  1.0	0.000	0.000	0.000
856	  P	  0.0	  1.2	0.000	0.000	0.000
857	  Q	  0.0	  1.2	0.000	0.000	0.000
858	  G	  0.1	  1.2	0.000	0.000	0.000
859	  V	  0.7	  0.8	0.000	0.000	0.000
860	  K	  0.7	  0.6	0.000	0.000	0.000
861	  G	  0.6	  0.8	0.000	0.000	0.000
862	  E	  0.1	  1.0	0.000	0.000	0.000
863	  R	  0.1	  0.5	0.000	0.000	0.000
864	  G	  0.1	  0.4	0.000	0.000	0.000
865	  S	  0.1	  1.8	0.000	0.000	0.000
866	  P	  0.0	  1.7	0.000	0.000	0.000
867	  G	  0.0	  1.8	0.000	0.000	0.000
868	  G	  0.0	  3.8	0.221	0.000	0.000
869	  P	  0.0	  2.2	0.221	0.000	0.000
870	  G	  0.0	  2.3	0.221	0.000	0.000
871	  A	  0.1	  2.6	0.221	0.000	0.000
872	  A	  0.1	  0.6	0.221	0.000	0.000
873	  G	  0.1	  0.5	0.221	0.000	0.000
874	  F	  0.1	  2.0	0.221	0.000	0.000
875	  P	  0.0	  1.7	0.000	0.000	0.000
876	  G	  0.0	  2.0	0.000	0.000	0.000
877	  A	  0.1	  2.1	0.000	0.000	0.000
878	  R	  0.2	  0.5	0.000	0.000	0.000
879	  G	  0.2	  0.4	0.000	0.000	0.000
880	  L	  0.1	  0.1	0.000	0.000	0.000
881	  P	  0.0	  0.0	0.000	0.000	0.000
882	  G	  0.0	  0.0	0.000	0.000	0.000
883	  P	  0.0	  2.5	0.000	0.000	0.000
884	  P	  0.0	  3.0	0.000	0.000	0.000
885	  G	  0.0	  4.0	0.000	0.000	0.000
886	  S	  0.0	  4.5	0.000	0.000	0.000
887	  N	  0.0	  2.1	0.000	0.000	0.000
888	  G	  0.0	  1.5	0.000	0.000	0.000
889	  N	  0.0	  0.5	0.000	0.000	0.000
890	  P	  0.0	  0.0	0.000	0.000	0.000
891	  G	  0.0	  0.0	0.000	0.000	0.000
892	  P	  0.0	  0.0	0.000	0.000	0.000
893	  P	  0.0	  0.1	0.000	0.000	0.000
894	  G	  0.0	  1.8	0.000	0.000	0.000
895	  P	  0.0	  2.2	0.000	0.000	0.000
896	  S	  0.5	  2.2	0.000	0.000	0.000
897	  G	  0.5	  2.2	0.000	0.000	0.000
898	  S	  0.5	  3.9	0.000	0.000	0.000
899	  P	  0.0	  3.6	0.000	0.000	0.000
900	  G	  0.0	  4.8	0.000	0.000	0.000
901	  K	  0.0	  4.8	0.000	0.000	0.000
902	  D	  0.0	  1.3	0.000	0.000	0.000
903	  G	  0.0	  1.2	0.000	0.000	0.000
904	  P	  0.0	  0.0	0.000	0.000	0.000
905	  P	  0.0	  0.0	0.000	0.000	0.000
906	  G	  0.0	  0.4	0.000	0.000	0.000
907	  P	  0.0	  0.7	0.000	0.000	0.000
908	  A	  0.0	  2.7	0.000	0.000	0.000
909	  G	  0.0	  2.7	0.000	0.000	0.000
910	  N	  0.0	  2.6	0.000	0.000	0.000
911	  T	  0.1	  2.4	0.000	0.000	0.000
912	  G	  0.1	  0.3	0.000	0.000	0.000
913	  A	  0.1	  2.2	0.000	0.000	0.000
914	  P	  0.0	  1.9	0.000	0.000	0.000
915	  G	  0.0	  1.9	0.000	0.000	0.000
916	  S	  0.0	  3.8	0.000	0.000	0.000
917	  P	  0.0	  1.8	0.000	0.000	0.000
918	  G	  0.0	  1.8	0.000	0.000	0.000
919	  V	  0.7	  1.8	0.000	0.000	0.000
920	  S	  0.7	  0.1	0.000	0.000	0.000
921	  G	  0.7	  0.9	0.000	0.000	0.000
922	  P	  0.0	  1.4	0.000	0.000	0.000
923	  K	  0.0	  2.3	0.000	0.000	0.000
924	  G	  0.0	  2.2	0.000	0.000	0.000
925	  D	  0.0	  3.1	0.000	0.000	0.000
926	  A	  0.0	  2.6	0.000	0.000	0.000
927	  G	  0.0	  1.7	0.000	0.000	0.000
928	  Q	  0.0	  2.8	0.000	0.000	0.000
929	  P	  0.0	  1.2	0.000	0.000	0.000
930	  G	  0.0	  1.5	0.000	0.000	0.000
931	  E	  0.0	  1.8	0.000	0.000	0.000
932	  K	  0.0	  0.7	0.000	0.000	0.000
933	  G	  0.0	  0.6	0.000	0.000	0.000
934	  S	  0.0	  2.7	0.000	0.000	0.000
935	  P	  0.0	  2.5	0.000	0.000	0.000
936	  G	  0.0	  2.8	0.000	0.000	0.000
937	  A	  0.0	  2.8	0.000	0.000	0.000
938	  Q	  0.0	  0.4	0.000	0.000	0.000
939	  G	  0.0	  0.4	0.000	0.000	0.000
940	  P	  0.0	  1.8	0.000	0.000	0.000
941	  P	  0.0	  1.8	0.000	0.000	0.000
942	  G	  0.0	  1.8	0.000	0.000	0.000
943	  A	  0.0	  1.8	0.000	0.000	0.000
944	  P	  0.0	  0.1	0.000	0.000	0.000
945	  G	  0.0	  0.6	0.000	0.000	0.000
946	  P	  0.0	  0.6	0.000	0.000	0.000
947	  L	  0.2	  0.7	0.000	0.433	0.433
948	  G	  0.6	  0.6	0.000	0.433	0.433
949	  I	  1.9	  0.0	0.000	0.762	0.762
950	  A	  1.8	  0.2	0.000	0.762	0.762
951	  G	  1.7	  0.1	0.000	0.762	0.762
952	  I	  3.1	  0.2	0.000	0.762	0.762
953	  T	  3.1	  0.3	0.000	0.490	0.490
954	  G	  2.8	  0.5	0.000	0.000	0.000
955	  A	  0.1	  0.6	0.000	0.000	0.000
956	  R	  0.1	  0.6	0.000	0.000	0.000
957	  G	  0.2	  0.4	0.000	0.000	0.000
958	  L	  0.2	  0.1	0.000	0.000	0.000
959	  A	  0.1	  0.0	0.000	0.000	0.000
960	  G	  0.0	  0.0	0.000	0.000	0.000
961	  P	  0.0	  2.0	0.000	0.000	0.000
962	  P	  0.0	  2.0	0.000	0.000	0.000
963	  G	  0.0	  2.0	0.000	0.000	0.000
964	  M	  0.0	  2.0	0.000	0.000	0.000
965	  P	  0.0	  0.0	0.000	0.000	0.000
966	  G	  0.0	  0.8	0.000	0.000	0.000
967	  P	  0.0	  1.1	0.000	0.000	0.000
968	  R	  0.1	  1.1	0.000	0.000	0.000
969	  G	  0.1	  1.1	0.000	0.000	0.000
970	  S	  0.1	  0.3	0.000	0.000	0.000
971	  P	  0.0	  0.0	0.000	0.000	0.000
972	  G	  0.0	  1.0	0.000	0.000	0.000
973	  P	  0.0	  1.2	0.000	0.000	0.000
974	  Q	  0.0	  1.2	0.000	0.000	0.000
975	  G	  0.1	  1.2	0.000	0.000	0.000
976	  V	  0.7	  0.8	0.000	0.000	0.000
977	  K	  0.7	  0.6	0.000	0.000	0.000
978	  G	  0.6	  1.2	0.000	0.000	0.000
979	  E	  0.1	  1.4	0.000	0.000	0.000
980	  S	  0.1	  0.9	0.000	0.000	0.000
981	  G	  0.1	  0.8	0.000	0.000	0.000
982	  K	  0.1	  1.4	0.000	0.000	0.000
983	  P	  0.0	  1.4	0.000	0.000	0.000
984	  G	  0.0	  2.7	0.000	0.000	0.000
985	  A	  0.0	  3.7	0.000	0.000	0.000
986	  N	  0.0	  2.5	0.000	0.000	0.000
987	  G	  0.0	  2.6	0.000	0.000	0.000
988	  L	  0.2	  1.4	0.000	0.000	0.000
989	  S	  0.3	  0.7	0.000	0.000	0.000
990	  G	  0.2	  0.9	0.000	0.000	0.000
991	  E	  0.1	  0.7	0.000	0.000	0.000
992	  R	  0.0	  0.5	0.000	0.000	0.000
993	  G	  0.0	  0.3	0.000	0.000	0.000
994	  P	  0.0	  0.0	0.000	0.000	0.000
995	  P	  0.0	  0.0	0.000	0.000	0.000
996	  G	  0.0	  1.0	0.000	0.000	0.000
997	  P	  0.0	  1.2	0.000	0.000	0.000
998	  Q	  0.0	  1.2	0.000	0.000	0.000
999	  G	  0.0	  1.1	0.000	0.000	0.000
1000	  L	  0.0	  0.8	0.000	0.000	0.000
1001	  P	  0.0	  0.6	0.000	0.000	0.000
1002	  G	  0.1	  0.6	0.000	0.000	0.000
1003	  L	  0.1	  0.8	0.000	0.000	0.000
1004	  A	  0.1	  0.3	0.000	0.000	0.000
1005	  G	  0.2	  0.3	0.000	0.000	0.000
1006	  T	  0.2	  0.8	0.000	0.000	0.000
1007	  A	  0.2	  0.6	0.000	0.000	0.000
1008	  G	  0.1	  0.4	0.000	0.000	0.000
1009	  E	  0.0	  1.6	0.000	0.000	0.000
1010	  P	  0.0	  1.3	0.000	0.000	0.000
1011	  G	  0.0	  2.2	0.000	0.000	0.000
1012	  R	  0.0	  2.3	0.000	0.000	0.000
1013	  D	  0.0	  1.2	0.000	0.000	0.000
1014	  G	  0.0	  1.0	0.000	0.000	0.000
1015	  N	  0.0	  4.4	0.000	0.000	0.000
1016	  P	  0.0	  4.6	0.000	0.000	0.000
1017	  G	  0.0	  5.8	0.000	0.000	0.000
1018	  S	  0.0	  6.0	0.000	0.000	0.000
1019	  D	  0.0	  1.7	0.000	0.000	0.000
1020	  G	  0.0	  1.3	0.000	0.000	0.000
1021	  L	  0.0	  1.8	0.000	0.000	0.000
1022	  P	  0.0	  1.8	0.000	0.000	0.000
1023	  G	  0.0	  2.6	0.000	0.000	0.000
1024	  R	  0.0	  2.9	0.000	0.000	0.000
1025	  D	  0.0	  1.3	0.000	0.000	0.000
1026	  G	  0.0	  1.2	0.000	0.000	0.000
1027	  S	  0.0	  2.0	0.000	0.000	0.000
1028	  P	  0.0	  2.3	0.000	0.000	0.000
1029	  G	  0.0	  2.5	0.000	0.000	0.000
1030	  G	  0.0	  3.1	0.000	0.000	0.000
1031	  K	  0.0	  2.5	0.000	0.000	0.000
1032	  G	  0.0	  2.1	0.000	0.000	0.000
1033	  D	  0.0	  2.4	0.000	0.000	0.000
1034	  R	  0.0	  1.9	0.000	0.000	0.000
1035	  G	  0.0	  1.9	0.000	0.000	0.000
1036	  E	  0.1	  2.6	0.000	0.000	0.000
1037	  N	  0.0	  2.1	0.000	0.000	0.000
1038	  G	  0.0	  2.1	0.000	0.000	0.000
1039	  S	  0.0	  3.3	0.000	0.000	0.000
1040	  P	  0.0	  2.3	0.000	0.000	0.000
1041	  G	  0.0	  2.3	0.000	0.000	0.000
1042	  A	  0.0	  3.8	0.000	0.000	0.000
1043	  P	  0.0	  1.4	0.000	0.000	0.000
1044	  G	  0.0	  1.4	0.000	0.000	0.000
1045	  A	  0.0	  3.4	0.000	0.000	0.000
1046	  P	  0.0	  2.0	0.000	0.000	0.000
1047	  G	  0.0	  2.0	0.000	0.000	0.000
1048	  H	  0.0	  2.0	0.000	0.000	0.000
1049	  P	  0.0	  0.0	0.000	0.000	0.000
1050	  G	  0.0	  0.0	0.000	0.000	0.000
1051	  P	  0.0	  0.0	0.000	0.000	0.000
1052	  P	  0.0	  0.0	0.000	0.000	0.000
1053	  G	  0.0	  0.0	0.000	0.000	0.000
1054	  P	  0.0	  0.0	0.000	0.000	0.000
1055	  V	  0.0	  0.1	0.000	0.000	0.000
1056	  G	  0.0	  0.5	0.000	0.000	0.000
1057	  P	  0.0	  1.1	0.000	0.000	0.000
1058	  A	  0.0	  1.3	0.000	0.000	0.000
1059	  G	  0.0	  1.7	0.000	0.000	0.000
1060	  K	  0.1	  1.5	0.000	0.000	0.000
1061	  S	  0.1	  2.9	0.000	0.000	0.000
1062	  G	  0.1	  2.9	0.000	0.000	0.000
1063	  D	  0.0	  2.9	0.000	0.000	0.000
1064	  R	  0.0	  2.7	0.000	0.000	0.000
1065	  G	  0.0	  1.3	0.000	0.000	0.000
1066	  E	  0.1	  1.2	0.000	0.000	0.000
1067	  S	  0.0	  0.8	0.000	0.000	0.000
1068	  G	  0.0	  1.1	0.000	0.000	0.000
1069	  P	  0.0	  0.5	0.000	0.000	0.000
1070	  A	  0.0	  0.5	0.000	0.000	0.000
1071	  G	  0.0	  0.8	0.000	0.000	0.000
1072	  P	  0.0	  0.9	0.000	0.000	0.000
1073	  A	  0.0	  0.9	0.000	0.000	0.000
1074	  G	  0.0	  0.9	0.000	0.000	0.000
1075	  A	  0.0	  0.5	0.000	0.000	0.000
1076	  P	  0.0	  0.0	0.000	0.000	0.000
1077	  G	  0.0	  0.4	0.000	0.000	0.000
1078	  P	  0.0	  1.1	0.000	0.000	0.000
1079	  A	  0.0	  1.4	0.000	0.000	0.000
1080	  G	  0.0	  1.6	0.000	0.000	0.000
1081	  S	  0.1	  1.5	0.000	0.000	0.000
1082	  R	  0.2	  0.9	0.000	0.000	0.000
1083	  G	  0.1	  0.5	0.000	0.000	0.000
1084	  A	  0.1	  0.3	0.000	0.000	0.000
1085	  P	  0.0	  0.0	0.000	0.000	0.000
1086	  G	  0.0	  1.0	0.000	0.000	0.000
1087	  P	  0.0	  1.0	0.000	0.000	0.000
1088	  Q	  0.0	  1.0	0.000	0.000	0.000
1089	  G	  0.0	  1.8	0.000	0.000	0.000
1090	  P	  0.0	  1.0	0.000	0.000	0.000
1091	  R	  0.1	  1.4	0.000	0.000	0.000
1092	  G	  0.1	  1.6	0.000	0.000	0.000
1093	  D	  0.1	  2.0	0.000	0.000	0.000
1094	  K	  0.0	  2.0	0.000	0.000	0.000
1095	  G	  0.0	  2.0	0.000	0.000	0.000
1096	  E	  0.1	  1.9	0.000	0.000	0.000
1097	  T	  0.0	  0.8	0.000	0.000	0.000
1098	  G	  0.0	  0.8	0.000	0.000	0.000
1099	  E	  0.1	  0.6	0.000	0.000	0.000
1100	  R	  0.1	  0.5	0.000	0.000	0.000
1101	  G	  0.1	  0.5	0.000	0.000	0.000
1102	  A	  0.1	  0.5	0.000	0.000	0.000
1103	  A	  0.1	  0.4	0.000	0.000	0.000
1104	  G	  0.2	  0.4	0.000	0.000	0.000
1105	  I	  1.3	  0.9	0.000	0.000	0.000
1106	  K	  1.2	  0.8	0.000	0.000	0.000
1107	  G	  1.2	  0.8	0.000	0.000	0.000
1108	  H	  0.2	  1.2	0.000	0.000	0.000
1109	  R	  0.4	  0.5	0.000	0.000	0.000
1110	  G	  0.4	  0.5	0.000	0.000	0.000
1111	  F	  0.2	  1.2	0.000	0.000	0.000
1112	  P	  0.0	  0.8	0.000	0.000	0.000
1113	  G	  0.0	  0.8	0.000	0.000	0.000
1114	  N	  0.0	  3.9	0.000	0.000	0.000
1115	  P	  0.0	  3.2	0.000	0.000	0.000
1116	  G	  0.0	  3.2	0.000	0.000	0.000
1117	  A	  0.0	  5.1	0.000	0.000	0.000
1118	  P	  0.0	  2.0	0.000	0.000	0.000
1119	  G	  0.0	  2.0	0.000	0.000	0.000
1120	  S	  0.0	  2.0	0.000	0.000	0.000
1121	  P	  0.0	  0.0	0.000	0.000	0.000
1122	  G	  0.0	  0.4	0.000	0.000	0.000
1123	  P	  0.0	  1.1	0.000	0.000	0.000
1124	  A	  0.0	  1.1	0.000	0.000	0.000
1125	  G	  0.0	  1.3	0.000	0.000	0.000
1126	  Q	  0.0	  1.1	0.000	0.000	0.000
1127	  Q	  0.0	  0.5	0.000	0.000	0.000
1128	  G	  0.0	  0.4	0.000	0.000	0.000
1129	  A	  0.1	  0.4	0.000	0.000	0.000
1130	  I	  0.2	  0.2	0.000	0.000	0.000
1131	  G	  0.2	  0.2	0.000	0.000	0.000
1132	  S	  0.1	  0.2	0.000	0.000	0.000
1133	  P	  0.0	  0.0	0.000	0.000	0.000
1134	  G	  0.0	  0.4	0.000	0.000	0.000
1135	  P	  0.0	  0.4	0.000	0.000	0.000
1136	  A	  0.0	  0.5	0.000	0.000	0.000
1137	  G	  0.0	  1.3	0.000	0.000	0.000
1138	  P	  0.0	  0.9	0.000	0.000	0.000
1139	  R	  0.0	  0.9	0.000	0.000	0.000
1140	  G	  0.0	  0.8	0.000	0.000	0.000
1141	  P	  0.0	  0.0	0.000	0.000	0.000
1142	  V	  0.0	  0.1	0.000	0.000	0.000
1143	  G	  0.0	  1.9	0.000	0.000	0.000
1144	  P	  0.0	  1.9	0.000	0.000	0.000
1145	  S	  0.0	  1.9	0.000	0.000	0.000
1146	  G	  0.0	  1.8	0.000	0.000	0.000
1147	  P	  0.0	  2.7	0.000	0.000	0.000
1148	  P	  0.0	  2.8	0.000	0.000	0.000
1149	  G	  0.0	  4.0	0.000	0.000	0.000
1150	  K	  0.0	  4.3	0.000	0.000	0.000
1151	  D	  0.0	  1.8	0.000	0.000	0.000
1152	  G	  0.0	  1.8	0.000	0.000	0.000
1153	  T	  0.1	  1.0	0.000	0.000	0.000
1154	  S	  0.2	  0.7	0.000	0.000	0.000
1155	  G	  0.2	  0.5	0.000	0.000	0.000
1156	  H	  0.1	  0.4	0.000	0.000	0.000
1157	  P	  0.0	  0.0	0.000	0.000	0.000
1158	  G	  0.0	  0.0	0.000	0.000	0.000
1159	  P	  0.0	  0.0	0.000	0.000	0.000
1160	  I	  0.0	  0.0	0.000	0.000	0.000
1161	  G	  0.0	  0.0	0.000	0.000	0.000
1162	  P	  0.0	  0.0	0.000	0.000	0.000
1163	  P	  0.0	  0.1	0.000	0.000	0.000
1164	  G	  0.0	  0.9	0.000	0.000	0.000
1165	  P	  0.0	  1.0	0.000	0.000	0.000
1166	  R	  0.1	  1.2	0.000	0.000	0.000
1167	  G	  0.1	  1.2	0.000	0.000	0.000
1168	  N	  0.1	  0.8	0.000	0.000	0.000
1169	  R	  0.0	  0.7	0.000	0.000	0.000
1170	  G	  0.1	  0.7	0.000	0.000	0.000
1171	  E	  0.1	  0.8	0.000	0.000	0.000
1172	  R	  0.1	  0.5	0.000	0.000	0.000
1173	  G	  0.1	  0.7	0.000	0.000	0.000
1174	  S	  0.1	  1.4	0.000	0.000	0.000
1175	  E	  0.0	  1.3	0.000	0.000	0.000
1176	  G	  0.0	  1.2	0.000	0.000	0.000
1177	  S	  0.0	  4.0	0.000	0.000	0.000
1178	  P	  0.0	  3.1	0.000	0.000	0.000
1179	  G	  0.0	  3.1	0.000	0.000	0.000
1180	  H	  0.0	  7.7	0.000	0.000	0.000
1181	  P	  0.0	  4.7	0.000	0.000	0.000
1182	  G	  0.0	  4.7	0.000	0.000	0.000
1183	  Q	  0.0	  4.7	0.000	0.000	0.000
1184	  P	  0.0	  0.0	0.000	0.000	0.000
1185	  G	  0.0	  0.0	0.000	0.000	0.000
1186	  P	  0.0	  0.0	0.000	0.000	0.000
1187	  P	  0.0	  0.0	0.000	0.000	0.000
1188	  G	  0.0	  0.0	0.000	0.000	0.000
1189	  P	  0.0	  1.8	0.000	0.000	0.000
1190	  P	  0.0	  1.8	0.000	0.000	0.000
1191	  G	  0.0	  1.8	0.000	0.000	0.000
1192	  A	  0.0	  1.8	0.000	0.000	0.000
1193	  P	  0.0	  0.0	0.000	0.000	0.000
1194	  G	  0.0	  0.3	0.000	0.000	0.000
1195	  P	  0.0	  0.3	0.000	0.000	0.000
1196	  C	  3.5	  0.3	0.000	0.000	0.000
1197	  C	  3.5	  2.0	0.000	0.000	0.000
1198	  G	  3.5	  1.8	0.000	0.000	0.000
1199	  G	  0.1	  1.9	0.000	0.000	0.000
1200	  V	  0.1	  2.1	0.000	1.091	1.091
1201	  G	  0.2	  0.3	0.792	1.091	1.091
1202	  A	  0.2	  0.3	0.792	1.733	1.733
1203	  A	  0.3	  0.1	0.792	2.116	2.116
1204	  A	  0.5	  0.0	0.792	2.569	2.569
1205	  I	  1.7	  0.0	0.792	2.569	2.569
1206	  A	  1.6	  0.1	0.792	2.159	2.159
1207	  G	  1.4	  0.1	0.483	1.491	1.491
1208	  I	  0.2	  1.3	0.000	1.491	1.491
1209	  G	  0.1	  1.3	0.000	0.000	0.000
1210	  G	  0.1	  1.3	0.000	0.000	0.000
1211	  E	  0.1	  1.4	0.000	0.000	0.000
1212	  K	  0.2	  0.4	0.000	0.000	0.000
1213	  A	  0.2	  0.5	0.000	0.000	0.000
1214	  G	  0.1	  0.4	0.000	0.000	0.000
1215	  G	  0.4	  0.3	0.000	0.000	0.000
1216	  F	  0.6	  0.1	0.000	0.000	0.000
1217	  A	  0.6	  0.2	0.000	0.000	0.000
1218	  P	  0.2	  0.2	0.000	0.000	0.000
1219	  Y	  1.0	  0.2	0.000	0.000	0.000
1220	  Y	  1.1	  2.2	0.000	0.000	0.000
1221	  G	  1.1	  2.0	0.000	0.000	0.000
1222	  D	  0.1	  2.0	0.000	0.000	0.000
1223	  E	  0.0	  2.0	0.000	0.000	0.000
1224	  P	  0.0	  0.2	0.000	0.000	0.000
1225	  M	  1.5	  0.2	0.000	0.000	0.000
1226	  D	  1.9	  0.2	0.000	0.000	0.000
1227	  F	  3.9	  0.2	0.000	0.000	0.000
1228	  K	  4.0	  0.0	0.000	0.000	0.000
1229	  I	  5.6	  0.0	0.000	0.000	0.000
1230	  N	  3.8	  0.6	0.910	0.000	0.000
1231	  T	  2.3	  0.6	0.910	0.000	0.000
1232	  D	  0.2	  0.6	1.174	0.000	0.000
1233	  E	  0.3	  0.6	1.174	0.000	0.000
1234	  I	  2.3	  0.0	1.174	0.301	0.301
1235	  M	  2.9	  0.0	1.174	0.301	0.301
1236	  T	  3.2	  0.1	0.950	0.301	0.301
1237	  S	  1.6	  0.1	0.950	0.301	0.301
1238	  L	  1.3	  0.1	0.950	0.301	0.301
1239	  K	  1.3	  0.1	0.635	0.000	0.000
1240	  S	  5.6	  0.9	0.148	0.000	0.000
1241	  V	  5.6	  6.5	0.000	0.000	0.000
1242	  N	  5.1	  6.4	0.000	0.000	0.000
1243	  G	  0.3	  6.4	0.000	0.000	0.000
1244	  Q	  2.6	  5.6	0.000	0.000	0.000
1245	  I	  3.1	  0.1	0.000	0.000	0.000
1246	  E	  3.1	  0.1	0.000	0.000	0.000
1247	  S	  0.9	  0.1	0.000	0.000	0.000
1248	  L	  1.1	  0.1	0.000	0.000	0.000
1249	  I	  1.3	  0.0	0.000	0.000	0.000
1250	  S	  1.0	 16.8	0.000	0.000	0.000
1251	  P	  0.2	 17.2	0.000	0.000	0.000
1252	  D	  0.0	 17.5	0.169	0.000	0.000
1253	  G	  0.0	 17.6	0.169	0.000	0.000
1254	  S	  0.1	  0.8	0.169	0.000	0.000
1255	  R	  0.9	  0.5	0.169	0.000	0.000
1256	  K	  0.9	  0.1	0.169	0.000	0.000
1257	  N	  0.8	  0.3	0.169	0.000	0.000
1258	  P	  0.0	  0.2	0.000	0.000	0.000
1259	  A	  0.0	  0.5	0.000	0.000	0.000
1260	  R	  0.1	  0.5	0.000	0.000	0.000
1261	  N	  1.5	  0.3	1.176	0.000	0.000
1262	  C	  1.9	  0.7	1.315	0.000	0.000
1263	  R	  1.9	  0.4	1.315	0.000	0.000
1264	  D	  0.7	  0.4	1.315	0.000	0.000
1265	  L	  1.1	  0.4	1.315	0.000	0.000
1266	  K	  1.9	  0.0	1.315	0.000	0.000
1267	  F	  5.1	  0.0	0.809	0.000	0.000
1268	  C	  4.4	  0.0	0.000	0.000	0.000
1269	  H	  3.6	  0.4	0.000	0.000	0.000
1270	  P	  0.2	  0.5	0.000	0.000	0.000
1271	  E	  1.3	  0.5	0.000	0.000	0.000
1272	  L	  1.7	  0.8	0.000	0.000	0.000
1273	  K	  1.8	  0.6	0.000	0.000	0.000
1274	  S	  0.5	  0.9	0.000	0.000	0.000
1275	  G	  0.2	  0.9	0.000	0.000	0.000
1276	  E	  0.5	  0.6	0.000	0.000	0.000
1277	  Y	  1.4	  0.4	0.000	0.000	0.000
1278	  W	  2.8	  0.0	0.000	0.000	0.000
1279	  V	  2.7	  0.0	0.000	0.000	0.000
1280	  D	  1.7	  8.1	0.000	0.000	0.000
1281	  P	  0.2	  8.2	0.000	0.000	0.000
1282	  N	  0.0	  9.1	0.106	0.000	0.000
1283	  Q	  0.0	  9.2	0.106	0.000	0.000
1284	  G	  0.0	  1.1	0.106	0.000	0.000
1285	  C	  0.5	  1.1	0.241	0.000	0.000
1286	  K	  1.1	  0.4	0.241	0.000	0.000
1287	  L	  1.3	  0.3	0.241	0.349	0.349
1288	  D	  0.9	  0.3	0.939	0.349	0.349
1289	  A	  0.7	  0.2	0.939	0.349	0.349
1290	  I	  8.0	  0.0	0.939	0.349	0.349
1291	  K	  8.8	  0.0	0.939	0.349	0.349
1292	  V	 12.1	  0.0	0.698	0.557	0.557
1293	  F	  6.4	  0.1	0.698	0.557	0.557
1294	  C	  6.1	  0.1	0.131	0.207	0.207
1295	  N	  3.0	  0.1	0.306	0.207	0.207
1296	  M	  1.3	  0.4	0.175	0.207	0.207
1297	  E	  0.6	  0.3	0.175	0.000	0.000
1298	  T	  0.1	  0.6	0.175	0.000	0.000
1299	  G	  0.0	  0.8	0.175	0.000	0.000
1300	  E	  0.2	  0.6	0.175	0.000	0.000
1301	  T	  2.5	  0.5	0.204	0.000	0.000
1302	  C	  5.3	  0.2	0.204	0.000	0.000
1303	  I	  6.7	  0.0	0.204	0.000	0.000
1304	  S	  5.2	  0.0	0.204	0.000	0.000
1305	  A	  2.3	  0.0	0.204	0.000	0.000
1306	  N	  0.8	  0.4	0.204	0.000	0.000
1307	  P	  0.0	  0.3	0.000	0.000	0.000
1308	  L	  5.1	  0.3	0.000	0.000	0.000
1309	  N	  5.3	  0.3	0.000	0.000	0.000
1310	  V	  5.3	  0.0	0.000	0.000	0.000
1311	  P	  0.2	  0.0	0.000	0.000	0.000
1312	  R	  0.2	  0.0	0.000	0.000	0.000
1313	  K	  0.3	  0.0	0.000	0.000	0.000
1314	  H	  1.6	  0.0	0.000	0.000	0.000
1315	  W	  2.0	  0.0	0.000	0.000	0.000
1316	  W	  2.8	  0.1	0.000	0.000	0.000
1317	  T	  2.0	  0.2	0.000	0.000	0.000
1318	  D	  1.6	  1.8	0.330	0.000	0.000
1319	  S	  0.7	  1.8	2.579	0.000	0.000
1320	  S	  0.5	  1.9	2.964	0.000	0.000
1321	  A	  0.5	  1.8	2.964	0.000	0.000
1322	  E	  0.8	  0.3	2.964	0.000	0.000
1323	  K	  0.5	  0.3	2.964	0.000	0.000
1324	  K	  0.7	  0.1	2.786	0.000	0.000
1325	  H	  1.8	  0.1	0.867	0.000	0.000
1326	  V	  3.2	  0.0	0.000	0.000	0.000
1327	  W	  3.1	  0.2	0.000	0.000	0.000
1328	  F	  1.7	  0.6	0.000	0.000	0.000
1329	  G	  0.3	  0.7	0.000	0.000	0.000
1330	  E	  0.1	  0.7	0.000	0.000	0.000
1331	  S	  2.8	  3.4	0.000	0.000	0.000
1332	  M	  2.9	  3.2	0.000	0.000	0.000
1333	  D	  2.8	  3.1	0.000	0.000	0.000
1334	  G	  0.1	  3.1	0.000	0.000	0.000
1335	  G	  0.1	  0.2	0.000	0.000	0.000
1336	  F	  5.5	  0.1	0.000	0.149	0.149
1337	  Q	  7.8	  0.0	0.000	0.149	0.149
1338	  F	 14.0	  0.1	0.000	0.149	0.149
1339	  S	  9.5	  0.1	0.000	0.149	0.149
1340	  Y	  7.1	  0.1	0.000	0.149	0.149
1341	  G	  0.8	  0.1	0.000	0.000	0.000
1342	  N	  0.1	  0.2	0.000	0.000	0.000
1343	  P	  0.0	  0.2	0.000	0.000	0.000
1344	  E	  0.0	  0.2	0.000	0.000	0.000
1345	  L	  0.0	  0.4	0.000	0.000	0.000
1346	  P	  0.0	  0.5	0.000	0.000	0.000
1347	  E	  0.0	  0.5	0.000	0.000	0.000
1348	  D	  0.1	  0.5	0.000	0.000	0.000
1349	  V	  2.9	  0.3	0.000	0.392	0.392
1350	  L	  4.9	  0.0	0.000	0.392	0.392
1351	  D	  5.2	  0.0	0.623	0.392	0.392
1352	  V	  6.9	  0.0	0.623	5.360	5.360
1353	  H	  5.0	  0.0	2.050	5.716	5.716
1354	  L	  4.8	  0.0	2.050	5.716	5.716
1355	  A	  0.8	  0.0	2.050	5.716	5.716
1356	  F	  1.6	  0.0	2.192	5.716	5.716
1357	  L	  2.9	  0.0	1.570	4.947	4.947
1358	  R	  3.0	  0.0	1.570	0.392	0.392
1359	  L	  2.5	  0.0	1.334	0.392	0.392
1360	  L	  1.2	  0.1	1.150	0.392	0.392
1361	  S	  1.1	  0.2	1.173	0.188	0.188
1362	  S	  0.7	  0.2	0.579	0.000	0.000
1363	  R	  0.5	  0.3	0.243	0.000	0.000
1364	  A	  0.4	  0.3	0.243	0.000	0.000
1365	  S	  1.0	  0.9	0.243	0.000	0.000
1366	  Q	  1.0	  0.9	0.243	0.000	0.000
1367	  N	  2.9	  0.8	0.110	0.000	0.000
1368	  I	 16.8	  0.7	0.000	0.000	0.000
1369	  T	 22.9	  0.0	0.389	0.000	0.000
1370	  Y	 24.7	  0.0	0.389	0.000	0.000
1371	  H	 11.1	  0.0	0.389	0.000	0.000
1372	  C	  4.9	  0.3	0.389	0.000	0.000
1373	  K	  0.7	  0.4	0.389	0.000	0.000
1374	  N	  0.5	  0.4	0.389	0.000	0.000
1375	  S	  0.7	  0.4	0.127	0.737	0.737
1376	  I	  2.5	  0.0	0.000	0.737	0.737
1377	  A	  2.6	  0.0	0.000	0.737	0.737
1378	  Y	  3.4	  0.1	0.000	0.737	0.737
1379	  M	  1.7	  0.2	0.000	0.737	0.737
1380	  D	  1.3	  0.2	0.378	0.000	0.000
1381	  Q	  0.4	  0.6	0.378	0.000	0.000
1382	  A	  0.3	  0.6	0.378	0.000	0.000
1383	  S	  0.3	  1.1	0.378	0.000	0.000
1384	  G	  0.1	  1.1	0.497	0.000	0.000
1385	  N	  2.6	  0.7	1.393	0.000	0.000
1386	  V	  3.2	  0.6	1.015	0.000	0.000
1387	  K	  3.3	  0.0	1.015	0.000	0.000
1388	  K	  0.8	  0.0	1.015	0.000	0.000
1389	  A	  0.4	  0.0	1.015	0.000	0.000
1390	  L	  1.7	  0.1	1.015	0.000	0.000
1391	  K	  1.9	  0.0	0.808	0.000	0.000
1392	  L	  1.9	  0.2	0.285	0.000	0.000
1393	  M	  0.6	  0.8	0.147	0.000	0.000
1394	  G	  0.3	  1.1	0.000	0.000	0.000
1395	  S	  0.1	  1.1	0.000	0.000	0.000
1396	  N	  0.0	  1.9	0.000	0.000	0.000
1397	  E	  0.0	  1.5	0.000	0.000	0.000
1398	  G	  0.0	  1.2	0.182	0.000	0.000
1399	  E	  3.2	  1.2	0.182	0.000	0.000
1400	  F	  4.3	  0.3	0.182	0.000	0.000
1401	  K	  4.6	  0.2	0.182	0.000	0.000
1402	  A	  1.5	  0.4	0.182	0.000	0.000
1403	  E	  0.3	  2.1	0.182	0.000	0.000
1404	  G	  0.0	  2.1	0.000	0.000	0.000
1405	  N	  0.1	  1.9	0.000	0.000	0.000
1406	  S	  0.3	  1.7	0.000	0.000	0.000
1407	  K	  2.5	  0.1	0.000	0.000	0.000
1408	  F	 12.5	  0.0	0.000	44.826	44.826
1409	  T	 28.8	  0.0	0.000	47.283	47.283
1410	  Y	 34.4	  0.0	0.000	47.283	47.283
1411	  T	 27.7	  0.0	0.000	47.283	47.283
1412	  V	 12.5	  0.0	0.000	47.283	47.283
1413	  L	  3.7	  0.6	0.000	32.250	32.250
1414	  E	  1.0	  0.8	0.000	0.000	0.000
1415	  D	  0.1	  1.4	0.673	0.000	0.000
1416	  G	  0.1	  1.4	0.673	0.000	0.000
1417	  C	  3.8	  0.9	0.673	0.000	0.000
1418	  T	  4.4	  0.7	0.673	0.000	0.000
1419	  K	  4.9	  0.1	0.673	0.000	0.000
1420	  H	  1.3	  0.4	0.673	0.000	0.000
1421	  T	  0.7	  0.3	0.000	0.000	0.000
1422	  G	  0.2	  0.3	0.000	0.000	0.000
1423	  E	  1.0	  0.2	0.000	0.000	0.000
1424	  W	  2.2	  0.0	0.000	0.136	0.136
1425	  S	  2.8	  0.1	0.000	0.136	0.136
1426	  K	  2.6	  0.1	0.000	0.136	0.136
1427	  T	  7.0	  0.1	0.363	0.136	0.136
1428	  V	  9.5	  0.1	0.363	0.136	0.136
1429	  F	 12.7	  0.0	0.363	0.136	0.136
1430	  E	  7.8	  0.0	0.485	0.136	0.136
1431	  Y	  5.1	  0.0	0.485	0.136	0.136
1432	  R	  1.4	  0.1	0.485	0.000	0.000
1433	  T	  1.7	  0.1	0.325	0.000	0.000
1434	  R	  1.3	  0.1	0.325	0.000	0.000
1435	  K	  1.3	  0.1	0.325	0.000	0.000
1436	  A	  0.9	  0.1	0.000	0.000	0.000
1437	  V	  8.4	  0.0	0.000	0.000	0.000
1438	  R	  8.2	  0.0	0.000	0.000	0.000
1439	  L	  7.7	  0.0	0.000	0.000	0.000
1440	  P	  0.1	  0.0	0.000	0.000	0.000
1441	  I	  0.9	  0.0	0.000	0.000	0.000
1442	  V	  5.8	  0.0	0.000	0.000	0.000
1443	  D	  6.2	  0.0	0.000	0.000	0.000
1444	  I	  5.6	  0.0	0.000	0.000	0.000
1445	  A	  0.8	  0.2	0.000	0.000	0.000
1446	  P	  0.3	  0.2	0.000	0.000	0.000
1447	  Y	  3.4	  0.2	0.000	0.000	0.000
1448	  D	  3.4	  0.5	0.000	0.000	0.000
1449	  I	  3.6	  0.3	0.000	0.000	0.000
1450	  G	  0.1	  0.3	0.000	0.000	0.000
1451	  G	  0.1	  1.4	0.000	0.000	0.000
1452	  P	  0.0	  1.2	0.000	0.000	0.000
1453	  D	  0.1	  1.3	0.000	0.000	0.000
1454	  Q	  0.4	  1.2	0.000	0.000	0.000
1455	  E	  0.5	  0.1	0.000	0.000	0.000
1456	  F	  0.6	  0.1	0.000	0.000	0.000
1457	  G	  0.3	  0.0	0.000	0.000	0.000
1458	  V	  9.2	  0.0	0.000	0.000	0.000
1459	  D	  9.0	  0.0	0.000	0.000	0.000
1460	  V	  8.9	  0.0	0.000	0.000	0.000
1461	  G	  0.0	  0.0	0.000	0.000	0.000
1462	  P	  0.0	  0.0	0.000	0.000	0.000
1463	  V	  1.2	  0.0	0.000	0.000	0.000
1464	  C	  3.6	  0.0	0.000	0.000	0.000
1465	  F	  3.6	  0.0	0.000	0.000	0.000
1466	  L	  2.5	  0.0	0.000	0.000	0.000
