res	aa	Beta	Turn	Helix	Aggregation	Conc-Stab_Aggregation
01	  M	  0.1	  0.0	0.000	0.000	0.000
02	  W	  0.1	  0.1	0.000	0.000	0.000
03	  P	  0.1	  0.1	1.179	0.000	0.000
04	  L	  0.1	  0.1	1.179	0.000	0.000
05	  W	  1.2	  0.2	1.179	0.000	0.000
06	  R	  1.8	  0.1	1.306	0.000	0.000
07	  L	  2.4	  0.1	1.306	25.890	25.890
08	  V	  5.9	  0.1	1.306	29.960	29.960
09	  S	  5.6	  0.0	2.963	30.775	30.775
10	  L	  5.0	  0.0	2.748	31.500	31.500
11	  L	  0.8	  0.0	2.748	31.500	31.500
12	  A	  0.8	  0.0	2.628	27.820	27.820
13	  L	  0.8	  0.1	2.454	24.139	24.139
14	  S	  0.5	  0.1	2.187	3.309	3.309
15	  Q	  0.6	  0.1	0.763	0.000	0.000
16	  A	  0.5	  0.1	0.228	0.000	0.000
17	  L	  0.4	  0.0	0.228	0.000	0.000
18	  P	  0.1	  0.0	0.000	0.000	0.000
19	  F	  1.1	  0.1	0.000	0.000	0.000
20	  E	  1.2	  0.2	0.000	0.000	0.000
21	  Q	  1.2	  0.3	0.000	0.000	0.000
22	  R	  0.2	  0.3	0.000	0.000	0.000
23	  G	  0.2	  0.2	0.000	0.000	0.000
24	  F	  1.3	  0.2	0.000	0.000	0.000
25	  W	  2.5	  0.1	0.000	0.000	0.000
26	  D	  3.3	  0.1	0.000	0.000	0.000
27	  F	  7.0	  0.1	0.000	0.000	0.000
28	  T	  7.1	  0.2	0.000	0.000	0.000
29	  L	  6.3	  0.6	0.000	0.000	0.000
30	  D	  1.6	  0.6	0.000	0.000	0.000
31	  D	  0.1	  0.7	0.000	0.000	0.000
32	  G	  0.0	  0.5	0.000	0.000	0.000
33	  P	  0.0	  0.0	0.000	0.000	0.000
34	  F	  1.0	  0.0	0.000	0.000	0.000
35	  M	  1.6	  0.1	0.000	0.000	0.000
36	  M	  1.8	  0.2	0.000	0.000	0.000
37	  N	  0.8	  0.3	0.804	0.000	0.000
38	  D	  0.2	  0.5	0.804	0.000	0.000
39	  E	  0.0	  0.4	0.804	0.000	0.000
40	  E	  0.2	  0.6	0.804	0.000	0.000
41	  A	  0.3	  0.8	0.804	0.000	0.000
42	  S	  0.2	  0.9	0.804	0.000	0.000
43	  G	  0.1	  1.3	0.223	0.000	0.000
44	  A	  0.0	  1.0	0.000	0.000	0.000
45	  D	  0.2	  2.1	0.000	0.000	0.000
46	  T	  0.2	  1.9	0.000	0.000	0.000
47	  S	  0.2	  1.5	0.000	0.000	0.000
48	  G	  0.1	  1.5	0.000	0.000	0.000
49	  V	  4.9	  0.2	0.000	0.000	0.000
50	  L	  4.9	  0.0	0.000	0.000	0.000
51	  D	  4.9	  9.4	0.000	0.000	0.000
52	  P	  0.1	  9.5	0.000	0.000	0.000
53	  D	  0.1	  9.5	0.000	0.000	0.000
54	  S	  4.3	  9.5	0.000	0.000	0.000
55	  V	  4.6	  0.1	0.000	0.000	0.000
56	  T	  4.5	  0.2	0.210	0.000	0.000
57	  P	  0.4	  0.2	0.210	0.000	0.000
58	  T	 29.7	  0.2	0.632	0.000	0.000
59	  Y	 32.5	  0.2	0.632	0.000	0.000
60	  S	 32.6	  0.0	0.632	0.000	0.000
61	  A	  4.6	  0.0	0.632	0.000	0.000
62	  M	  0.3	  0.0	0.632	0.000	0.000
63	  C	  0.2	  0.5	0.632	0.000	0.000
64	  P	  0.1	  0.9	0.000	0.000	0.000
65	  F	  0.5	  2.0	0.000	0.000	0.000
66	  G	  0.6	  2.0	0.000	0.000	0.000
67	  C	  2.5	  1.5	0.000	0.000	0.000
68	  H	  3.1	  1.1	0.000	0.000	0.000
69	  C	  4.4	  0.0	0.000	0.000	0.000
70	  H	  3.2	  0.0	0.000	0.000	0.000
71	  L	  4.1	  0.0	0.000	0.000	0.000
72	  R	  5.0	  0.0	0.000	0.000	0.000
73	  V	  8.1	  0.0	0.000	0.000	0.000
74	  V	  8.4	  0.0	0.000	0.000	0.000
75	  Q	  6.7	  0.0	0.000	0.000	0.000
76	  C	  2.9	  0.5	0.000	0.000	0.000
77	  S	  0.7	  0.7	0.153	0.000	0.000
78	  D	  0.1	  0.7	0.153	0.000	0.000
79	  L	  0.1	  0.7	0.153	0.000	0.000
80	  G	  0.1	  0.2	0.153	0.000	0.000
81	  L	  0.5	  0.1	0.153	0.000	0.000
82	  K	  1.3	  0.1	0.153	0.000	0.000
83	  S	  1.4	  0.1	0.000	0.000	0.000
84	  V	  1.1	  0.1	0.000	0.000	0.000
85	  P	  0.2	  0.1	0.000	0.000	0.000
86	  K	  0.4	  0.1	0.000	0.000	0.000
87	  E	  2.8	  0.1	0.000	0.000	0.000
88	  I	  3.1	  0.1	0.000	0.000	0.000
89	  S	  2.7	  4.5	0.000	0.000	0.000
90	  P	  0.3	  4.6	0.000	0.000	0.000
91	  D	  0.2	  4.6	0.000	0.000	0.000
92	  T	  1.0	  4.6	0.000	0.000	0.000
93	  T	  1.8	  0.1	0.568	0.000	0.000
94	  L	  2.0	  0.0	0.568	0.000	0.000
95	  L	  2.2	  0.0	0.568	0.000	0.000
96	  D	  1.6	  0.0	0.568	0.000	0.000
97	  L	  1.4	  0.2	0.568	0.000	0.000
98	  Q	  0.4	  0.3	0.568	0.000	0.000
99	  N	  0.3	  0.5	0.119	0.000	0.000
100	  N	  0.2	  0.5	0.000	0.000	0.000
101	  D	  0.8	  0.6	0.359	0.000	0.000
102	  I	  1.0	  0.5	0.359	0.000	0.000
103	  S	  0.9	  0.4	1.161	0.000	0.000
104	  E	  0.5	  0.4	1.161	0.000	0.000
105	  L	  0.5	  0.1	1.161	0.000	0.000
106	  R	  1.0	  0.7	1.161	0.000	0.000
107	  K	  0.7	  1.0	0.995	0.000	0.000
108	  D	  0.5	  1.0	0.802	0.000	0.000
109	  D	  0.5	  1.0	0.000	0.000	0.000
110	  F	  0.9	  1.1	0.000	0.000	0.000
111	  K	  0.8	  0.8	0.000	0.000	0.000
112	  G	  0.4	  0.8	0.565	0.011	0.011
113	  L	  0.5	  0.8	0.565	0.143	0.143
114	  Q	  0.9	  0.1	0.565	0.210	0.210
115	  H	  1.4	  0.0	1.174	1.953	1.953
116	  L	  1.2	  0.0	1.174	79.771	79.771
117	  Y	  1.5	  0.0	1.174	93.822	93.822
118	  A	  1.3	  0.0	1.174	98.028	98.028
119	  L	  2.9	  0.0	1.174	98.103	98.103
120	  V	  8.8	  0.0	1.174	98.103	98.103
121	  L	  9.2	  0.0	1.174	96.993	96.993
122	  V	  7.8	  0.1	0.833	89.831	89.831
123	  N	  1.3	  0.1	0.833	1.378	1.378
124	  N	  0.8	  0.1	0.000	0.049	0.049
125	  K	  1.0	  0.0	0.000	0.000	0.000
126	  I	  1.6	  0.0	0.000	0.000	0.000
127	  S	  1.9	  0.0	0.000	0.000	0.000
128	  K	  2.1	  0.0	0.000	0.000	0.000
129	  I	  2.0	  0.0	0.000	0.000	0.000
130	  H	  1.8	  0.1	0.000	0.000	0.000
131	  E	  0.9	  0.2	0.000	0.000	0.000
132	  K	  0.5	  0.2	0.000	0.000	0.000
133	  A	  1.1	  0.2	0.000	0.000	0.000
134	  F	  1.4	  0.0	0.000	0.000	0.000
135	  S	  1.3	  0.2	3.512	0.000	0.000
136	  P	  0.4	  0.2	3.512	0.000	0.000
137	  L	  0.3	  0.2	3.512	0.000	0.000
138	  R	  0.6	  0.3	3.512	0.000	0.000
139	  K	  1.1	  0.1	3.512	0.000	0.000
140	  L	  1.1	  0.1	3.512	0.000	0.000
141	  Q	  1.1	  0.1	2.770	0.000	0.000
142	  K	  0.8	  0.1	1.592	0.000	0.000
143	  L	  1.2	  0.1	0.766	0.000	0.000
144	  Y	  1.9	  0.0	0.573	0.000	0.000
145	  I	  2.3	  0.0	0.189	0.000	0.000
146	  S	  2.3	  1.5	0.189	0.000	0.000
147	  K	  1.4	  1.5	0.000	0.000	0.000
148	  N	  0.7	  1.5	0.000	0.000	0.000
149	  H	  0.8	  1.4	0.000	0.000	0.000
150	  L	  0.9	  0.0	0.000	0.000	0.000
151	  V	 13.3	  0.0	0.000	0.000	0.000
152	  E	 12.6	  0.0	0.000	0.000	0.000
153	  I	 12.4	  0.0	0.000	0.000	0.000
154	  P	  0.0	  0.9	0.000	0.000	0.000
155	  P	  0.0	  0.9	0.000	0.000	0.000
156	  N	  0.0	  0.9	0.000	0.000	0.000
157	  L	  0.1	  1.2	0.000	0.000	0.000
158	  P	  0.1	  0.5	0.000	0.000	0.000
159	  S	  0.1	  0.5	0.114	0.000	0.000
160	  S	  0.4	  0.5	0.840	0.000	0.000
161	  L	  0.6	  0.2	0.840	0.000	0.000
162	  V	  5.0	  0.1	0.840	0.000	0.000
163	  E	  4.8	  0.0	0.840	0.000	0.000
164	  L	  8.8	  0.0	0.840	0.000	0.000
165	  R	  7.0	  0.0	0.840	0.000	0.000
166	  I	  6.8	  0.0	0.176	0.000	0.000
167	  H	  2.8	  0.3	0.176	0.000	0.000
168	  D	  0.2	  0.4	0.204	0.000	0.000
169	  N	  0.2	  0.4	0.960	0.000	0.000
170	  R	  4.1	  0.3	0.960	0.000	0.000
171	  I	  4.9	  0.0	0.960	0.000	0.000
172	  R	  5.7	  0.0	0.960	0.000	0.000
173	  K	  2.0	  0.0	0.960	0.000	0.000
174	  V	  1.2	  0.3	0.756	0.000	0.000
175	  P	  0.2	  0.6	0.000	0.000	0.000
176	  K	  0.0	  0.6	0.000	0.000	0.000
177	  G	  0.1	  0.6	0.000	0.000	0.000
178	  V	  4.8	  0.4	0.000	0.000	0.000
179	  F	  6.2	  0.3	0.000	0.000	0.000
180	  S	  6.2	  0.3	0.000	0.000	0.000
181	  G	  1.5	  0.3	0.000	0.000	0.000
182	  L	  0.3	  0.5	0.000	0.000	0.000
183	  R	  0.3	  0.2	0.000	0.000	0.000
184	  N	  0.6	  1.8	0.000	0.000	0.000
185	  M	  4.5	  1.8	0.000	0.000	0.000
186	  N	  6.0	  1.7	0.740	0.000	0.000
187	  C	  8.5	  1.7	0.887	0.000	0.000
188	  I	  7.4	  0.0	0.887	0.000	0.000
189	  E	  5.7	  0.0	0.887	0.000	0.000
190	  M	  2.9	  0.1	0.887	0.000	0.000
191	  G	  0.1	  0.1	0.887	0.000	0.000
192	  G	  0.0	  0.1	0.649	0.000	0.000
193	  N	  0.0	  0.4	0.873	0.000	0.000
194	  P	  0.0	  0.3	0.224	0.000	0.000
195	  L	  0.1	  0.5	0.224	0.000	0.000
196	  E	  0.1	  0.5	0.224	0.000	0.000
197	  N	  0.1	  0.5	0.224	0.000	0.000
198	  S	  0.1	  0.5	0.224	0.000	0.000
199	  G	  0.2	  0.3	0.000	0.000	0.000
200	  F	  0.9	  0.3	0.000	0.000	0.000
201	  E	  0.9	  0.9	0.000	0.000	0.000
202	  P	  0.7	  1.0	0.000	0.000	0.000
203	  G	  0.0	  1.0	0.000	0.000	0.000
204	  A	  0.2	  1.1	0.000	0.000	0.000
205	  F	  0.6	  1.0	0.000	0.000	0.000
206	  D	  0.6	  0.9	0.723	0.000	0.000
207	  G	  0.4	  0.9	0.959	0.000	0.000
208	  L	  1.4	  0.8	0.959	0.000	0.000
209	  K	  2.2	  0.1	0.959	0.000	0.000
210	  L	  3.9	  0.0	0.959	0.000	0.000
211	  N	  2.5	  0.0	0.959	0.000	0.000
212	  Y	  2.8	  0.0	0.643	0.000	0.000
213	  L	  5.3	  0.0	0.170	0.000	0.000
214	  R	  7.5	  0.0	0.309	0.000	0.000
215	  I	  6.7	  0.0	0.139	0.000	0.000
216	  S	  2.5	  0.1	0.323	0.000	0.000
217	  E	  0.6	  0.1	0.323	0.000	0.000
218	  A	  0.7	  0.1	0.323	0.000	0.000
219	  K	  2.7	  0.1	0.323	0.000	0.000
220	  L	  2.4	  0.1	0.184	0.000	0.000
221	  T	  2.3	  0.1	0.184	0.000	0.000
222	  G	  0.2	  0.1	0.184	0.000	0.000
223	  I	  0.1	  0.1	0.000	0.000	0.000
224	  P	  0.0	  0.3	0.000	0.000	0.000
225	  K	  0.1	  0.3	0.000	0.000	0.000
226	  D	  0.1	  0.3	0.000	0.000	0.000
227	  L	  0.1	  0.5	0.000	0.000	0.000
228	  P	  0.0	  0.2	0.000	0.000	0.000
229	  E	  0.0	  0.2	0.000	0.000	0.000
230	  T	  1.9	  0.2	0.000	0.000	0.000
231	  L	  1.9	  0.1	0.000	0.000	0.000
232	  N	  1.9	  0.1	0.128	0.000	0.000
233	  E	  1.3	  0.1	0.128	0.000	0.000
234	  L	  2.4	  0.1	0.128	0.000	0.000
235	  H	  3.1	  0.4	0.128	0.000	0.000
236	  L	  2.1	  0.3	0.128	0.000	0.000
237	  D	  1.0	  1.0	0.128	0.000	0.000
238	  H	  0.4	  1.0	0.000	0.000	0.000
239	  N	  0.3	  0.8	0.127	0.000	0.000
240	  K	  0.8	  0.7	0.238	0.000	0.000
241	  I	  1.0	  0.0	0.238	0.000	0.000
242	  Q	  1.0	  0.0	0.485	0.000	0.000
243	  A	  0.6	  0.0	0.688	0.000	0.000
244	  I	  2.8	  0.0	2.338	0.000	0.000
245	  E	  2.8	  0.0	8.778	0.000	0.000
246	  L	  2.7	  0.2	9.493	0.000	0.000
247	  E	  0.2	  0.3	10.844	0.000	0.000
248	  D	  0.1	  0.2	13.205	0.000	0.000
249	  L	  0.1	  0.2	13.205	0.000	0.000
250	  L	  1.3	  0.0	13.205	0.000	0.000
251	  R	  2.2	  0.0	13.205	0.000	0.000
252	  Y	  4.1	  0.1	12.647	0.000	0.000
253	  S	  3.0	  0.2	6.605	0.000	0.000
254	  K	  2.3	  0.2	2.916	0.000	0.000
255	  L	  0.5	  0.2	2.047	0.000	0.000
256	  Y	  2.3	  0.1	1.762	0.000	0.000
257	  R	  2.2	  0.1	1.254	0.000	0.000
258	  L	  2.2	  0.2	0.500	0.000	0.000
259	  G	  0.2	  0.3	0.368	0.000	0.000
260	  L	  0.1	  0.4	0.000	0.000	0.000
261	  G	  0.1	  0.4	0.000	0.000	0.000
262	  H	  0.3	  0.4	0.000	0.000	0.000
263	  N	  0.7	  0.2	0.130	0.000	0.000
264	  Q	  1.9	  0.1	0.130	0.000	0.000
265	  I	  6.4	  0.0	0.130	0.000	0.000
266	  R	  6.6	  0.0	0.130	0.000	0.000
267	  M	  5.6	  0.0	0.130	0.000	0.000
268	  I	  1.1	  0.4	0.130	0.000	0.000
269	  E	  0.3	  1.2	0.130	0.000	0.000
270	  N	  0.1	  1.4	0.130	0.000	0.000
271	  G	  0.0	  1.4	0.000	0.000	0.000
272	  S	  5.8	  1.4	0.000	0.000	0.000
273	  L	  8.0	  0.6	0.000	0.000	0.000
274	  S	  9.0	  0.4	0.000	0.000	0.000
275	  F	  3.7	  0.4	0.000	0.000	0.000
276	  L	  1.2	  0.2	0.000	0.000	0.000
277	  P	  0.1	  0.2	0.000	0.000	0.000
278	  T	  2.4	  0.2	0.377	0.000	0.000
279	  L	  2.4	  0.2	0.377	0.000	0.000
280	  R	  2.5	  0.1	0.377	0.000	0.000
281	  E	  1.3	  0.1	0.377	0.000	0.000
282	  L	  2.4	  0.1	0.377	0.000	0.000
283	  H	  3.0	  0.4	0.377	0.000	0.000
284	  L	  1.9	  0.5	0.126	0.000	0.000
285	  D	  0.8	  1.3	0.636	0.000	0.000
286	  N	  0.1	  1.3	0.908	0.000	0.000
287	  N	  0.0	  1.1	1.138	0.000	0.000
288	  K	  0.4	  0.9	1.138	0.000	0.000
289	  L	  0.4	  0.1	1.138	0.000	0.000
290	  A	  0.9	  0.1	1.138	0.000	0.000
291	  R	  0.8	  0.0	0.903	0.000	0.000
292	  V	  0.7	  0.6	0.230	0.000	0.000
293	  P	  0.2	  0.8	0.000	0.000	0.000
294	  S	  0.1	  0.8	0.000	0.000	0.000
295	  G	  0.0	  0.8	0.000	0.000	0.000
296	  L	  0.0	  0.9	0.000	0.000	0.000
297	  P	  0.0	  0.8	1.210	0.000	0.000
298	  D	  0.2	  0.8	4.359	0.907	0.907
299	  L	  1.5	  0.8	4.359	0.907	0.907
300	  K	  1.8	  0.1	4.359	0.907	0.907
301	  L	  1.8	  0.0	4.359	40.685	40.685
302	  L	  1.2	  0.0	4.359	47.662	47.662
303	  Q	  1.6	  0.0	4.209	50.570	50.570
304	  V	  4.9	  0.0	2.677	52.241	52.241
305	  V	  7.6	  0.0	2.677	52.241	52.241
306	  Y	  7.5	  0.0	2.677	50.507	50.507
307	  L	  4.2	  0.0	1.549	43.517	43.517
308	  H	  0.8	  0.6	0.882	2.496	2.496
309	  S	  0.2	  0.9	0.000	0.263	0.263
310	  N	  0.2	  0.9	0.123	0.000	0.000
311	  N	  2.8	  0.9	0.123	0.000	0.000
312	  I	  5.3	  0.3	0.123	0.000	0.000
313	  T	  7.0	  0.0	0.123	0.000	0.000
314	  K	  4.8	  0.0	0.123	0.000	0.000
315	  V	  2.7	  0.0	0.123	0.000	0.000
316	  G	  0.9	  0.0	0.123	0.000	0.000
317	  V	  1.1	  0.1	0.000	0.000	0.000
318	  N	  0.8	  0.1	0.000	0.000	0.000
319	  D	  1.5	  0.1	0.000	0.000	0.000
320	  F	  1.3	  0.1	0.000	0.000	0.000
321	  C	  1.1	  0.6	0.000	0.000	0.000
322	  P	  0.3	  0.8	0.000	0.000	0.000
323	  M	  0.2	  0.8	0.000	0.000	0.000
324	  G	  0.2	  1.0	0.163	0.000	0.000
325	  F	  0.4	  0.4	0.163	0.000	0.000
326	  G	  0.3	  0.2	0.418	0.000	0.000
327	  V	  2.2	  0.2	0.418	0.000	0.000
328	  K	  2.1	  0.1	0.418	0.000	0.000
329	  R	  2.4	  0.0	0.418	0.000	0.000
330	  A	  0.8	  0.0	0.418	0.000	0.000
331	  Y	  2.3	  0.2	0.418	0.000	0.000
332	  Y	  2.5	 10.2	0.000	0.000	0.000
333	  N	  2.3	 10.2	0.000	0.000	0.000
334	  G	  0.6	 10.2	0.000	0.458	0.458
335	  I	  3.4	 10.1	0.000	0.659	0.659
336	  S	  3.7	  0.1	0.000	0.659	0.659
337	  L	  4.0	  0.1	0.000	0.659	0.659
338	  F	  1.6	  0.1	0.000	0.659	0.659
339	  N	  1.3	  0.0	0.000	0.200	0.200
340	  N	  0.9	  0.0	0.000	0.000	0.000
341	  P	  0.0	  0.0	0.000	0.000	0.000
342	  V	  0.0	  0.2	0.000	0.000	0.000
343	  P	  0.0	  0.2	0.000	0.000	0.000
344	  Y	  1.7	  0.2	0.000	0.000	0.000
345	  W	  7.0	  0.2	0.000	0.000	0.000
346	  E	 12.4	  0.0	0.000	0.000	0.000
347	  V	 11.1	  0.0	0.000	0.000	0.000
348	  Q	  6.1	  0.0	0.000	0.000	0.000
349	  P	  0.3	  0.1	0.000	0.000	0.000
350	  A	  0.7	  0.1	0.000	0.000	0.000
351	  T	 13.3	  0.1	0.000	0.000	0.000
352	  F	 20.5	  0.1	0.000	0.000	0.000
353	  R	 20.8	  0.0	0.000	0.000	0.000
354	  C	  9.8	  0.0	0.000	0.000	0.000
355	  V	  2.8	  0.1	0.000	0.000	0.000
356	  T	  1.7	  0.1	0.493	0.000	0.000
357	  D	  1.3	  0.2	1.076	0.000	0.000
358	  R	  0.2	  0.2	1.076	0.000	0.000
359	  L	  0.5	  0.1	1.076	4.178	4.178
360	  A	  0.7	  0.1	1.076	4.178	4.178
361	  I	  1.9	  0.0	1.076	4.178	4.178
362	  Q	  1.8	  0.0	1.076	4.178	4.178
363	  F	  1.7	  4.1	0.323	4.178	4.178
364	  G	  0.3	  4.1	0.000	0.342	0.342
365	  N	  0.9	  4.1	0.000	0.000	0.000
366	  Y	  1.7	  4.1	0.000	0.000	0.000
367	  K	  1.7	  0.0	0.000	0.000	0.000
368	  K	  0.9	  0.0	0.000	0.000	0.000
