res	aa	Beta	Turn	Helix	Aggregation	Conc-Stab_Aggregation
01	  M	  0.1	  0.0	0.000	0.000	0.000
02	  K	  0.6	  0.0	0.000	0.000	0.000
03	  R	  2.2	  0.0	0.000	0.000	0.000
04	  V	  5.2	  0.0	0.000	0.000	0.000
05	  L	 10.7	  0.0	0.000	0.000	0.000
06	  S	 11.4	  0.0	0.000	0.000	0.000
07	  C	  8.7	  0.0	0.000	0.000	0.000
08	  V	  2.6	  0.0	0.000	0.000	0.000
09	  P	  0.2	  0.0	0.000	0.000	0.000
10	  E	  0.0	  0.1	0.000	0.000	0.000
11	  P	  0.0	  0.1	0.000	0.181	0.181
12	  T	  5.6	  0.1	0.314	14.912	14.912
13	  V	 13.7	  0.1	0.314	15.855	15.855
14	  V	 14.9	  0.0	0.675	15.855	15.855
15	  M	  9.6	  0.0	0.798	15.855	15.855
16	  A	  1.5	  0.0	1.131	15.855	15.855
17	  A	  0.2	  0.0	1.131	5.189	5.189
18	  R	  0.3	  0.0	1.131	0.000	0.000
19	  A	  0.3	  0.0	0.817	6.503	6.503
20	  L	  1.5	  0.0	0.705	14.235	14.235
21	  C	  2.5	  0.1	5.773	18.141	18.141
22	  M	  2.5	  0.1	6.838	36.679	36.679
23	  L	  1.4	  0.1	6.771	52.828	52.828
24	  G	  0.2	  0.1	10.888	55.915	55.915
25	  L	  1.9	  0.0	10.888	89.387	89.387
26	  V	  2.9	  0.0	11.251	94.665	94.665
27	  L	  3.2	  0.0	11.251	94.530	94.530
28	  A	  1.6	  0.0	11.251	93.040	93.040
29	  L	  0.9	  0.0	11.112	91.703	91.703
30	  L	  0.9	  0.1	10.184	79.769	79.769
31	  S	  1.5	  0.8	8.754	9.944	9.944
32	  S	  2.0	  1.6	2.988	1.225	1.225
33	  S	  1.7	  1.6	0.578	0.142	0.142
34	  S	  1.3	  1.6	0.418	0.018	0.018
35	  A	  0.5	  0.9	0.418	0.000	0.000
36	  E	  0.4	  0.1	0.418	0.000	0.000
37	  E	  0.2	  0.1	0.418	0.000	0.000
38	  Y	  0.9	  0.2	0.418	0.000	0.000
39	  V	  1.2	  0.2	0.221	0.000	0.000
40	  G	  1.1	  0.2	0.221	0.000	0.000
41	  L	  1.0	  0.2	0.000	0.000	0.000
42	  S	  1.2	  1.9	0.000	0.000	0.000
43	  A	  1.2	  1.9	0.000	0.000	0.000
44	  N	  0.8	  1.9	0.000	0.000	0.000
45	  Q	  0.4	  1.9	0.000	0.000	0.000
46	  C	  2.3	  0.1	0.000	0.000	0.000
47	  A	  2.1	  0.1	0.000	0.000	0.000
48	  V	  2.0	  0.0	0.000	0.000	0.000
49	  P	  0.1	  0.0	0.000	0.000	0.000
50	  A	  0.0	  0.3	0.000	0.000	0.000
51	  K	  0.1	  0.3	0.000	0.000	0.000
52	  D	  0.1	  0.3	0.000	0.000	0.000
53	  R	  5.8	  0.4	0.000	0.000	0.000
54	  V	  8.3	  0.2	0.000	0.000	0.000
55	  D	  8.3	  0.2	0.000	0.000	0.000
56	  C	  2.8	  0.2	0.000	0.000	0.000
57	  G	  0.2	  0.0	0.000	0.000	0.000
58	  Y	  0.2	  0.4	0.000	0.000	0.000
59	  P	  0.0	  0.4	0.000	0.000	0.000
60	  H	  2.7	  0.4	0.000	0.000	0.000
61	  V	  3.3	  0.4	0.000	0.000	0.000
62	  T	  3.3	  0.2	1.421	0.000	0.000
63	  P	  0.6	  0.3	1.421	0.000	0.000
64	  K	  0.3	  0.3	1.421	0.000	0.000
65	  E	  1.2	  0.4	1.421	0.000	0.000
66	  C	  1.4	  0.3	1.421	0.000	0.000
67	  N	  1.2	  0.3	1.421	0.000	0.000
68	  N	  0.3	  0.9	0.998	0.000	0.000
69	  R	  0.0	  0.9	0.486	0.000	0.000
70	  G	  0.1	  0.7	0.160	0.000	0.000
71	  C	  6.2	  0.7	0.000	0.000	0.000
72	  C	  8.8	  0.1	0.000	0.000	0.000
73	  F	  9.5	  0.1	0.000	0.000	0.000
74	  D	  3.7	  0.1	0.000	0.000	0.000
75	  S	  1.7	  0.1	0.000	0.000	0.000
76	  R	  1.2	  0.1	0.000	0.000	0.000
77	  I	  1.1	  0.6	0.000	0.000	0.000
78	  P	  0.5	  0.6	0.000	0.000	0.000
79	  G	  0.0	  0.6	0.000	0.000	0.000
80	  V	  0.0	  0.6	0.000	0.000	0.000
81	  P	  0.0	  0.0	0.000	0.000	0.000
82	  W	  2.0	  0.0	0.000	0.000	0.000
83	  C	  9.8	  0.0	0.000	0.000	0.000
84	  F	 10.0	  0.0	0.000	0.000	0.000
85	  K	  8.1	  0.0	0.000	0.000	0.000
86	  P	  0.2	  0.0	0.000	0.000	0.000
87	  L	  0.0	  0.0	0.000	0.000	0.000
88	  Q	  0.1	  0.1	0.000	0.000	0.000
89	  E	  0.1	  0.1	0.000	0.000	0.000
90	  A	  0.1	  0.1	0.000	0.000	0.000
91	  E	  1.2	  0.1	0.000	0.000	0.000
92	  C	  2.7	  0.0	0.000	0.000	0.000
93	  T	  2.6	  0.0	0.000	0.000	0.000
94	  F	  1.6	  0.0	0.000	0.000	0.000
