res	aa	Beta	Turn	Helix	Aggregation	Conc-Stab_Aggregation
01	  M	  0.3	  0.0	0.000	0.000	0.000
02	  L	  0.3	  0.0	0.617	0.000	0.000
03	  A	  0.4	  0.0	1.045	0.000	0.000
04	  R	  0.3	  0.0	1.045	0.000	0.000
05	  A	  0.5	  0.0	1.045	29.693	29.693
06	  L	  1.4	  0.0	1.045	64.726	64.726
07	  L	  2.4	  0.0	1.398	82.270	82.270
08	  L	  2.6	  0.0	1.398	85.404	85.404
09	  C	  2.8	  0.0	1.919	85.878	85.878
10	  A	  2.4	  0.0	1.667	87.741	87.741
11	  V	  3.1	  0.0	1.667	87.859	87.859
12	  L	  2.3	  0.0	1.667	85.852	85.852
13	  A	  1.7	  0.0	1.534	74.460	74.460
14	  L	  1.3	  0.0	1.534	64.763	64.763
15	  S	  2.2	  0.1	0.494	10.091	10.091
16	  H	  2.7	  0.1	0.000	3.056	3.056
17	  T	  2.4	  0.1	0.000	1.599	1.599
18	  A	  1.2	  0.0	0.000	0.732	0.732
19	  N	  0.4	  0.4	0.000	0.000	0.000
20	  P	  0.0	  0.4	0.000	0.000	0.000
21	  C	  9.4	  0.4	0.000	0.000	0.000
22	  C	 11.4	  0.4	0.000	0.000	0.000
23	  S	 11.4	  0.0	0.000	0.000	0.000
24	  H	  2.4	  0.2	0.000	0.000	0.000
25	  P	  0.1	  0.2	0.000	0.000	0.000
26	  C	  0.7	  0.6	0.000	0.000	0.000
27	  Q	  0.8	  0.6	0.000	0.000	0.000
28	  N	  0.8	  0.5	0.000	0.000	0.000
29	  R	  0.1	  0.5	0.000	0.000	0.000
30	  G	  0.1	  0.2	0.000	0.000	0.000
31	  V	  2.0	  0.1	0.000	0.718	0.718
32	  C	  3.8	  0.0	0.000	0.718	0.718
33	  M	  6.1	  0.0	0.000	0.718	0.718
34	  S	  4.6	  0.2	0.000	0.718	0.718
35	  V	  2.9	  0.2	0.000	0.718	0.718
36	  G	  0.6	  0.2	0.000	0.718	0.718
37	  F	  1.3	  0.2	0.000	0.718	0.718
38	  D	  1.7	  0.0	0.488	0.000	0.000
39	  Q	  3.8	  0.0	0.488	0.000	0.000
40	  Y	  7.0	  0.1	0.488	0.000	0.000
41	  K	  6.9	  0.2	0.488	0.000	0.000
42	  C	  5.7	  0.3	0.488	0.000	0.000
43	  D	  1.9	  0.3	0.488	0.000	0.000
44	  C	  2.8	  0.2	0.279	0.000	0.000
45	  T	  2.7	  0.2	0.163	0.000	0.000
46	  R	  2.2	  0.3	0.163	0.000	0.000
47	  T	  0.8	  0.3	0.000	0.000	0.000
48	  G	  0.2	  0.3	0.000	0.000	0.000
49	  F	  1.1	  0.1	0.000	0.000	0.000
50	  Y	  1.2	  0.6	0.000	0.000	0.000
51	  G	  1.1	  1.2	0.000	0.000	0.000
52	  E	  0.2	  1.2	0.000	0.000	0.000
53	  N	  0.7	  1.4	0.000	0.000	0.000
54	  C	  1.1	  0.8	0.000	0.000	0.000
55	  S	  1.1	  0.2	0.000	0.000	0.000
56	  T	  0.4	  0.5	2.551	0.000	0.000
57	  P	  0.1	  0.2	2.822	0.000	0.000
58	  E	  0.1	  0.2	2.933	0.000	0.000
59	  F	  0.5	  0.2	3.075	0.000	0.000
60	  L	  0.7	  0.0	3.075	0.000	0.000
61	  T	  1.4	  0.0	4.981	0.000	0.000
62	  R	  3.5	  0.0	4.981	0.000	0.000
63	  I	  8.4	  0.1	4.981	0.000	0.000
64	  K	  7.8	  0.0	4.981	0.000	0.000
65	  L	  6.0	  0.0	4.475	0.000	0.000
66	  F	  2.5	  0.0	4.312	0.000	0.000
67	  L	  2.3	  0.0	2.420	0.000	0.000
68	  K	  1.7	  0.0	1.766	0.000	0.000
69	  P	  0.1	  0.0	0.000	0.000	0.000
70	  T	  0.0	  0.6	0.000	0.000	0.000
71	  P	  0.0	  0.6	0.000	0.000	0.000
72	  N	  0.9	  0.6	0.000	0.000	0.000
73	  T	  6.8	  0.6	0.000	2.937	2.937
74	  V	 10.9	  0.0	0.000	7.365	7.365
75	  H	 12.4	  0.0	0.000	7.505	7.505
76	  Y	  7.5	  0.0	0.000	8.065	8.065
77	  I	  4.9	  0.0	0.000	8.065	8.065
78	  L	  3.6	  0.0	0.000	7.762	7.762
79	  T	  5.7	  0.0	0.000	3.327	3.327
80	  H	  6.1	  0.0	0.000	0.560	0.560
81	  F	  5.3	  0.5	0.000	0.560	0.560
82	  K	  2.3	  0.4	0.000	0.000	0.000
83	  G	  0.4	  0.4	0.000	0.526	0.526
84	  F	  1.4	  0.5	0.000	6.635	6.635
85	  W	  4.4	  0.1	0.000	6.635	6.635
86	  N	  6.4	  0.1	0.000	6.635	6.635
87	  V	  9.8	  0.2	0.000	6.635	6.635
88	  V	  7.3	  0.0	0.000	6.635	6.635
89	  N	  5.5	  0.0	0.000	0.229	0.229
90	  N	  1.1	  0.0	0.000	0.000	0.000
91	  I	  0.5	  0.0	0.000	0.000	0.000
92	  P	  0.2	  0.0	0.000	0.000	0.000
93	  F	  1.2	  0.0	0.000	0.000	0.000
94	  L	  1.4	  0.2	0.000	0.000	0.000
95	  R	  1.4	  0.2	0.000	0.000	0.000
96	  N	  0.4	  0.2	0.000	0.179	0.179
97	  A	  0.7	  0.2	0.000	6.743	6.743
98	  I	  2.4	  0.1	0.000	28.012	28.012
99	  M	  4.9	  0.1	0.000	29.671	29.671
100	  S	  5.3	  0.1	0.000	29.931	29.931
101	  Y	  5.3	  0.1	0.000	30.191	30.191
102	  V	  4.2	  0.0	0.000	30.191	30.191
103	  L	  3.8	  0.0	0.000	26.604	26.604
104	  T	  2.7	  0.1	0.000	5.570	5.570
105	  S	  2.7	  0.7	0.000	0.784	0.784
106	  R	  2.6	  0.7	0.000	0.000	0.000
107	  S	  2.2	  0.7	0.000	0.000	0.000
108	  H	  1.6	  0.7	0.000	0.000	0.000
109	  L	  1.6	  0.1	0.000	0.000	0.000
110	  I	  2.9	  0.0	0.000	0.000	0.000
111	  D	  2.0	  0.0	0.000	0.000	0.000
112	  S	  1.5	  0.0	0.000	0.000	0.000
113	  P	  0.0	  0.3	0.000	0.000	0.000
114	  P	  0.0	  0.3	0.000	0.000	0.000
115	  T	  9.3	  0.3	0.155	0.000	0.000
116	  Y	 10.5	  0.3	0.155	0.000	0.000
117	  N	 10.5	  1.6	0.267	0.000	0.000
118	  A	  1.4	  1.6	0.267	0.000	0.000
119	  D	  0.1	  1.7	0.267	0.000	0.000
120	  Y	  0.3	  1.7	0.267	0.000	0.000
121	  G	  0.3	  0.1	0.384	0.000	0.000
122	  Y	  1.2	  0.1	0.229	0.000	0.000
123	  K	  1.3	  0.0	0.117	0.000	0.000
124	  S	  6.3	  0.0	0.498	0.000	0.000
125	  W	  6.6	  0.0	0.498	0.000	0.000
126	  E	  6.4	  0.0	0.498	0.000	0.000
127	  A	  2.0	  0.0	0.498	0.000	0.000
128	  F	  0.9	  0.6	0.498	0.000	0.000
129	  S	  0.8	  0.5	0.381	0.000	0.000
130	  N	  0.6	  0.8	0.254	0.000	0.000
131	  L	  2.5	  0.8	0.000	0.000	0.000
132	  S	  3.6	  0.3	1.293	0.000	0.000
133	  Y	  4.5	  0.2	1.293	0.000	0.000
134	  Y	  5.4	  0.0	1.293	0.000	0.000
135	  T	  4.6	  0.0	1.293	0.000	0.000
136	  R	  3.7	  0.0	1.293	0.000	0.000
137	  A	  0.6	  0.0	1.293	0.000	0.000
138	  L	  0.3	  0.0	0.856	0.000	0.000
139	  P	  0.0	  0.0	0.000	0.000	0.000
140	  P	  0.0	  0.0	0.000	0.000	0.000
141	  V	  0.0	  0.6	0.000	0.000	0.000
142	  P	  0.0	  1.0	0.000	0.000	0.000
143	  D	  0.0	  1.0	0.000	0.000	0.000
144	  D	  0.1	  1.0	0.000	0.000	0.000
145	  C	  0.1	  0.4	0.000	0.000	0.000
146	  P	  0.0	  0.0	0.000	0.000	0.000
147	  T	  0.0	  0.5	0.000	0.000	0.000
148	  P	  0.0	  0.5	0.000	0.000	0.000
149	  L	  0.1	  0.5	0.000	0.000	0.000
150	  G	  0.1	  0.5	0.000	0.000	0.000
151	  V	  0.7	  1.5	0.000	0.000	0.000
152	  K	  0.7	  1.6	0.000	0.000	0.000
153	  G	  0.6	  1.7	0.000	0.000	0.000
154	  K	  0.1	  1.7	0.000	0.000	0.000
155	  K	  0.3	  0.2	0.000	0.000	0.000
156	  Q	  0.5	  0.1	0.000	0.000	0.000
157	  L	  0.4	  0.7	0.000	0.000	0.000
158	  P	  0.1	  0.7	0.000	0.000	0.000
159	  D	  0.0	  2.7	0.879	0.000	0.000
160	  S	  0.0	  2.8	5.610	0.000	0.000
161	  N	  0.1	  2.1	15.071	0.000	0.000
162	  E	  0.3	  2.0	17.073	0.000	0.000
163	  I	  2.6	  0.0	18.269	3.647	3.647
164	  V	  3.5	  0.0	19.440	3.981	3.981
165	  E	  3.3	  0.0	20.077	3.981	3.981
166	  K	  1.2	  0.0	20.279	3.981	3.981
167	  L	  1.0	  0.0	20.146	3.981	3.981
168	  L	  1.1	  0.0	20.024	3.981	3.981
169	  L	  1.0	  0.0	19.615	2.651	2.651
170	  R	  0.4	  0.1	17.519	0.000	0.000
171	  R	  0.7	  0.1	10.046	0.000	0.000
172	  K	  1.3	  0.1	4.331	0.000	0.000
173	  F	  1.2	  0.0	1.219	0.000	0.000
174	  I	  0.8	  0.0	0.000	0.000	0.000
175	  P	  0.1	  0.0	0.000	0.000	0.000
176	  D	  0.0	  2.0	0.000	0.000	0.000
177	  P	  0.0	  2.4	0.000	0.000	0.000
178	  Q	  0.0	  2.9	0.000	0.000	0.000
179	  G	  0.0	  3.2	0.000	0.000	0.000
180	  S	  0.0	  1.2	0.000	0.172	0.172
181	  N	  0.0	  0.8	1.267	1.641	1.641
182	  M	  0.8	  0.3	1.267	39.574	39.574
183	  M	  1.2	  0.0	1.267	71.465	71.465
184	  F	  2.1	  0.0	1.267	84.585	84.585
185	  A	  1.6	  0.0	1.267	84.626	84.626
186	  F	  2.8	  0.0	1.267	84.626	84.626
187	  F	  2.4	  0.0	1.024	82.990	82.990
188	  A	  2.3	  0.0	0.852	45.910	45.910
189	  Q	  2.2	  0.0	0.735	2.001	2.001
190	  H	  4.7	  0.0	0.424	0.245	0.245
191	  F	  8.3	  0.1	0.206	0.245	0.245
192	  T	  9.4	  0.0	0.000	0.091	0.091
193	  H	  7.4	  0.0	0.000	0.000	0.000
194	  Q	  6.6	  0.0	0.000	0.000	0.000
195	  F	  5.3	  0.0	0.000	0.000	0.000
196	  F	  4.6	  0.1	0.000	0.000	0.000
197	  K	  1.8	  0.2	0.000	0.000	0.000
198	  T	  0.7	  0.3	0.000	0.000	0.000
199	  D	  0.3	  0.3	0.000	0.000	0.000
200	  H	  0.6	  0.6	0.000	0.000	0.000
201	  K	  0.6	  0.5	0.000	0.000	0.000
202	  R	  0.6	  0.4	0.000	0.000	0.000
203	  G	  0.1	  0.5	0.000	0.000	0.000
204	  P	  0.0	  0.2	0.000	0.000	0.000
205	  A	  0.4	  0.2	0.000	0.000	0.000
206	  F	  2.6	  0.4	0.000	0.000	0.000
207	  T	  2.6	  0.7	0.000	0.000	0.000
208	  N	  2.2	  0.8	0.000	0.000	0.000
209	  G	  0.0	  1.0	0.000	0.000	0.000
210	  L	  0.0	  0.9	0.000	0.000	0.000
211	  G	  0.1	  0.7	0.000	0.000	0.000
212	  H	  0.1	  0.6	0.000	0.000	0.000
213	  G	  0.2	  0.4	0.000	0.000	0.000
214	  V	  2.6	  0.3	0.000	0.000	0.000
215	  D	  2.6	  1.3	0.184	0.000	0.000
216	  L	  3.0	  1.2	0.184	0.000	0.000
217	  N	  1.2	  1.2	0.184	0.000	0.000
218	  H	  4.1	  1.2	0.184	0.000	0.000
219	  I	  4.6	  0.0	0.304	0.000	0.000
220	  Y	  4.1	  0.6	0.433	0.000	0.000
221	  G	  1.1	  0.8	4.198	0.000	0.000
222	  E	  0.1	  0.8	4.418	0.000	0.000
223	  T	  0.4	  0.8	9.376	0.000	0.000
224	  L	  0.5	  0.1	9.556	0.000	0.000
225	  A	  0.6	  0.0	9.556	0.000	0.000
226	  R	  0.6	  0.1	9.556	0.000	0.000
227	  Q	  0.9	  0.1	9.196	0.000	0.000
228	  R	  1.0	  0.1	7.224	0.000	0.000
229	  K	  1.3	  0.1	5.591	0.000	0.000
230	  L	  2.4	  0.1	3.535	0.000	0.000
231	  R	  2.7	  0.1	2.811	0.000	0.000
232	  L	  2.3	  0.1	2.273	0.000	0.000
233	  F	  1.3	  0.9	1.571	0.000	0.000
234	  K	  0.7	  2.1	0.500	0.000	0.000
235	  D	  0.5	  2.2	0.115	0.000	0.000
236	  G	  0.0	  2.2	0.365	0.000	0.000
237	  K	  1.2	  1.3	0.250	0.000	0.000
238	  M	  2.2	  0.1	0.250	0.000	0.000
239	  K	  3.1	  0.0	0.250	0.000	0.000
240	  Y	  6.0	  0.0	0.250	0.000	0.000
241	  Q	  5.5	  0.0	0.250	0.000	0.000
242	  I	  5.5	  0.1	0.000	0.000	0.000
243	  I	  2.1	  0.6	0.000	0.000	0.000
244	  D	  1.5	  0.6	0.000	0.000	0.000
245	  G	  0.7	  0.6	0.000	0.000	0.000
246	  E	  0.3	  0.6	0.000	0.000	0.000
247	  M	  0.3	  0.1	0.000	0.000	0.000
248	  Y	  0.3	  0.0	0.000	0.000	0.000
249	  P	  0.0	  0.2	0.000	0.000	0.000
250	  P	  0.0	  0.2	0.000	0.000	0.000
251	  T	 16.2	  0.2	0.000	0.000	0.000
252	  V	 17.5	  0.3	0.000	0.000	0.000
253	  K	 17.8	  0.1	0.000	0.000	0.000
254	  D	  1.9	  0.2	0.357	0.000	0.000
255	  T	  0.8	  0.2	0.471	0.000	0.000
256	  Q	  0.8	  0.1	0.471	0.000	0.000
257	  A	  0.7	  0.1	0.471	0.000	0.000
258	  E	  0.4	  0.0	0.471	0.000	0.000
259	  M	  1.2	  0.0	0.471	0.000	0.000
260	  I	  1.1	  0.0	0.301	0.000	0.000
261	  Y	  1.1	  0.0	0.301	0.000	0.000
262	  P	  0.0	  0.2	0.000	0.000	0.000
263	  P	  0.0	  0.2	0.000	0.000	0.000
264	  Q	  0.1	  0.2	0.000	0.000	0.000
265	  V	  0.1	  0.2	0.000	0.000	0.000
266	  P	  0.1	  0.1	0.257	0.000	0.000
267	  E	  0.1	  0.1	0.257	0.000	0.000
268	  H	  0.9	  0.1	0.257	0.000	0.000
269	  L	  2.3	  0.1	0.257	0.000	0.000
270	  R	  2.6	  0.0	0.257	0.000	0.000
271	  F	  3.0	  0.0	0.257	0.000	0.000
272	  A	  1.8	  0.2	0.000	0.000	0.000
273	  V	  1.5	  0.2	0.000	0.000	0.000
274	  G	  0.3	  0.3	0.000	0.000	0.000
275	  Q	  0.5	  0.3	0.000	0.000	0.000
276	  E	  2.3	  0.1	0.000	0.000	0.000
277	  V	  3.3	  0.1	0.000	0.065	0.065
278	  F	  3.2	  0.1	0.000	0.065	0.065
279	  G	  1.3	  0.1	0.000	0.065	0.065
280	  L	  0.3	  0.1	0.000	0.065	0.065
281	  V	  0.1	  0.4	0.000	0.065	0.065
282	  P	  0.1	  0.4	0.000	0.064	0.064
283	  G	  0.0	  0.4	0.000	5.418	5.418
284	  L	  1.2	  0.4	0.000	64.961	64.961
285	  M	  1.9	  0.0	0.000	75.851	75.851
286	  M	  2.4	  0.0	0.000	85.389	85.389
287	  Y	  1.5	  0.2	0.000	93.690	93.690
288	  A	  1.6	  0.2	0.000	94.781	94.781
289	  T	  3.5	  0.2	0.423	94.714	94.714
290	  I	  4.1	  0.2	0.423	94.666	94.666
291	  W	  3.9	  0.0	0.423	94.041	94.041
292	  L	  1.7	  0.0	0.423	91.819	91.819
293	  R	  0.7	  0.1	0.423	0.017	0.017
294	  E	  0.6	  0.2	0.423	0.017	0.017
295	  H	  0.6	  0.2	0.287	0.000	0.000
296	  N	  0.6	  0.1	0.270	0.000	0.000
297	  R	  0.2	  0.1	0.270	0.000	0.000
298	  V	  0.9	  0.0	0.270	0.000	0.000
299	  C	  2.4	  0.0	0.657	0.000	0.000
300	  D	  2.3	  0.0	0.896	0.000	0.000
301	  V	  2.9	  0.0	0.896	0.000	0.000
302	  L	  1.4	  0.0	0.896	0.000	0.000
303	  K	  1.6	  0.1	0.896	0.000	0.000
304	  Q	  0.6	  0.1	0.896	0.000	0.000
305	  E	  0.5	  0.1	0.376	0.000	0.000
306	  H	  0.2	  0.5	0.000	0.000	0.000
307	  P	  0.0	  0.6	0.000	0.000	0.000
308	  E	  0.0	  0.6	0.000	0.000	0.000
309	  W	  0.1	  1.2	0.000	0.000	0.000
310	  G	  0.1	  0.8	0.309	0.000	0.000
311	  D	  0.0	  0.7	0.557	0.000	0.000
312	  E	  0.0	  0.7	0.557	0.000	0.000
313	  Q	  1.2	  0.2	0.557	0.000	0.000
314	  L	  1.5	  0.1	0.557	0.000	0.000
315	  F	  1.9	  0.1	0.557	0.000	0.000
316	  Q	  0.9	  0.1	0.393	0.000	0.000
317	  T	  1.2	  0.1	0.000	0.000	0.000
318	  S	  0.7	  0.2	0.114	0.000	0.000
319	  R	  1.3	  0.1	0.114	0.016	0.016
320	  L	  2.1	  0.1	0.114	75.236	75.236
321	  I	  4.3	  0.0	0.114	87.816	87.816
322	  L	  3.7	  0.0	0.114	87.970	87.970
323	  I	  2.4	  0.4	0.114	87.992	87.992
324	  G	  0.2	  0.5	0.114	87.992	87.992
325	  E	  0.1	  0.5	0.000	81.485	81.485
326	  T	 10.6	  0.5	0.000	81.507	81.507
327	  I	 15.0	  0.1	0.000	81.548	81.548
328	  K	 16.3	  0.0	0.000	81.548	81.548
329	  I	 13.1	  0.0	0.000	81.548	81.548
330	  V	 10.9	  0.0	0.000	81.364	81.364
331	  I	  9.6	  0.3	0.000	65.113	65.113
332	  E	  2.9	  0.3	0.000	0.079	0.079
333	  D	  0.5	  0.3	0.152	0.000	0.000
334	  Y	  1.8	  0.3	0.152	0.000	0.000
335	  V	  3.6	  0.0	0.152	0.000	0.000
336	  Q	  3.6	  0.0	0.152	0.000	0.000
337	  H	  3.0	  0.4	0.152	0.000	0.000
338	  L	  1.2	  0.7	0.152	0.000	0.000
339	  S	  0.9	  0.7	0.152	0.000	0.000
340	  G	  0.2	  0.7	0.152	0.000	0.000
341	  Y	  3.3	  0.4	0.000	0.000	0.000
342	  H	  5.3	  0.0	0.000	0.000	0.000
343	  F	  6.6	  0.0	0.000	0.000	0.000
344	  K	  4.4	  0.0	0.000	0.000	0.000
345	  L	  3.2	  0.0	0.000	0.000	0.000
346	  K	  3.1	  0.0	0.000	0.000	0.000
347	  F	  2.3	  0.0	0.000	0.000	0.000
348	  D	  1.5	  0.3	5.429	0.000	0.000
349	  P	  0.2	  0.3	5.631	0.000	0.000
350	  E	  0.0	  0.3	5.631	0.000	0.000
351	  L	  0.6	  0.3	5.631	0.000	0.000
352	  L	  1.0	  0.1	5.631	0.000	0.000
353	  F	  1.6	  0.0	5.631	0.000	0.000
354	  N	  1.1	  0.1	4.420	0.000	0.000
355	  K	  0.8	  0.1	2.162	0.000	0.000
356	  Q	  3.8	  0.1	1.178	0.000	0.000
357	  F	  9.3	  0.1	0.697	0.000	0.000
358	  Q	 12.7	  0.0	0.429	0.000	0.000
359	  Y	 10.7	  0.1	0.097	0.000	0.000
360	  Q	  5.4	  0.2	0.097	0.000	0.000
361	  N	  1.7	  0.2	0.833	0.000	0.000
362	  R	  1.9	  0.2	0.736	0.000	0.000
363	  I	  2.7	  0.0	0.736	0.000	0.000
364	  A	  2.6	  0.0	0.736	0.000	0.000
365	  A	  1.0	  0.0	0.736	0.000	0.000
366	  E	  2.5	  0.0	0.736	0.000	0.000
367	  F	  3.4	  0.1	0.369	0.000	0.000
368	  N	  3.3	  0.1	0.000	0.000	0.000
369	  T	  2.0	  0.1	0.000	0.000	0.000
370	  L	  1.7	  0.1	0.000	0.000	0.000
371	  Y	  4.4	  0.0	0.000	0.000	0.000
372	  H	  6.2	  0.0	0.000	0.000	0.000
373	  W	  5.8	  0.0	0.000	0.000	0.000
374	  H	  3.0	  0.3	0.000	0.000	0.000
375	  P	  0.1	  0.3	0.000	0.000	0.000
376	  L	  0.1	  0.3	0.000	0.000	0.000
377	  L	  0.1	  0.7	0.000	0.000	0.000
378	  P	  0.1	  0.5	0.000	0.000	0.000
379	  D	  1.5	  0.5	0.000	0.000	0.000
380	  T	 21.5	  0.5	0.000	0.000	0.000
381	  F	 24.9	  0.1	0.000	0.000	0.000
382	  Q	 24.1	  0.0	0.000	0.000	0.000
383	  I	  5.1	  0.0	0.000	0.000	0.000
384	  H	  1.0	  0.1	0.000	0.000	0.000
385	  D	  0.3	  0.2	0.283	0.000	0.000
386	  Q	  0.9	  0.2	0.283	0.000	0.000
387	  K	  1.6	  0.1	0.283	0.000	0.000
388	  Y	  4.9	  0.1	0.283	0.000	0.000
389	  N	  5.3	  0.0	0.675	0.000	0.000
390	  Y	  6.3	  0.0	0.675	0.148	0.148
391	  Q	  4.1	  0.0	0.500	0.148	0.148
392	  Q	  3.6	  0.0	0.500	0.148	0.148
393	  F	  2.4	  0.0	0.500	0.783	0.783
394	  I	  1.5	  0.0	0.500	0.783	0.783
395	  Y	  1.6	  0.1	0.500	0.783	0.783
396	  N	  0.9	  0.2	0.500	0.635	0.635
397	  N	  0.9	  0.2	0.383	0.635	0.635
398	  S	  0.7	  0.2	0.000	0.635	0.635
399	  I	  3.7	  0.1	0.000	0.635	0.635
400	  L	  3.5	  0.0	0.000	0.635	0.635
401	  L	  3.5	  0.2	0.000	0.635	0.635
402	  E	  0.4	  0.6	0.000	0.000	0.000
403	  H	  0.6	  0.8	0.000	0.000	0.000
404	  G	  0.6	  0.8	0.000	0.000	0.000
405	  I	  4.8	  0.6	0.000	1.034	1.034
406	  T	  6.9	  0.2	0.000	1.034	1.034
407	  Q	  8.0	  0.0	0.000	1.034	1.034
408	  F	  5.6	  0.0	0.000	1.034	1.034
409	  V	  4.4	  0.1	0.000	1.034	1.034
410	  E	  3.2	  0.1	0.000	0.000	0.000
411	  S	  8.8	  0.1	0.808	0.000	0.000
412	  F	 10.4	  0.2	0.808	0.000	0.000
413	  T	 11.7	  0.0	1.261	0.000	0.000
414	  R	  5.5	  0.0	1.261	0.000	0.000
415	  Q	  2.9	  0.0	1.261	0.000	0.000
416	  I	  2.7	  0.2	1.261	0.000	0.000
417	  A	  1.6	  0.3	1.261	0.000	0.000
418	  G	  1.2	  0.3	1.125	0.000	0.000
419	  R	  1.0	  0.3	0.665	0.000	0.000
420	  V	  1.6	  0.1	0.000	0.000	0.000
421	  A	  1.6	  1.0	0.000	0.000	0.000
422	  G	  0.6	  1.3	0.000	0.000	0.000
423	  G	  0.0	  1.5	0.000	0.000	0.000
424	  R	  0.6	  1.5	0.000	0.000	0.000
425	  N	  0.6	  0.5	0.000	0.000	0.000
426	  V	  0.6	  0.2	0.000	0.000	0.000
427	  P	  0.0	  0.0	0.000	0.000	0.000
428	  P	  0.0	  0.0	0.000	0.000	0.000
429	  A	  0.5	  0.0	0.000	0.000	0.000
430	  V	  1.2	  0.0	0.000	0.000	0.000
431	  Q	  1.8	  0.0	0.000	0.000	0.000
432	  K	  2.6	  0.0	0.000	0.000	0.000
433	  V	  3.7	  0.0	0.000	0.000	0.000
434	  S	  3.2	  0.1	0.466	0.000	0.000
435	  Q	  2.1	  0.1	0.466	0.000	0.000
436	  A	  0.7	  0.1	0.466	0.000	0.000
437	  S	  3.7	  0.3	0.466	0.000	0.000
438	  I	  4.6	  0.3	0.466	0.000	0.000
439	  D	  4.2	  1.4	1.004	0.000	0.000
440	  Q	  1.3	  1.4	0.851	0.000	0.000
441	  S	  0.4	  1.2	1.199	0.000	0.000
442	  R	  1.1	  1.2	1.044	0.000	0.000
443	  Q	  2.1	  0.1	1.044	0.000	0.000
444	  M	  2.8	  0.1	1.044	0.000	0.000
445	  K	  2.9	  0.0	0.801	0.000	0.000
446	  Y	  3.1	  0.1	0.629	0.000	0.000
447	  Q	  3.0	  0.1	0.432	0.000	0.000
448	  S	 10.3	  0.3	1.139	0.000	0.000
449	  F	  9.3	  0.3	1.139	0.000	0.000
450	  N	  8.5	  0.2	7.470	0.000	0.000
451	  E	  1.0	  0.2	7.927	0.000	0.000
452	  Y	  1.9	  0.0	7.927	0.000	0.000
453	  R	  2.0	  0.1	7.927	0.000	0.000
454	  K	  1.6	  0.1	7.738	0.000	0.000
455	  R	  1.0	  0.1	7.556	0.000	0.000
456	  F	  1.6	  0.0	6.875	0.000	0.000
457	  M	  2.0	  0.0	4.566	0.000	0.000
458	  L	  1.5	  0.0	0.980	0.000	0.000
459	  K	  0.6	  0.0	0.518	0.000	0.000
460	  P	  0.1	  0.0	0.000	0.000	0.000
461	  Y	  1.3	  0.1	0.000	0.000	0.000
462	  E	  1.5	  0.1	0.000	0.000	0.000
463	  S	  8.5	  0.1	0.000	0.000	0.000
464	  F	  7.9	  0.3	0.000	0.000	0.000
465	  E	  7.7	  0.2	0.000	0.000	0.000
466	  E	  1.3	  0.2	0.000	0.000	0.000
467	  L	  0.8	  0.3	0.000	0.000	0.000
468	  T	  0.8	  0.2	0.000	0.000	0.000
469	  G	  0.2	  0.3	0.000	0.000	0.000
470	  E	  0.1	  0.3	0.000	0.000	0.000
471	  K	  0.2	  0.2	0.000	0.000	0.000
472	  E	  0.7	  0.1	0.130	0.000	0.000
473	  M	  1.3	  0.1	0.130	0.000	0.000
474	  S	  1.6	  0.0	2.124	0.000	0.000
475	  A	  1.3	  0.1	2.254	0.000	0.000
476	  E	  0.6	  0.1	2.614	0.000	0.000
477	  L	  0.4	  0.1	2.614	0.000	0.000
478	  E	  0.4	  0.1	2.614	0.000	0.000
479	  A	  0.4	  0.0	2.614	0.000	0.000
480	  L	  0.3	  0.0	2.410	0.000	0.000
481	  Y	  0.4	  2.4	1.988	0.000	0.000
482	  G	  0.2	  2.4	0.662	0.000	0.000
483	  D	  0.8	  3.0	0.279	0.000	0.000
484	  I	  1.4	  3.1	0.156	0.000	0.000
485	  D	  1.4	  0.7	3.112	0.000	0.000
486	  A	  1.0	  0.7	3.112	0.000	0.000
487	  V	  4.9	  0.1	3.112	0.000	0.000
488	  E	  5.1	  0.1	3.112	0.000	0.000
489	  L	  4.9	  0.1	3.112	0.000	0.000
490	  Y	  0.4	  0.2	3.112	0.000	0.000
491	  P	  0.1	  0.2	0.177	0.597	0.597
492	  A	  0.3	  0.2	0.177	0.597	0.597
493	  L	  1.2	  0.2	0.177	0.597	0.597
494	  L	  1.4	  0.0	0.177	0.597	0.597
495	  V	  3.5	  0.0	0.177	0.597	0.597
496	  E	  2.6	  0.0	0.177	0.000	0.000
497	  K	  2.4	  0.0	0.000	0.000	0.000
498	  P	  0.0	  0.0	0.000	0.000	0.000
499	  R	  0.0	  1.8	0.000	0.000	0.000
500	  P	  0.0	  1.8	0.000	0.000	0.000
501	  D	  0.1	  1.8	0.000	0.000	0.000
502	  A	  0.3	  1.8	0.000	0.000	0.000
503	  I	  1.4	  0.0	0.000	0.000	0.000
504	  F	  1.4	  0.6	0.000	0.000	0.000
505	  G	  1.2	  0.7	0.000	0.000	0.000
506	  E	  0.1	  0.7	0.000	0.000	0.000
507	  T	  1.2	  0.7	0.000	0.000	0.000
508	  M	  1.4	  0.1	0.000	0.000	0.000
509	  V	 20.5	  0.0	0.000	0.000	0.000
510	  E	 19.4	  0.0	0.000	0.000	0.000
511	  V	 19.4	  0.0	0.000	0.000	0.000
512	  G	  0.4	  0.0	0.000	0.000	0.000
513	  A	  0.2	  0.0	0.000	0.000	0.000
514	  P	  0.0	  0.0	0.000	0.000	0.000
515	  F	  3.3	  0.0	0.000	0.000	0.000
516	  S	  3.9	  0.0	0.335	0.000	0.000
517	  L	  4.0	  0.3	0.335	0.000	0.000
518	  K	  0.7	  0.3	0.335	0.000	0.000
519	  G	  0.1	  0.3	0.335	0.000	0.000
520	  L	  0.2	  0.3	0.335	0.000	0.000
521	  M	  0.2	  0.3	0.335	0.000	0.000
522	  G	  0.2	  0.2	0.130	0.000	0.000
523	  N	  3.5	  0.2	0.130	0.000	0.000
524	  V	  6.2	  0.2	0.000	0.000	0.000
525	  I	  7.3	  0.0	0.000	0.000	0.000
526	  C	  4.1	  0.0	0.000	0.000	0.000
527	  S	  1.3	  0.2	0.194	0.000	0.000
528	  P	  0.2	  0.2	0.194	0.000	0.000
529	  A	  0.3	  0.2	0.194	0.000	0.000
530	  Y	  2.2	  0.2	0.194	0.000	0.000
531	  W	  2.3	  0.0	0.194	0.000	0.000
532	  K	  2.1	  0.3	0.194	0.000	0.000
533	  P	  0.1	  0.4	0.000	0.000	0.000
534	  S	  0.7	  0.4	0.000	0.000	0.000
535	  T	  1.8	  0.5	0.000	0.000	0.000
536	  F	  1.9	  1.5	0.000	0.000	0.000
537	  G	  1.2	  1.4	0.000	0.000	0.000
538	  G	  0.1	  1.4	0.000	0.000	0.000
539	  E	  0.1	  1.3	0.000	0.000	0.000
540	  V	  0.3	  0.0	0.000	1.342	1.342
541	  G	  0.3	  0.0	0.158	1.342	1.342
542	  F	  4.3	  0.0	0.158	1.479	1.479
543	  Q	  4.7	  0.0	0.158	1.479	1.479
544	  I	  5.6	  0.0	0.158	1.816	1.816
545	  I	  3.6	  0.0	0.158	1.816	1.816
546	  N	  3.1	  0.0	1.289	0.474	0.474
547	  T	  4.9	  0.2	1.132	0.337	0.337
548	  A	  3.4	  0.2	1.132	0.337	0.337
549	  S	  3.7	  0.1	1.132	0.194	0.194
550	  I	  1.1	  0.2	1.132	0.377	0.377
551	  Q	  0.8	  0.1	1.132	0.183	0.183
552	  S	  0.8	  0.1	0.578	0.183	0.183
553	  L	  1.6	  0.1	0.354	0.183	0.183
554	  I	  1.5	  0.1	0.177	0.183	0.183
555	  C	  1.4	  0.1	0.177	0.000	0.000
556	  N	  0.5	  0.1	0.000	0.000	0.000
557	  N	  2.9	  0.1	0.000	0.000	0.000
558	  V	  3.2	  0.4	0.000	0.000	0.000
559	  K	  3.2	  0.3	0.000	0.000	0.000
560	  G	  0.6	  0.3	0.000	0.000	0.000
561	  C	  0.0	  0.4	0.000	0.000	0.000
562	  P	  0.0	  0.1	0.000	0.000	0.000
563	  F	  2.4	  0.1	0.000	0.000	0.000
564	  T	  3.8	  0.1	0.000	0.000	0.000
565	  S	 24.7	  0.0	0.000	0.000	0.000
566	  F	 28.5	  0.0	0.000	0.000	0.000
567	  S	 27.4	  0.0	0.000	0.000	0.000
568	  V	  8.2	  0.0	0.000	0.000	0.000
569	  P	  0.2	  0.0	0.000	0.000	0.000
570	  D	  0.0	  0.3	0.431	0.000	0.000
571	  P	  0.0	  0.3	0.431	0.000	0.000
572	  E	  0.0	  0.3	0.431	0.154	0.154
573	  L	  0.3	  0.3	0.431	0.154	0.154
574	  I	  1.6	  0.1	0.431	0.154	0.154
575	  K	  2.2	  0.0	0.431	0.154	0.154
576	  T	 12.1	  0.0	0.000	0.154	0.154
577	  V	 19.4	  0.0	0.000	0.154	0.154
578	  T	 23.2	  0.0	0.000	0.154	0.154
579	  I	 14.5	  0.0	0.000	0.154	0.154
580	  N	  5.6	  1.1	0.000	0.000	0.000
581	  A	  1.0	  1.2	0.000	0.000	0.000
582	  S	  1.0	  1.9	0.000	0.000	0.000
583	  S	  1.3	  2.0	0.000	0.000	0.000
584	  S	  2.8	  2.8	0.000	0.000	0.000
585	  R	  2.0	  2.8	0.000	0.000	0.000
586	  S	  1.7	  2.2	0.000	0.000	0.000
587	  G	  0.2	  2.3	0.000	0.000	0.000
588	  L	  0.2	  0.5	0.000	0.000	0.000
589	  D	  0.2	  0.4	0.000	0.000	0.000
590	  D	  1.6	  0.3	0.000	0.000	0.000
591	  I	  1.8	  0.1	0.000	0.000	0.000
592	  N	  1.8	  0.2	1.091	0.000	0.000
593	  P	  0.3	  0.2	1.091	0.432	0.432
594	  T	  3.9	  0.2	1.532	0.432	0.432
595	  V	  7.7	  0.2	1.532	0.432	0.432
596	  L	  7.9	  0.0	1.532	0.432	0.432
597	  L	  4.2	  0.0	1.532	0.432	0.432
598	  K	  0.5	  0.1	1.532	0.000	0.000
599	  E	  0.5	  0.1	0.919	0.000	0.000
600	  R	  0.8	  0.2	0.345	0.000	0.000
601	  S	  0.9	  0.2	0.000	0.000	0.000
602	  T	  0.7	  0.1	0.000	0.000	0.000
603	  E	  0.3	  0.1	0.000	0.000	0.000
604	  L	  0.1	  0.0	0.000	0.000	0.000
