res	aa	Beta	Turn	Helix	Aggregation	Conc-Stab_Aggregation
01	  M	  0.1	  0.2	0.000	0.000	0.000
02	  E	  0.2	  0.2	0.000	0.000	0.000
03	  N	  0.5	  0.2	0.000	0.000	0.000
04	  T	  0.4	  0.5	0.000	0.000	0.000
05	  E	  0.3	  0.3	0.000	0.000	0.000
06	  N	  0.4	  0.3	0.000	0.000	0.000
07	  S	  4.6	  0.6	0.000	0.000	0.000
08	  V	  5.6	  0.4	0.000	0.000	0.000
09	  D	  5.4	  0.5	0.716	0.000	0.000
10	  S	  3.5	  1.1	1.135	0.000	0.000
11	  K	  2.8	  0.8	1.135	0.000	0.000
12	  S	  3.5	  0.7	1.259	0.000	0.000
13	  I	  1.5	  0.7	1.259	0.000	0.000
14	  K	  1.2	  0.1	1.259	0.000	0.000
15	  N	  1.4	  0.1	0.850	0.000	0.000
16	  L	  1.2	  0.1	0.518	0.000	0.000
17	  E	  1.2	  0.0	0.398	0.000	0.000
18	  P	  0.1	  0.0	0.000	0.000	0.000
19	  K	  1.6	  0.0	0.000	0.000	0.000
20	  I	  2.6	  0.0	0.000	0.000	0.000
21	  I	  4.1	  0.3	0.000	0.000	0.000
22	  H	  2.6	  0.7	0.000	0.000	0.000
23	  G	  1.5	  0.8	0.000	0.000	0.000
24	  S	  0.3	  1.7	0.000	0.000	0.000
25	  E	  0.2	  1.4	0.000	0.000	0.000
26	  S	  3.0	  1.8	0.000	0.000	0.000
27	  M	  3.2	  2.0	0.000	0.000	0.000
28	  D	  3.2	  1.3	0.000	0.000	0.000
29	  S	  0.4	  1.4	0.000	0.000	0.000
30	  G	  0.1	  0.5	0.000	0.000	0.000
31	  I	  3.9	  0.4	0.000	0.000	0.000
32	  S	  6.2	  1.1	0.000	0.000	0.000
33	  L	  6.2	  1.0	0.000	0.000	0.000
34	  D	  2.6	  1.2	0.000	0.000	0.000
35	  N	  1.1	  1.2	0.133	0.000	0.000
36	  S	  2.5	  0.3	0.310	0.000	0.000
37	  Y	  3.9	  0.2	0.310	0.000	0.000
38	  K	  3.7	  0.3	0.310	0.000	0.000
39	  M	  4.6	  0.3	0.310	0.000	0.000
40	  D	  3.2	  0.3	0.310	0.000	0.000
41	  Y	  2.5	  0.6	0.310	0.000	0.000
42	  P	  0.1	  0.4	0.000	0.000	0.000
43	  E	  0.0	  0.4	0.000	0.000	0.000
44	  M	  0.3	  0.4	0.000	2.326	2.326
45	  G	  0.3	  0.0	0.425	4.365	4.365
46	  L	  1.8	  0.0	0.425	49.781	49.781
47	  C	  4.8	  0.0	0.425	49.897	49.897
48	  I	 10.1	  0.0	0.425	49.897	49.897
49	  I	  9.5	  0.0	0.425	49.897	49.897
50	  I	  6.6	  0.1	0.425	49.607	49.607
51	  N	  1.2	  0.1	0.425	1.669	1.669
52	  N	  0.2	  1.2	0.128	0.000	0.000
53	  K	  0.2	  1.1	0.000	0.000	0.000
54	  N	  0.5	  1.1	0.000	0.000	0.000
55	  F	  1.8	  1.1	0.000	0.000	0.000
56	  H	  2.2	  0.2	0.000	0.000	0.000
57	  K	  2.5	  0.4	0.000	0.000	0.000
58	  S	  1.2	  0.6	0.000	0.000	0.000
59	  T	  0.8	  0.6	0.000	0.000	0.000
60	  G	  0.2	  0.4	0.000	0.000	0.000
61	  M	  0.8	  0.2	0.000	0.000	0.000
62	  T	  1.4	  0.1	0.000	0.000	0.000
63	  S	  2.9	  2.0	0.000	0.000	0.000
64	  R	  2.3	  2.1	0.000	0.000	0.000
65	  S	  1.8	  2.4	0.000	0.000	0.000
66	  G	  0.2	  2.5	0.000	0.000	0.000
67	  T	  0.5	  0.6	0.114	0.000	0.000
68	  D	  1.2	  1.1	0.285	0.000	0.000
69	  V	  1.7	  0.8	0.285	0.000	0.000
70	  D	  1.3	  0.8	2.555	0.000	0.000
71	  A	  0.6	  1.1	2.555	0.000	0.000
72	  A	  0.1	  0.4	2.555	0.000	0.000
73	  N	  0.7	  0.4	3.476	0.000	0.000
74	  L	  0.7	  0.3	3.191	0.000	0.000
75	  R	  0.6	  0.1	3.618	0.000	0.000
76	  E	  0.3	  0.1	2.887	0.000	0.000
77	  T	 12.4	  0.1	2.245	0.000	0.000
78	  F	 13.1	  0.4	2.245	0.000	0.000
79	  R	 13.0	  0.3	1.915	0.000	0.000
80	  N	  1.2	  0.3	2.145	0.000	0.000
81	  L	  1.0	  0.3	1.516	0.000	0.000
82	  K	  4.3	  0.0	1.258	0.000	0.000
83	  Y	 12.2	  0.0	0.934	0.000	0.000
84	  E	 13.0	  0.0	0.589	0.000	0.000
85	  V	 10.7	  0.1	0.589	0.000	0.000
86	  R	  2.6	  0.1	0.589	0.000	0.000
87	  N	  0.9	  2.5	0.419	0.000	0.000
88	  K	  0.1	  2.6	0.285	0.000	0.000
89	  N	  0.1	  2.5	0.229	0.000	0.000
90	  D	  0.2	  2.5	0.229	0.000	0.000
91	  L	  0.4	  0.2	0.229	0.000	0.000
92	  T	  0.5	  0.1	3.390	0.000	0.000
93	  R	  0.4	  0.1	3.390	0.000	0.000
94	  E	  0.2	  0.1	3.390	0.000	0.000
95	  E	  0.4	  0.1	3.161	0.000	0.000
96	  I	  3.2	  0.0	3.161	0.000	0.000
97	  V	  7.6	  0.0	3.161	0.000	0.000
98	  E	  7.3	  0.0	3.161	0.000	0.000
99	  L	  4.7	  0.0	3.050	0.000	0.000
100	  M	  0.4	  0.2	3.050	0.000	0.000
101	  R	  0.6	  0.1	2.147	0.000	0.000
102	  D	  1.2	  0.4	0.814	0.000	0.000
103	  V	  2.0	  0.5	0.444	0.000	0.000
104	  S	  2.3	  0.4	0.597	0.000	0.000
105	  K	  1.5	  1.0	0.299	0.000	0.000
106	  E	  0.7	  0.7	0.153	0.000	0.000
107	  D	  0.2	  1.0	0.488	0.000	0.000
108	  H	  0.2	  1.0	0.488	0.000	0.000
109	  S	  0.9	  0.6	0.488	0.000	0.000
110	  K	  1.1	  0.6	0.488	0.000	0.000
111	  R	  1.2	  0.4	0.335	0.000	0.000
112	  S	  0.7	  0.3	0.335	0.206	0.206
113	  S	  1.4	  0.2	0.119	4.488	4.488
114	  F	  3.3	  0.1	0.000	84.806	84.806
115	  V	  5.3	  0.0	0.000	90.445	90.445
116	  C	  6.0	  0.0	0.000	90.497	90.497
117	  V	  7.7	  0.0	0.000	90.497	90.497
118	  L	  5.8	  0.0	0.000	90.405	90.405
119	  L	  4.9	  0.2	0.000	78.716	78.716
120	  S	  1.4	  0.4	0.000	9.909	9.909
121	  H	  0.9	  0.6	0.000	1.321	1.321
122	  G	  0.2	  0.9	0.000	0.057	0.057
123	  E	  0.1	  0.8	0.000	0.000	0.000
124	  E	  0.0	  0.6	0.000	0.000	0.000
125	  G	  0.1	  0.5	0.000	0.000	0.000
126	  I	  2.4	  0.2	0.000	1.812	1.812
127	  I	  3.5	  0.0	0.000	1.812	1.812
128	  F	  3.4	  0.7	0.000	1.812	1.812
129	  G	  1.2	  1.0	0.000	1.812	1.812
130	  T	  0.1	  1.0	0.000	1.812	1.812
131	  N	  0.0	  1.0	0.000	0.000	0.000
132	  G	  0.0	  0.3	0.139	0.000	0.000
133	  P	  0.0	  0.0	0.139	0.000	0.000
134	  V	  2.3	  0.0	0.139	0.000	0.000
135	  D	  2.5	  0.0	2.185	0.000	0.000
136	  L	  2.6	  0.0	2.185	0.000	0.000
137	  K	  0.4	  0.0	2.185	0.000	0.000
138	  K	  5.5	  0.0	2.046	0.000	0.000
139	  I	  5.9	  0.1	2.046	0.000	0.000
140	  T	  6.3	  0.1	2.046	0.000	0.000
141	  N	  2.9	  0.1	2.046	0.000	0.000
142	  F	  4.1	  0.1	1.665	0.000	0.000
143	  F	  4.9	  0.2	0.431	0.000	0.000
144	  R	  3.2	  0.7	0.000	0.000	0.000
145	  G	  1.4	  0.7	0.000	0.000	0.000
146	  D	  0.1	  0.8	0.150	0.000	0.000
147	  R	  1.2	  0.6	0.150	0.000	0.000
148	  C	  2.3	  0.3	0.150	0.000	0.000
149	  R	  2.8	  0.3	0.150	0.000	0.000
150	  S	  3.4	  0.4	0.150	0.000	0.000
151	  L	  2.4	  0.5	0.150	0.000	0.000
152	  T	  2.1	  0.3	0.000	0.000	0.000
153	  G	  0.4	  0.3	0.000	0.000	0.000
154	  K	  0.2	  0.3	0.000	0.000	0.000
155	  P	  0.0	  0.2	0.000	0.000	0.000
156	  K	  0.3	  0.2	0.000	0.000	0.000
157	  L	  1.0	  0.2	0.000	10.462	10.462
158	  F	  2.4	  0.1	0.000	10.896	10.896
159	  I	  3.5	  0.0	0.000	10.896	10.896
160	  I	  3.2	  0.0	0.000	10.896	10.896
161	  Q	  1.9	  0.0	0.000	10.896	10.896
162	  A	  0.7	  0.0	0.000	3.203	3.203
163	  C	  0.7	  0.2	0.000	0.400	0.400
164	  R	  0.6	  0.2	0.000	0.000	0.000
165	  G	  0.5	  0.3	0.000	0.000	0.000
166	  T	  0.2	  0.3	0.000	0.000	0.000
167	  E	  0.9	  0.1	0.000	0.000	0.000
168	  L	  3.3	  0.1	0.000	0.000	0.000
169	  D	  3.2	  0.1	0.000	0.000	0.000
170	  C	  2.7	  0.1	0.000	0.000	0.000
171	  G	  0.4	  0.1	0.000	0.000	0.000
172	  I	  0.9	  0.1	0.000	0.000	0.000
173	  E	  0.7	  0.1	0.000	0.000	0.000
174	  T	  1.2	  0.4	0.000	0.000	0.000
175	  D	  0.7	  0.6	0.000	0.000	0.000
176	  S	  0.6	  0.6	0.000	0.000	0.000
177	  G	  0.1	  0.6	0.000	0.000	0.000
178	  V	  0.5	  0.4	0.000	0.000	0.000
179	  D	  0.4	  1.1	0.165	0.000	0.000
180	  D	  0.4	  1.1	0.977	0.000	0.000
181	  D	  0.0	  1.1	1.492	0.000	0.000
182	  M	  0.4	  1.0	1.492	0.000	0.000
183	  A	  0.7	  0.0	1.492	0.000	0.000
184	  C	  3.0	  0.0	1.492	0.000	0.000
185	  H	  5.1	  0.0	1.492	0.000	0.000
186	  K	  5.0	  0.0	0.849	0.000	0.000
187	  I	  2.8	  0.0	0.000	0.000	0.000
188	  P	  0.2	  0.0	0.000	0.000	0.000
189	  V	  1.7	  0.0	0.000	0.000	0.000
190	  E	  1.8	  0.3	0.000	0.000	0.000
191	  A	  1.8	  0.3	0.000	0.000	0.000
192	  D	  0.2	  0.3	0.372	0.000	0.000
193	  F	  0.8	  0.2	0.372	15.779	15.779
194	  L	  1.1	  0.0	0.372	15.912	15.912
195	  Y	  2.0	  0.0	0.372	15.912	15.912
196	  A	  1.8	  0.0	0.372	15.912	15.912
197	  Y	  2.3	  0.1	0.372	15.912	15.912
198	  S	  1.7	  0.1	0.179	2.716	2.716
199	  T	  1.4	  0.1	0.000	0.964	0.964
200	  A	  0.5	  1.2	0.000	0.000	0.000
201	  P	  0.2	  1.1	0.000	0.000	0.000
202	  G	  0.0	  1.1	0.108	0.000	0.000
203	  Y	  2.3	  1.1	0.108	0.000	0.000
204	  Y	  7.8	  0.0	0.108	0.000	0.000
205	  S	 12.0	  0.0	0.108	0.000	0.000
206	  W	 10.3	  0.1	0.108	0.000	0.000
207	  R	  5.0	  0.2	0.108	0.000	0.000
208	  N	  0.7	  0.3	0.108	0.000	0.000
209	  S	  0.7	  5.6	0.000	0.000	0.000
210	  K	  0.6	  5.7	0.000	0.000	0.000
211	  D	  0.5	  5.7	0.000	0.000	0.000
212	  G	  0.1	  5.6	0.000	0.903	0.903
213	  S	  0.8	  0.3	0.000	2.342	2.342
214	  W	  1.4	  0.1	0.000	6.007	6.007
215	  F	  1.8	  0.0	0.153	6.189	6.189
216	  I	  1.3	  0.0	0.281	6.189	6.189
217	  Q	  0.9	  0.1	0.466	5.286	5.286
218	  S	  1.0	  0.1	6.459	5.286	5.286
219	  L	  1.2	  0.1	6.459	5.269	5.269
220	  C	  1.7	  0.0	8.709	4.370	4.370
221	  A	  1.4	  0.0	8.709	3.686	3.686
222	  M	  1.3	  0.0	8.709	3.108	3.108
223	  L	  0.7	  0.1	8.709	2.644	2.644
224	  K	  0.6	  0.1	8.458	0.000	0.000
225	  Q	  0.8	  0.1	7.847	0.000	0.000
226	  Y	  0.9	  0.5	4.309	0.000	0.000
227	  A	  0.7	  0.4	3.392	0.000	0.000
228	  D	  0.2	  0.5	3.217	0.000	0.000
229	  K	  1.5	  0.5	2.546	0.000	0.000
230	  L	  2.2	  0.1	1.821	0.000	0.000
231	  E	  2.3	  0.1	1.606	0.000	0.000
232	  F	  1.5	  0.0	1.066	1.678	1.678
233	  M	  4.7	  0.0	0.540	1.678	1.678
234	  H	  9.1	  0.0	0.286	1.678	1.678
235	  I	 10.0	  0.0	0.286	1.678	1.678
236	  L	  6.2	  0.0	0.286	1.678	1.678
237	  T	  2.7	  0.0	0.648	0.626	0.626
238	  R	  7.2	  0.0	0.648	0.000	0.000
239	  V	  7.4	  0.0	0.362	0.000	0.000
240	  N	  6.6	  0.0	0.362	0.000	0.000
241	  R	  1.0	  0.0	0.362	0.000	0.000
242	  K	  2.7	  0.0	0.362	0.000	0.000
243	  V	  3.8	  0.0	0.000	0.000	0.000
244	  A	  3.2	  0.0	0.000	0.000	0.000
245	  T	  1.3	  0.0	0.000	0.000	0.000
246	  E	  0.8	  0.0	0.000	0.000	0.000
247	  F	  1.8	  0.1	0.000	0.000	0.000
248	  E	  1.7	  0.1	0.000	0.000	0.000
249	  S	 20.9	  0.2	0.000	0.000	0.000
250	  F	 25.2	  0.2	0.000	0.000	0.000
251	  S	 30.5	  0.3	0.000	0.000	0.000
252	  F	 12.8	  0.3	0.000	0.000	0.000
253	  D	  6.5	  0.3	0.102	0.000	0.000
254	  A	  1.4	  0.3	0.102	0.000	0.000
255	  T	  7.7	  0.1	0.577	0.000	0.000
256	  F	  9.3	  0.1	0.577	0.000	0.000
257	  H	  8.8	  0.2	0.577	0.000	0.000
258	  A	  2.1	  0.2	0.577	0.000	0.000
259	  K	  0.4	  0.2	0.577	0.000	0.000
260	  K	  0.6	  0.2	0.474	0.000	0.000
261	  Q	  0.7	  0.1	0.188	0.000	0.000
262	  I	  0.7	  0.0	0.000	0.000	0.000
263	  P	  0.2	  0.0	0.000	0.000	0.000
264	  C	  4.7	  0.0	0.000	3.301	3.301
265	  I	  7.6	  0.0	0.000	18.664	18.664
266	  V	 12.2	  0.0	0.000	19.812	19.812
267	  S	  7.9	  0.0	2.618	19.812	19.812
268	  M	  5.2	  0.0	2.618	20.150	20.150
269	  L	  0.9	  0.0	2.618	20.267	20.267
270	  T	  1.3	  0.1	2.829	17.796	17.796
271	  K	  1.2	  0.1	2.829	7.989	7.989
272	  E	  0.9	  0.1	2.829	7.989	7.989
273	  L	  0.9	  0.1	1.998	7.989	7.989
274	  Y	  2.2	  0.0	1.833	7.989	7.989
275	  F	  3.3	  0.0	0.882	7.861	7.861
276	  Y	  2.7	  0.0	0.125	7.164	7.164
277	  H	  1.3	  0.0	0.000	0.000	0.000
