res	aa	Beta	Turn	Helix	Aggregation	Conc-Stab_Aggregation
01	  M	  0.1	  0.0	0.000	0.000	0.000
02	  L	  0.1	  0.3	0.000	0.000	0.000
03	  G	  0.1	  0.3	0.000	0.000	0.000
04	  T	  0.0	  0.3	0.000	0.000	0.000
05	  G	  0.0	  0.5	0.000	0.000	0.000
06	  P	  0.0	  0.2	0.000	0.000	0.000
07	  A	  0.0	  0.2	0.000	0.000	0.000
08	  A	  0.1	  0.1	0.000	0.000	0.000
09	  A	  0.3	  0.0	0.000	0.000	0.000
10	  T	  0.9	  0.0	0.000	0.000	0.000
11	  T	  1.2	  0.0	0.000	0.000	0.000
12	  A	  1.1	  0.0	0.000	0.000	0.000
13	  A	  0.5	  0.0	0.000	0.000	0.000
14	  T	  3.2	  0.1	0.000	0.000	0.000
15	  T	  4.4	  0.2	0.000	0.000	0.000
16	  S	  4.3	  1.4	0.000	0.000	0.000
17	  S	  1.4	  1.4	0.000	0.000	0.000
18	  N	  1.5	  1.3	0.000	0.229	0.229
19	  V	 10.0	  1.2	0.000	0.458	0.458
20	  S	 10.5	  0.0	0.000	0.458	0.458
21	  V	 11.4	  0.0	0.000	0.458	0.458
22	  L	  2.9	  0.1	0.000	0.458	0.458
23	  Q	  3.5	  0.1	0.000	0.229	0.229
24	  Q	  1.7	  0.1	0.000	0.000	0.000
25	  F	  2.4	  0.6	0.000	0.000	0.000
26	  A	  1.4	  0.6	0.000	0.000	0.000
27	  S	  0.9	  0.7	0.000	0.000	0.000
28	  G	  0.1	  0.7	0.000	0.000	0.000
29	  L	  0.4	  0.3	0.000	0.000	0.000
30	  K	  0.5	  0.2	0.000	0.000	0.000
31	  S	  0.8	  1.0	1.469	0.000	0.000
32	  R	  0.5	  1.1	1.469	0.000	0.000
33	  N	  0.3	  1.1	9.223	0.000	0.000
34	  E	  0.1	  1.1	9.994	0.000	0.000
35	  E	  0.1	  0.2	10.664	0.000	0.000
36	  T	  0.3	  0.2	15.145	0.000	0.000
37	  R	  0.4	  0.1	15.145	0.000	0.000
38	  A	  0.4	  0.1	14.956	0.000	0.000
39	  K	  0.3	  0.0	14.193	0.000	0.000
40	  A	  0.2	  0.0	12.584	0.000	0.000
41	  A	  0.2	  0.1	11.563	0.000	0.000
42	  K	  0.2	  0.1	9.328	0.000	0.000
43	  E	  0.4	  0.1	5.367	0.000	0.000
44	  L	  0.8	  0.2	4.029	0.000	0.000
45	  Q	  2.1	  0.1	2.960	0.000	0.000
46	  H	  3.8	  0.1	1.111	0.000	0.000
47	  Y	  4.2	  0.1	0.268	0.000	0.000
48	  V	 10.3	  0.0	0.000	0.000	0.000
49	  T	  9.4	  0.0	0.848	0.000	0.000
50	  M	  9.4	  0.1	0.848	0.000	0.000
51	  E	  2.2	  0.0	0.848	0.000	0.000
52	  L	  1.0	  0.1	0.848	0.000	0.000
53	  R	  0.3	  0.1	0.848	0.000	0.000
54	  E	  0.6	  0.0	0.848	0.000	0.000
55	  M	  0.8	  0.1	0.486	0.000	0.000
56	  S	  1.0	  0.1	0.846	0.000	0.000
57	  Q	  0.7	  0.2	0.694	0.000	0.000
58	  E	  0.4	  0.2	0.694	0.000	0.000
59	  E	  0.2	  0.2	0.694	0.000	0.000
60	  S	  0.9	  0.2	0.694	0.000	0.000
61	  T	  1.8	  0.1	0.694	0.000	0.000
62	  R	  2.9	  0.1	0.694	0.000	0.000
63	  F	  3.9	  0.1	0.694	0.000	0.000
64	  Y	  4.0	  0.1	0.000	0.000	0.000
65	  D	  2.7	  0.2	0.000	0.000	0.000
66	  Q	  1.9	  0.2	0.000	0.000	0.000
67	  L	  1.2	  0.2	0.000	0.000	0.000
68	  N	  1.3	  0.1	0.000	0.000	0.000
69	  H	  4.2	  0.0	0.000	0.000	0.000
70	  H	  7.0	  0.0	0.000	0.000	0.000
71	  I	  7.7	  0.0	0.000	0.000	0.000
72	  F	  6.2	  0.1	0.000	0.000	0.000
73	  E	  3.1	  0.1	0.000	0.000	0.000
74	  L	  2.9	  0.1	0.000	0.000	0.000
75	  V	  2.1	  0.1	0.000	0.000	0.000
76	  S	  2.9	  1.0	0.179	0.000	0.000
77	  S	  2.2	  2.9	0.352	0.000	0.000
78	  S	  1.0	  3.0	1.013	0.000	0.000
79	  D	  0.1	  6.1	1.486	0.000	0.000
80	  A	  0.0	  5.1	1.486	0.000	0.000
81	  N	  0.0	  3.3	1.654	0.000	0.000
82	  E	  0.8	  3.4	1.654	0.000	0.000
83	  R	  0.9	  0.5	1.654	0.000	0.000
84	  K	  0.8	  1.5	1.482	0.000	0.000
85	  G	  0.1	  1.4	0.168	0.388	0.388
86	  G	  0.0	  1.3	0.168	12.677	12.677
87	  I	  0.9	  1.1	0.000	75.237	75.237
88	  L	  1.3	  0.0	0.000	80.498	80.498
89	  A	  1.5	  0.0	0.155	81.431	81.431
90	  I	  1.8	  0.0	0.155	82.493	82.493
91	  A	  1.9	  0.0	0.155	82.322	82.322
92	  S	  2.0	  0.0	0.155	77.101	77.101
93	  L	  1.0	  0.0	0.155	76.412	76.412
94	  I	  0.7	  0.0	0.155	72.483	72.483
95	  G	  0.4	  0.0	0.155	28.770	28.770
96	  V	  0.5	  0.2	0.000	26.538	26.538
97	  E	  0.3	  0.5	0.000	0.000	0.000
98	  G	  0.2	  1.1	0.000	0.000	0.000
99	  G	  0.0	  1.1	0.000	0.000	0.000
100	  N	  0.1	  1.2	0.000	0.000	0.000
101	  A	  0.3	  0.8	0.000	0.000	0.000
102	  T	  1.2	  0.2	0.000	0.000	0.000
103	  R	  1.9	  0.4	0.000	0.000	0.000
104	  I	  1.8	  1.1	0.000	0.000	0.000
105	  G	  0.9	  1.1	0.000	0.000	0.000
106	  R	  0.5	  1.1	0.000	0.000	0.000
107	  F	  0.7	  1.4	0.000	0.000	0.000
108	  A	  0.7	  0.4	0.000	0.000	0.000
109	  N	  0.4	  0.4	0.333	0.000	0.000
110	  Y	  1.3	  0.4	0.333	0.000	0.000
111	  L	  1.4	  0.1	0.333	0.000	0.000
112	  R	  1.5	  0.2	0.333	0.000	0.000
113	  N	  0.4	  0.2	0.333	0.000	0.000
114	  L	  0.3	  0.2	0.333	0.000	0.000
115	  L	  0.2	  0.5	0.333	0.000	0.000
116	  P	  0.1	  0.8	0.000	0.000	0.000
117	  S	  0.0	  0.8	0.000	0.000	0.000
118	  N	  0.0	  0.8	0.000	0.000	0.000
119	  D	  0.0	  0.4	0.406	0.000	0.000
120	  P	  0.0	  0.0	0.406	0.000	0.000
121	  V	  8.5	  0.0	0.406	0.000	0.000
122	  V	 10.1	  0.0	0.529	0.000	0.000
123	  M	 10.9	  0.0	0.660	0.000	0.000
124	  E	  2.6	  0.0	0.660	0.000	0.000
125	  M	  1.1	  0.1	0.660	0.000	0.000
126	  A	  0.5	  0.2	0.660	0.000	0.000
127	  S	  0.5	  0.2	0.793	0.000	0.000
128	  K	  0.6	  0.2	0.650	0.000	0.000
129	  A	  0.4	  0.2	0.133	0.000	0.000
130	  I	  0.5	  0.5	0.133	0.000	0.000
131	  G	  0.2	  0.5	0.260	0.000	0.000
132	  R	  0.2	  0.5	0.260	0.000	0.000
133	  L	  0.5	  0.4	0.127	0.000	0.000
134	  A	  0.6	  0.0	0.127	0.000	0.000
135	  M	  0.5	  0.2	0.127	0.000	0.000
136	  A	  0.1	  1.9	0.127	0.000	0.000
137	  G	  0.0	  1.9	0.000	0.000	0.000
138	  D	  1.5	  1.9	0.100	0.000	0.000
139	  T	 20.5	  1.7	0.100	0.000	0.000
140	  F	 24.9	  0.1	0.100	0.000	0.000
141	  T	 23.8	  0.0	0.527	0.000	0.000
142	  A	  5.5	  0.0	0.527	0.000	0.000
143	  E	  0.5	  0.0	0.527	0.000	0.000
144	  Y	  1.6	  0.0	0.510	0.000	0.000
145	  V	  4.2	  0.0	2.167	0.000	0.000
146	  E	  4.8	  0.0	3.577	0.000	0.000
147	  F	 11.4	  0.0	4.951	0.000	0.000
148	  E	 20.2	  0.0	7.773	0.000	0.000
149	  V	 20.9	  0.0	7.897	0.000	0.000
150	  K	 14.5	  0.0	7.897	0.000	0.000
151	  R	  1.8	  0.0	7.793	0.000	0.000
152	  A	  0.4	  0.0	7.793	0.000	0.000
153	  L	  0.8	  0.0	7.704	0.000	0.000
154	  E	  0.7	  0.0	7.490	0.000	0.000
155	  W	  0.7	  0.0	6.292	0.000	0.000
156	  L	  0.1	  0.1	4.594	0.000	0.000
157	  G	  0.1	  0.6	3.495	0.000	0.000
158	  A	  0.0	  0.6	0.597	0.000	0.000
159	  D	  0.0	  2.5	0.140	0.000	0.000
160	  R	  0.0	  2.4	0.140	0.000	0.000
161	  N	  0.0	  3.1	0.140	0.000	0.000
162	  E	  0.0	  3.4	0.140	0.000	0.000
163	  G	  0.0	  1.6	0.140	0.000	0.000
164	  R	  0.5	  1.6	0.140	0.000	0.000
165	  R	  0.7	  0.4	0.000	0.000	0.000
166	  H	  0.8	  0.1	0.000	0.060	0.060
167	  A	  0.5	  0.1	0.000	20.785	20.785
168	  A	  1.1	  0.0	0.000	86.335	86.335
169	  V	  7.7	  0.0	0.000	88.022	88.022
170	  L	  9.5	  0.0	0.000	88.129	88.129
171	  V	 10.6	  0.0	0.301	88.148	88.148
172	  L	  4.2	  0.0	0.301	87.662	87.662
173	  R	  2.0	  0.1	0.301	3.475	3.475
174	  E	  0.2	  0.1	0.301	3.475	3.475
175	  L	  0.5	  0.1	0.301	3.432	3.432
176	  A	  0.8	  0.0	0.301	3.161	3.161
177	  I	  7.6	  0.0	0.178	2.933	2.933
178	  S	  7.4	  0.0	0.178	0.309	0.309
179	  V	  7.1	  0.3	0.000	0.000	0.000
180	  P	  0.2	  0.3	0.000	0.779	0.779
181	  T	  6.3	  0.3	0.000	4.507	4.507
182	  F	  7.6	  0.3	0.000	6.652	6.652
183	  F	  9.7	  0.0	0.000	6.813	6.813
184	  F	  5.3	  0.1	0.000	6.813	6.813
185	  Q	  4.1	  0.1	0.000	6.034	6.034
186	  Q	  3.6	  0.1	0.000	3.482	3.482
187	  V	  2.2	  0.1	0.000	3.314	3.314
188	  Q	  1.9	  0.0	0.000	0.000	0.000
189	  P	  0.4	  0.0	0.000	0.000	0.000
190	  F	  1.6	  0.1	0.000	0.000	0.000
191	  F	  2.0	  0.3	0.000	0.000	0.000
192	  D	  2.1	  0.3	0.000	0.000	0.000
193	  N	  2.5	  0.3	0.000	2.932	2.932
194	  I	  3.5	  0.3	0.000	74.926	74.926
195	  F	  5.9	  0.0	0.000	89.434	89.434
196	  V	 10.5	  0.0	0.000	89.434	89.434
197	  A	  9.6	  0.0	0.000	89.434	89.434
198	  V	 11.1	  0.0	0.000	89.307	89.307
199	  W	  4.6	  0.0	0.000	74.731	74.731
200	  D	  4.0	  0.4	0.251	0.000	0.000
201	  P	  0.1	  0.5	0.251	0.000	0.000
202	  K	  0.1	  0.5	0.251	0.000	0.000
203	  Q	  0.2	  0.5	0.251	0.000	0.000
204	  A	  0.7	  0.1	0.251	0.000	0.000
205	  I	  0.9	  0.1	0.251	0.000	0.000
206	  R	  0.8	  0.4	1.178	0.000	0.000
207	  E	  0.4	  0.5	1.051	0.000	0.000
208	  G	  0.0	  0.5	2.952	0.197	0.197
209	  A	  0.4	  0.4	2.968	6.199	6.199
210	  V	  1.7	  0.1	2.968	6.199	6.199
211	  A	  1.8	  0.0	2.968	6.199	6.199
212	  A	  1.7	  0.0	2.968	6.199	6.199
213	  L	  0.8	  0.0	2.968	6.199	6.199
214	  R	  0.7	  0.0	2.346	0.000	0.000
215	  A	  0.7	  0.0	1.492	1.849	1.849
216	  C	  1.3	  0.0	0.992	2.833	2.833
217	  L	  2.6	  0.0	0.451	6.378	6.378
218	  I	  4.1	  0.0	0.451	6.502	6.502
219	  L	  3.3	  0.0	0.451	6.502	6.502
220	  T	  4.5	  0.0	0.000	5.429	5.429
221	  T	  4.0	  0.1	0.000	3.984	3.984
222	  Q	  4.2	  0.1	0.000	0.798	0.798
223	  R	  1.9	  0.1	0.000	0.000	0.000
224	  E	  0.7	  0.0	0.000	0.000	0.000
225	  P	  0.1	  0.1	0.000	0.000	0.000
226	  K	  0.1	  0.1	0.000	0.000	0.000
227	  E	  0.5	  0.1	0.000	0.000	0.000
228	  M	  1.0	  0.1	0.000	0.000	0.000
229	  Q	  1.0	  0.0	0.000	0.000	0.000
230	  K	  0.6	  0.2	0.000	0.000	0.000
231	  P	  0.1	  0.2	0.000	0.000	0.000
232	  Q	  2.2	  0.2	0.000	0.000	0.000
233	  W	  3.2	  0.2	0.000	0.000	0.000
234	  Y	  4.7	  0.0	0.000	0.000	0.000
235	  R	  3.1	  0.0	0.000	0.000	0.000
236	  H	  5.0	  0.0	0.000	0.000	0.000
237	  T	 14.1	  0.0	0.229	0.000	0.000
238	  F	 14.1	  0.1	0.430	0.000	0.000
239	  E	 11.3	  0.1	0.669	0.000	0.000
240	  E	  0.7	  0.1	0.669	0.000	0.000
241	  A	  0.1	  0.2	0.669	0.000	0.000
242	  E	  0.1	  0.4	0.669	0.000	0.000
243	  K	  0.1	  0.4	0.669	0.000	0.000
244	  G	  0.1	  0.4	0.669	0.000	0.000
245	  F	  0.3	  0.3	0.117	0.000	0.000
246	  D	  0.3	  0.2	3.747	0.000	0.000
247	  E	  0.2	  0.2	3.747	0.000	0.000
248	  T	  0.5	  0.2	6.104	0.000	0.000
249	  L	  0.5	  0.1	6.104	0.000	0.000
250	  A	  0.5	  0.1	6.104	0.000	0.000
251	  K	  0.4	  0.2	6.104	0.000	0.000
252	  E	  0.3	  0.5	5.244	0.000	0.000
253	  K	  0.3	  0.5	4.569	0.000	0.000
254	  G	  0.1	  0.6	3.205	0.000	0.000
255	  M	  0.2	  0.4	1.252	0.000	0.000
256	  N	  0.2	  2.4	0.346	0.000	0.000
257	  R	  0.1	  2.7	0.000	0.000	0.000
258	  D	  0.1	  2.6	0.000	0.000	0.000
259	  D	  0.2	  2.6	0.000	0.000	0.000
260	  R	  2.8	  0.4	0.000	0.000	0.000
261	  I	  4.2	  0.5	0.000	0.633	0.633
262	  H	  4.2	  0.7	0.000	0.740	0.740
263	  G	  1.5	  0.7	0.000	4.241	4.241
264	  A	  0.3	  0.7	0.000	33.736	33.736
265	  L	  1.2	  0.2	0.000	36.582	36.582
266	  L	  2.5	  0.0	0.000	36.861	36.861
267	  I	  2.8	  0.0	0.498	36.861	36.861
268	  L	  2.0	  0.0	0.498	35.780	35.780
269	  N	  0.6	  0.0	1.838	5.774	5.774
270	  E	  0.1	  0.0	1.838	3.631	3.631
271	  L	  0.3	  0.0	1.838	3.631	3.631
272	  V	  8.4	  0.0	1.838	3.631	3.631
273	  R	 10.5	  0.0	1.838	3.631	3.631
274	  I	 10.9	  0.1	1.632	3.386	3.386
275	  S	  3.0	  0.1	1.632	0.330	0.330
276	  S	  1.8	  0.2	0.463	0.000	0.000
277	  M	  1.2	  0.6	0.389	0.000	0.000
278	  E	  1.1	  0.7	0.259	0.000	0.000
279	  G	  0.0	  0.8	3.471	0.000	0.000
280	  E	  0.1	  0.6	3.733	0.000	0.000
281	  R	  0.7	  0.3	3.733	0.000	0.000
282	  L	  0.7	  0.1	3.733	0.000	0.000
283	  R	  0.7	  0.1	3.733	0.000	0.000
284	  E	  0.1	  0.1	3.733	0.000	0.000
285	  E	  0.2	  0.1	2.207	0.000	0.000
286	  M	  0.2	  0.1	0.864	0.000	0.000
287	  E	  0.2	  0.0	0.438	0.000	0.000
288	  E	  3.7	  0.0	0.147	0.000	0.000
289	  I	  8.0	  0.1	0.000	0.000	0.000
290	  T	  9.6	  0.0	0.278	0.000	0.000
291	  Q	  6.3	  0.1	0.278	0.000	0.000
292	  Q	  2.3	  0.1	0.278	0.000	0.000
293	  Q	  1.4	  0.1	0.278	0.000	0.000
294	  L	  2.2	  0.0	0.278	0.000	0.000
295	  V	  3.2	  0.0	0.278	0.000	0.000
296	  H	  2.5	  0.1	0.278	0.000	0.000
297	  D	  1.5	  0.3	0.282	0.000	0.000
298	  K	  1.0	  0.3	0.146	0.000	0.000
299	  Y	  2.2	  0.3	0.146	0.000	0.000
300	  C	  2.3	  0.8	0.146	0.000	0.000
301	  K	  1.5	  0.6	0.146	0.000	0.000
302	  D	  0.3	  0.6	0.146	0.000	0.000
303	  L	  0.3	  0.8	0.146	0.000	0.000
304	  M	  0.4	  0.3	0.146	0.000	0.000
305	  G	  0.4	  0.4	0.146	0.000	0.000
306	  F	  0.3	  0.7	0.000	0.000	0.000
307	  G	  0.1	  0.5	0.000	0.000	0.000
308	  T	  0.3	  0.5	0.000	0.000	0.000
309	  K	  0.2	  0.4	0.000	0.000	0.000
310	  P	  0.2	  0.2	0.000	0.000	0.000
311	  R	  2.4	  0.2	0.000	0.000	0.000
312	  H	 13.2	  0.2	0.000	0.000	0.000
313	  I	 14.0	  0.0	0.000	0.000	0.000
314	  T	 11.7	  0.0	0.000	0.000	0.000
315	  P	  0.8	  0.0	0.000	0.000	0.000
316	  F	  2.8	  0.0	0.000	0.275	0.275
317	  T	  4.3	  0.0	0.000	0.275	0.275
318	  S	  7.5	  0.0	0.147	0.275	0.275
319	  F	  7.2	  0.1	0.147	0.275	0.275
320	  Q	  5.9	  0.0	0.147	0.275	0.275
321	  A	  3.7	  0.0	0.147	0.275	0.275
322	  V	  1.7	  0.0	0.147	0.275	0.275
323	  Q	  1.4	  0.1	0.147	0.000	0.000
324	  P	  0.4	  0.2	0.000	0.000	0.000
325	  Q	  0.2	  0.3	0.000	0.000	0.000
326	  Q	  0.2	  0.5	0.000	0.000	0.000
327	  S	  0.2	  0.4	0.000	0.000	0.000
328	  N	  0.0	  0.3	0.171	0.271	0.271
329	  A	  0.3	  0.2	0.171	11.572	11.572
330	  L	  0.5	  0.0	0.171	23.421	23.421
331	  V	  0.8	  0.1	0.171	24.025	24.025
332	  G	  0.5	  0.1	0.171	24.025	24.025
333	  L	  0.4	  0.2	0.171	24.025	24.025
334	  L	  0.2	  0.2	0.171	22.735	22.735
335	  G	  0.2	  0.2	0.171	7.264	7.264
336	  Y	  1.8	  0.3	0.171	5.761	5.761
337	  S	  1.9	  0.2	0.000	0.583	0.583
338	  S	  2.3	  0.3	0.000	0.000	0.000
339	  H	  0.7	  0.6	0.000	0.000	0.000
340	  Q	  0.5	  0.5	0.000	0.000	0.000
341	  G	  0.1	  0.4	0.000	0.000	0.000
342	  L	  0.2	  0.6	0.000	0.000	0.000
343	  M	  0.4	  0.3	0.000	0.000	0.000
344	  G	  0.4	  0.4	0.000	0.000	0.000
345	  F	  0.3	  1.0	0.000	0.000	0.000
346	  G	  0.1	  0.7	0.000	0.000	0.000
347	  T	  0.2	  0.7	0.000	0.000	0.000
348	  S	  0.2	  0.6	0.000	0.000	0.000
349	  P	  0.2	  0.0	0.000	0.000	0.000
350	  S	  0.1	  0.2	0.000	0.000	0.000
351	  P	  0.0	  0.2	0.000	0.000	0.000
352	  A	  0.1	  0.2	0.000	0.000	0.000
353	  K	  0.8	  0.3	0.000	0.000	0.000
354	  S	  1.0	  0.2	0.000	0.000	0.000
355	  T	  2.1	  0.2	0.000	0.000	0.000
356	  L	  1.7	  0.1	0.000	0.000	0.000
357	  V	  2.9	  0.1	0.000	0.000	0.000
358	  E	  1.7	  0.1	0.000	0.000	0.000
359	  S	  1.8	  0.2	0.403	0.000	0.000
360	  R	  0.9	  0.2	0.403	0.000	0.000
361	  C	  9.8	  0.1	0.403	0.000	0.000
362	  C	  9.9	  0.4	0.403	0.000	0.000
363	  R	  9.4	  0.4	0.403	0.000	0.000
364	  D	  0.5	  0.4	1.709	0.000	0.000
365	  L	  0.2	  0.4	1.444	0.000	0.000
366	  M	  0.1	  0.1	1.306	0.000	0.000
367	  E	  0.2	  0.1	1.306	0.000	0.000
368	  E	  0.4	  0.1	1.306	0.000	0.000
369	  K	  1.1	  0.1	1.306	0.000	0.000
370	  F	  2.0	  0.1	0.514	0.000	0.000
371	  D	  1.9	  0.1	0.234	0.000	0.000
372	  Q	  1.4	  0.1	0.234	0.668	0.668
373	  V	  1.3	  0.1	0.123	17.781	17.781
374	  C	  2.1	  0.0	0.523	17.984	17.984
375	  Q	  2.9	  0.0	0.523	17.984	17.984
376	  W	  2.9	  0.0	0.523	17.984	17.984
377	  V	  3.2	  0.0	0.400	17.984	17.984
378	  L	  4.3	  0.0	0.400	15.047	15.047
379	  K	  4.2	  0.0	0.400	0.000	0.000
380	  C	  3.6	  0.4	0.400	0.000	0.000
381	  R	  1.5	  0.4	0.276	0.000	0.000
382	  N	  0.7	  0.5	0.131	0.000	0.000
383	  S	  0.9	  2.0	0.000	0.000	0.000
384	  K	  0.9	  1.7	0.000	0.000	0.000
385	  N	  0.7	  1.7	0.000	0.000	0.000
386	  S	  0.4	  1.6	0.000	0.240	0.240
387	  L	  0.5	  0.1	0.000	7.812	7.812
388	  I	  1.9	  0.0	0.000	9.164	9.164
389	  Q	  2.6	  0.0	0.000	9.164	9.164
390	  M	  7.1	  0.0	0.000	9.644	9.644
391	  T	  8.2	  0.0	0.770	10.064	10.064
392	  I	  7.8	  0.0	0.770	10.064	10.064
393	  L	  4.7	  0.1	0.770	8.917	8.917
394	  N	  2.0	  0.1	0.889	2.411	2.411
395	  L	  1.6	  0.1	0.889	2.206	2.206
396	  L	  0.1	  0.2	1.601	0.000	0.000
397	  P	  0.1	  0.2	2.112	0.000	0.000
398	  R	  0.1	  0.2	2.112	0.000	0.000
399	  L	  0.2	  0.2	2.112	0.000	0.000
400	  A	  0.3	  0.0	2.112	0.000	0.000
401	  A	  1.1	  0.0	2.112	0.000	0.000
402	  F	  1.4	  0.0	1.972	0.000	0.000
403	  R	  1.3	  0.4	0.360	0.000	0.000
404	  P	  0.4	  0.4	0.000	0.000	0.000
405	  S	  0.3	  0.4	0.000	0.000	0.000
406	  A	  0.6	  0.4	0.000	0.000	0.000
407	  F	  2.4	  0.1	0.000	0.000	0.000
408	  T	  2.5	  0.1	0.000	0.000	0.000
409	  D	  2.3	  0.1	0.308	0.000	0.000
410	  T	  3.0	  0.1	0.704	0.000	0.000
411	  Q	  3.7	  0.1	0.704	0.000	0.000
412	  Y	  4.3	  0.0	0.704	0.000	0.000
413	  L	  2.1	  0.1	0.704	0.000	0.000
414	  Q	  1.2	  0.2	0.704	0.000	0.000
415	  D	  0.4	  0.2	0.704	0.000	0.000
416	  T	  2.2	  0.3	0.375	0.000	0.000
417	  M	  2.5	  0.2	0.375	0.000	0.000
418	  N	  2.6	  0.1	0.375	0.000	0.000
419	  H	  2.1	  0.1	0.000	0.000	0.000
420	  V	  4.6	  0.0	0.000	0.139	0.139
421	  L	 10.1	  0.0	0.000	0.139	0.139
422	  S	 10.1	  0.0	0.283	0.139	0.139
423	  C	 11.0	  0.0	0.283	0.139	0.139
424	  V	  5.6	  0.0	0.283	0.139	0.139
425	  K	  4.4	  0.1	0.283	0.000	0.000
426	  K	  1.1	  0.1	0.283	0.000	0.000
427	  E	  0.6	  0.1	0.283	0.000	0.000
428	  K	  0.6	  0.2	0.110	0.000	0.000
429	  E	  0.5	  0.1	0.110	0.000	0.000
430	  R	  0.6	  0.1	0.110	0.000	0.000
431	  T	  0.7	  0.1	0.148	2.736	2.736
432	  A	  0.6	  0.0	0.148	3.221	3.221
433	  A	  0.9	  0.0	0.148	5.128	5.128
434	  F	  3.2	  0.0	0.148	7.385	7.385
435	  Q	  3.3	  0.0	0.148	7.504	7.504
436	  A	  2.8	  0.0	0.148	12.207	12.207
437	  L	  0.3	  0.1	0.148	17.093	17.093
438	  G	  0.1	  0.0	0.287	17.811	17.811
439	  L	  0.5	  0.0	0.139	25.745	25.745
440	  L	  2.3	  0.0	0.139	27.086	27.086
441	  S	  2.8	  0.0	0.492	25.688	25.688
442	  V	  9.5	  0.0	0.492	25.688	25.688
443	  A	  8.2	  0.0	0.492	22.373	22.373
444	  V	  9.5	  0.0	0.492	20.816	20.816
445	  R	  2.7	  0.1	0.492	0.000	0.000
446	  S	  2.1	  0.1	0.352	0.000	0.000
447	  E	  3.1	  0.1	0.179	0.000	0.000
448	  F	  5.4	  0.1	0.000	0.000	0.000
449	  K	  6.3	  0.0	0.000	0.000	0.000
450	  V	 10.3	  0.0	0.000	0.000	0.000
451	  Y	  7.9	  0.0	0.000	0.000	0.000
452	  L	  7.0	  0.1	0.106	0.000	0.000
453	  P	  0.1	  0.1	0.106	0.000	0.000
454	  R	  1.5	  0.1	0.247	0.000	0.000
455	  V	  4.1	  0.1	0.396	0.000	0.000
456	  L	  6.5	  0.0	0.520	0.000	0.000
457	  D	  6.4	  0.0	3.038	0.000	0.000
458	  I	  7.8	  0.0	3.192	0.000	0.000
459	  I	  6.7	  0.0	3.192	0.000	0.000
460	  R	  5.3	  0.0	3.192	0.000	0.000
461	  A	  1.6	  0.0	3.192	0.000	0.000
462	  A	  0.3	  0.0	3.192	0.000	0.000
463	  L	  0.3	  0.0	2.338	0.000	0.000
464	  P	  0.0	  0.3	0.000	0.000	0.000
465	  P	  0.0	  0.7	0.000	0.000	0.000
466	  K	  0.1	  0.7	0.000	0.000	0.000
467	  D	  0.2	  0.7	0.178	0.000	0.000
468	  F	  0.7	  0.4	0.178	0.000	0.000
469	  A	  0.8	  0.0	0.178	0.000	0.000
470	  H	  1.2	  0.1	0.178	0.000	0.000
471	  K	  1.0	  0.2	0.178	0.000	0.000
472	  R	  1.1	  0.2	0.178	0.000	0.000
473	  Q	  0.7	  0.2	0.178	0.000	0.000
474	  K	  0.5	  0.1	0.000	0.000	0.000
475	  A	  0.4	  0.1	0.000	0.000	0.000
476	  M	  1.4	  0.0	0.000	0.000	0.000
477	  Q	  1.7	  0.0	0.000	0.000	0.000
478	  V	  2.0	  0.0	0.000	0.000	0.000
479	  D	  1.0	  0.0	0.000	0.000	0.000
480	  A	  1.2	  0.0	0.000	14.684	14.684
481	  T	  5.4	  0.0	0.000	31.437	31.437
482	  V	  7.7	  0.0	0.000	42.898	42.898
483	  F	 22.8	  0.0	0.000	43.259	43.259
484	  T	 19.8	  0.0	0.188	43.259	43.259
485	  C	 19.7	  0.0	0.381	42.737	42.737
486	  I	  7.3	  0.0	0.381	42.607	42.607
487	  S	  5.4	  0.0	2.647	33.613	33.613
488	  M	  3.6	  0.0	2.647	32.498	32.498
489	  L	  0.5	  0.0	2.783	31.150	31.150
490	  A	  0.3	  0.0	2.783	14.327	14.327
491	  R	  0.3	  0.0	2.783	0.000	0.000
492	  A	  0.3	  0.0	2.402	0.000	0.000
493	  M	  0.3	  0.1	1.750	0.000	0.000
494	  G	  0.1	  1.3	0.914	0.000	0.000
495	  P	  0.0	  1.3	0.000	0.000	0.000
496	  G	  0.0	  1.3	0.000	0.000	0.000
497	  I	  0.4	  1.3	0.000	0.000	0.000
498	  Q	  0.5	  0.2	0.000	0.000	0.000
499	  Q	  0.7	  0.2	0.000	0.000	0.000
500	  D	  1.4	  0.2	0.988	0.000	0.000
501	  I	  2.1	  0.2	0.988	0.000	0.000
502	  K	  2.0	  0.1	0.988	0.000	0.000
503	  E	  0.9	  0.1	0.988	0.000	0.000
504	  L	  0.3	  0.1	0.988	0.000	0.000
505	  L	  0.3	  0.0	0.988	0.000	0.000
506	  E	  0.3	  0.0	0.989	0.000	0.000
507	  P	  0.1	  0.0	0.191	0.000	0.000
508	  M	  0.3	  0.0	0.191	0.811	0.811
509	  L	  0.7	  0.0	0.191	2.467	2.467
510	  A	  0.8	  0.0	0.191	2.467	2.467
511	  V	  0.8	  0.1	0.191	2.467	2.467
512	  G	  0.5	  0.1	0.191	2.467	2.467
513	  L	  0.5	  0.1	0.000	2.341	2.341
514	  S	  0.2	  0.2	0.191	0.000	0.000
515	  P	  0.1	  0.1	0.191	0.103	0.103
516	  A	  0.2	  0.1	0.191	12.398	12.398
517	  L	  1.0	  0.2	0.191	25.470	25.470
518	  T	  1.9	  0.0	0.191	27.326	27.326
519	  A	  2.5	  0.0	0.191	27.326	27.326
520	  V	  3.4	  0.0	0.191	27.326	27.326
521	  L	  2.8	  0.0	0.191	26.076	26.076
522	  Y	  3.2	  0.0	0.324	20.652	20.652
523	  D	  1.7	  0.7	0.133	0.000	0.000
524	  L	  1.4	  0.7	0.133	0.000	0.000
525	  S	  0.5	  0.8	0.133	0.000	0.000
526	  R	  2.4	  0.7	0.133	0.000	0.000
527	  Q	  2.5	  0.1	0.133	0.000	0.000
528	  I	  2.2	  0.1	0.000	0.000	0.000
529	  P	  0.1	  0.0	0.159	0.000	0.000
530	  Q	  1.0	  0.0	0.159	0.000	0.000
531	  L	  1.1	  0.1	0.159	0.000	0.000
532	  K	  1.1	  0.4	0.159	0.000	0.000
533	  K	  0.4	  0.4	0.159	0.000	0.000
534	  D	  0.6	  0.4	0.605	0.000	0.000
535	  I	  0.6	  0.6	0.446	0.000	0.000
536	  Q	  0.4	  0.4	2.009	0.000	0.000
537	  D	  0.1	  0.4	3.353	0.000	0.000
538	  G	  0.0	  0.4	9.273	0.000	0.000
539	  L	  0.2	  0.1	9.273	0.000	0.000
540	  L	  1.6	  0.0	9.273	0.000	0.000
541	  K	  1.8	  0.0	9.588	0.000	0.000
542	  M	  2.1	  0.0	9.588	7.684	7.684
543	  L	  2.3	  0.0	9.192	13.650	13.650
544	  S	  2.3	  0.0	9.533	14.530	14.530
545	  L	  3.7	  0.0	8.736	14.530	14.530
546	  V	  5.9	  0.0	7.667	14.530	14.530
547	  L	  6.1	  0.0	7.667	13.651	13.651
548	  M	  4.8	  0.0	6.668	4.639	4.639
549	  H	  1.1	  0.0	4.675	0.000	0.000
550	  K	  0.6	  0.0	0.941	0.000	0.000
551	  P	  0.1	  0.0	0.000	0.000	0.000
552	  L	  1.3	  0.0	0.000	0.000	0.000
553	  R	  1.4	  0.0	0.000	0.000	0.000
554	  H	  1.4	  3.5	0.000	0.000	0.000
555	  P	  0.1	  3.5	0.000	0.000	0.000
556	  G	  0.0	  3.5	0.000	0.000	0.000
557	  M	  0.0	  4.1	0.000	0.000	0.000
558	  P	  0.0	  0.8	0.000	0.000	0.000
559	  K	  0.0	  0.8	0.000	0.000	0.000
560	  G	  0.1	  0.8	0.000	0.000	0.000
561	  L	  0.2	  0.3	0.000	0.000	0.000
562	  A	  0.4	  0.0	0.000	0.000	0.000
563	  H	  1.0	  0.1	0.000	0.000	0.000
564	  Q	  1.0	  0.1	0.000	0.000	0.000
565	  L	  1.1	  0.1	0.000	0.000	0.000
566	  A	  0.4	  0.1	0.000	0.000	0.000
567	  S	  0.3	  1.2	0.000	0.000	0.000
568	  P	  0.0	  1.2	0.000	0.000	0.000
569	  G	  0.1	  1.2	0.000	0.000	0.000
570	  L	  0.4	  1.3	0.000	0.000	0.000
571	  T	  2.2	  0.1	0.000	0.000	0.000
572	  T	  2.4	  0.0	0.000	0.000	0.000
573	  L	  2.1	  0.2	0.000	0.000	0.000
574	  P	  0.3	  0.2	0.000	0.000	0.000
575	  E	  0.2	  0.2	0.000	0.000	0.000
576	  A	  0.2	  0.4	0.000	0.000	0.000
577	  S	  0.2	  0.3	0.000	0.000	0.000
578	  D	  0.0	  0.7	0.000	0.000	0.000
579	  V	  0.2	  0.9	0.000	3.891	3.891
580	  G	  0.2	  0.6	2.454	4.170	4.170
581	  S	  3.0	  0.6	3.038	4.585	4.585
582	  I	 13.0	  0.2	3.038	7.941	7.941
583	  T	 13.3	  0.0	3.346	7.941	7.941
584	  L	 10.9	  0.0	3.346	7.941	7.941
585	  A	  1.0	  0.0	3.346	7.941	7.941
586	  L	  0.7	  0.0	2.975	7.338	7.338
587	  R	  0.7	  0.1	2.481	0.000	0.000
588	  T	  0.5	  0.2	0.776	0.000	0.000
589	  L	  0.4	  1.2	0.776	0.000	0.000
590	  G	  0.2	  1.1	0.495	0.000	0.000
591	  S	  6.9	  1.1	0.105	0.000	0.000
592	  F	 10.9	  1.0	0.000	0.000	0.000
593	  E	 11.7	  0.0	0.000	0.000	0.000
594	  F	  5.4	  0.5	0.000	0.000	0.000
595	  E	  1.2	  0.7	0.000	0.000	0.000
596	  G	  0.3	  0.7	0.000	0.000	0.000
597	  H	  0.2	  0.8	0.000	0.000	0.000
598	  S	  1.8	  0.3	0.000	0.000	0.000
599	  L	  2.2	  0.1	0.000	0.379	0.379
600	  T	  4.4	  0.1	0.000	0.379	0.379
601	  Q	  4.2	  0.0	0.000	0.379	0.379
602	  F	  5.5	  0.0	0.000	0.379	0.379
603	  V	  5.5	  0.0	0.000	0.379	0.379
604	  R	  4.0	  0.0	0.000	0.000	0.000
605	  H	  3.2	  0.0	0.000	0.000	0.000
606	  C	  1.1	  0.8	0.000	0.000	0.000
607	  A	  1.0	  0.8	0.000	0.000	0.000
608	  D	  0.6	  0.8	0.000	0.000	0.000
609	  H	  2.0	  0.8	0.000	0.000	0.000
610	  F	  3.2	  0.2	0.000	0.000	0.000
611	  L	  3.3	  0.1	0.000	0.000	0.000
612	  N	  1.7	  0.3	0.000	0.000	0.000
613	  S	  0.6	  0.4	0.000	0.000	0.000
614	  E	  1.4	  0.3	0.000	0.000	0.000
615	  H	  1.6	  0.4	0.000	0.000	0.000
616	  K	  1.9	  0.2	0.000	0.000	0.000
617	  E	  1.7	  0.1	0.000	0.000	0.000
618	  I	  6.1	  0.1	0.000	0.000	0.000
619	  R	  6.1	  0.0	0.337	0.000	0.000
620	  M	  5.4	  0.0	0.337	0.000	0.000
621	  E	  0.8	  0.0	0.337	0.000	0.000
622	  A	  0.3	  0.0	0.337	0.000	0.000
623	  A	  0.2	  0.1	0.337	0.000	0.000
624	  R	  0.2	  0.1	0.337	0.000	0.000
625	  T	 11.2	  0.1	0.000	0.000	0.000
626	  C	 11.9	  0.2	0.000	0.000	0.000
627	  S	 11.9	  0.1	0.000	0.000	0.000
628	  R	  1.3	  0.1	0.000	0.000	0.000
629	  L	  0.8	  0.1	0.000	0.000	0.000
630	  L	  0.9	  0.0	0.000	0.000	0.000
631	  T	  0.5	  0.4	0.000	0.000	0.000
632	  P	  0.2	  0.4	0.000	0.000	0.000
633	  S	  0.8	  0.4	0.000	0.000	0.000
634	  I	  3.5	  0.4	0.000	0.000	0.000
635	  H	  4.5	  0.0	0.000	0.000	0.000
636	  L	  4.2	  0.0	0.000	0.000	0.000
637	  I	  2.8	  0.1	0.000	0.000	0.000
638	  S	  1.8	  0.3	0.000	0.000	0.000
639	  G	  1.4	  0.3	0.000	0.000	0.000
640	  H	  0.4	  0.4	0.000	0.000	0.000
641	  A	  0.7	  0.3	0.000	0.000	0.000
642	  H	  2.9	  0.2	0.000	0.000	0.000
643	  V	  7.2	  0.2	0.000	0.098	0.098
644	  V	  8.7	  0.0	0.000	0.112	0.112
645	  S	  6.8	  0.1	0.000	0.127	0.127
646	  Q	  2.2	  0.1	0.000	0.269	0.269
647	  T	  1.1	  0.1	0.000	5.127	5.127
648	  A	  1.3	  0.1	0.000	14.393	14.393
649	  V	  5.5	  0.0	0.000	25.265	25.265
650	  Q	  5.4	  0.0	0.000	26.163	26.163
651	  V	  9.2	  0.0	0.000	49.592	49.592
652	  V	  5.6	  0.1	0.000	51.571	51.571
653	  A	  4.9	  0.1	0.000	51.580	51.580
654	  D	  0.8	  0.1	0.628	51.568	51.568
655	  V	  3.1	  0.1	0.628	51.568	51.568
656	  L	  3.3	  0.0	0.628	51.568	51.568
657	  S	  3.4	  0.1	0.792	51.568	51.568
658	  K	  0.7	  0.1	0.792	51.568	51.568
659	  L	  1.3	  0.1	0.792	89.551	89.551
660	  L	  3.0	  0.1	0.792	96.422	96.422
661	  V	  3.9	  0.0	0.609	96.264	96.264
662	  V	  3.4	  0.2	0.609	93.722	93.722
663	  G	  1.9	  0.2	0.609	63.956	63.956
664	  I	  1.7	  0.2	0.000	60.989	60.989
665	  T	  1.3	  0.2	0.000	22.373	22.373
666	  D	  1.0	  0.0	0.000	0.000	0.000
667	  P	  0.0	  0.0	0.000	0.000	0.000
668	  D	  0.0	  4.0	0.289	0.000	0.000
669	  P	  0.0	  4.0	0.289	0.000	0.000
670	  D	  1.9	  4.0	0.407	0.000	0.000
671	  I	  5.0	  4.0	0.407	0.000	0.000
672	  R	  5.2	  0.0	0.407	0.000	0.000
673	  Y	  5.7	  0.0	0.407	2.901	2.901
674	  C	  4.1	  0.0	0.117	3.546	3.546
675	  V	  5.0	  0.0	0.117	3.819	3.819
676	  L	  2.8	  0.1	0.117	3.819	3.819
677	  A	  1.7	  0.2	0.117	3.819	3.819
678	  S	  2.9	  0.8	0.327	3.050	3.050
679	  L	  2.8	  0.8	0.210	2.124	2.124
680	  D	  2.4	  0.8	0.490	0.000	0.000
681	  E	  0.3	  0.8	0.490	0.000	0.000
682	  R	  4.0	  0.1	0.490	0.000	0.000
683	  F	  4.8	  0.1	0.490	0.000	0.000
684	  D	  4.6	  0.1	0.696	0.000	0.000
685	  A	  1.2	  0.2	0.696	0.000	0.000
686	  H	  0.6	  0.2	0.696	0.000	0.000
687	  L	  0.6	  0.1	0.696	0.000	0.000
688	  A	  0.4	  0.0	0.696	0.000	0.000
689	  Q	  0.3	  0.0	0.696	0.000	0.000
690	  A	  0.3	  0.3	0.000	0.000	0.000
691	  E	  0.3	  0.3	0.000	0.000	0.000
692	  N	  0.3	  0.3	2.905	0.068	0.068
693	  L	  0.6	  0.3	2.905	3.883	3.883
694	  Q	  0.7	  0.0	2.905	5.716	5.716
695	  A	  0.7	  0.0	2.905	40.132	40.132
696	  L	  1.0	  0.0	2.905	67.624	67.624
697	  F	  3.5	  0.0	2.905	67.813	67.813
698	  V	  6.7	  0.0	2.007	67.725	67.725
699	  A	  6.2	  0.1	2.007	66.171	66.171
700	  L	  3.7	  0.2	1.799	53.662	53.662
701	  N	  0.3	  0.2	1.645	2.158	2.158
702	  D	  0.2	  0.2	0.149	0.000	0.000
703	  Q	  1.2	  0.1	0.000	0.000	0.000
704	  V	  4.5	  0.0	0.000	0.000	0.000
705	  F	  9.9	  0.0	0.000	0.000	0.000
706	  E	  9.8	  0.0	0.137	0.000	0.000
707	  I	  6.8	  0.0	0.137	0.000	0.000
708	  R	  1.5	  0.1	0.137	0.000	0.000
709	  E	  0.5	  0.1	0.137	0.000	0.000
710	  L	  0.5	  0.1	0.137	5.362	5.362
711	  A	  0.6	  0.0	0.137	7.577	7.577
712	  I	  1.4	  0.0	0.137	7.577	7.577
713	  C	  6.5	  0.0	0.137	7.577	7.577
714	  T	  6.9	  0.2	0.000	7.577	7.577
715	  V	  6.1	  0.4	0.000	6.634	6.634
716	  G	  0.6	  0.4	0.000	0.547	0.547
717	  R	  0.5	  0.4	0.000	0.000	0.000
718	  L	  0.7	  0.4	0.000	0.000	0.000
719	  S	  0.8	  0.1	0.000	0.000	0.000
720	  S	  5.9	  0.1	0.000	0.000	0.000
721	  M	  5.7	  0.1	0.000	0.000	0.000
722	  N	  5.6	  0.0	0.000	0.000	0.000
723	  P	  0.1	  0.0	0.000	0.000	0.000
724	  A	  0.3	  0.0	0.000	0.000	0.000
725	  F	  3.9	  0.0	0.000	0.000	0.000
726	  V	  4.4	  0.0	0.000	0.000	0.000
727	  M	  4.1	  0.0	0.341	0.000	0.000
728	  P	  0.5	  0.0	1.831	0.000	0.000
729	  F	  1.1	  0.0	2.026	0.000	0.000
730	  L	  1.3	  0.0	2.026	0.000	0.000
731	  R	  1.7	  0.0	2.026	0.000	0.000
732	  K	  0.9	  0.0	2.026	0.143	0.143
733	  M	  1.7	  0.0	2.026	10.534	10.534
734	  L	  1.5	  0.0	2.026	35.083	35.083
735	  I	  2.3	  0.0	1.910	35.307	35.307
736	  Q	  2.2	  0.0	1.910	35.307	35.307
737	  I	  3.9	  0.0	0.523	35.307	35.307
738	  L	  2.7	  0.0	0.523	35.150	35.150
739	  T	  1.9	  0.1	0.391	13.338	13.338
740	  E	  0.3	  0.1	0.391	0.143	0.143
741	  L	  0.6	  0.1	0.241	0.143	0.143
742	  E	  0.7	  0.2	0.241	0.000	0.000
743	  H	  0.5	  0.4	0.126	0.000	0.000
744	  S	  0.2	  0.7	0.126	0.000	0.000
745	  G	  0.1	  0.8	0.164	0.000	0.000
746	  I	  0.2	  0.9	0.164	0.000	0.000
747	  G	  0.2	  0.6	0.413	0.000	0.000
748	  R	  2.9	  0.3	0.413	0.000	0.000
749	  I	  3.6	  0.2	0.413	0.000	0.000
750	  K	  3.6	  0.1	0.535	0.000	0.000
751	  E	  0.9	  0.1	0.535	0.000	0.000
752	  Q	  0.2	  0.2	0.535	0.000	0.000
753	  S	  0.9	  0.1	0.549	0.000	0.000
754	  A	  1.1	  0.1	0.549	0.000	0.000
755	  R	  1.5	  0.0	0.549	0.000	0.000
756	  M	  0.9	  0.1	0.549	0.000	0.000
757	  L	  0.7	  0.2	0.427	0.000	0.000
758	  G	  0.2	  0.2	0.427	0.000	0.000
759	  H	  0.9	  0.2	0.303	0.000	0.000
760	  L	  1.6	  0.1	0.000	0.000	0.000
761	  V	  1.9	  0.1	0.000	0.000	0.000
762	  S	  1.1	  0.1	0.000	0.000	0.000
763	  N	  0.3	  0.1	0.000	0.000	0.000
764	  A	  0.0	  0.3	0.000	0.000	0.000
765	  P	  0.0	  0.2	0.000	0.000	0.000
766	  R	  0.7	  0.2	0.000	0.000	0.000
767	  L	  1.0	  0.2	0.000	0.000	0.000
768	  I	  1.5	  0.0	0.000	0.000	0.000
769	  R	  0.9	  0.1	0.000	0.000	0.000
770	  P	  0.5	  0.1	0.000	0.000	0.000
771	  Y	  1.8	  0.1	0.000	0.000	0.000
772	  M	  1.9	  0.1	0.235	0.000	0.000
773	  E	  1.9	  0.0	5.643	0.000	0.000
774	  P	  0.1	  0.0	7.130	0.000	0.000
775	  I	  0.8	  0.0	8.708	0.000	0.000
776	  L	  1.1	  0.0	9.164	0.000	0.000
777	  K	  1.2	  0.0	9.463	0.000	0.000
778	  A	  0.7	  0.0	9.463	0.000	0.000
779	  L	  1.6	  0.0	9.329	0.000	0.000
780	  I	  2.2	  0.0	9.209	0.000	0.000
781	  L	  3.3	  0.0	9.209	0.000	0.000
782	  K	  3.1	  0.0	7.940	0.000	0.000
783	  L	  2.6	  0.0	4.812	0.000	0.000
784	  K	  1.3	  0.0	3.313	0.000	0.000
785	  D	  0.3	  0.0	0.270	0.000	0.000
786	  P	  0.0	  0.0	0.000	0.000	0.000
787	  D	  0.0	  0.0	0.000	0.000	0.000
788	  P	  0.0	  0.0	0.000	0.000	0.000
789	  D	  0.0	  0.0	0.000	0.000	0.000
790	  P	  0.0	  0.0	0.000	0.000	0.000
791	  N	  0.0	  1.1	0.000	0.000	0.000
792	  P	  0.0	  1.1	0.000	0.000	0.000
793	  G	  0.1	  1.1	0.000	0.124	0.124
794	  V	  6.2	  1.2	0.000	3.367	3.367
795	  I	  6.4	  0.1	0.000	3.484	3.484
796	  N	  6.4	  0.1	0.000	3.484	3.484
797	  N	  0.4	  0.1	0.000	3.762	3.762
798	  V	  1.4	  0.0	0.000	11.542	11.542
799	  L	  1.3	  0.0	0.000	11.414	11.414
800	  A	  2.0	  0.0	0.000	10.726	10.726
801	  T	  1.3	  0.1	1.804	10.145	10.145
802	  I	  1.3	  0.3	1.804	9.800	9.800
803	  G	  0.4	  0.4	1.930	0.766	0.766
804	  E	  0.1	  0.4	1.930	0.000	0.000
805	  L	  0.1	  0.3	1.930	0.000	0.000
806	  A	  0.3	  0.1	1.930	0.000	0.000
807	  Q	  0.7	  0.0	1.930	0.000	0.000
808	  V	  1.3	  0.1	0.597	0.000	0.000
809	  S	  1.2	  0.1	1.331	0.000	0.000
810	  G	  0.7	  0.1	1.318	0.000	0.000
811	  L	  0.8	  0.1	1.190	0.000	0.000
812	  E	  1.0	  0.1	1.359	0.000	0.000
813	  M	  1.3	  0.0	1.359	0.000	0.000
814	  R	  1.0	  0.0	1.359	0.000	0.000
815	  K	  1.1	  0.0	0.936	0.000	0.000
816	  W	  1.6	  0.0	0.517	0.000	0.000
817	  V	  1.3	  0.0	0.170	0.000	0.000
818	  D	  1.0	  0.1	4.994	0.000	0.000
819	  E	  0.3	  0.1	5.612	0.000	0.000
820	  L	  0.7	  0.1	5.612	68.951	68.951
821	  F	  2.0	  0.1	5.612	87.354	87.354
822	  I	  6.9	  0.0	5.442	87.354	87.354
823	  I	 12.0	  0.0	5.442	87.354	87.354
824	  I	 11.2	  0.1	5.442	87.354	87.354
825	  M	  7.5	  0.1	5.442	55.145	55.145
826	  D	  1.7	  0.1	4.531	0.000	0.000
827	  M	  1.4	  0.1	3.183	0.000	0.000
828	  L	  0.4	  0.1	2.830	0.000	0.000
829	  Q	  0.5	  0.2	2.512	0.000	0.000
830	  D	  0.3	  0.9	2.043	0.000	0.000
831	  S	  0.2	  1.0	3.021	0.000	0.000
832	  S	  0.3	  0.8	4.773	0.000	0.000
833	  L	  0.5	  0.8	4.773	0.000	0.000
834	  L	  0.5	  0.1	4.773	0.000	0.000
835	  A	  0.4	  0.0	4.773	0.000	0.000
836	  K	  0.5	  0.1	4.773	0.000	0.000
837	  R	  1.0	  0.1	2.606	0.000	0.000
838	  Q	  1.1	  0.1	0.967	0.829	0.829
839	  V	  4.1	  0.0	0.000	63.030	63.030
840	  A	  3.7	  0.0	0.000	65.459	65.459
841	  L	  3.8	  0.0	0.000	66.900	66.900
842	  W	  3.2	  0.0	0.000	67.130	67.130
843	  T	  3.1	  0.2	0.438	67.130	67.130
844	  L	  2.9	  0.2	0.438	66.179	66.179
845	  G	  0.1	  0.3	0.578	59.697	59.697
846	  Q	  0.8	  0.2	0.578	59.048	59.048
847	  L	  1.7	  0.1	0.578	60.539	60.539
848	  V	  4.1	  0.1	0.578	60.680	60.680
849	  A	  3.5	  0.3	0.578	58.875	58.875
850	  S	  2.6	  0.4	0.390	57.352	57.352
851	  T	  0.3	  0.4	0.000	57.430	57.430
852	  G	  0.1	  0.3	0.000	57.274	57.274
853	  Y	  2.3	  0.1	0.000	57.274	57.274
854	  V	 11.9	  0.0	0.000	57.226	57.226
855	  V	 12.6	  0.0	0.000	52.792	52.792
856	  E	 10.4	  0.0	0.257	0.000	0.000
857	  P	  0.7	  0.0	0.257	0.000	0.000
858	  Y	  1.3	  0.0	0.257	0.000	0.000
859	  R	  2.0	  0.0	0.257	0.000	0.000
860	  K	  2.1	  0.0	0.257	0.000	0.000
861	  Y	  0.8	  0.5	0.618	0.000	0.000
862	  P	  0.1	  0.5	0.618	0.000	0.000
863	  T	  0.7	  0.5	15.196	0.454	0.454
864	  L	  0.7	  0.5	16.263	1.226	1.226
865	  L	  2.1	  0.0	17.041	1.368	1.368
866	  E	  1.9	  0.0	17.041	1.368	1.368
867	  V	  5.0	  0.0	17.041	58.546	58.546
868	  L	  4.0	  0.2	17.041	62.653	62.653
869	  L	  5.0	  0.2	16.892	62.653	62.653
870	  N	  1.9	  0.2	16.675	62.653	62.653
871	  F	  2.2	  0.2	9.771	62.653	62.653
872	  L	  0.9	  0.0	3.217	53.799	53.799
873	  K	  1.1	  0.1	2.730	1.368	1.368
874	  T	  0.6	  0.2	0.284	0.510	0.510
875	  E	  0.6	  0.2	0.284	0.000	0.000
876	  Q	  0.5	  0.2	0.161	0.000	0.000
877	  N	  0.4	  0.6	0.747	0.000	0.000
878	  Q	  0.3	  0.6	0.747	0.000	0.000
879	  G	  0.0	  0.5	0.747	0.000	0.000
880	  T	  0.9	  0.5	1.420	0.000	0.000
881	  R	  1.0	  0.2	1.420	0.000	0.000
882	  R	  1.0	  0.1	1.420	0.000	0.000
883	  E	  0.2	  0.1	1.420	0.000	0.000
884	  A	  0.5	  0.1	1.217	0.000	0.000
885	  I	  7.6	  0.0	1.086	0.000	0.000
886	  R	  9.2	  0.0	1.086	0.000	0.000
887	  V	  9.3	  0.0	0.709	15.642	15.642
888	  L	  2.4	  0.0	0.709	16.665	16.665
889	  G	  0.7	  0.0	0.418	16.665	16.665
890	  L	  0.2	  0.0	0.143	16.901	16.901
891	  L	  0.1	  0.2	0.000	16.901	16.901
892	  G	  0.1	  0.1	0.000	13.599	13.599
893	  A	  0.3	  0.1	0.000	13.301	13.301
894	  L	  0.4	  0.1	0.000	11.279	11.279
895	  D	  0.4	  0.5	0.379	0.000	0.000
896	  P	  0.1	  0.5	0.379	0.000	0.000
897	  Y	  0.5	  0.6	0.379	0.000	0.000
898	  K	  0.7	  0.6	0.379	0.000	0.000
899	  H	  1.9	  0.1	0.379	0.000	0.000
900	  K	  3.2	  0.1	0.379	0.000	0.000
901	  V	  9.7	  0.0	0.140	0.855	0.855
902	  N	  8.6	  0.1	0.140	0.855	0.855
903	  I	  7.1	  0.1	0.000	0.855	0.855
904	  G	  0.3	  0.1	0.000	0.855	0.855
905	  M	  0.8	  0.1	0.000	0.855	0.855
906	  I	  1.7	  0.0	0.000	0.855	0.855
907	  D	  1.8	  1.1	0.116	0.000	0.000
908	  Q	  1.3	  1.2	0.116	0.000	0.000
909	  S	  0.4	  2.6	0.116	0.000	0.000
910	  R	  0.4	  2.6	0.116	0.000	0.000
911	  D	  0.3	  3.5	0.116	0.000	0.000
912	  A	  0.2	  3.4	0.116	0.000	0.000
913	  S	  0.4	  2.0	0.116	0.000	0.000
914	  A	  0.9	  2.0	0.000	0.000	0.000
915	  V	  5.8	  0.0	0.000	0.000	0.000
916	  S	 10.6	  0.3	0.000	0.000	0.000
917	  L	 10.2	  0.3	0.000	0.000	0.000
918	  S	  6.0	  1.2	0.000	0.000	0.000
919	  E	  0.6	  1.2	0.000	0.000	0.000
920	  S	  2.8	  1.7	0.000	0.000	0.000
921	  K	  2.8	  1.7	0.000	0.000	0.000
922	  S	  2.6	  0.9	0.000	0.000	0.000
923	  S	  0.9	  2.2	0.000	0.000	0.000
924	  Q	  0.9	  1.5	0.000	0.000	0.000
925	  D	  0.8	  3.2	0.000	0.000	0.000
926	  S	  0.2	  5.0	0.000	0.000	0.000
927	  S	  0.1	  3.8	0.000	0.000	0.000
928	  D	  0.6	  4.0	0.105	0.000	0.000
929	  Y	  1.4	  2.2	0.105	0.000	0.000
930	  S	  3.3	  0.5	4.272	0.000	0.000
931	  T	  2.9	  0.6	4.671	0.000	0.000
932	  S	  2.1	  0.3	5.850	0.000	0.000
933	  E	  0.2	  0.2	5.850	0.000	0.000
934	  M	  1.1	  0.1	5.850	0.000	0.000
935	  L	  1.7	  0.0	5.850	0.000	0.000
936	  V	  5.2	  0.0	5.631	0.000	0.000
937	  N	  4.2	  0.2	5.631	0.000	0.000
938	  M	  3.6	  0.9	2.572	0.000	0.000
939	  G	  0.0	  0.9	1.606	0.000	0.000
940	  N	  0.1	  0.9	0.206	0.000	0.000
941	  L	  0.1	  0.9	0.000	0.000	0.000
942	  P	  0.1	  0.1	0.000	0.000	0.000
943	  L	  0.0	  0.2	0.000	0.000	0.000
944	  D	  0.1	  0.2	0.000	0.000	0.000
945	  E	  0.9	  0.1	0.000	0.000	0.000
946	  F	  1.1	  0.1	0.000	0.000	0.000
947	  Y	  1.0	  0.1	0.000	0.000	0.000
948	  P	  0.2	  0.1	0.480	0.000	0.000
949	  A	  0.5	  0.1	0.480	4.519	4.519
950	  V	  4.8	  0.1	0.585	8.842	8.842
951	  S	  5.2	  0.0	10.807	9.140	9.140
952	  M	  5.6	  0.0	10.807	10.419	10.419
953	  V	  4.1	  0.0	10.951	10.419	10.419
954	  A	  4.0	  0.0	11.150	9.607	9.607
955	  L	  3.2	  0.0	11.150	8.100	8.100
956	  M	  4.8	  0.0	11.150	4.914	4.914
957	  R	  7.1	  0.0	9.942	0.000	0.000
958	  I	  8.2	  0.0	7.767	0.000	0.000
959	  F	  4.5	  0.2	7.767	0.000	0.000
960	  R	  1.9	  0.2	3.292	0.000	0.000
961	  D	  0.7	  0.6	1.853	0.000	0.000
962	  Q	  0.3	  0.7	0.790	0.000	0.000
963	  S	  5.8	  0.8	0.298	0.000	0.000
964	  L	  6.4	  0.9	0.091	0.000	0.000
965	  S	  6.7	  0.4	0.000	0.000	0.000
966	  H	  2.0	  0.4	0.000	0.000	0.000
967	  H	  1.8	  0.1	0.000	0.000	0.000
968	  H	  2.4	  0.1	0.000	0.126	0.126
969	  T	  3.1	  0.1	0.000	17.531	17.531
970	  M	  4.7	  0.0	0.000	50.269	50.269
971	  V	  7.0	  0.0	0.000	82.380	82.380
972	  V	  6.6	  0.0	0.000	85.102	85.102
973	  Q	  4.5	  0.0	0.000	85.333	85.333
974	  A	  1.4	  0.0	0.000	91.117	91.117
975	  I	 15.7	  0.0	0.000	97.437	97.437
976	  T	 17.7	  0.0	0.114	97.229	97.229
977	  F	 17.9	  0.0	0.114	97.101	97.101
978	  I	  3.2	  0.0	0.114	95.529	95.529
979	  F	  1.8	  0.2	0.114	88.801	88.801
980	  K	  1.4	  0.3	0.114	0.000	0.000
981	  S	  1.2	  0.3	0.114	0.000	0.000
982	  L	  0.4	  0.4	0.000	0.000	0.000
983	  G	  0.3	  0.1	0.158	0.000	0.000
984	  L	  2.2	  0.0	0.158	0.000	0.000
985	  K	  2.9	  0.0	0.158	0.000	0.000
986	  C	  5.6	  0.0	0.158	0.000	0.000
987	  V	  6.8	  0.0	0.158	0.000	0.000
988	  Q	  8.2	  0.0	0.158	0.000	0.000
989	  F	  5.7	  0.0	0.000	0.000	0.000
990	  L	  2.4	  0.1	0.000	0.000	0.000
991	  P	  0.2	  0.1	0.000	0.000	0.000
992	  Q	  1.1	  0.1	0.000	0.000	0.000
993	  V	  1.6	  0.1	0.000	0.000	0.000
994	  M	  1.6	  0.6	0.000	0.000	0.000
995	  P	  0.5	  0.6	0.000	0.000	0.000
996	  T	  3.2	  0.6	0.000	4.476	4.476
997	  F	  4.2	  0.7	0.000	11.369	11.369
998	  L	  7.1	  0.2	0.000	11.369	11.369
999	  N	  7.0	  0.2	0.000	11.369	11.369
1000	  V	  9.0	  0.2	0.000	11.369	11.369
1001	  I	 12.5	  0.0	0.000	10.994	10.994
1002	  R	  9.5	  0.0	0.000	0.000	0.000
1003	  V	  7.1	  0.1	0.000	0.000	0.000
1004	  C	  0.8	  0.5	2.011	0.000	0.000
1005	  D	  0.7	  0.6	2.295	0.000	0.000
1006	  G	  0.1	  0.6	3.763	0.000	0.000
1007	  A	  0.5	  0.5	3.763	0.463	0.463
1008	  I	  0.8	  0.1	3.763	0.769	0.769
1009	  R	  1.0	  0.1	3.763	0.769	0.769
1010	  E	  0.6	  0.1	3.763	0.769	0.769
1011	  F	  1.0	  0.1	3.566	25.799	25.799
1012	  L	  1.1	  0.0	2.621	30.459	30.459
1013	  F	  2.8	  0.1	2.508	30.564	30.564
1014	  Q	  2.5	  0.2	1.604	30.244	30.244
1015	  Q	  2.3	  0.2	1.125	30.465	30.465
1016	  L	  0.5	  0.2	0.822	37.483	37.483
1017	  G	  0.2	  0.1	0.822	38.116	38.116
1018	  M	  1.1	  0.0	0.322	50.688	50.688
1019	  L	  1.8	  0.0	0.000	60.896	60.896
1020	  V	  5.9	  0.0	0.000	60.646	60.646
1021	  S	  5.7	  0.0	0.000	56.838	56.838
1022	  F	  6.9	  0.0	0.000	56.366	56.366
1023	  V	  5.4	  0.0	0.000	52.811	52.811
1024	  K	  4.7	  0.1	0.000	0.000	0.000
1025	  S	  3.8	  0.1	0.000	0.000	0.000
1026	  H	 12.8	  0.1	0.000	0.000	0.000
1027	  I	 12.9	  0.0	0.000	0.000	0.000
1028	  R	 12.0	  0.1	0.000	0.000	0.000
1029	  P	  0.5	  0.1	0.000	0.000	0.000
1030	  Y	  1.0	  0.2	0.000	0.000	0.000
1031	  M	  1.0	  0.2	0.000	0.000	0.000
1032	  D	  1.0	  0.1	0.817	0.000	0.000
1033	  E	  0.4	  0.1	0.817	0.000	0.000
1034	  I	  4.6	  0.0	0.817	10.812	10.812
1035	  V	 11.7	  0.0	0.817	11.148	11.148
1036	  T	 12.2	  0.0	1.187	11.148	11.148
1037	  L	  8.2	  0.0	1.187	11.279	11.279
1038	  M	  1.1	  0.1	1.187	11.279	11.279
1039	  R	  0.3	  0.1	0.901	1.860	1.860
1040	  E	  0.6	  0.1	0.654	1.860	1.860
1041	  F	  1.6	  0.1	0.654	14.354	14.354
1042	  W	  2.5	  0.0	0.221	14.449	14.449
1043	  V	  5.9	  0.0	0.221	14.453	14.453
1044	  M	  5.3	  0.1	0.221	13.606	13.606
1045	  N	  4.5	  0.2	0.221	12.647	12.647
1046	  T	  1.0	  0.2	0.000	11.245	11.245
1047	  S	  1.0	  0.1	0.000	10.639	10.639
1048	  I	  1.0	  0.1	0.000	12.259	12.259
1049	  Q	  0.8	  0.1	0.000	11.513	11.513
1050	  S	  0.8	  0.1	0.295	15.497	15.497
1051	  T	  3.0	  0.1	0.605	46.493	46.493
1052	  I	  8.8	  0.0	0.605	94.218	94.218
1053	  I	 11.2	  0.0	0.605	94.218	94.218
1054	  L	  9.7	  0.0	0.605	94.138	94.138
1055	  L	  4.0	  0.0	0.605	93.532	93.532
1056	  I	  1.4	  0.0	0.605	89.682	89.682
1057	  E	  0.6	  0.0	0.605	0.000	0.000
1058	  Q	  1.9	  0.0	0.296	0.391	0.391
1059	  I	 10.2	  0.0	0.000	60.952	60.952
1060	  V	 14.3	  0.0	0.000	61.499	61.499
1061	  V	 16.0	  0.0	0.000	61.499	61.499
1062	  A	  7.5	  0.0	0.000	61.499	61.499
1063	  L	  3.3	  0.6	0.000	61.441	61.441
1064	  G	  0.1	  0.8	0.000	2.993	2.993
1065	  G	  0.0	  0.8	0.000	0.589	0.589
1066	  E	  3.2	  0.8	0.000	0.417	0.417
1067	  F	  4.6	  0.2	0.000	0.417	0.417
1068	  K	  4.9	  0.0	0.000	0.417	0.417
1069	  L	  3.2	  0.0	0.000	0.417	0.417
1070	  Y	  1.9	  0.0	0.000	0.339	0.339
1071	  L	  1.7	  0.2	0.000	0.000	0.000
1072	  P	  0.2	  0.2	0.000	0.000	0.000
1073	  Q	  0.5	  0.2	0.000	0.000	0.000
1074	  L	  0.6	  0.2	0.000	0.000	0.000
1075	  I	  0.6	  0.0	0.000	0.000	0.000
1076	  P	  0.1	  0.0	0.000	0.000	0.000
1077	  H	  0.6	  0.0	0.000	0.000	0.000
1078	  M	  0.8	  0.0	0.000	0.000	0.000
1079	  L	  3.0	  0.0	0.000	0.000	0.000
1080	  R	  5.1	  0.0	0.000	0.000	0.000
1081	  V	  8.7	  0.0	0.000	0.000	0.000
1082	  F	  7.3	  0.0	0.000	0.000	0.000
1083	  M	  4.7	  0.1	0.000	0.000	0.000
1084	  H	  1.0	  0.4	0.000	0.000	0.000
1085	  D	  0.3	  0.4	0.000	0.000	0.000
1086	  N	  0.1	  0.4	0.000	0.000	0.000
1087	  S	  0.0	  3.0	0.219	0.000	0.000
1088	  P	  0.0	  2.8	0.219	0.000	0.000
1089	  G	  0.1	  2.8	0.489	0.000	0.000
1090	  R	  4.4	  2.8	0.489	0.000	0.000
1091	  I	  7.0	  0.0	0.489	0.320	0.320
1092	  V	  9.9	  0.0	0.799	0.320	0.320
1093	  S	  6.3	  0.0	7.334	0.320	0.320
1094	  I	  8.3	  0.0	7.429	0.320	0.320
1095	  K	  5.5	  0.0	8.190	0.320	0.320
1096	  L	  5.0	  0.0	8.531	17.205	17.205
1097	  L	  0.5	  0.0	8.531	19.458	19.458
1098	  A	  0.4	  0.0	8.683	20.363	20.363
1099	  A	  0.4	  0.0	8.382	21.530	21.530
1100	  I	  1.7	  0.0	7.799	21.738	21.738
1101	  Q	  2.6	  0.0	7.799	17.939	17.939
1102	  L	  2.6	  0.2	4.769	17.791	17.791
1103	  F	  1.4	  0.8	3.865	16.838	16.838
1104	  G	  0.3	  1.1	1.310	3.178	3.178
1105	  A	  0.2	  1.1	0.174	1.932	1.932
1106	  N	  0.3	  2.3	0.322	0.961	0.961
1107	  L	  0.4	  2.1	0.322	0.747	0.747
1108	  D	  0.4	  1.7	0.789	0.320	0.320
1109	  D	  0.2	  1.7	1.378	0.000	0.000
1110	  Y	  0.7	  0.4	1.504	0.000	0.000
1111	  L	  1.8	  0.0	1.504	0.000	0.000
1112	  H	  2.3	  0.0	1.504	0.000	0.000
1113	  L	  3.6	  0.0	1.504	0.000	0.000
1114	  L	  2.5	  0.0	1.504	0.000	0.000
1115	  L	  2.0	  0.0	1.504	0.000	0.000
1116	  P	  0.0	  0.0	0.217	0.000	0.000
1117	  P	  0.0	  0.0	0.217	0.000	0.000
1118	  I	  2.8	  0.0	0.217	0.886	0.886
1119	  V	 10.0	  0.0	0.217	0.886	0.886
1120	  K	 10.2	  0.0	0.217	0.886	0.886
1121	  L	  7.8	  0.0	0.217	0.886	0.886
1122	  F	  2.5	  0.0	0.217	0.886	0.886
1123	  D	  2.2	  0.0	0.000	0.886	0.886
1124	  A	  1.9	  0.2	0.000	0.000	0.000
1125	  P	  0.0	  0.2	0.000	0.000	0.000
1126	  E	  0.0	  0.2	0.000	0.000	0.000
1127	  A	  0.0	  0.2	0.000	0.000	0.000
1128	  P	  0.0	  0.0	0.000	0.000	0.000
1129	  L	  0.0	  0.4	0.000	0.000	0.000
1130	  P	  0.0	  0.4	0.000	0.000	0.000
1131	  S	  0.1	  0.5	0.459	0.000	0.000
1132	  R	  0.2	  0.5	0.459	0.000	0.000
1133	  K	  0.4	  0.2	0.459	0.000	0.000
1134	  A	  0.4	  0.1	0.459	0.000	0.000
1135	  A	  0.4	  0.0	0.459	0.000	0.000
1136	  L	  0.3	  0.1	0.459	0.000	0.000
1137	  E	  0.2	  0.1	0.273	0.000	0.000
1138	  T	  5.0	  0.1	0.000	0.000	0.000
1139	  V	  5.1	  0.1	0.000	0.000	0.000
1140	  D	  5.1	  0.1	0.593	0.000	0.000
1141	  R	  0.9	  0.1	0.593	0.000	0.000
1142	  L	  0.7	  0.1	0.593	0.000	0.000
1143	  T	  1.0	  0.2	0.593	0.000	0.000
1144	  E	  0.3	  0.2	0.593	0.000	0.000
1145	  S	  2.7	  1.0	0.593	0.000	0.000
1146	  L	  3.7	  1.0	0.000	0.000	0.000
1147	  D	  4.5	  0.9	0.139	0.000	0.000
1148	  F	  3.8	  0.9	0.139	0.000	0.000
1149	  T	  2.9	  0.1	0.390	0.000	0.000
1150	  D	  2.2	  0.1	0.504	0.000	0.000
1151	  Y	  1.3	  0.2	0.504	0.000	0.000
1152	  A	  1.0	  0.2	0.504	0.000	0.000
1153	  S	  1.3	  0.2	0.504	0.000	0.000
1154	  R	  6.1	  0.2	0.365	0.000	0.000
1155	  I	  7.6	  0.0	0.246	0.000	0.000
1156	  I	  7.4	  0.0	0.246	0.000	0.000
1157	  H	  1.9	  0.0	0.246	0.000	0.000
1158	  P	  0.2	  0.0	0.000	0.000	0.000
1159	  I	  4.9	  0.0	0.000	0.000	0.000
1160	  V	  5.6	  0.0	0.000	0.000	0.000
1161	  R	  5.9	  0.0	0.000	0.000	0.000
1162	  T	  2.5	  0.0	0.000	0.000	0.000
1163	  L	  1.9	  0.1	0.000	0.000	0.000
1164	  D	  1.7	  0.0	0.000	0.000	0.000
1165	  Q	  0.3	  0.0	0.000	0.000	0.000
1166	  S	  0.1	  0.4	0.627	0.000	0.000
1167	  P	  0.0	  0.4	0.627	0.000	0.000
1168	  E	  0.3	  0.4	0.627	0.000	0.000
1169	  L	  0.8	  0.4	0.627	0.000	0.000
1170	  R	  1.2	  0.2	0.627	0.000	0.000
1171	  S	  1.1	  0.1	0.627	0.000	0.000
1172	  T	  1.0	  0.1	0.000	0.000	0.000
1173	  A	  0.8	  0.2	0.000	0.000	0.000
1174	  M	  0.9	  0.2	0.000	0.000	0.000
1175	  D	  0.4	  0.2	0.000	0.000	0.000
1176	  T	  5.9	  0.2	0.329	2.104	2.104
1177	  L	  5.9	  0.2	0.329	5.642	5.642
1178	  S	  6.0	  0.2	0.617	6.325	6.325
1179	  S	  0.8	  0.1	1.121	6.970	6.970
1180	  L	  1.6	  0.1	1.121	10.441	10.441
1181	  V	  5.9	  0.0	1.121	10.441	10.441
1182	  F	  8.8	  0.1	1.121	10.441	10.441
1183	  Q	  7.7	  0.1	0.913	7.585	7.585
1184	  L	  3.5	  0.2	0.913	7.370	7.370
1185	  G	  0.1	  0.2	0.913	0.000	0.000
1186	  K	  0.1	  0.1	0.557	0.000	0.000
1187	  K	  1.0	  0.1	0.000	0.000	0.000
1188	  Y	  5.1	  0.1	0.000	0.000	0.000
1189	  Q	  6.4	  0.0	0.000	0.000	0.000
1190	  I	  7.1	  0.0	0.000	0.000	0.000
1191	  F	  3.2	  0.0	0.000	0.000	0.000
1192	  I	  1.9	  0.0	0.000	0.000	0.000
1193	  P	  0.2	  0.0	0.000	0.000	0.000
1194	  M	  0.8	  0.0	0.000	0.000	0.000
1195	  V	  1.1	  0.0	0.000	0.000	0.000
1196	  N	  1.3	  0.0	0.213	0.000	0.000
1197	  K	  1.4	  0.0	0.213	0.000	0.000
1198	  V	  7.3	  0.0	0.213	0.000	0.000
1199	  L	  7.4	  0.0	0.213	0.000	0.000
1200	  V	  8.4	  0.0	0.213	0.000	0.000
1201	  R	  2.5	  0.0	0.213	0.000	0.000
1202	  H	  4.8	  0.0	0.000	0.000	0.000
1203	  R	 17.3	  0.0	0.000	0.000	0.000
1204	  I	 17.3	  0.0	0.000	0.000	0.000
1205	  N	 15.1	  0.0	0.000	0.000	0.000
1206	  H	  0.9	  0.1	0.000	0.000	0.000
1207	  Q	  1.1	  0.1	0.000	0.000	0.000
1208	  R	  4.7	  0.1	0.000	0.000	0.000
1209	  Y	  7.8	  0.1	0.000	0.264	0.264
1210	  D	  7.3	  0.0	0.393	0.264	0.264
1211	  V	  6.4	  0.0	0.502	0.264	0.264
1212	  L	  3.6	  0.0	0.502	0.264	0.264
1213	  I	  4.3	  0.0	0.502	0.264	0.264
1214	  C	  4.5	  0.0	0.502	0.264	0.264
1215	  R	  8.4	  0.0	0.502	0.264	0.264
1216	  I	 10.2	  0.0	0.502	0.264	0.264
1217	  V	  7.9	  1.5	0.502	0.264	0.264
1218	  K	  3.1	  1.5	0.502	0.000	0.000
1219	  G	  0.7	  1.5	0.215	0.000	0.000
1220	  Y	  4.8	  1.5	0.119	0.000	0.000
1221	  T	  5.3	  0.0	0.000	0.000	0.000
1222	  L	  5.2	  0.3	0.000	0.000	0.000
1223	  A	  0.5	  0.3	0.000	0.000	0.000
1224	  D	  0.0	  0.5	0.000	0.000	0.000
1225	  E	  0.0	  0.5	0.000	0.000	0.000
1226	  E	  0.1	  0.3	0.000	0.000	0.000
1227	  E	  0.1	  0.2	0.000	0.000	0.000
1228	  D	  0.1	  0.2	2.543	0.000	0.000
1229	  P	  0.0	  0.1	2.543	0.000	0.000
1230	  L	  0.5	  0.1	2.543	0.000	0.000
1231	  I	  1.9	  0.1	2.543	0.000	0.000
1232	  Y	  3.7	  0.0	2.543	0.000	0.000
1233	  Q	  3.5	  0.1	2.543	0.000	0.000
1234	  H	  2.7	  0.1	1.845	0.000	0.000
1235	  R	  1.4	  0.1	1.564	0.000	0.000
1236	  M	  1.2	  0.0	1.564	0.000	0.000
1237	  L	  1.2	  0.2	1.244	0.000	0.000
1238	  R	  0.9	  0.6	0.916	0.000	0.000
1239	  S	  0.7	  0.8	0.589	0.000	0.000
1240	  G	  0.2	  1.1	0.000	0.000	0.000
1241	  Q	  0.0	  1.4	0.000	0.000	0.000
1242	  G	  0.0	  1.1	0.435	0.000	0.000
1243	  D	  0.0	  1.0	1.027	0.000	0.000
1244	  A	  0.1	  0.7	1.027	0.000	0.000
1245	  L	  0.2	  0.6	1.027	0.000	0.000
1246	  A	  0.3	  0.6	1.027	0.000	0.000
1247	  S	  0.2	  0.5	1.027	0.000	0.000
1248	  G	  0.1	  0.5	0.764	0.000	0.000
1249	  P	  0.0	  0.0	0.000	0.000	0.000
1250	  V	  0.7	  0.2	0.000	0.000	0.000
1251	  E	  0.7	  0.1	0.000	0.000	0.000
1252	  T	  0.7	  0.3	0.000	0.000	0.000
1253	  G	  0.0	  0.4	0.323	0.000	0.000
1254	  P	  0.0	  0.3	0.323	0.000	0.000
1255	  M	  0.1	  0.3	0.323	0.000	0.000
1256	  K	  0.2	  0.2	0.323	0.000	0.000
1257	  K	  0.8	  0.1	0.323	0.000	0.000
1258	  L	  1.9	  0.1	0.323	0.000	0.000
1259	  H	  3.3	  0.1	0.125	0.000	0.000
1260	  V	  3.6	  0.1	0.000	0.000	0.000
1261	  S	  2.8	  0.1	0.585	0.000	0.000
1262	  T	  6.6	  0.1	0.729	0.000	0.000
1263	  I	  9.8	  0.0	0.729	0.000	0.000
1264	  N	  9.6	  0.0	1.696	0.000	0.000
1265	  L	  4.6	  0.0	1.696	0.000	0.000
1266	  Q	  0.5	  0.0	1.696	0.000	0.000
1267	  K	  0.3	  0.2	1.313	0.000	0.000
1268	  A	  0.2	  0.3	0.966	0.000	0.000
1269	  W	  0.3	  0.4	0.966	0.000	0.000
1270	  G	  0.2	  0.4	0.786	0.000	0.000
1271	  A	  0.2	  0.2	0.494	0.000	0.000
1272	  A	  0.3	  0.1	0.280	0.000	0.000
1273	  R	  1.0	  0.0	0.164	0.000	0.000
1274	  R	  1.8	  0.0	0.164	0.000	0.000
1275	  V	  2.3	  0.0	0.164	0.000	0.000
1276	  S	  1.8	  1.3	4.024	0.000	0.000
1277	  K	  0.9	  1.5	4.650	0.000	0.000
1278	  D	  0.3	  1.5	22.802	0.000	0.000
1279	  D	  0.1	  1.5	33.712	0.000	0.000
1280	  W	  0.3	  0.2	39.215	0.000	0.000
1281	  L	  0.6	  0.0	41.423	0.000	0.000
1282	  E	  0.6	  0.0	42.189	0.000	0.000
1283	  W	  0.7	  0.0	42.414	0.000	0.000
1284	  L	  0.5	  0.0	42.325	0.000	0.000
1285	  R	  0.7	  0.0	42.093	0.000	0.000
1286	  R	  0.6	  0.0	40.743	0.000	0.000
1287	  L	  1.5	  0.0	37.235	0.000	0.000
1288	  S	  1.9	  0.0	34.545	0.000	0.000
1289	  L	  2.0	  0.0	28.860	0.000	0.000
1290	  E	  1.0	  0.0	26.358	0.000	0.000
1291	  L	  0.6	  0.0	24.461	0.000	0.000
1292	  L	  0.3	  0.2	21.481	0.000	0.000
1293	  K	  0.3	  0.2	17.849	0.000	0.000
1294	  D	  0.2	  1.2	4.896	0.000	0.000
1295	  S	  1.3	  1.2	0.936	0.000	0.000
1296	  S	  1.3	  1.1	0.082	0.000	0.000
1297	  S	  1.3	  3.6	0.180	0.000	0.000
1298	  P	  0.1	  2.6	0.180	0.000	0.000
1299	  S	  1.8	  2.6	0.180	0.000	0.000
1300	  L	  2.3	  2.7	0.180	0.000	0.000
1301	  R	  2.5	  0.2	0.180	0.000	0.000
1302	  S	  2.8	  0.1	1.265	0.000	0.000
1303	  C	  6.6	  0.1	1.704	0.323	0.323
1304	  W	  6.8	  0.0	2.027	0.543	0.543
1305	  A	  4.8	  0.0	2.399	0.543	0.543
1306	  L	  0.6	  0.0	2.399	0.543	0.543
1307	  A	  0.2	  0.0	2.399	0.543	0.543
1308	  Q	  0.5	  0.0	2.399	0.221	0.221
1309	  A	  0.9	  0.0	1.895	0.221	0.221
1310	  Y	  1.1	  0.0	1.780	0.221	0.221
1311	  N	  0.6	  0.2	2.232	0.000	0.000
1312	  P	  0.2	  0.2	1.209	0.000	0.000
1313	  M	  0.0	  0.2	1.209	0.000	0.000
1314	  A	  0.1	  0.4	1.209	0.000	0.000
1315	  R	  0.1	  0.2	1.209	0.000	0.000
1316	  D	  0.4	  0.2	1.209	0.000	0.000
1317	  L	  0.8	  0.2	0.758	36.814	36.814
1318	  F	  2.0	  0.0	0.630	37.624	37.624
1319	  N	  1.7	  0.0	0.352	37.763	37.763
1320	  A	  1.4	  0.0	0.150	39.019	39.019
1321	  A	  0.4	  0.0	0.150	39.983	39.983
1322	  F	  2.0	  0.0	0.150	40.803	40.803
1323	  V	  9.4	  0.0	0.150	38.481	38.481
1324	  S	 11.1	  0.0	0.150	12.327	12.327
1325	  C	 12.1	  0.0	0.000	8.659	8.659
1326	  W	  5.0	  0.1	0.000	7.793	7.793
1327	  S	  2.8	  0.2	0.000	0.848	0.848
1328	  E	  1.2	  0.2	0.000	0.000	0.000
1329	  L	  0.9	  0.2	0.000	0.000	0.000
1330	  N	  0.9	  2.6	0.000	0.000	0.000
1331	  E	  0.1	  2.5	0.000	0.000	0.000
1332	  D	  0.1	  2.7	0.293	0.000	0.000
1333	  Q	  0.3	  2.8	0.293	0.000	0.000
1334	  Q	  0.3	  0.4	0.293	0.000	0.000
1335	  D	  0.2	  0.4	1.672	0.000	0.000
1336	  E	  0.1	  0.2	1.672	0.000	0.000
1337	  L	  0.2	  0.1	1.672	0.000	0.000
1338	  I	  1.7	  0.1	1.672	0.000	0.000
1339	  R	  2.4	  0.0	1.672	0.000	0.000
1340	  S	  4.0	  0.0	1.821	0.000	0.000
1341	  I	  5.3	  0.1	0.989	0.000	0.000
1342	  E	  4.6	  0.0	0.989	0.000	0.000
1343	  L	  3.2	  0.0	0.772	0.000	0.000
1344	  A	  0.6	  0.0	0.583	0.000	0.000
1345	  L	  1.0	  0.0	0.400	0.000	0.000
1346	  T	  1.9	  0.1	0.000	0.000	0.000
1347	  S	  2.4	  1.1	0.000	0.000	0.000
1348	  Q	  2.0	  1.2	0.000	0.000	0.000
1349	  D	  1.0	  1.1	0.000	0.000	0.000
1350	  I	  0.7	  1.0	0.000	0.000	0.000
1351	  A	  0.7	  0.0	0.000	0.000	0.000
1352	  E	  5.7	  0.0	0.119	0.000	0.000
1353	  V	  9.0	  0.0	0.119	0.000	0.000
1354	  T	  9.5	  0.1	1.720	0.000	0.000
1355	  Q	  4.6	  0.1	1.720	0.000	0.000
1356	  T	  1.7	  0.1	1.829	0.000	0.000
1357	  L	  1.3	  0.1	1.829	0.000	0.000
1358	  L	  2.7	  0.0	1.829	0.000	0.000
1359	  N	  2.0	  0.0	2.736	0.000	0.000
1360	  L	  1.6	  0.2	2.192	0.000	0.000
1361	  A	  0.2	  0.2	1.822	0.000	0.000
1362	  E	  0.2	  0.2	1.576	0.000	0.000
1363	  F	  1.0	  0.2	1.031	0.000	0.000
1364	  M	  1.3	  0.1	0.907	0.000	0.000
1365	  E	  1.4	  0.1	0.451	0.000	0.000
1366	  H	  0.6	  0.7	0.193	0.000	0.000
1367	  S	  0.2	  0.9	0.193	0.000	0.000
1368	  D	  0.0	  0.9	0.000	0.000	0.000
1369	  K	  0.0	  0.9	0.000	0.000	0.000
1370	  G	  0.0	  0.2	0.000	0.000	0.000
1371	  P	  0.0	  0.0	0.000	0.000	0.000
1372	  L	  0.0	  0.0	0.000	0.000	0.000
1373	  P	  0.0	  0.0	0.000	0.000	0.000
1374	  L	  0.2	  0.2	0.000	0.000	0.000
1375	  R	  0.3	  0.6	0.000	0.000	0.000
1376	  D	  0.3	  5.9	0.000	0.000	0.000
1377	  D	  0.1	  7.3	0.000	0.000	0.000
1378	  N	  0.0	  7.1	0.000	0.000	0.000
1379	  G	  0.1	  6.7	0.000	2.675	2.675
1380	  I	  7.7	  1.3	0.000	35.351	35.351
1381	  V	 10.9	  0.0	0.000	35.351	35.351
1382	  L	 10.9	  0.0	0.751	35.351	35.351
1383	  L	  3.5	  0.1	1.020	35.351	35.351
1384	  G	  0.1	  0.2	7.561	33.752	33.752
1385	  E	  0.1	  0.2	8.054	0.000	0.000
1386	  R	  0.2	  0.2	8.054	0.000	0.000
1387	  A	  0.2	  0.1	8.054	0.000	0.000
1388	  A	  0.2	  0.0	8.054	0.000	0.000
1389	  K	  1.0	  0.0	8.054	0.000	0.000
1390	  C	  3.3	  0.1	5.638	0.000	0.000
1391	  R	  3.5	  0.1	3.963	0.000	0.000
1392	  A	  2.8	  0.0	3.413	0.000	0.000
1393	  Y	  1.0	  0.0	3.073	0.000	0.000
1394	  A	  0.7	  0.0	0.867	0.000	0.000
1395	  K	  0.7	  0.0	0.731	0.000	0.000
1396	  A	  0.5	  0.0	0.289	0.000	0.000
1397	  L	  1.9	  0.0	0.289	0.000	0.000
1398	  H	  3.9	  0.0	0.653	0.000	0.000
1399	  Y	  4.3	  0.1	0.654	0.000	0.000
1400	  K	  2.9	  0.1	0.671	0.000	0.000
1401	  E	  1.0	  0.1	0.671	0.000	0.000
1402	  L	  1.0	  0.1	0.671	0.000	0.000
1403	  E	  2.3	  0.0	0.671	0.000	0.000
1404	  F	  4.2	  0.1	0.671	0.000	0.000
1405	  Q	  3.4	  0.1	0.288	0.000	0.000
1406	  K	  2.0	  0.2	0.000	0.000	0.000
1407	  G	  0.0	  0.2	0.000	0.000	0.000
1408	  P	  0.0	  0.1	0.000	0.000	0.000
1409	  T	  0.0	  0.1	0.347	0.000	0.000
1410	  P	  0.0	  0.0	0.347	0.000	0.000
1411	  A	  0.6	  0.0	0.347	0.000	0.000
1412	  I	  1.3	  0.0	0.347	0.000	0.000
1413	  L	  1.5	  0.1	0.347	0.000	0.000
1414	  E	  0.9	  0.1	0.347	0.000	0.000
1415	  S	  0.5	  0.1	0.513	0.230	0.230
1416	  L	  0.8	  0.1	0.345	0.768	0.768
1417	  I	  3.7	  0.0	0.345	0.768	0.768
1418	  S	  7.0	  0.4	0.697	0.768	0.768
1419	  I	  6.7	  0.4	0.517	0.768	0.768
1420	  N	  4.1	  0.4	0.517	0.539	0.539
1421	  N	  0.2	  0.5	0.352	0.000	0.000
1422	  K	  0.6	  0.1	0.352	0.000	0.000
1423	  L	  0.9	  0.1	0.352	0.000	0.000
1424	  Q	  0.9	  0.1	0.222	0.000	0.000
1425	  Q	  0.4	  0.2	0.000	0.000	0.000
1426	  P	  0.1	  0.2	0.000	0.000	0.000
1427	  E	  0.1	  0.2	0.000	0.000	0.000
1428	  A	  0.1	  0.2	0.000	0.000	0.000
1429	  A	  0.1	  0.3	0.000	0.000	0.000
1430	  A	  0.1	  0.3	0.000	0.000	0.000
1431	  G	  0.1	  0.3	0.548	0.000	0.000
1432	  V	  1.5	  0.3	0.844	0.000	0.000
1433	  L	  2.2	  0.0	1.252	0.000	0.000
1434	  E	  2.6	  0.0	2.277	0.000	0.000
1435	  Y	  1.9	  0.0	2.277	0.000	0.000
1436	  A	  1.4	  0.0	2.277	0.000	0.000
1437	  M	  1.4	  0.2	2.277	0.000	0.000
1438	  K	  0.8	  0.2	2.277	0.000	0.000
1439	  H	  1.4	  0.5	2.150	0.000	0.000
1440	  F	  1.1	  1.2	1.159	0.000	0.000
1441	  G	  0.9	  1.1	0.325	0.000	0.000
1442	  E	  0.3	  1.1	0.325	0.000	0.000
1443	  L	  1.6	  0.8	0.325	0.000	0.000
1444	  E	  2.2	  0.1	0.325	0.000	0.000
1445	  I	  2.4	  0.0	0.325	0.408	0.408
1446	  Q	  1.2	  0.0	0.325	0.408	0.408
1447	  A	  1.2	  0.0	0.000	0.408	0.408
1448	  T	  5.7	  0.0	0.402	0.408	0.408
1449	  W	  6.9	  0.0	0.402	0.408	0.408
1450	  Y	  8.2	  0.1	0.402	0.408	0.408
1451	  E	  3.5	  0.1	0.402	0.000	0.000
1452	  K	  2.6	  0.1	0.402	0.000	0.000
1453	  L	  0.7	  0.1	0.402	0.000	0.000
1454	  H	  1.1	  0.0	0.402	0.000	0.000
1455	  E	  1.1	  0.0	0.132	0.000	0.000
1456	  W	  1.5	  0.3	0.000	0.000	0.000
1457	  E	  1.1	  0.3	0.192	0.000	0.000
1458	  D	  0.5	  0.3	1.075	0.000	0.000
1459	  A	  0.3	  0.3	1.075	3.488	3.488
1460	  L	  1.2	  0.0	1.075	3.488	3.488
1461	  V	  3.1	  0.0	1.075	3.488	3.488
1462	  A	  3.1	  0.0	1.075	3.488	3.488
1463	  Y	  2.6	  0.0	1.075	3.488	3.488
1464	  D	  0.7	  0.1	0.397	0.000	0.000
1465	  K	  0.5	  0.1	0.203	0.000	0.000
1466	  K	  0.8	  0.3	0.203	0.000	0.000
1467	  M	  1.0	  0.3	0.000	0.000	0.000
1468	  D	  1.1	  1.1	0.000	0.000	0.000
1469	  T	  0.6	  1.1	0.000	0.000	0.000
1470	  N	  0.4	  4.0	0.000	0.000	0.000
1471	  K	  0.3	  3.9	0.000	0.000	0.000
1472	  D	  0.1	  3.1	0.113	0.000	0.000
1473	  D	  0.0	  3.3	2.520	0.000	0.000
1474	  P	  0.0	  0.3	2.642	0.000	0.000
1475	  E	  0.1	  0.3	2.850	0.000	0.000
1476	  L	  1.1	  0.3	2.850	0.000	0.000
1477	  M	  1.2	  0.0	2.850	0.000	0.000
1478	  L	  1.2	  0.2	2.850	0.000	0.000
1479	  G	  0.1	  0.2	2.743	0.000	0.000
1480	  R	  0.7	  0.2	2.097	0.000	0.000
1481	  M	  4.7	  0.2	0.603	0.000	0.000
1482	  R	  5.8	  0.0	0.261	0.000	0.000
1483	  C	  6.2	  0.0	0.548	0.000	0.000
1484	  L	  2.4	  0.0	0.548	0.000	0.000
1485	  E	  1.3	  0.0	0.548	0.000	0.000
1486	  A	  0.3	  0.0	0.412	0.000	0.000
1487	  L	  0.1	  0.0	0.287	0.000	0.000
1488	  G	  0.1	  0.2	0.287	0.000	0.000
1489	  E	  0.1	  0.4	0.162	0.000	0.000
1490	  W	  0.1	  0.4	0.000	0.000	0.000
1491	  G	  0.1	  0.5	0.000	0.000	0.000
1492	  Q	  0.7	  0.3	0.000	0.000	0.000
1493	  L	  0.8	  0.1	0.000	0.000	0.000
1494	  H	  1.1	  0.2	0.000	0.000	0.000
1495	  Q	  0.7	  0.2	0.000	0.000	0.000
1496	  Q	  2.3	  0.2	0.000	0.000	0.000
1497	  C	 14.1	  0.2	0.000	0.000	0.000
1498	  C	 16.2	  0.0	0.000	0.000	0.000
1499	  E	 14.7	  0.0	0.000	0.000	0.000
1500	  K	  4.8	  0.0	0.000	0.000	0.000
1501	  W	  4.3	  0.0	0.000	0.123	0.123
1502	  T	  5.2	  0.0	0.000	0.123	0.123
1503	  L	  3.9	  0.0	0.000	0.123	0.123
1504	  V	  2.1	  0.0	0.000	0.123	0.123
1505	  N	  1.0	  0.1	8.514	0.123	0.123
1506	  D	  0.4	  0.3	11.726	0.000	0.000
1507	  E	  0.1	  0.3	12.389	0.000	0.000
1508	  T	  0.5	  0.3	18.396	0.000	0.000
1509	  Q	  0.7	  0.2	18.396	0.000	0.000
1510	  A	  0.8	  0.0	18.396	0.000	0.000
1511	  K	  0.7	  0.0	18.214	0.000	0.000
1512	  M	  0.6	  0.0	17.518	0.000	0.000
1513	  A	  0.6	  0.0	16.654	0.000	0.000
1514	  R	  0.4	  0.0	15.769	0.000	0.000
1515	  M	  0.4	  0.0	14.389	0.000	0.000
1516	  A	  0.3	  0.0	12.007	0.000	0.000
1517	  A	  0.2	  0.0	11.364	0.113	0.113
1518	  A	  0.1	  0.0	10.694	0.113	0.113
1519	  A	  0.2	  0.1	8.599	0.113	0.113
1520	  A	  0.2	  0.1	7.267	0.113	0.113
1521	  W	  0.3	  0.2	5.696	0.113	0.113
1522	  G	  0.2	  0.4	3.160	0.000	0.000
1523	  L	  0.1	  0.3	0.555	0.000	0.000
1524	  G	  0.0	  0.3	0.000	0.000	0.000
1525	  Q	  1.3	  0.2	0.000	0.000	0.000
1526	  W	  1.8	  0.2	0.000	0.000	0.000
1527	  D	  1.8	  0.2	0.103	0.000	0.000
1528	  S	  1.6	  0.2	0.103	0.000	0.000
1529	  M	  1.0	  0.3	0.103	0.000	0.000
1530	  E	  1.1	  0.1	0.103	0.000	0.000
1531	  E	  2.2	  0.1	0.103	0.000	0.000
1532	  Y	 19.7	  0.1	0.103	0.000	0.000
1533	  T	 21.6	  0.0	0.000	0.000	0.000
1534	  C	 21.3	  0.0	0.000	0.000	0.000
1535	  M	  4.2	  0.0	0.000	0.000	0.000
1536	  I	  1.9	  0.0	0.000	0.000	0.000
1537	  P	  0.1	  0.2	0.000	0.000	0.000
1538	  R	  0.1	  0.2	0.000	0.000	0.000
1539	  D	  0.2	  0.3	0.000	0.000	0.000
1540	  T	  1.0	  0.5	0.000	0.000	0.000
1541	  H	  0.9	  0.8	0.000	0.000	0.000
1542	  D	  0.8	  0.9	0.124	0.000	0.000
1543	  G	  0.0	  0.8	1.728	0.000	0.000
1544	  A	  0.3	  0.6	1.728	0.000	0.000
1545	  F	  2.3	  0.1	1.853	0.000	0.000
1546	  Y	  4.1	  0.0	1.991	0.000	0.000
1547	  R	  4.1	  0.0	1.991	0.000	0.000
1548	  A	  3.0	  0.0	1.991	5.765	5.765
1549	  V	  2.3	  0.0	1.866	6.115	6.115
1550	  L	  2.3	  0.0	1.866	6.115	6.115
1551	  A	  1.8	  0.0	1.691	6.115	6.115
1552	  L	  0.8	  0.0	1.500	6.115	6.115
1553	  H	  0.7	  0.4	0.275	0.642	0.642
1554	  Q	  0.5	  0.5	0.000	0.000	0.000
1555	  D	  0.7	  0.5	0.448	0.000	0.000
1556	  L	  1.0	  0.4	0.448	0.880	0.880
1557	  F	  4.2	  0.1	0.448	0.880	0.880
1558	  S	  4.0	  0.0	0.448	0.880	0.880
1559	  L	  3.4	  0.0	0.448	0.880	0.880
1560	  A	  0.3	  0.1	0.448	0.880	0.880
1561	  Q	  0.4	  0.1	0.448	0.000	0.000
1562	  Q	  0.8	  0.1	0.235	0.000	0.000
1563	  C	  4.0	  0.1	0.000	0.000	0.000
1564	  I	  4.0	  0.0	0.000	0.000	0.000
1565	  D	  3.6	  0.1	1.224	0.000	0.000
1566	  K	  0.4	  0.1	1.224	0.000	0.000
1567	  A	  0.2	  0.3	1.224	0.000	0.000
1568	  R	  0.3	  0.3	1.224	0.000	0.000
1569	  D	  0.1	  0.2	1.585	0.000	0.000
1570	  L	  0.5	  0.2	1.585	0.000	0.000
1571	  L	  0.6	  0.0	1.503	0.000	0.000
1572	  D	  0.6	  0.0	1.865	0.000	0.000
1573	  A	  0.3	  0.0	1.531	0.000	0.000
1574	  E	  0.8	  0.0	1.531	0.000	0.000
1575	  L	  1.5	  0.0	1.127	0.000	0.000
1576	  T	  1.9	  0.0	1.319	0.000	0.000
1577	  A	  1.4	  0.0	1.319	0.000	0.000
1578	  M	  0.6	  0.3	1.319	0.000	0.000
1579	  A	  0.1	  0.4	0.316	0.000	0.000
1580	  G	  0.0	  0.5	0.316	0.000	0.000
1581	  E	  0.2	  0.5	0.316	0.000	0.000
1582	  S	 21.3	  0.5	0.575	0.000	0.000
1583	  Y	 22.7	  0.4	0.575	0.000	0.000
1584	  S	 22.6	  0.2	0.575	0.000	0.000
1585	  R	  2.1	  0.4	0.575	0.000	0.000
1586	  A	  0.4	  0.2	0.575	0.000	0.000
1587	  Y	  0.5	  1.4	0.575	0.000	0.000
1588	  G	  0.3	  1.4	0.304	0.000	0.000
1589	  A	  0.4	  1.3	0.000	0.000	0.000
1590	  M	  1.1	  1.3	0.000	0.000	0.000
1591	  V	  8.6	  0.0	0.000	0.000	0.000
1592	  S	 11.8	  0.0	0.000	0.000	0.000
1593	  C	 12.3	  0.0	0.000	0.000	0.000
1594	  H	  5.6	  0.0	0.000	0.000	0.000
1595	  M	  2.5	  0.0	0.000	0.000	0.000
1596	  L	  1.1	  0.0	0.000	0.000	0.000
1597	  S	  0.6	  0.1	1.222	0.000	0.000
1598	  E	  0.2	  0.1	1.367	0.000	0.000
1599	  L	  0.2	  0.2	1.367	0.000	0.000
1600	  E	  0.2	  0.1	1.367	0.000	0.000
1601	  E	  0.5	  0.0	1.367	0.000	0.000
1602	  V	  2.6	  0.0	1.367	0.000	0.000
1603	  I	  4.0	  0.0	1.367	0.000	0.000
1604	  Q	  5.6	  0.0	1.367	0.000	0.000
1605	  Y	  4.9	  0.1	1.062	0.000	0.000
1606	  K	  4.4	  0.1	0.283	0.000	0.000
1607	  L	  2.4	  0.1	0.000	0.000	0.000
1608	  V	  1.1	  0.1	0.000	0.000	0.000
1609	  P	  0.1	  0.1	0.000	0.000	0.000
1610	  E	  0.2	  0.1	0.121	0.000	0.000
1611	  R	  0.3	  0.1	0.121	0.000	0.000
1612	  R	  0.5	  0.1	0.121	0.000	0.000
1613	  E	  0.5	  0.1	0.121	0.000	0.000
1614	  I	  4.6	  0.0	0.121	0.000	0.000
1615	  I	  6.7	  0.0	0.121	0.000	0.000
1616	  R	  7.6	  0.0	0.121	0.000	0.000
1617	  Q	  4.4	  0.0	0.121	0.000	0.000
1618	  I	  2.8	  0.0	0.000	0.000	0.000
1619	  W	  2.6	  0.0	0.426	0.000	0.000
1620	  W	  2.9	  0.1	0.426	0.000	0.000
1621	  E	  2.3	  0.1	0.426	0.000	0.000
1622	  R	  1.8	  0.1	0.426	0.000	0.000
1623	  L	  0.6	  0.5	0.426	0.000	0.000
1624	  Q	  0.5	  0.5	0.426	0.000	0.000
1625	  G	  0.1	  0.5	0.270	0.000	0.000
1626	  C	  0.9	  0.5	0.115	0.000	0.000
1627	  Q	  1.2	  0.2	0.000	0.000	0.000
1628	  R	  6.0	  0.1	0.000	0.000	0.000
1629	  I	  7.9	  0.1	0.000	0.000	0.000
1630	  V	  8.3	  0.3	0.000	0.000	0.000
1631	  E	  3.5	  0.3	0.577	0.000	0.000
1632	  D	  1.2	  0.3	5.533	0.000	0.000
1633	  W	  1.4	  0.4	5.533	0.000	0.000
1634	  Q	  1.6	  0.1	5.533	0.000	0.000
1635	  K	  1.8	  0.1	5.533	0.000	0.000
1636	  I	  3.8	  0.1	5.533	0.000	0.000
1637	  L	  4.5	  0.0	5.533	0.000	0.000
1638	  M	  4.2	  0.0	5.155	0.000	0.000
1639	  V	  3.1	  0.0	3.559	0.000	0.000
1640	  R	  2.5	  0.1	3.304	0.000	0.000
1641	  S	  2.6	  0.1	1.713	0.000	0.000
1642	  L	  2.5	  0.1	0.446	0.000	0.000
1643	  V	  9.9	  0.0	0.000	0.000	0.000
1644	  V	  9.9	  0.0	0.000	0.000	0.000
1645	  S	  8.2	  0.3	0.000	0.000	0.000
1646	  P	  0.3	  0.3	0.000	0.000	0.000
1647	  H	  0.1	  0.8	0.000	0.000	0.000
1648	  E	  0.1	  0.8	0.000	0.000	0.000
1649	  D	  0.5	  0.6	7.911	0.000	0.000
1650	  M	  0.6	  0.5	7.911	0.000	0.000
1651	  R	  1.6	  0.0	7.911	0.000	0.000
1652	  T	  3.5	  0.0	7.911	0.000	0.000
1653	  W	  3.7	  0.0	7.911	0.000	0.000
1654	  L	  3.4	  0.0	7.911	0.000	0.000
1655	  K	  1.8	  0.0	6.742	0.000	0.000
1656	  Y	  2.1	  0.3	4.766	0.000	0.000
1657	  A	  1.7	  0.4	2.931	0.000	0.000
1658	  S	  1.8	  0.4	2.410	0.000	0.000
1659	  L	  1.2	  0.7	1.846	0.000	0.000
1660	  C	  1.0	  0.5	1.641	0.000	0.000
1661	  G	  0.4	  1.0	1.514	0.000	0.000
1662	  K	  0.3	  1.1	0.306	0.000	0.000
1663	  S	  0.2	  1.3	0.000	0.000	0.000
1664	  G	  0.2	  1.2	0.411	0.000	0.000
1665	  R	  0.2	  0.7	0.411	0.000	0.000
1666	  L	  0.5	  0.4	0.411	0.000	0.000
1667	  A	  0.5	  0.0	0.411	0.000	0.000
1668	  L	  0.6	  0.0	0.411	0.000	0.000
1669	  A	  0.4	  0.0	0.411	0.000	0.000
1670	  H	  0.6	  0.2	0.471	0.000	0.000
1671	  K	  0.7	  0.2	0.232	0.000	0.000
1672	  T	  1.8	  0.2	1.493	33.644	33.644
1673	  L	  3.5	  0.2	1.493	95.700	95.700
1674	  V	  7.2	  0.0	1.493	97.062	97.062
1675	  L	  6.8	  0.0	1.493	97.169	97.169
1676	  L	  4.9	  0.0	1.493	97.169	97.169
1677	  L	  1.2	  0.0	1.493	96.538	96.538
1678	  G	  0.3	  0.0	1.270	86.607	86.607
1679	  V	  0.4	  0.0	0.000	79.831	79.831
1680	  D	  0.4	  5.0	0.127	0.000	0.000
1681	  P	  0.2	  5.1	0.127	0.000	0.000
1682	  S	  0.3	  5.1	0.276	0.000	0.000
1683	  R	  1.0	  5.2	0.276	0.000	0.000
1684	  Q	  1.7	  0.2	0.276	0.000	0.000
1685	  L	  1.9	  0.1	0.276	0.000	0.000
1686	  D	  1.2	  0.0	0.149	0.000	0.000
1687	  H	  0.5	  0.0	0.149	0.000	0.000
1688	  P	  0.0	  0.0	0.000	0.000	0.000
1689	  L	  0.0	  0.2	0.000	0.000	0.000
1690	  P	  0.0	  0.2	0.000	0.000	0.000
1691	  T	 10.1	  0.2	0.000	0.000	0.000
1692	  V	 10.4	  0.2	0.000	0.000	0.000
1693	  H	 10.4	  0.3	0.000	0.000	0.000
1694	  P	  0.3	  0.3	0.000	0.000	0.000
1695	  Q	  0.6	  0.3	0.000	0.000	0.000
1696	  V	  9.3	  0.3	0.000	3.259	3.259
1697	  T	 12.7	  0.0	1.484	3.407	3.407
1698	  Y	 12.9	  0.1	1.484	3.407	3.407
1699	  A	  4.6	  0.1	1.484	3.407	3.407
1700	  Y	  2.0	  0.1	1.484	3.407	3.407
1701	  M	  1.4	  0.3	1.484	1.884	1.884
1702	  K	  1.1	  0.2	1.484	0.000	0.000
1703	  N	  0.8	  0.2	1.227	0.000	0.000
1704	  M	  0.8	  0.2	1.083	0.000	0.000
1705	  W	  1.3	  0.1	0.766	0.000	0.000
1706	  K	  1.1	  0.1	0.505	0.000	0.000
1707	  S	  1.7	  0.1	0.155	0.000	0.000
1708	  A	  1.2	  0.2	0.000	0.000	0.000
1709	  R	  1.5	  0.1	0.000	0.000	0.000
1710	  K	  2.1	  0.0	0.000	0.000	0.000
1711	  I	  2.7	  0.1	0.000	0.000	0.000
1712	  D	  2.1	  0.0	0.000	0.000	0.000
1713	  A	  1.3	  0.0	0.000	0.000	0.000
1714	  F	  2.4	  0.1	0.000	0.000	0.000
1715	  Q	  2.7	  0.1	0.000	0.000	0.000
1716	  H	  2.9	  0.1	0.000	0.000	0.000
1717	  M	  1.7	  0.2	0.000	0.000	0.000
1718	  Q	  2.9	  0.1	0.000	0.000	0.000
1719	  H	  4.4	  0.1	0.000	0.000	0.000
1720	  F	  5.2	  0.1	0.000	0.219	0.219
1721	  V	  4.1	  0.0	0.000	0.219	0.219
1722	  Q	  2.0	  0.0	0.000	0.219	0.219
1723	  T	  3.9	  0.0	0.000	0.219	0.219
1724	  M	  3.6	  0.1	0.000	0.219	0.219
1725	  Q	  3.7	  0.1	0.000	0.000	0.000
1726	  Q	  0.6	  0.1	0.000	0.000	0.000
1727	  Q	  0.6	  0.1	0.000	0.000	0.000
1728	  A	  0.5	  0.1	0.000	0.000	0.000
1729	  Q	  0.5	  0.1	0.000	0.000	0.000
1730	  H	  1.0	  0.1	0.000	0.000	0.000
1731	  A	  1.1	  0.1	0.000	0.000	0.000
1732	  I	  2.2	  0.0	0.000	0.000	0.000
1733	  A	  1.5	  0.0	0.000	0.000	0.000
1734	  T	  1.3	  0.3	0.000	0.000	0.000
1735	  E	  0.1	  0.3	0.000	0.000	0.000
1736	  D	  0.2	  0.5	3.077	0.000	0.000
1737	  Q	  0.3	  0.5	3.077	0.000	0.000
1738	  Q	  0.8	  0.2	3.077	0.000	0.000
1739	  H	  1.0	  0.3	3.077	0.000	0.000
1740	  K	  1.1	  0.2	3.077	0.000	0.000
1741	  Q	  0.7	  0.2	3.077	0.000	0.000
1742	  E	  1.6	  0.2	2.696	0.000	0.000
1743	  L	  1.5	  0.1	2.428	0.000	0.000
1744	  H	  2.1	  0.1	2.332	0.000	0.000
1745	  K	  1.1	  0.1	2.020	0.000	0.000
1746	  L	  1.2	  0.1	1.772	0.000	0.000
1747	  M	  0.6	  0.1	1.772	0.000	0.000
1748	  A	  0.4	  0.0	1.514	0.000	0.000
1749	  R	  2.7	  0.0	1.308	0.000	0.000
1750	  C	  4.4	  0.0	0.765	0.000	0.000
1751	  F	  5.0	  0.0	0.539	0.000	0.000
1752	  L	  3.9	  0.1	0.320	0.000	0.000
1753	  K	  2.3	  0.1	0.332	0.000	0.000
1754	  L	  1.5	  0.1	0.128	0.000	0.000
1755	  G	  0.1	  0.1	3.212	0.000	0.000
1756	  E	  1.0	  0.0	3.212	0.000	0.000
1757	  W	  2.9	  0.0	3.212	0.000	0.000
1758	  Q	  3.8	  0.0	3.212	0.000	0.000
1759	  L	  4.3	  0.0	3.212	0.000	0.000
1760	  N	  2.6	  0.2	3.212	0.000	0.000
1761	  L	  1.8	  0.3	2.769	0.000	0.000
1762	  Q	  0.3	  0.4	2.380	0.000	0.000
1763	  G	  0.3	  0.4	1.478	0.000	0.000
1764	  I	  0.5	  0.2	0.000	0.000	0.000
1765	  N	  0.5	  1.0	0.000	0.000	0.000
1766	  E	  0.4	  1.0	0.000	0.000	0.000
1767	  S	  1.0	  1.0	0.000	0.000	0.000
1768	  T	  1.6	  1.0	0.000	0.000	0.000
1769	  I	  1.5	  0.0	0.000	0.000	0.000
1770	  P	  0.6	  0.0	0.000	0.000	0.000
1771	  K	  0.9	  0.0	0.000	0.000	0.000
1772	  V	  3.3	  0.0	0.000	1.379	1.379
1773	  L	  4.8	  0.0	0.000	1.379	1.379
1774	  Q	  6.9	  0.0	0.000	1.379	1.379
1775	  Y	  6.9	  0.0	0.000	1.379	1.379
1776	  Y	  9.0	  0.0	0.000	1.379	1.379
1777	  S	  6.1	  0.0	0.401	0.705	0.705
1778	  A	  3.9	  0.0	0.401	0.705	0.705
1779	  A	  0.2	  0.0	0.401	0.705	0.705
1780	  T	  0.2	  0.1	1.163	0.263	0.263
1781	  E	  0.5	  0.2	1.163	0.000	0.000
1782	  H	  0.5	  0.2	1.163	0.000	0.000
1783	  D	  0.4	  0.8	1.286	0.000	0.000
1784	  R	  1.5	  0.7	1.429	0.000	0.000
1785	  S	  2.2	  0.6	1.969	0.000	0.000
1786	  W	  3.0	  0.5	1.845	0.000	0.000
1787	  Y	  2.7	  0.0	1.696	0.000	0.000
1788	  K	  2.0	  0.0	1.555	0.000	0.000
1789	  A	  1.6	  0.0	1.555	0.000	0.000
1790	  W	  1.4	  0.0	1.555	0.000	0.000
1791	  H	  1.7	  0.0	1.681	0.000	0.000
1792	  A	  1.4	  0.0	0.370	2.644	2.644
1793	  W	  1.1	  0.0	0.126	3.256	3.256
1794	  A	  1.6	  0.0	0.126	3.256	3.256
1795	  V	  5.3	  0.1	0.126	3.256	3.256
1796	  M	  6.8	  0.1	0.126	3.256	3.256
1797	  N	  8.4	  0.1	1.084	1.130	1.130
1798	  F	  6.9	  0.2	1.084	1.130	1.130
1799	  E	  4.7	  0.1	0.957	0.000	0.000
1800	  A	  2.9	  0.1	0.957	0.626	0.626
1801	  V	  3.2	  0.1	0.957	0.626	0.626
1802	  L	  4.6	  0.0	0.957	0.626	0.626
1803	  H	  5.8	  0.0	0.957	0.626	0.626
1804	  Y	  4.0	  0.1	0.765	0.626	0.626
1805	  K	  2.6	  0.1	0.234	0.000	0.000
1806	  H	  1.0	  0.4	0.000	0.000	0.000
1807	  Q	  0.7	  0.4	0.000	0.000	0.000
1808	  N	  0.6	  0.4	0.903	0.000	0.000
1809	  Q	  0.4	  0.4	0.903	0.000	0.000
1810	  A	  0.2	  0.2	0.903	0.000	0.000
1811	  R	  0.2	  0.3	0.903	0.000	0.000
1812	  D	  0.1	  0.4	1.371	0.000	0.000
1813	  E	  0.5	  0.4	1.371	0.000	0.000
1814	  K	  0.5	  0.3	1.141	0.000	0.000
1815	  K	  0.6	  0.3	0.907	0.000	0.000
1816	  K	  0.9	  0.1	0.780	0.000	0.000
1817	  L	  1.6	  0.1	0.603	0.000	0.000
1818	  R	  1.8	  0.1	0.220	0.000	0.000
1819	  H	  1.4	  1.1	0.000	0.000	0.000
1820	  A	  0.7	  1.3	0.000	0.000	0.000
1821	  S	  0.5	  1.8	0.000	0.000	0.000
1822	  G	  0.1	  2.2	0.000	0.000	0.000
1823	  A	  0.2	  1.1	0.000	0.000	0.000
1824	  N	  2.9	  0.9	0.000	0.000	0.000
1825	  I	  3.5	  0.4	0.000	0.000	0.000
1826	  T	  3.4	  0.0	0.000	0.000	0.000
1827	  N	  0.8	  0.2	0.228	0.000	0.000
1828	  A	  0.3	  0.2	0.228	0.000	0.000
1829	  T	  0.9	  0.2	0.228	0.000	0.000
1830	  T	  1.2	  0.2	0.228	0.000	0.000
1831	  A	  1.1	  0.0	0.228	0.000	0.000
1832	  A	  0.6	  0.0	0.228	0.000	0.000
1833	  T	  0.9	  0.0	0.000	0.000	0.000
1834	  T	  1.2	  0.0	0.000	0.000	0.000
1835	  A	  1.1	  0.0	0.000	0.000	0.000
1836	  A	  0.5	  0.0	0.000	0.000	0.000
1837	  T	  1.4	  0.0	0.000	0.000	0.000
1838	  A	  1.5	  0.0	0.000	0.000	0.000
1839	  T	  3.2	  0.0	0.000	0.000	0.000
1840	  T	  2.6	  0.0	0.000	0.000	0.000
1841	  T	  5.3	  0.2	0.000	0.000	0.000
1842	  A	  3.6	  0.2	0.000	0.000	0.000
1843	  S	  3.2	  0.3	0.000	0.000	0.000
1844	  T	  0.4	  0.9	0.000	0.000	0.000
1845	  E	  0.2	  1.9	0.000	0.000	0.000
1846	  G	  0.0	  2.2	0.000	0.000	0.000
1847	  S	  0.1	  2.3	0.000	0.000	0.000
1848	  N	  0.2	  1.8	0.000	0.000	0.000
1849	  S	  0.4	  1.5	0.000	0.000	0.000
1850	  E	  0.3	  1.2	0.000	0.000	0.000
1851	  S	  0.2	  1.0	0.000	0.000	0.000
1852	  E	  0.1	  0.9	0.000	0.000	0.000
1853	  A	  0.1	  0.2	0.000	0.000	0.000
1854	  E	  0.2	  0.2	0.000	0.000	0.000
1855	  S	  0.4	  0.2	0.000	0.000	0.000
1856	  T	  0.4	  0.5	0.000	0.000	0.000
1857	  E	  0.4	  0.4	0.000	0.000	0.000
1858	  N	  0.2	  0.3	0.000	0.000	0.000
1859	  S	  0.1	  0.3	0.000	0.000	0.000
1860	  P	  0.0	  0.0	0.000	0.000	0.000
1861	  T	  0.1	  0.0	0.000	0.000	0.000
1862	  P	  0.1	  0.0	0.000	0.000	0.000
1863	  S	  0.1	  0.2	0.204	0.000	0.000
1864	  P	  0.0	  0.2	0.204	0.000	0.000
1865	  L	  0.2	  0.2	0.204	0.000	0.000
1866	  Q	  0.3	  0.3	0.204	0.000	0.000
1867	  K	  0.5	  0.1	0.204	0.000	0.000
1868	  K	  5.9	  0.1	0.204	0.000	0.000
1869	  V	  6.4	  0.0	0.000	0.000	0.000
1870	  T	  6.3	  0.3	0.148	0.000	0.000
1871	  E	  0.8	  0.3	0.148	0.000	0.000
1872	  D	  0.2	  1.0	2.332	0.000	0.000
1873	  L	  0.4	  1.0	2.332	0.000	0.000
1874	  S	  1.0	  0.8	3.260	0.000	0.000
1875	  K	  1.1	  0.8	3.260	0.000	0.000
1876	  T	  1.5	  0.2	3.112	2.355	2.355
1877	  L	  1.7	  0.1	3.112	3.951	3.951
1878	  L	  2.0	  0.0	2.975	3.951	3.951
1879	  M	  1.7	  0.0	2.521	3.951	3.951
1880	  Y	 16.6	  0.0	1.575	3.951	3.951
1881	  T	 16.6	  0.0	0.000	2.475	2.475
1882	  V	 16.3	  0.0	0.000	0.119	0.119
1883	  P	  0.6	  0.0	0.000	0.000	0.000
1884	  A	  0.4	  0.0	0.000	0.000	0.000
1885	  V	  0.6	  0.3	0.000	0.145	0.145
1886	  Q	  0.6	  0.3	0.000	0.145	0.145
1887	  G	  0.2	  0.3	0.000	0.145	0.145
1888	  F	  1.9	  0.3	0.000	0.145	0.145
1889	  F	  3.6	  0.2	0.000	0.145	0.145
1890	  R	  4.3	  0.2	0.000	0.000	0.000
1891	  S	  7.9	  0.3	0.000	0.000	0.000
1892	  I	  9.9	  0.3	0.000	0.000	0.000
1893	  S	 14.3	  0.5	0.000	0.000	0.000
1894	  L	  9.1	  0.6	0.000	0.000	0.000
1895	  S	  5.7	  0.6	0.000	0.000	0.000
1896	  R	  0.3	  1.0	0.000	0.000	0.000
1897	  G	  0.2	  0.8	0.000	0.000	0.000
1898	  N	  0.1	  0.7	0.000	0.000	0.000
1899	  N	  0.2	  0.5	0.205	0.000	0.000
1900	  L	  0.4	  0.2	0.205	0.000	0.000
1901	  Q	  0.6	  0.2	0.205	0.000	0.000
1902	  D	  0.4	  0.2	0.385	0.018	0.018
1903	  T	  2.6	  0.2	0.385	0.186	0.186
1904	  L	  4.5	  0.1	0.385	0.468	0.468
1905	  R	  6.1	  0.0	0.385	0.610	0.610
1906	  V	  5.5	  0.0	0.180	88.614	88.614
1907	  L	  5.4	  0.0	0.180	95.524	95.524
1908	  T	  4.7	  0.0	0.000	95.524	95.524
1909	  L	  3.5	  0.0	0.000	95.524	95.524
1910	  W	  2.3	  0.0	0.000	95.524	95.524
1911	  F	  3.7	  0.0	0.000	88.830	88.830
1912	  D	  3.3	  0.5	0.000	0.591	0.591
1913	  Y	  2.5	  0.5	0.000	0.526	0.526
1914	  G	  0.2	  0.4	0.000	0.043	0.043
1915	  H	  0.5	  0.4	0.000	0.000	0.000
1916	  W	  0.3	  1.8	0.000	0.000	0.000
1917	  P	  0.3	  1.8	0.000	0.000	0.000
1918	  D	  0.9	  2.3	0.000	0.000	0.000
1919	  V	  1.1	  2.3	0.000	0.000	0.000
1920	  N	  1.1	  0.5	0.780	0.000	0.000
1921	  E	  0.3	  0.5	0.780	0.000	0.000
1922	  A	  0.3	  0.0	0.780	0.000	0.000
1923	  L	  0.5	  0.0	0.780	0.000	0.000
1924	  V	  0.7	  0.2	0.780	0.000	0.000
1925	  E	  0.4	  0.2	0.780	0.000	0.000
1926	  G	  0.3	  0.2	0.606	0.000	0.000
1927	  V	  2.3	  0.2	0.443	0.000	0.000
1928	  K	  2.5	  0.0	0.443	0.000	0.000
1929	  A	  2.7	  0.0	0.185	0.000	0.000
1930	  I	  1.6	  0.0	0.185	0.000	0.000
1931	  Q	  2.4	  0.0	0.185	0.000	0.000
1932	  I	  3.7	  0.0	0.000	0.000	0.000
1933	  D	  4.0	  0.0	0.000	0.000	0.000
1934	  T	  5.3	  0.0	0.000	0.144	0.144
1935	  W	  4.4	  0.0	0.000	0.144	0.144
1936	  L	  3.6	  0.0	0.000	0.144	0.144
1937	  Q	  1.9	  0.0	0.000	0.144	0.144
1938	  V	  2.0	  0.0	0.000	0.144	0.144
1939	  I	  1.2	  0.0	0.000	0.000	0.000
1940	  P	  0.7	  0.0	0.128	0.000	0.000
1941	  Q	  0.3	  0.0	0.128	0.000	0.000
1942	  L	  0.8	  0.0	0.128	0.000	0.000
1943	  I	  2.0	  0.0	0.128	0.000	0.000
1944	  A	  2.4	  0.0	0.128	0.000	0.000
1945	  R	 14.5	  0.0	0.128	0.000	0.000
1946	  I	 15.5	  0.0	0.000	0.000	0.000
1947	  D	 14.9	  0.0	0.000	0.000	0.000
1948	  T	  2.6	  0.0	0.000	0.000	0.000
1949	  P	  0.1	  0.0	0.000	0.000	0.000
1950	  R	  0.0	  0.0	0.000	0.000	0.000
1951	  P	  0.0	  0.0	0.000	0.000	0.000
1952	  L	  0.2	  0.1	0.000	0.000	0.000
1953	  V	  0.3	  0.4	0.000	0.000	0.000
1954	  G	  0.3	  0.4	0.000	0.000	0.000
1955	  R	  0.7	  0.4	0.000	0.000	0.000
1956	  L	  1.2	  0.3	0.000	0.000	0.000
1957	  I	  2.3	  0.0	0.000	0.000	0.000
1958	  H	  2.3	  0.1	0.000	0.000	0.000
1959	  Q	  2.3	  0.1	0.000	0.000	0.000
1960	  L	  1.5	  0.1	0.000	0.000	0.000
1961	  L	  1.1	  0.1	0.000	0.000	0.000
1962	  T	  0.7	  0.1	0.442	0.000	0.000
1963	  D	  0.5	  0.5	0.442	0.000	0.000
1964	  I	  0.4	  1.7	0.442	0.000	0.000
1965	  G	  0.2	  1.7	0.442	0.000	0.000
1966	  R	  1.7	  1.7	0.442	0.000	0.000
1967	  Y	  1.8	  1.2	0.442	0.000	0.000
1968	  H	  1.8	  0.5	0.200	0.000	0.000
1969	  P	  0.2	  0.5	0.200	0.000	0.000
1970	  Q	  0.2	  0.5	0.200	0.000	0.000
1971	  A	  0.5	  0.5	0.200	0.000	0.000
1972	  L	  1.3	  0.0	0.200	0.000	0.000
1973	  I	  1.3	  0.0	0.200	0.000	0.000
1974	  Y	  1.0	  0.0	0.200	0.000	0.000
1975	  P	  0.1	  0.0	0.000	0.000	0.000
1976	  L	  3.5	  0.0	0.000	0.000	0.000
1977	  T	  7.4	  0.0	0.224	0.000	0.000
1978	  V	  9.6	  0.0	0.224	0.000	0.000
1979	  A	  6.3	  0.0	0.224	0.000	0.000
1980	  S	  4.7	  0.6	0.224	0.000	0.000
1981	  K	  3.0	  0.6	0.224	0.000	0.000
1982	  S	  3.5	  0.7	0.350	0.000	0.000
1983	  T	  3.1	  0.6	0.126	0.000	0.000
1984	  T	  3.1	  0.1	0.126	0.000	0.000
1985	  T	  3.2	  0.1	0.126	0.000	0.000
1986	  A	  1.7	  0.1	0.126	0.000	0.000
1987	  R	  2.3	  0.1	0.126	0.000	0.000
1988	  H	  1.6	  0.1	0.000	0.000	0.000
1989	  N	  1.4	  0.1	0.000	0.000	0.000
1990	  A	  0.1	  0.4	0.000	0.000	0.000
1991	  A	  0.0	  0.4	0.000	0.000	0.000
1992	  N	  0.2	  0.3	0.295	0.000	0.000
1993	  K	  0.8	  0.3	0.295	0.000	0.000
1994	  I	  1.6	  0.0	0.295	0.000	0.000
1995	  L	  1.7	  0.2	0.295	0.000	0.000
1996	  K	  1.1	  0.2	0.295	0.000	0.000
1997	  N	  0.5	  0.2	0.295	0.000	0.000
1998	  M	  0.5	  0.2	0.000	0.000	0.000
1999	  C	  2.4	  0.1	0.000	0.000	0.000
2000	  E	  2.3	  0.2	0.000	0.000	0.000
2001	  H	  2.1	  0.6	0.000	0.000	0.000
2002	  S	  0.2	  0.6	0.000	0.000	0.000
2003	  N	  0.1	  0.4	0.000	0.000	0.000
2004	  T	  1.4	  0.4	0.000	0.000	0.000
2005	  L	  1.6	  0.0	0.000	0.000	0.000
2006	  V	  3.1	  0.0	0.000	0.000	0.000
2007	  Q	  1.9	  0.0	0.000	0.000	0.000
2008	  Q	  1.7	  0.0	0.000	0.000	0.000
2009	  A	  0.6	  0.0	0.000	0.000	0.000
2010	  M	  1.6	  0.0	0.000	0.000	0.000
2011	  M	  2.3	  0.0	0.000	0.000	0.000
2012	  V	  2.3	  0.0	0.742	0.000	0.000
2013	  S	  1.2	  0.1	10.164	0.000	0.000
2014	  E	  0.4	  0.1	10.428	0.000	0.000
2015	  E	  0.1	  0.1	10.784	0.304	0.304
2016	  L	  0.2	  0.1	10.784	0.304	0.304
2017	  I	  6.3	  0.0	10.784	0.304	0.304
2018	  R	  7.1	  0.0	10.784	0.304	0.304
2019	  V	  9.8	  0.0	10.194	79.091	79.091
2020	  A	  4.2	  0.0	9.942	79.140	79.140
2021	  I	  4.5	  0.0	7.562	79.140	79.140
2022	  L	  2.0	  0.0	7.457	79.140	79.140
2023	  W	  2.0	  0.0	3.449	79.019	79.019
2024	  H	  1.2	  0.0	1.420	0.628	0.628
2025	  E	  1.0	  0.0	0.460	0.000	0.000
2026	  M	  0.9	  0.0	0.311	0.000	0.000
2027	  W	  1.2	  0.0	0.182	0.000	0.000
2028	  H	  1.1	  0.5	0.182	0.000	0.000
2029	  E	  0.7	  0.5	0.000	0.000	0.000
2030	  G	  0.0	  0.5	1.039	0.000	0.000
2031	  L	  0.0	  0.6	1.786	0.000	0.000
2032	  E	  0.1	  0.1	2.848	0.000	0.000
2033	  E	  0.2	  0.1	2.992	0.000	0.000
2034	  A	  0.3	  0.1	2.992	0.000	0.000
2035	  S	  0.4	  0.1	2.992	0.000	0.000
2036	  R	  0.9	  0.1	2.840	0.000	0.000
2037	  L	  1.3	  0.1	2.840	0.000	0.000
2038	  Y	  2.2	  0.2	2.110	0.000	0.000
2039	  F	  1.7	  0.4	0.677	0.000	0.000
2040	  G	  1.1	  0.5	0.585	0.000	0.000
2041	  E	  0.4	  0.6	0.585	0.000	0.000
2042	  R	  0.6	  0.5	0.585	0.000	0.000
2043	  N	  3.2	  0.2	0.585	0.000	0.000
2044	  V	  3.4	  0.3	0.585	0.411	0.411
2045	  K	  3.1	  0.2	0.585	0.411	0.411
2046	  G	  0.6	  0.2	0.284	0.411	0.411
2047	  M	  0.2	  0.2	0.000	0.411	0.411
2048	  F	  8.8	  0.0	0.000	0.411	0.411
2049	  E	  9.2	  0.0	0.000	0.411	0.411
2050	  V	 12.4	  0.0	0.000	0.411	0.411
2051	  L	  3.9	  0.0	0.000	0.411	0.411
2052	  E	  3.4	  0.0	0.128	0.000	0.000
2053	  P	  0.1	  0.0	0.128	0.000	0.000
2054	  L	  0.4	  0.0	0.128	0.000	0.000
2055	  H	  0.7	  0.0	0.128	0.000	0.000
2056	  A	  1.1	  0.0	0.269	0.000	0.000
2057	  M	  0.8	  0.0	0.269	0.000	0.000
2058	  M	  0.6	  0.2	0.269	0.000	0.000
2059	  E	  0.2	  0.2	0.269	0.000	0.000
2060	  R	  0.1	  0.2	0.269	0.000	0.000
2061	  G	  0.0	  0.4	0.623	0.000	0.000
2062	  P	  0.0	  0.3	0.354	0.000	0.000
2063	  Q	  0.2	  0.3	0.354	0.000	0.000
2064	  T	  3.4	  0.3	0.354	0.000	0.000
2065	  L	  3.4	  0.1	0.354	0.000	0.000
2066	  K	  3.4	  0.1	0.354	0.000	0.000
2067	  E	  0.3	  0.1	0.000	0.000	0.000
2068	  T	  1.8	  0.1	0.000	0.000	0.000
2069	  S	 10.9	  0.3	0.000	0.000	0.000
2070	  F	 12.2	  0.2	0.000	0.000	0.000
2071	  N	 10.8	  0.2	0.000	0.000	0.000
2072	  Q	  2.0	  0.4	0.000	0.000	0.000
2073	  A	  0.5	  0.3	0.000	0.000	0.000
2074	  Y	  0.6	  0.9	0.000	0.000	0.000
2075	  G	  0.3	  1.1	0.429	0.000	0.000
2076	  R	  0.2	  1.0	0.429	0.000	0.000
2077	  D	  0.1	  0.9	1.170	0.000	0.000
2078	  L	  0.2	  0.3	1.170	0.000	0.000
2079	  M	  0.3	  0.0	1.292	0.000	0.000
2080	  E	  0.4	  0.0	1.872	0.000	0.000
2081	  A	  0.4	  0.0	2.047	0.000	0.000
2082	  Q	  0.4	  0.0	2.693	0.000	0.000
2083	  E	  0.8	  0.0	2.304	0.000	0.000
2084	  W	  2.2	  0.0	2.304	0.000	0.000
2085	  C	  3.4	  0.1	2.304	0.000	0.000
2086	  R	  3.4	  0.1	2.304	0.000	0.000
2087	  K	  2.3	  0.1	2.304	0.000	0.000
2088	  Y	  1.7	  0.1	1.834	0.000	0.000
2089	  M	  1.6	  0.3	0.818	0.000	0.000
2090	  K	  1.4	  0.4	0.000	0.000	0.000
2091	  S	  0.6	  1.0	0.000	0.000	0.000
2092	  G	  0.1	  1.0	0.000	0.000	0.000
2093	  N	  2.6	  0.7	0.000	0.000	0.000
2094	  V	  4.0	  0.7	0.000	0.000	0.000
2095	  K	  4.1	  0.1	0.000	0.000	0.000
2096	  D	  1.7	  0.1	0.273	0.000	0.000
2097	  L	  0.6	  0.2	0.273	0.000	0.000
2098	  T	  1.0	  0.0	1.486	0.000	0.000
2099	  Q	  1.2	  0.0	1.486	0.000	0.000
2100	  A	  1.0	  0.0	1.486	0.000	0.000
2101	  W	  1.2	  0.0	1.486	0.000	0.000
2102	  D	  1.1	  0.0	2.168	0.000	0.000
2103	  L	  1.6	  0.0	2.168	26.386	26.386
2104	  Y	  2.1	  0.0	2.168	30.337	30.337
2105	  Y	  4.1	  0.0	2.168	30.337	30.337
2106	  H	  5.2	  0.0	2.033	30.337	30.337
2107	  V	  6.2	  0.0	2.033	30.337	30.337
2108	  F	  5.7	  0.1	2.033	25.522	25.522
2109	  R	  5.7	  0.1	1.689	0.000	0.000
2110	  R	  5.7	  0.1	0.716	0.000	0.000
2111	  I	  4.6	  0.1	0.107	0.000	0.000
2112	  S	  3.1	  0.1	0.107	0.000	0.000
2113	  K	  1.1	  0.1	0.000	0.000	0.000
2114	  Q	  0.6	  0.1	0.000	0.000	0.000
2115	  L	  0.4	  0.3	0.000	0.000	0.000
2116	  P	  0.1	  0.2	0.000	0.000	0.000
2117	  Q	  0.9	  0.2	0.000	0.000	0.000
2118	  L	  1.5	  0.2	0.000	0.000	0.000
2119	  T	  2.0	  0.1	2.543	0.000	0.000
2120	  S	  2.1	  0.1	2.822	0.000	0.000
2121	  L	  2.2	  0.1	2.822	0.000	0.000
2122	  E	  2.0	  0.1	2.822	0.000	0.000
2123	  L	  2.5	  0.0	2.822	0.000	0.000
2124	  Q	  3.4	  0.0	2.822	0.000	0.000
2125	  Y	  5.9	  0.0	1.430	0.000	0.000
2126	  V	  4.7	  0.0	0.302	0.000	0.000
2127	  S	  3.2	  0.3	1.253	0.000	0.000
2128	  P	  0.3	  0.3	0.952	0.000	0.000
2129	  K	  0.3	  0.3	0.952	0.000	0.000
2130	  L	  1.3	  0.3	0.952	0.000	0.000
2131	  L	  2.7	  0.0	0.952	0.000	0.000
2132	  M	  2.6	  0.0	0.952	0.000	0.000
2133	  C	  2.0	  0.4	0.435	0.000	0.000
2134	  R	  0.7	  0.4	0.299	0.000	0.000
2135	  D	  0.7	  0.4	0.592	0.000	0.000
2136	  L	  1.0	  0.5	0.592	0.000	0.000
2137	  E	  1.0	  0.1	0.592	0.000	0.000
2138	  L	  1.4	  0.0	0.592	0.000	0.000
2139	  A	  0.8	  0.0	0.592	0.000	0.000
2140	  V	  0.7	  0.4	0.592	0.000	0.000
2141	  P	  0.1	  0.5	0.000	0.000	0.000
2142	  G	  0.1	  0.5	0.000	0.000	0.000
2143	  T	 13.1	  0.5	0.000	0.000	0.000
2144	  Y	 13.3	  0.2	0.000	0.000	0.000
2145	  D	 13.2	  7.1	0.000	0.000	0.000
2146	  P	  0.2	  7.1	0.000	0.000	0.000
2147	  N	  0.0	  7.1	0.000	0.000	0.000
2148	  Q	  0.0	  7.1	0.000	0.000	0.000
2149	  P	  0.0	  0.0	0.000	0.000	0.000
2150	  I	  3.9	  0.0	0.000	0.000	0.000
2151	  I	 12.8	  0.0	0.000	0.000	0.000
2152	  R	 14.1	  0.0	0.000	0.000	0.000
2153	  I	 10.7	  0.0	0.000	0.000	0.000
2154	  Q	  1.7	  0.0	0.000	0.000	0.000
2155	  S	  1.0	  0.0	0.000	0.000	0.000
2156	  I	  1.2	  0.0	0.000	0.000	0.000
2157	  A	  1.1	  0.4	0.000	0.000	0.000
2158	  P	  0.4	  0.4	0.000	0.000	0.000
2159	  S	  0.6	  0.4	0.117	0.216	0.216
2160	  L	  1.4	  0.4	0.117	0.594	0.594
2161	  Q	  1.7	  0.0	0.117	0.594	0.594
2162	  V	  5.4	  0.0	0.117	0.594	0.594
2163	  I	  7.1	  0.0	0.117	0.594	0.594
2164	  T	  8.1	  0.1	0.117	0.378	0.378
2165	  S	  4.1	  0.2	0.117	0.000	0.000
2166	  K	  1.9	  0.2	0.117	0.000	0.000
2167	  Q	  0.6	  0.1	0.000	0.000	0.000
2168	  R	  0.4	  0.3	0.000	0.000	0.000
2169	  P	  0.1	  0.2	0.000	0.000	0.000
2170	  R	  0.3	  0.2	0.000	0.000	0.000
2171	  K	  2.4	  0.2	0.000	0.000	0.000
2172	  L	  4.7	  0.1	0.000	0.000	0.000
2173	  T	  5.2	  0.0	0.000	0.000	0.000
2174	  L	  3.4	  0.2	0.000	0.000	0.000
2175	  M	  1.1	  0.8	0.000	0.000	0.000
2176	  G	  0.3	  1.8	0.000	0.000	0.000
2177	  S	  0.1	  3.1	0.000	0.000	0.000
2178	  N	  0.0	  3.0	0.000	0.000	0.000
2179	  G	  0.0	  2.5	0.000	0.000	0.000
2180	  H	  0.6	  1.5	0.000	0.000	0.000
2181	  E	  0.7	  0.1	0.000	0.095	0.095
2182	  F	  2.4	  0.0	0.000	98.779	98.779
2183	  V	  5.5	  0.0	0.000	98.779	98.779
2184	  F	  6.2	  0.0	0.000	98.779	98.779
2185	  L	  4.7	  0.0	0.000	98.779	98.779
2186	  L	  1.1	  0.4	0.000	98.779	98.779
2187	  K	  0.3	  0.5	0.000	0.095	0.095
2188	  G	  0.1	  0.5	0.000	0.004	0.004
2189	  H	  0.1	  1.2	0.000	0.000	0.000
2190	  E	  0.1	  0.8	0.000	0.000	0.000
2191	  D	  0.5	  0.7	0.000	0.000	0.000
2192	  L	  0.7	  0.8	0.000	0.000	0.000
2193	  R	  1.9	  0.4	0.000	0.000	0.000
2194	  Q	  1.6	  0.4	0.000	0.000	0.000
2195	  D	  1.3	  0.5	1.136	0.000	0.000
2196	  E	  0.2	  0.4	1.352	0.000	0.000
2197	  R	  1.9	  0.1	1.352	0.000	0.000
2198	  V	  4.7	  0.1	1.352	33.332	33.332
2199	  M	  6.5	  0.1	1.352	34.297	34.297
2200	  Q	  5.9	  0.1	1.352	35.027	35.027
2201	  L	  3.2	  0.1	1.214	55.600	55.600
2202	  F	  1.4	  0.1	1.069	57.516	57.516
2203	  G	  0.3	  0.1	0.231	55.178	55.178
2204	  L	  0.9	  0.1	0.000	56.635	56.635
2205	  V	  2.0	  0.1	0.000	55.719	55.719
2206	  N	  2.1	  0.0	0.279	31.328	31.328
2207	  T	  2.2	  0.0	0.279	30.329	30.329
2208	  L	  1.1	  0.0	0.279	29.777	29.777
2209	  L	  1.1	  0.3	0.279	26.332	26.332
2210	  A	  0.3	  0.3	0.279	6.833	6.833
2211	  N	  0.1	  0.3	0.279	0.197	0.197
2212	  D	  0.0	  1.1	0.358	0.000	0.000
2213	  P	  0.0	  0.8	0.358	0.000	0.000
2214	  T	  0.5	  0.8	0.566	0.000	0.000
2215	  S	  2.5	  0.8	0.717	0.000	0.000
2216	  L	  2.8	  0.1	0.717	0.000	0.000
2217	  R	  2.8	  0.3	0.717	0.000	0.000
2218	  K	  0.9	  0.3	0.595	0.000	0.000
2219	  N	  0.9	  0.4	0.358	0.000	0.000
2220	  L	  2.0	  0.4	0.151	0.000	0.000
2221	  S	  2.4	  0.2	0.291	0.000	0.000
2222	  I	  2.6	  0.2	0.141	0.000	0.000
2223	  Q	  1.7	  0.1	0.141	0.000	0.000
2224	  R	  1.7	  0.0	0.141	0.000	0.000
2225	  Y	  2.5	  0.0	0.141	0.000	0.000
2226	  A	  3.6	  0.0	0.141	0.000	0.000
2227	  V	  3.9	  0.0	0.000	0.000	0.000
2228	  I	  2.7	  0.0	0.000	0.000	0.000
2229	  P	  0.7	  0.0	0.000	0.000	0.000
2230	  L	  0.2	  0.1	0.000	0.000	0.000
2231	  S	  0.9	  0.5	0.000	0.000	0.000
2232	  T	  1.7	  0.6	0.000	0.000	0.000
2233	  N	  1.6	  0.8	0.000	0.000	0.000
2234	  S	  0.9	  0.7	0.000	0.000	0.000
2235	  G	  0.0	  0.3	0.000	0.000	0.000
2236	  L	  0.2	  0.4	0.000	0.000	0.000
2237	  I	  0.3	  0.3	0.000	0.000	0.000
2238	  G	  0.3	  0.3	0.000	0.000	0.000
2239	  W	  0.3	  0.3	0.000	0.000	0.000
2240	  V	  0.2	  0.2	0.000	0.000	0.000
2241	  P	  0.1	  0.2	0.000	0.000	0.000
2242	  H	  0.7	  0.3	0.000	0.000	0.000
2243	  C	  0.9	  0.4	0.000	0.000	0.000
2244	  D	  0.9	  0.3	0.238	0.000	0.000
2245	  T	  1.5	  0.3	1.104	0.000	0.000
2246	  L	  1.7	  0.1	1.104	0.000	0.000
2247	  H	  2.0	  0.0	1.226	0.000	0.000
2248	  A	  1.0	  0.0	1.226	0.000	0.000
2249	  L	  0.8	  0.0	1.226	0.000	0.000
2250	  I	  0.7	  0.3	1.226	0.000	0.000
2251	  R	  0.6	  0.3	1.226	0.000	0.000
2252	  D	  1.6	  0.3	1.551	0.000	0.000
2253	  Y	  2.0	  0.3	1.238	0.000	0.000
2254	  R	  1.8	  0.1	1.093	0.000	0.000
2255	  E	  1.1	  0.1	1.250	0.000	0.000
2256	  K	  0.5	  0.2	1.250	0.000	0.000
2257	  K	  0.7	  0.1	1.132	0.000	0.000
2258	  K	  0.8	  0.1	0.721	0.000	0.000
2259	  I	  3.6	  0.0	0.408	7.926	7.926
2260	  L	  3.9	  0.0	0.408	7.926	7.926
2261	  L	  6.9	  0.0	0.408	7.926	7.926
2262	  N	  6.7	  0.0	1.694	7.926	7.926
2263	  I	  6.8	  0.0	1.286	7.926	7.926
2264	  E	  3.6	  0.0	1.286	0.000	0.000
2265	  H	  3.2	  0.0	1.286	0.000	0.000
2266	  R	  5.7	  0.0	1.286	0.000	0.000
2267	  I	  8.8	  0.0	1.286	0.000	0.000
2268	  M	  6.5	  0.0	1.286	0.000	0.000
2269	  L	  5.1	  0.0	0.998	0.000	0.000
2270	  R	  2.1	  0.0	0.857	0.000	0.000
2271	  M	  1.9	  0.0	0.551	0.000	0.000
2272	  A	  0.4	  1.0	0.128	0.000	0.000
2273	  P	  0.0	  1.0	0.000	0.000	0.000
2274	  D	  0.4	  1.8	0.000	0.000	0.000
2275	  Y	  0.9	  1.9	0.000	0.000	0.000
2276	  D	  0.9	  0.9	2.306	0.000	0.000
2277	  H	  1.1	  0.9	2.306	0.000	0.000
2278	  L	  2.9	  0.1	2.306	0.000	0.000
2279	  T	  3.6	  0.0	2.609	0.000	0.000
2280	  L	  3.2	  0.0	2.609	0.000	0.000
2281	  M	  1.1	  0.0	2.609	0.000	0.000
2282	  Q	  0.8	  0.0	1.447	0.000	0.000
2283	  K	  7.0	  0.0	0.834	0.000	0.000
2284	  V	 24.1	  0.0	0.544	0.000	0.000
2285	  E	 25.0	  0.0	0.544	0.000	0.000
2286	  V	 22.0	  0.0	0.207	0.000	0.000
2287	  F	  6.1	  0.1	0.207	0.000	0.000
2288	  E	  4.2	  0.1	0.000	0.000	0.000
2289	  H	  2.1	  0.1	0.000	0.000	0.000
2290	  A	  1.0	  0.1	0.000	0.000	0.000
2291	  V	  1.5	  0.1	0.000	0.000	0.000
2292	  N	  1.0	  0.1	0.000	0.000	0.000
2293	  N	  0.7	  0.1	0.080	0.000	0.000
2294	  T	  0.2	  0.3	1.663	0.000	0.000
2295	  A	  0.1	  1.0	1.663	0.000	0.000
2296	  G	  0.1	  1.1	3.974	0.000	0.000
2297	  D	  0.0	  1.1	13.261	0.000	0.000
2298	  D	  0.0	  0.9	41.130	0.579	0.579
2299	  L	  0.0	  0.2	41.223	0.579	0.579
2300	  A	  0.2	  0.1	41.223	0.579	0.579
2301	  K	  0.3	  0.0	41.223	0.579	0.579
2302	  L	  0.6	  0.0	40.984	0.579	0.579
2303	  L	  0.7	  0.0	40.406	0.579	0.579
2304	  W	  0.9	  0.0	38.250	0.579	0.579
2305	  L	  1.0	  0.0	30.835	0.488	0.488
2306	  K	  0.7	  0.0	23.339	0.000	0.000
2307	  S	  0.5	  1.8	5.334	0.000	0.000
2308	  P	  0.1	  1.8	0.000	0.000	0.000
2309	  S	  0.1	  1.9	0.000	0.000	0.000
2310	  S	  0.2	  1.9	0.000	0.000	0.000
2311	  E	  1.7	  0.2	0.000	0.000	0.000
2312	  V	  3.1	  0.1	0.000	0.000	0.000
2313	  W	  3.9	  0.0	0.000	0.000	0.000
2314	  F	  2.7	  0.0	0.000	0.000	0.000
2315	  D	  1.3	  0.1	1.265	0.000	0.000
2316	  R	  0.6	  0.2	1.265	0.000	0.000
2317	  R	  0.8	  0.2	1.265	0.000	0.000
2318	  T	  1.4	  0.2	1.265	0.000	0.000
2319	  N	  2.6	  0.1	1.265	0.000	0.000
2320	  Y	  5.3	  0.1	1.265	0.000	0.000
2321	  T	  6.9	  0.1	0.133	0.000	0.000
2322	  R	  5.9	  0.1	0.133	0.000	0.000
2323	  S	  2.9	  0.1	0.133	5.737	5.737
2324	  L	  1.0	  0.1	0.133	51.958	51.958
2325	  A	  1.3	  0.0	0.133	59.351	59.351
2326	  V	  4.7	  0.0	0.133	68.097	68.097
2327	  M	  6.6	  0.0	0.133	68.808	68.808
2328	  S	  6.2	  0.0	0.510	69.394	69.394
2329	  M	  3.0	  0.2	0.510	74.384	74.384
2330	  V	  0.8	  0.2	0.510	78.238	78.238
2331	  G	  0.4	  0.2	0.510	77.215	77.215
2332	  Y	  1.2	  0.2	0.510	77.966	77.966
2333	  I	  2.3	  0.0	0.510	77.744	77.744
2334	  L	  2.4	  0.1	0.510	73.353	73.353
2335	  G	  1.3	  0.2	0.510	46.616	46.616
2336	  L	  0.1	  1.0	0.138	44.210	44.210
2337	  G	  0.0	  1.1	0.000	3.672	3.672
2338	  D	  0.0	  1.0	0.000	0.000	0.000
2339	  R	  0.1	  0.9	0.000	0.000	0.000
2340	  H	  0.1	  1.2	0.000	0.000	0.000
2341	  P	  0.1	  1.4	0.000	0.000	0.000
2342	  S	  0.0	  1.4	0.000	0.000	0.000
2343	  N	  0.0	  1.4	0.486	0.000	0.000
2344	  L	  1.1	  0.3	0.486	0.000	0.000
2345	  M	  1.6	  0.0	0.778	0.000	0.000
2346	  L	  1.6	  0.0	0.778	0.000	0.000
2347	  D	  0.5	  0.1	0.954	0.000	0.000
2348	  R	  0.5	  0.3	0.954	0.000	0.000
2349	  L	  0.6	  0.6	0.824	0.000	0.000
2350	  S	  0.6	  0.6	0.824	0.000	0.000
2351	  G	  0.2	  0.5	0.505	0.000	0.000
2352	  K	  0.6	  0.4	0.177	0.000	0.000
2353	  I	  1.2	  0.1	0.000	0.000	0.000
2354	  L	  4.4	  0.0	0.000	0.000	0.000
2355	  H	  9.2	  0.1	0.000	0.000	0.000
2356	  I	 11.5	  0.1	0.000	0.000	0.000
2357	  D	  8.3	  0.5	0.000	0.000	0.000
2358	  F	  3.1	  2.0	0.000	0.000	0.000
2359	  G	  0.1	  1.9	0.000	0.000	0.000
2360	  D	  1.2	  1.9	0.000	0.000	0.000
2361	  C	  4.8	  1.5	0.000	0.000	0.000
2362	  F	 12.9	  0.0	0.000	0.000	0.000
2363	  E	 13.3	  0.0	0.000	0.000	0.000
2364	  V	 13.1	  0.0	0.000	0.000	0.000
2365	  A	  5.2	  0.0	0.000	0.000	0.000
2366	  M	  3.7	  0.0	0.000	0.000	0.000
2367	  T	  0.6	  0.1	0.000	0.000	0.000
2368	  R	  0.4	  0.1	0.000	0.000	0.000
2369	  E	  0.6	  0.1	0.000	0.000	0.000
2370	  K	  0.4	  0.1	0.000	0.000	0.000
2371	  F	  0.4	  0.3	0.000	0.000	0.000
2372	  P	  0.1	  0.3	0.000	0.000	0.000
2373	  E	  0.1	  0.3	0.000	0.000	0.000
2374	  K	  0.3	  0.3	0.000	0.000	0.000
2375	  I	  0.3	  0.1	0.000	0.000	0.000
2376	  P	  0.2	  0.0	0.000	0.000	0.000
2377	  F	  2.1	  0.0	0.000	0.000	0.000
2378	  R	  2.8	  0.0	0.000	0.000	0.000
2379	  L	  3.0	  0.0	0.000	0.000	0.000
2380	  T	  1.4	  0.0	0.000	0.000	0.000
2381	  R	  1.1	  0.0	0.000	0.000	0.000
2382	  M	  1.2	  0.0	0.000	0.000	0.000
2383	  L	  1.1	  0.1	0.000	0.000	0.000
2384	  T	  0.7	  0.1	0.000	0.000	0.000
2385	  N	  0.4	  0.1	0.000	0.000	0.000
2386	  A	  0.2	  0.1	0.000	0.000	0.000
2387	  M	  2.3	  0.0	0.000	0.000	0.000
2388	  E	  7.7	  0.0	0.000	0.000	0.000
2389	  V	  8.3	  0.0	0.000	0.000	0.000
2390	  T	  6.2	  0.1	0.000	0.000	0.000
2391	  G	  0.8	  0.5	0.000	0.000	0.000
2392	  L	  0.2	  0.6	0.000	0.000	0.000
2393	  D	  0.1	  1.2	0.000	0.000	0.000
2394	  G	  0.1	  1.1	0.000	0.000	0.000
2395	  N	  1.8	  0.7	0.096	0.000	0.000
2396	  Y	  7.2	  0.6	0.096	0.000	0.000
2397	  R	 12.5	  0.0	0.096	0.000	0.000
2398	  I	 19.4	  0.0	0.096	0.716	0.716
2399	  T	 16.8	  0.0	0.096	0.716	0.716
2400	  C	 11.7	  0.0	0.096	0.716	0.716
2401	  H	  5.3	  0.0	0.096	0.716	0.716
2402	  T	  5.8	  0.0	1.071	0.716	0.716
2403	  V	  7.1	  0.0	1.071	0.716	0.716
2404	  M	  7.0	  0.0	1.211	0.381	0.381
2405	  E	  4.0	  0.0	1.211	0.000	0.000
2406	  V	  4.4	  0.0	1.211	0.000	0.000
2407	  L	  2.3	  0.0	1.211	0.000	0.000
2408	  R	  1.9	  0.1	1.099	0.000	0.000
2409	  E	  1.3	  0.1	0.927	0.000	0.000
2410	  H	  1.5	  0.7	0.221	0.000	0.000
2411	  K	  1.5	  0.7	0.000	0.000	0.000
2412	  D	  0.4	  0.6	0.118	0.000	0.000
2413	  S	  0.8	  0.6	0.921	5.952	5.952
2414	  V	  2.1	  0.1	0.921	11.386	11.386
2415	  M	  2.4	  0.0	0.921	11.386	11.386
2416	  A	  2.7	  0.0	1.072	11.386	11.386
2417	  V	  2.8	  0.0	1.072	11.386	11.386
2418	  L	  2.5	  0.1	1.072	10.464	10.464
2419	  E	  1.7	  0.1	0.952	0.000	0.000
2420	  A	  0.6	  0.1	0.795	0.000	0.000
2421	  F	  2.1	  0.1	0.628	0.000	0.000
2422	  V	  8.0	  0.0	0.000	0.000	0.000
2423	  Y	  7.9	  0.0	0.000	0.000	0.000
2424	  D	  6.2	  0.2	0.845	0.000	0.000
2425	  P	  0.2	  0.2	0.845	0.000	0.000
2426	  L	  0.4	  0.4	0.845	0.000	0.000
2427	  L	  2.0	  0.4	0.845	0.000	0.000
2428	  N	  3.5	  0.2	0.845	0.000	0.000
2429	  W	  4.2	  0.2	0.845	0.000	0.000
2430	  R	  3.1	  0.1	0.253	0.000	0.000
2431	  L	  2.0	  0.1	0.000	0.000	0.000
2432	  M	  1.1	  0.2	0.000	0.000	0.000
2433	  D	  0.8	  0.8	0.625	0.000	0.000
2434	  T	  1.0	  0.8	0.625	0.000	0.000
2435	  N	  1.2	  0.8	0.625	0.000	0.000
2436	  T	  1.2	  1.0	0.625	0.000	0.000
2437	  K	  0.6	  0.8	0.625	0.000	0.000
2438	  G	  0.1	  0.8	0.625	0.000	0.000
2439	  N	  0.1	  0.8	0.190	0.000	0.000
2440	  K	  0.3	  0.7	0.000	0.000	0.000
2441	  R	  0.6	  0.2	0.000	0.000	0.000
2442	  S	  0.8	  0.3	0.000	0.000	0.000
2443	  R	  0.8	  0.2	0.000	0.000	0.000
2444	  T	  1.0	  0.2	0.000	0.000	0.000
2445	  R	  1.1	  0.3	0.000	0.000	0.000
2446	  T	  1.3	  0.2	0.000	0.000	0.000
2447	  D	  1.3	  0.3	0.000	0.000	0.000
2448	  S	 22.0	  0.5	0.000	0.000	0.000
2449	  Y	 24.7	  0.4	0.000	0.000	0.000
2450	  S	 24.3	  1.0	0.000	0.000	0.000
2451	  A	  4.2	  0.9	0.000	0.000	0.000
2452	  G	  0.1	  0.8	0.000	0.000	0.000
2453	  Q	  0.3	  0.7	0.000	0.000	0.000
2454	  S	  4.2	  0.1	0.000	0.000	0.000
2455	  V	 11.5	  0.1	0.000	0.000	0.000
2456	  E	 11.4	  0.0	0.000	0.000	0.000
2457	  I	  8.2	  0.2	0.000	0.000	0.000
2458	  L	  0.7	  0.7	0.000	0.000	0.000
2459	  D	  0.5	  0.7	0.000	0.000	0.000
2460	  G	  0.1	  0.7	0.000	0.000	0.000
2461	  V	  4.7	  0.6	0.000	0.000	0.000
2462	  E	  4.8	  0.1	0.000	0.000	0.000
2463	  L	  4.7	  0.1	0.000	0.000	0.000
2464	  G	  0.0	  0.1	0.000	0.000	0.000
2465	  E	  0.0	  0.0	0.000	0.000	0.000
2466	  P	  0.0	  0.0	0.000	0.000	0.000
2467	  A	  0.2	  0.0	0.000	0.000	0.000
2468	  H	  0.4	  0.1	0.000	0.000	0.000
2469	  K	  0.6	  0.3	0.000	0.000	0.000
2470	  K	  0.5	  0.3	0.000	0.000	0.000
2471	  T	  0.4	  0.7	0.000	0.000	0.000
2472	  G	  0.2	  0.7	0.000	0.000	0.000
2473	  T	  3.8	  0.5	0.000	0.000	0.000
2474	  T	  4.4	  0.4	0.000	0.000	0.000
2475	  V	  4.4	  0.0	0.000	0.000	0.000
2476	  P	  0.7	  0.1	0.000	0.000	0.000
2477	  E	  0.0	  0.1	0.000	0.000	0.000
2478	  S	  0.8	  0.1	0.000	0.000	0.000
2479	  I	  1.2	  0.2	0.000	0.000	0.000
2480	  H	  1.5	  0.0	0.000	0.000	0.000
2481	  S	  1.6	  0.0	0.000	0.000	0.000
2482	  F	  1.7	  0.2	0.000	0.000	0.000
2483	  I	  1.4	  3.6	0.000	0.000	0.000
2484	  G	  0.5	  3.7	0.000	0.000	0.000
2485	  D	  0.0	  3.7	0.000	0.000	0.000
2486	  G	  0.0	  3.6	0.000	0.000	0.000
2487	  L	  1.2	  0.2	0.000	0.000	0.000
2488	  V	  1.9	  0.0	0.000	0.000	0.000
2489	  K	  1.9	  0.2	1.151	0.000	0.000
2490	  P	  0.7	  0.2	1.326	0.000	0.000
2491	  E	  0.0	  0.2	1.496	0.000	0.000
2492	  A	  0.2	  0.2	1.496	0.000	0.000
2493	  L	  0.3	  0.0	1.496	0.000	0.000
2494	  N	  0.3	  0.1	1.781	0.000	0.000
2495	  K	  0.2	  0.2	1.559	0.000	0.000
2496	  K	  0.4	  0.2	0.814	0.000	0.000
2497	  A	  0.5	  0.1	0.285	0.133	0.133
2498	  I	  1.7	  0.0	0.285	0.133	0.133
2499	  Q	  2.0	  0.0	0.285	0.133	0.133
2500	  I	  2.9	  0.0	0.000	0.133	0.133
2501	  I	  2.3	  0.0	0.000	0.133	0.133
2502	  N	  1.8	  0.0	0.000	0.000	0.000
2503	  R	  2.4	  0.0	0.000	0.000	0.000
2504	  V	  2.5	  0.1	0.000	0.000	0.000
2505	  R	  2.5	  0.1	0.000	0.000	0.000
2506	  D	  0.8	  0.2	0.233	0.000	0.000
2507	  K	  2.0	  0.2	0.233	0.000	0.000
2508	  L	  2.1	  0.2	0.233	0.000	0.000
2509	  T	  2.2	  0.5	0.233	0.000	0.000
2510	  G	  0.2	  0.7	0.233	0.000	0.000
2511	  R	  0.3	  0.7	0.233	0.000	0.000
2512	  D	  0.9	  0.8	0.000	0.000	0.000
2513	  F	  3.1	  0.7	0.000	0.000	0.000
2514	  S	  3.7	  0.9	0.000	0.000	0.000
2515	  H	  3.1	  1.1	0.000	0.000	0.000
2516	  D	  0.9	  0.9	0.000	0.000	0.000
2517	  D	  0.1	  0.9	0.000	0.000	0.000
2518	  T	  1.6	  0.4	0.000	0.000	0.000
2519	  L	  5.0	  0.1	0.000	0.000	0.000
2520	  D	  5.0	  0.0	0.000	0.000	0.000
2521	  V	  3.6	  0.0	0.000	0.000	0.000
2522	  P	  0.1	  0.0	0.111	0.000	0.000
2523	  T	  0.8	  0.0	1.737	0.000	0.000
2524	  Q	  2.6	  0.0	1.875	0.000	0.000
2525	  V	  7.0	  0.0	1.875	0.599	0.599
2526	  E	  6.3	  0.0	2.064	0.599	0.599
2527	  L	  5.3	  0.0	2.064	0.599	0.599
2528	  L	  1.2	  0.0	2.064	0.599	0.599
2529	  I	  2.4	  0.0	2.064	0.599	0.599
2530	  K	  1.7	  0.0	2.064	0.599	0.599
2531	  Q	  1.5	  0.0	1.138	0.000	0.000
2532	  A	  0.5	  0.1	0.256	0.000	0.000
2533	  T	  1.1	  0.1	0.000	0.000	0.000
2534	  S	  1.6	  0.1	0.000	0.000	0.000
2535	  H	  1.6	  0.7	0.000	0.000	0.000
2536	  E	  0.9	  0.7	0.000	0.000	0.000
2537	  N	  0.4	  0.6	0.000	0.000	0.000
2538	  L	  0.4	  0.6	0.000	0.000	0.000
2539	  C	  1.7	  0.1	0.251	0.000	0.000
2540	  Q	  3.1	  0.1	0.251	0.000	0.000
2541	  C	  4.4	  0.1	0.449	0.670	0.670
2542	  Y	  3.7	  0.1	0.449	0.670	0.670
2543	  I	  2.1	  0.0	0.449	0.670	0.670
2544	  G	  0.7	  0.0	0.449	0.670	0.670
2545	  W	  0.4	  0.0	0.449	0.670	0.670
2546	  C	  0.2	  0.2	0.449	0.000	0.000
2547	  P	  0.2	  0.2	0.000	0.000	0.000
2548	  F	  0.0	  0.2	0.000	0.000	0.000
2549	  W	  0.0	  0.2	0.000	0.000	0.000
