res	aa	Beta	Turn	Helix	Aggregation	Conc-Stab_Aggregation
01	  M	  0.0	  0.1	0.000	0.000	0.000
02	  G	  0.0	  1.5	4.045	0.000	0.000
03	  P	  0.0	  1.5	4.157	0.045	0.045
04	  G	  0.0	  1.5	7.233	7.589	7.589
05	  V	  3.6	  1.4	7.493	91.369	91.369
06	  L	  4.5	  0.0	7.671	98.464	98.464
07	  L	  5.3	  0.0	7.671	99.740	99.740
08	  L	  2.6	  0.0	7.671	99.922	99.922
09	  L	  2.5	  0.0	7.671	99.943	99.943
10	  L	  2.5	  0.0	7.559	99.641	99.641
11	  V	  2.7	  0.0	6.905	97.840	97.840
12	  A	  2.0	  0.0	6.600	76.359	76.359
13	  T	  1.8	  0.0	1.851	58.154	58.154
14	  A	  1.1	  0.0	1.851	47.320	47.320
15	  W	  1.2	  0.5	1.003	38.160	38.160
16	  H	  0.6	  0.7	0.000	0.306	0.306
17	  G	  0.2	  0.9	0.000	0.026	0.026
18	  Q	  0.1	  0.9	0.000	0.001	0.001
19	  G	  0.0	  0.4	0.000	0.000	0.000
20	  I	  0.1	  0.2	0.000	0.000	0.000
21	  P	  0.1	  0.0	0.000	0.000	0.000
22	  V	  8.3	  0.0	0.000	0.000	0.000
23	  I	  8.7	  0.0	0.000	0.000	0.000
24	  E	  8.7	  0.2	0.000	0.000	0.000
25	  P	  0.5	  0.2	0.000	0.000	0.000
26	  S	  0.2	  0.2	0.000	0.000	0.000
27	  V	  0.2	  0.2	0.000	0.000	0.000
28	  P	  0.2	  0.0	0.168	0.000	0.000
29	  E	  0.1	  0.0	0.168	0.000	0.000
30	  L	  1.9	  0.0	0.168	0.000	0.000
31	  V	  7.8	  0.0	0.168	0.000	0.000
32	  V	  8.4	  0.0	0.168	0.000	0.000
33	  K	  6.5	  0.9	0.168	0.000	0.000
34	  P	  0.6	  1.1	0.000	0.000	0.000
35	  G	  0.0	  1.1	0.000	0.000	0.000
36	  A	  0.6	  1.1	0.000	0.497	0.497
37	  T	 11.0	  0.2	0.000	0.497	0.497
38	  V	 17.5	  0.0	0.000	0.497	0.497
39	  T	 18.9	  0.0	0.000	0.497	0.497
40	  L	 11.7	  0.0	0.000	0.497	0.497
41	  R	  6.0	  0.0	0.000	0.000	0.000
42	  C	  4.2	  0.0	0.000	0.000	0.000
43	  V	  1.4	  2.2	0.000	0.000	0.000
44	  G	  0.4	  2.5	0.000	0.000	0.000
45	  N	  0.1	  2.6	0.000	0.000	0.000
46	  G	  0.0	  2.6	0.000	0.000	0.000
47	  S	  3.9	  0.3	0.000	0.000	0.000
48	  V	  7.0	  0.1	0.000	0.000	0.000
49	  E	  8.3	  0.1	0.000	0.000	0.000
50	  W	  4.6	  0.1	0.000	0.000	0.000
51	  D	  1.6	  0.1	0.000	0.000	0.000
52	  G	  0.1	  0.1	0.000	0.000	0.000
53	  P	  0.0	  0.0	0.000	0.000	0.000
54	  P	  0.0	  0.0	0.000	0.000	0.000
55	  S	  0.0	  0.4	0.000	0.000	0.000
56	  P	  0.0	  0.4	0.000	0.000	0.000
57	  H	  2.4	  0.4	0.000	0.000	0.000
58	  W	  5.2	  0.4	0.000	0.338	0.338
59	  T	  6.3	  0.0	0.000	0.338	0.338
60	  L	  4.6	  0.0	0.000	0.338	0.338
61	  Y	  2.0	  0.8	0.000	0.338	0.338
62	  S	  0.9	  1.3	0.000	0.338	0.338
63	  D	  0.3	  1.8	0.000	0.000	0.000
64	  G	  0.0	  2.0	0.000	0.000	0.000
65	  S	  0.9	  1.9	0.000	0.000	0.000
66	  S	  1.1	  1.4	0.000	0.000	0.000
67	  S	  1.4	  0.8	0.000	0.000	0.000
68	  I	  1.9	  0.7	0.000	0.000	0.000
69	  L	  1.9	  0.1	0.000	0.000	0.000
70	  S	  2.3	  0.5	0.000	0.000	0.000
71	  T	  0.9	  0.6	0.000	0.000	0.000
72	  N	  0.7	  0.6	0.233	0.000	0.000
73	  N	  0.1	  0.5	0.233	0.000	0.000
74	  A	  0.8	  0.1	0.233	0.000	0.000
75	  T	 20.9	  0.0	0.233	0.000	0.000
76	  F	 22.3	  0.1	0.233	0.000	0.000
77	  Q	 21.7	  0.1	0.233	0.000	0.000
78	  N	  2.0	  0.2	0.000	0.000	0.000
79	  T	  0.2	  0.4	0.000	0.000	0.000
80	  G	  0.1	  0.3	0.000	0.000	0.000
81	  T	 12.8	  0.3	0.000	0.000	0.000
82	  Y	 20.0	  0.2	0.000	0.000	0.000
83	  R	 21.3	  0.0	0.000	0.000	0.000
84	  C	 11.0	  0.0	0.000	0.000	0.000
85	  T	  2.8	  0.0	0.000	0.000	0.000
86	  E	  1.2	  0.8	0.000	0.000	0.000
87	  P	  0.0	  0.8	0.000	0.000	0.000
88	  G	  0.0	  0.8	0.000	0.000	0.000
89	  D	  0.0	  2.1	0.000	0.000	0.000
90	  P	  0.0	  1.3	0.000	0.000	0.000
91	  L	  0.0	  1.6	0.000	0.000	0.000
92	  G	  0.0	  1.9	0.000	0.000	0.000
93	  G	  0.1	  0.6	0.000	0.000	0.000
94	  S	  0.2	  0.6	0.221	0.583	0.583
95	  A	  0.4	  0.3	0.221	5.335	5.335
96	  A	  0.8	  0.0	0.221	10.955	10.955
97	  I	  3.3	  0.0	0.221	17.622	17.622
98	  H	  3.7	  0.0	0.221	17.622	17.622
99	  L	  3.9	  0.0	0.221	17.622	17.622
100	  Y	  3.4	  0.0	0.221	17.622	17.622
101	  V	  5.6	  0.0	0.000	17.622	17.622
102	  K	  4.9	  0.0	0.000	0.000	0.000
103	  D	  2.8	  0.3	0.000	0.000	0.000
104	  P	  0.0	  0.3	0.000	0.000	0.000
105	  A	  0.0	  0.3	0.000	0.000	0.000
106	  R	  0.0	  0.4	0.000	0.000	0.000
107	  P	  0.0	  0.2	0.000	0.000	0.000
108	  W	  3.3	  0.2	0.000	1.457	1.457
109	  N	  3.5	  0.2	0.119	1.457	1.457
110	  V	  4.6	  0.0	0.119	1.457	1.457
111	  L	  1.4	  0.0	0.119	1.457	1.457
112	  A	  1.2	  0.0	0.119	1.457	1.457
113	  Q	  0.4	  0.0	0.119	0.000	0.000
114	  E	  0.8	  0.0	0.119	0.000	0.000
115	  V	 13.0	  0.0	0.000	0.000	0.000
116	  V	 15.9	  0.0	0.000	0.000	0.000
117	  V	 18.3	  0.0	0.000	0.000	0.000
118	  F	  7.1	  0.2	0.000	0.000	0.000
119	  E	  3.6	  0.3	0.000	0.000	0.000
120	  D	  0.7	  2.9	0.207	0.000	0.000
121	  Q	  0.1	  2.9	0.207	0.000	0.000
122	  D	  0.1	  2.6	0.207	0.000	0.000
123	  A	  0.6	  2.6	0.207	0.000	0.000
124	  L	  0.7	  0.0	0.207	0.000	0.000
125	  L	  0.7	  0.0	0.207	0.000	0.000
126	  P	  0.1	  0.0	0.000	0.000	0.000
127	  C	  1.3	  0.0	0.000	0.000	0.000
128	  L	  1.5	  0.0	0.000	0.000	0.000
129	  L	  2.0	  0.0	0.000	0.000	0.000
130	  T	  0.8	  0.0	0.000	0.000	0.000
131	  D	  0.5	  0.0	0.755	0.000	0.000
132	  P	  0.0	  0.0	0.755	0.000	0.000
133	  V	  1.5	  0.0	0.755	0.694	0.694
134	  L	  1.7	  0.1	0.755	0.694	0.694
135	  E	  1.7	  0.2	0.755	0.694	0.694
136	  A	  0.2	  0.2	0.755	1.843	1.843
137	  G	  0.1	  0.2	0.666	3.202	3.202
138	  V	  4.4	  0.2	0.111	3.202	3.202
139	  S	  4.7	  0.0	0.815	3.202	3.202
140	  L	  4.8	  0.0	0.815	3.202	3.202
141	  V	  9.5	  0.0	0.815	3.202	3.202
142	  R	 10.7	  0.0	0.815	0.694	0.694
143	  V	 11.2	  0.2	0.704	0.694	0.694
144	  R	  2.6	  0.2	0.704	0.000	0.000
145	  G	  0.8	  0.2	0.307	0.000	0.000
146	  R	  0.1	  0.2	0.160	0.000	0.000
147	  P	  0.0	  0.0	0.000	0.000	0.000
148	  L	  0.2	  0.0	0.000	0.000	0.000
149	  M	  1.2	  0.0	0.000	0.000	0.000
150	  R	  1.8	  0.0	0.000	0.000	0.000
151	  H	  2.0	  0.1	0.000	0.000	0.000
152	  T	  1.3	  0.1	0.000	0.000	0.000
153	  N	  1.4	  0.2	0.000	0.000	0.000
154	  Y	  7.8	  0.2	0.000	0.000	0.000
155	  S	 37.9	  0.1	0.000	0.000	0.000
156	  F	 37.4	  0.1	0.000	0.000	0.000
157	  S	 33.0	  0.1	0.000	0.000	0.000
158	  P	  0.3	  0.1	0.000	0.000	0.000
159	  W	  0.1	  0.2	0.000	0.000	0.000
160	  H	  0.2	  0.2	0.000	0.000	0.000
161	  G	  0.3	  0.1	0.000	0.000	0.000
162	  F	  9.3	  0.1	0.000	0.000	0.000
163	  T	 12.6	  0.0	0.310	0.000	0.000
164	  I	 13.8	  0.0	0.310	0.000	0.000
165	  H	  5.3	  0.0	0.310	0.000	0.000
166	  R	  1.7	  0.0	0.310	0.000	0.000
167	  A	  0.5	  0.0	0.310	0.000	0.000
168	  K	  0.7	  0.0	0.310	0.000	0.000
169	  F	  1.1	  0.0	0.112	0.000	0.000
170	  I	  1.2	  0.0	0.000	0.000	0.000
171	  Q	  1.0	  0.1	0.000	0.000	0.000
172	  S	  1.1	  1.5	0.000	0.000	0.000
173	  Q	  1.3	  1.5	0.000	0.000	0.000
174	  D	  1.6	  1.5	0.000	0.000	0.000
175	  Y	  7.9	  1.4	0.000	0.000	0.000
176	  Q	  7.9	  0.0	0.000	0.000	0.000
177	  C	 11.3	  0.1	0.000	0.000	0.000
178	  S	  4.6	  0.1	0.158	0.000	0.000
179	  A	  4.3	  0.0	0.158	0.000	0.000
180	  L	  0.6	  0.0	0.158	0.000	0.000
181	  M	  0.5	  0.6	0.158	0.000	0.000
182	  G	  0.2	  0.7	0.158	0.000	0.000
183	  G	  0.0	  0.8	0.158	0.000	0.000
184	  R	  0.6	  0.8	0.000	0.000	0.000
185	  K	  1.5	  0.2	0.000	0.000	0.000
186	  V	  4.5	  0.0	0.000	0.000	0.000
187	  M	  5.8	  0.0	0.000	0.000	0.000
188	  S	 10.2	  0.1	1.280	0.000	0.000
189	  I	  9.5	  0.1	1.280	0.000	0.000
190	  S	  9.9	  0.1	2.277	0.000	0.000
191	  I	  8.4	  0.1	2.277	0.000	0.000
192	  R	  6.3	  0.0	2.277	0.000	0.000
193	  L	  5.7	  0.0	2.277	0.000	0.000
194	  K	  3.2	  0.0	2.132	0.000	0.000
195	  V	  3.6	  0.0	1.496	0.000	0.000
196	  Q	  2.6	  0.0	1.496	0.000	0.000
197	  K	  5.3	  0.0	0.263	0.000	0.000
198	  V	  5.2	  0.0	0.000	0.000	0.000
199	  I	  4.7	  0.0	0.000	0.000	0.000
200	  P	  0.7	  0.0	0.000	0.000	0.000
201	  G	  0.0	  0.0	0.000	0.000	0.000
202	  P	  0.0	  0.0	0.000	0.000	0.000
203	  P	  0.0	  0.0	0.000	0.000	0.000
204	  A	  0.2	  0.0	0.000	0.000	0.000
205	  L	  2.6	  0.0	0.000	0.000	0.000
206	  T	  4.6	  0.0	0.000	0.000	0.000
207	  L	  4.5	  0.0	0.000	0.000	0.000
208	  V	  2.2	  0.0	0.431	0.000	0.000
209	  P	  0.1	  0.0	0.972	0.000	0.000
210	  A	  0.1	  0.0	0.972	0.000	0.000
211	  E	  0.1	  0.0	1.254	0.000	0.000
212	  L	  0.3	  0.0	1.254	0.000	0.000
213	  V	  8.4	  0.0	1.254	0.000	0.000
214	  R	 12.0	  0.0	1.254	0.000	0.000
215	  I	 13.9	  0.1	0.943	0.000	0.000
216	  R	  6.0	  0.1	0.943	0.000	0.000
217	  G	  2.2	  0.1	0.264	0.000	0.000
218	  E	  0.1	  0.1	0.264	0.000	0.000
219	  A	  0.1	  0.1	0.000	0.000	0.000
220	  A	  0.4	  0.0	0.000	0.000	0.000
221	  Q	  1.9	  0.0	0.000	0.000	0.000
222	  I	  4.3	  0.0	0.000	0.162	0.162
223	  V	  5.0	  0.0	0.000	0.162	0.162
224	  C	  7.6	  0.0	0.000	0.162	0.162
225	  S	  7.7	  0.9	0.000	0.162	0.162
226	  A	  6.9	  1.0	0.000	0.162	0.162
227	  S	  3.3	  1.0	0.000	0.000	0.000
228	  S	  4.2	  1.2	0.000	0.000	0.000
229	  V	 11.8	  0.3	0.000	0.000	0.000
230	  D	 12.4	  0.5	0.000	0.000	0.000
231	  V	 11.2	  0.5	0.000	0.000	0.000
232	  N	  4.0	  0.4	0.113	0.000	0.000
233	  F	  6.4	  0.4	0.113	0.000	0.000
234	  D	  6.2	  0.1	0.113	0.000	0.000
235	  V	  8.9	  0.1	0.113	0.000	0.000
236	  F	  6.5	  0.0	0.113	0.000	0.000
237	  L	  4.7	  0.0	0.113	0.000	0.000
238	  Q	  1.5	  0.1	0.113	0.000	0.000
239	  H	  0.8	  0.2	0.000	0.000	0.000
240	  N	  0.3	  0.2	0.000	0.000	0.000
241	  N	  0.6	  0.2	0.000	0.000	0.000
242	  T	  1.5	  0.2	0.000	0.000	0.000
243	  K	  1.8	  0.1	0.000	0.000	0.000
244	  L	  2.0	  0.1	0.000	0.000	0.000
245	  A	  1.1	  0.0	0.000	0.000	0.000
246	  I	  0.8	  0.0	0.000	0.000	0.000
247	  P	  0.1	  0.1	0.000	0.000	0.000
248	  Q	  0.2	  0.1	0.000	0.000	0.000
249	  Q	  0.2	  0.4	0.000	0.000	0.000
250	  S	  0.2	  0.4	0.000	0.000	0.000
251	  D	  0.2	  0.3	0.000	0.000	0.000
252	  F	  1.2	  0.3	0.000	0.000	0.000
253	  H	  1.2	  0.2	0.000	0.000	0.000
254	  N	  1.0	  0.2	0.000	0.000	0.000
255	  N	  0.2	  0.2	0.000	0.000	0.000
256	  R	  1.4	  0.2	0.000	0.000	0.000
257	  Y	  3.3	  0.1	0.000	0.000	0.000
258	  Q	  3.8	  0.1	0.000	0.000	0.000
259	  K	  3.4	  0.1	0.000	0.000	0.000
260	  V	  3.1	  0.1	0.000	8.065	8.065
261	  L	  4.8	  0.0	0.000	8.644	8.644
262	  T	  5.7	  0.0	0.000	8.644	8.644
263	  L	  5.6	  0.0	0.000	8.644	8.644
264	  N	  3.6	  0.9	0.000	8.644	8.644
265	  L	  1.9	  0.9	0.000	7.396	7.396
266	  D	  0.5	  0.9	0.123	0.000	0.000
267	  Q	  0.7	  0.9	0.123	0.000	0.000
268	  V	  2.6	  0.0	0.123	0.000	0.000
269	  D	  3.1	  0.0	0.250	0.000	0.000
270	  F	  4.5	  0.1	0.250	0.000	0.000
271	  Q	  2.5	  0.1	0.250	0.000	0.000
272	  H	  2.0	  0.4	0.127	0.000	0.000
273	  A	  0.2	  1.5	0.127	0.000	0.000
274	  G	  0.1	  1.4	0.127	0.000	0.000
275	  N	  0.9	  1.8	0.127	0.000	0.000
276	  Y	 18.8	  1.5	0.000	0.000	0.000
277	  S	 20.0	  0.4	0.000	0.000	0.000
278	  C	 23.9	  0.4	0.000	0.000	0.000
279	  V	  8.2	  0.0	0.000	0.000	0.000
280	  A	  6.7	  0.2	0.000	0.000	0.000
281	  S	  1.9	  0.2	0.000	0.000	0.000
282	  N	  1.3	  0.2	0.000	0.000	0.000
283	  V	  1.5	  0.4	0.000	0.000	0.000
284	  Q	  1.5	  0.3	0.000	0.000	0.000
285	  G	  0.2	  0.4	0.000	0.000	0.000
286	  K	  0.1	  0.4	0.000	0.000	0.000
287	  H	  0.1	  0.4	0.000	0.000	0.000
288	  S	  2.3	  0.5	0.000	0.000	0.000
289	  T	  2.7	  0.4	0.000	0.373	0.373
290	  S	  3.0	  0.4	0.000	0.769	0.769
291	  M	  1.6	  0.2	0.000	4.929	4.929
292	  F	  2.9	  0.0	0.000	8.461	8.461
293	  F	  6.5	  0.0	0.000	8.612	8.612
294	  R	  8.0	  0.0	0.000	8.379	8.379
295	  V	 10.0	  0.0	0.000	8.379	8.379
296	  V	  7.5	  0.1	0.000	8.379	8.379
297	  E	  5.4	  0.1	0.000	8.379	8.379
298	  S	  1.7	  0.1	0.171	6.232	6.232
299	  A	  0.6	  0.1	0.171	6.101	6.101
300	  Y	  1.7	  0.2	0.171	6.101	6.101
301	  L	  3.1	  0.2	0.171	5.372	5.372
302	  N	  3.0	  0.7	0.171	0.844	0.844
303	  L	  2.2	  0.8	0.171	0.844	0.844
304	  S	  0.7	  0.6	0.000	0.000	0.000
305	  S	  0.5	  0.8	0.000	0.000	0.000
306	  E	  0.3	  0.4	0.000	0.000	0.000
307	  Q	  0.3	  0.3	0.000	0.000	0.000
308	  N	  0.7	  0.3	0.000	0.000	0.000
309	  L	  0.6	  0.1	0.000	0.000	0.000
310	  I	  0.6	  0.0	0.000	0.000	0.000
311	  Q	  0.5	  0.0	0.000	0.000	0.000
312	  E	  5.3	  0.0	0.000	0.000	0.000
313	  V	 23.4	  0.0	0.000	0.000	0.000
314	  T	 23.6	  0.1	0.000	0.000	0.000
315	  V	 19.2	  0.3	0.000	0.000	0.000
316	  G	  0.6	  0.6	0.290	0.000	0.000
317	  E	  0.1	  0.6	0.290	0.000	0.000
318	  G	  0.1	  0.6	1.487	0.000	0.000
319	  L	  1.5	  0.4	1.487	0.000	0.000
320	  N	  1.7	  0.2	4.148	0.000	0.000
321	  L	  3.2	  0.1	4.148	0.124	0.124
322	  K	  2.8	  0.0	4.148	0.124	0.124
323	  V	  9.4	  0.0	4.111	0.124	0.124
324	  M	  8.1	  0.0	4.111	0.124	0.124
325	  V	  8.7	  0.0	3.825	0.124	0.124
326	  E	  1.9	  0.0	3.825	0.124	0.124
327	  A	  1.7	  0.0	3.444	0.000	0.000
328	  Y	  0.2	  1.6	3.300	0.000	0.000
329	  P	  0.0	  1.5	0.000	0.000	0.000
330	  G	  0.0	  1.5	0.000	0.000	0.000
331	  L	  0.1	  2.0	0.000	0.000	0.000
332	  Q	  0.1	  0.5	0.000	0.000	0.000
333	  G	  0.2	  0.5	0.000	0.247	0.247
334	  F	  2.9	  0.5	0.000	3.553	3.553
335	  N	  3.9	  0.0	0.000	3.781	3.781
336	  W	 11.4	  0.0	0.000	3.781	3.781
337	  T	 11.9	  0.0	0.000	3.781	3.781
338	  Y	 11.2	  0.0	0.000	3.781	3.781
339	  L	  3.6	  0.2	0.000	3.269	3.269
340	  G	  0.4	  0.2	0.000	0.000	0.000
341	  P	  0.0	  0.2	0.000	0.000	0.000
342	  F	  0.3	  0.5	0.000	0.000	0.000
343	  S	  0.3	  0.4	0.000	0.000	0.000
344	  D	  0.4	  0.4	0.000	0.000	0.000
345	  H	  0.2	  0.4	0.000	0.000	0.000
346	  Q	  0.2	  0.1	0.000	0.000	0.000
347	  P	  0.1	  0.0	0.000	0.000	0.000
348	  E	  0.1	  0.0	0.205	0.000	0.000
349	  P	  0.0	  0.1	0.205	0.000	0.000
350	  K	  0.4	  0.1	0.205	0.000	0.000
351	  L	  0.4	  0.3	0.205	0.000	0.000
352	  A	  0.4	  0.3	0.205	0.000	0.000
353	  N	  0.1	  0.4	0.324	0.000	0.000
354	  A	  0.2	  0.5	0.119	0.000	0.000
355	  T	  2.7	  0.2	0.119	0.000	0.000
356	  T	  3.0	  0.4	0.119	0.000	0.000
357	  K	  3.1	  0.3	0.119	0.000	0.000
358	  D	  2.2	  0.2	0.119	0.000	0.000
359	  T	 11.7	  0.2	0.000	0.000	0.000
360	  Y	 12.6	  0.1	0.000	0.000	0.000
361	  R	 11.6	  0.0	0.000	0.000	0.000
362	  H	  4.1	  0.0	0.000	0.000	0.000
363	  T	 18.8	  0.0	0.000	0.000	0.000
364	  F	 22.1	  0.0	0.000	0.000	0.000
365	  T	 24.6	  0.0	0.000	0.000	0.000
366	  L	 11.7	  0.0	0.000	0.000	0.000
367	  S	  7.7	  0.0	0.000	0.000	0.000
368	  L	  3.2	  0.1	0.000	0.000	0.000
369	  P	  0.1	  0.2	0.000	0.000	0.000
370	  R	  0.7	  0.2	0.000	0.000	0.000
371	  L	  0.8	  0.2	0.000	0.000	0.000
372	  K	  0.8	  0.3	0.000	0.000	0.000
373	  P	  0.1	  0.4	0.000	0.000	0.000
374	  S	  0.0	  0.5	0.438	0.000	0.000
375	  E	  0.0	  0.8	0.438	0.000	0.000
376	  A	  0.0	  0.7	0.438	0.000	0.000
377	  G	  0.0	  0.7	0.566	0.000	0.000
378	  R	  1.1	  0.5	0.566	0.000	0.000
379	  Y	  7.5	  0.3	0.566	0.187	0.187
380	  S	  8.0	  0.0	2.228	0.187	0.187
381	  F	  7.6	  0.0	2.228	0.187	0.187
382	  L	  1.2	  0.0	2.228	0.187	0.187
383	  A	  0.7	  0.0	2.228	0.187	0.187
384	  R	  0.1	  0.0	2.228	0.000	0.000
385	  N	  0.1	  2.2	2.228	0.000	0.000
386	  P	  0.0	  2.3	0.000	0.000	0.000
387	  G	  0.0	  2.3	0.000	0.000	0.000
388	  G	  0.0	  2.3	0.266	0.000	0.000
389	  W	  1.0	  0.2	0.428	0.000	0.000
390	  R	  1.1	  0.0	0.428	0.000	0.000
391	  A	  1.2	  0.0	0.563	0.000	0.000
392	  L	  3.9	  0.0	0.700	0.000	0.000
393	  T	 13.8	  0.0	1.389	0.000	0.000
394	  F	 15.7	  0.0	1.558	0.000	0.000
395	  E	 12.7	  0.0	1.862	0.000	0.000
396	  L	  4.6	  0.0	1.862	0.000	0.000
397	  T	  4.6	  0.0	1.862	0.000	0.000
398	  L	  6.1	  0.0	1.862	0.000	0.000
399	  R	  4.2	  0.0	1.862	0.000	0.000
400	  Y	  2.1	  0.0	1.734	0.000	0.000
401	  P	  0.0	  0.2	0.000	0.000	0.000
402	  P	  0.0	  0.2	0.000	0.000	0.000
403	  E	  2.9	  0.2	0.000	0.000	0.000
404	  V	 11.1	  0.2	0.000	31.935	31.935
405	  S	 12.1	  0.0	0.000	34.613	34.613
406	  V	 10.9	  0.0	0.000	93.383	93.383
407	  I	  3.6	  0.0	0.000	97.968	97.968
408	  W	  9.3	  0.0	0.000	97.984	97.984
409	  T	  9.9	  0.0	0.000	97.637	97.637
410	  F	 10.3	  0.1	0.000	97.414	97.414
411	  I	  4.5	  1.4	0.000	89.941	89.941
412	  N	  2.2	  2.1	0.000	3.897	3.897
413	  G	  1.0	  2.3	0.000	0.530	0.530
414	  S	  0.1	  2.5	0.000	0.228	0.228
415	  G	  0.1	  1.3	0.000	0.194	0.194
416	  T	  0.9	  0.5	0.250	0.484	0.484
417	  L	  2.0	  0.3	0.250	0.713	0.713
418	  L	  2.4	  0.0	0.250	0.704	0.704
419	  C	  3.3	  0.0	0.417	0.650	0.650
420	  A	  2.2	  0.5	0.417	0.599	0.599
421	  A	  1.8	  0.7	0.417	0.400	0.400
422	  S	  0.2	  0.7	0.296	0.003	0.003
423	  G	  0.1	  0.7	0.167	0.000	0.000
424	  Y	  0.1	  0.2	0.167	0.000	0.000
425	  P	  0.0	  0.0	0.000	0.000	0.000
426	  Q	  0.0	  0.5	0.000	0.000	0.000
427	  P	  0.0	  0.5	0.000	0.000	0.000
428	  N	  2.0	  0.5	0.000	0.348	0.348
429	  V	  9.5	  0.5	0.000	1.030	1.030
430	  T	 11.7	  0.0	0.000	1.030	1.030
431	  W	 10.2	  0.0	0.000	1.030	1.030
432	  L	  4.3	  0.0	0.000	1.030	1.030
433	  Q	  2.5	  0.0	0.000	0.681	0.681
434	  C	  2.4	  0.6	0.000	0.333	0.333
435	  S	  0.9	  1.0	0.000	0.000	0.000
436	  G	  0.4	  1.0	0.000	0.000	0.000
437	  H	  0.5	  1.2	0.000	0.000	0.000
438	  T	  0.5	  0.7	0.000	0.000	0.000
439	  D	  0.5	  0.4	0.000	0.000	0.000
440	  R	  3.1	  0.3	0.000	0.000	0.000
441	  C	  3.2	  0.2	0.000	0.000	0.000
442	  D	  3.1	  0.3	0.143	0.000	0.000
443	  E	  0.2	  0.2	0.143	0.000	0.000
444	  A	  0.3	  0.2	0.143	0.000	0.000
445	  Q	  0.8	  0.1	0.143	0.000	0.000
446	  V	  3.1	  0.0	0.143	1.006	1.006
447	  L	  3.8	  0.0	0.143	1.006	1.006
448	  Q	  4.3	  0.0	0.143	1.006	1.006
449	  V	  4.1	  0.0	0.000	1.006	1.006
450	  W	  3.6	  0.0	0.000	1.006	1.006
451	  D	  2.6	  0.0	0.000	0.000	0.000
452	  D	  0.4	  0.0	0.000	0.000	0.000
453	  P	  0.0	  0.0	0.000	0.000	0.000
454	  Y	  0.0	  0.4	0.000	0.000	0.000
455	  P	  0.0	  0.4	0.000	0.000	0.000
456	  E	  0.5	  0.4	0.000	0.000	0.000
457	  V	  3.6	  0.4	0.000	0.000	0.000
458	  L	  3.8	  0.0	0.000	0.000	0.000
459	  S	  4.1	  0.0	0.000	0.000	0.000
460	  Q	  1.0	  0.0	0.000	0.000	0.000
461	  E	  0.8	  0.0	0.000	0.000	0.000
462	  P	  0.0	  0.0	0.000	0.000	0.000
463	  F	  1.0	  0.0	0.000	0.000	0.000
464	  H	  1.9	  0.0	0.000	0.000	0.000
465	  K	  6.5	  0.0	0.000	0.000	0.000
466	  V	 23.0	  0.0	0.000	12.011	12.011
467	  T	 30.2	  0.0	0.000	13.046	13.046
468	  V	 26.9	  0.0	0.000	13.279	13.279
469	  Q	 10.4	  0.0	0.000	13.279	13.279
470	  S	  1.3	  0.0	0.240	13.785	13.785
471	  L	  0.5	  0.0	0.240	13.785	13.785
472	  L	  3.9	  0.0	0.240	13.785	13.785
473	  T	 10.5	  0.0	0.360	13.577	13.577
474	  V	 10.9	  0.0	0.360	12.653	12.653
475	  E	  7.5	  0.0	0.360	0.000	0.000
476	  T	  1.6	  0.0	0.120	0.000	0.000
477	  L	  1.3	  0.1	0.120	0.000	0.000
478	  E	  1.7	  0.1	0.120	0.000	0.000
479	  H	  0.9	  0.1	0.000	0.000	0.000
480	  N	  0.7	  0.2	0.000	0.000	0.000
481	  Q	  1.1	  0.1	0.000	0.000	0.000
482	  T	 11.7	  0.1	0.164	0.000	0.000
483	  Y	 18.4	  0.1	0.164	0.000	0.000
484	  E	 17.9	  0.0	0.164	0.000	0.000
485	  C	  9.9	  0.1	0.164	0.000	0.000
486	  R	  2.7	  0.1	0.164	0.000	0.000
487	  A	  2.3	  0.1	0.164	0.000	0.000
488	  H	  0.4	  0.1	0.164	0.000	0.000
489	  N	  0.5	  0.1	0.000	0.000	0.000
490	  S	  0.9	  0.4	0.000	0.000	0.000
491	  V	  0.8	  1.5	0.000	0.000	0.000
492	  G	  0.5	  1.8	0.000	0.000	0.000
493	  S	  0.4	  1.9	0.000	0.000	0.000
494	  G	  0.3	  1.7	0.000	0.000	0.000
495	  S	  0.8	  0.5	0.000	0.000	0.000
496	  W	  1.0	  0.1	0.000	0.160	0.160
497	  A	  1.6	  0.0	0.000	0.160	0.160
498	  F	  1.3	  0.0	0.000	0.160	0.160
499	  I	  0.8	  0.0	0.000	0.160	0.160
500	  P	  0.2	  0.0	0.000	0.160	0.160
501	  I	  1.7	  0.0	0.000	0.000	0.000
502	  S	  1.7	  0.6	0.000	0.000	0.000
503	  A	  1.7	  0.8	0.000	0.000	0.000
504	  G	  0.1	  0.8	0.000	0.000	0.000
505	  A	  0.2	  0.8	0.000	0.000	0.000
506	  H	  2.2	  0.2	0.000	0.000	0.000
507	  T	  2.2	  0.0	0.000	0.000	0.000
508	  H	  2.1	  0.0	0.000	0.000	0.000
509	  P	  0.0	  1.0	0.000	0.000	0.000
510	  P	  0.0	  1.0	0.000	0.000	0.000
511	  D	  0.0	  1.0	0.000	0.000	0.000
512	  E	  0.0	  1.0	0.000	0.000	0.000
513	  F	  0.1	  0.0	0.000	0.000	0.000
514	  L	  0.0	  0.0	0.001	0.000	0.000
515	  F	  0.0	  0.0	0.002	0.000	0.000
516	  T	  0.0	  0.0	0.548	0.000	0.000
517	  P	  0.0	  0.0	0.689	0.063	0.063
518	  V	  0.0	  0.0	0.878	28.233	28.233
519	  V	  0.0	  0.0	1.289	41.197	41.197
520	  V	  0.0	  0.0	1.622	44.145	44.145
521	  A	  0.0	  0.0	3.280	44.931	44.931
522	  C	  0.0	  0.0	15.376	45.861	45.861
523	  M	  0.0	  0.0	17.084	51.240	51.240
524	  S	  0.0	  0.0	93.827	55.956	55.956
525	  I	  0.0	  0.0	96.602	89.536	89.536
526	  M	  0.0	  0.0	98.077	92.610	92.610
527	  A	  0.0	  0.0	99.617	95.304	95.304
528	  L	  0.0	  0.0	99.843	98.490	98.490
529	  L	  0.0	  0.0	99.946	99.074	99.074
530	  L	  0.0	  0.0	99.973	99.179	99.179
531	  L	  0.0	  0.0	99.979	99.194	99.194
532	  L	  0.0	  0.0	99.980	99.167	99.167
533	  L	  0.0	  0.0	99.979	99.006	99.006
534	  L	  0.0	  0.0	99.973	98.122	98.122
535	  L	  0.0	  0.0	99.950	93.292	93.292
536	  L	  0.0	  0.0	99.864	67.204	67.204
537	  L	  0.0	  0.0	99.543	50.567	50.567
538	  Y	  0.0	  0.0	97.980	37.683	37.683
539	  K	  0.0	  0.0	84.970	0.000	0.000
540	  Y	  0.0	  0.0	58.735	0.000	0.000
541	  K	  0.0	  0.0	45.480	0.000	0.000
542	  Q	  0.0	  0.0	30.291	0.000	0.000
543	  K	  0.0	  0.0	18.555	0.000	0.000
544	  P	  0.0	  0.0	0.043	0.000	0.000
545	  K	  0.0	  0.0	0.043	0.000	0.000
546	  Y	  0.7	  0.0	0.021	0.000	0.000
547	  Q	  0.9	  0.0	0.012	0.000	0.000
548	  V	  1.7	  0.0	0.004	0.000	0.000
549	  R	  1.2	  0.0	0.004	0.000	0.000
550	  W	  1.9	  0.0	0.003	0.146	0.146
551	  K	  2.3	  0.0	0.002	0.146	0.146
552	  I	  3.4	  0.0	0.000	0.146	0.146
553	  I	  3.0	  0.1	0.000	0.146	0.146
554	  E	  2.0	  0.1	0.000	0.146	0.146
555	  S	  7.4	  0.1	0.000	0.146	0.146
556	  Y	  7.2	  0.3	0.000	0.146	0.146
557	  E	  7.1	  1.7	0.000	0.000	0.000
558	  G	  0.3	  1.7	0.000	0.000	0.000
559	  N	  0.8	  1.7	0.000	0.000	0.000
560	  S	  8.0	  1.6	0.000	0.740	0.740
561	  Y	 19.6	  0.0	0.000	0.740	0.740
562	  T	 20.8	  0.0	0.000	0.740	0.740
563	  F	 15.9	  0.0	0.000	0.740	0.740
564	  I	  4.1	  0.0	0.000	0.740	0.740
565	  D	  2.1	  0.6	0.000	0.000	0.000
566	  P	  0.2	  0.6	0.000	0.000	0.000
567	  T	  2.0	  0.6	0.000	0.000	0.000
568	  Q	  2.1	  0.6	0.000	0.000	0.000
569	  L	  2.1	  0.2	0.000	0.000	0.000
570	  P	  0.1	  0.2	0.307	0.000	0.000
571	  Y	  0.3	  0.2	0.307	0.000	0.000
572	  N	  0.3	  0.2	0.474	0.000	0.000
573	  E	  0.5	  0.0	0.474	0.000	0.000
574	  K	  2.7	  0.0	0.474	0.000	0.000
575	  W	  6.7	  0.0	0.474	0.000	0.000
576	  E	  6.6	  0.0	0.474	0.000	0.000
577	  F	  4.1	  0.2	0.349	0.000	0.000
578	  P	  0.1	  0.5	0.000	0.000	0.000
579	  R	  0.1	  0.5	0.000	0.000	0.000
580	  N	  0.1	  0.6	0.000	0.000	0.000
581	  N	  0.4	  0.3	0.000	0.000	0.000
582	  L	  1.9	  0.1	0.000	0.000	0.000
583	  Q	  2.2	  0.2	0.000	0.000	0.000
584	  F	  2.1	  0.9	0.000	0.000	0.000
585	  G	  0.4	  1.0	0.000	0.000	0.000
586	  K	  0.4	  1.0	0.000	0.000	0.000
587	  T	  0.4	  0.8	0.000	0.000	0.000
588	  L	  0.4	  0.4	0.000	0.000	0.000
589	  G	  0.2	  0.8	0.168	0.000	0.000
590	  A	  0.0	  0.9	0.168	0.000	0.000
591	  G	  0.0	  1.1	0.168	0.000	0.000
592	  A	  0.1	  1.1	0.168	0.000	0.000
593	  F	  0.3	  0.8	0.168	0.000	0.000
594	  G	  0.3	  0.6	0.168	0.000	0.000
595	  K	  2.1	  0.4	0.168	0.000	0.000
596	  V	  6.1	  0.2	0.000	0.000	0.000
597	  V	  7.7	  0.0	0.000	0.000	0.000
598	  E	  6.0	  0.0	0.000	0.000	0.000
599	  A	  2.0	  0.0	0.000	0.422	0.422
600	  T	  1.2	  0.1	0.000	0.922	0.922
601	  A	  1.1	  0.1	0.000	0.922	0.922
602	  F	  1.1	  0.3	0.000	0.922	0.922
603	  G	  0.3	  0.5	0.000	0.922	0.922
604	  L	  0.2	  0.5	0.000	0.922	0.922
605	  G	  0.0	  0.6	0.643	0.000	0.000
606	  K	  0.1	  0.9	0.756	0.000	0.000
607	  E	  0.1	  0.7	0.969	0.000	0.000
608	  D	  0.1	  0.6	4.433	0.762	0.762
609	  A	  0.8	  0.5	4.433	0.762	0.762
610	  V	  1.9	  0.0	4.433	0.762	0.762
611	  L	  3.3	  0.0	4.433	0.762	0.762
612	  K	  4.4	  0.0	4.289	0.762	0.762
613	  V	  9.6	  0.0	4.106	0.762	0.762
614	  A	  8.8	  0.0	3.982	0.598	0.598
615	  V	 13.7	  0.0	3.498	0.598	0.598
616	  K	  7.8	  0.0	3.498	0.000	0.000
617	  M	  7.3	  0.0	1.235	0.000	0.000
618	  L	  0.9	  0.1	0.918	0.000	0.000
619	  K	  1.2	  0.1	0.503	0.000	0.000
620	  S	  1.1	  0.1	0.275	0.000	0.000
621	  T	  1.4	  0.1	0.000	0.000	0.000
622	  A	  0.9	  0.1	0.000	0.000	0.000
623	  H	  0.8	  0.7	0.000	0.000	0.000
624	  A	  0.2	  0.7	0.000	0.000	0.000
625	  D	  0.1	  0.9	4.257	0.000	0.000
626	  E	  0.1	  0.9	4.706	0.000	0.000
627	  K	  0.2	  0.3	4.885	0.000	0.000
628	  E	  0.3	  0.2	4.885	0.000	0.000
629	  A	  0.5	  0.1	4.885	0.000	0.000
630	  L	  0.8	  0.0	4.885	0.000	0.000
631	  M	  0.8	  0.0	4.413	0.000	0.000
632	  S	  0.6	  0.1	3.881	0.000	0.000
633	  E	  1.3	  0.1	3.389	0.000	0.000
634	  L	  3.0	  0.1	3.119	0.000	0.000
635	  K	  3.6	  0.1	2.891	0.000	0.000
636	  I	  3.9	  0.0	1.034	0.000	0.000
637	  M	  3.1	  0.1	1.034	0.000	0.000
638	  S	  2.6	  0.1	0.461	0.000	0.000
639	  H	  1.2	  0.4	0.115	0.000	0.000
640	  L	  0.3	  0.5	0.000	0.000	0.000
641	  G	  0.2	  0.5	0.000	0.000	0.000
642	  Q	  0.7	  0.5	0.000	0.000	0.000
643	  H	  0.8	  0.6	0.119	0.000	0.000
644	  E	  0.8	  0.5	0.119	0.000	0.000
645	  N	  2.3	  0.5	1.044	0.157	0.157
646	  I	  3.3	  0.5	1.044	3.866	3.866
647	  V	  6.8	  0.0	1.044	3.866	3.866
648	  N	  4.7	  0.0	1.044	3.866	3.866
649	  L	  3.6	  0.0	1.044	3.866	3.866
650	  L	  0.1	  0.1	1.044	3.866	3.866
651	  G	  0.1	  0.1	0.906	0.495	0.495
652	  A	  0.2	  0.1	0.149	0.227	0.227
653	  C	  2.7	  0.2	0.000	0.000	0.000
654	  T	  2.9	  0.2	0.000	0.000	0.000
655	  H	  2.8	  0.2	0.000	0.000	0.000
656	  G	  0.2	  0.3	0.000	0.000	0.000
657	  G	  0.0	  0.1	0.000	0.000	0.000
658	  P	  0.0	  0.0	0.000	1.709	1.709
659	  V	  6.7	  0.0	0.000	53.369	53.369
660	  L	  8.9	  0.0	0.000	53.369	53.369
661	  V	 12.3	  0.0	0.000	53.369	53.369
662	  I	  6.5	  0.0	0.000	53.369	53.369
663	  T	  4.1	  0.0	0.000	52.294	52.294
664	  E	  1.3	  0.0	0.000	0.000	0.000
665	  Y	 17.0	  0.0	0.000	0.000	0.000
666	  C	 21.4	  0.0	0.000	0.000	0.000
667	  C	 21.5	  0.2	0.826	0.000	0.000
668	  Y	  5.7	  4.8	0.826	0.000	0.000
669	  G	  0.7	  4.8	1.453	0.000	0.000
670	  D	  0.0	  4.8	3.970	0.000	0.000
671	  L	  0.4	  4.9	3.970	4.063	4.063
672	  L	  2.1	  0.2	3.970	4.063	4.063
673	  N	  2.1	  0.2	4.729	4.063	4.063
674	  F	  2.8	  0.2	4.846	4.063	4.063
675	  L	  1.3	  0.0	4.691	4.063	4.063
676	  R	  1.4	  0.1	4.515	0.000	0.000
677	  R	  0.5	  0.1	3.551	0.000	0.000
678	  K	  0.6	  0.1	2.653	0.000	0.000
679	  A	  0.4	  0.1	1.944	0.000	0.000
680	  E	  0.4	  0.0	1.944	0.000	0.000
681	  A	  0.4	  0.0	1.613	0.000	0.000
682	  M	  0.5	  0.0	1.462	0.000	0.000
683	  L	  0.4	  0.1	0.266	0.000	0.000
684	  G	  0.1	  0.6	0.137	0.000	0.000
685	  P	  0.0	  0.6	0.000	0.000	0.000
686	  S	  9.7	  0.6	0.000	0.000	0.000
687	  L	  9.8	  0.6	0.000	0.000	0.000
688	  S	  9.8	  3.2	0.000	0.000	0.000
689	  P	  0.1	  3.2	0.000	0.000	0.000
690	  G	  0.0	  3.2	0.000	0.000	0.000
691	  Q	  0.1	  3.2	0.000	0.000	0.000
692	  D	  0.1	  1.8	0.000	0.000	0.000
693	  P	  0.0	  2.1	0.000	0.000	0.000
694	  E	  0.0	  3.4	0.000	0.000	0.000
695	  G	  0.0	  3.4	0.000	0.000	0.000
696	  G	  0.1	  1.7	0.000	0.000	0.000
697	  V	  2.1	  1.3	0.000	0.000	0.000
698	  D	  2.5	  0.1	1.387	0.000	0.000
699	  Y	  3.0	  0.5	1.387	0.000	0.000
700	  K	  1.3	  0.4	1.387	0.000	0.000
701	  N	  1.4	  0.4	1.562	0.000	0.000
702	  I	  3.5	  0.4	1.562	0.000	0.000
703	  H	  3.7	  0.0	1.730	0.000	0.000
704	  L	  3.3	  0.1	1.202	0.000	0.000
705	  E	  1.1	  0.1	0.976	0.000	0.000
706	  K	  0.6	  0.1	0.782	0.000	0.000
707	  K	  1.0	  0.1	0.369	0.000	0.000
708	  Y	  2.3	  0.0	0.168	0.000	0.000
709	  V	  3.6	  0.0	0.000	0.000	0.000
710	  R	  3.6	  0.4	0.000	0.000	0.000
711	  R	  2.0	  0.6	0.000	0.000	0.000
712	  D	  0.7	  0.9	0.000	0.000	0.000
713	  S	  0.1	  0.9	0.000	0.000	0.000
714	  G	  0.1	  0.6	0.000	0.000	0.000
715	  F	  1.7	  0.5	0.000	0.000	0.000
716	  S	  1.9	  0.4	0.000	0.000	0.000
717	  S	  1.9	  0.7	0.000	0.000	0.000
718	  Q	  0.2	  0.7	0.000	0.000	0.000
719	  G	  0.1	  0.7	0.000	0.000	0.000
720	  V	  0.9	  0.4	0.000	0.000	0.000
721	  D	  2.6	  0.1	0.134	0.000	0.000
722	  T	  7.5	  0.1	0.305	0.000	0.000
723	  Y	  8.7	  0.1	0.305	0.000	0.000
724	  V	 11.7	  0.0	0.305	0.000	0.000
725	  E	  7.3	  0.0	0.305	0.000	0.000
726	  M	  5.4	  0.0	0.305	0.000	0.000
727	  R	  0.9	  0.0	0.305	0.000	0.000
728	  P	  0.2	  0.0	0.000	0.000	0.000
729	  V	  1.0	  0.0	0.000	0.000	0.000
730	  S	  3.1	  0.2	0.000	0.000	0.000
731	  T	  4.4	  0.4	0.000	0.000	0.000
732	  S	  3.6	  2.0	0.000	0.000	0.000
733	  S	  1.5	  2.3	0.000	0.000	0.000
734	  N	  0.1	  2.4	0.000	0.000	0.000
735	  D	  0.5	  2.3	0.000	0.000	0.000
736	  S	 21.3	  0.7	0.000	0.000	0.000
737	  F	 21.8	  0.4	0.000	0.000	0.000
738	  S	 21.3	  0.2	0.625	0.000	0.000
739	  E	  0.8	  0.3	0.625	0.000	0.000
740	  Q	  0.2	  0.3	0.625	0.000	0.000
741	  D	  0.3	  1.8	0.809	0.000	0.000
742	  L	  0.3	  1.7	0.809	0.000	0.000
743	  D	  0.3	  1.8	0.809	0.000	0.000
744	  K	  0.2	  3.3	0.516	0.000	0.000
745	  E	  0.1	  2.5	0.327	0.000	0.000
746	  D	  0.1	  2.4	0.184	0.000	0.000
747	  G	  0.0	  2.2	0.000	0.000	0.000
748	  R	  0.0	  0.7	0.000	0.000	0.000
749	  P	  0.0	  0.0	0.000	0.000	0.000
750	  L	  0.7	  0.0	0.000	0.000	0.000
751	  E	  0.9	  0.0	1.532	0.000	0.000
752	  L	  1.1	  0.2	1.532	0.000	0.000
753	  R	  0.5	  0.2	1.532	0.000	0.000
754	  D	  0.3	  0.2	1.532	0.000	0.000
755	  L	  0.6	  0.2	1.532	0.000	0.000
756	  L	  2.0	  0.0	1.532	0.000	0.000
757	  H	  5.6	  0.0	1.361	0.000	0.000
758	  F	  6.6	  0.1	0.673	0.000	0.000
759	  S	  5.3	  0.2	0.142	0.000	0.000
760	  S	  1.9	  0.2	0.000	0.000	0.000
761	  Q	  0.5	  0.2	0.000	0.000	0.000
762	  V	  1.9	  0.2	0.000	0.133	0.133
763	  A	  1.8	  0.4	0.000	0.133	0.133
764	  Q	  1.6	  0.4	0.000	0.133	0.133
765	  G	  0.1	  0.4	0.477	0.475	0.475
766	  M	  0.4	  0.3	0.477	1.794	1.794
767	  A	  0.7	  0.0	0.477	1.921	1.921
768	  F	  1.3	  0.0	0.477	1.921	1.921
769	  L	  1.1	  0.1	0.477	1.921	1.921
770	  A	  1.0	  0.2	0.477	1.447	1.447
771	  S	  1.0	  2.6	0.477	0.273	0.273
772	  K	  1.0	  2.6	0.200	0.000	0.000
773	  N	  2.4	  2.5	0.000	0.000	0.000
774	  C	  4.3	  2.4	0.000	0.000	0.000
775	  I	  5.5	  0.0	0.000	0.000	0.000
776	  H	  4.1	  0.4	0.338	0.000	0.000
777	  R	  1.8	  0.4	0.338	0.000	0.000
778	  D	  0.6	  0.4	0.491	0.000	0.000
779	  V	  1.7	  0.4	0.491	0.000	0.000
780	  A	  1.6	  0.0	0.491	0.000	0.000
781	  A	  1.4	  0.1	0.491	0.000	0.000
782	  R	  0.5	  0.1	0.491	0.000	0.000
783	  N	  0.6	  0.1	0.309	0.181	0.181
784	  V	  4.5	  0.1	0.000	0.362	0.362
785	  L	  4.4	  0.0	0.000	0.362	0.362
786	  L	  4.5	  0.2	0.000	0.362	0.362
787	  T	  0.6	  1.2	0.000	0.362	0.362
788	  N	  0.3	  1.2	0.000	0.181	0.181
789	  G	  0.0	  1.2	0.000	0.000	0.000
790	  H	  1.6	  1.0	0.000	0.000	0.000
791	  V	  2.3	  0.0	0.000	0.000	0.000
792	  A	  2.7	  0.0	0.000	0.000	0.000
793	  K	  1.4	  0.0	0.000	0.000	0.000
794	  I	  0.6	  5.2	0.000	0.000	0.000
795	  G	  0.3	  5.2	0.000	0.000	0.000
796	  D	  0.0	  5.2	0.000	0.000	0.000
797	  F	  0.2	  5.2	0.000	0.000	0.000
798	  G	  0.3	  0.1	0.135	0.000	0.000
799	  L	  0.3	  0.1	0.135	0.000	0.000
800	  A	  0.1	  0.2	0.135	0.000	0.000
801	  R	  0.4	  0.2	0.135	0.000	0.000
802	  D	  0.4	  0.2	0.135	0.000	0.000
803	  I	  1.1	  0.2	0.135	0.000	0.000
804	  M	  0.9	  0.1	0.135	0.000	0.000
805	  N	  0.8	  1.0	0.000	0.000	0.000
806	  D	  0.2	  2.6	0.000	0.000	0.000
807	  S	  0.0	  2.5	0.000	0.347	0.347
808	  N	  0.9	  2.4	0.123	0.347	0.347
809	  Y	  2.6	  1.5	0.123	0.347	0.347
810	  I	  5.4	  0.0	0.123	0.347	0.347
811	  V	  5.2	  0.2	0.123	0.347	0.347
812	  K	  3.4	  0.6	0.123	0.000	0.000
813	  G	  0.6	  0.7	0.123	0.000	0.000
814	  N	  0.1	  0.7	0.000	0.000	0.000
815	  A	  0.6	  0.4	0.000	0.000	0.000
816	  R	  0.7	  0.0	0.000	0.000	0.000
817	  L	  0.6	  0.0	0.000	0.000	0.000
818	  P	  0.1	  0.0	0.000	0.000	0.000
819	  V	  2.8	  0.0	0.000	0.000	0.000
820	  K	  3.0	  0.0	0.000	0.000	0.000
821	  W	  4.0	  0.0	0.000	0.000	0.000
822	  M	  1.3	  0.0	0.000	0.000	0.000
823	  A	  1.1	  0.2	0.000	0.000	0.000
824	  P	  0.0	  0.3	0.000	0.000	0.000
825	  E	  0.0	  0.3	0.000	0.000	0.000
826	  S	  0.3	  0.3	0.000	0.000	0.000
827	  I	  0.6	  0.1	0.000	0.000	0.000
828	  F	  5.4	  0.0	0.000	0.000	0.000
829	  D	  5.4	  0.0	0.000	0.000	0.000
830	  C	  5.7	  0.0	0.000	1.236	1.236
831	  V	  3.4	  0.0	0.000	1.236	1.236
832	  Y	 12.8	  0.0	0.000	1.236	1.236
833	  T	 21.3	  0.0	0.000	1.236	1.236
834	  V	 19.9	  0.0	0.000	1.236	1.236
835	  Q	 10.6	  0.2	0.000	0.000	0.000
836	  S	  1.1	  0.2	0.000	0.000	0.000
837	  D	  1.7	  0.2	0.000	0.000	0.000
838	  V	  4.9	  0.2	0.000	31.053	31.053
839	  W	  8.5	  0.2	0.000	33.649	33.649
840	  S	  7.5	  0.2	0.853	35.123	35.123
841	  Y	  4.8	  0.5	0.853	46.434	46.434
842	  G	  1.1	  0.4	1.546	47.808	47.808
843	  I	  3.2	  0.3	1.546	47.808	47.808
844	  L	  3.3	  0.3	1.736	47.308	47.308
845	  L	  3.4	  0.0	1.736	44.277	44.277
846	  W	  3.6	  0.0	1.736	37.069	37.069
847	  E	  3.6	  0.0	1.593	0.000	0.000
848	  I	  4.6	  0.0	1.435	0.678	0.678
849	  F	  4.7	  0.1	1.435	0.678	0.678
850	  S	  4.4	  0.1	1.005	0.678	0.678
851	  L	  3.4	  0.2	0.631	0.678	0.678
852	  G	  0.4	  0.2	0.517	0.678	0.678
853	  L	  0.3	  0.1	0.000	0.573	0.573
854	  N	  0.2	  0.1	0.000	0.000	0.000
855	  P	  0.1	  0.0	0.000	0.000	0.000
856	  Y	  0.0	  1.9	0.000	0.000	0.000
857	  P	  0.0	  1.9	0.000	0.000	0.000
858	  G	  0.0	  1.9	0.000	0.000	0.000
859	  I	  3.4	  1.9	0.000	0.000	0.000
860	  L	  4.1	  0.0	0.000	0.000	0.000
861	  V	  5.6	  0.0	0.000	0.000	0.000
862	  N	  2.4	  0.1	0.000	0.000	0.000
863	  S	  2.0	  0.1	0.000	0.000	0.000
864	  K	  0.8	  0.1	0.000	0.000	0.000
865	  F	  1.9	  0.1	0.000	0.000	0.000
866	  Y	  3.0	  0.1	0.000	0.000	0.000
867	  K	  3.3	  0.1	0.000	0.000	0.000
868	  L	  2.6	  0.1	0.000	0.000	0.000
869	  V	  2.6	  0.5	0.000	0.000	0.000
870	  K	  2.0	  1.1	0.000	0.000	0.000
871	  D	  1.5	  1.1	0.000	0.000	0.000
872	  G	  0.1	  1.1	0.191	0.000	0.000
873	  Y	  3.8	  0.7	0.191	0.000	0.000
874	  Q	  3.9	  0.0	0.191	0.000	0.000
875	  M	  4.0	  0.0	0.191	0.000	0.000
876	  A	  0.3	  0.0	0.191	0.000	0.000
877	  Q	  0.1	  0.0	0.191	0.000	0.000
878	  P	  0.0	  0.0	0.000	0.000	0.000
879	  A	  0.4	  0.0	0.000	0.000	0.000
880	  F	  0.6	  0.0	0.000	0.000	0.000
881	  A	  0.6	  0.2	0.000	0.000	0.000
882	  P	  0.2	  0.4	0.000	0.000	0.000
883	  K	  0.3	  0.4	0.000	0.000	0.000
884	  N	  2.5	  0.4	1.363	0.193	0.193
885	  I	  3.6	  0.2	1.363	7.382	7.382
886	  Y	  6.6	  0.0	1.363	7.382	7.382
887	  S	  4.8	  0.0	1.363	7.382	7.382
888	  I	  5.3	  0.0	1.363	7.524	7.524
889	  M	  2.3	  0.0	1.363	7.524	7.524
890	  Q	  2.1	  0.0	1.363	6.338	6.338
891	  A	  0.7	  0.0	1.205	6.633	6.633
892	  C	  4.8	  0.0	1.039	6.633	6.633
893	  W	  5.1	  0.0	0.594	6.633	6.633
894	  A	  5.0	  0.0	0.408	6.489	6.489
895	  L	  0.7	  0.0	0.245	5.582	5.582
896	  E	  0.3	  0.1	0.000	0.000	0.000
897	  P	  0.1	  0.2	0.000	0.000	0.000
898	  T	  3.3	  0.2	0.000	0.000	0.000
899	  H	  3.4	  0.2	0.000	0.000	0.000
900	  R	  3.4	  0.2	0.000	0.000	0.000
901	  P	  0.1	  0.2	0.000	0.000	0.000
902	  T	 19.6	  0.2	0.000	0.000	0.000
903	  F	 21.2	  0.3	0.000	0.000	0.000
904	  Q	 21.3	  0.1	0.000	0.000	0.000
905	  Q	  2.6	  0.1	0.000	0.000	0.000
906	  I	  1.1	  0.1	0.000	0.401	0.401
907	  C	  2.3	  0.0	0.000	0.401	0.401
908	  S	  2.4	  0.0	0.000	0.401	0.401
909	  F	  2.8	  0.0	0.000	0.401	0.401
910	  L	  1.5	  0.0	0.000	0.401	0.401
911	  Q	  1.0	  0.1	0.000	0.000	0.000
912	  E	  0.1	  0.1	0.364	0.000	0.000
913	  Q	  0.3	  0.1	0.364	0.000	0.000
914	  A	  0.3	  0.1	0.364	0.000	0.000
915	  Q	  0.3	  0.3	0.364	0.000	0.000
916	  E	  0.1	  0.3	0.722	0.000	0.000
917	  D	  0.1	  0.4	2.057	0.000	0.000
918	  R	  0.2	  0.4	1.863	0.000	0.000
919	  R	  0.2	  0.2	1.863	0.000	0.000
920	  E	  0.4	  0.3	1.693	0.000	0.000
921	  R	  0.5	  0.2	1.693	0.000	0.000
922	  D	  1.3	  0.2	1.693	0.000	0.000
923	  Y	  3.2	  0.3	1.144	0.000	0.000
924	  T	  3.4	  0.1	0.164	0.000	0.000
925	  N	  2.6	  0.1	0.164	0.000	0.000
926	  L	  0.5	  0.5	0.000	0.000	0.000
927	  P	  0.0	  0.5	0.000	0.000	0.000
928	  S	  0.9	  1.3	0.000	0.000	0.000
929	  S	  1.2	  1.4	0.000	0.000	0.000
930	  S	  2.8	  2.9	0.000	0.000	0.000
931	  R	  2.0	  2.9	0.000	0.000	0.000
932	  S	  1.7	  2.3	0.000	0.000	0.000
933	  G	  0.1	  2.9	0.000	0.000	0.000
934	  G	  0.0	  1.5	0.000	0.000	0.000
935	  S	  0.3	  2.5	0.000	0.000	0.000
936	  G	  0.3	  2.4	0.000	0.000	0.000
937	  S	  1.2	  2.5	0.000	0.000	0.000
938	  S	  1.9	  2.8	0.000	0.000	0.000
939	  S	  2.0	  1.8	0.000	0.000	0.000
940	  S	  1.1	  1.7	0.122	0.000	0.000
941	  E	  0.3	  0.9	0.122	0.000	0.000
942	  L	  0.2	  0.2	0.122	0.000	0.000
943	  E	  0.2	  0.2	0.122	0.000	0.000
944	  E	  0.0	  0.2	0.122	0.000	0.000
945	  E	  0.1	  0.2	0.122	0.000	0.000
946	  S	  1.1	  0.9	0.000	0.000	0.000
947	  S	  1.1	  0.9	0.000	0.000	0.000
948	  S	  1.1	  1.0	0.000	0.000	0.000
949	  E	  0.2	  0.9	0.000	0.000	0.000
950	  H	  0.6	  0.2	0.000	0.000	0.000
951	  L	  4.7	  0.1	0.000	0.000	0.000
952	  T	 14.4	  0.0	0.000	0.000	0.000
953	  C	 25.0	  0.0	0.000	0.000	0.000
954	  C	 22.3	  0.4	0.000	0.000	0.000
955	  E	 12.7	  0.5	0.000	0.000	0.000
956	  Q	  1.4	  0.7	0.000	0.000	0.000
957	  G	  0.0	  0.7	0.000	0.000	0.000
958	  D	  0.2	  0.3	0.000	0.000	0.000
959	  I	  2.2	  0.2	0.000	0.000	0.000
960	  A	  2.2	  0.0	0.000	0.000	0.000
961	  Q	  2.1	  0.0	0.000	0.000	0.000
962	  P	  0.0	  0.0	0.000	0.000	0.000
963	  L	  0.4	  0.0	0.000	0.000	0.000
964	  L	  0.5	  0.0	0.000	0.000	0.000
965	  Q	  0.5	  0.7	0.000	0.000	0.000
966	  P	  0.1	  0.8	0.000	0.000	0.000
967	  N	  0.2	  0.8	0.000	0.000	0.000
968	  N	  1.2	  0.8	0.000	0.000	0.000
969	  Y	  7.1	  0.1	0.000	0.000	0.000
970	  Q	  9.0	  0.0	0.000	0.000	0.000
971	  F	  8.0	  0.0	0.000	0.000	0.000
972	  C	  2.2	  0.0	0.000	0.000	0.000
