res	aa	Beta	Turn	Helix	Aggregation	Conc-Stab_Aggregation
01	  M	  0.2	  0.0	0.000	0.000	0.000
02	  E	  0.2	  0.0	0.184	0.000	0.000
03	  L	  0.2	  0.0	0.299	0.000	0.000
04	  W	  0.0	  0.0	11.470	0.000	0.000
05	  P	  0.0	  0.0	19.729	0.111	0.111
06	  C	  0.1	  0.0	57.281	9.156	9.156
07	  L	  0.1	  0.0	68.394	52.833	52.833
08	  A	  0.1	  0.0	82.615	60.831	60.831
09	  A	  0.0	  0.0	87.473	70.843	70.843
10	  A	  0.0	  0.0	92.145	82.684	82.684
11	  L	  0.1	  0.0	93.367	96.683	96.683
12	  L	  0.1	  0.0	93.884	99.240	99.240
13	  L	  0.2	  0.0	93.964	99.702	99.702
14	  L	  0.2	  0.0	93.926	99.775	99.775
15	  L	  0.2	  0.0	93.874	99.742	99.742
16	  L	  0.1	  0.0	93.787	99.521	99.521
17	  L	  0.1	  0.0	93.407	98.278	98.278
18	  V	  0.3	  0.0	91.970	91.459	91.459
19	  Q	  0.3	  0.0	91.260	11.126	11.126
20	  L	  0.3	  0.0	69.848	7.979	7.979
21	  S	  0.1	  0.0	65.215	0.894	0.894
22	  R	  0.0	  0.0	33.051	0.015	0.015
23	  A	  0.0	  0.0	20.040	0.062	0.062
24	  A	  0.0	  0.0	17.194	0.298	0.298
25	  E	  0.1	  0.0	15.144	1.207	1.207
26	  F	  0.5	  0.0	12.812	1.247	1.247
27	  Y	  0.7	  0.0	9.559	1.242	1.242
28	  A	  0.6	  0.0	7.579	1.236	1.236
29	  K	  1.0	  0.0	7.130	1.233	1.233
30	  V	  2.3	  0.0	5.629	38.484	38.484
31	  A	  2.3	  0.0	5.529	42.046	42.046
32	  L	  2.4	  0.0	4.777	54.552	54.552
33	  Y	  2.3	  0.0	4.028	59.184	59.184
34	  C	  2.5	  0.1	1.207	60.489	60.489
35	  A	  1.8	  0.1	0.707	68.004	68.004
36	  L	  1.1	  0.1	0.488	77.019	77.019
37	  C	  1.5	  0.1	0.338	78.237	78.237
38	  F	 10.6	  0.0	0.143	86.484	86.484
39	  T	 25.1	  0.0	0.091	86.514	86.514
40	  V	 25.9	  0.0	0.091	87.138	87.138
41	  S	 17.9	  0.0	0.433	82.296	82.296
42	  A	  2.4	  0.0	0.433	82.385	82.385
43	  V	  2.3	  0.0	0.433	82.715	82.715
44	  A	  2.5	  0.0	0.433	77.313	77.313
45	  S	  2.6	  0.0	3.610	72.763	72.763
46	  L	  2.1	  0.0	3.610	72.632	72.632
47	  V	  3.4	  0.0	3.514	69.262	69.262
48	  C	  4.1	  0.0	3.514	29.361	29.361
49	  L	  3.0	  0.0	3.514	26.282	26.282
50	  L	  2.1	  0.1	3.514	20.283	20.283
51	  R	  1.1	  0.2	3.239	0.000	0.000
52	  H	  1.0	  1.5	1.427	0.000	0.000
53	  G	  0.2	  1.8	0.653	0.000	0.000
54	  G	  0.0	  1.8	0.203	0.000	0.000
55	  R	  0.7	  1.7	0.000	0.000	0.000
56	  T	  7.6	  0.4	0.000	0.000	0.000
57	  V	  8.5	  0.2	0.000	0.000	0.000
58	  E	  7.9	  0.1	0.000	0.000	0.000
59	  N	  1.4	  0.3	0.000	1.392	1.392
60	  M	  2.2	  0.3	0.000	37.150	37.150
61	  S	  2.8	  0.2	0.134	41.429	41.429
62	  I	  4.6	  0.3	0.134	75.333	75.333
63	  I	  2.9	  0.1	0.134	78.193	78.193
64	  G	  2.2	  0.1	0.134	78.193	78.193
65	  W	  1.0	  0.1	0.134	78.193	78.193
66	  F	  2.4	  0.0	0.134	78.089	78.089
67	  V	  4.6	  0.1	0.000	72.195	72.195
68	  R	  5.4	  0.1	0.000	0.000	0.000
69	  S	  5.4	  0.1	0.197	0.000	0.000
70	  F	  4.6	  0.1	0.197	0.000	0.000
71	  K	  3.2	  0.0	0.197	0.000	0.000
72	  Y	  3.1	  0.0	0.197	1.049	1.049
73	  F	  2.7	  0.1	0.197	1.192	1.192
74	  Y	  2.5	  0.2	0.197	1.192	1.192
75	  G	  1.2	  0.2	0.197	1.192	1.192
76	  L	  1.4	  0.2	0.000	1.192	1.192
77	  R	  2.6	  0.1	0.000	0.622	0.622
78	  F	 10.9	  0.0	0.000	0.622	0.622
79	  E	 11.3	  0.0	0.000	0.622	0.622
80	  V	 11.4	  0.0	0.000	0.622	0.622
81	  R	  3.2	  0.0	0.000	0.000	0.000
82	  D	  1.4	  0.5	2.705	0.000	0.000
83	  P	  0.0	  0.5	2.705	0.000	0.000
84	  R	  0.4	  0.5	2.705	0.000	0.000
85	  R	  0.9	  0.5	2.705	0.000	0.000
86	  L	  0.9	  0.1	2.705	0.000	0.000
87	  Q	  0.5	  0.1	2.705	0.000	0.000
88	  E	  0.2	  0.1	2.416	0.000	0.000
89	  A	  0.2	  0.1	1.949	0.000	0.000
90	  R	  0.2	  0.0	1.275	0.000	0.000
91	  P	  0.0	  0.0	0.000	0.000	0.000
92	  C	  1.7	  0.0	0.000	0.804	0.804
93	  V	 16.5	  0.0	0.000	1.217	1.217
94	  I	 19.2	  0.0	0.000	1.217	1.217
95	  V	 17.8	  0.1	0.000	1.217	1.217
96	  S	  3.3	  0.1	0.000	1.217	1.217
97	  N	  0.3	  0.2	0.000	0.413	0.413
98	  H	  0.4	  0.3	0.000	0.000	0.000
99	  Q	  0.5	  0.2	0.000	0.000	0.000
100	  S	  0.7	  0.2	0.404	0.000	0.000
101	  I	  0.9	  0.2	0.404	0.000	0.000
102	  L	  1.9	  0.1	0.404	0.000	0.000
103	  D	  1.6	  0.2	1.185	0.000	0.000
104	  M	  1.4	  0.2	1.185	0.000	0.000
105	  M	  0.5	  0.2	1.185	0.000	0.000
106	  G	  0.5	  0.2	1.342	0.000	0.000
107	  L	  0.3	  0.0	1.129	0.000	0.000
108	  M	  2.3	  0.0	1.129	0.000	0.000
109	  E	  3.3	  0.0	0.845	0.000	0.000
110	  V	  3.7	  0.0	0.845	0.000	0.000
111	  L	  1.5	  0.2	0.845	0.000	0.000
112	  P	  0.5	  0.3	0.000	0.000	0.000
113	  E	  0.3	  0.3	0.000	0.000	0.000
114	  R	  1.5	  0.3	0.000	0.000	0.000
115	  C	  4.3	  0.1	0.124	0.000	0.000
116	  V	  7.8	  0.0	0.124	0.000	0.000
117	  Q	  7.0	  0.0	0.124	0.000	0.000
118	  I	  4.8	  0.0	0.124	0.000	0.000
119	  A	  1.0	  0.0	0.556	0.000	0.000
120	  K	  0.9	  0.1	0.556	0.000	0.000
121	  R	  0.5	  0.1	0.431	0.000	0.000
122	  E	  0.4	  0.1	0.431	0.000	0.000
123	  L	  0.7	  0.1	0.431	0.003	0.003
124	  L	  1.4	  0.0	0.431	0.003	0.003
125	  F	  1.7	  0.0	0.431	0.003	0.003
126	  L	  1.2	  0.0	0.213	0.003	0.003
127	  G	  0.4	  0.0	0.351	0.003	0.003
128	  P	  0.0	  0.0	0.138	0.539	0.539
129	  V	  0.3	  0.0	0.138	44.646	44.646
130	  G	  0.3	  0.0	0.663	48.390	48.390
131	  L	  1.7	  0.0	0.663	89.893	89.893
132	  I	  3.3	  0.0	0.663	97.393	97.393
133	  M	  4.2	  0.0	0.663	98.077	98.077
134	  Y	  3.2	  0.0	0.663	98.647	98.647
135	  L	  1.3	  1.3	0.663	98.708	98.708
136	  G	  0.4	  1.3	0.663	97.562	97.562
137	  G	  0.1	  1.3	0.402	97.731	97.731
138	  V	  2.2	  1.3	0.000	97.842	97.842
139	  F	  3.3	  0.0	0.000	97.721	97.721
140	  F	  4.6	  0.0	0.000	96.205	96.205
141	  I	  3.2	  0.1	0.000	77.607	77.607
142	  N	  2.1	  0.2	0.000	3.026	3.026
143	  R	  1.2	  0.2	0.000	0.000	0.000
144	  Q	  0.8	  0.2	0.000	0.000	0.000
145	  R	  0.9	  0.3	0.000	0.000	0.000
146	  S	  0.8	  0.3	0.000	0.000	0.000
147	  S	  0.7	  0.3	0.000	0.000	0.000
148	  T	  0.9	  0.2	0.000	0.245	0.245
149	  A	  0.8	  0.1	0.000	0.555	0.555
150	  M	  5.1	  0.0	0.000	0.723	0.723
151	  T	  8.6	  0.0	0.000	0.723	0.723
152	  V	  9.7	  0.0	0.000	0.723	0.723
153	  M	  5.4	  0.3	0.000	0.478	0.478
154	  A	  1.4	  0.4	0.000	0.310	0.310
155	  D	  0.1	  0.7	1.118	0.000	0.000
156	  L	  0.0	  0.8	1.118	0.000	0.000
157	  G	  0.0	  0.6	2.941	0.000	0.000
158	  E	  0.1	  0.5	2.941	0.000	0.000
159	  R	  0.7	  0.2	2.941	0.000	0.000
160	  M	  1.0	  0.1	2.941	0.000	0.000
161	  V	  1.4	  0.0	3.090	0.000	0.000
162	  R	  0.8	  0.3	3.232	0.000	0.000
163	  E	  0.6	  0.3	3.232	0.000	0.000
164	  N	  0.4	  0.3	3.174	0.000	0.000
165	  L	  2.0	  0.2	2.233	0.000	0.000
166	  K	  2.8	  0.0	2.070	0.000	0.000
167	  V	  4.4	  0.0	1.407	3.133	3.133
168	  W	  3.3	  0.0	1.407	3.133	3.133
169	  I	  2.6	  0.0	1.407	3.133	3.133
170	  Y	  0.8	  0.6	1.407	3.133	3.133
171	  P	  0.1	  0.9	0.000	3.133	3.133
172	  E	  0.0	  1.1	0.000	0.000	0.000
173	  G	  0.0	  1.1	0.000	0.000	0.000
174	  T	  0.3	  0.8	0.000	0.000	0.000
175	  R	  0.4	  0.6	0.000	0.000	0.000
176	  N	  0.4	  4.9	0.000	0.000	0.000
177	  D	  0.1	  5.8	0.000	0.000	0.000
178	  N	  0.0	  6.0	0.000	0.000	0.000
179	  G	  0.0	  5.9	0.000	0.000	0.000
180	  D	  0.0	  1.4	0.000	0.000	0.000
181	  L	  0.1	  0.5	0.000	0.000	0.000
182	  L	  0.1	  0.0	0.000	0.000	0.000
183	  P	  0.1	  0.0	0.000	0.000	0.000
184	  F	  0.5	  0.2	0.000	0.000	0.000
185	  K	  0.5	  0.5	0.000	0.000	0.000
186	  K	  0.5	  0.6	0.000	0.000	0.000
187	  G	  0.0	  0.6	0.171	0.517	0.517
188	  A	  0.3	  0.5	0.171	17.040	17.040
189	  F	  1.4	  0.1	0.171	66.595	66.595
190	  Y	  2.0	  0.0	0.171	66.867	66.867
191	  L	  2.1	  0.0	0.171	66.867	66.867
192	  A	  1.6	  0.0	0.171	66.820	66.820
193	  V	  2.1	  0.0	0.171	65.607	65.607
194	  Q	  2.0	  0.0	0.171	4.701	4.701
195	  A	  1.7	  0.0	0.171	2.186	2.186
196	  Q	  0.5	  0.0	0.171	0.060	0.060
197	  V	  0.3	  0.0	0.000	0.000	0.000
198	  P	  0.1	  0.0	0.000	0.000	0.000
199	  I	  0.6	  0.0	0.000	0.000	0.000
200	  V	  0.7	  0.0	0.000	0.000	0.000
201	  P	  0.7	  0.0	0.000	0.000	0.000
202	  V	  3.0	  0.0	0.000	9.931	9.931
203	  V	  6.6	  0.0	0.000	10.612	10.612
204	  Y	  7.8	  0.1	0.000	10.612	10.612
205	  S	  5.2	  0.1	0.000	10.612	10.612
206	  S	 20.8	  0.2	0.000	10.612	10.612
207	  F	 20.8	  0.3	0.000	10.644	10.644
208	  S	 20.8	  0.2	0.000	5.348	5.348
209	  S	  2.7	  0.2	0.000	4.743	4.743
210	  F	  2.8	  0.1	0.000	4.743	4.743
211	  Y	  3.4	  0.1	0.000	3.833	3.833
212	  N	  3.0	  0.1	0.170	0.000	0.000
213	  T	  2.4	  0.1	0.170	0.000	0.000
214	  K	  1.6	  0.2	0.170	0.000	0.000
215	  K	  1.2	  0.1	0.170	0.000	0.000
216	  K	  0.5	  0.1	0.170	0.000	0.000
217	  F	  1.6	  0.0	0.170	7.688	7.688
218	  F	  4.3	  0.1	0.000	9.328	9.328
219	  T	  4.0	  0.2	0.000	9.328	9.328
220	  S	  2.9	  0.3	0.000	9.328	9.328
221	  G	  0.1	  0.3	0.091	9.758	9.758
222	  T	  9.3	  0.2	0.091	12.460	12.460
223	  V	 25.5	  0.1	0.091	17.001	17.001
224	  T	 33.3	  0.0	0.091	17.327	17.327
225	  V	 28.3	  0.0	0.091	17.327	17.327
226	  Q	 12.5	  0.0	0.091	16.771	16.771
227	  V	  4.8	  0.0	0.000	16.771	16.771
228	  L	  1.6	  0.0	0.000	14.258	14.258
229	  E	  1.2	  0.0	0.000	0.000	0.000
230	  A	  0.3	  0.0	0.000	0.000	0.000
231	  I	  0.1	  0.0	0.000	0.000	0.000
232	  P	  0.1	  0.1	0.000	0.000	0.000
233	  T	  0.1	  0.3	0.000	0.000	0.000
234	  S	  0.1	  0.4	0.000	0.000	0.000
235	  G	  0.2	  0.4	0.000	0.000	0.000
236	  L	  0.9	  0.3	0.000	0.000	0.000
237	  T	  1.2	  0.2	0.000	0.000	0.000
238	  A	  1.2	  0.3	0.000	0.000	0.000
239	  A	  0.5	  0.3	0.000	0.000	0.000
240	  D	  0.3	  0.3	0.000	0.000	0.000
241	  V	  0.3	  0.3	0.000	0.000	0.000
242	  P	  0.1	  0.0	0.000	0.000	0.000
243	  A	  0.3	  0.0	0.000	0.000	0.000
244	  L	  0.8	  0.0	0.000	0.000	0.000
245	  V	  1.7	  0.1	0.000	0.000	0.000
246	  D	  1.8	  0.1	0.140	0.000	0.000
247	  T	  4.8	  0.1	0.496	0.000	0.000
248	  C	  5.3	  0.1	0.496	0.000	0.000
249	  H	  5.2	  0.1	0.496	0.000	0.000
250	  R	  1.9	  0.1	0.496	0.000	0.000
251	  A	  0.8	  0.1	0.496	0.000	0.000
252	  M	  0.6	  0.1	0.496	0.000	0.000
253	  R	  0.7	  0.1	0.000	0.000	0.000
254	  T	  3.9	  0.1	0.000	0.000	0.000
255	  T	  6.8	  0.1	0.000	0.000	0.000
256	  F	  7.2	  0.0	0.000	0.000	0.000
257	  L	  7.0	  0.0	0.000	0.000	0.000
258	  H	  8.3	  0.0	0.000	0.000	0.000
259	  I	  8.3	  0.0	0.000	0.000	0.000
260	  S	  6.2	  0.0	0.000	0.000	0.000
261	  K	  1.7	  0.0	0.000	0.000	0.000
262	  T	  1.1	  0.2	0.141	0.000	0.000
263	  P	  0.1	  0.3	0.141	0.000	0.000
264	  Q	  0.1	  0.9	0.141	0.000	0.000
265	  E	  0.0	  2.4	0.141	0.000	0.000
266	  N	  0.0	  2.5	0.504	0.000	0.000
267	  G	  0.0	  2.6	0.504	0.000	0.000
268	  A	  0.2	  2.0	0.363	0.000	0.000
269	  T	  0.3	  1.0	0.363	0.000	0.000
270	  A	  0.3	  1.5	0.363	0.000	0.000
271	  G	  0.1	  1.6	0.363	0.000	0.000
272	  S	  0.0	  1.6	0.000	0.000	0.000
273	  G	  0.1	  1.1	0.000	0.000	0.000
274	  V	  0.5	  0.3	0.000	0.000	0.000
275	  Q	  0.4	  0.0	0.000	0.000	0.000
276	  P	  0.4	  0.0	0.000	0.000	0.000
277	  A	  0.0	  0.0	0.000	0.000	0.000
278	  Q	  0.0	  0.0	0.000	0.000	0.000
