res	aa	Beta	Turn	Helix	Aggregation	Conc-Stab_Aggregation
01	  M	  0.4	  0.1	0.000	0.000	0.000
02	  E	  0.8	  0.1	0.000	0.000	0.000
03	  H	  1.3	  0.1	0.000	0.000	0.000
04	  Q	  1.3	  0.1	0.000	0.000	0.000
05	  L	  2.1	  0.1	0.000	0.000	0.000
06	  L	  5.9	  0.1	0.000	0.000	0.000
07	  C	 17.1	  0.0	0.000	0.000	0.000
08	  C	 21.4	  0.0	0.677	0.000	0.000
09	  E	 18.7	  0.0	0.948	0.000	0.000
10	  V	  8.1	  0.0	1.283	0.000	0.000
11	  E	  2.3	  0.0	1.283	0.000	0.000
12	  T	  7.0	  0.0	1.687	0.000	0.000
13	  I	  8.7	  0.0	1.687	0.000	0.000
14	  R	  8.9	  0.0	1.687	0.000	0.000
15	  R	  2.9	  0.0	1.550	0.000	0.000
16	  A	  0.7	  0.0	1.399	0.000	0.000
17	  Y	  0.5	  0.9	0.913	0.000	0.000
18	  P	  0.0	  1.0	0.000	0.000	0.000
19	  D	  0.0	  2.6	0.186	0.000	0.000
20	  A	  0.1	  2.6	0.186	0.000	0.000
21	  N	  0.1	  1.7	0.353	0.000	0.000
22	  L	  0.5	  1.6	0.353	0.000	0.000
23	  L	  0.5	  0.1	0.353	0.000	0.000
24	  N	  0.5	  0.1	11.148	0.000	0.000
25	  D	  0.1	  0.1	13.586	0.000	0.000
26	  R	  1.5	  0.1	13.586	0.000	0.000
27	  V	  3.2	  0.0	13.765	0.000	0.000
28	  L	  3.6	  0.0	13.765	0.000	0.000
29	  R	  2.3	  0.0	13.765	0.000	0.000
30	  A	  0.8	  0.0	13.551	0.000	0.000
31	  M	  0.7	  0.0	12.481	0.000	0.000
32	  L	  0.8	  0.0	10.439	0.000	0.000
33	  K	  0.8	  0.0	8.602	0.000	0.000
34	  A	  0.6	  0.1	4.531	0.000	0.000
35	  E	  0.3	  0.1	2.370	0.000	0.000
36	  E	  0.2	  0.1	0.776	0.000	0.000
37	  T	  3.8	  0.1	0.000	0.000	0.000
38	  C	  3.9	  0.1	0.000	0.000	0.000
39	  A	  3.7	  0.3	0.000	0.000	0.000
40	  P	  0.1	  0.3	0.000	0.000	0.000
41	  S	 10.0	  0.4	0.000	0.205	0.205
42	  V	 13.7	  0.4	0.000	0.205	0.205
43	  S	 14.7	  0.1	0.000	0.205	0.205
44	  Y	  6.3	  0.1	0.000	0.205	0.205
45	  F	  5.8	  0.1	0.000	0.205	0.205
46	  K	  5.5	  0.1	0.000	0.000	0.000
47	  C	  7.1	  0.1	0.000	0.000	0.000
48	  V	  4.1	  0.1	0.000	0.000	0.000
49	  Q	  3.8	  0.0	0.000	0.000	0.000
50	  K	  1.7	  0.1	0.000	0.000	0.000
51	  E	  2.0	  0.1	0.000	0.000	0.000
52	  V	  2.0	  0.0	0.000	0.000	0.000
53	  L	  1.5	  0.3	0.000	0.000	0.000
54	  P	  0.5	  0.3	0.000	0.000	0.000
55	  S	  2.2	  0.3	0.000	0.000	0.000
56	  M	  2.4	  0.3	0.000	0.000	0.000
57	  R	  3.1	  0.0	0.000	0.000	0.000
58	  K	  2.4	  0.0	0.000	3.990	3.990
59	  I	  6.6	  0.0	0.000	51.317	51.317
60	  V	  7.1	  0.0	0.000	62.991	62.991
61	  A	  6.3	  0.0	0.000	63.103	63.103
62	  T	  4.2	  0.0	0.000	63.103	63.103
63	  W	  3.6	  0.0	0.000	63.103	63.103
64	  M	  3.0	  0.0	0.000	62.259	62.259
65	  L	  2.3	  0.0	0.000	53.259	53.259
66	  E	  2.8	  0.0	0.000	3.990	3.990
67	  V	  3.8	  0.0	0.000	3.990	3.990
68	  C	  2.5	  0.1	0.156	1.034	1.034
69	  E	  1.6	  0.2	0.156	0.000	0.000
70	  E	  0.8	  0.2	0.156	0.000	0.000
71	  Q	  0.7	  0.2	0.156	0.000	0.000
72	  K	  5.0	  0.1	0.156	0.000	0.000
73	  C	  5.2	  0.2	0.156	0.000	0.000
74	  E	  4.8	  0.2	0.000	0.000	0.000
75	  E	  0.5	  0.1	0.000	0.000	0.000
76	  E	  3.0	  0.1	0.000	0.000	0.000
77	  V	  3.4	  0.0	0.000	0.000	0.000
78	  F	  3.3	  0.2	0.000	0.000	0.000
79	  P	  0.4	  0.2	0.000	0.000	0.000
80	  L	  0.4	  0.2	0.000	0.655	0.655
81	  A	  0.5	  0.3	0.000	0.655	0.655
82	  M	  2.8	  0.1	0.000	0.655	0.655
83	  N	  2.5	  0.1	1.191	0.655	0.655
84	  Y	  3.3	  0.2	1.191	0.655	0.655
85	  L	  1.0	  0.2	1.191	0.655	0.655
86	  D	  1.0	  0.2	1.191	0.000	0.000
87	  R	  0.7	  0.2	1.191	0.000	0.000
88	  F	  1.7	  0.2	1.191	0.000	0.000
89	  L	  3.4	  0.2	0.598	0.000	0.000
90	  S	  5.5	  0.2	0.186	0.000	0.000
91	  L	  4.6	  0.2	0.000	0.000	0.000
92	  E	  2.8	  0.0	0.293	0.000	0.000
93	  P	  0.1	  0.0	0.293	0.000	0.000
94	  V	  0.7	  0.0	0.293	0.000	0.000
95	  K	  0.7	  0.1	0.293	0.000	0.000
96	  K	  0.9	  0.2	0.293	0.000	0.000
97	  S	  0.3	  0.2	0.517	0.000	0.000
98	  R	  0.8	  0.2	0.225	0.000	0.000
99	  L	  2.2	  0.1	0.225	0.198	0.198
100	  Q	  2.7	  0.1	0.225	0.198	0.198
101	  L	  2.3	  0.0	0.225	3.756	3.756
102	  L	  0.7	  0.3	0.225	4.368	4.368
103	  G	  0.1	  0.5	0.225	4.368	4.368
104	  A	  0.4	  0.5	0.000	5.613	5.613
105	  T	  2.6	  0.5	0.000	7.086	7.086
106	  C	  3.2	  0.2	0.000	7.670	7.670
107	  M	  3.7	  0.0	0.000	8.100	8.100
108	  F	  4.0	  0.0	0.000	8.100	8.100
109	  V	  5.7	  0.0	0.000	7.883	7.883
110	  A	  5.1	  0.0	0.000	2.586	2.586
111	  S	  2.7	  0.0	0.000	0.429	0.429
112	  K	  1.6	  0.0	0.000	0.000	0.000
113	  M	  1.5	  0.1	0.000	0.000	0.000
114	  K	  1.5	  0.1	0.000	0.000	0.000
115	  E	  0.3	  0.1	0.000	0.000	0.000
116	  T	  0.9	  0.1	0.000	0.000	0.000
117	  I	  0.7	  0.1	0.000	0.000	0.000
118	  P	  0.6	  0.0	0.000	0.000	0.000
119	  L	  0.8	  0.0	0.000	0.000	0.000
120	  T	  1.2	  0.0	0.593	0.000	0.000
121	  A	  1.2	  0.1	0.593	0.000	0.000
122	  E	  0.5	  0.1	0.593	0.000	0.000
123	  K	  0.7	  0.1	0.593	0.000	0.000
124	  L	  2.2	  0.1	0.593	1.483	1.483
125	  C	  3.1	  0.0	0.593	1.483	1.483
126	  I	  4.0	  0.0	0.299	1.483	1.483
127	  Y	  4.0	  0.1	0.299	1.483	1.483
128	  T	  3.2	  0.2	0.000	1.483	1.483
129	  D	  1.7	  0.4	0.000	0.000	0.000
130	  N	  0.4	  0.4	0.000	0.000	0.000
131	  S	  5.1	  0.3	0.000	0.000	0.000
132	  I	  5.5	  0.1	0.000	0.000	0.000
133	  R	  5.2	  0.1	3.541	0.000	0.000
134	  P	  0.5	  0.2	4.486	0.000	0.000
135	  E	  0.0	  0.2	5.135	0.000	0.000
136	  E	  0.0	  0.2	7.435	0.000	0.000
137	  L	  0.2	  0.1	8.489	0.000	0.000
138	  L	  1.7	  0.0	10.512	0.000	0.000
139	  Q	  3.1	  0.0	12.185	0.000	0.000
140	  M	  3.7	  0.0	12.009	0.000	0.000
141	  E	  2.2	  0.0	12.064	0.000	0.000
142	  L	  1.6	  0.0	12.064	10.108	10.108
143	  L	  1.6	  0.0	12.259	10.108	10.108
144	  L	  2.2	  0.0	12.126	10.108	10.108
145	  V	  1.7	  0.0	11.340	10.108	10.108
146	  N	  0.9	  0.1	11.520	10.108	10.108
147	  K	  1.3	  0.1	7.545	0.000	0.000
148	  L	  1.6	  0.1	5.298	0.000	0.000
149	  K	  2.2	  0.1	4.173	0.000	0.000
150	  W	  2.2	  0.0	1.586	0.000	0.000
151	  N	  1.6	  0.0	1.134	0.000	0.000
152	  L	  1.1	  0.0	0.310	0.000	0.000
153	  A	  0.3	  0.0	0.310	0.000	0.000
154	  A	  0.6	  0.0	0.310	0.000	0.000
155	  M	  0.7	  0.0	0.310	0.000	0.000
156	  T	  0.5	  0.3	0.190	0.000	0.000
157	  P	  0.2	  0.4	0.000	0.000	0.000
158	  H	  0.3	  0.4	0.000	0.000	0.000
159	  D	  0.8	  0.4	0.000	0.000	0.000
160	  F	  1.9	  0.1	0.000	0.000	0.000
161	  I	  2.2	  0.1	0.000	0.000	0.000
162	  E	  2.2	  0.1	0.000	0.000	0.000
163	  H	  2.7	  0.1	0.193	0.000	0.000
164	  F	  3.2	  0.1	0.193	0.000	0.000
165	  L	  3.0	  0.0	0.193	0.000	0.000
166	  S	  1.7	  0.0	0.193	0.000	0.000
167	  K	  0.8	  0.0	0.193	0.000	0.000
168	  M	  0.5	  0.2	0.193	0.000	0.000
169	  P	  0.1	  0.2	0.141	0.000	0.000
170	  E	  0.0	  0.2	0.141	0.000	0.000
171	  A	  0.1	  0.3	0.430	0.000	0.000
172	  E	  0.1	  0.3	0.430	0.000	0.000
173	  E	  0.1	  0.3	0.430	0.000	0.000
174	  N	  0.2	  0.3	0.920	0.000	0.000
175	  K	  0.4	  0.2	0.920	0.000	0.000
176	  Q	  0.9	  0.1	0.779	0.000	0.000
177	  I	  5.2	  0.1	0.609	0.000	0.000
178	  I	  5.7	  0.0	0.609	0.000	0.000
179	  R	  5.3	  0.1	0.609	0.000	0.000
180	  K	  1.1	  0.1	0.428	0.000	0.000
181	  H	  0.5	  0.2	0.000	0.000	0.000
182	  A	  0.4	  0.2	0.000	0.509	0.509
183	  Q	  1.2	  0.2	0.000	1.472	1.472
184	  T	  6.2	  0.2	0.000	24.556	24.556
185	  F	  8.7	  0.1	0.000	39.764	39.764
186	  V	 11.1	  0.0	0.000	40.411	40.411
187	  A	  6.1	  0.0	0.000	40.411	40.411
188	  L	  3.8	  0.0	0.000	40.299	40.299
189	  C	  0.7	  0.2	0.000	25.458	25.458
190	  A	  0.6	  0.3	0.000	17.420	17.420
191	  T	  0.7	  0.3	0.000	14.645	14.645
192	  D	  1.9	  0.3	0.128	13.194	13.194
193	  V	  5.2	  0.1	0.128	13.194	13.194
194	  K	  5.2	  0.0	0.128	13.194	13.194
195	  F	  4.8	  0.0	0.128	13.194	13.194
196	  I	  1.6	  0.0	0.128	12.260	12.260
197	  S	  1.1	  0.0	0.128	1.264	1.264
198	  N	  0.1	  0.0	0.128	0.000	0.000
199	  P	  0.0	  0.5	0.000	0.000	0.000
200	  P	  0.0	  0.5	0.000	0.000	0.000
201	  S	  0.4	  0.5	0.357	0.461	0.461
202	  M	  1.6	  0.5	0.357	5.530	5.530
203	  V	  2.9	  0.0	0.357	9.972	9.972
204	  A	  2.5	  0.5	0.357	10.249	10.249
205	  A	  1.3	  0.6	0.357	10.577	10.577
206	  G	  0.1	  0.6	0.357	10.965	10.965
207	  S	  1.0	  0.6	0.570	15.893	15.893
208	  V	  5.5	  0.1	0.446	52.780	52.780
209	  V	  6.7	  0.0	0.446	52.896	52.896
210	  A	  5.9	  0.0	0.446	52.066	52.066
211	  A	  1.9	  0.0	0.446	51.365	51.365
212	  V	  0.8	  0.1	0.446	50.405	50.405
213	  Q	  0.7	  0.1	0.446	2.927	2.927
214	  G	  0.3	  0.2	0.149	1.009	1.009
215	  L	  1.6	  0.2	0.000	0.886	0.886
216	  N	  2.2	  0.2	0.000	0.000	0.000
217	  L	  3.1	  0.1	0.000	0.000	0.000
218	  R	  1.7	  0.0	0.000	0.000	0.000
219	  S	  1.1	  6.2	0.000	0.000	0.000
220	  P	  0.1	  6.3	0.000	0.000	0.000
221	  N	  0.2	  6.3	0.000	0.000	0.000
222	  N	  0.2	  6.3	0.111	0.000	0.000
223	  F	  1.2	  0.1	0.111	2.056	2.056
224	  L	  3.1	  0.1	0.111	2.056	2.056
225	  S	  4.2	  0.1	0.765	2.056	2.056
226	  Y	  5.2	  0.1	0.765	2.056	2.056
227	  Y	  5.0	  0.0	0.765	2.056	2.056
228	  R	  4.5	  0.0	0.765	0.000	0.000
229	  L	  2.8	  0.0	0.654	0.000	0.000
230	  T	  1.7	  0.0	0.654	0.000	0.000
231	  R	  1.6	  0.0	0.654	0.000	0.000
232	  F	  2.5	  0.0	0.504	0.000	0.000
233	  L	  1.7	  0.0	0.173	0.000	0.000
234	  S	  1.3	  0.0	0.280	0.000	0.000
235	  R	  3.2	  0.0	0.107	0.000	0.000
236	  V	  5.3	  0.0	0.107	0.000	0.000
237	  I	  8.4	  0.0	0.107	0.000	0.000
238	  K	  6.4	  0.0	0.107	0.000	0.000
239	  C	  4.3	  0.0	0.107	0.000	0.000
240	  D	  1.0	 15.2	0.938	0.000	0.000
241	  P	  0.1	 15.2	1.037	0.000	0.000
242	  D	  0.0	 15.2	1.822	0.000	0.000
243	  C	  1.5	 15.2	2.092	0.000	0.000
244	  L	  1.8	  0.0	2.092	0.000	0.000
245	  R	  1.8	  0.0	2.092	0.000	0.000
246	  A	  0.5	  0.0	1.938	0.000	0.000
247	  C	  0.6	  0.1	1.899	0.000	0.000
248	  Q	  0.6	  0.1	1.342	0.000	0.000
249	  E	  0.5	  0.1	0.980	0.000	0.000
250	  Q	  2.9	  0.1	0.871	0.000	0.000
251	  I	  3.8	  0.1	0.338	0.000	0.000
252	  E	  3.8	  0.0	0.338	0.000	0.000
253	  A	  1.3	  0.0	0.338	0.000	0.000
254	  L	  0.4	  0.0	0.338	0.000	0.000
255	  L	  0.5	  0.1	0.489	0.000	0.000
256	  E	  0.3	  0.2	0.489	0.000	0.000
257	  S	  0.3	  0.2	1.905	0.000	0.000
258	  S	  2.2	  0.2	2.168	0.000	0.000
259	  L	  2.4	  0.2	2.168	0.000	0.000
260	  R	  2.5	  0.1	2.168	0.000	0.000
261	  Q	  0.7	  0.1	2.168	0.000	0.000
262	  A	  0.5	  0.1	2.017	0.000	0.000
263	  Q	  0.5	  0.2	1.766	0.000	0.000
264	  Q	  0.4	  0.2	1.244	0.000	0.000
265	  N	  0.9	  0.2	0.793	0.000	0.000
266	  M	  0.9	  0.1	0.340	0.000	0.000
267	  D	  0.7	  0.6	3.348	0.000	0.000
268	  P	  0.1	  0.6	3.191	0.000	0.000
269	  K	  0.1	  0.6	3.191	0.000	0.000
270	  A	  0.2	  0.6	3.191	0.000	0.000
271	  A	  0.2	  0.1	3.191	0.000	0.000
272	  E	  0.0	  0.1	3.191	0.000	0.000
273	  E	  0.0	  0.1	2.058	0.000	0.000
274	  E	  0.0	  0.2	0.905	0.000	0.000
275	  E	  0.0	  0.1	0.248	0.000	0.000
276	  E	  0.0	  0.1	0.000	0.000	0.000
277	  E	  0.0	  0.1	0.000	0.000	0.000
278	  E	  0.0	  0.1	0.000	0.000	0.000
279	  E	  0.0	  0.1	0.000	0.000	0.000
280	  E	  5.2	  0.1	0.000	0.000	0.000
281	  V	  7.6	  0.1	0.000	0.000	0.000
282	  D	  7.6	  0.0	0.000	0.000	0.000
283	  L	  2.8	  0.0	0.000	0.000	0.000
284	  A	  0.5	  0.0	0.000	0.000	0.000
285	  C	  0.8	  0.0	0.000	0.000	0.000
286	  T	  0.5	  0.4	0.000	0.000	0.000
287	  P	  0.3	  0.4	0.000	0.000	0.000
288	  T	  0.5	  0.4	0.000	0.000	0.000
289	  D	  2.3	  0.4	0.000	0.000	0.000
290	  V	  3.1	  0.2	0.000	0.000	0.000
291	  R	  2.9	  0.1	0.000	0.000	0.000
292	  D	  1.8	  0.3	0.000	0.000	0.000
293	  V	  3.6	  0.3	0.000	0.000	0.000
294	  D	  3.4	  0.2	0.000	0.000	0.000
295	  I	  2.7	  0.2	0.000	0.000	0.000
