res	aa	Beta	Turn	Helix	Aggregation	Conc-Stab_Aggregation
01	  M	  5.8	  0.0	0.000	0.000	0.000
02	  C	  8.2	  0.0	0.000	0.000	0.000
03	  C	 11.5	  0.0	1.063	0.000	0.000
04	  T	  8.5	  0.1	3.275	0.000	0.000
05	  K	  6.3	  0.2	3.275	0.000	0.000
06	  S	  3.3	  0.2	6.003	8.774	8.774
07	  L	  1.2	  0.1	6.703	79.424	79.424
08	  L	  1.2	  0.0	9.105	94.498	94.498
09	  L	  1.1	  0.0	9.370	97.249	97.249
10	  A	  0.4	  0.0	9.370	97.751	97.751
11	  A	  0.5	  0.0	9.600	98.341	98.341
12	  L	  0.8	  0.0	9.434	99.022	99.022
13	  M	  2.8	  0.0	9.208	99.015	99.015
14	  S	  3.0	  0.0	8.227	98.949	98.949
15	  V	  6.0	  0.0	6.838	99.022	99.022
16	  L	  4.8	  0.0	6.838	98.793	98.793
17	  L	  4.7	  0.0	6.436	97.485	97.485
18	  L	  2.4	  0.0	5.808	90.318	90.318
19	  H	  2.0	  0.0	3.012	51.069	51.069
20	  L	  1.7	  0.0	0.498	50.753	50.753
21	  C	  0.8	  0.1	0.498	49.021	49.021
22	  G	  0.3	  0.3	0.300	4.049	4.049
23	  E	  0.1	  0.3	0.300	0.000	0.000
24	  S	  0.0	  0.4	2.221	0.000	0.000
25	  E	  0.1	  0.3	2.221	0.000	0.000
26	  A	  0.2	  0.3	2.221	0.000	0.000
27	  A	  0.2	  0.5	2.221	0.000	0.000
28	  S	  0.1	  0.4	2.221	0.000	0.000
29	  N	  0.7	  1.0	2.080	0.000	0.000
30	  F	  5.8	  0.8	0.674	0.000	0.000
31	  D	  6.9	  0.6	0.113	0.000	0.000
32	  C	 14.8	  0.6	0.113	0.000	0.000
33	  C	 10.2	  0.2	0.113	0.000	0.000
34	  L	  8.9	  0.2	0.113	0.000	0.000
35	  G	  0.5	  0.2	0.381	0.000	0.000
36	  Y	  1.8	  0.2	0.381	0.000	0.000
37	  T	  1.8	  0.1	0.637	0.000	0.000
38	  D	  1.7	  0.1	0.637	0.000	0.000
39	  R	  3.2	  0.1	0.637	0.000	0.000
40	  I	  4.2	  0.0	0.637	0.000	0.000
41	  L	  4.2	  0.0	0.637	0.000	0.000
42	  H	  1.2	  0.4	0.637	0.000	0.000
43	  P	  0.1	  0.4	0.000	0.000	0.000
44	  K	  0.5	  0.4	0.000	0.000	0.000
45	  F	  2.2	  0.4	0.000	18.413	18.413
46	  I	  5.2	  0.1	0.000	18.973	18.973
47	  V	  4.9	  0.1	0.000	18.973	18.973
48	  G	  3.3	  0.1	0.000	18.973	18.973
49	  F	  3.5	  0.2	0.000	18.973	18.973
50	  T	  4.9	  0.1	0.438	7.432	7.432
51	  R	  5.5	  0.1	0.438	0.000	0.000
52	  Q	  2.5	  0.1	0.438	0.000	0.000
53	  L	  0.9	  0.3	0.438	0.000	0.000
54	  A	  0.2	  0.3	0.438	0.000	0.000
55	  N	  0.0	  1.8	0.438	0.000	0.000
56	  E	  0.0	  2.4	0.146	0.000	0.000
57	  G	  0.1	  2.2	0.000	0.000	0.000
58	  C	  1.2	  2.2	0.000	0.000	0.000
59	  D	  2.1	  1.2	0.394	0.000	0.000
60	  I	  3.1	  0.6	0.394	10.730	10.730
61	  N	  2.1	  0.6	0.580	11.662	11.662
62	  A	  1.9	  0.6	0.580	11.842	11.842
63	  I	  3.1	  0.0	0.580	11.842	11.842
64	  I	  3.3	  0.0	0.580	11.842	11.842
65	  F	  3.4	  0.0	0.580	11.082	11.082
66	  H	  2.2	  0.1	0.348	0.835	0.835
67	  T	  2.8	  0.1	0.000	0.140	0.140
68	  K	  2.1	  0.2	0.000	0.000	0.000
69	  K	  1.2	  0.2	0.000	0.000	0.000
70	  K	  0.6	  0.1	0.000	0.000	0.000
71	  L	  2.5	  0.1	0.000	0.000	0.000
72	  S	  3.3	  0.0	0.000	0.000	0.000
73	  V	  3.6	  0.0	0.000	0.000	0.000
74	  C	  2.1	  0.0	0.000	0.000	0.000
75	  A	  1.2	  0.0	0.000	0.000	0.000
76	  N	  0.5	  0.3	0.000	0.000	0.000
77	  P	  0.0	  0.4	0.000	0.000	0.000
78	  K	  0.2	  0.4	0.000	0.000	0.000
79	  Q	  1.0	  0.4	0.000	0.000	0.000
80	  T	  4.6	  0.1	0.486	0.000	0.000
81	  W	  5.5	  0.0	0.593	0.000	0.000
82	  V	  7.6	  0.0	0.593	0.000	0.000
83	  K	  4.5	  0.0	0.712	0.000	0.000
84	  Y	  4.9	  0.0	0.832	0.000	0.000
85	  I	  6.6	  0.0	0.832	0.000	0.000
86	  V	  9.7	  0.0	0.832	0.000	0.000
87	  R	  8.5	  0.0	0.832	0.000	0.000
88	  L	  4.4	  0.0	0.832	0.000	0.000
89	  L	  1.1	  0.1	0.832	0.000	0.000
90	  S	  0.8	  0.1	0.975	0.000	0.000
91	  K	  0.6	  0.1	0.422	0.000	0.000
92	  K	  4.6	  0.1	0.246	0.000	0.000
93	  V	  6.3	  0.2	0.246	0.000	0.000
94	  K	  6.2	  0.1	0.246	0.000	0.000
95	  N	  1.9	  0.1	0.246	0.000	0.000
96	  M	  0.1	  0.1	0.000	0.000	0.000
