res	aa	Beta	Turn	Helix	Aggregation	Conc-Stab_Aggregation
01	  M	  0.1	  0.2	0.000	0.000	0.000
02	  S	  0.1	  0.2	0.245	0.000	0.000
03	  D	  0.3	  0.2	0.510	0.205	0.205
04	  V	  3.6	  0.2	0.510	1.341	1.341
05	  A	  4.2	  0.0	0.510	1.341	1.341
06	  I	  6.9	  0.0	0.510	1.341	1.341
07	  V	  5.1	  0.1	0.510	1.341	1.341
08	  K	  4.4	  0.4	0.510	1.341	1.341
09	  E	  1.6	  0.4	0.249	1.135	1.135
10	  G	  0.0	  0.4	0.409	1.135	1.135
11	  W	  0.4	  0.4	0.160	1.135	1.135
12	  L	  0.6	  0.0	0.160	1.135	1.135
13	  H	  1.1	  0.4	0.160	0.000	0.000
14	  K	  0.8	  0.5	0.160	0.000	0.000
15	  R	  0.6	  0.6	0.160	0.000	0.000
16	  G	  0.2	  0.6	0.146	0.000	0.000
17	  E	  0.1	  0.2	0.251	0.000	0.000
18	  Y	  1.2	  0.1	0.251	0.000	0.000
19	  I	  2.5	  0.0	0.251	0.000	0.000
20	  K	  2.9	  0.0	0.251	0.000	0.000
21	  T	 18.5	  0.0	0.251	0.000	0.000
22	  W	 17.4	  0.0	0.251	0.000	0.000
23	  R	 16.9	  0.2	0.251	0.000	0.000
24	  P	  0.2	  0.2	0.000	0.000	0.000
25	  R	  1.1	  0.2	0.000	0.000	0.000
26	  Y	  2.2	  0.2	0.000	0.000	0.000
27	  F	  3.0	  0.0	0.000	0.000	0.000
28	  L	  2.1	  0.0	0.000	0.000	0.000
29	  L	  1.2	  0.2	0.000	0.000	0.000
30	  K	  0.5	  0.6	0.000	0.000	0.000
31	  N	  0.2	  0.9	0.163	0.000	0.000
32	  D	  0.0	  1.0	0.163	0.000	0.000
33	  G	  0.1	  0.8	0.163	0.141	0.141
34	  T	  2.6	  0.4	0.163	1.703	1.703
35	  F	  3.0	  0.1	0.163	1.703	1.703
36	  I	  3.1	  0.0	0.163	1.703	1.703
37	  G	  0.7	  0.0	0.163	1.703	1.703
38	  Y	  0.9	  0.1	0.000	1.703	1.703
39	  K	  1.1	  0.1	0.000	0.000	0.000
40	  E	  1.1	  0.1	0.000	0.000	0.000
41	  R	  0.4	  0.3	0.000	0.000	0.000
42	  P	  0.0	  0.5	0.000	0.000	0.000
43	  Q	  0.4	  0.5	0.000	0.000	0.000
44	  D	  1.1	  1.1	0.000	0.000	0.000
45	  V	  2.3	  0.8	0.000	0.000	0.000
46	  D	  2.2	  0.7	0.000	0.000	0.000
47	  Q	  1.7	  0.7	0.000	0.000	0.000
48	  R	  0.5	  0.2	0.000	0.000	0.000
49	  E	  0.3	  0.1	0.000	0.000	0.000
50	  A	  0.1	  0.2	0.000	0.000	0.000
51	  P	  0.0	  0.3	0.000	0.000	0.000
52	  L	  0.2	  0.4	0.000	0.000	0.000
53	  N	  0.3	  0.4	0.000	0.000	0.000
54	  N	  1.4	  0.3	0.000	0.000	0.000
55	  F	  6.4	  0.1	0.000	0.000	0.000
56	  S	  6.8	  0.0	0.000	0.000	0.000
57	  V	  7.2	  0.0	0.000	0.000	0.000
58	  A	  2.2	  0.0	0.000	0.000	0.000
59	  Q	  2.4	  0.0	0.000	0.000	0.000
60	  C	  2.3	  0.1	0.000	0.000	0.000
61	  Q	  2.8	  0.1	0.000	0.000	0.000
62	  L	  2.3	  0.1	0.000	0.000	0.000
63	  M	  1.1	  0.1	0.000	0.000	0.000
64	  K	  0.8	  0.1	0.000	0.000	0.000
65	  T	  0.9	  0.1	0.000	0.000	0.000
66	  E	  0.8	  0.1	0.000	0.000	0.000
67	  R	  0.4	  0.0	0.000	0.000	0.000
68	  P	  0.1	  0.0	0.000	0.000	0.000
69	  R	  0.0	  0.5	0.000	0.000	0.000
70	  P	  0.0	  0.5	0.000	0.000	0.000
71	  N	  3.0	  0.5	0.294	0.323	0.323
72	  T	  5.2	  0.5	0.901	0.741	0.741
73	  F	  6.4	  0.0	0.901	1.442	1.442
74	  I	  7.4	  0.0	0.901	1.442	1.442
75	  I	  8.9	  0.0	0.901	1.442	1.442
76	  R	  8.6	  0.0	0.901	1.118	1.118
77	  C	  7.1	  0.0	0.901	3.136	3.136
78	  L	  4.5	  0.0	0.901	5.677	5.677
79	  Q	  5.5	  0.0	0.901	6.529	6.529
80	  W	  4.2	  0.0	0.409	29.907	29.907
81	  T	  5.0	  0.0	0.000	29.907	29.907
82	  T	  6.2	  0.0	0.000	29.907	29.907
83	  V	  8.3	  0.0	0.000	29.907	29.907
84	  I	  7.6	  0.0	0.000	29.077	29.077
85	  E	  4.5	  0.0	0.000	1.118	1.118
86	  R	  2.8	  0.0	0.000	0.000	0.000
87	  T	  8.5	  0.0	0.000	0.000	0.000
88	  F	 10.6	  0.0	0.000	0.000	0.000
89	  H	 11.4	  0.0	0.000	0.000	0.000
90	  V	  5.5	  0.0	0.000	0.000	0.000
91	  E	  3.0	  0.0	0.000	0.000	0.000
92	  T	  1.0	  0.2	1.246	0.000	0.000
93	  P	  0.0	  0.3	1.246	0.000	0.000
94	  E	  0.0	  0.3	1.246	0.000	0.000
95	  E	  0.1	  0.3	1.246	0.000	0.000
96	  R	  0.1	  0.1	1.246	0.000	0.000
97	  E	  0.1	  0.1	1.246	0.000	0.000
98	  E	  1.8	  0.0	0.553	0.000	0.000
99	  W	  2.8	  0.0	0.137	0.000	0.000
100	  T	  3.5	  0.0	0.000	0.000	0.000
101	  T	  2.1	  0.0	0.000	0.000	0.000
102	  A	  1.3	  0.0	0.000	0.000	0.000
103	  I	  0.8	  0.0	0.000	0.000	0.000
104	  Q	  0.8	  0.0	0.000	0.000	0.000
105	  T	  4.7	  0.0	0.318	0.000	0.000
106	  V	  5.2	  0.6	0.318	0.000	0.000
107	  A	  4.8	  0.7	0.318	0.000	0.000
108	  D	  0.7	  0.7	0.466	0.000	0.000
109	  G	  0.0	  0.7	0.466	0.000	0.000
110	  L	  0.1	  0.2	0.466	0.000	0.000
111	  K	  0.2	  0.1	0.336	0.000	0.000
112	  K	  0.5	  0.1	0.147	0.000	0.000
113	  Q	  0.4	  0.2	0.147	0.000	0.000
114	  E	  0.4	  0.2	0.000	0.000	0.000
115	  E	  0.1	  0.1	0.000	0.000	0.000
116	  E	  0.0	  0.1	0.000	0.000	0.000
117	  E	  0.9	  0.2	0.000	0.000	0.000
118	  M	  2.4	  0.1	0.000	0.000	0.000
119	  D	  3.6	  0.1	0.000	0.000	0.000
120	  F	  4.6	  0.4	0.000	0.000	0.000
121	  R	  3.2	  0.6	0.000	0.000	0.000
122	  S	  2.5	  0.6	0.000	0.000	0.000
123	  G	  0.6	  0.6	0.000	0.000	0.000
124	  S	  0.5	  3.7	0.000	0.000	0.000
125	  P	  0.0	  3.9	0.000	0.000	0.000
126	  S	  0.1	  4.9	0.000	0.000	0.000
127	  D	  0.0	  6.1	0.000	0.000	0.000
128	  N	  0.0	  3.2	0.000	0.000	0.000
129	  S	  0.0	  3.0	0.000	0.000	0.000
130	  G	  0.0	  1.9	0.191	0.000	0.000
131	  A	  0.0	  0.8	0.191	0.000	0.000
132	  E	  0.0	  0.3	0.376	0.000	0.000
133	  E	  0.2	  0.1	0.609	0.000	0.000
134	  M	  2.3	  0.1	0.740	0.000	0.000
135	  E	  5.3	  0.0	1.039	0.000	0.000
136	  V	  9.7	  0.0	1.039	0.000	0.000
137	  S	  7.7	  0.0	1.039	0.000	0.000
138	  L	  4.9	  0.0	1.039	0.000	0.000
139	  A	  0.3	  0.0	1.039	0.000	0.000
140	  K	  0.1	  0.1	1.039	0.000	0.000
141	  P	  0.0	  0.2	0.000	0.000	0.000
142	  K	  0.2	  0.2	0.000	0.000	0.000
143	  H	  1.2	  0.2	0.000	0.000	0.000
144	  R	  3.2	  0.1	0.000	0.000	0.000
145	  V	  9.9	  0.0	0.000	0.000	0.000
146	  T	 10.4	  0.0	0.922	0.000	0.000
147	  M	  8.5	  0.0	0.922	0.000	0.000
148	  N	  1.8	  0.0	10.601	0.000	0.000
149	  E	  0.7	  0.0	11.121	0.000	0.000
150	  F	  4.2	  0.1	13.279	2.649	2.649
151	  E	  4.2	  0.1	15.300	2.847	2.847
152	  Y	  4.2	  0.1	15.541	2.847	2.847
153	  L	  1.9	  0.1	15.541	2.847	2.847
154	  K	  2.1	  0.0	15.377	2.847	2.847
155	  L	  1.5	  0.1	15.007	2.847	2.847
156	  L	  0.3	  0.3	14.487	2.847	2.847
157	  G	  0.1	  0.6	13.641	0.219	0.219
158	  K	  0.0	  0.7	5.986	0.000	0.000
159	  G	  0.1	  0.6	0.178	0.000	0.000
160	  T	  1.0	  0.6	0.102	0.000	0.000
161	  F	  1.1	  0.5	0.102	0.000	0.000
162	  G	  1.0	  0.4	0.410	0.000	0.000
163	  K	  2.4	  0.4	0.410	0.000	0.000
164	  V	  9.6	  0.2	0.410	0.179	0.179
165	  I	 12.7	  0.0	0.410	0.179	0.179
166	  L	 11.1	  0.0	0.410	0.179	0.179
167	  V	  5.4	  0.0	0.410	0.179	0.179
168	  K	  2.3	  0.1	0.410	0.179	0.179
169	  E	  1.8	  0.1	0.000	0.179	0.179
170	  K	  0.9	  0.3	0.000	0.000	0.000
171	  A	  0.6	  0.4	0.000	0.000	0.000
172	  T	  0.6	  0.7	0.000	0.000	0.000
173	  G	  0.1	  0.7	0.788	0.000	0.000
174	  R	  1.4	  0.5	0.788	0.000	0.000
175	  Y	  3.0	  0.4	0.788	0.000	0.000
176	  Y	  3.7	  0.0	0.788	0.000	0.000
177	  A	  2.7	  0.0	0.788	0.000	0.000
178	  M	  3.1	  0.0	0.788	0.000	0.000
179	  K	  2.9	  0.0	0.788	0.000	0.000
180	  I	  3.5	  0.0	0.656	0.000	0.000
181	  L	  1.5	  0.0	0.656	0.000	0.000
182	  K	  1.1	  0.1	0.447	0.000	0.000
183	  K	  0.7	  0.1	0.188	0.205	0.205
184	  E	  1.0	  0.1	0.000	1.738	1.738
185	  V	 15.5	  0.0	0.000	1.871	1.871
186	  I	 19.2	  0.0	0.000	1.871	1.871
187	  V	 19.4	  0.0	0.000	1.871	1.871
188	  A	  5.3	  0.2	0.000	1.871	1.871
189	  K	  0.7	  0.2	0.000	1.667	1.667
190	  D	  0.1	  0.2	0.000	0.133	0.133
191	  E	  1.7	  0.2	0.000	0.000	0.000
192	  V	  3.6	  0.0	0.000	0.000	0.000
193	  A	  3.7	  0.0	0.000	0.000	0.000
194	  H	  3.2	  0.0	0.000	0.000	0.000
195	  T	  4.1	  0.0	0.000	0.000	0.000
196	  L	  4.0	  0.0	0.000	0.000	0.000
197	  T	  3.0	  0.3	0.243	0.000	0.000
198	  E	  0.1	  0.3	0.243	0.000	0.000
199	  N	  0.1	  0.3	0.889	0.000	0.000
200	  R	  1.8	  0.3	0.889	0.000	0.000
201	  V	  4.3	  0.0	0.889	0.000	0.000
202	  L	  4.5	  0.1	0.889	0.000	0.000
203	  Q	  2.9	  0.2	0.889	0.000	0.000
204	  N	  0.6	  0.3	0.889	0.000	0.000
205	  S	  0.8	  0.3	0.141	0.000	0.000
206	  R	  0.7	  0.1	0.000	0.000	0.000
207	  H	  0.5	  0.3	0.000	0.000	0.000
208	  P	  0.1	  0.2	0.000	0.000	0.000
209	  F	  0.5	  0.2	0.000	3.854	3.854
210	  L	  1.3	  0.2	0.000	3.854	3.854
211	  T	  1.7	  0.0	0.193	3.854	3.854
212	  A	  1.4	  0.0	0.193	3.854	3.854
213	  L	  1.4	  0.0	0.193	3.854	3.854
214	  K	  1.7	  0.0	0.193	0.000	0.000
215	  Y	  8.1	  0.0	0.193	0.000	0.000
216	  S	 10.3	  0.0	0.193	0.000	0.000
217	  F	 10.1	  0.1	0.000	0.000	0.000
218	  Q	  3.9	  0.1	0.000	0.000	0.000
219	  T	  1.3	  0.1	0.000	0.000	0.000
220	  H	  0.9	  0.2	0.000	0.000	0.000
221	  D	  0.7	  0.3	0.000	0.000	0.000
222	  R	  0.1	  0.3	0.000	0.000	0.000
223	  L	  1.1	  0.2	0.000	10.169	10.169
224	  C	  3.5	  0.1	0.000	10.169	10.169
225	  F	  5.2	  0.0	0.000	10.169	10.169
226	  V	  5.8	  0.0	0.000	10.169	10.169
227	  M	  4.3	  0.0	0.000	10.169	10.169
228	  E	  2.9	  0.0	0.000	0.000	0.000
229	  Y	  1.6	  0.9	0.000	0.000	0.000
230	  A	  0.7	  1.3	0.000	0.000	0.000
231	  N	  0.3	  1.6	0.000	0.000	0.000
232	  G	  0.0	  1.7	0.000	0.000	0.000
233	  G	  0.0	  0.9	0.000	0.000	0.000
234	  E	  0.2	  0.5	0.000	0.000	0.000
235	  L	  0.8	  0.2	0.000	5.785	5.785
236	  F	  2.1	  0.1	0.000	5.785	5.785
237	  F	  3.4	  0.0	0.000	5.785	5.785
238	  H	  3.6	  0.0	0.000	5.785	5.785
239	  L	  2.4	  0.0	0.000	5.785	5.785
240	  S	  1.0	  0.1	0.251	0.252	0.252
241	  R	  0.3	  0.1	0.251	0.000	0.000
242	  E	  0.3	  0.1	0.251	0.000	0.000
243	  R	  2.7	  0.1	0.251	0.000	0.000
244	  V	  6.9	  0.0	0.251	0.000	0.000
245	  F	  7.4	  0.1	0.486	0.000	0.000
246	  S	  4.9	  1.9	4.898	0.000	0.000
247	  E	  0.6	  1.9	5.677	0.000	0.000
248	  D	  0.1	  2.0	7.565	0.000	0.000
249	  R	  0.1	  1.9	7.565	0.000	0.000
250	  A	  0.3	  0.1	7.565	0.000	0.000
251	  R	  1.6	  0.1	7.565	0.000	0.000
252	  F	  2.3	  0.0	7.056	0.000	0.000
253	  Y	  2.3	  0.3	3.615	0.000	0.000
254	  G	  1.1	  0.3	0.780	0.000	0.000
255	  A	  0.4	  0.3	0.250	0.000	0.000
256	  E	  0.5	  0.3	0.000	0.000	0.000
257	  I	  3.7	  0.0	0.000	0.632	0.632
258	  V	  5.6	  0.0	0.000	0.632	0.632
259	  S	  5.4	  0.0	0.364	0.632	0.632
260	  A	  2.4	  0.1	0.364	0.632	0.632
261	  L	  1.5	  0.1	0.364	0.632	0.632
262	  D	  1.4	  0.1	0.364	0.000	0.000
263	  Y	  1.9	  0.1	0.364	0.000	0.000
264	  L	  0.9	  0.0	0.364	0.000	0.000
265	  H	  0.9	  0.2	0.146	0.000	0.000
266	  S	  0.2	  0.3	0.000	0.000	0.000
267	  E	  0.3	  0.4	0.000	0.000	0.000
268	  K	  0.6	  0.4	0.000	0.000	0.000
269	  N	  2.6	  0.2	0.000	0.000	0.000
270	  V	  6.0	  0.1	0.000	0.000	0.000
271	  V	  8.0	  0.0	0.000	0.000	0.000
272	  Y	  6.6	  0.4	0.000	0.000	0.000
273	  R	  3.1	  0.4	0.000	0.000	0.000
274	  D	  0.9	  0.4	0.979	0.000	0.000
275	  L	  1.6	  0.5	0.979	0.000	0.000
276	  K	  3.1	  0.1	1.239	0.000	0.000
277	  L	  3.1	  0.2	1.239	0.000	0.000
278	  E	  1.7	  0.3	1.239	0.000	0.000
279	  N	  0.1	  0.2	1.239	0.000	0.000
280	  L	  1.0	  0.2	0.860	0.000	0.000
281	  M	  1.4	  0.0	0.649	0.000	0.000
282	  L	  1.5	  0.0	0.295	0.000	0.000
283	  D	  0.5	  8.8	0.000	0.000	0.000
284	  K	  0.1	  9.3	0.000	0.000	0.000
285	  D	  0.0	  9.3	0.000	0.000	0.000
286	  G	  0.1	  9.3	0.000	0.000	0.000
287	  H	  5.4	  0.5	0.000	0.000	0.000
288	  I	 10.3	  0.0	0.000	0.000	0.000
289	  K	 15.2	  0.0	0.000	0.000	0.000
290	  I	 10.6	  0.1	0.000	0.000	0.000
291	  T	  6.3	  0.1	0.000	0.000	0.000
292	  D	  0.8	  0.1	0.000	0.000	0.000
293	  F	  0.5	  0.2	0.000	0.000	0.000
294	  G	  0.2	  0.1	0.000	0.000	0.000
295	  L	  0.3	  0.1	0.000	0.000	0.000
296	  C	  0.5	  0.4	0.000	0.000	0.000
297	  K	  0.5	  0.6	0.000	0.000	0.000
298	  E	  0.3	  0.7	0.000	0.000	0.000
299	  G	  0.1	  0.7	0.000	0.000	0.000
300	  I	  0.3	  0.7	0.000	0.000	0.000
301	  K	  0.4	  0.8	0.000	0.000	0.000
302	  D	  0.3	  1.0	0.628	0.000	0.000
303	  G	  0.0	  1.1	0.795	0.000	0.000
304	  A	  0.5	  0.7	0.795	0.000	0.000
305	  T	  3.7	  0.4	0.795	0.000	0.000
306	  M	  3.9	  0.3	0.795	0.000	0.000
307	  K	  4.0	  0.2	0.795	0.000	0.000
308	  T	  9.9	  0.2	0.293	0.000	0.000
309	  F	 11.2	  0.2	0.293	0.000	0.000
310	  C	 10.7	  0.0	0.000	0.000	0.000
311	  G	  1.7	  0.0	0.000	0.000	0.000
312	  T	  0.1	  0.2	0.000	0.000	0.000
313	  P	  0.0	  0.2	0.000	0.000	0.000
314	  E	  0.1	  0.2	0.000	0.000	0.000
315	  Y	  1.7	  0.2	0.000	0.000	0.000
316	  L	  1.7	  0.0	0.000	0.000	0.000
317	  A	  1.6	  0.2	0.000	0.000	0.000
318	  P	  0.0	  0.2	0.000	0.000	0.000
319	  E	  0.5	  0.2	0.000	0.000	0.000
320	  V	  2.0	  0.2	0.000	0.000	0.000
321	  L	  2.1	  0.3	0.000	0.000	0.000
322	  E	  1.6	  0.4	0.000	0.000	0.000
323	  D	  0.1	  0.9	0.000	0.000	0.000
324	  N	  0.1	  1.2	0.400	0.000	0.000
325	  D	  0.1	  1.2	0.542	0.000	0.000
326	  Y	  0.3	  1.5	0.542	0.000	0.000
327	  G	  0.2	  1.0	0.542	0.000	0.000
328	  R	  0.5	  0.8	0.542	0.000	0.000
329	  A	  0.6	  0.4	0.542	0.000	0.000
330	  V	  2.3	  0.0	0.365	0.000	0.000
331	  D	  2.6	  0.0	0.365	0.000	0.000
332	  W	  2.5	  0.2	0.000	8.947	8.947
333	  W	  0.8	  0.2	0.000	11.072	11.072
334	  G	  0.2	  0.2	0.549	11.967	11.967
335	  L	  0.2	  0.2	0.549	18.426	18.426
336	  G	  0.1	  0.1	0.952	19.343	19.343
337	  V	  8.3	  0.0	0.952	19.343	19.343
338	  V	  9.9	  0.0	1.959	19.176	19.176
339	  M	 10.1	  0.0	2.224	16.441	16.441
340	  Y	  4.2	  0.0	2.224	13.848	13.848
341	  E	  2.4	  0.0	2.224	0.000	0.000
342	  M	  3.9	  0.0	2.224	0.000	0.000
343	  M	  1.9	  0.0	2.224	0.000	0.000
344	  C	  2.0	  0.1	2.224	0.000	0.000
345	  G	  0.4	  0.1	2.224	0.000	0.000
346	  R	  0.2	  0.1	1.202	0.000	0.000
347	  L	  0.1	  0.3	0.133	0.000	0.000
348	  P	  0.1	  0.2	0.000	0.000	0.000
349	  F	  2.0	  0.2	0.000	0.000	0.000
350	  Y	  3.5	  0.3	0.000	0.000	0.000
351	  N	  3.6	  1.9	0.000	0.000	0.000
352	  Q	  1.7	  1.9	0.000	0.000	0.000
353	  D	  0.3	  1.9	1.316	0.000	0.000
354	  H	  0.4	  2.0	1.810	0.000	0.000
355	  E	  0.4	  0.2	2.838	0.000	0.000
356	  K	  0.5	  0.2	4.103	1.053	1.053
357	  L	  0.4	  0.1	4.103	1.053	1.053
358	  F	  2.5	  0.1	4.209	1.053	1.053
359	  E	  2.3	  0.1	4.404	1.053	1.053
360	  L	  3.5	  0.1	4.404	1.053	1.053
361	  I	  4.4	  0.1	4.640	1.053	1.053
362	  L	  4.4	  0.0	5.004	0.778	0.778
363	  M	  3.2	  0.0	4.943	0.229	0.229
364	  E	  0.1	  0.0	4.181	0.000	0.000
365	  E	  1.0	  0.0	3.199	0.000	0.000
366	  I	  6.3	  0.0	3.199	0.000	0.000
367	  R	  6.4	  0.0	3.199	0.000	0.000
368	  F	  5.4	  0.1	2.731	0.000	0.000
369	  P	  0.1	  0.2	0.000	0.000	0.000
370	  R	  0.3	  0.2	0.000	0.000	0.000
371	  T	  0.4	  0.2	0.000	0.000	0.000
372	  L	  0.4	  0.1	0.000	0.000	0.000
373	  G	  0.1	  0.4	1.081	0.000	0.000
374	  P	  0.0	  0.4	1.081	0.000	0.000
375	  E	  0.5	  0.4	1.081	0.000	0.000
376	  A	  0.6	  0.5	1.081	0.000	0.000
377	  K	  0.8	  0.2	1.081	0.000	0.000
378	  S	  0.5	  0.2	1.081	0.000	0.000
379	  L	  0.9	  0.3	0.667	0.000	0.000
380	  L	  0.9	  0.3	0.423	0.000	0.000
381	  S	  0.7	  0.3	0.701	0.000	0.000
382	  G	  0.2	  0.3	0.447	0.000	0.000
383	  L	  0.3	  0.2	0.447	0.000	0.000
384	  L	  0.3	  0.1	0.447	0.000	0.000
385	  K	  0.4	  0.1	0.447	0.000	0.000
386	  K	  0.2	  0.1	0.447	0.000	0.000
387	  D	  0.1	  0.5	0.000	0.000	0.000
388	  P	  0.0	  0.6	0.000	0.000	0.000
389	  K	  0.2	  0.6	0.000	0.000	0.000
390	  Q	  0.5	  0.7	0.000	0.000	0.000
391	  R	  0.6	  0.2	0.000	0.000	0.000
392	  L	  0.4	  0.3	0.000	0.000	0.000
393	  G	  0.1	  0.4	0.000	0.000	0.000
394	  G	  0.0	  0.6	0.000	0.000	0.000
395	  G	  0.0	  0.7	0.000	0.000	0.000
396	  S	  0.1	  2.8	0.661	0.000	0.000
397	  E	  0.1	  2.7	0.661	0.000	0.000
398	  D	  0.1	  2.6	1.575	0.000	0.000
399	  A	  0.1	  2.5	1.575	0.000	0.000
400	  K	  0.5	  0.2	1.575	0.000	0.000
401	  E	  0.7	  0.2	1.575	0.000	0.000
402	  I	  2.4	  0.0	1.292	0.000	0.000
403	  M	  2.6	  0.0	1.292	0.000	0.000
404	  Q	  2.7	  0.1	0.901	0.000	0.000
405	  H	  1.7	  0.1	0.452	0.000	0.000
406	  R	  2.4	  0.1	0.299	0.000	0.000
407	  F	  3.7	  0.0	0.128	59.765	59.765
408	  F	  3.3	  0.5	0.000	65.141	65.141
409	  A	  2.1	  0.5	0.000	66.079	66.079
410	  G	  0.5	  0.5	0.000	66.167	66.167
411	  I	  4.4	  0.5	0.000	67.143	67.143
412	  V	  7.1	  0.0	0.000	66.363	66.363
413	  W	  8.1	  0.1	0.000	55.200	55.200
414	  Q	  4.5	  0.1	0.000	8.195	8.195
415	  H	  3.2	  0.1	0.000	6.388	6.388
416	  V	  5.4	  0.1	0.000	6.388	6.388
417	  Y	  7.0	  0.1	0.000	5.191	5.191
418	  E	  5.8	  0.1	0.000	0.000	0.000
419	  K	  2.6	  0.1	0.000	0.000	0.000
420	  K	  1.4	  0.1	0.000	0.000	0.000
421	  L	  0.9	  0.1	0.000	0.000	0.000
422	  S	  0.9	  0.0	0.000	0.000	0.000
423	  P	  0.0	  0.0	0.000	0.000	0.000
424	  P	  0.0	  0.0	0.000	0.000	0.000
425	  F	  0.2	  0.0	0.000	0.000	0.000
426	  K	  0.2	  0.2	0.000	0.000	0.000
427	  P	  0.2	  0.2	0.000	0.000	0.000
428	  Q	  0.7	  0.2	0.000	0.000	0.000
429	  V	  3.6	  0.2	0.000	0.000	0.000
430	  T	  3.8	  0.1	0.000	0.000	0.000
431	  S	  3.1	  0.2	0.160	0.000	0.000
432	  E	  0.3	  0.3	0.160	0.000	0.000
433	  T	  0.5	  0.3	0.160	0.000	0.000
434	  D	  0.8	  0.3	0.160	0.000	0.000
435	  T	  1.7	  0.1	0.160	0.000	0.000
436	  R	  2.6	  0.1	0.160	0.000	0.000
437	  Y	  3.9	  0.1	0.160	0.000	0.000
438	  F	  3.2	  0.1	0.000	0.000	0.000
439	  D	  1.8	  0.2	0.141	0.000	0.000
440	  E	  0.3	  0.2	0.141	0.000	0.000
441	  E	  2.5	  0.1	0.141	0.000	0.000
442	  F	  8.0	  0.1	0.141	0.169	0.169
443	  T	  8.9	  0.0	0.141	0.169	0.169
444	  A	  6.8	  0.0	0.141	0.343	0.343
445	  Q	  1.5	  0.0	0.141	0.548	0.548
446	  M	  0.8	  0.0	0.000	0.548	0.548
447	  I	 13.7	  0.0	0.000	0.548	0.548
448	  T	 29.8	  0.0	0.000	0.548	0.548
449	  I	 29.5	  0.0	0.000	0.548	0.548
450	  T	 18.4	  0.0	0.000	0.000	0.000
451	  P	  0.0	  0.7	0.000	0.000	0.000
452	  P	  0.0	  0.8	0.000	0.000	0.000
453	  D	  0.1	  4.0	0.000	0.000	0.000
454	  Q	  0.1	  4.1	0.000	0.000	0.000
455	  D	  0.1	  3.8	0.000	0.000	0.000
456	  D	  0.0	  3.8	0.000	0.000	0.000
457	  S	  1.2	  0.6	0.000	0.000	0.000
458	  M	  2.6	  0.5	0.000	0.000	0.000
459	  E	  2.7	  0.0	0.000	0.000	0.000
460	  C	  2.9	  0.0	0.000	0.000	0.000
461	  V	  2.6	  0.1	0.000	0.000	0.000
462	  D	  2.6	  0.2	0.000	0.000	0.000
463	  S	  1.3	  0.3	0.000	0.000	0.000
464	  E	  0.5	  0.3	0.000	0.000	0.000
465	  R	  0.5	  0.3	0.000	0.000	0.000
466	  R	  0.4	  0.3	0.000	0.000	0.000
467	  P	  0.1	  0.2	0.000	0.000	0.000
468	  H	  0.3	  0.2	0.000	0.000	0.000
469	  F	  0.3	  0.4	0.000	0.000	0.000
470	  P	  0.3	  0.2	0.000	0.000	0.000
471	  Q	  1.8	  0.2	0.000	0.000	0.000
472	  F	  7.9	  0.2	0.000	0.000	0.000
473	  S	 26.7	  0.2	0.000	0.000	0.000
474	  Y	 28.1	  0.2	0.000	0.000	0.000
475	  S	 25.5	  2.5	0.000	0.000	0.000
476	  A	  6.3	  2.6	0.000	0.000	0.000
477	  S	  2.7	  2.6	0.000	0.000	0.000
478	  G	  0.2	  2.6	0.000	0.000	0.000
479	  T	  0.2	  0.3	0.000	0.000	0.000
480	  A	  0.1	  0.2	0.000	0.000	0.000
