res	aa	Beta	Turn	Helix	Aggregation	Conc-Stab_Aggregation
01	  M	  0.3	  0.0	0.000	0.000	0.000
02	  D	  0.3	  0.0	1.184	0.000	0.000
03	  A	  0.8	  0.0	1.184	0.000	0.000
04	  I	  1.0	  0.0	1.184	0.000	0.000
05	  K	  1.0	  0.1	1.184	0.000	0.000
06	  K	  0.6	  0.1	1.184	0.000	0.000
07	  K	  0.8	  0.1	1.184	0.000	0.000
08	  M	  2.8	  0.0	0.665	0.000	0.000
09	  Q	  3.3	  0.0	0.467	0.000	0.000
10	  M	  3.0	  0.0	0.250	0.000	0.000
11	  L	  2.3	  0.0	0.127	0.000	0.000
12	  K	  2.3	  0.2	0.000	0.000	0.000
13	  L	  2.1	  0.3	0.000	0.000	0.000
14	  D	  0.8	  0.5	0.128	0.000	0.000
15	  K	  0.2	  0.7	0.128	0.000	0.000
16	  E	  0.1	  0.5	0.128	0.000	0.000
17	  N	  0.2	  0.4	1.419	0.000	0.000
18	  A	  0.4	  0.2	1.419	0.000	0.000
19	  I	  0.7	  0.0	1.419	0.000	0.000
20	  D	  0.6	  0.1	7.386	0.000	0.000
21	  R	  0.5	  0.1	10.954	0.000	0.000
22	  A	  0.1	  0.1	12.781	0.000	0.000
23	  E	  0.1	  0.1	14.370	0.000	0.000
24	  Q	  0.2	  0.1	14.668	0.000	0.000
25	  A	  0.2	  0.1	16.172	0.000	0.000
26	  E	  0.3	  0.2	16.156	0.000	0.000
27	  A	  0.1	  0.3	16.027	0.000	0.000
28	  D	  0.1	  0.4	17.759	0.000	0.000
29	  K	  0.1	  0.4	16.878	0.000	0.000
30	  K	  0.2	  0.2	15.913	0.000	0.000
31	  Q	  0.4	  0.2	12.611	0.000	0.000
32	  A	  0.3	  0.3	9.940	0.000	0.000
33	  E	  0.2	  0.3	10.215	0.000	0.000
34	  D	  0.0	  0.3	14.158	0.000	0.000
35	  R	  0.4	  0.3	13.079	0.000	0.000
36	  C	  0.8	  0.2	12.240	0.000	0.000
37	  K	  0.9	  0.2	10.917	0.000	0.000
38	  Q	  1.7	  0.1	9.803	0.000	0.000
39	  L	  1.3	  0.2	8.509	0.000	0.000
40	  E	  1.2	  0.1	9.516	0.000	0.000
41	  E	  0.0	  0.1	13.038	0.000	0.000
42	  E	  0.1	  0.1	14.341	0.000	0.000
43	  Q	  0.1	  0.1	14.487	0.000	0.000
44	  Q	  0.3	  0.1	14.404	0.000	0.000
45	  A	  0.4	  0.0	14.248	0.000	0.000
46	  L	  0.5	  0.0	14.248	0.000	0.000
47	  Q	  0.5	  0.1	14.026	0.000	0.000
48	  K	  0.4	  0.1	12.530	0.000	0.000
49	  K	  1.1	  0.1	8.563	0.000	0.000
50	  L	  1.1	  0.3	4.430	0.000	0.000
51	  K	  1.0	  0.3	3.527	0.000	0.000
52	  G	  0.1	  0.3	0.854	0.000	0.000
53	  T	  0.1	  0.6	0.000	0.000	0.000
54	  E	  0.0	  0.4	0.000	0.000	0.000
55	  D	  0.1	  0.3	1.326	0.000	0.000
56	  E	  2.3	  0.3	1.326	0.000	0.000
57	  V	  3.4	  0.1	1.326	0.000	0.000
58	  E	  3.5	  0.1	1.326	0.000	0.000
59	  K	  2.0	  0.1	1.326	0.000	0.000
60	  Y	  1.5	  0.1	1.326	0.000	0.000
61	  S	  1.5	  0.8	0.696	0.000	0.000
62	  E	  0.8	  0.8	0.491	0.000	0.000
63	  S	  1.9	  0.8	2.558	0.000	0.000
64	  V	  3.3	  0.8	2.558	0.000	0.000
65	  K	  3.4	  0.1	2.558	0.000	0.000
66	  E	  1.8	  0.0	2.558	0.000	0.000
67	  A	  0.3	  0.1	2.558	0.000	0.000
68	  Q	  0.3	  0.1	2.558	0.000	0.000
69	  E	  0.2	  0.1	2.014	0.000	0.000
70	  K	  1.8	  0.1	2.080	0.000	0.000
71	  L	  1.7	  0.1	1.972	0.000	0.000
72	  E	  1.7	  0.1	1.960	0.000	0.000
73	  Q	  0.3	  0.1	1.765	0.000	0.000
74	  A	  0.3	  0.1	1.469	0.000	0.000
75	  E	  0.7	  0.1	1.352	0.000	0.000
76	  K	  0.6	  0.1	1.196	0.000	0.000
77	  K	  1.0	  0.1	0.901	0.000	0.000
78	  A	  0.7	  0.1	0.000	0.000	0.000
79	  T	  0.7	  0.1	0.000	0.000	0.000
80	  D	  0.2	  0.3	0.117	0.000	0.000
81	  A	  0.1	  0.4	0.117	0.000	0.000
82	  E	  0.2	  0.5	0.117	0.000	0.000
83	  A	  0.2	  0.5	0.117	0.000	0.000
84	  D	  0.4	  0.2	1.815	0.000	0.000
85	  V	  2.6	  0.2	1.815	0.000	0.000
86	  A	  3.0	  0.0	1.815	0.000	0.000
87	  S	  5.6	  0.7	2.202	0.000	0.000
88	  L	  3.3	  0.7	2.202	0.000	0.000
89	  N	  2.9	  0.7	2.086	0.000	0.000
90	  R	  1.8	  0.7	1.491	0.000	0.000
91	  R	  3.2	  0.0	0.834	0.000	0.000
92	  I	  4.6	  0.0	0.524	0.000	0.000
93	  Q	  3.7	  0.0	0.524	0.000	0.000
94	  L	  2.5	  0.0	0.112	0.000	0.000
95	  V	  1.6	  0.0	0.556	0.000	0.000
96	  E	  0.8	  0.1	0.826	0.000	0.000
97	  E	  0.6	  0.1	1.405	0.000	0.000
98	  E	  0.8	  0.2	1.634	0.000	0.000
99	  L	  0.8	  0.2	1.634	0.000	0.000
100	  D	  0.8	  0.2	2.878	0.000	0.000
101	  R	  0.2	  0.2	3.684	0.000	0.000
102	  A	  0.2	  0.1	3.815	0.000	0.000
103	  Q	  0.2	  0.1	3.673	0.000	0.000
104	  E	  0.2	  0.1	2.610	0.000	0.000
105	  R	  0.3	  0.1	2.739	0.000	0.000
106	  L	  0.2	  0.1	2.485	0.836	0.836
107	  A	  0.3	  0.0	2.181	0.836	0.836
108	  T	  0.7	  0.0	2.058	0.836	0.836
109	  A	  0.8	  0.0	2.058	0.836	0.836
110	  L	  0.9	  0.0	2.058	0.836	0.836
111	  Q	  0.7	  0.1	1.761	0.000	0.000
112	  K	  2.1	  0.1	0.545	0.000	0.000
113	  L	  1.9	  0.1	0.143	0.000	0.000
114	  E	  1.6	  0.1	0.531	0.000	0.000
115	  E	  0.1	  0.1	0.531	0.000	0.000
116	  A	  0.1	  0.1	0.531	0.000	0.000
117	  E	  0.2	  0.1	0.531	0.000	0.000
118	  K	  0.3	  0.1	0.531	0.000	0.000
119	  A	  0.3	  0.4	0.388	0.000	0.000
120	  A	  0.2	  0.4	0.255	0.000	0.000
121	  D	  0.0	  1.9	1.142	0.000	0.000
122	  E	  0.0	  1.9	1.144	0.000	0.000
123	  S	  0.1	  1.9	1.300	0.000	0.000
124	  E	  0.1	  2.0	1.300	0.000	0.000
125	  R	  0.2	  0.4	1.300	0.000	0.000
126	  G	  0.1	  0.4	1.300	0.000	0.000
127	  M	  2.2	  0.1	0.989	0.000	0.000
128	  K	  4.5	  0.0	0.294	0.000	0.000
129	  V	  7.8	  0.0	0.000	0.000	0.000
130	  I	  5.8	  0.1	0.000	0.000	0.000
131	  E	  3.4	  0.1	0.000	0.000	0.000
132	  N	  0.2	  0.2	0.967	0.000	0.000
133	  R	  0.2	  0.2	0.967	0.000	0.000
134	  A	  0.4	  0.0	0.967	0.000	0.000
135	  M	  0.6	  0.2	0.967	0.000	0.000
136	  K	  0.5	  0.2	0.967	0.000	0.000
137	  D	  0.2	  0.5	1.120	0.000	0.000
138	  E	  0.2	  0.5	1.019	0.000	0.000
139	  E	  0.2	  0.3	0.404	0.000	0.000
140	  K	  2.1	  0.2	0.277	0.000	0.000
141	  M	  2.7	  0.1	0.277	0.000	0.000
142	  E	  3.0	  0.0	0.819	0.000	0.000
143	  L	  1.2	  0.1	0.819	0.000	0.000
144	  Q	  0.5	  0.1	1.362	0.000	0.000
145	  E	  0.5	  0.0	1.086	0.000	0.000
146	  M	  2.4	  0.1	1.086	0.000	0.000
147	  Q	  3.3	  0.0	1.273	0.000	0.000
148	  L	  3.0	  0.1	1.273	0.000	0.000
149	  K	  1.2	  0.1	1.273	0.000	0.000
150	  E	  0.6	  0.1	0.902	0.000	0.000
151	  A	  0.7	  0.1	0.618	0.000	0.000
152	  K	  1.1	  0.1	0.618	0.000	0.000
153	  H	  5.0	  0.0	0.000	0.000	0.000
154	  I	  5.1	  0.0	0.000	0.000	0.000
155	  A	  4.5	  0.2	0.000	0.000	0.000
156	  E	  0.3	  0.3	0.085	0.000	0.000
157	  D	  0.0	  2.6	6.394	0.000	0.000
158	  S	  0.0	  2.7	11.589	0.000	0.000
159	  D	  0.0	  2.5	20.560	0.000	0.000
160	  R	  0.4	  2.5	21.042	0.000	0.000
161	  K	  2.9	  0.1	22.782	0.000	0.000
162	  Y	  3.4	  0.1	23.197	0.000	0.000
163	  E	  3.1	  0.1	23.628	0.000	0.000
164	  E	  1.7	  0.1	23.739	0.000	0.000
165	  V	  2.0	  0.1	23.224	0.000	0.000
166	  A	  2.0	  0.0	23.224	0.000	0.000
167	  R	  1.1	  0.0	22.548	0.000	0.000
168	  K	  0.7	  0.0	21.205	1.392	1.392
169	  L	  2.4	  0.0	7.880	1.392	1.392
170	  V	  7.9	  0.0	4.137	1.392	1.392
171	  I	  8.1	  0.0	3.573	1.392	1.392
172	  L	  6.4	  0.3	3.573	1.392	1.392
173	  E	  0.7	  0.5	2.634	1.392	1.392
174	  G	  0.0	  0.5	1.029	0.115	0.115
175	  E	  0.2	  0.5	0.478	0.000	0.000
176	  L	  0.2	  0.3	0.478	0.000	0.000
177	  E	  0.5	  0.1	0.478	0.000	0.000
178	  R	  0.5	  0.1	0.478	0.000	0.000
179	  S	  0.4	  0.3	0.478	0.000	0.000
180	  E	  0.2	  0.2	0.000	0.000	0.000
181	  E	  0.1	  0.2	0.000	0.000	0.000
182	  R	  0.2	  0.2	0.000	0.000	0.000
183	  A	  0.4	  0.1	0.000	0.000	0.000
184	  E	  2.1	  0.0	0.000	0.000	0.000
185	  V	  2.7	  0.0	0.000	0.000	0.000
186	  A	  2.5	  0.1	0.000	0.000	0.000
187	  E	  1.2	  0.2	0.000	0.000	0.000
188	  S	  1.1	  0.4	0.000	0.000	0.000
189	  K	  1.4	  0.4	0.000	0.000	0.000
190	  C	  1.0	  1.0	0.000	0.000	0.000
191	  G	  0.4	  1.0	0.000	0.000	0.000
192	  D	  0.3	  0.8	1.234	0.000	0.000
193	  L	  0.3	  0.9	1.385	0.000	0.000
194	  E	  0.3	  0.1	1.385	0.000	0.000
195	  E	  0.0	  0.1	1.385	0.000	0.000
196	  E	  1.3	  0.1	1.385	0.000	0.000
197	  L	  2.9	  0.1	1.385	0.000	0.000
198	  K	  4.5	  0.0	1.385	0.000	0.000
199	  I	  7.5	  0.0	0.454	0.000	0.000
200	  V	  7.6	  0.0	0.454	0.000	0.000
201	  T	  6.2	  0.1	0.454	0.000	0.000
202	  N	  1.9	  0.1	0.454	0.000	0.000
203	  N	  0.4	  0.1	0.356	0.000	0.000
204	  L	  0.7	  0.2	0.177	0.000	0.000
205	  K	  0.9	  0.2	0.347	0.000	0.000
206	  S	  1.7	  0.1	0.482	0.000	0.000
207	  L	  1.5	  0.2	0.482	0.000	0.000
208	  E	  1.4	  0.1	0.482	0.000	0.000
209	  A	  0.4	  0.0	0.630	0.000	0.000
210	  Q	  0.2	  0.3	0.630	0.000	0.000
211	  A	  0.1	  0.4	0.283	0.000	0.000
212	  D	  0.2	  0.5	0.283	0.000	0.000
213	  K	  0.8	  0.5	0.148	0.000	0.000
214	  Y	  1.7	  0.2	0.148	0.000	0.000
215	  S	  2.0	  0.2	0.000	0.000	0.000
216	  T	  1.9	  0.2	0.106	0.000	0.000
217	  K	  1.0	  0.6	0.106	0.000	0.000
218	  E	  0.7	  0.6	0.106	0.000	0.000
219	  D	  0.2	  0.5	4.144	0.000	0.000
220	  K	  3.1	  0.5	6.382	0.000	0.000
221	  Y	  3.5	  0.1	8.158	0.000	0.000
222	  E	  3.5	  0.1	9.530	0.000	0.000
223	  E	  0.6	  0.1	11.757	0.000	0.000
224	  E	  5.6	  0.1	13.335	0.000	0.000
225	  I	 10.0	  0.0	13.442	0.000	0.000
226	  K	 10.2	  0.0	13.554	0.000	0.000
227	  L	  4.9	  0.0	13.468	0.000	0.000
228	  L	  0.3	  0.1	13.383	0.000	0.000
229	  E	  0.2	  0.1	13.863	0.000	0.000
230	  E	  0.2	  0.1	12.883	0.000	0.000
231	  K	  1.1	  0.1	11.311	0.000	0.000
232	  L	  1.0	  0.1	9.038	0.000	0.000
233	  K	  1.1	  0.1	8.799	0.000	0.000
234	  E	  0.2	  0.1	6.783	0.000	0.000
235	  A	  0.2	  0.1	4.703	0.000	0.000
236	  E	  0.1	  0.1	3.369	0.000	0.000
237	  T	  0.3	  0.1	1.639	0.000	0.000
238	  R	  0.4	  0.1	1.639	0.000	0.000
239	  A	  0.5	  0.0	1.410	0.000	0.000
240	  E	  0.6	  0.0	0.493	0.000	0.000
241	  F	  0.9	  0.0	0.370	0.000	0.000
242	  A	  0.8	  0.1	0.370	0.000	0.000
243	  E	  0.7	  0.1	0.370	0.000	0.000
244	  R	  1.2	  0.1	0.370	0.000	0.000
245	  S	  1.8	  0.1	0.690	0.000	0.000
246	  V	  2.2	  0.0	0.319	0.000	0.000
247	  A	  1.7	  0.0	0.319	0.000	0.000
248	  K	  2.6	  0.0	0.319	0.000	0.000
249	  L	  1.9	  0.1	0.319	0.000	0.000
250	  E	  2.0	  0.1	0.319	0.000	0.000
251	  K	  1.3	  0.1	0.165	0.000	0.000
252	  T	  5.7	  0.1	0.000	0.000	0.000
253	  I	  5.5	  0.2	0.000	0.000	0.000
254	  D	  4.7	  0.2	0.000	0.000	0.000
255	  D	  0.3	  0.2	0.000	0.000	0.000
256	  L	  0.3	  0.3	0.000	0.000	0.000
257	  E	  0.3	  0.3	0.232	0.000	0.000
258	  D	  0.1	  0.2	5.771	0.000	0.000
259	  E	  1.8	  0.2	6.726	0.000	0.000
260	  V	  3.7	  0.0	8.986	0.000	0.000
261	  Y	  4.1	  0.0	8.986	0.000	0.000
262	  A	  2.5	  0.0	8.986	0.000	0.000
263	  Q	  0.9	  0.0	8.986	0.000	0.000
264	  K	  1.5	  0.0	8.232	0.000	0.000
265	  M	  2.4	  0.0	7.492	0.000	0.000
266	  K	  3.1	  0.0	6.537	0.000	0.000
267	  Y	  3.1	  0.0	4.356	0.000	0.000
268	  K	  2.3	  0.0	2.497	0.000	0.000
269	  A	  1.7	  0.0	0.297	0.000	0.000
270	  I	  0.8	  0.1	0.116	0.000	0.000
271	  S	  0.6	  0.1	0.643	0.000	0.000
272	  E	  0.2	  0.2	0.527	0.000	0.000
273	  E	  0.8	  0.3	0.527	0.000	0.000
274	  L	  0.9	  0.4	0.527	0.000	0.000
275	  D	  0.9	  0.3	0.527	0.000	0.000
276	  N	  0.1	  0.4	0.527	0.000	0.000
277	  A	  0.2	  0.4	0.303	0.000	0.000
278	  L	  0.3	  0.3	0.152	0.000	0.000
279	  N	  0.4	  0.3	0.152	0.000	0.000
280	  D	  1.7	  0.2	0.000	0.000	0.000
281	  I	  4.2	  0.1	0.000	0.000	0.000
282	  T	  4.5	  0.0	0.000	0.000	0.000
283	  S	  3.0	  0.0	0.000	0.000	0.000
284	  L	  0.4	  0.0	0.000	0.000	0.000
