res	aa	Beta	Turn	Helix	Aggregation	Conc-Stab_Aggregation
01	  M	  1.5	  0.0	0.000	0.082	0.082
02	  L	  2.8	  0.0	0.000	54.719	54.719
03	  C	  4.0	  0.0	0.214	58.667	58.667
04	  L	  3.4	  0.0	0.214	90.881	90.881
05	  L	  2.3	  0.0	0.214	96.698	96.698
06	  L	  3.4	  0.0	0.214	97.841	97.841
07	  T	  2.6	  0.0	0.929	97.857	97.857
08	  L	  2.4	  0.0	0.929	98.078	98.078
09	  G	  0.4	  0.0	1.297	97.036	97.036
10	  V	  3.7	  0.0	1.082	97.052	97.052
11	  A	  3.9	  0.0	1.082	95.784	95.784
12	  L	  5.1	  0.0	1.082	94.710	94.710
13	  V	  2.0	  0.2	1.082	88.485	88.485
14	  C	  2.0	  0.2	1.082	15.148	15.148
15	  G	  0.7	  0.2	0.688	1.405	1.405
16	  V	  0.3	  0.2	0.160	0.168	0.168
17	  P	  0.0	  0.0	0.000	0.071	0.071
18	  A	  0.2	  0.0	0.000	0.000	0.000
19	  M	  5.5	  0.0	0.000	0.000	0.000
20	  D	  5.6	  0.0	0.000	0.000	0.000
21	  I	  5.5	  0.0	0.000	0.000	0.000
22	  P	  0.1	  0.1	0.000	0.000	0.000
23	  Q	  0.2	  0.1	0.000	0.000	0.000
24	  T	  1.7	  0.2	0.170	0.000	0.000
25	  K	  1.8	  0.5	0.170	0.000	0.000
26	  Q	  1.7	  0.4	0.170	0.000	0.000
27	  D	  0.5	  0.4	0.170	0.000	0.000
28	  L	  1.8	  0.3	0.170	0.000	0.000
29	  E	  1.7	  0.0	0.170	0.000	0.000
30	  L	  1.5	  0.2	0.170	0.000	0.000
31	  P	  0.0	  0.2	0.000	0.000	0.000
32	  K	  0.3	  0.2	0.000	0.000	0.000
33	  L	  0.4	  0.4	0.000	0.000	0.000
34	  A	  0.4	  0.2	0.000	0.000	0.000
35	  G	  0.1	  0.2	0.000	0.000	0.000
36	  T	  5.5	  0.2	0.000	0.000	0.000
37	  W	  5.8	  0.1	0.000	0.000	0.000
38	  H	  5.9	  0.1	0.000	0.000	0.000
39	  S	  0.7	  0.1	0.000	0.000	0.000
40	  M	  0.7	  0.1	0.000	0.000	0.000
41	  A	  0.6	  0.0	0.000	0.000	0.000
42	  M	  0.6	  0.0	0.000	0.000	0.000
43	  A	  0.2	  0.1	0.000	0.000	0.000
44	  T	  0.2	  0.1	0.000	0.000	0.000
45	  N	  0.3	  0.1	0.135	0.000	0.000
46	  N	  1.5	  0.1	0.694	0.000	0.000
47	  I	  5.1	  0.1	0.694	0.950	0.950
48	  S	  5.2	  0.0	1.942	0.950	0.950
49	  L	  4.2	  0.0	1.942	1.329	1.329
50	  M	  0.5	  0.0	1.942	1.329	1.329
51	  A	  0.7	  0.0	1.942	1.329	1.329
52	  T	  3.7	  0.0	1.942	0.894	0.894
53	  L	  4.4	  0.0	1.942	0.894	0.894
54	  K	  4.0	  0.0	1.793	0.000	0.000
55	  A	  0.9	  0.1	0.357	0.000	0.000
56	  P	  0.0	  0.1	0.000	0.000	0.000
57	  L	  1.9	  0.1	0.000	0.000	0.000
58	  R	  3.5	  0.1	0.000	0.000	0.000
59	  V	 14.0	  0.0	0.000	0.000	0.000
60	  H	 18.3	  0.0	0.000	0.000	0.000
61	  I	 18.8	  0.0	0.000	0.000	0.000
62	  T	  9.1	  0.1	0.000	0.000	0.000
63	  S	  3.0	  0.0	0.000	0.000	0.000
64	  L	  0.9	  0.0	0.000	0.000	0.000
65	  L	  0.5	  0.0	0.000	0.000	0.000
66	  P	  0.1	  0.0	0.000	0.000	0.000
67	  T	  0.0	  0.3	0.000	0.000	0.000
68	  P	  0.0	  0.7	0.000	0.000	0.000
69	  E	  0.0	  0.8	0.000	0.000	0.000
70	  D	  0.0	  0.9	0.000	0.000	0.000
71	  N	  0.4	  0.6	2.316	0.000	0.000
72	  L	  1.7	  0.1	2.316	0.000	0.000
73	  E	  2.0	  0.0	2.316	0.000	0.000
74	  I	 10.0	  0.0	2.316	0.000	0.000
75	  V	 11.0	  0.0	2.316	0.000	0.000
76	  L	 10.7	  0.0	2.316	0.000	0.000
77	  H	  3.1	  0.0	2.042	0.000	0.000
78	  R	  1.6	  0.0	1.108	0.000	0.000
79	  W	  2.0	  0.3	0.313	0.000	0.000
80	  E	  1.4	  0.3	0.000	0.000	0.000
81	  N	  0.6	  0.8	0.000	0.000	0.000
82	  N	  0.6	  0.8	0.000	0.000	0.000
83	  S	  2.1	  0.5	0.968	0.000	0.000
84	  C	  4.1	  0.5	1.085	0.000	0.000
85	  V	  4.8	  0.1	1.085	0.000	0.000
86	  E	  3.6	  0.1	1.220	0.000	0.000
87	  K	  1.7	  0.1	1.220	0.000	0.000
88	  K	  1.5	  0.1	1.220	0.000	0.000
89	  V	  1.7	  0.0	0.694	0.000	0.000
90	  L	  1.5	  0.1	0.694	0.000	0.000
91	  G	  0.6	  0.1	2.577	0.000	0.000
92	  E	  0.4	  0.2	2.390	0.000	0.000
93	  K	  0.7	  0.2	1.883	0.000	0.000
94	  T	  0.8	  0.1	1.883	0.000	0.000
95	  E	  0.5	  0.1	1.883	0.000	0.000
96	  N	  0.1	  0.4	2.098	0.000	0.000
97	  P	  0.0	  0.5	0.215	0.000	0.000
98	  K	  0.1	  0.5	0.215	0.000	0.000
99	  K	  1.1	  0.5	0.215	0.000	0.000
100	  F	  2.9	  0.1	0.215	0.000	0.000
101	  K	  4.1	  0.0	0.215	0.000	0.000
102	  I	  7.1	  0.0	0.000	1.645	1.645
103	  N	  6.7	  0.0	0.000	1.775	1.775
104	  Y	 15.2	  0.0	0.000	1.775	1.775
105	  T	 14.8	  0.0	0.000	1.775	1.775
106	  V	 14.1	  0.1	0.000	1.775	1.775
107	  A	  4.4	  0.1	0.000	1.550	1.550
108	  N	  0.7	  0.2	1.535	0.000	0.000
109	  E	  0.2	  0.2	1.535	0.000	0.000
110	  A	  0.7	  0.1	1.535	0.000	0.000
111	  T	  1.5	  0.1	1.535	0.000	0.000
112	  L	  1.6	  0.1	1.535	0.000	0.000
113	  L	  1.4	  0.1	1.535	0.000	0.000
114	  D	  0.7	  0.6	0.565	0.000	0.000
115	  T	  0.7	  0.6	0.000	0.000	0.000
116	  D	  0.9	  1.6	0.273	0.000	0.000
117	  Y	  1.2	  1.7	0.273	0.000	0.000
118	  D	  0.9	  1.2	0.436	0.000	0.000
119	  N	  0.5	  1.2	0.557	3.358	3.358
120	  F	  0.9	  0.2	0.557	38.038	38.038
121	  L	  1.5	  0.0	0.557	43.255	43.255
122	  F	  3.5	  0.0	0.557	43.255	43.255
123	  L	  4.0	  0.0	0.437	43.255	43.255
124	  C	  5.6	  0.0	0.437	41.197	41.197
125	  L	  3.8	  0.2	0.437	29.486	29.486
126	  Q	  2.7	  0.1	0.437	1.079	1.079
127	  D	  0.6	  0.2	0.000	0.000	0.000
128	  T	  3.3	  0.2	0.000	0.000	0.000
129	  T	  3.3	  0.1	0.000	0.000	0.000
130	  T	  3.2	  0.0	0.000	0.000	0.000
131	  P	  0.2	  0.0	0.000	0.000	0.000
132	  I	  0.2	  0.0	0.000	0.000	0.000
133	  Q	  0.5	  0.0	0.000	0.000	0.000
134	  S	  0.7	  0.0	1.244	0.000	0.000
135	  M	  2.2	  0.0	1.244	0.000	0.000
136	  M	  2.2	  0.0	1.244	0.000	0.000
137	  C	  3.0	  0.0	1.689	0.000	0.000
138	  Q	  2.4	  0.0	1.689	0.000	0.000
139	  Y	  2.8	  0.0	1.689	0.000	0.000
140	  L	  1.7	  0.0	1.513	0.000	0.000
141	  A	  0.9	  0.0	1.377	0.000	0.000
142	  R	  2.0	  0.0	1.256	0.000	0.000
143	  V	  8.4	  0.0	0.433	0.000	0.000
144	  L	  8.3	  0.0	0.433	0.000	0.000
145	  V	  7.5	  0.2	0.142	0.000	0.000
146	  E	  1.1	  0.3	0.142	0.000	0.000
147	  D	  0.9	  0.3	0.619	0.000	0.000
148	  D	  0.1	  0.3	1.656	0.000	0.000
149	  E	  0.3	  0.1	1.829	0.000	0.000
150	  I	  2.0	  0.0	1.829	0.357	0.357
151	  M	  2.0	  0.6	1.957	0.357	0.357
152	  Q	  1.8	  0.6	1.957	0.357	0.357
153	  G	  0.1	  0.6	2.187	0.357	0.357
154	  F	  1.3	  0.6	1.788	0.357	0.357
155	  I	  2.7	  0.0	0.480	0.357	0.357
156	  R	  3.0	  0.0	0.480	0.000	0.000
157	  A	  2.6	  0.0	0.480	0.000	0.000
158	  F	  1.6	  0.0	0.480	0.000	0.000
159	  R	  1.3	  0.0	0.287	0.000	0.000
160	  P	  0.4	  0.0	0.000	0.000	0.000
161	  L	  0.0	  0.2	0.000	0.000	0.000
162	  P	  0.0	  0.2	0.000	0.000	0.000
163	  R	  0.5	  0.2	0.000	0.000	0.000
164	  H	  1.0	  0.2	0.151	1.077	1.077
165	  L	  1.4	  0.1	0.151	88.306	88.306
166	  W	  1.5	  0.0	0.151	88.358	88.358
167	  Y	  1.8	  0.0	0.336	88.358	88.358
168	  L	  1.8	  0.0	0.336	88.358	88.358
169	  L	  2.2	  0.0	0.336	88.191	88.191
170	  D	  1.6	  0.0	0.830	0.203	0.203
171	  L	  1.3	  0.1	0.830	0.203	0.203
172	  K	  0.4	  0.1	0.830	0.203	0.203
173	  Q	  2.0	  0.0	0.494	0.048	0.048
174	  M	  1.9	  0.0	0.494	0.018	0.018
175	  E	  1.7	  0.0	0.494	0.000	0.000
176	  E	  0.1	  0.0	0.230	0.000	0.000
177	  P	  0.0	  0.0	0.000	0.000	0.000
178	  C	  0.8	  0.0	0.000	0.000	0.000
179	  R	  0.8	  0.0	0.000	0.000	0.000
180	  F	  0.8	  0.0	0.000	0.000	0.000
