res	aa	Beta	Turn	Helix	Aggregation	Conc-Stab_Aggregation
01	  M	  0.1	  0.0	0.000	0.000	0.000
02	  A	  0.3	  0.0	0.000	0.000	0.000
03	  T	  0.8	  0.1	0.000	0.000	0.000
04	  S	  1.0	  0.1	0.000	0.000	0.000
05	  R	  4.3	  0.1	0.000	0.000	0.000
06	  Y	  4.4	  0.1	0.000	0.000	0.000
07	  E	  4.2	  0.0	0.000	0.000	0.000
08	  P	  0.7	  0.0	0.000	0.000	0.000
09	  V	  0.8	  0.0	0.000	0.000	0.000
10	  A	  1.0	  0.0	0.000	0.000	0.000
11	  E	  1.0	  0.0	0.000	0.000	0.000
12	  I	  0.5	  0.0	0.000	1.414	1.414
13	  G	  0.3	  0.2	0.000	1.414	1.414
14	  V	  0.3	  0.9	0.000	1.563	1.563
15	  G	  0.1	  1.2	0.000	1.563	1.563
16	  A	  0.2	  1.1	0.000	1.704	1.704
17	  Y	  0.2	  1.2	0.000	1.871	1.871
18	  G	  0.2	  0.5	0.000	1.871	1.871
19	  T	  6.1	  0.3	0.000	1.871	1.871
20	  V	  7.3	  0.3	0.000	1.871	1.871
21	  Y	  8.4	  0.0	0.000	1.553	1.553
22	  K	  2.5	  0.0	0.000	0.000	0.000
23	  A	  1.3	  0.0	0.000	0.000	0.000
24	  R	  0.2	  0.0	0.000	0.000	0.000
25	  D	  0.1	  0.7	0.000	0.000	0.000
26	  P	  0.0	  0.8	0.000	0.000	0.000
27	  H	  0.0	  1.4	0.000	0.000	0.000
28	  S	  0.1	  1.6	0.000	0.000	0.000
29	  G	  0.1	  1.0	0.000	0.000	0.000
30	  H	  2.4	  0.9	0.000	0.000	0.000
31	  F	  4.9	  0.2	0.000	0.000	0.000
32	  V	  8.2	  0.0	0.000	0.000	0.000
33	  A	  6.1	  0.0	0.000	0.000	0.000
34	  L	  3.8	  0.1	0.000	0.000	0.000
35	  K	  0.9	  0.1	0.000	0.000	0.000
36	  S	  4.2	  0.1	0.000	0.000	0.000
37	  V	 17.4	  0.1	0.000	0.000	0.000
38	  R	 17.2	  0.0	0.000	0.000	0.000
39	  V	 14.1	  1.0	0.000	0.000	0.000
40	  P	  0.2	  1.2	0.000	0.000	0.000
41	  N	  0.0	  1.3	0.000	0.000	0.000
42	  G	  0.0	  1.5	0.000	0.000	0.000
43	  G	  0.0	  0.6	0.000	0.000	0.000
44	  G	  0.0	  0.6	0.000	0.000	0.000
45	  G	  0.0	  0.6	0.000	0.000	0.000
46	  G	  0.0	  0.6	0.000	0.000	0.000
47	  G	  0.0	  0.5	0.000	0.000	0.000
48	  G	  0.0	  0.3	0.000	0.000	0.000
49	  L	  0.0	  0.2	0.000	0.000	0.000
50	  P	  0.0	  0.0	0.000	0.000	0.000
51	  I	  0.9	  0.0	0.000	0.000	0.000
52	  S	  1.3	  0.0	0.486	0.000	0.000
53	  T	  8.3	  0.0	4.081	0.000	0.000
54	  V	  7.8	  0.0	4.584	0.000	0.000
55	  R	  7.6	  0.0	5.980	0.000	0.000
56	  E	  2.1	  0.0	6.875	0.000	0.000
57	  V	  4.7	  0.0	7.324	0.000	0.000
58	  A	  4.8	  0.0	7.711	0.000	0.000
59	  L	  3.4	  0.0	7.711	0.000	0.000
60	  L	  0.6	  0.0	7.597	0.000	0.000
61	  R	  0.7	  0.1	7.279	0.000	0.000
62	  R	  0.9	  0.1	5.511	0.000	0.000
63	  L	  0.9	  0.1	3.955	0.000	0.000
64	  E	  0.6	  0.1	3.766	0.000	0.000
65	  A	  0.5	  0.1	2.225	0.000	0.000
66	  F	  3.4	  0.1	1.876	0.000	0.000
67	  E	  3.3	  0.0	0.125	0.000	0.000
68	  H	  3.1	  1.3	0.000	0.000	0.000
69	  P	  0.0	  1.3	0.000	0.000	0.000
70	  N	  2.0	  1.3	0.118	0.000	0.000
71	  V	  4.7	  1.3	0.118	0.309	0.309
72	  V	  8.3	  0.0	0.118	0.309	0.309
73	  R	  6.8	  0.0	0.118	0.309	0.309
74	  L	  4.5	  0.0	0.118	0.309	0.309
75	  M	  3.4	  0.0	0.118	0.309	0.309
76	  D	  3.4	  0.0	0.000	0.309	0.309
77	  V	  3.7	  0.0	0.000	0.309	0.309
78	  C	  1.4	  0.2	0.000	0.000	0.000
79	  A	  1.1	  0.2	0.000	0.000	0.000
80	  T	  0.9	  0.3	0.000	0.000	0.000
81	  S	  1.1	  0.4	0.156	0.000	0.000
82	  R	  1.3	  0.3	0.156	0.000	0.000
83	  T	  0.8	  0.3	0.928	0.000	0.000
84	  D	  0.5	  0.3	0.928	0.000	0.000
85	  R	  0.2	  0.2	0.928	0.000	0.000
86	  E	  6.0	  0.1	0.928	0.966	0.966
87	  I	 13.1	  0.0	0.928	3.436	3.436
88	  K	 17.5	  0.0	0.928	3.466	3.466
89	  V	 17.9	  0.0	0.144	90.829	90.829
90	  T	 12.0	  0.0	0.144	90.829	90.829
91	  L	  8.1	  0.0	0.144	90.829	90.829
92	  V	  5.1	  0.0	0.144	90.812	90.812
93	  F	  5.7	  0.1	0.144	90.741	90.741
94	  E	  4.8	  0.1	0.000	2.500	2.500
95	  H	  3.1	  0.1	0.000	0.076	0.076
96	  V	  2.5	  0.2	0.000	0.076	0.076
97	  D	  2.4	  1.1	0.129	0.000	0.000
98	  Q	  1.3	  1.1	0.129	0.000	0.000
99	  D	  0.5	  1.1	4.906	0.000	0.000
100	  L	  0.6	  1.2	4.906	0.000	0.000
101	  R	  1.8	  0.1	4.906	0.000	0.000
102	  T	  4.7	  0.1	5.135	0.000	0.000
103	  Y	  5.5	  0.2	5.135	0.000	0.000
104	  L	  4.3	  0.1	5.135	0.000	0.000
105	  D	  1.0	  0.1	4.580	0.000	0.000
106	  K	  0.1	  0.1	3.602	0.000	0.000
107	  A	  0.0	  0.0	1.330	0.000	0.000
108	  P	  0.0	  0.0	0.000	0.000	0.000
109	  P	  0.0	  0.9	0.000	0.000	0.000
110	  P	  0.0	  0.9	0.000	0.000	0.000
111	  G	  0.0	  0.9	0.000	0.000	0.000
112	  L	  0.0	  0.9	0.000	0.000	0.000
113	  P	  0.0	  0.0	0.676	0.000	0.000
114	  A	  0.0	  0.1	0.676	0.000	0.000
115	  E	  0.0	  0.1	0.905	0.000	0.000
116	  T	 11.5	  0.1	2.546	0.000	0.000
117	  I	 11.7	  0.2	2.546	0.000	0.000
118	  K	 11.7	  0.1	2.682	0.000	0.000
119	  D	  0.3	  0.1	3.118	0.000	0.000
120	  L	  0.2	  0.1	3.118	0.000	0.000
121	  M	  0.5	  0.1	3.118	0.000	0.000
122	  R	  2.5	  0.1	2.965	0.000	0.000
123	  Q	  3.4	  0.1	2.686	0.000	0.000
124	  F	  4.1	  0.1	2.524	0.000	0.000
125	  L	  2.4	  0.1	1.360	0.000	0.000
126	  R	  1.3	  0.1	1.200	0.000	0.000
127	  G	  0.3	  0.3	0.325	0.000	0.000
128	  L	  1.4	  0.3	0.000	0.000	0.000
129	  D	  1.3	  0.2	0.421	0.000	0.000
130	  F	  1.9	  0.2	0.421	2.075	2.075
131	  L	  1.0	  0.0	0.421	2.244	2.244
132	  H	  1.1	  1.0	0.421	2.244	2.244
133	  A	  0.5	  1.0	0.421	2.244	2.244
134	  N	  1.7	  1.0	0.421	2.244	2.244
135	  C	  6.4	  1.0	0.000	2.244	2.244
136	  I	  8.2	  0.0	0.000	2.244	2.244
137	  V	  8.2	  0.0	0.000	2.244	2.244
138	  H	  3.6	  0.4	0.000	0.000	0.000
139	  R	  1.8	  0.4	0.000	0.000	0.000
140	  D	  0.6	  0.4	0.000	0.000	0.000
141	  L	  0.5	  0.4	0.000	0.000	0.000
142	  K	  0.5	  0.2	0.000	0.000	0.000
143	  P	  0.1	  0.5	0.000	0.000	0.000
144	  E	  0.0	  0.5	0.000	0.000	0.000
145	  N	  0.2	  0.5	0.000	0.371	0.371
146	  I	  3.5	  0.3	0.000	2.047	2.047
147	  L	  3.9	  0.0	0.000	2.047	2.047
148	  V	  6.6	  0.0	0.000	2.047	2.047
149	  T	  3.3	  0.2	0.000	2.047	2.047
150	  S	  2.9	  0.5	0.000	1.676	1.676
151	  G	  0.1	  0.5	0.000	0.495	0.495
152	  G	  0.0	  0.5	0.000	0.495	0.495
153	  T	 16.1	  0.3	0.000	0.495	0.495
154	  V	 22.3	  0.0	0.000	0.495	0.495
155	  K	 22.6	  0.0	0.000	0.000	0.000
156	  L	  7.5	  0.6	0.000	0.000	0.000
157	  A	  0.4	  0.6	0.000	0.000	0.000
158	  D	  0.1	  0.6	0.284	0.000	0.000
159	  F	  0.2	  0.7	0.284	0.000	0.000
160	  G	  0.3	  0.1	3.587	0.000	0.000
161	  L	  0.3	  0.1	3.587	0.000	0.000
162	  A	  0.7	  0.1	3.587	0.000	0.000
163	  R	  3.4	  0.0	3.587	0.000	0.000
164	  I	  4.4	  0.0	3.587	0.000	0.000
165	  Y	  9.8	  0.0	3.587	0.000	0.000
166	  S	  9.9	  0.0	2.595	0.000	0.000
167	  Y	 12.1	  0.0	2.128	0.000	0.000
168	  Q	  6.4	  0.0	1.316	0.000	0.000
169	  M	  3.7	  0.0	0.881	0.000	0.000
170	  A	  0.7	  0.0	0.666	0.000	0.000
171	  L	  0.7	  0.0	0.549	0.000	0.000
172	  T	  0.4	  0.0	0.393	0.000	0.000
173	  P	  0.1	  0.0	0.000	1.111	1.111
174	  V	 11.8	  0.0	0.000	90.489	90.489
175	  V	 14.4	  0.0	0.000	97.527	97.527
176	  V	 20.6	  0.0	0.000	98.052	98.052
177	  T	  9.8	  0.0	0.000	98.052	98.052
178	  L	  7.4	  0.0	0.000	98.037	98.037
179	  W	  2.3	  0.0	0.000	91.428	91.428
180	  Y	  5.4	  0.0	0.000	80.312	80.312
181	  R	  5.1	  0.0	0.000	0.000	0.000
182	  A	  4.1	  0.2	0.000	0.000	0.000
183	  P	  0.0	  0.2	0.000	0.000	0.000
184	  E	  0.5	  0.2	0.000	0.000	0.000
185	  V	  4.5	  0.2	0.000	0.000	0.000
186	  L	  4.6	  0.0	0.000	0.000	0.000
187	  L	  4.4	  0.1	0.000	0.000	0.000
188	  Q	  0.6	  0.1	0.000	0.000	0.000
189	  S	  1.1	  0.1	0.000	0.000	0.000
190	  T	  4.7	  0.1	0.000	0.000	0.000
191	  Y	  5.1	  0.1	0.000	0.000	0.000
192	  A	  4.4	  0.0	0.000	0.000	0.000
193	  T	  0.6	  0.0	0.123	0.000	0.000
194	  P	  0.1	  0.0	0.123	0.000	0.000
195	  V	  2.6	  0.0	0.123	0.000	0.000
196	  D	  2.9	  0.0	0.123	0.000	0.000
197	  M	  3.4	  0.0	0.123	1.201	1.201
198	  W	  3.8	  0.0	0.123	2.139	2.139
199	  S	  3.8	  0.3	0.475	2.139	2.139
200	  V	  3.5	  0.5	0.475	3.246	3.246
201	  G	  0.6	  0.5	1.243	3.246	3.246
202	  C	  1.1	  0.5	2.310	3.246	3.246
203	  I	  1.7	  0.2	3.019	3.246	3.246
204	  F	  2.0	  0.2	3.491	3.116	3.116
205	  A	  1.2	  0.2	4.054	1.428	1.428
206	  E	  0.6	  0.2	4.054	0.000	0.000
207	  M	  0.5	  0.2	4.054	0.000	0.000
208	  F	  2.3	  0.0	4.054	0.000	0.000
209	  R	  2.6	  0.0	3.916	0.000	0.000
210	  R	  2.4	  0.0	3.200	0.000	0.000
211	  K	  0.5	  0.2	1.705	0.000	0.000
212	  P	  0.0	  0.1	0.000	0.000	0.000
213	  L	  1.8	  0.1	0.000	0.000	0.000
214	  F	  3.4	  0.1	0.000	0.000	0.000
215	  C	  3.4	  1.0	0.000	0.000	0.000
216	  G	  1.7	  1.0	0.000	0.000	0.000
217	  N	  0.1	  1.1	0.482	0.000	0.000
218	  S	  0.1	  1.2	2.341	0.000	0.000
219	  E	  0.2	  0.4	2.341	0.000	0.000
220	  A	  0.1	  0.4	2.341	0.000	0.000
221	  D	  0.1	  0.6	2.540	0.000	0.000
222	  Q	  0.1	  0.5	2.540	0.000	0.000
223	  L	  0.1	  0.4	2.540	0.144	0.144
224	  G	  0.1	  0.3	2.296	0.144	0.144
225	  K	  0.4	  0.0	1.033	0.946	0.946
226	  I	  0.7	  0.1	0.199	0.946	0.946
227	  F	  1.9	  0.1	0.199	0.946	0.946
228	  D	  1.7	  0.1	0.199	0.946	0.946
229	  L	  1.6	  0.1	0.199	0.946	0.946
230	  I	  0.8	  0.1	0.199	0.946	0.946
231	  G	  0.6	  0.0	0.199	0.000	0.000
232	  L	  0.5	  0.0	0.000	0.000	0.000
233	  P	  0.0	  0.3	0.000	0.000	0.000
234	  P	  0.0	  0.8	0.000	0.000	0.000
235	  E	  0.0	  0.8	0.000	0.000	0.000
236	  D	  0.1	  0.8	0.000	0.000	0.000
237	  D	  0.2	  0.5	0.000	0.000	0.000
238	  W	  0.2	  0.2	0.000	0.000	0.000
239	  P	  0.1	  0.4	0.000	0.000	0.000
240	  R	  0.2	  0.4	0.000	0.000	0.000
241	  D	  1.0	  0.5	0.000	0.000	0.000
242	  V	 10.5	  0.3	0.000	0.000	0.000
243	  S	 10.4	  0.1	0.000	0.000	0.000
244	  L	  9.6	  0.6	0.000	0.000	0.000
245	  P	  0.1	  0.6	0.000	0.000	0.000
246	  R	  0.0	  0.7	0.000	0.000	0.000
247	  G	  0.0	  0.7	0.000	0.000	0.000
248	  A	  0.0	  0.2	0.000	0.000	0.000
249	  F	  0.0	  0.1	0.000	0.000	0.000
250	  P	  0.0	  0.7	0.000	0.000	0.000
251	  P	  0.0	  0.7	0.000	0.000	0.000
252	  R	  0.0	  0.7	0.000	0.000	0.000
253	  G	  0.0	  0.7	0.000	0.000	0.000
254	  P	  0.0	  0.0	0.000	0.000	0.000
255	  R	  0.0	  0.0	0.000	0.000	0.000
256	  P	  0.0	  0.0	0.000	0.000	0.000
257	  V	  1.3	  0.0	0.000	0.000	0.000
258	  Q	  1.6	  0.0	0.000	0.000	0.000
259	  S	  3.2	  0.0	0.000	0.000	0.000
260	  V	  2.5	  0.0	0.000	0.000	0.000
261	  V	  2.2	  0.0	0.000	0.000	0.000
262	  P	  0.6	  0.0	0.000	0.000	0.000
263	  E	  0.2	  0.0	0.000	0.000	0.000
264	  M	  0.2	  0.1	0.000	0.000	0.000
265	  E	  0.2	  0.3	0.000	0.000	0.000
266	  E	  0.1	  0.5	0.000	0.000	0.000
267	  S	  0.0	  0.7	0.000	0.000	0.000
268	  G	  0.0	  0.6	1.443	0.000	0.000
269	  A	  0.3	  0.4	1.443	0.000	0.000
270	  Q	  0.9	  0.2	1.443	0.000	0.000
271	  L	  1.8	  0.0	1.443	0.000	0.000
272	  L	  1.6	  0.0	1.554	0.000	0.000
273	  L	  1.6	  0.0	1.554	0.000	0.000
274	  E	  0.7	  0.0	1.659	0.000	0.000
275	  M	  0.9	  0.0	1.517	0.000	0.000
276	  L	  4.0	  0.0	1.314	0.000	0.000
277	  T	 17.5	  0.0	1.142	0.000	0.000
278	  F	 17.4	  0.0	1.142	0.000	0.000
279	  N	 13.9	  0.4	0.454	0.000	0.000
280	  P	  0.2	  0.4	0.000	0.000	0.000
281	  H	  0.4	  0.5	0.000	0.000	0.000
282	  K	  1.4	  0.5	0.000	0.000	0.000
283	  R	  3.7	  0.1	0.000	0.000	0.000
284	  I	  4.8	  0.1	0.000	0.000	0.000
285	  S	  4.1	  0.0	0.792	0.000	0.000
286	  A	  2.2	  0.0	0.792	0.000	0.000
287	  F	  2.5	  0.1	0.792	0.000	0.000
288	  R	  2.4	  0.0	0.792	0.000	0.000
289	  A	  2.2	  0.0	0.792	0.000	0.000
290	  L	  0.9	  0.1	0.792	0.000	0.000
291	  Q	  0.9	  0.1	0.577	0.000	0.000
292	  H	  1.0	  0.1	0.311	0.000	0.000
293	  S	  1.1	  0.1	0.000	0.000	0.000
294	  Y	  1.6	  0.0	0.000	0.000	0.000
295	  L	  1.5	  0.0	0.000	0.000	0.000
296	  H	  1.1	  0.5	0.000	0.000	0.000
297	  K	  0.5	  0.6	0.000	0.000	0.000
298	  D	  0.3	  1.3	0.000	0.000	0.000
299	  E	  0.1	  1.3	0.000	0.000	0.000
300	  G	  0.0	  0.7	0.000	0.000	0.000
301	  N	  0.0	  0.6	0.000	0.000	0.000
302	  P	  0.0	  0.0	0.000	0.000	0.000
303	  E	  0.0	  0.0	0.000	0.000	0.000
