res	aa	Beta	Turn	Helix	Aggregation	Conc-Stab_Aggregation
01	  M	  0.9	  0.0	0.000	0.000	0.000
02	  E	  1.2	  0.0	0.688	0.000	0.000
03	  L	  1.6	  0.1	0.821	0.000	0.000
04	  Q	  0.8	  0.1	1.132	0.000	0.000
05	  A	  0.5	  0.0	1.132	0.000	0.000
06	  A	  0.2	  0.0	1.132	0.000	0.000
07	  R	  0.1	  0.0	1.132	0.000	0.000
08	  A	  0.3	  0.0	0.887	8.841	8.841
09	  C	  6.6	  0.0	1.232	19.239	19.239
10	  F	  7.3	  0.1	0.744	67.958	67.958
11	  A	  7.3	  0.1	0.482	70.607	70.607
12	  L	  1.5	  0.1	0.482	73.834	73.834
13	  L	  0.8	  0.3	0.681	74.325	74.325
14	  W	  0.8	  0.4	0.991	73.722	73.722
15	  G	  0.5	  0.4	3.832	44.495	44.495
16	  C	  1.1	  0.4	5.693	41.752	41.752
17	  A	  0.9	  0.2	6.202	40.012	40.012
18	  L	  0.8	  0.0	7.003	38.566	38.566
19	  A	  0.2	  0.0	8.500	29.993	29.993
20	  A	  0.2	  0.0	8.804	22.745	22.745
21	  A	  0.1	  0.0	8.580	16.617	16.617
22	  A	  0.1	  0.0	8.070	11.386	11.386
23	  A	  0.1	  0.2	7.685	6.911	6.911
24	  A	  0.1	  0.6	7.222	3.167	3.167
25	  Q	  0.1	  0.6	6.312	0.041	0.041
26	  G	  0.0	  0.7	1.881	0.000	0.000
27	  K	  0.5	  0.4	1.013	0.220	0.220
28	  E	  1.0	  0.1	0.000	0.220	0.220
29	  V	  8.8	  0.1	0.000	0.220	0.220
30	  V	 11.9	  0.0	0.000	0.220	0.220
31	  L	 11.7	  0.2	0.000	0.220	0.220
32	  L	  5.4	  0.2	0.000	0.220	0.220
33	  D	  1.6	  0.2	0.558	0.000	0.000
34	  F	  1.9	  0.2	0.558	0.000	0.000
35	  A	  0.8	  0.0	0.558	0.000	0.000
36	  A	  0.8	  0.3	0.558	0.000	0.000
37	  A	  0.1	  0.8	0.558	0.000	0.000
38	  G	  0.0	  0.9	0.558	0.000	0.000
39	  G	  0.0	  1.1	0.185	0.000	0.000
40	  E	  0.0	  0.8	0.000	0.000	0.000
41	  L	  0.1	  0.3	0.000	0.149	0.149
42	  G	  0.1	  0.2	0.000	0.149	0.149
43	  W	  0.3	  0.0	0.000	0.149	0.149
44	  L	  2.3	  0.0	0.000	0.149	0.149
45	  T	  2.5	  0.0	0.000	0.149	0.149
46	  H	  2.2	  1.1	0.000	0.000	0.000
47	  P	  0.2	  1.3	0.000	0.000	0.000
48	  Y	  0.1	  1.9	0.000	0.000	0.000
49	  G	  0.1	  2.6	0.000	0.000	0.000
50	  K	  0.2	  1.5	0.000	0.000	0.000
51	  G	  0.1	  1.3	0.000	0.000	0.000
52	  W	  0.8	  0.7	0.000	0.000	0.000
53	  D	  0.8	  0.1	0.167	0.000	0.000
54	  L	  0.9	  0.1	0.167	0.000	0.000
55	  M	  0.5	  0.2	0.167	0.000	0.000
56	  Q	  0.7	  0.1	0.167	0.000	0.000
57	  N	  0.7	  0.1	0.167	0.000	0.000
58	  I	  1.1	  0.2	0.167	0.000	0.000
59	  M	  1.0	  0.1	0.167	0.000	0.000
60	  N	  0.9	  0.1	0.167	0.000	0.000
61	  D	  0.2	  0.1	0.000	0.000	0.000
62	  M	  0.1	  0.1	0.000	0.000	0.000
63	  P	  0.1	  0.0	0.000	0.000	0.000
64	  I	  1.5	  0.0	0.000	15.590	15.590
65	  Y	  2.3	  0.0	0.000	16.743	16.743
66	  M	  3.0	  0.0	0.000	16.743	16.743
67	  Y	  6.5	  0.0	0.000	16.743	16.743
68	  S	  6.5	  0.0	0.127	16.743	16.743
69	  V	  6.6	  0.0	0.127	15.859	15.859
70	  C	  3.7	  0.0	0.127	4.511	4.511
71	  N	  3.0	  0.0	0.127	2.120	2.120
72	  V	  5.6	  0.0	0.127	2.120	2.120
73	  M	  3.6	  0.2	0.127	1.129	1.129
74	  S	  3.5	  1.5	0.000	0.000	0.000
75	  G	  0.2	  1.6	0.000	0.000	0.000
76	  D	  0.1	  4.6	0.000	0.000	0.000
77	  Q	  0.1	  4.5	0.000	0.000	0.000
78	  D	  0.2	  3.2	0.000	0.000	0.000
79	  N	  0.2	  3.1	0.518	0.000	0.000
80	  W	  0.7	  0.1	0.518	0.000	0.000
81	  L	  0.8	  0.1	0.518	0.000	0.000
82	  R	  1.3	  0.1	0.518	0.000	0.000
83	  T	  1.2	  0.1	0.518	0.000	0.000
84	  N	  1.5	  0.1	0.518	0.000	0.000
85	  W	  2.0	  0.0	0.124	0.000	0.000
86	  V	  3.9	  0.0	0.000	0.000	0.000
87	  Y	  4.7	  0.2	0.324	0.000	0.000
88	  R	  3.8	  0.2	0.324	0.000	0.000
89	  G	  1.4	  0.2	1.668	0.000	0.000
90	  E	  0.1	  0.2	1.939	0.000	0.000
91	  A	  0.1	  0.1	1.939	0.000	0.000
92	  E	  0.2	  0.1	2.179	0.000	0.000
93	  R	  3.2	  0.0	2.179	0.132	0.132
94	  I	  4.1	  0.0	2.052	88.187	88.187
95	  F	  5.0	  0.0	2.052	89.250	89.250
96	  I	  4.5	  0.0	1.537	89.476	89.476
97	  E	  4.5	  0.0	1.537	89.496	89.496
98	  L	  4.2	  0.0	1.412	89.476	89.476
99	  K	  4.6	  0.0	1.412	89.364	89.364
100	  F	 13.2	  0.0	0.541	89.012	89.012
101	  T	 19.1	  0.0	0.000	84.644	84.644
102	  V	 17.2	  0.1	0.000	83.706	83.706
103	  R	  7.7	  0.2	0.000	0.015	0.015
104	  D	  0.9	  0.8	0.000	0.015	0.015
105	  C	  0.8	  0.9	0.000	0.000	0.000
106	  N	  2.5	  0.8	0.000	0.000	0.000
107	  S	  2.5	  0.7	0.000	0.000	0.000
108	  F	  2.0	  1.2	0.000	0.000	0.000
109	  P	  0.3	  1.2	0.000	0.000	0.000
110	  G	  0.0	  1.4	0.000	0.000	0.000
111	  G	  0.0	  1.6	0.000	0.000	0.000
112	  A	  0.2	  0.7	0.000	0.000	0.000
113	  S	  0.9	  0.6	0.000	0.000	0.000
114	  S	  2.2	  0.5	0.131	0.000	0.000
115	  C	  2.3	  0.3	0.131	0.000	0.000
116	  K	  1.8	  0.2	0.131	0.000	0.000
117	  E	  0.7	  0.1	0.131	0.000	0.000
118	  T	  9.5	  0.1	0.131	2.906	2.906
119	  F	 11.0	  0.1	0.131	3.364	3.364
120	  N	 11.2	  0.0	0.131	3.364	3.364
121	  L	  2.9	  0.0	0.000	3.364	3.364
122	  Y	  2.7	  0.0	0.000	3.364	3.364
123	  Y	  2.5	  0.0	0.000	2.489	2.489
124	  A	  2.0	  0.2	0.000	1.140	1.140
125	  E	  0.4	  0.3	0.000	0.000	0.000
126	  S	  0.1	  0.4	0.000	0.000	0.000
127	  D	  0.2	  1.2	0.000	0.000	0.000
128	  L	  1.4	  1.0	0.000	0.000	0.000
129	  D	  1.4	  1.0	0.813	0.000	0.000
130	  Y	  1.3	  1.7	0.813	0.000	0.000
131	  G	  0.1	  1.0	0.813	0.000	0.000
132	  T	  0.7	  1.0	0.813	0.000	0.000
133	  N	  1.7	  0.8	1.053	0.000	0.000
134	  F	  3.6	  0.1	1.053	0.000	0.000
135	  Q	  3.2	  0.1	1.053	0.000	0.000
136	  K	  2.3	  0.1	0.417	0.000	0.000
137	  R	  1.0	  0.1	0.240	0.000	0.000
138	  L	  1.1	  0.1	0.240	0.000	0.000
139	  F	  5.2	  0.1	0.240	0.000	0.000
140	  T	  5.4	  0.0	0.000	0.000	0.000
141	  K	  6.2	  0.1	0.000	0.000	0.000
142	  I	  3.4	  0.1	0.000	0.000	0.000
143	  D	  3.2	  0.1	0.000	0.000	0.000
144	  T	  8.6	  0.1	0.000	0.000	0.000
145	  I	  7.6	  0.0	0.000	0.000	0.000
146	  A	  6.9	  0.5	0.000	0.000	0.000
147	  P	  0.3	  0.5	0.000	0.000	0.000
148	  D	  0.0	  0.5	0.208	0.000	0.000
149	  E	  2.8	  0.5	0.208	0.000	0.000
150	  I	 19.2	  0.0	0.208	0.000	0.000
151	  T	 33.3	  0.0	0.208	0.000	0.000
152	  V	 31.6	  0.0	0.208	0.000	0.000
153	  S	 17.2	  1.4	0.335	0.000	0.000
154	  S	  1.2	  1.4	1.082	0.000	0.000
155	  D	  1.2	  1.4	1.375	0.000	0.000
156	  F	  3.4	  1.4	1.375	0.000	0.000
157	  E	  3.4	  0.0	1.500	0.000	0.000
158	  A	  2.5	  0.1	1.500	0.000	0.000
159	  R	  1.1	  0.1	1.500	0.000	0.000
160	  H	  2.9	  0.0	1.350	0.000	0.000
161	  V	  9.3	  0.1	0.366	0.000	0.000
162	  K	  9.2	  0.0	0.366	0.000	0.000
163	  L	 10.3	  0.0	0.088	0.000	0.000
164	  N	  7.7	  0.0	0.788	0.000	0.000
165	  V	  7.4	  0.0	0.701	0.000	0.000
166	  E	  4.5	  0.1	0.701	0.000	0.000
167	  E	  0.8	  0.1	0.701	0.000	0.000
168	  R	  1.1	  0.1	0.701	0.000	0.000
169	  S	  1.4	  0.1	0.701	0.000	0.000
170	  V	  1.2	  0.1	0.201	0.000	0.000
171	  G	  0.4	  0.2	2.551	0.000	0.000
172	  P	  0.0	  0.2	2.350	0.000	0.000
173	  L	  0.2	  0.2	2.350	0.000	0.000
174	  T	  1.3	  0.3	2.350	0.000	0.000
175	  R	  1.3	  0.5	2.350	0.000	0.000
176	  K	  1.2	  0.5	2.350	0.000	0.000
177	  G	  0.1	  0.5	0.591	2.600	2.600
178	  F	  1.1	  0.4	0.213	80.801	80.801
179	  Y	  1.7	  0.0	0.000	80.867	80.867
180	  L	  1.9	  0.0	0.000	80.867	80.867
181	  A	  1.4	  0.0	0.000	80.867	80.867
182	  F	  2.2	  0.4	0.000	80.840	80.840
183	  Q	  2.1	  0.4	0.000	3.033	3.033
184	  D	  1.6	  0.7	0.000	0.035	0.035
185	  I	  0.3	  0.9	0.000	9.161	9.161
186	  G	  0.1	  0.5	0.421	9.943	9.943
187	  A	  0.2	  0.5	0.421	13.784	13.784
188	  C	  6.1	  0.2	0.698	17.868	17.868
189	  V	  9.3	  0.0	0.698	26.729	26.729
190	  A	  9.4	  0.0	0.698	27.425	27.425
191	  L	  4.0	  0.0	0.698	27.425	27.425
192	  L	  2.2	  0.0	0.572	26.897	26.897
193	  S	  5.2	  0.0	0.583	21.425	21.425
194	  V	 13.6	  0.0	0.148	19.864	19.864
195	  R	 14.4	  0.0	0.148	0.035	0.035
196	  V	 13.2	  0.0	0.274	0.035	0.035
197	  Y	  5.8	  0.0	0.274	0.000	0.000
198	  Y	  3.4	  0.1	0.274	0.000	0.000
199	  K	  1.8	  0.1	0.127	0.000	0.000
200	  K	  0.7	  0.1	0.127	0.000	0.000
201	  C	  0.4	  0.5	0.500	0.000	0.000
202	  P	  0.1	  0.5	0.373	0.000	0.000
203	  E	  0.1	  0.5	0.373	0.000	0.000
204	  L	  0.2	  0.5	0.373	0.000	0.000
205	  L	  0.3	  0.2	0.373	0.000	0.000
206	  Q	  0.2	  0.1	0.373	0.000	0.000
207	  G	  0.1	  0.1	0.138	0.000	0.000
208	  L	  0.2	  0.3	0.000	0.000	0.000
209	  A	  0.9	  0.2	0.000	0.000	0.000
210	  H	  1.1	  0.2	0.000	0.000	0.000
211	  F	  1.0	  0.4	0.000	0.000	0.000
212	  P	  0.3	  0.2	0.000	0.000	0.000
213	  E	  0.0	  0.2	0.000	0.000	0.000
214	  T	  3.0	  0.2	0.000	0.000	0.000
215	  I	  4.3	  0.3	0.000	0.000	0.000
216	  A	  4.3	  0.7	0.000	0.000	0.000
217	  G	  1.3	  1.1	0.000	0.000	0.000
218	  S	  0.0	  1.1	0.000	0.000	0.000
219	  D	  0.0	  0.9	0.000	0.000	0.000
220	  A	  0.0	  0.8	0.000	0.000	0.000
221	  P	  0.0	  0.5	0.000	0.000	0.000
222	  S	  0.1	  0.5	0.625	0.452	0.452
223	  L	  0.2	  0.5	0.625	2.267	2.267
224	  A	  0.9	  0.1	0.625	2.267	2.267
225	  T	  4.8	  0.0	0.625	2.267	2.267
226	  V	  5.4	  0.0	0.625	2.267	2.267
227	  A	  4.7	  0.1	0.625	2.022	2.022
228	  G	  0.7	  0.1	0.214	0.140	0.140
229	  T	  2.6	  0.1	0.000	0.000	0.000
230	  C	  3.9	  0.1	0.000	0.000	0.000
231	  V	  4.7	  0.0	0.000	0.000	0.000
232	  D	  2.3	  0.0	0.000	0.000	0.000
233	  H	  1.4	  0.0	0.000	0.000	0.000
234	  A	  1.8	  0.0	0.000	0.000	0.000
235	  V	  1.8	  0.0	0.000	0.000	0.000
236	  V	  1.3	  0.0	0.000	0.000	0.000
237	  P	  0.0	  1.3	0.000	0.000	0.000
238	  P	  0.0	  1.5	0.000	0.000	0.000
239	  G	  0.0	  1.6	0.000	0.000	0.000
240	  G	  0.0	  1.6	0.000	0.000	0.000
241	  E	  0.0	  0.3	0.000	0.000	0.000
242	  E	  0.0	  0.1	0.000	0.000	0.000
243	  P	  0.0	  0.0	0.000	0.000	0.000
244	  R	  0.5	  0.0	0.000	0.000	0.000
245	  M	  2.9	  0.0	0.000	0.000	0.000
246	  H	  3.7	  0.0	0.000	0.000	0.000
247	  C	  4.3	  0.0	0.000	0.000	0.000
248	  A	  2.3	  0.2	0.000	0.000	0.000
249	  V	  1.7	  0.6	0.000	0.000	0.000
250	  D	  0.5	  0.7	0.000	0.000	0.000
251	  G	  0.2	  0.7	0.000	0.000	0.000
252	  E	  0.1	  0.5	0.000	0.000	0.000
253	  W	  1.1	  0.0	0.000	0.000	0.000
254	  L	  1.2	  0.0	0.000	0.000	0.000
255	  V	  1.2	  0.0	0.000	0.000	0.000
256	  P	  0.2	  0.2	0.000	0.000	0.000
257	  I	  0.1	  0.3	0.000	0.000	0.000
258	  G	  0.1	  0.3	0.000	0.000	0.000
259	  Q	  0.7	  0.3	0.000	0.000	0.000
260	  C	  1.9	  0.1	0.000	0.000	0.000
261	  L	  2.0	  0.0	0.000	0.000	0.000
262	  C	  3.9	  0.1	0.000	0.000	0.000
263	  Q	  2.6	  0.3	0.000	0.000	0.000
264	  A	  2.4	  0.3	0.000	0.000	0.000
265	  G	  0.1	  0.3	0.000	0.000	0.000
266	  Y	  2.0	  0.3	0.000	0.000	0.000
267	  E	  2.1	  0.1	0.000	0.000	0.000
268	  K	  9.4	  0.1	0.000	0.000	0.000
269	  V	  8.3	  0.3	0.000	0.000	0.000
270	  E	  8.2	  0.2	0.000	0.000	0.000
271	  D	  0.9	  0.2	0.126	0.000	0.000
272	  A	  0.2	  0.2	0.126	0.000	0.000
273	  C	  2.6	  0.1	0.126	0.000	0.000
274	  Q	  2.7	  0.1	0.126	0.000	0.000
275	  A	  2.8	  0.1	0.126	0.000	0.000
276	  C	  0.6	  0.1	0.126	0.000	0.000
277	  S	  0.5	  2.3	0.000	0.000	0.000
278	  P	  0.2	  2.4	0.000	0.000	0.000
279	  G	  0.0	  2.4	0.000	0.000	0.000
280	  F	  1.3	  2.4	0.000	0.286	0.286
281	  F	  2.7	  0.0	0.000	0.286	0.286
282	  K	  6.2	  0.0	0.000	0.286	0.286
283	  F	  7.3	  0.0	0.000	0.286	0.286
284	  E	  6.1	  0.0	0.000	0.286	0.286
285	  A	  2.6	  0.1	0.000	0.000	0.000
286	  S	  0.6	  0.1	0.000	0.000	0.000
287	  E	  0.4	  0.1	0.000	0.000	0.000
288	  S	  0.4	  0.2	0.266	0.000	0.000
289	  P	  0.0	  0.2	0.266	0.000	0.000
290	  C	  1.1	  0.2	0.266	0.000	0.000
291	  L	  2.9	  0.2	0.266	0.000	0.000
292	  E	  3.0	  0.0	0.266	0.000	0.000
293	  C	  1.9	  0.4	0.266	0.000	0.000
294	  P	  0.0	  0.5	0.000	0.000	0.000
295	  E	  0.7	  0.5	0.000	0.000	0.000
296	  H	  3.0	  0.5	0.000	0.000	0.000
297	  T	  3.2	  0.1	0.000	0.000	0.000
298	  L	  2.6	  0.0	0.000	0.000	0.000
299	  P	  0.3	  0.0	0.000	0.000	0.000
300	  S	  0.0	  1.0	0.000	0.000	0.000
301	  P	  0.0	  1.5	0.000	0.000	0.000
302	  E	  0.0	  1.9	0.000	0.000	0.000
303	  G	  0.0	  2.0	0.000	0.000	0.000
304	  A	  0.2	  1.1	0.000	0.000	0.000
305	  T	  2.3	  0.7	0.000	0.000	0.000
306	  S	 11.3	  0.2	0.000	0.000	0.000
307	  C	 13.3	  0.1	0.000	0.000	0.000
308	  E	 11.8	  0.1	0.000	0.000	0.000
309	  C	  3.3	  0.4	0.000	0.000	0.000
310	  E	  0.9	  0.6	0.000	0.000	0.000
311	  E	  0.5	  0.6	0.000	0.000	0.000
312	  G	  0.0	  0.6	0.000	0.000	0.000
313	  F	  2.1	  0.2	0.000	0.000	0.000
314	  F	  6.4	  0.0	0.000	0.000	0.000
315	  R	  6.4	  0.0	0.000	0.000	0.000
316	  A	  4.4	  0.3	0.000	0.000	0.000
317	  P	  0.0	  0.3	0.000	0.000	0.000
318	  Q	  0.0	  0.3	0.000	0.000	0.000
319	  D	  0.0	  0.5	0.000	0.000	0.000
320	  P	  0.0	  0.5	0.000	0.000	0.000
321	  A	  1.0	  0.5	0.000	0.000	0.000
322	  S	  1.1	  0.5	0.000	0.000	0.000
323	  M	  1.1	  0.2	0.000	0.000	0.000
324	  P	  0.2	  0.0	0.000	0.000	0.000
325	  C	  3.2	  0.0	0.000	0.000	0.000
326	  T	  3.2	  0.0	0.000	0.000	0.000
327	  R	  3.2	  0.0	0.000	0.000	0.000
328	  P	  0.0	  0.6	0.000	0.000	0.000
329	  P	  0.0	  0.6	0.000	0.000	0.000
330	  S	  0.1	  0.6	0.000	0.000	0.000
331	  A	  0.1	  0.8	0.000	0.000	0.000
332	  P	  0.1	  0.3	0.000	0.000	0.000
333	  H	  1.7	  0.3	0.000	0.128	0.128
334	  Y	  2.2	  0.3	0.000	6.974	6.974
335	  L	  3.0	  0.0	0.000	7.304	7.304
336	  T	  2.2	  0.0	0.000	7.304	7.304
337	  A	  1.8	  0.1	0.000	7.304	7.304
338	  V	  1.3	  0.1	0.000	7.304	7.304
339	  G	  0.5	  0.3	0.394	1.436	1.436
340	  M	  0.4	  0.4	0.394	0.765	0.765
341	  G	  0.1	  0.2	0.394	0.000	0.000
342	  A	  0.4	  0.2	0.394	0.000	0.000
343	  K	  7.5	  0.1	0.394	0.000	0.000
344	  V	 11.8	  0.0	0.394	0.000	0.000
345	  E	 11.7	  0.0	0.394	0.000	0.000
346	  L	  5.8	  0.0	0.210	0.000	0.000
347	  R	  3.3	  0.0	0.210	0.000	0.000
348	  W	  3.0	  0.0	0.000	0.000	0.000
349	  T	  2.0	  0.0	0.000	0.000	0.000
350	  P	  0.0	  0.3	0.000	0.000	0.000
351	  P	  0.0	  0.6	0.000	0.000	0.000
352	  Q	  0.1	  0.8	0.000	0.000	0.000
353	  D	  0.1	  1.3	0.000	0.000	0.000
354	  S	  0.1	  1.7	0.000	0.000	0.000
355	  G	  0.0	  1.6	0.000	0.000	0.000
356	  G	  0.0	  1.4	0.000	0.000	0.000
357	  R	  0.1	  1.3	0.000	0.000	0.000
358	  E	  0.1	  0.6	0.000	0.000	0.000
359	  D	  1.1	  0.5	0.000	0.000	0.000
360	  I	  5.5	  0.4	0.000	5.943	5.943
361	  V	  9.4	  0.0	0.000	6.199	6.199
362	  Y	 12.6	  0.0	0.000	6.199	6.199
363	  S	 11.4	  0.0	0.000	6.199	6.199
364	  V	 13.7	  0.0	0.000	6.199	6.199
365	  T	 13.3	  0.0	0.000	1.496	1.496
366	  C	 11.3	  0.2	0.000	0.216	0.216
367	  E	  5.3	  0.2	0.000	0.000	0.000
368	  Q	  3.6	  0.2	0.000	0.000	0.000
369	  C	  2.5	  0.2	0.000	0.000	0.000
370	  W	  2.5	  0.2	0.000	0.000	0.000
371	  P	  0.3	  0.7	0.000	0.000	0.000
372	  E	  0.0	  0.9	0.000	0.000	0.000
373	  S	  0.1	  1.0	0.000	0.000	0.000
374	  G	  0.1	  1.0	0.000	0.000	0.000
375	  E	  0.1	  0.5	0.000	0.000	0.000
376	  C	  0.1	  0.4	0.000	0.000	0.000
377	  G	  0.0	  0.3	0.147	0.000	0.000
378	  P	  0.0	  0.2	0.147	0.000	0.000
379	  C	  4.0	  0.2	0.147	0.000	0.000
380	  E	  4.1	  0.2	0.147	0.000	0.000
381	  A	  4.6	  0.1	0.147	0.000	0.000
382	  S	  4.2	  0.1	0.147	0.000	0.000
383	  V	  6.2	  0.0	0.000	0.000	0.000
384	  R	  6.8	  0.0	0.000	0.000	0.000
385	  Y	  4.9	  0.0	0.000	0.000	0.000
386	  S	  2.6	  0.0	0.000	0.000	0.000
387	  E	  1.6	  0.0	0.000	0.000	0.000
388	  P	  0.0	  0.9	0.000	0.000	0.000
389	  P	  0.0	  1.0	0.000	0.000	0.000
390	  H	  0.1	  1.1	0.000	0.000	0.000
391	  G	  0.2	  1.1	0.000	0.000	0.000
392	  L	  0.3	  0.2	0.000	0.000	0.000
393	  T	  0.8	  0.2	0.000	0.000	0.000
394	  R	  0.8	  0.1	0.000	0.000	0.000
395	  T	  1.3	  0.1	0.000	1.163	1.163
396	  S	  3.7	  0.1	0.000	1.379	1.379
397	  V	 21.2	  0.0	0.000	1.379	1.379
398	  T	 34.9	  0.0	0.092	1.379	1.379
399	  V	 32.4	  0.1	0.092	1.379	1.379
400	  S	 16.9	  0.1	0.092	0.344	0.344
401	  D	  0.6	  0.1	0.092	0.000	0.000
402	  L	  0.5	  0.1	0.092	0.000	0.000
403	  E	  0.5	  0.1	0.092	0.000	0.000
404	  P	  0.1	  0.1	0.000	0.000	0.000
405	  H	  0.7	  0.3	0.000	0.000	0.000
406	  M	  2.2	  0.3	0.000	0.212	0.212
407	  N	  3.2	  0.2	0.000	0.399	0.399
408	  Y	 12.4	  0.2	0.000	4.217	4.217
409	  T	 26.9	  0.0	0.000	4.217	4.217
410	  F	 33.5	  0.0	0.000	4.217	4.217
411	  T	 29.1	  0.0	0.363	4.217	4.217
412	  V	 14.6	  0.0	0.363	4.217	4.217
413	  E	  5.9	  0.0	0.363	0.000	0.000
414	  A	  1.2	  0.4	0.363	0.000	0.000
415	  R	  0.1	  3.5	0.363	0.000	0.000
416	  N	  0.1	  3.5	0.363	0.000	0.000
417	  G	  0.1	  3.5	0.125	0.000	0.000
418	  V	  0.7	  3.1	0.000	0.504	0.504
419	  S	  0.7	  0.1	0.000	0.504	0.504
420	  G	  0.7	  0.1	0.138	0.504	0.504
421	  L	  0.4	  0.1	0.138	0.504	0.504
422	  V	  3.0	  0.0	0.138	0.504	0.504
423	  T	  3.6	  0.1	0.138	0.000	0.000
424	  S	  4.7	  0.7	0.138	0.000	0.000
425	  R	  3.7	  0.7	0.138	0.000	0.000
426	  S	  9.3	  0.7	0.107	0.000	0.000
427	  F	  8.3	  0.7	0.107	0.000	0.000
428	  R	  6.8	  0.1	0.107	0.000	0.000
429	  T	  2.9	  0.2	0.107	0.000	0.000
430	  A	  2.8	  0.2	0.107	0.000	0.000
431	  S	 12.8	  0.2	0.107	0.000	0.000
432	  V	 13.9	  0.2	0.000	0.000	0.000
433	  S	 16.7	  0.3	0.000	0.000	0.000
434	  I	  8.4	  0.3	0.000	0.000	0.000
435	  N	  5.0	  0.3	0.000	0.000	0.000
436	  Q	  1.8	  0.3	0.000	0.000	0.000
437	  T	  0.4	  0.1	0.000	0.000	0.000
438	  E	  0.3	  0.1	0.000	0.000	0.000
439	  P	  0.0	  0.2	0.181	0.000	0.000
440	  P	  0.0	  0.2	0.181	0.000	0.000
441	  K	  1.8	  0.2	0.181	0.000	0.000
442	  V	  5.6	  0.2	0.181	0.000	0.000
443	  R	  6.0	  0.0	0.181	0.000	0.000
444	  L	  4.3	  0.4	0.181	0.000	0.000
445	  E	  0.4	  0.8	0.181	0.000	0.000
446	  G	  0.0	  0.9	0.000	0.000	0.000
447	  R	  0.4	  0.9	0.000	0.000	0.000
448	  S	  1.1	  0.5	0.000	0.000	0.000
449	  T	  3.6	  0.2	0.000	0.000	0.000
450	  T	  3.6	  0.1	0.000	0.000	0.000
451	  S	  7.2	  0.3	0.000	0.000	0.000
452	  L	  6.2	  0.3	0.000	0.257	0.257
453	  S	 14.1	  0.3	0.000	0.257	0.257
454	  V	 13.1	  0.3	0.000	0.257	0.257
455	  S	 25.1	  0.2	0.000	0.257	0.257
456	  W	 19.5	  0.2	0.000	0.257	0.257
457	  S	 16.6	  0.1	0.000	0.000	0.000
458	  I	  3.4	  0.1	0.000	0.000	0.000
459	  P	  0.0	  0.0	0.000	0.000	0.000
460	  P	  0.0	  0.2	0.000	0.000	0.000
461	  P	  0.0	  0.3	0.000	0.000	0.000
462	  Q	  0.2	  0.3	0.000	0.000	0.000
463	  Q	  0.3	  0.4	0.000	0.000	0.000
464	  S	  0.5	  0.2	0.102	0.000	0.000
465	  R	  2.4	  0.1	0.102	0.000	0.000
466	  V	  3.0	  0.0	0.102	0.384	0.384
467	  W	  3.5	  0.0	0.201	0.384	0.384
468	  K	  4.1	  0.0	0.201	0.384	0.384
469	  Y	 10.3	  0.0	0.201	0.384	0.384
470	  E	 13.8	  0.0	0.099	0.384	0.384
471	  V	 18.5	  0.0	0.099	0.384	0.384
472	  T	 21.9	  0.0	0.444	0.138	0.138
473	  Y	 18.5	  0.0	0.444	0.138	0.138
474	  R	 11.5	  0.1	0.444	0.000	0.000
475	  K	  1.3	  0.4	0.345	0.000	0.000
476	  K	  0.1	  1.7	0.345	0.000	0.000
477	  G	  0.0	  1.8	0.345	0.000	0.000
478	  D	  0.0	  4.0	0.166	0.000	0.000
479	  S	  0.1	  4.0	0.000	0.000	0.000
480	  N	  1.0	  2.8	0.000	0.000	0.000
481	  S	  9.6	  2.9	0.000	0.000	0.000
482	  Y	 14.4	  0.6	0.000	0.000	0.000
483	  N	 16.4	  0.4	0.000	0.000	0.000
484	  V	  9.4	  0.3	0.000	0.000	0.000
485	  R	  4.4	  0.0	0.000	0.000	0.000
486	  R	  1.5	  0.1	0.000	0.000	0.000
487	  T	  0.3	  0.5	0.000	0.000	0.000
488	  E	  0.1	  0.5	0.000	0.000	0.000
489	  G	  0.1	  0.5	0.000	0.000	0.000
490	  F	  4.9	  0.4	0.000	0.178	0.178
491	  S	  8.5	  0.0	0.000	0.178	0.178
492	  V	 15.3	  0.0	0.000	0.178	0.178
493	  T	 12.0	  0.1	0.196	0.178	0.178
494	  L	  8.4	  0.3	0.196	0.178	0.178
495	  D	  1.6	  0.4	0.196	0.000	0.000
496	  D	  0.1	  0.4	0.196	0.000	0.000
497	  L	  0.1	  0.2	0.196	0.000	0.000
498	  A	  0.1	  0.7	0.196	0.000	0.000
499	  P	  0.0	  0.7	0.000	0.000	0.000
500	  D	  0.2	  0.7	0.000	0.000	0.000
501	  T	  3.7	  0.7	0.000	2.446	2.446
502	  T	  7.0	  0.1	0.000	3.893	3.893
503	  Y	  7.8	  0.0	0.000	11.176	11.176
504	  L	  4.6	  0.0	0.000	11.472	11.472
505	  V	  5.5	  0.0	0.000	11.472	11.472
506	  Q	  5.2	  0.0	0.000	9.888	9.888
507	  V	  6.1	  0.0	0.000	9.888	9.888
508	  Q	  2.2	  0.0	0.000	2.289	2.289
509	  A	  1.5	  0.0	0.000	2.068	2.068
510	  L	  0.7	  0.0	0.000	1.882	1.882
511	  T	  1.0	  0.2	0.000	0.220	0.220
512	  Q	  0.8	  0.7	0.000	0.000	0.000
513	  E	  0.5	  0.8	0.000	0.000	0.000
514	  G	  0.0	  1.2	0.000	0.000	0.000
515	  Q	  0.0	  1.2	0.000	0.000	0.000
516	  G	  0.0	  1.4	0.000	0.000	0.000
517	  A	  0.0	  1.5	0.000	0.000	0.000
518	  G	  0.0	  1.2	0.000	0.000	0.000
519	  S	  0.4	  1.0	0.000	0.000	0.000
520	  K	  2.3	  0.4	0.000	0.000	0.000
521	  V	  3.7	  0.1	0.000	0.000	0.000
522	  H	  3.8	  0.0	0.000	0.000	0.000
523	  E	  3.2	  0.0	0.000	0.000	0.000
524	  F	  2.3	  0.1	0.000	0.000	0.000
525	  Q	  1.9	  0.1	0.000	0.000	0.000
526	  T	 10.2	  0.1	0.000	0.000	0.000
527	  L	  9.8	  0.1	0.000	0.000	0.000
528	  S	  9.7	  0.9	0.000	0.000	0.000
529	  P	  0.1	  1.5	0.000	0.000	0.000
530	  E	  0.0	  2.7	0.000	0.000	0.000
531	  G	  0.0	  2.9	0.000	0.000	0.000
532	  S	  0.1	  4.0	0.000	0.000	0.000
533	  G	  0.1	  3.4	0.000	0.003	0.003
534	  N	  0.1	  2.2	0.126	0.227	0.227
535	  L	  0.4	  2.0	0.126	10.008	10.008
536	  A	  1.5	  0.0	0.126	11.866	11.866
537	  V	  2.4	  0.0	0.126	14.991	14.991
538	  I	  2.2	  1.8	0.126	15.263	15.263
539	  G	  1.1	  1.8	0.126	15.296	15.296
540	  G	  0.3	  1.8	0.375	16.745	16.745
541	  V	  6.0	  1.8	0.416	80.865	80.865
542	  A	  6.1	  0.0	1.868	86.325	86.325
543	  V	  6.2	  0.0	2.128	92.782	92.782
544	  G	  0.5	  0.0	11.046	93.331	93.331
545	  V	  6.8	  0.0	11.429	99.428	99.428
546	  V	  9.6	  0.0	11.869	99.946	99.946
547	  L	 10.3	  0.0	12.052	99.989	99.989
548	  L	  4.9	  0.0	12.052	99.993	99.993
549	  L	  3.2	  0.0	12.052	99.971	99.971
550	  V	  3.3	  0.0	11.901	99.841	99.841
551	  L	  2.6	  0.2	11.901	98.309	98.309
552	  A	  1.0	  0.2	11.283	89.962	89.962
553	  G	  0.1	  0.4	10.307	83.061	83.061
554	  V	  0.2	  0.4	0.821	82.804	82.804
555	  G	  0.2	  0.2	0.721	80.557	80.557
556	  F	  1.3	  0.2	0.000	80.438	80.438
557	  F	  1.9	  0.0	0.000	79.067	79.067
558	  I	  3.3	  0.0	0.000	62.365	62.365
559	  H	  2.8	  0.1	0.000	0.039	0.039
560	  R	  2.4	  0.1	0.000	0.000	0.000
561	  R	  1.2	  0.2	0.000	0.000	0.000
562	  R	  1.2	  0.4	0.000	0.000	0.000
563	  K	  0.9	  0.3	0.000	0.000	0.000
564	  N	  1.0	  0.3	0.198	0.000	0.000
565	  Q	  0.5	  0.3	0.198	0.000	0.000
566	  R	  0.6	  0.1	0.198	0.000	0.000
567	  A	  0.4	  0.2	0.198	0.000	0.000
568	  R	  0.8	  0.1	0.198	0.000	0.000
569	  Q	  0.7	  0.0	0.198	0.000	0.000
570	  S	  0.5	  0.4	0.000	0.000	0.000
571	  P	  0.0	  0.7	0.000	0.000	0.000
572	  E	  0.0	  0.7	0.000	0.000	0.000
573	  D	  2.3	  0.7	0.000	0.000	0.000
574	  V	  4.3	  0.3	0.000	0.000	0.000
575	  Y	  6.5	  0.0	0.000	0.000	0.000
576	  F	  6.6	  0.0	0.000	0.000	0.000
577	  S	  6.8	  0.7	0.152	0.000	0.000
578	  K	  4.8	  0.7	0.152	0.000	0.000
579	  S	  2.7	  0.9	0.152	0.000	0.000
580	  E	  0.3	  0.8	0.152	0.000	0.000
581	  Q	  2.0	  0.2	0.152	0.000	0.000
582	  L	  2.1	  0.1	0.152	0.000	0.000
583	  K	  2.1	  0.0	0.152	0.000	0.000
584	  P	  0.1	  0.0	0.000	0.000	0.000
585	  L	  0.2	  0.2	0.000	0.000	0.000
586	  K	  0.8	  0.2	0.000	0.000	0.000
587	  T	  6.2	  0.2	0.000	0.000	0.000
588	  Y	  8.6	  0.2	0.000	0.000	0.000
589	  V	  8.1	  0.0	0.000	0.000	0.000
590	  D	  2.9	  0.4	0.148	0.000	0.000
591	  P	  0.2	  0.4	0.148	0.000	0.000
592	  H	  2.7	  0.4	0.148	0.000	0.000
593	  T	 12.8	  0.4	0.148	0.000	0.000
594	  Y	 14.0	  0.0	0.148	0.000	0.000
595	  E	 11.4	  0.0	0.148	0.000	0.000
596	  D	  1.3	  7.1	0.308	0.000	0.000
597	  P	  0.0	  7.1	0.308	0.000	0.000
598	  N	  0.0	  7.1	0.922	0.000	0.000
599	  Q	  0.3	  7.1	0.922	0.000	0.000
600	  A	  1.0	  0.0	0.922	0.364	0.364
601	  V	  2.1	  0.0	0.922	0.794	0.794
602	  L	  2.7	  0.0	0.922	0.794	0.794
603	  K	  4.9	  0.0	0.922	0.794	0.794
604	  F	  5.4	  0.0	0.716	0.794	0.794
605	  T	  4.8	  0.0	0.000	0.794	0.794
606	  T	  2.0	  0.0	0.000	0.794	0.794
607	  E	  7.5	  0.0	0.000	0.794	0.794
608	  I	  7.4	  0.0	0.000	0.794	0.794
609	  H	  7.3	  1.3	0.000	0.000	0.000
610	  P	  0.2	  1.4	0.000	0.000	0.000
611	  S	  1.4	  1.4	1.358	0.000	0.000
612	  C	  1.9	  1.4	1.358	0.000	0.000
613	  V	  3.6	  0.0	1.358	0.000	0.000
614	  T	  3.7	  0.1	1.358	0.000	0.000
615	  R	  3.5	  0.1	1.358	0.000	0.000
616	  Q	  2.4	  0.1	1.358	0.000	0.000
617	  K	  3.2	  0.1	0.249	0.000	0.000
618	  V	  4.0	  0.0	0.000	0.148	0.148
619	  I	  3.5	  0.5	0.000	0.148	0.148
620	  G	  1.1	  1.0	0.000	0.148	0.148
621	  A	  0.1	  1.2	0.000	0.148	0.148
622	  G	  0.0	  1.3	0.000	0.148	0.148
623	  E	  0.1	  0.8	0.000	0.000	0.000
624	  F	  0.2	  0.5	0.000	0.000	0.000
625	  G	  0.2	  0.3	0.504	0.000	0.000
626	  E	  2.0	  0.2	0.504	0.000	0.000
627	  V	  3.2	  0.2	0.504	0.000	0.000
628	  Y	  3.5	  1.0	0.504	0.000	0.000
629	  K	  1.6	  1.0	0.504	0.000	0.000
630	  G	  0.4	  1.0	0.504	0.000	0.000
631	  M	  0.3	  1.0	0.274	0.000	0.000
632	  L	  0.4	  0.1	0.000	0.000	0.000
633	  K	  0.6	  0.1	0.000	0.000	0.000
634	  T	  1.8	  0.5	0.000	0.000	0.000
635	  S	  1.7	  1.1	0.000	0.000	0.000
636	  S	  1.5	  1.2	0.000	0.000	0.000
637	  G	  0.1	  1.3	0.000	0.000	0.000
638	  K	  0.3	  0.9	0.000	0.000	0.000
639	  K	  1.1	  0.3	0.000	0.000	0.000
640	  E	  1.3	  0.1	0.000	0.000	0.000
641	  V	  1.2	  0.0	0.000	0.000	0.000
642	  P	  0.3	  0.0	0.000	0.000	0.000
643	  V	  3.4	  0.0	0.000	0.000	0.000
644	  A	  3.8	  0.0	0.000	0.000	0.000
645	  I	  5.3	  0.0	0.000	0.000	0.000
646	  K	  2.3	  0.0	0.000	0.000	0.000
647	  T	  4.9	  0.0	0.000	0.000	0.000
648	  L	  3.7	  0.1	0.000	0.000	0.000
649	  K	  3.5	  0.3	0.000	0.000	0.000
650	  A	  0.4	  0.3	0.000	0.000	0.000
651	  G	  0.2	  0.3	0.000	0.000	0.000
652	  Y	  1.4	  0.3	0.000	0.000	0.000
653	  T	  1.7	  0.1	0.541	0.000	0.000
654	  E	  1.7	  0.1	0.541	0.000	0.000
655	  K	  0.6	  0.1	0.541	0.000	0.000
656	  Q	  0.9	  0.1	0.541	0.000	0.000
657	  R	  6.3	  0.1	0.541	0.000	0.000
658	  V	  8.2	  0.0	0.541	0.000	0.000
659	  D	  7.6	  0.0	0.541	0.000	0.000
660	  F	  2.5	  0.0	0.339	0.000	0.000
661	  L	  0.4	  0.1	0.124	0.000	0.000
662	  G	  0.4	  0.2	0.000	0.000	0.000
663	  E	  0.1	  0.3	0.000	0.000	0.000
664	  A	  0.1	  0.4	0.000	0.000	0.000
665	  G	  0.1	  0.3	0.000	0.000	0.000
666	  I	  2.5	  0.2	0.000	0.000	0.000
667	  M	  2.5	  0.2	0.000	0.000	0.000
668	  G	  2.5	  0.1	0.000	0.000	0.000
669	  Q	  2.5	  0.1	0.000	0.000	0.000
670	  F	  4.5	  0.2	0.000	0.000	0.000
671	  S	  5.0	  0.1	0.000	0.000	0.000
672	  H	  3.0	  0.2	0.000	0.000	0.000
673	  H	  1.9	  0.2	0.000	0.000	0.000
674	  N	  4.0	  0.1	0.288	0.000	0.000
675	  I	  7.8	  0.1	0.288	0.000	0.000
676	  I	 10.9	  0.0	0.288	0.000	0.000
677	  R	  8.7	  0.0	0.396	0.000	0.000
678	  L	  4.6	  0.2	0.396	0.000	0.000
679	  E	  0.4	  0.3	0.396	0.000	0.000
680	  G	  0.1	  0.2	0.666	0.000	0.000
681	  V	  4.5	  0.2	0.534	0.000	0.000
682	  I	  5.1	  0.1	0.534	0.000	0.000
683	  S	  5.3	  0.1	0.534	0.000	0.000
684	  K	  3.1	  0.1	0.534	0.000	0.000
685	  Y	  2.6	  0.1	0.426	0.000	0.000
686	  K	  2.3	  0.0	0.000	0.000	0.000
687	  P	  0.2	  0.0	0.000	0.444	0.444
688	  M	  1.2	  0.0	0.000	14.070	14.070
689	  M	  3.1	  0.0	0.000	14.070	14.070
690	  I	  7.6	  0.0	0.000	14.070	14.070
691	  I	  7.2	  0.0	0.000	14.070	14.070
692	  T	  5.5	  0.0	0.150	13.790	13.790
693	  E	  1.0	  0.0	0.150	0.000	0.000
694	  Y	  1.1	  0.0	0.150	0.000	0.000
695	  M	  1.0	  0.8	0.150	0.000	0.000
696	  E	  0.9	  2.3	0.150	0.000	0.000
697	  N	  0.1	  2.3	0.150	0.000	0.000
698	  G	  0.0	  2.3	1.178	0.000	0.000
699	  A	  0.1	  1.6	1.028	0.000	0.000
700	  L	  0.2	  0.1	1.028	0.000	0.000
701	  D	  0.3	  0.1	1.431	0.000	0.000
702	  K	  0.4	  0.1	1.431	0.000	0.000
703	  F	  1.4	  0.1	1.431	0.000	0.000
704	  L	  1.4	  0.0	0.959	0.000	0.000
705	  R	  1.2	  0.1	0.959	0.000	0.000
706	  E	  0.3	  0.6	0.838	0.000	0.000
707	  K	  0.3	  1.0	0.352	0.000	0.000
708	  D	  0.2	  1.0	0.000	0.000	0.000
709	  G	  0.0	  1.0	0.149	0.000	0.000
710	  E	  1.4	  0.5	0.149	0.000	0.000
711	  F	  6.2	  0.1	0.149	22.478	22.478
712	  S	  6.8	  0.0	1.617	24.265	24.265
713	  V	  7.8	  0.0	1.617	33.124	33.124
714	  L	  4.4	  0.0	1.617	33.240	33.240
715	  Q	  4.6	  0.0	1.617	33.240	33.240
716	  L	  2.5	  0.0	1.617	33.780	33.780
717	  V	  1.3	  0.0	1.617	33.468	33.468
718	  G	  0.5	  0.0	1.617	22.837	22.837
719	  M	  0.5	  0.0	0.589	21.908	21.908
720	  L	  0.4	  0.1	0.305	18.614	18.614
721	  R	  0.6	  0.1	0.154	0.000	0.000
722	  G	  0.9	  0.1	0.356	0.000	0.000
723	  I	  1.6	  0.1	0.202	0.000	0.000
724	  A	  1.5	  0.4	0.202	0.000	0.000
725	  A	  1.0	  0.4	0.202	0.000	0.000
726	  G	  0.1	  0.4	1.081	0.000	0.000
727	  M	  1.1	  0.4	1.081	0.000	0.000
728	  K	  1.3	  0.0	0.880	0.000	0.000
729	  Y	  1.9	  0.0	0.880	0.000	0.000
730	  L	  0.9	  0.2	0.880	0.000	0.000
731	  A	  0.7	  0.2	0.880	0.000	0.000
732	  N	  0.5	  0.8	0.880	0.000	0.000
733	  M	  2.6	  0.8	0.535	0.000	0.000
734	  N	  3.2	  0.6	0.349	0.000	0.000
735	  Y	  4.3	  0.6	0.134	0.000	0.000
736	  V	  3.7	  0.0	0.000	0.000	0.000
737	  H	  3.2	  0.4	0.579	0.000	0.000
738	  R	  1.9	  0.5	0.704	0.000	0.000
739	  D	  0.3	  0.5	0.971	0.000	0.000
740	  L	  0.2	  0.5	0.971	0.000	0.000
741	  A	  0.2	  0.0	0.971	0.000	0.000
742	  A	  0.2	  0.1	0.971	0.000	0.000
743	  R	  0.5	  0.1	0.839	0.000	0.000
744	  N	  0.6	  0.1	0.481	0.000	0.000
745	  I	  3.9	  0.1	0.000	0.000	0.000
746	  L	  4.2	  0.0	0.000	0.000	0.000
747	  V	  5.6	  0.0	0.000	0.000	0.000
748	  N	  2.3	  1.0	0.000	0.000	0.000
749	  S	  1.6	  1.0	0.000	0.000	0.000
750	  N	  0.3	  1.0	0.120	0.000	0.000
751	  L	  1.6	  1.0	0.120	0.000	0.000
752	  V	  1.9	  0.0	0.120	0.000	0.000
753	  C	  2.6	  0.0	0.120	0.000	0.000
754	  K	  2.6	  0.0	0.120	0.000	0.000
755	  V	  2.5	  0.3	0.120	0.000	0.000
756	  S	  1.5	  0.3	0.120	0.000	0.000
757	  D	  0.3	  0.3	0.000	0.000	0.000
758	  F	  0.2	  0.5	0.000	0.000	0.000
759	  G	  0.2	  0.1	0.362	0.000	0.000
760	  L	  0.3	  0.2	0.362	0.000	0.000
761	  S	  0.3	  0.2	0.511	0.000	0.000
762	  R	  2.0	  0.0	0.511	0.000	0.000
763	  V	  3.4	  0.0	0.511	0.000	0.000
764	  L	  3.3	  0.3	0.511	0.000	0.000
765	  E	  1.6	  0.3	0.511	0.000	0.000
766	  D	  0.1	  0.3	0.511	0.000	0.000
767	  D	  0.0	  0.8	0.456	0.000	0.000
768	  P	  0.0	  0.5	0.456	0.000	0.000
769	  E	  0.2	  0.5	0.456	0.000	0.000
770	  A	  0.9	  0.5	0.456	0.000	0.000
771	  T	 20.0	  0.0	0.456	0.000	0.000
772	  Y	 21.2	  0.0	0.456	0.000	0.000
773	  T	 22.9	  0.1	0.000	0.000	0.000
774	  T	  4.1	  0.3	0.000	0.000	0.000
775	  S	  2.5	  1.1	0.000	0.000	0.000
776	  G	  0.1	  1.2	0.000	0.000	0.000
777	  G	  0.1	  1.1	0.000	0.000	0.000
778	  K	  0.2	  0.9	0.000	0.000	0.000
779	  I	  0.2	  0.0	0.000	0.000	0.000
780	  P	  0.2	  0.0	0.000	0.000	0.000
781	  I	  2.8	  0.0	0.000	0.000	0.000
782	  R	  4.1	  0.0	0.000	0.000	0.000
783	  W	 11.4	  0.0	0.000	0.000	0.000
784	  T	  8.9	  0.0	0.000	0.000	0.000
785	  A	  7.6	  0.2	0.000	0.000	0.000
786	  P	  0.2	  0.2	0.000	0.000	0.000
787	  E	  0.0	  0.2	0.000	0.000	0.000
788	  A	  0.4	  0.2	0.000	0.000	0.000
789	  I	  4.6	  0.0	0.000	0.000	0.000
790	  S	 10.7	  0.0	0.000	0.000	0.000
791	  Y	 11.6	  0.0	0.000	0.000	0.000
792	  R	  8.1	  0.0	0.000	0.000	0.000
793	  K	  4.6	  0.0	0.000	0.000	0.000
794	  F	  6.0	  0.1	0.000	0.000	0.000
795	  T	  6.0	  0.1	0.000	0.000	0.000
796	  S	  6.1	  1.3	0.000	0.000	0.000
797	  A	  3.3	  1.4	0.000	0.000	0.000
798	  S	  2.9	  1.4	0.000	0.000	0.000
799	  D	  1.9	  1.4	0.000	0.000	0.000
800	  V	  5.0	  0.2	0.000	32.820	32.820
801	  W	  8.4	  0.0	0.000	35.602	35.602
802	  S	  7.3	  0.2	0.000	37.409	37.409
803	  F	  4.5	  0.3	0.000	47.347	47.347
804	  G	  1.0	  0.2	0.000	48.000	48.000
805	  I	  8.9	  0.2	0.000	47.921	47.921
806	  V	 10.0	  0.1	0.000	46.985	46.985
807	  M	 10.0	  0.0	0.000	35.397	35.397
808	  W	  6.1	  0.0	0.000	28.623	28.623
809	  E	  5.0	  0.0	0.000	0.000	0.000
810	  V	  6.8	  0.0	0.000	0.100	0.100
811	  M	  7.0	  0.0	0.000	0.100	0.100
812	  T	  7.5	  0.0	0.000	0.100	0.100
813	  Y	  5.9	  0.3	0.000	0.100	0.100
814	  G	  1.1	  0.3	0.000	0.100	0.100
815	  E	  0.2	  0.3	0.000	0.000	0.000
816	  R	  0.1	  0.4	0.000	0.000	0.000
817	  P	  0.0	  0.2	0.000	0.000	0.000
818	  Y	  1.8	  0.2	0.000	0.000	0.000
819	  W	  3.2	  0.2	0.000	0.000	0.000
820	  E	  3.5	  0.0	0.000	0.000	0.000
821	  L	  1.9	  0.2	0.000	0.000	0.000
822	  S	  0.5	  0.3	0.179	0.000	0.000
823	  N	  0.2	  0.2	0.179	0.000	0.000
824	  H	  1.4	  0.2	0.179	0.000	0.000
825	  E	  1.9	  0.0	0.179	0.000	0.000
826	  V	  3.1	  0.0	0.179	0.000	0.000
827	  M	  2.3	  0.0	0.179	0.000	0.000
828	  K	  2.0	  0.0	0.000	0.000	0.000
829	  A	  1.0	  0.0	0.000	0.000	0.000
830	  I	  0.7	  0.1	0.000	0.000	0.000
831	  N	  0.4	  0.4	0.000	0.000	0.000
832	  D	  0.2	  0.4	0.000	0.000	0.000
833	  G	  0.1	  0.4	0.000	0.000	0.000
834	  F	  4.3	  0.3	0.000	0.000	0.000
835	  R	  4.4	  0.0	0.000	0.000	0.000
836	  L	  4.3	  0.0	0.000	0.000	0.000
837	  P	  0.1	  0.0	0.000	0.000	0.000
838	  T	  0.0	  0.1	0.000	0.000	0.000
839	  P	  0.0	  0.4	0.000	0.000	0.000
840	  M	  4.3	  0.4	0.000	0.000	0.000
841	  D	  4.3	  0.4	0.000	0.000	0.000
842	  C	  4.3	  1.1	1.662	0.000	0.000
843	  P	  0.1	  0.8	1.662	0.000	0.000
844	  S	  0.3	  0.8	4.099	0.000	0.000
845	  A	  0.5	  0.8	4.682	1.303	1.303
846	  I	  1.8	  0.0	4.682	2.383	2.383
847	  Y	  4.7	  0.1	4.682	2.383	2.383
848	  Q	  5.0	  0.1	4.564	2.383	2.383
849	  L	  4.8	  0.1	4.564	2.383	2.383
850	  M	  1.8	  0.1	4.564	1.993	1.993
851	  M	  3.0	  0.0	4.564	1.022	1.022
852	  Q	  3.3	  0.0	4.201	0.000	0.000
853	  C	  7.4	  0.0	4.180	0.000	0.000
854	  W	  6.6	  0.0	4.698	0.000	0.000
855	  Q	  5.6	  0.1	4.765	0.000	0.000
856	  Q	  1.4	  0.1	4.214	0.000	0.000
857	  E	  0.5	  0.1	3.463	0.000	0.000
858	  R	  0.3	  0.1	3.463	0.000	0.000
859	  A	  0.5	  0.1	3.463	0.000	0.000
860	  R	  0.5	  0.0	3.354	0.000	0.000
861	  R	  0.4	  0.2	2.264	0.000	0.000
862	  P	  0.1	  0.2	0.000	0.000	0.000
863	  K	  0.5	  0.2	0.000	0.779	0.779
864	  F	  0.8	  0.8	0.000	0.779	0.779
865	  A	  0.9	  0.6	0.000	0.779	0.779
866	  D	  1.4	  0.6	1.451	0.779	0.779
867	  I	  4.0	  0.6	1.451	41.064	41.064
868	  V	  7.2	  0.0	1.451	41.890	41.890
869	  S	  6.4	  0.0	8.508	41.890	41.890
870	  I	  4.0	  0.1	8.508	41.959	41.959
871	  L	  0.8	  0.1	8.508	41.699	41.699
872	  D	  0.5	  0.1	8.742	9.918	9.918
873	  K	  0.6	  0.1	8.742	9.918	9.918
874	  L	  0.7	  0.1	8.571	9.918	9.918
875	  I	  3.6	  0.0	7.801	9.088	9.088
876	  R	  3.2	  0.0	7.801	0.000	0.000
877	  A	  3.0	  0.8	4.089	0.000	0.000
878	  P	  0.0	  0.9	0.000	0.000	0.000
879	  D	  0.0	  1.0	0.000	0.000	0.000
880	  S	  0.5	  1.0	1.678	0.000	0.000
881	  L	  0.7	  0.3	1.678	0.000	0.000
882	  K	  0.9	  0.2	1.678	0.000	0.000
883	  T	  0.8	  0.1	1.854	0.000	0.000
884	  L	  0.7	  0.8	1.854	0.000	0.000
885	  A	  0.5	  0.8	1.854	0.000	0.000
886	  D	  0.9	  0.8	1.445	0.000	0.000
887	  F	  1.1	  0.8	0.941	0.000	0.000
888	  D	  1.0	  0.2	0.425	0.000	0.000
889	  P	  0.2	  0.2	0.118	0.000	0.000
890	  R	  1.2	  0.2	0.118	0.000	0.000
891	  V	  4.7	  0.2	0.118	0.000	0.000
892	  S	  7.1	  0.0	0.118	0.000	0.000
893	  I	 14.0	  0.0	0.118	0.000	0.000
894	  R	 10.7	  0.0	0.118	0.000	0.000
895	  L	  8.3	  0.2	0.000	0.000	0.000
896	  P	  0.1	  0.3	0.000	0.000	0.000
897	  S	  2.0	  1.0	0.000	0.000	0.000
898	  T	  2.0	  1.3	0.000	0.000	0.000
899	  S	  2.3	  1.7	0.000	0.000	0.000
900	  G	  0.4	  1.9	0.000	0.000	0.000
901	  S	  0.3	  1.8	0.000	0.000	0.000
902	  E	  0.0	  1.4	0.000	0.000	0.000
903	  G	  0.0	  0.8	0.000	0.000	0.000
904	  V	  0.0	  0.5	0.000	0.000	0.000
905	  P	  0.0	  0.0	0.000	0.000	0.000
906	  F	  0.5	  0.1	0.000	0.000	0.000
907	  R	  1.1	  0.1	0.000	0.000	0.000
908	  T	 18.8	  0.1	1.291	0.000	0.000
909	  V	 18.7	  0.1	1.291	0.000	0.000
910	  S	 18.1	  0.0	1.646	0.000	0.000
911	  E	  0.5	  0.0	1.646	0.000	0.000
912	  W	  0.4	  0.0	2.128	0.000	0.000
913	  L	  0.5	  0.1	2.247	0.000	0.000
914	  E	  0.5	  0.1	2.382	0.000	0.000
915	  S	  1.0	  0.1	2.503	0.000	0.000
916	  I	  6.4	  0.1	2.283	0.000	0.000
917	  K	  6.9	  0.0	2.283	0.000	0.000
918	  M	  6.3	  0.1	1.709	0.000	0.000
919	  Q	  2.0	  0.1	1.253	0.000	0.000
920	  Q	  4.4	  0.1	0.478	0.000	0.000
921	  Y	  5.4	  0.1	0.363	0.000	0.000
922	  T	  4.4	  0.1	0.000	0.000	0.000
923	  E	  1.7	  0.1	0.000	0.000	0.000
924	  H	  2.3	  0.1	0.000	0.000	0.000
925	  F	  2.9	  0.1	0.000	1.442	1.442
926	  M	  2.6	  0.0	0.000	1.645	1.645
927	  A	  0.9	  0.3	0.000	1.844	1.844
928	  A	  0.2	  0.3	0.000	2.081	2.081
929	  G	  0.2	  0.3	0.000	2.360	2.360
930	  Y	  5.8	  0.3	0.000	2.756	2.756
931	  T	  6.2	  0.0	0.926	2.756	2.756
932	  A	  6.2	  0.0	0.926	2.948	2.948
933	  I	  1.2	  0.0	0.926	3.179	3.179
934	  E	  0.8	  0.0	0.926	0.982	0.982
935	  K	  2.5	  0.0	0.926	0.982	0.982
936	  V	  5.9	  0.0	0.926	1.199	1.199
937	  V	 10.4	  0.0	0.804	1.199	1.199
938	  Q	  9.6	  0.0	0.804	0.217	0.217
939	  M	  6.1	  0.1	0.401	0.217	0.217
940	  T	  1.5	  0.2	0.514	0.217	0.217
941	  N	  0.4	  0.7	1.799	0.000	0.000
942	  D	  0.1	  0.7	3.254	0.000	0.000
943	  D	  1.1	  0.7	4.522	0.000	0.000
944	  I	  3.2	  0.6	4.522	0.000	0.000
945	  K	  4.1	  0.0	4.522	0.000	0.000
946	  R	  3.7	  0.0	4.522	0.000	0.000
947	  I	  1.8	  0.0	4.363	0.000	0.000
948	  G	  0.8	  0.0	4.363	0.000	0.000
949	  V	  7.4	  0.0	0.749	0.000	0.000
950	  R	  7.3	  0.0	0.633	0.000	0.000
951	  L	  7.3	  1.5	0.000	0.000	0.000
952	  P	  0.1	  1.6	0.000	0.000	0.000
953	  G	  0.0	  1.6	0.000	0.000	0.000
954	  H	  0.4	  1.7	0.000	0.000	0.000
955	  Q	  0.6	  0.2	0.000	0.000	0.000
956	  K	  1.5	  0.1	0.000	0.000	0.000
957	  R	  2.9	  0.1	0.000	0.000	0.000
958	  I	  4.6	  0.0	0.000	2.375	2.375
959	  A	  4.1	  0.0	0.000	2.927	2.927
960	  Y	  5.5	  0.1	0.000	3.951	3.951
961	  S	  3.9	  0.1	0.228	4.248	4.248
962	  L	  3.5	  0.1	0.228	4.248	4.248
963	  L	  0.4	  0.1	0.228	4.076	4.076
964	  G	  0.2	  0.0	0.228	2.900	2.900
965	  L	  0.3	  0.2	0.228	2.900	2.900
966	  K	  0.3	  0.3	0.228	0.000	0.000
967	  D	  0.3	  0.2	0.000	0.000	0.000
968	  Q	  0.7	  0.3	0.000	0.000	0.000
969	  V	  2.0	  0.1	0.000	0.000	0.000
970	  N	  2.9	  0.0	0.000	0.000	0.000
971	  T	  2.9	  0.0	0.000	0.000	0.000
972	  V	  2.3	  0.0	0.000	0.000	0.000
973	  G	  1.3	  0.0	0.000	0.000	0.000
974	  I	  0.8	  0.0	0.000	0.000	0.000
975	  P	  0.1	  0.0	0.000	0.000	0.000
976	  I	  0.0	  0.0	0.000	0.000	0.000
