res	aa	Beta	Turn	Helix	Aggregation	Conc-Stab_Aggregation
01	  M	  1.0	  0.0	0.000	0.000	0.000
02	  T	  1.3	  1.1	0.000	0.000	0.000
03	  A	  1.3	  2.2	0.000	0.000	0.000
04	  N	  0.3	  2.3	0.000	0.000	0.000
05	  G	  0.1	  2.3	0.000	0.000	0.000
06	  T	  0.5	  1.2	0.378	0.000	0.000
07	  A	  0.5	  0.1	0.378	0.000	0.000
08	  E	  0.4	  0.0	0.378	0.000	0.000
09	  A	  0.5	  0.0	0.378	0.233	0.233
10	  V	  4.5	  0.0	0.378	0.508	0.508
11	  Q	  5.2	  0.0	0.378	0.508	0.508
12	  I	  6.1	  0.0	0.168	2.305	2.305
13	  Q	  2.4	  0.0	0.168	2.455	2.455
14	  F	  1.8	  0.1	0.000	2.604	2.604
15	  G	  0.4	  0.1	0.000	2.604	2.604
16	  L	  0.8	  0.1	0.000	2.604	2.604
17	  I	  5.1	  0.1	0.000	2.442	2.442
18	  N	  5.1	  0.0	0.125	0.149	0.149
19	  C	  4.6	  0.5	0.125	0.000	0.000
20	  G	  0.1	  0.6	0.125	0.000	0.000
21	  N	  0.2	  0.6	0.125	0.000	0.000
22	  K	  0.4	  0.6	0.125	0.000	0.000
23	  Y	  0.9	  0.0	0.125	0.000	0.000
24	  L	  1.5	  0.0	0.125	0.000	0.000
25	  T	  1.6	  0.0	0.582	0.000	0.000
26	  A	  1.2	  0.0	0.582	0.000	0.000
27	  E	  0.5	  0.0	0.582	0.000	0.000
28	  A	  0.2	  0.2	0.582	0.000	0.000
29	  F	  0.4	  0.2	0.582	0.000	0.000
30	  G	  0.4	  0.2	0.582	0.000	0.000
31	  F	  2.9	  0.2	0.378	0.000	0.000
32	  K	  4.4	  0.0	0.000	0.000	0.000
33	  V	  5.2	  0.0	0.000	0.000	0.000
34	  N	  2.7	  1.5	0.000	0.000	0.000
35	  A	  1.1	  1.5	0.000	0.000	0.000
36	  S	  3.3	  2.5	0.480	0.000	0.000
37	  A	  3.4	  2.6	0.480	0.000	0.000
38	  S	  3.3	  1.2	0.799	0.000	0.000
39	  S	  0.8	  1.2	1.156	0.000	0.000
40	  L	  0.7	  0.2	1.156	0.000	0.000
41	  K	  0.7	  0.1	1.156	0.000	0.000
42	  K	  0.2	  0.1	0.914	0.000	0.000
43	  K	  0.4	  0.1	0.677	0.000	0.000
44	  Q	  1.5	  0.1	0.358	0.366	0.366
45	  I	  2.5	  0.0	0.000	0.366	0.366
46	  W	  5.0	  0.0	0.000	0.366	0.366
47	  T	  5.0	  0.0	0.000	0.366	0.366
48	  L	  4.0	  0.0	0.000	0.366	0.366
49	  E	  1.2	  0.0	0.000	0.000	0.000
50	  Q	  0.1	  0.0	0.000	0.000	0.000
51	  P	  0.0	  1.0	0.000	0.000	0.000
52	  P	  0.0	  1.1	0.000	0.000	0.000
53	  D	  0.0	  1.4	0.000	0.000	0.000
54	  E	  0.0	  1.6	0.000	0.000	0.000
55	  A	  0.0	  0.9	0.000	0.000	0.000
56	  G	  0.1	  0.9	0.263	0.000	0.000
57	  S	  0.2	  0.6	0.624	0.000	0.000
58	  A	  0.4	  0.3	0.624	0.209	0.209
59	  A	  0.4	  0.0	0.624	0.209	0.209
60	  V	  2.2	  0.0	0.624	0.209	0.209
61	  C	  3.7	  0.0	0.624	0.209	0.209
62	  L	  4.1	  0.1	0.487	0.209	0.209
63	  R	  2.8	  0.1	0.487	0.000	0.000
64	  S	  1.2	  0.2	0.159	0.000	0.000
65	  H	  0.8	  0.5	0.000	0.000	0.000
66	  L	  0.3	  1.0	0.000	0.000	0.000
67	  G	  0.2	  0.9	0.285	0.000	0.000
68	  R	  0.7	  0.9	0.285	0.000	0.000
69	  Y	  1.3	  0.6	0.285	0.000	0.000
70	  L	  1.3	  0.0	0.285	0.000	0.000
71	  A	  0.7	  0.3	0.285	0.000	0.000
72	  A	  0.1	  0.4	0.285	0.000	0.000
73	  D	  0.0	  9.5	0.119	0.000	0.000
74	  K	  0.0	  9.6	0.000	0.000	0.000
75	  D	  0.0	  9.4	0.000	0.000	0.000
76	  G	  0.0	  9.3	0.000	0.000	0.000
77	  N	  1.8	  0.3	0.000	0.000	0.000
78	  V	  8.5	  0.1	0.000	0.000	0.000
79	  T	 12.7	  0.0	0.000	0.000	0.000
80	  C	 12.5	  0.1	0.000	0.000	0.000
81	  E	  6.1	  0.1	0.000	0.000	0.000
82	  R	  2.0	  0.1	0.000	0.000	0.000
83	  E	  0.6	  0.1	0.000	0.000	0.000
84	  V	  0.5	  0.0	0.000	0.000	0.000
85	  P	  0.2	  0.1	0.000	0.000	0.000
86	  G	  0.0	  2.2	0.000	0.000	0.000
87	  P	  0.0	  2.2	0.000	0.000	0.000
88	  D	  0.8	  2.2	0.000	0.000	0.000
89	  C	  1.5	  2.1	0.000	0.000	0.000
90	  R	  2.0	  0.0	0.000	0.000	0.000
91	  F	  2.1	  0.0	0.000	91.969	91.969
92	  L	  2.8	  0.0	0.000	91.991	91.991
93	  I	  6.9	  0.0	0.000	91.991	91.991
94	  V	  7.9	  0.0	0.000	91.991	91.991
95	  A	  6.5	  0.1	0.000	91.991	91.991
96	  H	  2.0	  1.2	0.000	0.270	0.270
97	  D	  0.1	  2.1	0.000	0.000	0.000
98	  D	  0.0	  2.2	0.000	0.000	0.000
99	  G	  0.0	  2.1	0.000	0.000	0.000
100	  R	  0.8	  0.9	0.000	0.000	0.000
101	  W	  2.6	  0.0	0.000	0.000	0.000
102	  S	  3.2	  0.0	0.149	0.000	0.000
103	  L	  2.7	  0.1	0.149	0.000	0.000
104	  Q	  1.0	  0.1	0.149	0.000	0.000
105	  S	  0.4	  0.2	4.465	0.000	0.000
106	  E	  0.6	  0.2	4.617	0.000	0.000
107	  A	  0.7	  0.1	4.617	0.000	0.000
108	  H	  1.2	  0.2	4.617	0.000	0.000
109	  R	  1.6	  0.1	4.617	0.000	0.000
110	  R	  2.7	  0.1	4.617	0.000	0.000
111	  Y	  3.1	  0.1	3.546	0.000	0.000
112	  F	  2.3	  0.8	0.996	0.000	0.000
113	  G	  1.1	  0.9	0.221	0.000	0.000
114	  G	  0.1	  0.9	0.000	0.000	0.000
115	  T	  0.1	  1.3	0.000	0.000	0.000
116	  E	  0.1	  0.5	0.000	0.000	0.000
117	  D	  0.0	  0.4	0.244	0.000	0.000
118	  R	  0.4	  0.4	0.244	0.000	0.000
119	  L	  6.2	  0.2	0.244	0.240	0.240
120	  S	  8.7	  0.1	0.244	0.240	0.240
121	  C	 12.7	  0.1	0.244	0.240	0.240
122	  F	  7.4	  0.1	0.244	0.406	0.406
123	  A	  4.9	  0.0	0.090	0.406	0.406
124	  Q	  0.7	  0.0	0.090	0.166	0.166
125	  T	 27.3	  0.0	0.000	0.166	0.166
126	  V	 27.6	  0.0	0.000	0.166	0.166
127	  S	 27.3	  0.1	1.443	0.000	0.000
128	  P	  0.3	  0.1	1.443	0.000	0.000
129	  A	  0.0	  0.1	1.443	0.000	0.000
130	  E	  0.2	  0.1	1.443	0.000	0.000
131	  K	  0.6	  0.0	1.443	0.000	0.000
132	  W	  3.1	  0.0	1.443	0.000	0.000
133	  S	  4.5	  0.0	0.565	0.000	0.000
134	  V	 14.3	  0.0	0.079	0.000	0.000
135	  H	 16.0	  0.0	0.079	0.000	0.000
136	  I	 17.0	  0.0	0.000	0.000	0.000
137	  A	  7.4	  0.0	0.000	0.000	0.000
138	  M	  3.2	  0.0	0.000	0.000	0.000
139	  H	  0.7	  0.3	0.000	0.000	0.000
140	  P	  0.1	  0.3	0.000	0.000	0.000
141	  Q	  0.5	  0.3	0.000	0.000	0.000
142	  V	  7.0	  0.3	0.000	0.714	0.714
143	  N	  8.9	  0.0	0.171	0.714	0.714
144	  I	  9.4	  0.0	0.171	0.988	0.988
145	  Y	  7.9	  0.0	0.171	0.988	0.988
146	  S	  9.0	  0.0	0.518	0.988	0.988
147	  V	  9.7	  0.0	0.518	0.853	0.853
148	  T	  6.2	  0.0	0.518	0.274	0.274
149	  R	  2.9	  0.1	0.518	0.000	0.000
150	  K	  1.5	  0.1	0.518	0.000	0.000
151	  R	  0.8	  0.1	0.347	0.000	0.000
152	  Y	  1.1	  0.2	0.190	0.000	0.000
153	  A	  1.2	  0.2	0.000	0.000	0.000
154	  H	  1.6	  0.2	0.000	0.000	0.000
155	  L	  1.7	  0.2	0.000	0.000	0.000
156	  S	  3.0	  0.0	0.000	0.000	0.000
157	  A	  2.3	  0.0	0.000	0.000	0.000
158	  R	  1.6	  0.0	0.000	0.000	0.000
159	  P	  0.0	  0.4	0.000	0.000	0.000
160	  A	  0.0	  0.4	0.000	0.000	0.000
161	  D	  0.0	  0.4	0.182	0.000	0.000
162	  E	  0.8	  0.4	0.182	0.000	0.000
163	  I	  4.5	  0.0	0.182	0.000	0.000
164	  A	  4.8	  0.0	0.182	0.000	0.000
165	  V	  4.2	  0.0	0.182	0.000	0.000
166	  D	  0.5	  1.0	0.182	0.000	0.000
167	  R	  0.6	  1.0	0.000	0.000	0.000
168	  D	  0.5	  1.0	0.000	0.000	0.000
169	  V	  0.5	  1.2	0.000	0.000	0.000
170	  P	  0.1	  0.4	0.000	0.000	0.000
171	  W	  0.1	  0.4	0.000	0.000	0.000
172	  G	  0.2	  0.4	0.000	0.000	0.000
173	  V	  1.2	  0.2	0.000	0.000	0.000
174	  D	  1.1	  0.1	0.000	0.000	0.000
175	  S	  1.3	  0.1	1.877	2.345	2.345
176	  L	  0.7	  0.1	1.877	18.406	18.406
177	  I	 11.0	  0.0	1.877	25.038	25.038
178	  T	 11.1	  0.0	1.877	25.038	25.038
179	  L	 11.0	  0.0	1.877	25.038	25.038
180	  A	  1.1	  0.0	1.877	24.621	24.621
181	  F	  1.9	  0.2	1.116	21.425	21.425
182	  Q	  1.8	  0.2	0.153	0.748	0.748
183	  D	  1.6	  0.2	0.000	0.000	0.000
184	  Q	  1.1	  0.2	0.000	0.000	0.000
185	  R	  2.0	  0.1	0.000	0.000	0.000
186	  Y	  7.0	  0.1	0.000	0.000	0.000
187	  S	  7.5	  0.0	0.157	0.000	0.000
188	  V	  6.9	  0.0	0.157	0.000	0.000
189	  Q	  1.9	  0.0	0.157	0.000	0.000
190	  T	  0.7	  0.4	0.322	0.000	0.000
191	  A	  0.3	  0.5	0.322	0.000	0.000
192	  D	  0.4	  0.5	0.322	0.000	0.000
193	  H	  0.9	  0.4	0.165	0.000	0.000
194	  R	  1.5	  0.1	0.165	0.000	0.000
195	  F	  2.5	  0.0	0.165	0.000	0.000
196	  L	  2.5	  0.1	0.000	0.000	0.000
197	  R	  2.9	  0.4	0.000	0.000	0.000
198	  H	  1.9	  1.1	0.000	0.000	0.000
199	  D	  1.1	  1.1	0.000	0.000	0.000
200	  G	  0.0	  1.1	0.000	0.000	0.000
201	  R	  0.6	  0.8	0.000	0.000	0.000
202	  L	  1.6	  0.1	0.000	0.000	0.000
203	  V	  3.8	  0.0	0.000	0.000	0.000
204	  A	  3.2	  0.0	0.000	0.000	0.000
205	  R	  2.3	  0.0	0.000	0.000	0.000
206	  P	  0.0	  0.0	0.000	0.000	0.000
207	  E	  0.0	  0.0	0.000	0.000	0.000
208	  P	  0.0	  0.4	0.000	0.000	0.000
209	  A	  0.1	  0.5	0.000	0.000	0.000
210	  T	  0.1	  0.5	0.000	0.000	0.000
211	  G	  0.3	  0.5	0.000	0.000	0.000
212	  Y	  5.0	  0.1	0.000	0.000	0.000
213	  T	  6.0	  0.0	0.441	0.000	0.000
214	  L	  6.5	  0.0	0.441	0.000	0.000
215	  E	  2.5	  0.0	0.441	0.000	0.000
216	  F	  3.3	  0.3	0.441	0.000	0.000
217	  R	  2.7	  0.6	0.441	0.000	0.000
218	  S	  2.0	  0.7	0.441	0.000	0.000
219	  G	  0.2	  0.7	0.207	0.000	0.000
220	  K	  2.2	  0.4	0.000	0.000	0.000
221	  V	  4.0	  0.1	0.000	0.000	0.000
222	  A	  4.4	  0.0	0.000	0.000	0.000
223	  F	  3.0	  0.3	0.000	0.000	0.000
224	  R	  1.2	  0.4	0.000	0.000	0.000
225	  D	  1.9	  0.5	0.000	0.000	0.000
226	  C	  1.3	  1.6	0.000	0.000	0.000
227	  E	  1.3	  1.7	0.000	0.000	0.000
228	  G	  0.2	  1.7	0.000	0.000	0.000
229	  R	  0.6	  1.6	0.000	0.000	0.000
230	  Y	  2.2	  0.5	0.000	0.000	0.000
231	  L	  2.2	  0.0	0.000	0.000	0.000
232	  A	  1.6	  1.3	0.000	0.000	0.000
233	  P	  0.0	  1.3	0.000	0.000	0.000
234	  S	  0.0	  1.5	0.000	0.000	0.000
235	  G	  0.0	  3.2	0.000	0.000	0.000
236	  P	  0.0	  2.1	0.000	0.000	0.000
237	  S	  0.1	  2.4	0.000	0.000	0.000
238	  G	  0.1	  2.3	0.132	0.000	0.000
239	  T	  3.3	  0.5	0.377	0.000	0.000
240	  L	  3.5	  0.4	0.377	0.000	0.000
241	  K	  3.6	  0.5	0.377	0.000	0.000
242	  A	  0.4	  0.6	0.377	0.000	0.000
243	  G	  0.1	  0.6	0.595	0.000	0.000
244	  K	  0.6	  0.5	0.463	0.000	0.000
245	  A	  0.9	  0.1	0.218	0.000	0.000
246	  T	  2.7	  0.0	0.218	0.000	0.000
247	  K	  2.6	  0.2	0.218	0.000	0.000
248	  V	  2.4	  0.4	0.218	0.000	0.000
249	  G	  0.5	  0.7	0.218	0.000	0.000
250	  K	  0.1	  0.7	0.000	0.000	0.000
251	  D	  0.1	  0.6	0.490	0.000	0.000
252	  E	  0.2	  0.4	0.490	0.000	0.000
253	  L	  0.5	  0.1	0.490	0.000	0.000
254	  F	  1.3	  0.1	0.490	0.000	0.000
255	  A	  1.2	  0.0	0.490	0.000	0.000
256	  L	  0.9	  0.1	0.490	0.000	0.000
257	  E	  0.2	  0.1	0.490	0.000	0.000
258	  Q	  0.7	  0.2	0.359	0.000	0.000
259	  S	  1.6	  0.2	0.142	0.000	0.000
260	  C	  2.5	  0.2	0.000	0.303	0.303
261	  A	  2.0	  0.2	0.000	1.743	1.743
262	  Q	  1.7	  0.1	0.000	1.743	1.743
263	  V	  8.7	  0.1	0.000	3.911	3.911
264	  V	 10.9	  0.0	0.000	3.911	3.911
265	  L	 10.6	  0.0	0.000	3.911	3.911
266	  Q	  2.9	  0.0	0.000	2.168	2.168
267	  A	  0.4	  0.3	0.000	2.168	2.168
268	  A	  0.1	  0.3	0.000	0.618	0.618
269	  N	  0.1	  0.4	0.163	0.139	0.139
270	  E	  0.3	  0.5	0.163	0.000	0.000
271	  R	  0.6	  0.3	0.163	0.000	0.000
272	  N	  2.1	  0.4	0.333	0.000	0.000
273	  V	  2.8	  0.3	0.333	0.000	0.000
274	  S	  3.2	  0.2	0.333	0.000	0.000
275	  T	  3.2	  0.4	0.170	0.000	0.000
276	  R	  2.3	  0.5	0.170	0.000	0.000
277	  Q	  1.6	  0.4	0.170	0.000	0.000
278	  G	  0.1	  0.6	0.000	0.000	0.000
279	  M	  1.3	  0.5	0.000	0.000	0.000
280	  D	  1.5	  0.9	0.000	0.000	0.000
281	  L	  2.0	  0.9	0.000	0.000	0.000
282	  S	  1.3	  2.5	0.000	0.000	0.000
283	  A	  1.2	  2.5	0.000	0.000	0.000
284	  N	  0.6	  3.5	0.000	0.000	0.000
285	  Q	  0.2	  3.5	0.000	0.000	0.000
286	  D	  0.2	  1.8	0.109	0.000	0.000
287	  E	  0.1	  1.8	0.109	0.000	0.000
288	  E	  0.1	  0.3	0.109	0.000	0.000
289	  T	  0.4	  0.3	0.109	0.000	0.000
290	  D	  0.5	  0.2	1.003	0.000	0.000
291	  Q	  0.4	  0.2	1.003	0.000	0.000
292	  E	  0.3	  0.2	0.894	0.000	0.000
293	  T	 19.5	  0.1	1.053	0.000	0.000
294	  F	 22.2	  0.1	1.053	0.000	0.000
295	  Q	 23.1	  0.0	1.053	0.000	0.000
296	  L	  5.7	  0.0	0.850	0.000	0.000
297	  E	  4.5	  0.0	0.850	0.000	0.000
298	  I	  3.7	  0.0	0.756	0.000	0.000
299	  D	  2.7	  1.7	6.342	0.000	0.000
300	  R	  0.5	  1.8	6.094	0.000	0.000
301	  D	  0.3	  1.8	6.151	0.000	0.000
302	  T	  1.3	  1.9	5.978	0.000	0.000
303	  K	  1.4	  0.2	5.978	0.000	0.000
304	  K	  1.9	  0.2	5.978	0.000	0.000
305	  C	  1.3	  0.1	3.574	0.000	0.000
306	  A	  1.5	  0.0	3.039	0.000	0.000
307	  F	  1.3	  0.1	2.680	0.000	0.000
308	  R	  1.2	  0.1	0.610	0.000	0.000
309	  T	  3.7	  0.1	0.000	0.000	0.000
310	  H	  3.4	  0.5	0.000	0.000	0.000
311	  T	  3.1	  0.6	0.000	0.000	0.000
312	  G	  0.3	  0.6	0.000	0.000	0.000
313	  K	  0.4	  0.6	0.000	0.000	0.000
314	  Y	  1.1	  0.2	0.000	3.100	3.100
315	  W	  3.9	  0.0	0.000	3.255	3.255
316	  T	  6.5	  0.0	0.000	3.255	3.255
317	  L	  6.5	  0.0	0.000	3.255	3.255
318	  T	  4.9	  0.3	0.000	3.255	3.255
319	  A	  2.0	  0.4	0.000	1.936	1.936
320	  T	  1.3	  0.9	0.000	0.664	0.664
321	  G	  0.1	  0.9	0.000	0.000	0.000
322	  G	  0.0	  0.5	0.000	0.000	0.000
323	  V	  1.2	  0.5	0.000	0.000	0.000
324	  Q	  1.4	  0.1	0.000	0.000	0.000
325	  S	  1.5	  0.1	0.000	0.000	0.000
326	  T	  3.2	  0.3	0.000	0.000	0.000
327	  A	  3.1	  0.4	0.000	0.000	0.000
328	  S	  3.2	  0.4	0.000	0.000	0.000
329	  S	  0.9	  2.0	0.000	0.000	0.000
330	  K	  0.8	  1.8	0.000	0.000	0.000
331	  N	  0.7	  3.9	0.000	0.000	0.000
332	  A	  0.6	  3.8	0.000	0.145	0.145
333	  S	  3.0	  2.2	0.000	0.145	0.145
334	  C	  3.9	  2.2	0.000	0.145	0.145
335	  Y	  5.0	  0.1	0.000	0.145	0.145
336	  F	  5.7	  0.1	0.000	0.145	0.145
337	  D	  6.3	  0.1	0.146	0.000	0.000
338	  I	  7.1	  0.1	0.146	0.000	0.000
339	  E	  4.5	  0.0	0.146	0.000	0.000
340	  W	  3.2	  0.2	0.146	0.000	0.000
341	  R	  0.9	  0.2	0.146	0.000	0.000
342	  D	  0.4	  0.2	0.271	0.000	0.000
343	  R	  1.6	  0.2	0.271	0.000	0.000
344	  R	  7.4	  0.1	0.271	0.000	0.000
345	  I	 17.5	  0.0	0.125	0.000	0.000
346	  T	 17.9	  0.0	0.125	0.000	0.000
347	  L	 12.6	  0.0	0.125	0.000	0.000
348	  R	  2.9	  0.2	0.125	0.000	0.000
349	  A	  0.5	  0.8	0.000	0.000	0.000
350	  S	  0.1	  3.8	0.000	0.000	0.000
351	  N	  0.0	  3.9	0.000	0.000	0.000
352	  G	  0.0	  3.8	0.000	0.000	0.000
353	  K	  0.5	  3.1	0.000	0.000	0.000
354	  F	  1.4	  0.1	0.000	0.000	0.000
355	  V	  4.0	  0.0	0.000	0.000	0.000
356	  T	  4.8	  0.1	0.000	0.000	0.000
357	  S	  4.1	  0.2	0.000	0.000	0.000
358	  K	  1.5	  0.7	0.000	0.000	0.000
359	  K	  0.2	  6.1	0.000	0.000	0.000
360	  N	  0.1	  6.1	0.000	0.000	0.000
361	  G	  0.0	  6.0	0.142	0.000	0.000
362	  Q	  0.1	  5.5	0.142	0.000	0.000
363	  L	  0.2	  0.1	0.142	0.125	0.125
364	  A	  0.3	  0.2	0.142	0.125	0.125
365	  A	  0.7	  0.1	0.142	0.125	0.125
366	  S	  4.6	  0.1	0.345	0.125	0.125
367	  V	  5.1	  0.2	0.203	0.125	0.125
368	  E	  4.7	  0.1	0.203	0.000	0.000
369	  T	  0.8	  0.4	0.203	0.000	0.000
370	  A	  0.1	  1.6	0.203	0.000	0.000
371	  G	  0.1	  1.6	1.323	0.000	0.000
372	  D	  0.0	  1.7	2.591	0.000	0.000
373	  S	  0.1	  1.4	6.610	1.097	1.097
374	  E	  0.2	  0.2	7.208	10.405	10.405
375	  L	  0.9	  0.2	7.571	10.405	10.405
376	  F	  1.6	  0.1	8.174	10.405	10.405
377	  L	  1.7	  0.0	8.174	10.405	10.405
378	  M	  2.6	  0.0	8.174	10.405	10.405
379	  K	  2.3	  0.0	7.699	10.405	10.405
380	  L	  2.6	  0.0	6.907	10.405	10.405
381	  I	  2.2	  0.0	6.767	10.296	10.296
382	  N	  1.7	  0.0	6.767	0.340	0.340
383	  R	  1.2	  0.0	2.539	0.000	0.000
384	  P	  0.0	  0.0	0.000	1.644	1.644
385	  I	  7.4	  0.0	0.000	1.644	1.644
386	  I	 12.3	  0.0	0.000	1.644	1.644
387	  V	 14.5	  0.0	0.000	1.644	1.644
388	  F	  8.5	  0.2	0.000	1.644	1.644
389	  R	  3.5	  0.2	0.000	0.000	0.000
390	  G	  1.3	  0.5	0.000	0.000	0.000
391	  E	  0.1	  0.6	0.000	0.000	0.000
392	  H	  0.1	  0.5	0.000	0.000	0.000
393	  G	  0.2	  0.4	0.000	0.000	0.000
394	  F	  0.6	  0.3	0.000	0.000	0.000
395	  I	  0.6	  0.7	0.000	0.000	0.000
396	  G	  0.6	  0.7	0.000	0.000	0.000
397	  C	  1.6	  0.8	0.000	0.000	0.000
398	  R	  2.1	  0.6	0.000	0.000	0.000
399	  K	  7.6	  0.1	0.000	0.000	0.000
400	  V	  6.9	  0.1	0.000	0.125	0.125
401	  T	  6.3	  0.2	0.000	0.125	0.125
402	  G	  0.8	  0.2	0.000	0.125	0.125
403	  T	  1.5	  0.3	0.114	0.125	0.125
404	  L	  1.6	  0.3	0.114	0.125	0.125
405	  D	  1.6	  3.6	0.228	0.000	0.000
406	  A	  0.2	  3.6	0.228	0.000	0.000
407	  N	  0.0	  4.2	0.228	0.000	0.000
408	  R	  0.2	  4.3	0.228	0.000	0.000
409	  S	  0.5	  0.8	0.431	0.000	0.000
410	  S	  7.3	  1.1	0.431	0.000	0.000
411	  Y	 10.4	  0.4	0.317	0.000	0.000
412	  D	 12.2	  0.3	0.566	0.000	0.000
413	  V	  9.4	  0.3	0.566	0.000	0.000
414	  F	  8.8	  0.0	0.566	0.000	0.000
415	  Q	  7.9	  0.0	0.462	0.000	0.000
416	  L	  5.0	  0.0	0.462	0.000	0.000
417	  E	  4.3	  0.0	0.462	0.000	0.000
418	  F	  3.4	  0.2	0.462	0.000	0.000
419	  N	  2.7	  0.7	0.462	0.000	0.000
420	  D	  0.4	  0.8	0.000	0.000	0.000
421	  G	  0.0	  0.8	0.000	0.000	0.000
422	  A	  0.3	  0.6	0.000	0.000	0.000
423	  Y	  5.3	  0.1	0.000	0.000	0.000
424	  N	  7.3	  0.0	0.000	0.000	0.000
425	  I	  7.3	  0.1	0.000	0.000	0.000
426	  K	  2.4	  0.2	0.000	0.000	0.000
427	  D	  0.3	  0.8	0.000	0.000	0.000
428	  S	  0.2	  1.1	0.000	0.000	0.000
429	  T	  0.2	  1.2	0.000	0.000	0.000
430	  G	  0.2	  1.1	0.000	0.000	0.000
431	  K	  0.4	  0.5	0.000	0.000	0.000
432	  Y	  1.1	  0.2	0.000	3.545	3.545
433	  W	  7.6	  0.0	0.000	3.545	3.545
434	  T	  7.9	  0.2	0.000	3.545	3.545
435	  V	  7.2	  0.8	0.000	3.545	3.545
436	  G	  0.7	  1.1	0.000	3.545	3.545
437	  S	  0.2	  1.7	0.000	0.390	0.390
438	  D	  0.1	  1.5	0.000	0.000	0.000
439	  S	  0.4	  0.9	0.263	0.000	0.000
440	  A	  0.7	  0.6	0.263	0.000	0.000
441	  V	  3.5	  0.0	0.263	0.000	0.000
442	  T	  4.5	  0.4	0.263	0.000	0.000
443	  S	  4.1	  0.8	0.263	0.000	0.000
444	  S	  1.5	  5.2	0.263	0.000	0.000
445	  G	  0.1	  5.2	0.000	0.000	0.000
446	  D	  0.1	  4.8	0.000	0.000	0.000
447	  T	  0.1	  4.4	0.000	0.000	0.000
448	  P	  0.0	  0.0	0.000	0.000	0.000
449	  V	  1.9	  0.0	0.000	0.000	0.000
450	  D	  2.9	  0.0	0.000	0.000	0.000
451	  F	  4.3	  0.0	0.000	0.000	0.000
452	  F	  4.7	  0.0	0.000	0.000	0.000
453	  F	  7.7	  0.0	0.000	0.000	0.000
454	  E	  7.0	  0.0	0.000	0.000	0.000
455	  F	  6.2	  0.1	0.000	0.000	0.000
456	  C	  2.6	  0.1	0.117	0.000	0.000
457	  D	  2.3	  0.8	0.362	0.000	0.000
458	  Y	  1.5	  0.8	0.362	0.000	0.000
459	  N	  1.2	  0.7	0.959	0.000	0.000
460	  K	  2.7	  0.7	0.959	0.000	0.000
461	  V	  5.1	  0.0	0.959	0.000	0.000
462	  A	  5.5	  0.0	0.959	0.000	0.000
463	  I	 11.0	  0.0	0.856	0.000	0.000
464	  K	  8.3	  0.0	0.856	0.000	0.000
465	  V	  7.9	  2.0	0.138	0.000	0.000
466	  G	  0.5	  2.2	0.138	0.000	0.000
467	  G	  0.1	  2.2	0.000	0.000	0.000
468	  R	  0.6	  2.2	0.000	0.000	0.000
469	  Y	  1.5	  0.2	0.000	0.000	0.000
470	  L	  1.5	  0.3	0.000	0.000	0.000
471	  K	  0.9	  2.1	0.000	0.000	0.000
472	  G	  0.1	  2.1	0.000	0.000	0.000
473	  D	  0.0	  2.2	0.000	0.000	0.000
474	  H	  0.1	  2.4	0.000	0.000	0.000
475	  A	  0.1	  0.7	0.000	0.000	0.000
476	  G	  0.1	  0.7	0.000	0.000	0.000
477	  V	  1.3	  0.6	0.000	0.000	0.000
478	  L	  1.6	  0.0	0.000	0.000	0.000
479	  K	  1.7	  0.2	0.000	0.000	0.000
480	  A	  0.7	  0.2	0.000	0.000	0.000
481	  S	  0.7	  0.2	0.122	0.000	0.000
482	  A	  0.5	  0.2	0.122	0.000	0.000
483	  E	  0.4	  0.1	0.122	0.000	0.000
484	  T	  9.0	  0.1	0.122	0.000	0.000
485	  V	  9.2	  0.1	0.122	0.000	0.000
486	  D	  9.1	  0.2	0.657	0.000	0.000
487	  P	  0.2	  0.4	0.535	0.000	0.000
488	  A	  0.4	  0.4	0.535	0.000	0.000
489	  S	  0.7	  0.4	0.535	0.000	0.000
490	  L	  0.8	  0.2	0.535	0.000	0.000
491	  W	  2.3	  0.0	0.535	0.000	0.000
492	  E	  2.1	  0.0	0.215	0.000	0.000
493	  Y	  2.0	  0.0	0.000	0.000	0.000
