res	aa	Beta	Turn	Helix	Aggregation	Conc-Stab_Aggregation
01	  M	  0.3	  0.0	0.000	0.000	0.000
02	  E	  0.3	  0.0	0.000	0.000	0.000
03	  S	  0.4	  3.1	0.000	0.000	0.000
04	  P	  0.1	  3.1	0.000	0.000	0.000
05	  S	  0.0	  3.1	0.000	0.000	0.000
06	  A	  0.0	  3.1	0.000	0.000	0.000
07	  P	  0.0	  0.3	0.000	0.000	0.000
08	  P	  0.0	  0.3	0.000	0.000	0.000
09	  H	  0.7	  0.3	0.000	0.000	0.000
10	  R	  0.8	  0.3	0.000	0.000	0.000
11	  W	  4.6	  0.0	0.000	0.000	0.000
12	  C	  4.3	  0.0	0.000	0.000	0.000
13	  I	  4.3	  0.0	0.000	0.000	0.000
14	  P	  0.4	  0.0	0.141	0.000	0.000
15	  W	  1.3	  0.1	0.141	0.000	0.000
16	  Q	  1.5	  0.1	0.141	0.000	0.000
17	  R	  1.9	  0.1	0.141	0.000	0.000
18	  L	  1.6	  0.1	0.141	51.679	51.679
19	  L	  1.6	  0.0	0.141	61.072	61.072
20	  L	  1.9	  0.0	0.141	65.762	65.762
21	  T	  3.8	  0.2	0.200	66.586	66.586
22	  A	  4.0	  0.2	0.200	67.972	67.972
23	  S	  3.4	  0.2	0.683	69.257	69.257
24	  L	  0.8	  0.2	0.683	79.853	79.853
25	  L	  4.2	  0.0	0.683	79.569	79.569
26	  T	  9.7	  0.0	0.683	77.901	77.901
27	  F	 11.6	  0.0	0.683	76.908	76.908
28	  W	  7.8	  0.0	0.484	63.991	63.991
29	  N	  2.3	  0.0	0.240	0.000	0.000
30	  P	  0.0	  0.2	0.000	0.000	0.000
31	  P	  0.0	  0.2	0.000	0.000	0.000
32	  T	  0.7	  0.3	0.000	0.000	0.000
33	  T	  1.9	  0.3	0.000	0.000	0.000
34	  A	  2.2	  0.1	0.000	0.000	0.000
35	  K	  3.4	  0.0	0.000	0.000	0.000
36	  L	  6.0	  0.0	0.000	0.000	0.000
37	  T	  9.8	  0.0	0.000	0.000	0.000
38	  I	  8.5	  0.0	0.000	0.000	0.000
39	  E	  5.0	  0.0	0.000	0.000	0.000
40	  S	  0.8	  0.0	0.000	0.000	0.000
41	  T	  0.3	  0.2	0.000	0.000	0.000
42	  P	  0.1	  0.1	0.000	0.000	0.000
43	  F	  5.6	  0.1	0.000	0.000	0.000
44	  N	  5.9	  0.1	0.212	0.000	0.000
45	  V	  6.6	  0.0	0.212	0.000	0.000
46	  A	  1.1	  0.6	0.212	0.000	0.000
47	  E	  0.7	  0.7	0.212	0.000	0.000
48	  G	  0.0	  0.8	1.189	0.000	0.000
49	  K	  0.5	  0.8	1.189	0.033	0.033
50	  E	  1.0	  0.2	0.976	0.033	0.033
51	  V	  4.9	  0.1	0.976	97.353	97.353
52	  L	  5.3	  0.0	0.976	97.361	97.361
53	  L	  5.6	  0.0	0.976	97.361	97.361
54	  L	  2.9	  0.0	0.976	97.361	97.361
55	  V	  3.5	  0.0	0.746	97.361	97.361
56	  H	  3.2	  0.0	0.746	0.751	0.751
57	  N	  2.2	  0.0	0.149	0.028	0.028
58	  L	  0.6	  0.2	0.149	0.000	0.000
59	  P	  0.0	  0.2	0.000	0.000	0.000
60	  Q	  0.4	  0.3	0.000	0.000	0.000
61	  H	  0.9	  0.3	0.000	0.000	0.000
62	  L	  1.0	  0.3	0.000	3.621	3.621
63	  F	  0.9	  0.3	0.000	4.181	4.181
64	  G	  0.4	  0.3	0.000	4.181	4.181
65	  Y	  5.9	  0.3	0.000	4.181	4.181
66	  S	  6.4	  0.0	0.000	4.181	4.181
67	  W	  7.1	  0.0	0.000	4.047	4.047
68	  Y	  1.9	  0.7	0.000	3.615	3.615
69	  K	  1.1	  0.7	0.000	0.000	0.000
70	  G	  0.4	  0.8	0.000	0.000	0.000
71	  E	  0.1	  0.8	0.000	0.000	0.000
72	  R	  5.7	  0.4	0.000	0.000	0.000
73	  V	  5.9	  0.6	0.000	0.000	0.000
74	  D	  5.8	  1.3	0.000	0.000	0.000
75	  G	  0.2	  1.3	0.000	0.000	0.000
76	  N	  0.0	  1.1	0.130	0.000	0.000
77	  R	  1.2	  0.9	0.130	0.000	0.000
78	  Q	  1.8	  0.1	0.130	1.890	1.890
79	  I	  3.9	  0.0	0.130	50.288	50.288
80	  I	  2.8	  0.0	0.130	61.542	61.542
81	  G	  2.3	  0.0	0.130	61.624	61.624
82	  Y	  2.5	  0.0	0.130	62.159	62.159
83	  V	  3.3	  0.0	0.000	62.159	62.159
84	  I	  3.4	  0.2	0.000	58.438	58.438
85	  G	  1.1	  0.2	0.000	7.946	7.946
86	  T	  1.8	  0.3	0.000	3.321	3.321
87	  Q	  1.8	  0.3	0.000	0.082	0.082
88	  Q	  2.1	  0.1	0.000	0.000	0.000
89	  A	  0.5	  0.1	0.000	0.000	0.000
90	  T	  0.4	  0.0	0.000	0.000	0.000
91	  P	  0.0	  0.0	0.000	0.000	0.000
92	  G	  0.0	  0.2	0.000	0.000	0.000
93	  P	  0.0	  0.2	0.000	0.000	0.000
94	  A	  0.5	  0.2	0.000	0.000	0.000
95	  Y	  2.0	  0.4	0.000	0.000	0.000
96	  S	  2.1	  0.5	0.439	0.000	0.000
97	  G	  1.6	  0.6	0.612	0.000	0.000
98	  R	  0.3	  0.6	0.612	0.000	0.000
99	  E	  0.4	  0.3	0.612	0.000	0.000
100	  I	  4.0	  0.0	0.612	0.000	0.000
101	  I	  4.0	  0.0	0.612	0.000	0.000
102	  Y	  3.8	  0.8	0.612	0.000	0.000
103	  P	  0.1	  0.8	0.000	0.000	0.000
104	  N	  0.1	  1.5	0.160	0.000	0.000
105	  A	  0.5	  1.5	0.160	2.243	2.243
106	  S	  0.7	  0.7	0.160	2.650	2.650
107	  L	  1.5	  0.7	0.160	6.234	6.234
108	  L	  1.2	  0.0	0.160	6.840	6.840
109	  I	  1.1	  0.1	0.160	6.840	6.840
110	  Q	  0.4	  0.1	0.160	4.941	4.941
111	  N	  3.2	  0.1	0.000	4.941	4.941
112	  I	  4.4	  0.1	0.000	4.941	4.941
113	  I	  4.3	  0.1	0.000	4.640	4.640
114	  Q	  1.5	  0.2	0.000	0.000	0.000
115	  N	  0.2	  0.5	0.000	0.000	0.000
116	  D	  0.1	  0.6	0.000	0.000	0.000
117	  T	  0.1	  0.5	0.000	2.961	2.961
118	  G	  0.1	  0.5	0.000	7.939	7.939
119	  F	  1.2	  0.2	0.000	15.150	15.150
120	  Y	  5.7	  0.0	0.000	15.679	15.679
121	  T	  6.9	  0.0	0.000	15.679	15.679
122	  L	  7.0	  0.0	0.000	15.679	15.679
123	  H	  5.8	  0.0	0.000	15.315	15.315
124	  V	  7.0	  0.0	0.000	15.177	15.177
125	  I	  7.2	  0.1	0.000	13.948	13.948
126	  K	  3.9	  0.5	0.000	0.000	0.000
127	  S	  1.4	  0.5	0.000	0.000	0.000
128	  D	  0.2	  0.5	0.000	0.000	0.000
129	  L	  0.9	  0.4	0.000	0.000	0.000
130	  V	  1.1	  0.0	0.000	0.000	0.000
131	  N	  1.0	  0.2	0.317	0.000	0.000
132	  E	  0.3	  0.2	0.317	0.000	0.000
133	  E	  0.2	  0.4	0.317	0.000	0.000
134	  A	  0.3	  0.5	0.317	0.000	0.000
135	  T	  0.3	  0.4	0.317	0.000	0.000
136	  G	  0.2	  0.4	0.317	0.000	0.000
137	  Q	  2.2	  0.2	0.317	0.000	0.000
138	  F	  6.3	  0.1	0.000	0.000	0.000
139	  R	 10.5	  0.0	0.000	0.000	0.000
140	  V	  8.9	  0.0	0.000	0.000	0.000
141	  Y	  4.8	  0.4	0.000	0.000	0.000
142	  P	  0.4	  0.4	0.000	0.000	0.000
143	  E	  0.0	  0.4	0.000	0.000	0.000
144	  L	  0.0	  0.4	0.000	0.000	0.000
145	  P	  0.0	  0.0	0.000	0.000	0.000
146	  K	  0.0	  0.3	0.000	0.000	0.000
147	  P	  0.0	  0.3	0.000	0.000	0.000
148	  S	  5.9	  0.4	0.000	0.000	0.000
149	  I	  6.5	  0.5	0.000	0.000	0.000
150	  S	  6.6	  2.1	0.000	0.000	0.000
151	  S	  0.8	  2.5	0.000	0.000	0.000
152	  N	  0.1	  2.7	0.000	0.000	0.000
153	  N	  0.4	  2.6	0.000	0.000	0.000
154	  S	  0.4	  0.7	0.000	0.000	0.000
155	  K	  0.4	  0.3	0.000	0.000	0.000
156	  P	  0.1	  0.0	0.000	0.000	0.000
157	  V	  0.9	  0.2	0.000	0.000	0.000
158	  E	  1.0	  0.2	0.000	0.000	0.000
159	  D	  1.0	  3.8	0.277	0.000	0.000
160	  K	  0.1	  3.8	0.277	0.000	0.000
161	  D	  0.1	  3.6	0.277	0.000	0.000
162	  A	  0.4	  3.6	0.277	3.852	3.852
163	  V	  1.7	  0.0	0.277	3.852	3.852
164	  A	  2.0	  0.0	0.277	3.852	3.852
165	  F	 19.6	  0.0	0.183	3.852	3.852
166	  T	 27.0	  0.0	0.000	3.852	3.852
167	  C	 27.1	  0.0	0.000	0.670	0.670
168	  E	 11.2	  0.0	0.000	0.000	0.000
169	  P	  0.4	  0.1	0.000	0.000	0.000
170	  E	  0.1	  0.1	0.000	0.000	0.000
171	  T	  0.7	  0.3	0.000	0.000	0.000
172	  Q	  0.7	  0.3	0.000	0.000	0.000
173	  D	  0.6	  0.4	0.000	0.000	0.000
174	  A	  0.9	  0.4	0.000	12.339	12.339
175	  T	  4.4	  0.2	0.000	26.673	26.673
176	  Y	  4.9	  0.2	0.000	87.590	87.590
177	  L	  4.4	  0.0	0.000	87.899	87.899
178	  W	  1.6	  0.0	0.000	87.899	87.899
179	  W	  1.9	  0.1	0.000	87.677	87.677
180	  V	  2.2	  0.1	0.000	85.679	85.679
181	  N	  1.7	  0.1	0.000	3.629	3.629
182	  N	  0.8	  0.5	0.000	0.125	0.125
183	  Q	  0.6	  0.5	0.000	0.000	0.000
184	  S	  0.7	  0.4	0.000	0.000	0.000
185	  L	  0.6	  0.4	0.000	0.000	0.000
186	  P	  0.1	  0.0	0.000	0.000	0.000
187	  V	  0.4	  0.0	0.000	0.000	0.000
188	  S	  0.4	  0.3	0.329	0.000	0.000
189	  P	  0.4	  0.3	0.329	0.000	0.000
190	  R	  0.5	  0.3	0.329	0.000	0.000
191	  L	  2.1	  0.3	0.329	0.000	0.000
192	  Q	  2.8	  0.1	0.329	0.000	0.000
193	  L	  2.4	  0.6	0.329	0.000	0.000
194	  S	  0.8	  1.1	0.150	0.000	0.000
195	  N	  0.1	  2.0	0.000	0.000	0.000
196	  G	  0.0	  2.0	0.000	0.000	0.000
197	  N	  0.0	  1.4	0.141	0.000	0.000
198	  R	  0.3	  0.9	0.141	0.000	0.000
199	  T	  3.1	  0.1	0.141	3.368	3.368
200	  L	  5.2	  0.1	0.141	4.738	4.738
201	  T	  6.0	  0.0	0.141	5.343	5.343
202	  L	  3.7	  0.0	0.141	5.722	5.722
203	  F	  6.7	  0.0	0.141	5.722	5.722
204	  N	  7.6	  0.0	0.000	3.061	3.061
205	  V	  8.9	  0.0	0.000	2.887	2.887
206	  T	  4.1	  0.2	0.000	1.314	1.314
207	  R	  2.1	  0.3	0.000	0.000	0.000
208	  N	  0.4	  0.4	0.000	0.000	0.000
209	  D	  0.2	  0.4	0.000	0.000	0.000
210	  T	  2.8	  0.4	0.127	0.000	0.000
211	  A	  3.3	  0.3	0.127	0.000	0.000
212	  S	  4.8	  0.2	0.127	0.000	0.000
213	  Y	  6.6	  0.2	0.127	0.000	0.000
214	  K	 10.0	  0.0	0.127	0.000	0.000
215	  C	  8.7	  0.2	0.127	0.000	0.000
216	  E	  4.7	  0.2	0.000	0.000	0.000
217	  T	  1.3	  0.2	0.000	0.000	0.000
218	  Q	  1.2	  0.2	0.000	0.000	0.000
219	  N	  1.1	  0.0	0.230	0.000	0.000
220	  P	  0.0	  0.0	0.230	0.000	0.000
221	  V	  2.2	  0.0	0.230	0.000	0.000
222	  S	  2.9	  0.0	0.230	0.000	0.000
223	  A	  3.1	  0.0	0.230	0.000	0.000
224	  R	  1.3	  0.1	0.230	0.000	0.000
225	  R	  0.6	  0.6	0.000	0.000	0.000
226	  S	  0.5	  1.0	0.000	0.000	0.000
227	  D	  0.4	  1.0	0.000	0.000	0.000
228	  S	  1.4	  0.9	0.373	6.397	6.397
229	  V	  8.6	  0.4	0.373	57.973	57.973
230	  I	  8.9	  0.0	0.373	69.486	69.486
231	  L	 10.8	  0.0	0.373	70.304	70.304
232	  N	  3.7	  0.0	0.373	70.304	70.304
233	  V	  4.6	  0.0	0.373	70.304	70.304
234	  L	  1.8	  0.0	0.373	68.002	68.002
235	  Y	  1.6	  0.2	0.373	52.898	52.898
236	  G	  0.2	  1.3	0.234	0.000	0.000
237	  P	  0.0	  1.3	0.000	0.000	0.000
238	  D	  0.0	  1.3	0.000	0.000	0.000
239	  A	  0.0	  1.3	0.000	0.000	0.000
240	  P	  0.0	  0.2	0.000	0.000	0.000
241	  T	 22.1	  0.2	0.000	0.000	0.000
242	  I	 22.3	  0.2	0.000	0.000	0.000
243	  S	 22.3	  0.2	0.000	0.000	0.000
244	  P	  0.3	  0.3	0.000	0.000	0.000
245	  L	  0.2	  0.3	0.000	0.000	0.000
246	  N	  0.5	  0.4	0.000	0.000	0.000
247	  T	  2.1	  0.2	0.000	0.000	0.000
248	  S	  8.5	  0.2	0.000	0.000	0.000
249	  Y	 10.1	  0.4	0.000	0.000	0.000
250	  R	  8.7	  0.4	0.000	0.000	0.000
251	  S	  2.1	  0.8	0.000	0.000	0.000
252	  G	  0.2	  1.2	0.000	0.000	0.000
253	  E	  0.1	  0.9	0.000	0.000	0.000
254	  N	  0.3	  1.1	0.000	0.000	0.000
255	  L	  1.7	  0.7	0.000	0.000	0.000
256	  N	  1.9	  1.1	0.000	0.000	0.000
257	  L	  7.4	  1.1	0.000	0.000	0.000
258	  S	  9.5	  0.7	0.364	0.000	0.000
259	  C	 12.7	  0.7	0.364	0.000	0.000
260	  H	  7.3	  0.0	0.364	0.000	0.000
261	  A	  3.9	  0.2	0.364	0.000	0.000
262	  A	  0.3	  0.2	0.364	0.000	0.000
263	  S	  0.1	  0.2	0.364	0.000	0.000
264	  N	  0.0	  0.2	0.173	0.000	0.000
265	  P	  0.0	  0.0	0.000	0.000	0.000
266	  P	  0.0	  0.0	0.000	0.000	0.000
267	  A	  0.3	  0.0	0.000	0.771	0.771
268	  Q	  2.7	  0.0	0.000	1.682	1.682
269	  Y	  8.1	  0.0	0.000	26.457	26.457
270	  S	  8.5	  0.0	0.000	26.579	26.579
271	  W	  7.0	  0.0	0.000	27.227	27.227
272	  F	  2.9	  0.1	0.000	27.386	27.386
273	  V	  2.4	  1.9	0.000	27.386	27.386
274	  N	  1.6	  1.9	0.000	2.430	2.430
275	  G	  0.3	  1.9	0.000	1.401	1.401
276	  T	 19.7	  1.8	0.000	1.401	1.401
277	  F	 21.2	  0.1	0.000	1.401	1.401
278	  Q	 21.3	  0.1	0.000	0.000	0.000
279	  Q	  2.2	  0.1	0.000	0.000	0.000
280	  S	  0.6	  0.1	0.160	0.000	0.000
281	  T	  0.9	  0.1	0.160	0.000	0.000
282	  Q	  0.9	  0.1	0.160	0.000	0.000
283	  E	  0.7	  0.1	0.160	0.000	0.000
284	  L	  1.4	  0.1	0.160	0.000	0.000
285	  F	  1.5	  0.0	0.160	0.000	0.000
286	  I	  1.3	  0.2	0.000	0.000	0.000
287	  P	  0.1	  0.2	0.000	0.000	0.000
288	  N	  2.2	  0.2	0.000	0.000	0.000
289	  I	 19.8	  0.2	0.000	0.000	0.000
290	  T	 24.5	  0.0	0.000	0.000	0.000
291	  V	 22.9	  0.1	0.000	0.000	0.000
292	  N	  5.9	  0.6	0.000	0.000	0.000
293	  N	  0.5	  1.1	0.000	0.000	0.000
294	  S	  0.2	  2.0	0.000	0.000	0.000
295	  G	  0.2	  2.0	0.000	0.000	0.000
296	  S	  7.0	  1.4	0.000	0.000	0.000
297	  Y	 23.2	  1.0	0.000	0.000	0.000
298	  T	 27.9	  0.0	0.000	0.000	0.000
299	  C	 23.6	  0.0	0.000	0.000	0.000
300	  Q	  7.7	  0.0	0.000	0.000	0.000
301	  A	  2.1	  0.1	0.000	0.000	0.000
302	  H	  0.4	  0.2	0.000	0.000	0.000
303	  N	  0.2	  2.0	0.000	0.000	0.000
304	  S	  0.2	  2.3	0.000	0.000	0.000
305	  D	  0.0	  2.3	0.000	0.000	0.000
306	  T	  0.1	  2.3	0.000	0.000	0.000
307	  G	  0.1	  0.5	0.000	0.000	0.000
308	  L	  0.2	  0.3	0.000	0.000	0.000
309	  N	  0.2	  0.3	0.000	0.000	0.000
310	  R	  0.3	  0.2	0.000	0.000	0.000
311	  T	  2.1	  0.1	0.000	23.866	23.866
312	  T	 10.4	  0.1	0.000	63.992	63.992
313	  V	 11.4	  0.0	0.000	76.916	76.916
314	  T	 10.3	  0.0	0.000	77.987	77.987
315	  T	 11.4	  0.0	0.000	79.246	79.246
316	  I	 24.6	  0.0	0.000	80.216	80.216
317	  T	 28.2	  0.0	0.000	80.027	80.027
318	  V	 21.3	  0.0	0.000	79.590	79.590
319	  Y	  7.2	  0.0	0.000	74.131	74.131
320	  A	  2.2	  0.0	0.000	34.487	34.487
321	  E	  0.7	  0.0	0.000	0.000	0.000
322	  P	  0.0	  0.0	0.000	0.000	0.000
323	  P	  0.0	  0.0	0.000	0.000	0.000
324	  K	  0.0	  0.0	0.000	0.000	0.000
325	  P	  0.0	  0.0	0.000	0.000	0.000
326	  F	  0.8	  0.0	0.000	0.000	0.000
327	  I	  3.5	  0.0	0.000	0.000	0.000
328	  T	  3.5	  0.3	0.000	0.000	0.000
329	  S	  2.7	  0.8	0.000	0.000	0.000
330	  N	  0.1	  1.1	0.000	0.000	0.000
331	  N	  0.1	  1.1	0.000	0.000	0.000
332	  S	  0.1	  0.8	0.000	0.000	0.000
333	  N	  0.0	  0.4	0.000	0.000	0.000
334	  P	  0.0	  0.0	0.000	0.000	0.000
335	  V	  0.9	  0.1	0.000	0.000	0.000
336	  E	  0.9	  0.2	0.000	0.000	0.000
337	  D	  0.9	  4.2	0.253	0.000	0.000
338	  E	  0.0	  4.2	0.253	0.000	0.000
339	  D	  0.1	  4.1	0.355	0.000	0.000
340	  A	  0.4	  4.1	0.355	0.000	0.000
341	  V	  3.3	  0.0	0.355	0.000	0.000
342	  A	  3.4	  0.0	0.355	0.000	0.000
343	  L	  7.8	  0.0	0.249	0.000	0.000
344	  T	 14.9	  0.0	0.102	0.000	0.000
345	  C	 15.1	  0.0	0.102	0.000	0.000
346	  E	 10.8	  0.0	0.000	0.000	0.000
347	  P	  0.5	  0.0	0.000	0.000	0.000
348	  E	  0.6	  0.0	0.000	0.000	0.000
349	  I	  0.7	  0.1	0.000	0.092	0.092
350	  Q	  0.9	  0.1	0.000	0.092	0.092
351	  N	  0.7	  0.1	0.000	0.765	0.765
352	  T	  4.3	  0.1	0.000	18.062	18.062
353	  T	  7.4	  0.0	0.000	46.616	46.616
354	  Y	  7.6	  0.0	0.000	90.991	90.991
355	  L	  4.3	  0.0	0.000	91.215	91.215
356	  W	  1.5	  0.0	0.000	91.215	91.215
357	  W	  1.9	  0.1	0.000	90.893	90.893
358	  V	  2.2	  0.1	0.000	87.403	87.403
359	  N	  1.7	  0.1	0.000	3.611	3.611
360	  N	  0.8	  0.5	0.000	0.126	0.126
361	  Q	  0.6	  0.5	0.000	0.000	0.000
362	  S	  0.7	  0.4	0.000	0.000	0.000
363	  L	  0.6	  0.4	0.000	0.000	0.000
364	  P	  0.1	  0.0	0.000	0.000	0.000
365	  V	  0.4	  0.0	0.000	0.000	0.000
366	  S	  0.4	  0.3	0.179	0.000	0.000
367	  P	  0.4	  0.3	0.179	0.000	0.000
368	  R	  0.5	  0.3	0.179	0.000	0.000
369	  L	  2.1	  0.3	0.179	0.000	0.000
370	  Q	  2.8	  0.1	0.179	0.000	0.000
371	  L	  2.4	  0.3	0.179	0.000	0.000
372	  S	  0.8	  0.9	0.000	0.000	0.000
373	  N	  0.1	  2.2	0.000	0.000	0.000
374	  D	  0.0	  2.2	0.374	0.000	0.000
375	  N	  0.0	  2.0	0.493	0.000	0.000
376	  R	  0.3	  1.5	0.493	0.000	0.000
377	  T	  3.2	  0.1	0.493	2.311	2.311
378	  L	  5.3	  0.1	0.493	4.234	4.234
379	  T	  5.8	  0.0	0.493	5.088	5.088
380	  L	  3.4	  0.0	0.493	5.623	5.623
381	  L	  3.0	  0.0	0.493	5.623	5.623
382	  S	  6.0	  0.0	0.351	4.450	4.450
383	  V	  7.3	  0.0	0.000	4.060	4.060
384	  T	  5.8	  0.2	0.134	1.850	1.850
385	  R	  2.1	  0.3	0.134	0.000	0.000
386	  N	  0.5	  0.4	0.134	0.000	0.000
387	  D	  0.2	  0.3	0.134	0.000	0.000
388	  V	  0.1	  0.4	0.134	0.000	0.000
389	  G	  0.0	  0.5	0.134	0.000	0.000
390	  P	  0.0	  0.5	0.000	0.000	0.000
391	  Y	  7.7	  0.6	0.000	0.000	0.000
392	  E	  7.8	  0.3	0.000	0.000	0.000
393	  C	  8.0	  0.1	0.000	0.000	0.000
394	  G	  0.4	  0.1	0.000	0.000	0.000
395	  I	  0.4	  0.1	0.000	0.000	0.000
396	  Q	  0.2	  0.1	0.000	0.000	0.000
397	  N	  0.2	  0.2	0.000	0.000	0.000
398	  K	  0.6	  0.2	0.000	0.000	0.000
399	  L	  2.5	  0.1	0.000	0.000	0.000
400	  S	  6.8	  0.4	0.000	0.000	0.000
401	  V	  7.1	  0.4	0.000	0.000	0.000
402	  D	  5.3	  0.8	0.000	0.000	0.000
403	  H	  0.9	  0.8	0.000	0.000	0.000
404	  S	  0.0	  0.4	0.000	0.000	0.000
405	  D	  0.0	  0.4	0.787	0.000	0.000
406	  P	  0.0	  0.0	0.787	0.645	0.645
407	  V	  7.4	  0.0	0.787	55.376	55.376
408	  I	  7.9	  0.0	0.787	67.606	67.606
409	  L	 10.9	  0.0	0.787	68.474	68.474
410	  N	  3.8	  0.0	0.787	68.474	68.474
411	  V	  4.6	  0.0	0.608	68.474	68.474
412	  L	  1.8	  0.0	0.608	66.298	66.298
413	  Y	  1.6	  0.2	0.608	51.588	51.588
414	  G	  0.2	  1.5	0.386	0.000	0.000
415	  P	  0.0	  1.5	0.000	0.000	0.000
416	  D	  0.0	  1.5	0.000	0.000	0.000
417	  D	  0.0	  1.5	0.000	0.000	0.000
418	  P	  0.0	  0.2	0.000	0.000	0.000
419	  T	 20.1	  0.2	0.000	0.000	0.000
420	  I	 20.3	  0.2	0.000	0.000	0.000
421	  S	 20.3	  2.0	0.000	0.000	0.000
422	  P	  0.2	  2.0	0.000	0.000	0.000
423	  S	  5.7	  2.0	0.000	0.000	0.000
424	  Y	 16.8	  2.0	0.000	0.000	0.000
425	  T	 22.4	  0.0	0.000	0.000	0.000
426	  Y	 20.2	  0.0	0.000	0.000	0.000
427	  Y	  9.4	  0.0	0.000	0.000	0.000
428	  R	  3.7	  0.8	0.000	0.000	0.000
429	  P	  0.3	  0.8	0.000	0.000	0.000
430	  G	  0.1	  0.8	0.000	0.000	0.000
431	  V	  3.3	  0.8	0.000	0.000	0.000
432	  N	  3.5	  0.2	0.000	0.000	0.000
433	  L	  5.0	  0.2	0.000	0.000	0.000
434	  S	  7.4	  0.7	0.000	0.000	0.000
435	  L	 12.4	  0.7	0.000	0.000	0.000
436	  S	 14.3	  0.5	0.344	0.000	0.000
437	  C	 12.6	  0.5	0.344	0.000	0.000
438	  H	  6.9	  0.0	0.344	0.000	0.000
439	  A	  3.7	  0.2	0.344	0.000	0.000
440	  A	  0.3	  0.2	0.344	0.000	0.000
441	  S	  0.1	  0.2	0.344	0.000	0.000
442	  N	  0.0	  0.2	0.163	0.000	0.000
443	  P	  0.0	  0.0	0.000	0.000	0.000
444	  P	  0.0	  0.0	0.000	0.000	0.000
445	  A	  0.3	  0.0	0.000	0.156	0.156
446	  Q	  2.8	  0.0	0.000	0.340	0.340
447	  Y	  8.3	  0.0	0.000	5.041	5.041
448	  S	  8.3	  0.0	0.000	5.041	5.041
449	  W	  6.4	  0.0	0.000	5.041	5.041
450	  L	  1.3	  0.1	0.000	5.041	5.041
451	  I	  1.6	  0.3	0.000	5.041	5.041
452	  D	  1.1	  0.5	0.000	0.000	0.000
453	  G	  0.7	  0.5	0.000	0.000	0.000
454	  N	  0.6	  0.4	0.000	0.000	0.000
455	  I	  1.0	  0.2	0.000	0.000	0.000
456	  Q	  1.2	  0.1	0.000	0.000	0.000
457	  Q	  1.1	  0.1	0.000	0.000	0.000
458	  H	  1.7	  0.1	0.000	0.000	0.000
459	  T	  1.9	  0.1	0.000	0.000	0.000
460	  Q	  1.5	  0.1	0.000	0.000	0.000
461	  E	  0.7	  0.1	0.000	0.000	0.000
462	  L	  0.9	  0.1	0.000	1.664	1.664
463	  F	  1.9	  0.1	0.000	1.913	1.913
464	  I	  1.7	  0.1	0.000	1.913	1.913
465	  S	  1.1	  0.1	0.203	1.913	1.913
466	  N	  2.8	  0.1	0.203	1.913	1.913
467	  I	  3.5	  0.1	0.203	1.913	1.913
468	  T	  3.7	  0.1	0.203	1.607	1.607
469	  E	  1.3	  0.2	0.203	0.000	0.000
470	  K	  0.6	  0.3	0.203	0.000	0.000
471	  N	  0.4	  0.4	0.000	0.000	0.000
472	  S	  0.1	  0.4	0.000	0.000	0.000
473	  G	  0.0	  0.3	0.000	0.000	0.000
474	  L	  0.3	  0.2	0.000	0.000	0.000
475	  Y	 18.2	  0.1	0.000	0.000	0.000
476	  T	 23.4	  0.0	0.000	0.000	0.000
477	  C	 25.0	  0.0	0.000	0.000	0.000
478	  Q	  8.3	  0.3	0.000	0.000	0.000
479	  A	  2.2	  0.3	0.000	0.000	0.000
480	  N	  0.1	  0.6	0.000	0.000	0.000
481	  N	  0.1	  0.6	0.000	0.000	0.000
482	  S	  3.2	  3.7	0.000	0.000	0.000
483	  A	  3.2	  3.9	0.000	0.000	0.000
484	  S	  3.3	  3.9	0.000	0.000	0.000
485	  G	  0.1	  3.9	0.000	0.000	0.000
486	  H	  0.1	  0.6	0.000	0.000	0.000
487	  S	  0.3	  0.4	0.079	0.000	0.000
488	  R	  0.5	  0.2	0.079	0.000	0.000
489	  T	  2.3	  0.1	0.079	0.000	0.000
490	  T	 13.9	  0.1	0.079	0.000	0.000
491	  V	 14.6	  0.0	0.079	0.000	0.000
492	  K	 13.4	  0.0	0.079	0.000	0.000
493	  T	  9.7	  0.0	0.000	1.675	1.675
494	  I	 22.5	  0.0	0.000	2.965	2.965
495	  T	 35.6	  0.0	0.000	2.965	2.965
496	  V	 29.6	  0.0	0.000	2.965	2.965
497	  S	 17.0	  0.0	0.000	2.965	2.965
498	  A	  2.1	  0.0	0.000	2.057	2.057
499	  E	  0.4	  0.0	0.000	0.000	0.000
500	  L	  0.2	  0.0	0.000	0.000	0.000
501	  P	  0.0	  0.0	0.000	0.000	0.000
502	  K	  0.0	  0.3	0.000	0.000	0.000
503	  P	  0.0	  0.3	0.000	0.000	0.000
504	  S	  5.9	  0.4	0.000	0.000	0.000
505	  I	  6.5	  0.5	0.000	0.000	0.000
506	  S	  6.6	  2.1	0.000	0.000	0.000
507	  S	  0.8	  2.5	0.000	0.000	0.000
508	  N	  0.1	  2.7	0.000	0.000	0.000
509	  N	  0.4	  2.6	0.000	0.000	0.000
510	  S	  0.4	  0.7	0.000	0.000	0.000
511	  K	  0.4	  0.3	0.000	0.000	0.000
512	  P	  0.1	  0.0	0.000	0.000	0.000
513	  V	  0.9	  0.2	0.000	0.000	0.000
514	  E	  1.0	  0.2	0.000	0.000	0.000
515	  D	  1.0	  3.8	0.277	0.000	0.000
516	  K	  0.1	  3.8	0.277	0.000	0.000
517	  D	  0.1	  3.6	0.277	0.000	0.000
518	  A	  0.4	  3.6	0.277	3.848	3.848
519	  V	  1.7	  0.0	0.277	3.848	3.848
520	  A	  2.0	  0.0	0.277	3.848	3.848
521	  F	 19.6	  0.0	0.183	3.848	3.848
522	  T	 27.0	  0.0	0.000	3.848	3.848
523	  C	 27.1	  0.0	0.000	0.670	0.670
524	  E	 11.2	  0.1	0.000	0.000	0.000
525	  P	  0.4	  0.1	0.000	0.000	0.000
526	  E	  0.1	  0.1	0.000	0.000	0.000
527	  A	  0.1	  0.2	0.000	0.000	0.000
528	  Q	  0.4	  0.2	0.000	0.000	0.000
529	  N	  0.7	  0.2	0.000	0.668	0.668
530	  T	  4.3	  0.2	0.000	17.880	17.880
531	  T	  7.4	  0.0	0.000	46.294	46.294
532	  Y	  7.6	  0.0	0.000	90.458	90.458
533	  L	  4.3	  0.0	0.000	90.702	90.702
534	  W	  1.5	  0.0	0.000	90.702	90.702
535	  W	  1.8	  0.1	0.000	90.381	90.381
536	  V	  1.8	  6.2	0.000	86.916	86.916
537	  N	  1.3	  6.2	0.000	3.772	3.772
538	  G	  0.3	  6.4	0.000	0.310	0.310
539	  Q	  0.4	  6.2	0.000	0.000	0.000
540	  S	  0.6	  0.2	0.000	0.000	0.000
541	  L	  0.6	  0.1	0.000	0.000	0.000
542	  P	  0.1	  0.0	0.000	0.000	0.000
543	  V	  0.4	  0.0	0.000	0.000	0.000
544	  S	  0.4	  0.3	0.329	0.000	0.000
545	  P	  0.4	  0.3	0.329	0.000	0.000
546	  R	  0.5	  0.3	0.329	0.000	0.000
547	  L	  2.1	  0.3	0.329	0.000	0.000
548	  Q	  2.8	  0.1	0.329	0.000	0.000
549	  L	  2.4	  0.6	0.329	0.000	0.000
550	  S	  0.8	  1.1	0.150	0.000	0.000
551	  N	  0.1	  2.0	0.000	0.000	0.000
552	  G	  0.0	  2.0	0.000	0.000	0.000
553	  N	  0.0	  1.4	0.141	0.000	0.000
554	  R	  0.3	  0.9	0.141	0.000	0.000
555	  T	  3.1	  0.1	0.141	3.365	3.365
556	  L	  5.2	  0.1	0.141	4.728	4.728
557	  T	  6.0	  0.0	0.141	5.330	5.330
558	  L	  3.7	  0.0	0.141	5.708	5.708
559	  F	  6.7	  0.0	0.141	5.708	5.708
560	  N	  7.6	  0.0	0.000	3.047	3.047
561	  V	  8.9	  0.0	0.000	2.873	2.873
562	  T	  4.1	  0.2	0.369	1.307	1.307
563	  R	  2.1	  0.4	0.369	0.000	0.000
564	  N	  0.4	  0.4	0.516	0.000	0.000
565	  D	  0.2	  0.6	0.516	0.000	0.000
566	  A	  0.1	  0.4	0.516	0.000	0.000
567	  R	  0.5	  0.3	0.516	0.000	0.000
568	  A	  0.7	  0.2	0.284	0.143	0.143
569	  Y	  2.9	  0.0	0.284	0.312	0.312
570	  V	  3.0	  0.2	0.000	0.312	0.312
571	  C	  2.9	  0.2	0.000	0.312	0.312
572	  G	  0.7	  0.2	0.000	0.312	0.312
573	  I	  0.4	  0.2	0.000	0.312	0.312
574	  Q	  0.2	  0.1	0.000	0.000	0.000
575	  N	  0.5	  0.1	0.000	0.000	0.000
576	  S	 11.0	  0.2	0.000	0.000	0.000
577	  V	 12.8	  0.2	0.000	0.000	0.000
578	  S	 13.0	  2.0	0.000	0.000	0.000
579	  A	  2.6	  2.0	0.000	0.000	0.000
580	  N	  0.5	  2.7	0.000	0.000	0.000
581	  R	  0.3	  2.7	0.000	0.000	0.000
582	  S	  0.3	  0.9	0.000	0.000	0.000
583	  D	  0.3	  0.9	0.620	0.000	0.000
584	  P	  0.0	  0.0	0.620	0.000	0.000
585	  V	  7.2	  0.0	0.620	0.000	0.000
586	  T	  8.6	  0.0	1.055	0.000	0.000
587	  L	 10.6	  0.0	1.055	0.000	0.000
588	  D	  3.7	  0.0	1.055	0.000	0.000
589	  V	  3.6	  0.0	0.833	0.000	0.000
590	  L	  1.7	  0.0	0.833	0.000	0.000
591	  Y	  1.6	  0.2	0.833	0.000	0.000
592	  G	  0.2	  1.2	0.505	0.000	0.000
593	  P	  0.0	  1.2	0.000	0.000	0.000
594	  D	  0.0	  1.2	0.000	0.000	0.000
595	  T	  0.0	  0.9	0.000	0.000	0.000
596	  P	  0.0	  0.0	0.000	0.000	0.000
597	  I	  3.9	  0.0	0.000	0.000	0.000
598	  I	  3.9	  0.0	0.000	0.000	0.000
599	  S	  3.9	  0.0	0.000	0.000	0.000
600	  P	  0.0	  1.1	0.000	0.000	0.000
601	  P	  0.0	  1.2	0.000	0.000	0.000
602	  D	  0.0	  2.0	0.000	0.000	0.000
603	  S	  0.4	  2.0	0.000	0.000	0.000
604	  S	  0.9	  0.9	0.000	0.000	0.000
605	  Y	  1.9	  1.0	0.000	0.000	0.000
606	  L	  1.7	  0.3	0.000	0.000	0.000
607	  S	  1.2	  0.9	0.128	0.000	0.000
608	  G	  0.2	  1.3	0.128	0.000	0.000
609	  A	  0.1	  1.1	0.128	0.000	0.000
610	  N	  0.4	  1.3	0.128	0.000	0.000
611	  L	  1.8	  0.8	0.128	0.000	0.000
612	  N	  2.0	  1.1	0.128	0.000	0.000
613	  L	  7.4	  1.1	0.000	0.000	0.000
614	  S	  9.4	  0.7	0.000	0.000	0.000
615	  C	  9.6	  0.8	0.000	0.000	0.000
616	  H	  4.1	  0.1	0.000	0.000	0.000
617	  S	  3.5	  1.3	0.000	0.000	0.000
618	  A	  3.1	  1.3	0.000	0.000	0.000
619	  S	  2.9	  1.3	0.000	0.000	0.000
620	  N	  0.0	  1.2	0.000	0.000	0.000
621	  P	  0.0	  0.0	0.000	0.000	0.000
622	  S	  0.0	  0.3	0.000	0.000	0.000
623	  P	  0.0	  0.3	0.000	0.000	0.000
624	  Q	  2.0	  0.3	0.000	0.000	0.000
625	  Y	  6.5	  0.3	0.000	0.000	0.000
626	  S	 10.3	  0.0	0.000	0.000	0.000
627	  W	 11.6	  0.0	0.000	0.000	0.000
628	  R	 20.2	  0.1	0.000	0.000	0.000
629	  I	 17.1	  2.7	0.000	0.000	0.000
630	  N	 14.1	  2.7	0.000	0.000	0.000
631	  G	  1.0	  2.7	0.000	0.000	0.000
632	  I	  0.1	  2.6	0.000	0.000	0.000
633	  P	  0.0	  0.1	0.000	0.000	0.000
634	  Q	  0.2	  0.1	0.000	0.000	0.000
635	  Q	  0.7	  0.1	0.000	0.000	0.000
636	  H	  1.7	  0.1	0.000	0.000	0.000
637	  T	  2.3	  0.1	0.000	2.953	2.953
638	  Q	  2.3	  0.0	0.000	7.324	7.324
639	  V	  3.0	  0.0	0.000	64.568	64.568
640	  L	  2.8	  0.0	0.000	64.568	64.568
641	  F	  3.7	  0.0	0.000	64.568	64.568
642	  I	  2.6	  0.0	0.000	64.215	64.215
643	  A	  2.3	  0.0	0.000	60.438	60.438
644	  K	  9.5	  0.0	0.000	0.000	0.000
645	  I	  9.8	  0.0	0.000	0.000	0.000
646	  T	  9.5	  1.0	0.000	0.000	0.000
647	  P	  0.8	  1.1	0.000	0.000	0.000
648	  N	  0.0	  2.6	0.000	0.000	0.000
649	  N	  0.0	  3.3	0.000	0.000	0.000
650	  N	  0.0	  2.4	0.000	0.000	0.000
651	  G	  0.1	  2.4	0.000	0.230	0.230
652	  T	  3.7	  0.8	0.000	3.358	3.358
653	  Y	  5.1	  0.1	0.000	8.360	8.360
654	  A	  5.2	  0.0	0.000	8.519	8.519
655	  C	  4.1	  0.0	0.000	8.519	8.519
656	  F	  4.2	  0.0	0.000	8.873	8.873
657	  V	  4.2	  0.1	0.000	8.651	8.651
658	  S	  1.9	  0.2	0.000	1.485	1.485
659	  N	  0.3	  0.2	0.819	0.468	0.468
660	  L	  0.1	  0.4	0.819	0.468	0.468
661	  A	  0.1	  0.4	0.819	0.162	0.162
662	  T	  0.2	  0.8	0.819	0.000	0.000
663	  G	  0.1	  1.1	0.819	0.000	0.000
664	  R	  0.2	  0.9	0.819	0.000	0.000
665	  N	  0.2	  0.8	0.000	0.000	0.000
666	  N	  0.5	  0.5	0.000	0.000	0.000
667	  S	  0.9	  0.2	0.000	0.000	0.000
668	  I	  3.2	  0.1	0.000	0.000	0.000
669	  V	  5.0	  0.0	0.000	0.000	0.000
670	  K	  4.6	  0.0	0.000	0.000	0.000
671	  S	  4.5	  0.0	0.000	0.000	0.000
672	  I	 18.0	  0.0	0.000	0.171	0.171
673	  T	 31.6	  0.0	0.000	0.171	0.171
674	  V	 31.1	  0.0	0.000	0.171	0.171
675	  S	 19.5	  2.2	0.000	0.171	0.171
676	  A	  4.0	  2.3	0.000	0.171	0.171
677	  S	  2.3	  2.6	0.000	0.000	0.000
678	  G	  0.1	  2.6	0.000	0.000	0.000
679	  T	  0.2	  0.4	0.000	0.000	0.000
680	  S	  0.1	  1.5	0.000	0.000	0.000
681	  P	  0.1	  1.2	0.000	0.000	0.000
682	  G	  0.0	  1.2	0.000	0.019	0.019
683	  L	  0.7	  1.3	0.000	0.291	0.291
684	  S	  0.8	  0.7	0.181	0.426	0.426
685	  A	  0.8	  1.0	0.181	1.525	1.525
686	  G	  0.2	  1.0	0.181	2.824	2.824
687	  A	  0.8	  0.9	0.181	17.269	17.269
688	  T	  1.3	  0.3	0.431	34.352	34.352
689	  V	  1.7	  0.1	0.431	63.063	63.063
690	  G	  1.0	  0.1	0.431	65.498	65.498
691	  I	  2.9	  0.1	0.250	92.550	92.550
692	  M	  2.6	  0.1	0.381	95.018	95.018
693	  I	  2.8	  0.0	0.381	97.151	97.151
694	  G	  0.3	  0.0	0.381	97.188	97.188
695	  V	  6.6	  0.0	0.130	99.013	99.013
696	  L	  6.5	  0.0	0.130	98.938	98.938
697	  V	  6.9	  0.0	0.130	97.817	97.817
698	  G	  0.8	  0.0	0.130	84.057	84.057
699	  V	  4.1	  0.0	0.000	82.817	82.817
700	  A	  4.1	  0.0	0.000	67.886	67.886
701	  L	  3.9	  0.0	0.000	63.264	63.264
702	  I	  0.5	  0.0	0.000	0.006	0.006
