res	aa	Beta	Turn	Helix	Aggregation	Conc-Stab_Aggregation
01	  M	  0.2	  0.0	0.000	0.000	0.000
02	  T	  0.2	  1.0	0.000	0.000	0.000
03	  P	  0.2	  1.1	0.000	0.000	0.000
04	  G	  0.0	  1.1	0.000	0.000	0.000
05	  T	  4.2	  1.1	0.000	0.000	0.000
06	  Q	  4.2	  0.1	0.000	0.000	0.000
07	  S	  4.2	  0.2	0.447	0.000	0.000
08	  P	  0.0	  0.2	0.447	1.113	1.113
09	  F	  1.0	  0.2	0.447	91.858	91.858
10	  F	  1.8	  0.2	0.840	99.261	99.261
11	  L	  2.7	  0.0	0.840	99.864	99.864
12	  L	  2.6	  0.0	0.840	99.975	99.975
13	  L	  2.7	  0.0	0.840	99.995	99.995
14	  L	  2.0	  0.0	0.840	99.998	99.998
15	  L	  4.3	  0.0	0.840	99.996	99.996
16	  T	  6.8	  0.0	0.503	99.978	99.978
17	  V	  8.1	  0.0	0.503	99.967	99.967
18	  L	  8.1	  0.0	0.503	99.841	99.841
19	  T	  9.9	  0.0	0.000	99.153	99.153
20	  V	 11.1	  0.0	0.000	98.743	98.743
21	  V	  8.5	  0.1	0.000	93.922	93.922
22	  T	  3.5	  1.0	0.000	37.193	37.193
23	  G	  0.8	  1.4	0.000	3.447	3.447
24	  S	  0.2	  1.5	0.000	0.411	0.411
25	  G	  0.2	  1.4	0.000	0.034	0.034
26	  H	  0.5	  0.9	0.000	0.000	0.000
27	  A	  0.6	  0.6	0.000	0.000	0.000
28	  S	  1.1	  0.4	0.000	0.000	0.000
29	  S	  0.8	  0.4	0.000	0.000	0.000
30	  T	  0.6	  1.3	0.000	0.000	0.000
31	  P	  0.1	  1.4	0.000	0.000	0.000
32	  G	  0.0	  1.5	0.000	0.000	0.000
33	  G	  0.0	  1.5	0.000	0.000	0.000
34	  E	  0.1	  0.4	0.000	0.000	0.000
35	  K	  0.3	  0.2	0.000	0.000	0.000
36	  E	  0.4	  0.2	0.000	0.000	0.000
37	  T	  0.7	  0.1	0.131	0.000	0.000
38	  S	  1.4	  0.3	0.131	0.000	0.000
39	  A	  1.5	  0.2	0.131	0.000	0.000
40	  T	  2.4	  0.2	0.131	0.000	0.000
41	  Q	  1.8	  0.3	0.131	0.000	0.000
42	  R	  1.8	  0.2	0.131	0.000	0.000
43	  S	  0.8	  0.2	0.000	0.000	0.000
44	  S	  0.7	  0.2	0.000	0.000	0.000
45	  V	  0.5	  0.3	0.000	0.000	0.000
46	  P	  0.2	  0.3	0.000	0.000	0.000
47	  S	  0.4	  0.4	0.000	0.000	0.000
48	  S	  0.6	  0.5	0.000	0.000	0.000
49	  T	  0.9	  0.3	0.000	0.000	0.000
50	  E	  0.8	  0.4	0.000	0.000	0.000
51	  K	  0.6	  0.3	0.000	0.000	0.000
52	  N	  0.4	  0.2	0.000	0.000	0.000
53	  A	  0.7	  0.1	0.000	0.000	0.000
54	  V	  5.8	  0.0	0.000	0.000	0.000
55	  S	  7.6	  0.0	0.000	0.000	0.000
56	  M	  7.7	  0.0	0.000	0.000	0.000
57	  T	  4.0	  0.1	0.000	0.000	0.000
58	  S	  2.1	  0.1	0.000	0.000	0.000
59	  S	  2.0	  0.1	0.000	0.000	0.000
60	  V	  3.7	  0.1	0.000	0.000	0.000
61	  L	  3.8	  0.1	0.000	0.000	0.000
62	  S	  3.5	  0.2	0.000	0.000	0.000
63	  S	  3.0	  0.2	0.000	0.000	0.000
64	  H	  2.7	  0.2	0.000	0.000	0.000
65	  S	  2.5	  3.2	0.000	0.000	0.000
66	  P	  0.0	  3.7	0.000	0.000	0.000
67	  G	  0.0	  4.1	0.000	0.000	0.000
68	  S	  0.3	  5.2	0.000	0.000	0.000
69	  G	  0.3	  2.3	0.000	0.000	0.000
70	  S	  0.6	  1.8	0.000	0.000	0.000
71	  S	  1.1	  1.4	0.000	0.000	0.000
72	  T	  3.5	  0.3	0.000	0.000	0.000
73	  T	  3.2	  0.6	0.000	0.000	0.000
74	  Q	  2.5	  0.5	0.000	0.000	0.000
75	  G	  0.1	  0.7	0.000	0.000	0.000
76	  Q	  0.4	  0.6	0.000	0.000	0.000
77	  D	  1.5	  0.3	0.000	0.000	0.000
78	  V	  9.0	  0.2	0.000	0.000	0.000
79	  T	  9.6	  0.0	0.000	0.000	0.000
80	  L	  8.6	  0.0	0.000	0.000	0.000
81	  A	  1.2	  0.0	0.000	0.000	0.000
82	  P	  0.0	  0.0	0.000	0.000	0.000
83	  A	  0.1	  0.0	0.000	0.000	0.000
84	  T	  0.1	  0.0	0.000	0.000	0.000
85	  E	  0.1	  0.0	0.000	0.000	0.000
86	  P	  0.0	  0.6	0.000	0.000	0.000
87	  A	  0.1	  0.9	0.000	0.000	0.000
88	  S	  0.4	  1.6	0.000	0.000	0.000
89	  G	  0.5	  1.6	0.000	0.000	0.000
90	  S	  0.5	  1.0	0.479	0.000	0.000
91	  A	  0.3	  0.7	0.479	0.000	0.000
92	  A	  0.9	  0.0	0.479	0.000	0.000
93	  T	  1.5	  0.3	0.479	0.000	0.000
94	  W	  1.6	  0.3	0.479	0.000	0.000
95	  G	  0.8	  0.5	0.479	0.000	0.000
96	  Q	  0.5	  0.5	0.170	0.000	0.000
97	  D	  1.6	  0.3	0.000	0.000	0.000
98	  V	  4.4	  0.2	0.000	0.000	0.000
99	  T	  5.5	  0.0	0.000	0.000	0.000
100	  S	  4.5	  0.0	0.000	0.000	0.000
101	  V	  1.8	  0.0	0.000	0.000	0.000
102	  P	  0.3	  0.0	0.000	0.000	0.000
103	  V	  3.7	  0.0	0.000	0.000	0.000
104	  T	  3.8	  0.0	0.000	0.000	0.000
105	  R	  3.8	  0.0	0.000	0.000	0.000
106	  P	  0.1	  0.2	0.000	0.000	0.000
107	  A	  0.1	  0.3	0.000	0.000	0.000
108	  L	  0.1	  1.2	0.000	0.000	0.000
109	  G	  0.1	  1.3	0.000	0.000	0.000
110	  S	  1.3	  1.1	0.000	0.000	0.000
111	  T	  1.3	  0.9	0.000	0.000	0.000
112	  T	  1.3	  0.1	0.000	0.000	0.000
113	  P	  0.0	  0.0	0.000	0.000	0.000
114	  P	  0.0	  0.1	0.000	0.000	0.000
115	  A	  0.1	  0.2	0.000	0.000	0.000
116	  H	  0.6	  0.2	0.000	0.000	0.000
117	  D	  1.8	  0.2	0.000	0.000	0.000
118	  V	  4.6	  0.1	0.000	0.000	0.000
119	  T	  5.1	  0.0	0.000	0.000	0.000
120	  S	  4.0	  0.0	0.000	0.000	0.000
121	  A	  1.2	  1.1	0.000	0.000	0.000
122	  P	  0.1	  1.3	0.000	0.000	0.000
123	  D	  0.0	  1.3	0.000	0.000	0.000
124	  N	  0.0	  1.3	0.000	0.000	0.000
125	  K	  0.0	  0.2	0.000	0.000	0.000
126	  P	  0.0	  0.0	0.000	0.000	0.000
127	  A	  0.0	  2.0	0.000	0.000	0.000
128	  P	  0.0	  2.7	0.000	0.000	0.000
129	  G	  0.0	  2.8	0.000	0.000	0.000
130	  S	  0.4	  2.8	0.000	0.000	0.000
131	  T	  0.4	  0.8	0.000	0.000	0.000
132	  A	  0.3	  0.1	0.000	0.000	0.000
133	  P	  0.0	  0.0	0.000	0.000	0.000
134	  P	  0.0	  0.3	0.000	0.000	0.000
135	  A	  0.1	  0.9	0.000	0.000	0.000
136	  H	  0.2	  0.9	0.000	0.000	0.000
137	  G	  0.3	  0.9	0.000	0.000	0.000
138	  V	  3.1	  0.6	0.000	0.000	0.000
139	  T	  4.0	  0.1	0.000	0.000	0.000
140	  S	  4.0	  0.0	0.000	0.000	0.000
141	  A	  1.2	  0.7	0.000	0.000	0.000
142	  P	  0.1	  0.7	0.000	0.000	0.000
143	  D	  0.7	  0.7	0.000	0.000	0.000
144	  T	  0.8	  0.7	0.000	0.000	0.000
145	  R	  0.8	  0.1	0.000	0.000	0.000
146	  P	  0.1	  0.0	0.000	0.000	0.000
147	  A	  0.0	  2.0	0.000	0.000	0.000
148	  P	  0.0	  2.7	0.000	0.000	0.000
149	  G	  0.0	  2.8	0.000	0.000	0.000
150	  S	  0.4	  2.8	0.000	0.000	0.000
151	  T	  0.4	  0.8	0.000	0.000	0.000
152	  A	  0.3	  0.1	0.000	0.000	0.000
153	  P	  0.0	  0.0	0.000	0.000	0.000
154	  P	  0.0	  0.3	0.000	0.000	0.000
155	  A	  0.1	  0.9	0.000	0.000	0.000
156	  H	  0.2	  0.9	0.000	0.000	0.000
157	  G	  0.3	  0.9	0.000	0.000	0.000
158	  V	  3.1	  0.6	0.000	0.000	0.000
159	  T	  4.0	  0.1	0.000	0.000	0.000
160	  S	  4.0	  0.0	0.000	0.000	0.000
161	  A	  1.2	  0.7	0.000	0.000	0.000
162	  P	  0.1	  0.7	0.000	0.000	0.000
163	  D	  0.7	  0.7	0.000	0.000	0.000
164	  T	  0.8	  0.7	0.000	0.000	0.000
165	  R	  0.8	  0.1	0.000	0.000	0.000
166	  P	  0.1	  0.0	0.000	0.000	0.000
167	  A	  0.0	  2.0	0.000	0.000	0.000
168	  P	  0.0	  2.7	0.000	0.000	0.000
169	  G	  0.0	  2.8	0.000	0.000	0.000
170	  S	  0.4	  2.8	0.000	0.000	0.000
171	  T	  0.4	  0.8	0.000	0.000	0.000
172	  A	  0.3	  0.1	0.000	0.000	0.000
173	  P	  0.0	  0.0	0.000	0.000	0.000
174	  P	  0.0	  0.3	0.000	0.000	0.000
175	  A	  0.1	  0.9	0.000	0.000	0.000
176	  H	  0.2	  0.9	0.000	0.000	0.000
177	  G	  0.3	  0.9	0.000	0.000	0.000
178	  V	  3.1	  0.6	0.000	0.000	0.000
179	  T	  4.0	  0.1	0.000	0.000	0.000
180	  S	  4.0	  0.0	0.000	0.000	0.000
181	  A	  1.2	  0.7	0.000	0.000	0.000
182	  P	  0.1	  0.7	0.000	0.000	0.000
183	  D	  0.7	  0.7	0.000	0.000	0.000
184	  T	  0.8	  0.7	0.000	0.000	0.000
185	  R	  0.8	  0.1	0.000	0.000	0.000
186	  P	  0.1	  0.0	0.000	0.000	0.000
187	  A	  0.0	  2.0	0.000	0.000	0.000
188	  P	  0.0	  2.7	0.000	0.000	0.000
189	  G	  0.0	  2.8	0.000	0.000	0.000
190	  S	  0.4	  2.8	0.000	0.000	0.000
191	  T	  0.4	  0.8	0.000	0.000	0.000
192	  A	  0.3	  0.1	0.000	0.000	0.000
193	  P	  0.0	  0.0	0.000	0.000	0.000
194	  P	  0.0	  0.3	0.000	0.000	0.000
195	  A	  0.1	  0.9	0.000	0.000	0.000
196	  H	  0.2	  0.9	0.000	0.000	0.000
197	  G	  0.3	  0.9	0.000	0.000	0.000
198	  V	  3.1	  0.6	0.000	0.000	0.000
199	  T	  4.0	  0.1	0.000	0.000	0.000
200	  S	  4.0	  0.0	0.000	0.000	0.000
201	  A	  1.2	  0.7	0.000	0.000	0.000
202	  P	  0.1	  0.7	0.000	0.000	0.000
203	  D	  0.7	  0.7	0.000	0.000	0.000
204	  T	  0.8	  0.7	0.000	0.000	0.000
205	  R	  0.8	  0.1	0.000	0.000	0.000
206	  P	  0.1	  0.0	0.000	0.000	0.000
207	  A	  0.0	  2.0	0.000	0.000	0.000
208	  P	  0.0	  2.7	0.000	0.000	0.000
209	  G	  0.0	  2.8	0.000	0.000	0.000
210	  S	  0.4	  2.8	0.000	0.000	0.000
211	  T	  0.4	  0.8	0.000	0.000	0.000
212	  A	  0.3	  0.1	0.000	0.000	0.000
213	  P	  0.0	  0.0	0.000	0.000	0.000
214	  P	  0.0	  0.3	0.000	0.000	0.000
215	  A	  0.1	  0.9	0.000	0.000	0.000
216	  H	  0.2	  0.9	0.000	0.000	0.000
217	  G	  0.3	  0.9	0.000	0.000	0.000
218	  V	  3.1	  0.6	0.000	0.000	0.000
219	  T	  4.0	  0.1	0.000	0.000	0.000
220	  S	  4.0	  0.0	0.000	0.000	0.000
221	  A	  1.2	  0.7	0.000	0.000	0.000
222	  P	  0.1	  0.7	0.000	0.000	0.000
223	  D	  0.7	  0.7	0.000	0.000	0.000
224	  T	  0.8	  0.7	0.000	0.000	0.000
225	  R	  0.8	  0.1	0.000	0.000	0.000
226	  P	  0.1	  0.0	0.000	0.000	0.000
227	  A	  0.0	  2.0	0.000	0.000	0.000
228	  P	  0.0	  2.7	0.000	0.000	0.000
229	  G	  0.0	  2.8	0.000	0.000	0.000
230	  S	  0.4	  2.8	0.000	0.000	0.000
231	  T	  0.4	  0.8	0.000	0.000	0.000
232	  A	  0.3	  0.1	0.000	0.000	0.000
233	  P	  0.0	  0.0	0.000	0.000	0.000
234	  P	  0.0	  0.3	0.000	0.000	0.000
235	  A	  0.1	  0.9	0.000	0.000	0.000
236	  H	  0.2	  0.9	0.000	0.000	0.000
237	  G	  0.3	  0.9	0.000	0.000	0.000
238	  V	  3.1	  0.6	0.000	0.000	0.000
239	  T	  4.0	  0.1	0.000	0.000	0.000
240	  S	  4.0	  0.0	0.000	0.000	0.000
241	  A	  1.2	  0.7	0.000	0.000	0.000
242	  P	  0.1	  0.7	0.000	0.000	0.000
243	  D	  0.7	  0.7	0.000	0.000	0.000
244	  T	  0.8	  0.7	0.000	0.000	0.000
245	  R	  0.8	  0.1	0.000	0.000	0.000
246	  P	  0.1	  0.0	0.000	0.000	0.000
247	  A	  0.0	  2.0	0.000	0.000	0.000
248	  P	  0.0	  2.7	0.000	0.000	0.000
249	  G	  0.0	  2.8	0.000	0.000	0.000
250	  S	  0.4	  2.8	0.000	0.000	0.000
251	  T	  0.4	  0.8	0.000	0.000	0.000
252	  A	  0.3	  0.1	0.000	0.000	0.000
253	  P	  0.0	  0.0	0.000	0.000	0.000
254	  P	  0.0	  0.3	0.000	0.000	0.000
255	  A	  0.1	  0.9	0.000	0.000	0.000
256	  H	  0.2	  0.9	0.000	0.000	0.000
257	  G	  0.3	  0.9	0.000	0.000	0.000
258	  V	  3.1	  0.6	0.000	0.000	0.000
259	  T	  4.0	  0.1	0.000	0.000	0.000
260	  S	  4.0	  0.0	0.000	0.000	0.000
261	  A	  1.2	  0.7	0.000	0.000	0.000
262	  P	  0.1	  0.7	0.000	0.000	0.000
263	  D	  0.7	  0.7	0.000	0.000	0.000
264	  T	  0.8	  0.7	0.000	0.000	0.000
265	  R	  0.8	  0.1	0.000	0.000	0.000
266	  P	  0.1	  0.0	0.000	0.000	0.000
267	  A	  0.0	  2.0	0.000	0.000	0.000
268	  P	  0.0	  2.7	0.000	0.000	0.000
269	  G	  0.0	  2.8	0.000	0.000	0.000
270	  S	  0.4	  2.8	0.000	0.000	0.000
271	  T	  0.4	  0.8	0.000	0.000	0.000
272	  A	  0.3	  0.1	0.000	0.000	0.000
273	  P	  0.0	  0.0	0.000	0.000	0.000
274	  P	  0.0	  0.3	0.000	0.000	0.000
275	  A	  0.1	  0.9	0.000	0.000	0.000
276	  H	  0.2	  0.9	0.000	0.000	0.000
277	  G	  0.3	  0.9	0.000	0.000	0.000
278	  V	  3.1	  0.6	0.000	0.000	0.000
279	  T	  4.0	  0.1	0.000	0.000	0.000
280	  S	  4.0	  0.0	0.000	0.000	0.000
281	  A	  1.2	  0.7	0.000	0.000	0.000
282	  P	  0.1	  0.7	0.000	0.000	0.000
283	  D	  0.7	  0.7	0.000	0.000	0.000
284	  T	  0.8	  0.7	0.000	0.000	0.000
285	  R	  0.8	  0.1	0.000	0.000	0.000
286	  P	  0.1	  0.0	0.000	0.000	0.000
287	  A	  0.0	  2.0	0.000	0.000	0.000
288	  P	  0.0	  2.7	0.000	0.000	0.000
289	  G	  0.0	  2.8	0.000	0.000	0.000
290	  S	  0.4	  2.8	0.000	0.000	0.000
291	  T	  0.4	  0.8	0.000	0.000	0.000
292	  A	  0.3	  0.1	0.000	0.000	0.000
293	  P	  0.0	  0.0	0.000	0.000	0.000
294	  P	  0.0	  0.3	0.000	0.000	0.000
295	  A	  0.1	  0.9	0.000	0.000	0.000
296	  H	  0.2	  0.9	0.000	0.000	0.000
297	  G	  0.3	  0.9	0.000	0.000	0.000
298	  V	  3.1	  0.6	0.000	0.000	0.000
299	  T	  4.0	  0.1	0.000	0.000	0.000
300	  S	  4.0	  0.0	0.000	0.000	0.000
301	  A	  1.2	  0.7	0.000	0.000	0.000
302	  P	  0.1	  0.7	0.000	0.000	0.000
303	  D	  0.7	  0.7	0.000	0.000	0.000
304	  T	  0.8	  0.7	0.000	0.000	0.000
305	  R	  0.8	  0.1	0.000	0.000	0.000
306	  P	  0.1	  0.0	0.000	0.000	0.000
307	  A	  0.0	  2.0	0.000	0.000	0.000
308	  P	  0.0	  2.7	0.000	0.000	0.000
309	  G	  0.0	  2.8	0.000	0.000	0.000
310	  S	  0.4	  2.8	0.000	0.000	0.000
311	  T	  0.4	  0.8	0.000	0.000	0.000
312	  A	  0.3	  0.1	0.000	0.000	0.000
313	  P	  0.0	  0.0	0.000	0.000	0.000
314	  P	  0.0	  0.3	0.000	0.000	0.000
315	  A	  0.1	  0.9	0.000	0.000	0.000
316	  H	  0.2	  0.9	0.000	0.000	0.000
317	  G	  0.3	  0.9	0.000	0.000	0.000
318	  V	  3.1	  0.6	0.000	0.000	0.000
319	  T	  4.0	  0.1	0.000	0.000	0.000
320	  S	  4.0	  0.0	0.000	0.000	0.000
321	  A	  1.2	  0.7	0.000	0.000	0.000
322	  P	  0.1	  0.7	0.000	0.000	0.000
323	  D	  0.7	  0.7	0.000	0.000	0.000
324	  T	  0.8	  0.7	0.000	0.000	0.000
325	  R	  0.8	  0.1	0.000	0.000	0.000
326	  P	  0.1	  0.0	0.000	0.000	0.000
327	  A	  0.0	  2.0	0.000	0.000	0.000
328	  P	  0.0	  2.7	0.000	0.000	0.000
329	  G	  0.0	  2.8	0.000	0.000	0.000
330	  S	  0.4	  2.8	0.000	0.000	0.000
331	  T	  0.4	  0.8	0.000	0.000	0.000
332	  A	  0.3	  0.1	0.000	0.000	0.000
333	  P	  0.0	  0.0	0.000	0.000	0.000
334	  P	  0.0	  0.3	0.000	0.000	0.000
335	  A	  0.1	  0.9	0.000	0.000	0.000
336	  H	  0.2	  0.9	0.000	0.000	0.000
337	  G	  0.3	  0.9	0.000	0.000	0.000
338	  V	  3.1	  0.6	0.000	0.000	0.000
339	  T	  4.0	  0.1	0.000	0.000	0.000
340	  S	  4.0	  0.0	0.000	0.000	0.000
341	  A	  1.2	  0.7	0.000	0.000	0.000
342	  P	  0.1	  0.7	0.000	0.000	0.000
343	  D	  0.7	  0.7	0.000	0.000	0.000
344	  T	  0.8	  0.7	0.000	0.000	0.000
345	  R	  0.8	  0.1	0.000	0.000	0.000
346	  P	  0.1	  0.0	0.000	0.000	0.000
347	  A	  0.0	  2.0	0.000	0.000	0.000
348	  P	  0.0	  2.7	0.000	0.000	0.000
349	  G	  0.0	  2.8	0.000	0.000	0.000
350	  S	  0.4	  2.8	0.000	0.000	0.000
351	  T	  0.4	  0.8	0.000	0.000	0.000
352	  A	  0.3	  0.1	0.000	0.000	0.000
353	  P	  0.0	  0.0	0.000	0.000	0.000
354	  P	  0.0	  0.3	0.000	0.000	0.000
355	  A	  0.1	  0.9	0.000	0.000	0.000
356	  H	  0.2	  0.9	0.000	0.000	0.000
357	  G	  0.3	  0.9	0.000	0.000	0.000
358	  V	  3.1	  0.6	0.000	0.000	0.000
359	  T	  4.0	  0.1	0.000	0.000	0.000
360	  S	  4.0	  0.0	0.000	0.000	0.000
361	  A	  1.2	  0.7	0.000	0.000	0.000
362	  P	  0.1	  0.7	0.000	0.000	0.000
363	  D	  0.7	  0.7	0.000	0.000	0.000
364	  T	  0.8	  0.7	0.000	0.000	0.000
365	  R	  0.8	  0.1	0.000	0.000	0.000
366	  P	  0.1	  0.0	0.000	0.000	0.000
367	  A	  0.0	  2.0	0.000	0.000	0.000
368	  P	  0.0	  2.7	0.000	0.000	0.000
369	  G	  0.0	  2.8	0.000	0.000	0.000
370	  S	  0.4	  2.8	0.000	0.000	0.000
371	  T	  0.4	  0.8	0.000	0.000	0.000
372	  A	  0.3	  0.1	0.000	0.000	0.000
373	  P	  0.0	  0.0	0.000	0.000	0.000
374	  P	  0.0	  0.3	0.000	0.000	0.000
375	  A	  0.1	  0.9	0.000	0.000	0.000
376	  H	  0.2	  0.9	0.000	0.000	0.000
377	  G	  0.3	  0.9	0.000	0.000	0.000
378	  V	  3.1	  0.6	0.000	0.000	0.000
379	  T	  4.0	  0.1	0.000	0.000	0.000
380	  S	  4.0	  0.0	0.000	0.000	0.000
381	  A	  1.2	  0.7	0.000	0.000	0.000
382	  P	  0.1	  0.7	0.000	0.000	0.000
383	  D	  0.7	  0.7	0.000	0.000	0.000
384	  T	  0.8	  0.7	0.000	0.000	0.000
385	  R	  0.8	  0.1	0.000	0.000	0.000
386	  P	  0.1	  0.0	0.000	0.000	0.000
387	  A	  0.0	  2.0	0.000	0.000	0.000
388	  P	  0.0	  2.7	0.000	0.000	0.000
389	  G	  0.0	  2.8	0.000	0.000	0.000
390	  S	  0.4	  2.8	0.000	0.000	0.000
391	  T	  0.4	  0.8	0.000	0.000	0.000
392	  A	  0.3	  0.1	0.000	0.000	0.000
393	  P	  0.0	  0.0	0.000	0.000	0.000
394	  P	  0.0	  0.3	0.000	0.000	0.000
395	  A	  0.1	  0.9	0.000	0.000	0.000
396	  H	  0.2	  0.9	0.000	0.000	0.000
397	  G	  0.3	  0.9	0.000	0.000	0.000
398	  V	  3.1	  0.6	0.000	0.000	0.000
399	  T	  4.0	  0.1	0.000	0.000	0.000
400	  S	  4.0	  0.0	0.000	0.000	0.000
401	  A	  1.2	  0.7	0.000	0.000	0.000
402	  P	  0.1	  0.7	0.000	0.000	0.000
403	  D	  0.7	  0.7	0.000	0.000	0.000
404	  T	  0.8	  0.7	0.000	0.000	0.000
405	  R	  0.8	  0.1	0.000	0.000	0.000
406	  P	  0.1	  0.0	0.000	0.000	0.000
407	  A	  0.0	  2.0	0.000	0.000	0.000
408	  P	  0.0	  2.7	0.000	0.000	0.000
409	  G	  0.0	  2.8	0.000	0.000	0.000
410	  S	  0.4	  2.8	0.000	0.000	0.000
411	  T	  0.4	  0.8	0.000	0.000	0.000
412	  A	  0.3	  0.1	0.000	0.000	0.000
413	  P	  0.0	  0.0	0.000	0.000	0.000
414	  P	  0.0	  0.3	0.000	0.000	0.000
415	  A	  0.1	  0.9	0.000	0.000	0.000
416	  H	  0.2	  0.9	0.000	0.000	0.000
417	  G	  0.3	  0.9	0.000	0.000	0.000
418	  V	  3.1	  0.6	0.000	0.000	0.000
419	  T	  4.0	  0.1	0.000	0.000	0.000
420	  S	  4.0	  0.0	0.000	0.000	0.000
421	  A	  1.2	  0.7	0.000	0.000	0.000
422	  P	  0.1	  0.7	0.000	0.000	0.000
423	  D	  0.7	  0.7	0.000	0.000	0.000
424	  T	  0.8	  0.7	0.000	0.000	0.000
425	  R	  0.8	  0.1	0.000	0.000	0.000
426	  P	  0.1	  0.0	0.000	0.000	0.000
427	  A	  0.0	  2.0	0.000	0.000	0.000
428	  P	  0.0	  2.7	0.000	0.000	0.000
429	  G	  0.0	  2.8	0.000	0.000	0.000
430	  S	  0.4	  2.8	0.000	0.000	0.000
431	  T	  0.4	  0.8	0.000	0.000	0.000
432	  A	  0.3	  0.1	0.000	0.000	0.000
433	  P	  0.0	  0.0	0.000	0.000	0.000
434	  P	  0.0	  0.3	0.000	0.000	0.000
435	  A	  0.1	  0.9	0.000	0.000	0.000
436	  H	  0.2	  0.9	0.000	0.000	0.000
437	  G	  0.3	  0.9	0.000	0.000	0.000
438	  V	  3.1	  0.6	0.000	0.000	0.000
439	  T	  4.0	  0.1	0.000	0.000	0.000
440	  S	  4.0	  0.0	0.000	0.000	0.000
441	  A	  1.2	  0.7	0.000	0.000	0.000
442	  P	  0.1	  0.7	0.000	0.000	0.000
443	  D	  0.7	  0.7	0.000	0.000	0.000
444	  T	  0.8	  0.7	0.000	0.000	0.000
445	  R	  0.8	  0.1	0.000	0.000	0.000
446	  P	  0.1	  0.0	0.000	0.000	0.000
447	  A	  0.0	  2.0	0.000	0.000	0.000
448	  P	  0.0	  2.7	0.000	0.000	0.000
449	  G	  0.0	  2.8	0.000	0.000	0.000
450	  S	  0.4	  2.8	0.000	0.000	0.000
451	  T	  0.4	  0.8	0.000	0.000	0.000
452	  A	  0.3	  0.1	0.000	0.000	0.000
453	  P	  0.0	  0.0	0.000	0.000	0.000
454	  P	  0.0	  0.3	0.000	0.000	0.000
455	  A	  0.1	  0.9	0.000	0.000	0.000
456	  H	  0.2	  0.9	0.000	0.000	0.000
457	  G	  0.3	  0.9	0.000	0.000	0.000
458	  V	  3.1	  0.6	0.000	0.000	0.000
459	  T	  4.0	  0.1	0.000	0.000	0.000
460	  S	  4.0	  0.0	0.000	0.000	0.000
461	  A	  1.2	  0.7	0.000	0.000	0.000
462	  P	  0.1	  0.7	0.000	0.000	0.000
463	  D	  0.7	  0.7	0.000	0.000	0.000
464	  T	  0.8	  0.7	0.000	0.000	0.000
465	  R	  0.8	  0.1	0.000	0.000	0.000
466	  P	  0.1	  0.0	0.000	0.000	0.000
467	  A	  0.0	  2.0	0.000	0.000	0.000
468	  P	  0.0	  2.7	0.000	0.000	0.000
469	  G	  0.0	  2.8	0.000	0.000	0.000
470	  S	  0.4	  2.8	0.000	0.000	0.000
471	  T	  0.4	  0.8	0.000	0.000	0.000
472	  A	  0.3	  0.1	0.000	0.000	0.000
473	  P	  0.0	  0.0	0.000	0.000	0.000
474	  P	  0.0	  0.3	0.000	0.000	0.000
475	  A	  0.1	  0.9	0.000	0.000	0.000
476	  H	  0.2	  0.9	0.000	0.000	0.000
477	  G	  0.3	  0.9	0.000	0.000	0.000
478	  V	  3.1	  0.6	0.000	0.000	0.000
479	  T	  4.0	  0.1	0.000	0.000	0.000
480	  S	  4.0	  0.0	0.000	0.000	0.000
481	  A	  1.2	  0.7	0.000	0.000	0.000
482	  P	  0.1	  0.7	0.000	0.000	0.000
483	  D	  0.7	  0.7	0.000	0.000	0.000
484	  T	  0.8	  0.7	0.000	0.000	0.000
485	  R	  0.8	  0.1	0.000	0.000	0.000
486	  P	  0.1	  0.0	0.000	0.000	0.000
487	  A	  0.0	  2.0	0.000	0.000	0.000
488	  P	  0.0	  2.7	0.000	0.000	0.000
489	  G	  0.0	  2.8	0.000	0.000	0.000
490	  S	  0.4	  2.8	0.000	0.000	0.000
491	  T	  0.4	  0.8	0.000	0.000	0.000
492	  A	  0.3	  0.1	0.000	0.000	0.000
493	  P	  0.0	  0.0	0.000	0.000	0.000
494	  P	  0.0	  0.3	0.000	0.000	0.000
495	  A	  0.1	  0.9	0.000	0.000	0.000
496	  H	  0.2	  0.9	0.000	0.000	0.000
497	  G	  0.3	  0.9	0.000	0.000	0.000
498	  V	  3.1	  0.6	0.000	0.000	0.000
499	  T	  4.0	  0.1	0.000	0.000	0.000
500	  S	  4.0	  0.0	0.000	0.000	0.000
501	  A	  1.2	  0.7	0.000	0.000	0.000
502	  P	  0.1	  0.7	0.000	0.000	0.000
503	  D	  0.7	  0.7	0.000	0.000	0.000
504	  T	  0.8	  0.7	0.000	0.000	0.000
505	  R	  0.8	  0.1	0.000	0.000	0.000
506	  P	  0.1	  0.0	0.000	0.000	0.000
507	  A	  0.0	  2.0	0.000	0.000	0.000
508	  P	  0.0	  2.7	0.000	0.000	0.000
509	  G	  0.0	  2.8	0.000	0.000	0.000
510	  S	  0.4	  2.8	0.000	0.000	0.000
511	  T	  0.4	  0.8	0.000	0.000	0.000
512	  A	  0.3	  0.1	0.000	0.000	0.000
513	  P	  0.0	  0.0	0.000	0.000	0.000
514	  P	  0.0	  0.3	0.000	0.000	0.000
515	  A	  0.1	  0.9	0.000	0.000	0.000
516	  H	  0.2	  0.9	0.000	0.000	0.000
517	  G	  0.3	  0.9	0.000	0.000	0.000
518	  V	  3.1	  0.6	0.000	0.000	0.000
519	  T	  4.0	  0.1	0.000	0.000	0.000
520	  S	  4.0	  0.0	0.000	0.000	0.000
521	  A	  1.2	  0.7	0.000	0.000	0.000
522	  P	  0.1	  0.7	0.000	0.000	0.000
523	  D	  0.7	  0.7	0.000	0.000	0.000
524	  T	  0.8	  0.7	0.000	0.000	0.000
525	  R	  0.8	  0.1	0.000	0.000	0.000
526	  P	  0.1	  0.0	0.000	0.000	0.000
527	  A	  0.0	  2.0	0.000	0.000	0.000
528	  P	  0.0	  2.7	0.000	0.000	0.000
529	  G	  0.0	  2.8	0.000	0.000	0.000
530	  S	  0.4	  2.8	0.000	0.000	0.000
531	  T	  0.4	  0.8	0.000	0.000	0.000
532	  A	  0.3	  0.1	0.000	0.000	0.000
533	  P	  0.0	  0.0	0.000	0.000	0.000
534	  P	  0.0	  0.3	0.000	0.000	0.000
535	  A	  0.1	  0.9	0.000	0.000	0.000
536	  H	  0.2	  0.9	0.000	0.000	0.000
537	  G	  0.3	  0.9	0.000	0.000	0.000
538	  V	  3.1	  0.6	0.000	0.000	0.000
539	  T	  4.0	  0.1	0.000	0.000	0.000
540	  S	  4.0	  0.0	0.000	0.000	0.000
541	  A	  1.2	  0.7	0.000	0.000	0.000
542	  P	  0.1	  0.7	0.000	0.000	0.000
543	  D	  0.7	  0.7	0.000	0.000	0.000
544	  T	  0.8	  0.7	0.000	0.000	0.000
545	  R	  0.8	  0.1	0.000	0.000	0.000
546	  P	  0.1	  0.0	0.000	0.000	0.000
547	  A	  0.0	  2.0	0.000	0.000	0.000
548	  P	  0.0	  2.7	0.000	0.000	0.000
549	  G	  0.0	  2.8	0.000	0.000	0.000
550	  S	  0.4	  2.8	0.000	0.000	0.000
551	  T	  0.4	  0.8	0.000	0.000	0.000
552	  A	  0.3	  0.1	0.000	0.000	0.000
553	  P	  0.0	  0.0	0.000	0.000	0.000
554	  P	  0.0	  0.3	0.000	0.000	0.000
555	  A	  0.1	  0.9	0.000	0.000	0.000
556	  H	  0.2	  0.9	0.000	0.000	0.000
557	  G	  0.3	  0.9	0.000	0.000	0.000
558	  V	  3.1	  0.6	0.000	0.000	0.000
559	  T	  4.0	  0.1	0.000	0.000	0.000
560	  S	  4.0	  0.0	0.000	0.000	0.000
561	  A	  1.2	  0.7	0.000	0.000	0.000
562	  P	  0.1	  0.7	0.000	0.000	0.000
563	  D	  0.7	  0.7	0.000	0.000	0.000
564	  T	  0.8	  0.7	0.000	0.000	0.000
565	  R	  0.8	  0.1	0.000	0.000	0.000
566	  P	  0.1	  0.0	0.000	0.000	0.000
567	  A	  0.0	  2.0	0.000	0.000	0.000
568	  P	  0.0	  2.7	0.000	0.000	0.000
569	  G	  0.0	  2.8	0.000	0.000	0.000
570	  S	  0.4	  2.8	0.000	0.000	0.000
571	  T	  0.4	  0.8	0.000	0.000	0.000
572	  A	  0.3	  0.1	0.000	0.000	0.000
573	  P	  0.0	  0.0	0.000	0.000	0.000
574	  P	  0.0	  0.3	0.000	0.000	0.000
575	  A	  0.1	  0.9	0.000	0.000	0.000
576	  H	  0.2	  0.9	0.000	0.000	0.000
577	  G	  0.3	  0.9	0.000	0.000	0.000
578	  V	  3.1	  0.6	0.000	0.000	0.000
579	  T	  4.0	  0.1	0.000	0.000	0.000
580	  S	  4.0	  0.0	0.000	0.000	0.000
581	  A	  1.2	  0.7	0.000	0.000	0.000
582	  P	  0.1	  0.7	0.000	0.000	0.000
583	  D	  0.7	  0.7	0.000	0.000	0.000
584	  T	  0.8	  0.7	0.000	0.000	0.000
585	  R	  0.8	  0.1	0.000	0.000	0.000
586	  P	  0.1	  0.0	0.000	0.000	0.000
587	  A	  0.0	  2.0	0.000	0.000	0.000
588	  P	  0.0	  2.7	0.000	0.000	0.000
589	  G	  0.0	  2.8	0.000	0.000	0.000
590	  S	  0.4	  2.8	0.000	0.000	0.000
591	  T	  0.4	  0.8	0.000	0.000	0.000
592	  A	  0.3	  0.1	0.000	0.000	0.000
593	  P	  0.0	  0.0	0.000	0.000	0.000
594	  P	  0.0	  0.3	0.000	0.000	0.000
595	  A	  0.1	  0.9	0.000	0.000	0.000
596	  H	  0.2	  0.9	0.000	0.000	0.000
597	  G	  0.3	  0.9	0.000	0.000	0.000
598	  V	  3.1	  0.6	0.000	0.000	0.000
599	  T	  4.0	  0.1	0.000	0.000	0.000
600	  S	  4.0	  0.0	0.000	0.000	0.000
601	  A	  1.2	  0.7	0.000	0.000	0.000
602	  P	  0.1	  0.7	0.000	0.000	0.000
603	  D	  0.7	  0.7	0.000	0.000	0.000
604	  T	  0.8	  0.7	0.000	0.000	0.000
605	  R	  0.8	  0.1	0.000	0.000	0.000
606	  P	  0.1	  0.0	0.000	0.000	0.000
607	  A	  0.0	  2.0	0.000	0.000	0.000
608	  P	  0.0	  2.7	0.000	0.000	0.000
609	  G	  0.0	  2.8	0.000	0.000	0.000
610	  S	  0.4	  2.8	0.000	0.000	0.000
611	  T	  0.4	  0.8	0.000	0.000	0.000
612	  A	  0.3	  0.1	0.000	0.000	0.000
613	  P	  0.0	  0.0	0.000	0.000	0.000
614	  P	  0.0	  0.3	0.000	0.000	0.000
615	  A	  0.1	  0.9	0.000	0.000	0.000
616	  H	  0.2	  0.9	0.000	0.000	0.000
617	  G	  0.3	  0.9	0.000	0.000	0.000
618	  V	  3.1	  0.6	0.000	0.000	0.000
619	  T	  4.0	  0.1	0.000	0.000	0.000
620	  S	  4.0	  0.0	0.000	0.000	0.000
621	  A	  1.2	  0.7	0.000	0.000	0.000
622	  P	  0.1	  0.7	0.000	0.000	0.000
623	  D	  0.7	  0.7	0.000	0.000	0.000
624	  T	  0.8	  0.7	0.000	0.000	0.000
625	  R	  0.8	  0.1	0.000	0.000	0.000
626	  P	  0.1	  0.0	0.000	0.000	0.000
627	  A	  0.0	  2.0	0.000	0.000	0.000
628	  P	  0.0	  2.7	0.000	0.000	0.000
629	  G	  0.0	  2.8	0.000	0.000	0.000
630	  S	  0.4	  2.8	0.000	0.000	0.000
631	  T	  0.4	  0.8	0.000	0.000	0.000
632	  A	  0.3	  0.1	0.000	0.000	0.000
633	  P	  0.0	  0.0	0.000	0.000	0.000
634	  P	  0.0	  0.3	0.000	0.000	0.000
635	  A	  0.1	  0.9	0.000	0.000	0.000
636	  H	  0.2	  0.9	0.000	0.000	0.000
637	  G	  0.3	  0.9	0.000	0.000	0.000
638	  V	  3.1	  0.6	0.000	0.000	0.000
639	  T	  4.0	  0.1	0.000	0.000	0.000
640	  S	  4.0	  0.0	0.000	0.000	0.000
641	  A	  1.2	  0.7	0.000	0.000	0.000
642	  P	  0.1	  0.7	0.000	0.000	0.000
643	  D	  0.7	  0.7	0.000	0.000	0.000
644	  T	  0.8	  0.7	0.000	0.000	0.000
645	  R	  0.8	  0.1	0.000	0.000	0.000
646	  P	  0.1	  0.0	0.000	0.000	0.000
647	  A	  0.0	  2.0	0.000	0.000	0.000
648	  P	  0.0	  2.7	0.000	0.000	0.000
649	  G	  0.0	  2.8	0.000	0.000	0.000
650	  S	  0.4	  2.8	0.000	0.000	0.000
651	  T	  0.4	  0.8	0.000	0.000	0.000
652	  A	  0.3	  0.1	0.000	0.000	0.000
653	  P	  0.0	  0.0	0.000	0.000	0.000
654	  P	  0.0	  0.3	0.000	0.000	0.000
655	  A	  0.1	  0.9	0.000	0.000	0.000
656	  H	  0.2	  0.9	0.000	0.000	0.000
657	  G	  0.3	  0.9	0.000	0.000	0.000
658	  V	  3.1	  0.6	0.000	0.000	0.000
659	  T	  4.0	  0.1	0.000	0.000	0.000
660	  S	  4.0	  0.0	0.000	0.000	0.000
661	  A	  1.2	  0.7	0.000	0.000	0.000
662	  P	  0.1	  0.7	0.000	0.000	0.000
663	  D	  0.7	  0.7	0.000	0.000	0.000
664	  T	  0.8	  0.7	0.000	0.000	0.000
665	  R	  0.8	  0.1	0.000	0.000	0.000
666	  P	  0.1	  0.0	0.000	0.000	0.000
667	  A	  0.0	  2.0	0.000	0.000	0.000
668	  P	  0.0	  2.7	0.000	0.000	0.000
669	  G	  0.0	  2.8	0.000	0.000	0.000
670	  S	  0.4	  2.8	0.000	0.000	0.000
671	  T	  0.4	  0.8	0.000	0.000	0.000
672	  A	  0.3	  0.1	0.000	0.000	0.000
673	  P	  0.0	  0.0	0.000	0.000	0.000
674	  P	  0.0	  0.3	0.000	0.000	0.000
675	  A	  0.1	  0.9	0.000	0.000	0.000
676	  H	  0.2	  0.9	0.000	0.000	0.000
677	  G	  0.3	  0.9	0.000	0.000	0.000
678	  V	  3.1	  0.6	0.000	0.000	0.000
679	  T	  4.0	  0.1	0.000	0.000	0.000
680	  S	  4.0	  0.0	0.000	0.000	0.000
681	  A	  1.2	  0.7	0.000	0.000	0.000
682	  P	  0.1	  0.7	0.000	0.000	0.000
683	  D	  0.7	  0.7	0.000	0.000	0.000
684	  T	  0.8	  0.7	0.000	0.000	0.000
685	  R	  0.8	  0.1	0.000	0.000	0.000
686	  P	  0.1	  0.0	0.000	0.000	0.000
687	  A	  0.0	  2.0	0.000	0.000	0.000
688	  P	  0.0	  2.7	0.000	0.000	0.000
689	  G	  0.0	  2.8	0.000	0.000	0.000
690	  S	  0.4	  2.8	0.000	0.000	0.000
691	  T	  0.4	  0.8	0.000	0.000	0.000
692	  A	  0.3	  0.1	0.000	0.000	0.000
693	  P	  0.0	  0.0	0.000	0.000	0.000
694	  P	  0.0	  0.3	0.000	0.000	0.000
695	  A	  0.1	  0.9	0.000	0.000	0.000
696	  H	  0.2	  0.9	0.000	0.000	0.000
697	  G	  0.3	  0.9	0.000	0.000	0.000
698	  V	  3.1	  0.6	0.000	0.000	0.000
699	  T	  4.0	  0.1	0.000	0.000	0.000
700	  S	  4.0	  0.0	0.000	0.000	0.000
701	  A	  1.2	  0.7	0.000	0.000	0.000
702	  P	  0.1	  0.7	0.000	0.000	0.000
703	  D	  0.7	  0.7	0.000	0.000	0.000
704	  T	  0.8	  0.7	0.000	0.000	0.000
705	  R	  0.8	  0.1	0.000	0.000	0.000
706	  P	  0.1	  0.0	0.000	0.000	0.000
707	  A	  0.0	  2.0	0.000	0.000	0.000
708	  P	  0.0	  2.7	0.000	0.000	0.000
709	  G	  0.0	  2.8	0.000	0.000	0.000
710	  S	  0.4	  2.8	0.000	0.000	0.000
711	  T	  0.4	  0.8	0.000	0.000	0.000
712	  A	  0.3	  0.1	0.000	0.000	0.000
713	  P	  0.0	  0.0	0.000	0.000	0.000
714	  P	  0.0	  0.3	0.000	0.000	0.000
715	  A	  0.1	  0.9	0.000	0.000	0.000
716	  H	  0.2	  0.9	0.000	0.000	0.000
717	  G	  0.3	  0.9	0.000	0.000	0.000
718	  V	  3.1	  0.6	0.000	0.000	0.000
719	  T	  4.0	  0.1	0.000	0.000	0.000
720	  S	  4.0	  0.0	0.000	0.000	0.000
721	  A	  1.2	  0.7	0.000	0.000	0.000
722	  P	  0.1	  0.7	0.000	0.000	0.000
723	  D	  0.7	  0.7	0.000	0.000	0.000
724	  T	  0.8	  0.7	0.000	0.000	0.000
725	  R	  0.8	  0.1	0.000	0.000	0.000
726	  P	  0.1	  0.0	0.000	0.000	0.000
727	  A	  0.0	  2.0	0.000	0.000	0.000
728	  P	  0.0	  2.7	0.000	0.000	0.000
729	  G	  0.0	  2.8	0.000	0.000	0.000
730	  S	  0.4	  2.8	0.000	0.000	0.000
731	  T	  0.4	  0.8	0.000	0.000	0.000
732	  A	  0.3	  0.1	0.000	0.000	0.000
733	  P	  0.0	  0.0	0.000	0.000	0.000
734	  P	  0.0	  0.3	0.000	0.000	0.000
735	  A	  0.1	  0.9	0.000	0.000	0.000
736	  H	  0.2	  0.9	0.000	0.000	0.000
737	  G	  0.3	  0.9	0.000	0.000	0.000
738	  V	  3.1	  0.6	0.000	0.000	0.000
739	  T	  4.0	  0.1	0.000	0.000	0.000
740	  S	  4.0	  0.0	0.000	0.000	0.000
741	  A	  1.2	  0.7	0.000	0.000	0.000
742	  P	  0.1	  0.7	0.000	0.000	0.000
743	  D	  0.7	  0.7	0.000	0.000	0.000
744	  T	  0.8	  0.7	0.000	0.000	0.000
745	  R	  0.8	  0.1	0.000	0.000	0.000
746	  P	  0.1	  0.0	0.000	0.000	0.000
747	  A	  0.0	  2.0	0.000	0.000	0.000
748	  P	  0.0	  2.7	0.000	0.000	0.000
749	  G	  0.0	  2.8	0.000	0.000	0.000
750	  S	  0.4	  2.8	0.000	0.000	0.000
751	  T	  0.4	  0.8	0.000	0.000	0.000
752	  A	  0.3	  0.1	0.000	0.000	0.000
753	  P	  0.0	  0.0	0.000	0.000	0.000
754	  P	  0.0	  0.3	0.000	0.000	0.000
755	  A	  0.1	  0.9	0.000	0.000	0.000
756	  H	  0.2	  0.9	0.000	0.000	0.000
757	  G	  0.3	  0.9	0.000	0.000	0.000
758	  V	  3.1	  0.6	0.000	0.000	0.000
759	  T	  4.0	  0.1	0.000	0.000	0.000
760	  S	  4.0	  0.0	0.000	0.000	0.000
761	  A	  1.2	  0.7	0.000	0.000	0.000
762	  P	  0.1	  0.7	0.000	0.000	0.000
763	  D	  0.7	  0.7	0.000	0.000	0.000
764	  T	  0.8	  0.7	0.000	0.000	0.000
765	  R	  0.8	  0.1	0.000	0.000	0.000
766	  P	  0.1	  0.0	0.000	0.000	0.000
767	  A	  0.0	  2.0	0.000	0.000	0.000
768	  P	  0.0	  2.7	0.000	0.000	0.000
769	  G	  0.0	  2.8	0.000	0.000	0.000
770	  S	  0.4	  2.8	0.000	0.000	0.000
771	  T	  0.4	  0.8	0.000	0.000	0.000
772	  A	  0.3	  0.1	0.000	0.000	0.000
773	  P	  0.0	  0.0	0.000	0.000	0.000
774	  P	  0.0	  0.3	0.000	0.000	0.000
775	  A	  0.1	  0.9	0.000	0.000	0.000
776	  H	  0.2	  0.9	0.000	0.000	0.000
777	  G	  0.3	  0.9	0.000	0.000	0.000
778	  V	  3.1	  0.6	0.000	0.000	0.000
779	  T	  4.0	  0.1	0.000	0.000	0.000
780	  S	  4.0	  0.0	0.000	0.000	0.000
781	  A	  1.2	  0.7	0.000	0.000	0.000
782	  P	  0.1	  0.7	0.000	0.000	0.000
783	  D	  0.7	  0.7	0.000	0.000	0.000
784	  T	  0.8	  0.7	0.000	0.000	0.000
785	  R	  0.8	  0.1	0.000	0.000	0.000
786	  P	  0.1	  0.0	0.000	0.000	0.000
787	  A	  0.0	  2.0	0.000	0.000	0.000
788	  P	  0.0	  2.7	0.000	0.000	0.000
789	  G	  0.0	  2.8	0.000	0.000	0.000
790	  S	  0.4	  2.8	0.000	0.000	0.000
791	  T	  0.4	  0.8	0.000	0.000	0.000
792	  A	  0.3	  0.1	0.000	0.000	0.000
793	  P	  0.0	  0.0	0.000	0.000	0.000
794	  P	  0.0	  0.3	0.000	0.000	0.000
795	  A	  0.1	  0.9	0.000	0.000	0.000
796	  H	  0.2	  0.9	0.000	0.000	0.000
797	  G	  0.3	  0.9	0.000	0.000	0.000
798	  V	  3.1	  0.6	0.000	0.000	0.000
799	  T	  4.0	  0.1	0.000	0.000	0.000
800	  S	  4.0	  0.0	0.000	0.000	0.000
801	  A	  1.2	  0.7	0.000	0.000	0.000
802	  P	  0.1	  0.7	0.000	0.000	0.000
803	  D	  0.7	  0.7	0.000	0.000	0.000
804	  T	  0.8	  0.7	0.000	0.000	0.000
805	  R	  0.8	  0.1	0.000	0.000	0.000
806	  P	  0.1	  0.0	0.000	0.000	0.000
807	  A	  0.0	  2.0	0.000	0.000	0.000
808	  P	  0.0	  2.7	0.000	0.000	0.000
809	  G	  0.0	  2.8	0.000	0.000	0.000
810	  S	  0.4	  2.8	0.000	0.000	0.000
811	  T	  0.4	  0.8	0.000	0.000	0.000
812	  A	  0.3	  0.1	0.000	0.000	0.000
813	  P	  0.0	  0.0	0.000	0.000	0.000
814	  P	  0.0	  0.3	0.000	0.000	0.000
815	  A	  0.1	  0.9	0.000	0.000	0.000
816	  H	  0.2	  0.9	0.000	0.000	0.000
817	  G	  0.3	  0.9	0.000	0.000	0.000
818	  V	  3.1	  0.6	0.000	0.000	0.000
819	  T	  4.0	  0.1	0.000	0.000	0.000
820	  S	  4.0	  0.0	0.000	0.000	0.000
821	  A	  1.2	  0.7	0.000	0.000	0.000
822	  P	  0.1	  0.7	0.000	0.000	0.000
823	  D	  0.7	  0.7	0.000	0.000	0.000
824	  T	  0.8	  0.7	0.000	0.000	0.000
825	  R	  0.8	  0.1	0.000	0.000	0.000
826	  P	  0.1	  0.0	0.000	0.000	0.000
827	  A	  0.0	  2.0	0.000	0.000	0.000
828	  P	  0.0	  2.7	0.000	0.000	0.000
829	  G	  0.0	  2.8	0.000	0.000	0.000
830	  S	  0.4	  2.8	0.000	0.000	0.000
831	  T	  0.4	  0.8	0.000	0.000	0.000
832	  A	  0.3	  0.1	0.000	0.000	0.000
833	  P	  0.0	  0.0	0.000	0.000	0.000
834	  P	  0.0	  0.3	0.000	0.000	0.000
835	  A	  0.1	  0.9	0.000	0.000	0.000
836	  H	  0.2	  0.9	0.000	0.000	0.000
837	  G	  0.3	  0.9	0.000	0.000	0.000
838	  V	  3.1	  0.6	0.000	0.000	0.000
839	  T	  4.0	  0.1	0.000	0.000	0.000
840	  S	  4.0	  0.0	0.000	0.000	0.000
841	  A	  1.2	  0.7	0.000	0.000	0.000
842	  P	  0.1	  0.7	0.000	0.000	0.000
843	  D	  0.7	  0.7	0.000	0.000	0.000
844	  T	  0.8	  0.7	0.000	0.000	0.000
845	  R	  0.8	  0.1	0.000	0.000	0.000
846	  P	  0.1	  0.0	0.000	0.000	0.000
847	  A	  0.0	  2.0	0.000	0.000	0.000
848	  P	  0.0	  2.7	0.000	0.000	0.000
849	  G	  0.0	  2.8	0.000	0.000	0.000
850	  S	  0.4	  2.8	0.000	0.000	0.000
851	  T	  0.4	  0.8	0.000	0.000	0.000
852	  A	  0.3	  0.1	0.000	0.000	0.000
853	  P	  0.0	  0.0	0.000	0.000	0.000
854	  P	  0.0	  0.3	0.000	0.000	0.000
855	  A	  0.1	  0.9	0.000	0.000	0.000
856	  H	  0.2	  0.9	0.000	0.000	0.000
857	  G	  0.3	  0.9	0.000	0.000	0.000
858	  V	  3.1	  0.6	0.000	0.000	0.000
859	  T	  4.0	  0.1	0.000	0.000	0.000
860	  S	  4.0	  0.0	0.000	0.000	0.000
861	  A	  1.2	  0.7	0.000	0.000	0.000
862	  P	  0.1	  0.7	0.000	0.000	0.000
863	  D	  0.7	  0.7	0.000	0.000	0.000
864	  T	  0.8	  0.7	0.000	0.000	0.000
865	  R	  0.8	  0.1	0.000	0.000	0.000
866	  P	  0.1	  0.0	0.000	0.000	0.000
867	  A	  0.0	  2.0	0.000	0.000	0.000
868	  P	  0.0	  2.7	0.000	0.000	0.000
869	  G	  0.0	  2.8	0.000	0.000	0.000
870	  S	  0.4	  2.8	0.000	0.000	0.000
871	  T	  0.4	  0.8	0.000	0.000	0.000
872	  A	  0.3	  0.1	0.000	0.000	0.000
873	  P	  0.0	  0.0	0.000	0.000	0.000
874	  P	  0.0	  0.3	0.000	0.000	0.000
875	  A	  0.1	  0.9	0.000	0.000	0.000
876	  H	  0.2	  0.9	0.000	0.000	0.000
877	  G	  0.3	  0.9	0.000	0.000	0.000
878	  V	  3.1	  0.6	0.000	0.000	0.000
879	  T	  4.0	  0.1	0.000	0.000	0.000
880	  S	  4.0	  0.0	0.000	0.000	0.000
881	  A	  1.2	  0.7	0.000	0.000	0.000
882	  P	  0.1	  0.7	0.000	0.000	0.000
883	  D	  0.7	  0.7	0.000	0.000	0.000
884	  T	  0.8	  0.7	0.000	0.000	0.000
885	  R	  0.8	  0.1	0.000	0.000	0.000
886	  P	  0.1	  0.0	0.000	0.000	0.000
887	  A	  0.0	  2.0	0.000	0.000	0.000
888	  P	  0.0	  2.7	0.000	0.000	0.000
889	  G	  0.0	  2.8	0.000	0.000	0.000
890	  S	  0.4	  2.8	0.000	0.000	0.000
891	  T	  0.4	  0.8	0.000	0.000	0.000
892	  A	  0.3	  0.1	0.000	0.000	0.000
893	  P	  0.0	  0.0	0.000	0.000	0.000
894	  P	  0.0	  0.3	0.000	0.000	0.000
895	  A	  0.1	  0.9	0.000	0.000	0.000
896	  H	  0.2	  0.9	0.000	0.000	0.000
897	  G	  0.3	  0.9	0.000	0.000	0.000
898	  V	  3.1	  0.6	0.000	0.000	0.000
899	  T	  4.0	  0.1	0.000	0.000	0.000
900	  S	  4.0	  0.0	0.000	0.000	0.000
901	  A	  1.2	  0.7	0.000	0.000	0.000
902	  P	  0.1	  0.7	0.000	0.000	0.000
903	  D	  0.7	  0.7	0.000	0.000	0.000
904	  T	  0.8	  0.7	0.000	0.000	0.000
905	  R	  0.8	  0.1	0.000	0.000	0.000
906	  P	  0.1	  0.0	0.000	0.000	0.000
907	  A	  0.0	  2.0	0.000	0.000	0.000
908	  P	  0.0	  2.7	0.000	0.000	0.000
909	  G	  0.0	  2.8	0.000	0.000	0.000
910	  S	  0.4	  2.8	0.000	0.000	0.000
911	  T	  0.4	  0.8	0.000	0.000	0.000
912	  A	  0.3	  0.1	0.000	0.000	0.000
913	  P	  0.0	  0.0	0.000	0.000	0.000
914	  P	  0.0	  0.3	0.000	0.000	0.000
915	  A	  0.1	  0.9	0.000	0.000	0.000
916	  H	  0.2	  0.9	0.000	0.000	0.000
917	  G	  0.3	  0.9	0.000	0.000	0.000
918	  V	  3.1	  0.6	0.000	0.000	0.000
919	  T	  4.0	  0.1	0.000	0.000	0.000
920	  S	  4.0	  0.0	0.000	0.000	0.000
921	  A	  1.2	  0.7	0.000	0.000	0.000
922	  P	  0.1	  0.7	0.000	0.000	0.000
923	  D	  0.7	  0.7	0.000	0.000	0.000
924	  T	  0.8	  0.7	0.000	0.000	0.000
925	  R	  0.8	  0.1	0.000	0.000	0.000
926	  P	  0.1	  0.0	0.000	0.000	0.000
927	  A	  0.0	  2.0	0.000	0.000	0.000
928	  P	  0.0	  2.7	0.000	0.000	0.000
929	  G	  0.0	  2.8	0.000	0.000	0.000
930	  S	  0.4	  2.8	0.000	0.000	0.000
931	  T	  0.4	  0.8	0.000	0.000	0.000
932	  A	  0.3	  0.1	0.000	0.000	0.000
933	  P	  0.0	  0.0	0.000	0.000	0.000
934	  P	  0.0	  0.3	0.000	0.000	0.000
935	  A	  0.1	  0.9	0.000	0.000	0.000
936	  H	  0.2	  0.9	0.000	0.000	0.000
937	  G	  0.3	  0.9	0.000	0.000	0.000
938	  V	  3.1	  0.6	0.000	0.000	0.000
939	  T	  4.0	  0.1	0.000	0.000	0.000
940	  S	  4.0	  0.0	0.000	0.000	0.000
941	  A	  1.2	  1.1	0.000	0.000	0.000
942	  P	  0.1	  1.3	0.000	0.000	0.000
943	  D	  0.0	  1.3	0.000	0.000	0.000
944	  N	  0.0	  1.3	0.000	0.000	0.000
945	  R	  0.0	  0.2	0.000	0.000	0.000
946	  P	  0.0	  0.2	0.000	0.000	0.000
947	  A	  0.1	  0.3	0.000	0.000	0.000
948	  L	  0.1	  1.2	0.000	0.000	0.000
949	  G	  0.1	  1.3	0.000	0.000	0.000
950	  S	  0.4	  1.1	0.000	0.000	0.000
951	  T	  0.4	  1.0	0.000	0.000	0.000
952	  A	  0.3	  0.1	0.000	0.000	0.000
953	  P	  0.0	  0.0	0.000	0.000	0.000
954	  P	  0.0	  0.0	0.000	0.000	0.000
955	  V	  1.7	  0.0	0.000	0.000	0.000
956	  H	  2.4	  0.0	0.000	0.000	0.000
957	  N	  4.4	  0.0	0.000	0.000	0.000
958	  V	  5.4	  0.0	0.000	0.000	0.000
959	  T	  5.0	  0.0	0.000	0.000	0.000
960	  S	  5.8	  3.0	0.000	0.000	0.000
961	  A	  3.3	  3.2	0.000	0.000	0.000
962	  S	  3.1	  3.8	0.000	0.000	0.000
963	  G	  0.4	  3.8	0.000	0.000	0.000
964	  S	  3.2	  3.8	0.000	0.000	0.000
965	  A	  3.0	  3.8	0.000	0.000	0.000
966	  S	  3.1	  3.9	0.000	0.000	0.000
967	  G	  0.4	  3.9	0.000	0.000	0.000
968	  S	  3.3	  1.6	0.000	0.000	0.000
969	  A	  3.2	  1.4	0.000	0.225	0.225
970	  S	  3.2	  0.9	0.000	0.225	0.225
971	  T	  1.5	  0.8	0.000	0.225	0.225
972	  L	  2.4	  0.1	0.000	0.225	0.225
973	  V	  3.9	  0.1	0.000	0.225	0.225
974	  H	  2.7	  1.5	0.000	0.000	0.000
975	  N	  1.7	  1.7	0.000	0.000	0.000
976	  G	  0.1	  1.8	0.000	0.000	0.000
977	  T	  0.5	  1.7	0.000	0.000	0.000
978	  S	  1.2	  0.3	0.000	0.000	0.000
979	  A	  1.3	  0.1	0.000	0.000	0.000
980	  R	  1.0	  0.0	0.000	0.000	0.000
981	  A	  0.4	  0.0	0.000	0.000	0.000
982	  T	  3.4	  0.0	0.000	0.000	0.000
983	  T	  3.4	  0.0	0.000	0.000	0.000
984	  T	  3.2	  0.0	0.186	0.000	0.000
985	  P	  0.2	  0.2	0.186	0.000	0.000
986	  A	  0.2	  0.3	0.186	0.000	0.000
987	  S	  2.7	  0.8	0.186	0.000	0.000
988	  K	  3.8	  0.8	0.186	0.000	0.000
989	  S	  3.7	  0.6	0.186	0.000	0.000
990	  T	  1.2	  0.6	0.000	0.000	0.000
991	  P	  0.1	  0.0	0.000	0.000	0.000
992	  F	  6.0	  0.0	0.000	0.000	0.000
993	  S	  6.1	  0.0	0.000	0.000	0.000
994	  I	  6.1	  0.2	0.000	0.000	0.000
995	  P	  0.1	  0.3	0.000	0.000	0.000
996	  S	  0.5	  0.3	0.000	0.000	0.000
997	  H	  0.8	  0.4	0.000	0.000	0.000
998	  H	  0.8	  0.6	0.000	0.000	0.000
999	  S	  0.3	  0.6	0.000	0.000	0.000
1000	  D	  0.1	  0.5	0.000	0.000	0.000
1001	  T	  0.1	  0.7	0.000	0.000	0.000
1002	  P	  0.1	  0.2	0.000	0.000	0.000
1003	  T	  0.9	  0.3	0.000	0.000	0.000
1004	  T	  1.3	  0.3	0.000	0.000	0.000
1005	  L	  1.5	  0.2	0.000	0.000	0.000
1006	  A	  1.0	  0.2	0.000	0.000	0.000
1007	  S	  2.0	  0.3	0.000	0.000	0.000
1008	  H	  1.9	  0.5	0.000	0.000	0.000
1009	  S	  1.9	  0.4	0.000	0.000	0.000
1010	  T	  2.0	  0.4	0.000	0.000	0.000
1011	  K	  2.0	  0.4	0.000	0.000	0.000
1012	  T	  1.8	  0.3	0.000	0.000	0.000
1013	  D	  0.3	  2.1	0.000	0.000	0.000
1014	  A	  0.2	  2.1	0.000	0.000	0.000
1015	  S	  0.5	  2.1	0.000	0.000	0.000
1016	  S	  1.0	  2.1	0.000	0.000	0.000
1017	  T	  2.4	  0.3	0.000	0.000	0.000
1018	  H	  2.3	  0.2	0.000	0.000	0.000
1019	  H	  1.9	  0.3	0.000	0.000	0.000
1020	  S	  0.6	  0.3	0.000	0.000	0.000
1021	  S	  0.4	  0.3	0.000	0.000	0.000
1022	  V	  0.3	  0.2	0.000	0.000	0.000
1023	  P	  0.0	  0.1	0.000	0.000	0.000
1024	  P	  0.0	  0.1	0.000	0.000	0.000
1025	  L	  0.6	  0.2	0.000	0.000	0.000
1026	  T	  2.0	  0.3	0.000	0.000	0.000
1027	  S	  2.1	  1.8	0.000	0.000	0.000
1028	  S	  1.5	  1.8	0.000	0.000	0.000
1029	  N	  0.1	  2.0	0.000	0.000	0.000
1030	  H	  0.1	  2.0	0.000	0.000	0.000
1031	  S	  3.9	  0.4	0.000	0.000	0.000
1032	  T	  4.0	  0.3	0.000	0.000	0.000
1033	  S	  3.9	  0.5	0.000	0.000	0.000
1034	  P	  0.1	  0.4	0.000	0.000	0.000
1035	  Q	  0.8	  0.4	0.000	0.080	0.080
1036	  L	  0.9	  0.6	0.000	2.157	2.157
1037	  S	  1.0	  0.4	0.000	2.532	2.532
1038	  T	  0.3	  0.3	0.000	5.601	5.601
1039	  G	  0.2	  0.3	0.000	10.762	10.762
1040	  V	  4.4	  0.1	0.000	67.870	67.870
1041	  S	  5.4	  0.0	0.000	72.422	72.422
1042	  F	  6.7	  0.0	0.000	96.028	96.028
1043	  F	  3.5	  0.0	0.000	97.819	97.819
1044	  F	  3.2	  0.1	0.000	97.778	97.778
1045	  L	  3.9	  0.1	0.000	93.612	93.612
1046	  S	  5.1	  0.1	0.000	69.241	69.241
1047	  F	  9.3	  0.1	0.000	64.591	64.591
1048	  H	 11.8	  0.0	0.000	5.961	5.961
1049	  I	  9.7	  0.1	0.000	5.528	5.528
1050	  S	  4.6	  0.1	0.000	0.777	0.777
1051	  N	  0.3	  0.1	0.000	0.192	0.192
1052	  L	  1.8	  0.1	0.000	0.173	0.173
1053	  Q	  3.9	  0.0	0.000	0.050	0.050
1054	  F	  5.1	  0.0	0.000	0.050	0.050
1055	  N	  3.6	  0.5	0.000	0.000	0.000
1056	  S	  1.6	  0.6	0.000	0.000	0.000
1057	  S	  1.2	  0.6	0.000	0.000	0.000
1058	  L	  1.3	  0.6	0.000	0.000	0.000
1059	  E	  1.2	  0.1	0.000	0.000	0.000
1060	  D	  0.1	  3.7	0.163	0.000	0.000
1061	  P	  0.0	  3.8	0.163	0.000	0.000
1062	  S	  0.5	  4.4	0.163	0.000	0.000
1063	  T	  0.9	  4.4	0.163	0.000	0.000
1064	  D	  1.9	  0.7	0.333	0.000	0.000
1065	  Y	  3.5	  0.6	0.333	0.000	0.000
1066	  Y	  4.2	  0.1	0.170	0.000	0.000
1067	  Q	  3.3	  0.1	0.170	0.000	0.000
1068	  E	  1.5	  0.1	0.170	0.000	0.000
1069	  L	  0.5	  0.2	0.170	0.000	0.000
1070	  Q	  0.5	  0.2	0.170	0.000	0.000
1071	  R	  0.5	  0.2	0.170	0.000	0.000
1072	  D	  1.0	  0.4	1.479	0.000	0.000
1073	  I	  1.1	  0.4	1.479	0.000	0.000
1074	  S	  0.9	  0.3	6.544	0.000	0.000
1075	  E	  0.4	  0.3	6.740	0.000	0.000
1076	  M	  1.0	  0.0	6.740	15.981	15.981
1077	  F	  1.8	  0.0	6.740	26.838	26.838
1078	  L	  3.2	  0.0	6.475	26.838	26.838
1079	  Q	  3.6	  0.0	6.475	26.838	26.838
1080	  I	  3.2	  0.0	5.838	26.838	26.838
1081	  Y	  2.3	  0.2	5.838	23.243	23.243
1082	  K	  1.1	  0.3	4.997	0.000	0.000
1083	  Q	  0.7	  0.4	1.429	0.000	0.000
1084	  G	  0.0	  0.4	0.208	0.000	0.000
1085	  G	  0.0	  0.2	0.000	0.173	0.173
1086	  F	  0.4	  0.2	0.000	0.415	0.415
1087	  L	  0.5	  0.2	0.000	0.415	0.415
1088	  G	  0.5	  0.2	0.307	0.415	0.415
1089	  L	  0.2	  0.3	0.307	0.415	0.415
1090	  S	  0.1	  0.2	0.307	0.242	0.242
1091	  N	  2.0	  0.2	0.307	0.000	0.000
1092	  I	  5.2	  0.2	0.307	0.000	0.000
1093	  K	  6.8	  0.0	0.307	0.000	0.000
1094	  F	  5.3	  0.0	0.135	0.000	0.000
1095	  R	  2.2	  1.5	0.000	0.000	0.000
1096	  P	  0.4	  1.5	0.000	0.000	0.000
1097	  G	  0.0	  1.5	0.000	0.324	0.324
1098	  S	  0.8	  1.5	0.098	9.990	9.990
1099	  V	 12.5	  0.1	0.098	87.809	87.809
1100	  V	 16.0	  0.0	0.098	94.352	94.352
1101	  V	 19.1	  0.0	0.098	94.905	94.905
1102	  Q	  8.5	  0.0	0.098	94.934	94.934
1103	  L	  6.7	  0.0	0.098	96.063	96.063
1104	  T	  3.2	  0.0	0.474	95.168	95.168
1105	  L	  2.6	  0.0	0.474	94.596	94.596
1106	  A	  1.1	  0.0	0.474	91.440	91.440
1107	  F	  1.2	  0.1	0.474	90.469	90.469
1108	  R	  1.0	  0.3	0.376	0.034	0.034
1109	  E	  0.6	  0.4	0.376	0.034	0.034
1110	  G	  0.1	  0.4	0.115	0.013	0.013
1111	  T	  5.4	  0.3	0.000	0.013	0.013
1112	  I	 14.6	  0.1	0.000	0.013	0.013
1113	  N	 15.2	  0.0	0.000	0.000	0.000
1114	  V	 11.5	  0.0	0.000	0.000	0.000
1115	  H	  2.4	  0.0	0.000	0.000	0.000
1116	  D	  3.7	  0.0	0.775	0.000	0.000
1117	  V	  3.2	  0.1	0.775	0.000	0.000
1118	  E	  2.9	  0.0	0.775	0.000	0.000
1119	  T	  3.1	  0.0	0.775	0.000	0.000
1120	  Q	  4.4	  0.0	0.775	0.000	0.000
1121	  F	  5.8	  0.0	0.775	0.000	0.000
1122	  N	  4.7	  0.0	0.441	0.000	0.000
1123	  Q	  4.7	  0.0	0.441	0.000	0.000
1124	  Y	  3.6	  0.1	0.277	0.000	0.000
1125	  K	  2.8	  0.1	0.154	0.000	0.000
1126	  T	  0.8	  0.1	0.947	0.000	0.000
1127	  E	  0.5	  0.1	0.947	0.000	0.000
1128	  A	  0.2	  0.2	0.947	0.000	0.000
1129	  A	  0.3	  0.2	0.947	0.000	0.000
1130	  S	  0.4	  0.2	0.947	0.000	0.000
1131	  R	  4.2	  0.2	0.947	0.000	0.000
1132	  Y	  5.6	  0.1	0.624	0.761	0.761
1133	  N	  5.7	  0.0	0.133	0.761	0.761
1134	  L	  5.3	  0.0	0.000	0.761	0.761
1135	  T	 15.1	  0.0	0.000	0.761	0.761
1136	  I	 14.8	  0.1	0.000	0.761	0.761
1137	  S	 11.6	  0.1	0.000	0.000	0.000
1138	  D	  0.7	  0.1	0.000	0.000	0.000
1139	  V	  9.2	  0.1	0.000	0.000	0.000
1140	  S	 19.1	  0.2	0.000	0.000	0.000
1141	  V	 18.6	  0.3	0.000	0.000	0.000
1142	  S	 11.5	  0.3	0.000	0.000	0.000
1143	  D	  0.3	  0.3	0.000	0.000	0.000
1144	  V	  0.1	  0.1	0.000	0.000	0.000
1145	  P	  0.1	  0.0	0.000	0.000	0.000
1146	  F	  0.0	  0.0	0.000	0.000	0.000
1147	  P	  0.0	  0.0	0.000	0.000	0.000
1148	  F	  4.1	  0.0	0.000	0.000	0.000
1149	  S	  4.4	  0.2	0.000	0.000	0.000
1150	  A	  4.5	  0.4	0.000	0.000	0.000
1151	  Q	  0.4	  0.6	0.000	0.000	0.000
1152	  S	  0.1	  1.2	0.000	0.000	0.000
1153	  G	  0.0	  1.4	0.000	0.000	0.000
1154	  A	  0.1	  1.2	0.000	0.000	0.000
1155	  G	  0.0	  1.0	0.000	0.000	0.000
1156	  V	  0.1	  1.9	0.000	0.000	0.000
1157	  P	  0.0	  1.5	0.000	0.000	0.000
1158	  G	  0.0	  1.6	1.372	0.012	0.012
1159	  W	  0.2	  1.6	1.452	1.455	1.455
1160	  G	  0.6	  0.1	9.563	1.772	1.772
1161	  I	  2.7	  0.1	9.738	19.877	19.877
1162	  A	  2.8	  0.0	11.409	36.112	36.112
1163	  L	  3.1	  0.0	11.493	69.893	69.893
1164	  L	  2.5	  0.0	11.668	90.659	90.659
1165	  V	  7.1	  0.0	12.502	96.558	96.558
1166	  L	  7.4	  0.0	12.702	99.156	99.156
1167	  V	  7.5	  0.0	12.502	99.707	99.707
1168	  C	  3.9	  0.0	14.643	99.754	99.754
1169	  V	  7.6	  0.0	14.212	99.976	99.976
1170	  L	  6.7	  0.0	14.410	99.995	99.995
1171	  V	  8.0	  0.0	13.994	99.999	99.999
1172	  A	  3.3	  0.0	14.727	99.994	99.994
1173	  L	  2.8	  0.0	14.327	99.990	99.990
1174	  A	  0.8	  0.0	14.634	99.968	99.968
1175	  I	  4.8	  0.0	13.583	99.949	99.949
1176	  V	  7.3	  0.0	13.583	99.741	99.741
1177	  Y	  7.4	  0.0	13.687	97.420	97.420
1178	  L	  4.0	  0.0	12.505	93.912	93.912
1179	  I	  3.2	  0.0	12.152	76.074	76.074
1180	  A	  2.6	  0.0	12.152	40.453	40.453
1181	  L	  2.5	  0.0	11.786	22.662	22.662
1182	  A	  0.5	  0.0	10.835	5.124	5.124
1183	  V	  1.2	  0.0	6.692	2.800	2.800
1184	  C	  2.0	  0.0	6.657	0.116	0.116
1185	  Q	  2.3	  0.0	4.041	0.001	0.001
1186	  C	  2.6	  0.1	2.891	0.000	0.000
1187	  R	  1.7	  0.2	1.396	0.000	0.000
1188	  R	  1.8	  0.3	0.717	0.000	0.000
1189	  K	  0.9	  0.3	0.567	0.000	0.000
1190	  N	  0.7	  0.6	0.000	0.000	0.000
1191	  Y	  0.3	  0.9	0.000	0.000	0.000
1192	  G	  0.2	  0.7	0.281	0.000	0.000
1193	  Q	  0.9	  0.7	0.281	0.000	0.000
1194	  L	  3.4	  0.4	0.281	0.000	0.000
1195	  D	  5.4	  0.1	0.281	0.000	0.000
1196	  I	  4.8	  0.0	0.281	0.000	0.000
1197	  F	  2.3	  0.0	0.281	0.000	0.000
1198	  P	  0.1	  0.0	0.000	0.000	0.000
1199	  A	  0.0	  0.1	0.000	0.000	0.000
1200	  R	  0.1	  0.2	0.000	0.000	0.000
1201	  D	  1.8	  0.2	0.000	0.000	0.000
1202	  T	 13.8	  0.2	0.000	0.000	0.000
1203	  Y	 13.8	  0.0	0.000	0.000	0.000
1204	  H	 12.2	  0.2	0.000	0.000	0.000
1205	  P	  0.2	  0.2	0.000	0.000	0.000
1206	  M	  0.0	  0.3	0.000	0.000	0.000
1207	  S	  0.1	  0.3	0.000	0.000	0.000
1208	  E	  0.2	  0.1	0.000	0.000	0.000
1209	  Y	  0.1	  0.4	0.000	0.000	0.000
1210	  P	  0.1	  0.3	0.000	0.000	0.000
1211	  T	  7.5	  0.3	0.000	0.000	0.000
1212	  Y	  8.3	  0.3	0.000	0.000	0.000
1213	  H	  9.4	  0.1	0.000	0.000	0.000
1214	  T	  2.1	  0.5	0.000	0.000	0.000
1215	  H	  1.4	  0.9	0.000	0.000	0.000
1216	  G	  0.3	  0.9	0.000	0.000	0.000
1217	  R	  1.5	  0.8	0.000	0.000	0.000
1218	  Y	  1.4	  0.4	0.000	0.000	0.000
1219	  V	  1.4	  0.0	0.000	0.000	0.000
1220	  P	  0.0	  0.5	0.000	0.000	0.000
1221	  P	  0.0	  0.6	0.000	0.000	0.000
1222	  S	  0.3	  0.8	0.000	0.000	0.000
1223	  S	  0.9	  1.3	0.000	0.000	0.000
1224	  T	  1.0	  0.8	0.000	0.000	0.000
1225	  D	  0.7	  0.7	0.000	0.000	0.000
1226	  R	  0.2	  0.6	0.000	0.000	0.000
1227	  S	  0.1	  0.3	0.160	0.000	0.000
1228	  P	  0.1	  0.2	0.160	0.000	0.000
1229	  Y	  2.1	  0.3	0.160	0.000	0.000
1230	  E	  2.2	  0.3	0.160	0.000	0.000
1231	  K	  3.4	  0.1	0.160	0.000	0.000
1232	  V	  3.4	  0.1	0.160	0.000	0.000
1233	  S	  3.4	  0.3	0.160	0.000	0.000
1234	  A	  2.2	  2.1	0.000	0.000	0.000
1235	  G	  0.1	  2.3	0.000	0.000	0.000
1236	  N	  0.0	  2.4	0.000	0.000	0.000
1237	  G	  0.0	  2.5	0.000	0.000	0.000
1238	  G	  0.0	  0.9	0.000	0.000	0.000
1239	  S	  0.1	  0.8	0.000	0.000	0.000
1240	  S	  5.4	  1.0	0.000	0.000	0.000
1241	  L	  7.5	  0.5	0.000	0.000	0.000
1242	  S	 14.8	  0.4	0.000	0.000	0.000
1243	  Y	 12.7	  0.3	0.000	0.000	0.000
1244	  T	 10.5	  0.0	0.000	0.000	0.000
1245	  N	  3.1	  0.0	0.000	0.000	0.000
1246	  P	  0.0	  0.0	0.000	0.000	0.000
1247	  A	  0.4	  0.0	0.000	0.249	0.249
1248	  V	  1.7	  0.0	0.000	0.249	0.249
1249	  A	  1.7	  0.0	0.000	0.249	0.249
1250	  A	  1.5	  0.0	0.000	0.249	0.249
1251	  T	  0.7	  0.1	0.000	0.249	0.249
1252	  S	  1.1	  2.2	0.000	0.000	0.000
1253	  A	  1.0	  2.2	0.000	0.000	0.000
1254	  N	  0.6	  2.1	0.000	0.000	0.000
1255	  L	  0.1	  2.1	0.000	0.000	0.000
