res	aa	Beta	Turn	Helix	Aggregation	Conc-Stab_Aggregation
01	  M	  0.1	  0.0	0.000	0.000	0.000
02	  A	  0.2	  0.0	0.000	0.000	0.000
03	  A	  0.2	  0.0	0.000	0.000	0.000
04	  A	  0.3	  0.0	0.000	0.000	0.000
05	  A	  0.3	  0.0	0.000	0.000	0.000
06	  S	  0.2	  0.2	0.135	0.000	0.000
07	  P	  0.0	  0.2	0.135	0.215	0.215
08	  A	  0.3	  0.2	0.135	4.151	4.151
09	  F	  1.1	  0.2	0.135	4.481	4.481
10	  L	  2.4	  0.0	0.135	4.481	4.481
11	  L	  4.6	  0.0	0.135	4.481	4.481
12	  C	  4.1	  0.0	0.135	4.266	4.266
13	  L	  2.8	  0.0	0.135	0.610	0.610
14	  P	  0.3	  0.0	0.797	0.311	0.311
15	  L	  0.5	  0.0	0.797	0.410	0.410
16	  L	  1.6	  0.0	0.797	0.410	0.410
17	  H	  2.2	  0.0	0.797	0.410	0.410
18	  L	  2.2	  0.1	0.797	0.410	0.410
19	  L	  1.2	  0.6	0.797	0.410	0.410
20	  S	  0.7	  0.6	0.642	0.000	0.000
21	  G	  0.2	  0.6	0.163	0.000	0.000
22	  W	  1.1	  0.5	0.000	0.000	0.000
23	  S	  1.1	  0.2	0.000	0.000	0.000
24	  R	  1.1	  0.5	0.000	0.000	0.000
25	  A	  0.1	  0.5	0.000	0.000	0.000
26	  G	  0.1	  0.5	0.000	0.000	0.000
27	  W	  0.9	  0.4	0.000	0.000	0.000
28	  V	  1.7	  0.1	0.000	0.000	0.000
29	  D	  1.8	  0.1	0.000	0.000	0.000
30	  T	  2.9	  0.2	0.000	0.000	0.000
31	  H	  3.1	  0.1	0.000	0.000	0.000
32	  C	  4.2	  0.1	0.000	0.000	0.000
33	  L	  3.3	  0.0	0.000	0.000	0.000
34	  C	  4.7	  0.1	0.000	0.000	0.000
35	  Y	  5.6	  0.1	0.000	0.000	0.000
36	  D	  5.0	  0.1	0.000	0.000	0.000
37	  F	  3.9	  0.1	0.000	0.798	0.798
38	  I	  8.9	  0.0	0.000	0.798	0.798
39	  I	  9.2	  0.0	0.000	0.798	0.798
40	  T	  8.0	  0.2	0.000	0.798	0.798
41	  P	  0.8	  0.3	0.000	0.798	0.798
42	  K	  0.4	  0.3	0.000	0.000	0.000
43	  S	  0.4	  0.3	0.000	0.000	0.000
44	  R	  0.5	  0.1	0.000	0.000	0.000
45	  P	  0.1	  0.0	0.000	0.000	0.000
46	  E	  0.0	  0.1	0.000	0.000	0.000
47	  P	  0.0	  0.1	0.000	0.000	0.000
48	  Q	  1.4	  0.1	0.000	0.000	0.000
49	  W	  3.4	  0.1	0.000	0.000	0.000
50	  C	 10.0	  0.0	0.000	0.000	0.000
51	  E	 11.2	  0.0	0.000	0.000	0.000
52	  V	  9.5	  0.1	0.000	0.000	0.000
53	  Q	  3.0	  0.1	0.000	0.000	0.000
54	  G	  0.2	  0.1	0.000	0.000	0.000
55	  L	  0.6	  0.1	0.000	0.000	0.000
56	  V	  0.8	  0.0	0.000	0.000	0.000
57	  D	  0.8	  0.0	0.000	0.000	0.000
58	  E	  0.3	  0.0	0.000	0.000	0.000
59	  R	  0.1	  0.0	0.000	0.000	0.000
60	  P	  0.1	  0.0	0.000	0.000	0.000
61	  F	  0.7	  0.0	0.000	0.000	0.000
62	  L	  2.1	  0.0	0.000	0.000	0.000
63	  H	  4.6	  0.2	0.000	0.000	0.000
64	  Y	  9.2	  0.3	0.000	0.000	0.000
65	  D	  8.1	  0.3	0.000	0.000	0.000
66	  C	  7.3	  0.3	0.000	0.000	0.000
67	  V	  3.2	  0.0	0.000	0.000	0.000
68	  N	  2.8	  0.0	0.329	0.000	0.000
69	  H	  1.6	  0.1	0.477	0.000	0.000
70	  K	  0.7	  0.1	0.477	0.000	0.000
71	  A	  0.7	  0.1	0.477	0.000	0.000
72	  K	  0.5	  0.1	0.477	0.000	0.000
73	  A	  0.3	  0.0	0.477	0.000	0.000
74	  F	  1.1	  0.4	0.477	0.000	0.000
75	  A	  1.5	  0.5	0.000	0.000	0.000
76	  S	  1.5	  0.7	0.237	0.000	0.000
77	  L	  0.6	  0.8	0.237	0.000	0.000
78	  G	  0.2	  0.5	0.237	0.000	0.000
79	  K	  0.2	  0.3	0.237	0.000	0.000
80	  K	  1.8	  0.1	0.237	0.000	0.000
81	  V	 14.1	  0.1	0.237	0.000	0.000
82	  N	 15.6	  0.0	0.237	0.000	0.000
83	  V	 15.6	  0.0	0.000	0.000	0.000
84	  T	  5.0	  0.0	0.000	0.000	0.000
85	  K	  3.3	  0.0	0.000	0.000	0.000
86	  T	  9.4	  0.0	0.000	0.000	0.000
87	  W	  8.5	  0.1	0.000	0.000	0.000
88	  E	  8.1	  0.1	0.000	0.000	0.000
89	  E	  0.5	  0.1	0.000	0.000	0.000
90	  Q	  0.2	  0.1	0.000	0.000	0.000
91	  T	  0.3	  0.2	0.195	0.000	0.000
92	  E	  0.2	  0.1	0.195	0.000	0.000
93	  T	  2.4	  0.1	0.195	0.000	0.000
94	  L	  2.5	  0.2	0.195	0.000	0.000
95	  R	  2.7	  0.1	0.195	0.000	0.000
96	  D	  1.5	  0.1	1.893	0.000	0.000
97	  V	  5.1	  0.2	1.698	2.691	2.691
98	  V	  6.8	  0.1	1.698	2.691	2.691
99	  D	  5.8	  0.1	1.887	2.691	2.691
100	  F	  2.8	  0.1	1.887	2.691	2.691
101	  L	  0.9	  0.6	1.887	2.691	2.691
102	  K	  0.9	  0.6	1.731	2.691	2.691
103	  G	  0.1	  0.7	1.042	0.222	0.222
104	  Q	  0.6	  0.7	0.677	0.000	0.000
105	  L	  0.9	  0.1	0.000	0.000	0.000
106	  L	  3.4	  0.0	0.000	0.000	0.000
107	  D	  3.2	  0.0	0.000	0.000	0.000
108	  I	  3.7	  0.0	0.000	0.000	0.000
109	  Q	  3.1	  0.0	0.000	0.000	0.000
110	  V	  3.8	  0.1	0.000	0.000	0.000
111	  E	  2.9	  0.1	0.000	0.000	0.000
112	  N	  1.7	  0.1	0.000	0.000	0.000
113	  L	  0.8	  0.1	0.000	0.000	0.000
114	  I	  0.8	  0.0	0.000	0.000	0.000
115	  P	  0.1	  0.0	0.000	0.000	0.000
116	  I	  0.5	  0.0	0.000	0.000	0.000
117	  E	  0.4	  0.0	0.195	0.000	0.000
118	  P	  0.4	  0.0	0.195	0.000	0.000
119	  L	  2.4	  0.0	0.195	0.000	0.000
120	  T	  5.2	  0.0	1.719	0.000	0.000
121	  L	  5.5	  0.0	1.719	0.000	0.000
122	  Q	  3.3	  0.0	1.719	0.000	0.000
123	  A	  0.6	  0.0	1.524	0.000	0.000
124	  R	  0.8	  0.0	1.524	0.000	0.000
125	  M	  7.7	  0.0	1.524	0.000	0.000
126	  S	 16.0	  0.0	0.585	0.000	0.000
127	  C	 17.2	  0.1	0.131	0.000	0.000
128	  E	 10.7	  0.1	0.000	0.000	0.000
129	  H	  2.1	  0.2	0.000	0.000	0.000
130	  E	  0.8	  0.3	0.000	0.000	0.000
131	  A	  0.7	  0.6	0.000	0.000	0.000
132	  H	  0.6	  0.9	0.000	0.000	0.000
133	  G	  0.2	  1.1	0.000	0.000	0.000
134	  H	  0.2	  1.6	0.000	0.000	0.000
135	  G	  0.1	  1.4	0.000	0.000	0.000
136	  R	  0.1	  1.2	0.000	0.000	0.000
137	  G	  0.1	  0.9	0.000	0.000	0.000
138	  S	  2.4	  0.3	0.181	0.325	0.325
139	  W	  5.5	  0.0	0.181	7.826	7.826
140	  Q	  6.5	  0.0	0.181	7.826	7.826
141	  F	  4.9	  0.0	0.181	7.826	7.826
142	  L	  2.1	  0.1	0.181	7.826	7.826
143	  F	  1.6	  6.3	0.181	7.826	7.826
144	  N	  0.9	  6.4	0.181	0.281	0.281
145	  G	  0.5	  6.4	0.000	0.000	0.000
146	  Q	  0.7	  6.3	0.000	0.000	0.000
147	  K	  0.9	  0.1	0.000	0.410	0.410
148	  F	  1.6	  0.1	0.000	0.410	0.410
149	  L	  1.5	  0.0	0.000	0.410	0.410
150	  L	  1.6	  0.0	0.000	0.410	0.410
151	  F	  1.8	  0.1	0.000	0.410	0.410
152	  D	  1.3	  3.6	0.220	0.410	0.410
153	  S	  0.9	  4.0	0.920	0.000	0.000
154	  N	  0.0	  4.0	0.920	0.000	0.000
155	  N	  0.1	  3.9	0.920	0.000	0.000
156	  R	  0.5	  0.4	0.920	0.000	0.000
157	  K	  2.6	  0.0	0.920	0.000	0.000
158	  W	  5.7	  0.0	0.700	0.000	0.000
159	  T	  5.8	  0.0	0.324	0.000	0.000
160	  A	  4.1	  0.0	0.324	0.000	0.000
161	  L	  1.0	  0.0	0.324	0.000	0.000
162	  H	  0.6	  3.0	0.322	0.000	0.000
163	  P	  0.1	  3.1	0.123	0.000	0.000
164	  G	  0.0	  3.1	0.123	0.000	0.000
165	  A	  0.1	  3.1	0.123	0.000	0.000
166	  K	  0.1	  0.1	0.123	0.000	0.000
167	  K	  2.3	  0.0	0.123	0.000	0.000
168	  M	  2.3	  0.1	0.123	0.000	0.000
169	  T	  2.5	  0.0	0.000	0.000	0.000
170	  E	  0.5	  0.0	0.000	0.000	0.000
171	  K	  3.0	  0.0	0.000	0.000	0.000
172	  W	  3.9	  0.1	0.000	0.000	0.000
173	  E	  4.0	  0.2	0.000	0.000	0.000
174	  K	  1.6	  0.2	0.000	0.000	0.000
175	  N	  0.3	  0.9	0.000	0.000	0.000
176	  R	  0.3	  0.8	0.000	0.000	0.000
177	  D	  1.3	  0.7	0.000	0.000	0.000
178	  V	  8.9	  0.7	0.000	43.800	43.800
179	  T	  9.9	  0.0	0.000	44.185	44.185
180	  M	  9.5	  0.0	0.000	44.185	44.185
181	  F	  4.0	  0.0	0.000	44.185	44.185
182	  F	  4.4	  0.1	0.000	44.185	44.185
183	  Q	  3.9	  0.1	0.000	2.036	2.036
184	  K	  2.7	  0.1	0.000	0.000	0.000
185	  I	  4.6	  0.1	0.000	0.000	0.000
186	  S	  4.6	  0.2	0.165	0.000	0.000
187	  L	  3.8	  0.8	0.165	0.000	0.000
188	  G	  0.2	  0.8	0.165	0.000	0.000
189	  D	  0.2	  0.8	0.312	0.000	0.000
190	  C	  0.8	  0.6	0.770	0.000	0.000
191	  K	  1.1	  0.0	0.770	0.000	0.000
192	  M	  1.5	  0.0	0.770	0.000	0.000
193	  W	  1.3	  0.0	1.353	0.000	0.000
194	  L	  1.1	  0.1	1.353	0.000	0.000
195	  E	  0.5	  0.1	1.353	0.000	0.000
196	  E	  0.2	  0.1	1.353	0.000	0.000
197	  F	  1.0	  0.1	1.353	6.569	6.569
198	  L	  1.6	  0.0	1.353	6.569	6.569
199	  M	  2.1	  0.0	1.353	6.569	6.569
200	  Y	  3.0	  0.0	1.054	6.569	6.569
201	  W	  2.9	  0.1	0.745	6.569	6.569
202	  E	  2.3	  0.1	0.745	0.000	0.000
203	  Q	  1.3	  0.1	0.144	0.000	0.000
204	  M	  1.5	  0.1	0.000	0.000	0.000
205	  L	  1.6	  0.0	0.000	0.000	0.000
206	  D	  1.0	  0.8	0.000	0.000	0.000
207	  P	  0.1	  0.8	0.000	0.000	0.000
208	  T	  0.0	  0.8	0.000	0.000	0.000
209	  K	  0.0	  0.8	0.000	0.000	0.000
210	  P	  0.0	  0.5	0.000	0.000	0.000
211	  P	  0.0	  0.6	0.000	0.000	0.000
212	  S	  0.3	  0.6	0.000	0.000	0.000
213	  L	  0.3	  0.6	0.000	0.000	0.000
214	  A	  0.3	  1.0	0.000	0.000	0.000
215	  P	  0.0	  1.2	0.000	0.000	0.000
216	  G	  0.0	  1.2	0.000	0.000	0.000
217	  T	  5.2	  1.2	0.000	0.000	0.000
218	  T	  5.4	  0.3	0.000	0.000	0.000
219	  Q	  5.3	  0.2	0.000	0.000	0.000
220	  P	  0.2	  0.2	0.000	0.000	0.000
221	  K	  0.1	  0.2	0.000	0.000	0.000
222	  A	  0.2	  0.2	0.000	0.000	0.000
223	  M	  0.2	  0.0	0.000	0.000	0.000
224	  A	  0.3	  0.0	0.000	0.000	0.000
225	  T	  1.1	  0.0	0.000	0.000	0.000
226	  T	 10.7	  0.0	0.000	0.000	0.000
227	  L	 10.6	  0.0	0.000	0.000	0.000
228	  S	  9.8	  0.2	1.327	0.000	0.000
229	  P	  0.1	  0.2	1.327	0.771	0.771
230	  W	  1.6	  0.2	1.327	63.586	63.586
231	  S	  1.8	  0.2	6.545	66.948	66.948
232	  L	  2.6	  0.1	6.545	94.043	94.043
233	  L	  2.4	  0.1	6.545	99.002	99.002
234	  I	  4.2	  0.0	6.545	99.908	99.908
235	  I	  4.7	  0.0	6.545	99.991	99.991
236	  F	  5.1	  0.0	6.545	99.998	99.998
237	  L	  4.0	  0.0	5.804	99.986	99.986
238	  C	  4.1	  0.0	5.397	99.907	99.907
239	  F	  3.3	  0.0	4.484	99.873	99.873
240	  I	  3.1	  0.0	3.072	99.458	99.458
241	  L	  1.8	  0.4	3.072	94.919	94.919
242	  A	  0.9	  0.4	2.272	70.126	70.126
243	  G	  0.1	  0.4	1.749	13.022	13.022
244	  R	  0.0	  0.4	0.185	0.043	0.043
