res	aa	Beta	Turn	Helix	Aggregation	Conc-Stab_Aggregation
01	  M	  0.2	  0.0	0.000	0.000	0.000
02	  R	  0.2	  0.0	0.000	0.000	0.000
03	  P	  0.2	  0.0	0.000	0.000	0.000
04	  M	  5.1	  0.0	0.000	0.000	0.000
05	  R	  8.2	  0.0	0.000	0.000	0.000
06	  I	  9.6	  0.0	0.000	0.000	0.000
07	  F	  6.2	  0.1	0.000	0.000	0.000
08	  V	  3.6	  0.1	0.000	0.000	0.000
09	  N	  2.1	  1.7	0.000	0.000	0.000
10	  D	  0.5	  1.8	0.335	0.000	0.000
11	  D	  0.0	  1.8	0.482	0.000	0.000
12	  R	  0.9	  1.7	0.482	0.000	0.000
13	  H	  2.7	  0.2	0.482	0.000	0.000
14	  V	  4.0	  0.1	0.482	0.000	0.000
15	  M	  3.2	  0.0	0.482	0.000	0.000
16	  A	  1.5	  0.1	0.339	0.000	0.000
17	  K	  0.2	  0.1	0.339	0.000	0.000
18	  H	  0.2	  0.3	0.000	0.000	0.000
19	  S	  0.3	  0.3	0.000	0.000	0.000
20	  S	  1.8	  0.3	0.000	0.000	0.000
21	  V	  2.1	  0.2	0.000	0.000	0.000
22	  Y	  1.9	  0.2	0.000	0.000	0.000
23	  P	  0.4	  0.2	0.000	0.000	0.000
24	  T	  0.5	  0.3	1.924	0.000	0.000
25	  Q	  0.5	  0.3	1.924	0.000	0.000
26	  E	  0.5	  0.1	2.126	0.000	0.000
27	  E	  0.2	  0.1	2.842	0.000	0.000
28	  L	  0.4	  0.1	3.196	0.000	0.000
29	  E	  0.4	  0.0	3.196	0.000	0.000
30	  A	  0.7	  0.0	3.196	0.000	0.000
31	  V	  1.8	  0.1	3.077	0.000	0.000
32	  Q	  2.0	  0.1	3.077	0.000	0.000
33	  N	  1.8	  0.1	2.470	0.000	0.000
34	  M	  1.4	  0.1	1.685	0.000	0.000
35	  V	  3.5	  0.0	0.113	0.000	0.000
36	  S	  4.3	  0.0	1.457	0.000	0.000
37	  H	  3.8	  0.1	1.480	0.000	0.000
38	  T	  1.6	  0.1	2.779	0.000	0.000
39	  E	  0.5	  0.1	2.915	0.000	0.000
40	  R	  0.4	  0.1	2.915	0.000	0.000
41	  A	  0.5	  0.1	2.915	0.000	0.000
42	  L	  0.7	  0.0	2.915	0.000	0.000
43	  K	  0.8	  0.0	2.626	0.000	0.000
44	  A	  1.2	  0.0	1.367	0.000	0.000
45	  V	  1.0	  0.3	0.410	0.000	0.000
46	  S	  0.8	  0.3	0.410	0.000	0.000
47	  D	  0.6	  0.3	0.000	0.000	0.000
48	  W	  1.0	  0.3	0.000	0.000	0.000
49	  I	  1.2	  0.0	0.000	0.000	0.000
50	  D	  0.8	  0.2	1.287	0.000	0.000
51	  E	  0.2	  0.2	1.287	0.000	0.000
52	  Q	  0.2	  0.4	1.287	0.000	0.000
53	  E	  0.2	  0.7	1.287	0.000	0.000
54	  K	  0.1	  0.9	1.287	0.000	0.000
55	  G	  0.0	  1.0	1.287	0.000	0.000
56	  S	  0.1	  0.9	0.564	0.000	0.000
57	  S	  0.1	  0.7	0.149	0.000	0.000
58	  E	  0.2	  0.4	0.149	0.000	0.000
59	  Q	  0.3	  0.2	0.149	0.000	0.000
60	  A	  0.3	  0.3	0.149	0.000	0.000
61	  E	  0.3	  0.4	0.149	0.000	0.000
62	  S	  0.1	  1.4	0.149	0.000	0.000
63	  D	  0.0	  1.4	0.149	0.000	0.000
64	  N	  0.3	  1.7	0.000	0.000	0.000
65	  M	  4.5	  1.5	0.000	0.000	0.000
66	  D	  4.5	  0.5	0.000	0.000	0.000
67	  V	  4.2	  0.5	0.000	0.000	0.000
68	  P	  0.0	  0.3	0.000	0.000	0.000
69	  P	  0.0	  0.8	0.000	0.000	0.000
70	  E	  0.0	  0.9	0.000	0.000	0.000
71	  D	  0.0	  2.0	0.140	0.000	0.000
72	  D	  0.1	  1.8	0.140	0.000	0.000
73	  S	  0.6	  1.7	0.140	0.000	0.000
74	  K	  0.6	  1.9	0.140	0.000	0.000
75	  E	  0.5	  1.3	0.140	0.000	0.000
76	  G	  0.0	  1.6	0.140	0.000	0.000
77	  A	  0.0	  1.4	0.000	0.000	0.000
78	  G	  0.0	  1.2	0.000	0.000	0.000
79	  E	  0.3	  0.7	0.000	0.000	0.000
80	  Q	  0.6	  0.3	0.000	0.000	0.000
81	  K	  1.0	  0.2	0.000	0.000	0.000
82	  T	  0.8	  0.2	0.000	0.000	0.000
83	  E	  0.6	  0.1	0.000	0.000	0.000
84	  H	  0.9	  0.1	0.000	0.000	0.000
85	  M	  1.0	  0.1	0.000	0.000	0.000
86	  T	  1.6	  0.1	0.140	0.000	0.000
87	  R	  1.2	  0.1	0.140	0.000	0.000
88	  T	  3.4	  0.1	0.140	0.000	0.000
89	  L	  2.9	  0.2	0.140	0.000	0.000
90	  R	  2.7	  0.1	0.140	0.000	0.000
91	  G	  0.3	  0.1	0.140	0.000	0.000
92	  V	  2.4	  0.1	0.000	0.000	0.000
93	  M	  5.0	  0.0	0.000	0.000	0.000
94	  R	  5.4	  0.0	0.000	0.000	0.000
95	  V	  3.4	  0.0	0.000	0.484	0.484
96	  G	  0.7	  0.0	0.180	0.484	0.484
97	  L	  1.2	  0.0	0.180	0.484	0.484
98	  V	  1.7	  0.0	0.180	0.484	0.484
99	  A	  1.7	  0.2	0.309	0.484	0.484
100	  K	  0.8	  0.2	0.309	0.000	0.000
101	  G	  0.0	  0.2	0.309	0.000	0.000
102	  L	  0.9	  0.2	0.129	0.000	0.000
103	  L	  1.2	  0.0	0.129	0.000	0.000
104	  L	  1.2	  0.3	0.398	0.000	0.000
105	  K	  0.3	  1.3	0.398	0.000	0.000
106	  G	  0.1	  1.3	1.868	0.000	0.000
107	  D	  0.1	  1.9	4.958	0.000	0.000
108	  L	  1.0	  1.6	5.423	0.000	0.000
109	  D	  1.1	  0.6	17.832	0.000	0.000
110	  L	  1.5	  0.6	17.946	0.213	0.213
111	  E	  0.8	  0.0	18.992	0.213	0.213
112	  L	  2.2	  0.0	18.992	15.959	15.959
113	  V	  4.9	  0.0	18.992	15.959	15.959
114	  L	  5.8	  0.0	18.992	15.959	15.959
115	  L	  4.3	  0.0	18.493	15.959	15.959
116	  C	  1.4	  0.1	17.413	15.959	15.959
117	  K	  0.8	  0.1	12.712	0.320	0.320
118	  E	  0.7	  0.1	4.502	0.108	0.108
119	  K	  0.5	  0.2	2.364	0.000	0.000
120	  P	  0.0	  0.2	0.000	0.000	0.000
121	  T	  0.7	  0.2	0.000	0.541	0.541
122	  T	  1.2	  0.2	0.230	0.541	0.541
123	  A	  1.4	  0.0	0.230	0.541	0.541
124	  L	  1.1	  0.0	0.230	0.541	0.541
125	  L	  0.8	  0.0	0.230	0.541	0.541
126	  D	  0.5	  0.0	0.391	0.000	0.000
127	  K	  2.3	  0.0	0.391	0.000	0.000
128	  V	  2.9	  0.2	0.161	0.000	0.000
129	  A	  2.9	  0.4	0.161	0.000	0.000
130	  D	  0.7	  0.4	0.793	0.000	0.000
131	  N	  0.0	  0.4	2.026	0.000	0.000
132	  L	  0.4	  0.2	1.865	1.494	1.494
133	  A	  0.6	  0.0	1.865	1.858	1.858
134	  I	  2.1	  0.0	1.865	2.292	2.292
135	  Q	  1.8	  0.0	1.865	2.292	2.292
136	  L	  1.7	  0.0	1.633	2.512	2.512
137	  A	  0.4	  0.0	1.437	2.274	2.274
138	  A	  0.7	  0.0	0.829	2.073	2.073
139	  V	  1.4	  0.0	0.000	1.904	1.904
140	  T	  1.2	  0.4	0.000	0.378	0.378
141	  E	  0.9	  0.4	0.000	0.000	0.000
142	  D	  0.2	  0.4	0.147	0.000	0.000
143	  K	  3.7	  0.4	0.147	0.000	0.000
144	  Y	  8.9	  0.0	0.147	0.000	0.000
145	  E	  9.1	  0.0	0.147	0.000	0.000
146	  I	  7.0	  0.0	0.147	0.000	0.000
147	  L	  1.8	  0.1	0.147	0.000	0.000
148	  Q	  1.9	  0.1	0.147	0.000	0.000
149	  S	  4.9	  0.5	0.147	0.000	0.000
150	  V	  5.0	  0.6	0.000	0.000	0.000
151	  D	  4.7	  0.6	1.043	0.000	0.000
152	  D	  0.4	  0.6	1.559	0.000	0.000
153	  A	  0.2	  0.1	1.559	38.250	38.250
154	  A	  0.8	  0.1	1.559	38.250	38.250
155	  I	  8.7	  0.0	1.559	38.250	38.250
156	  V	 11.0	  0.0	1.559	38.250	38.250
157	  I	 10.6	  0.1	1.559	38.250	38.250
158	  K	  3.2	  0.1	1.559	0.000	0.000
159	  N	  1.1	  0.1	0.725	0.000	0.000
160	  T	  2.5	  0.1	0.000	0.000	0.000
161	  K	  2.1	  0.0	0.000	0.000	0.000
162	  E	  1.7	  0.0	0.000	0.000	0.000
163	  P	  0.0	  0.1	0.000	0.000	0.000
164	  P	  0.0	  0.1	0.000	0.000	0.000
165	  L	  1.7	  0.2	0.000	1.502	1.502
166	  S	  3.3	  0.2	0.000	1.502	1.502
167	  L	  7.0	  0.0	0.000	1.502	1.502
168	  T	  8.9	  0.0	0.000	1.502	1.502
169	  I	  9.7	  0.0	0.000	1.502	1.502
170	  H	  6.6	  0.0	0.000	0.000	0.000
171	  L	  4.1	  0.0	0.000	0.000	0.000
172	  T	  1.6	  0.0	0.000	0.000	0.000
173	  S	  1.0	  0.0	0.251	0.000	0.000
174	  P	  0.1	  0.0	0.251	0.000	0.000
175	  V	  2.9	  0.0	0.456	0.000	0.000
176	  V	  3.3	  0.0	1.402	0.000	0.000
177	  R	  3.4	  0.1	1.652	0.000	0.000
178	  E	  0.5	  0.1	1.914	0.000	0.000
179	  E	  0.2	  0.1	2.284	0.000	0.000
180	  M	  0.3	  0.1	2.406	0.000	0.000
181	  E	  0.4	  0.0	2.541	0.000	0.000
182	  K	  1.2	  0.0	2.541	0.000	0.000
183	  V	  2.2	  0.0	2.541	0.000	0.000
184	  L	  2.1	  0.3	2.541	0.000	0.000
185	  A	  1.2	  0.5	2.409	0.000	0.000
186	  G	  0.1	  0.6	2.409	0.000	0.000
187	  E	  0.0	  0.6	0.000	0.000	0.000
188	  T	  5.5	  0.3	0.000	0.000	0.000
189	  L	  7.3	  0.1	0.000	0.000	0.000
190	  S	 12.3	  0.4	0.000	0.000	0.000
191	  V	  8.0	  0.4	0.000	0.000	0.000
192	  N	  6.0	  0.4	0.000	0.000	0.000
193	  D	  1.0	  0.4	0.000	0.000	0.000
194	  P	  0.0	  0.9	0.000	0.000	0.000
195	  P	  0.0	  0.9	0.000	0.000	0.000
196	  D	  0.1	  0.9	0.475	0.000	0.000
197	  V	  2.8	  0.9	0.475	0.000	0.000
198	  L	  2.8	  0.1	0.620	0.000	0.000
199	  D	  2.7	  0.2	5.855	0.000	0.000
200	  R	  0.3	  0.3	5.855	0.000	0.000
201	  Q	  0.7	  0.2	5.855	0.000	0.000
202	  K	  1.1	  0.2	5.494	0.000	0.000
203	  C	  3.0	  0.1	8.224	0.000	0.000
204	  L	  2.7	  0.0	8.340	0.436	0.436
205	  A	  2.4	  0.0	8.079	0.436	0.436
206	  A	  0.3	  0.0	7.808	0.436	0.436
207	  L	  0.3	  0.1	6.929	0.436	0.436
208	  A	  0.6	  0.2	6.374	0.436	0.436
209	  S	  2.4	  0.2	5.953	0.000	0.000
210	  L	  3.1	  0.2	3.966	0.000	0.000
211	  R	  2.9	  0.1	3.075	0.000	0.000
212	  H	  1.2	  0.2	1.943	0.000	0.000
213	  A	  0.6	  0.2	0.827	0.000	0.000
214	  K	  0.6	  0.1	0.590	0.000	0.000
215	  W	  1.6	  0.1	0.288	0.000	0.000
216	  F	  4.0	  0.0	0.833	0.000	0.000
217	  Q	  3.9	  0.0	0.833	0.000	0.000
218	  A	  2.7	  0.0	0.833	0.000	0.000
219	  R	  0.5	  0.9	0.833	0.000	0.000
220	  A	  0.3	  1.8	0.833	0.000	0.000
221	  N	  0.3	  1.8	0.833	0.000	0.000
222	  G	  0.0	  1.8	0.445	0.000	0.000
223	  L	  0.3	  1.1	0.000	0.000	0.000
224	  K	  1.2	  0.2	0.000	0.000	0.000
225	  S	  2.4	  0.1	0.000	2.811	2.811
226	  C	  3.6	  0.1	0.000	23.729	23.729
227	  V	 15.6	  0.0	0.000	23.729	23.729
228	  I	 20.6	  0.0	0.000	23.729	23.729
229	  V	 21.9	  0.0	0.000	23.729	23.729
230	  I	 15.1	  0.0	0.000	23.494	23.494
231	  R	  9.6	  0.0	0.000	0.000	0.000
232	  V	  8.5	  0.0	0.000	0.000	0.000
233	  L	  3.2	  0.1	0.000	0.000	0.000
234	  R	  1.9	  0.2	0.000	0.000	0.000
235	  D	  0.4	  0.2	0.267	0.000	0.000
236	  L	  0.4	  0.2	0.267	0.000	0.000
237	  C	  2.0	  0.1	0.267	0.000	0.000
238	  T	  3.5	  0.0	0.267	0.000	0.000
239	  R	  3.4	  0.0	0.267	0.000	0.000
240	  V	  1.9	  0.3	0.267	0.000	0.000
241	  P	  0.2	  0.3	0.000	0.000	0.000
242	  T	  0.7	  0.3	0.000	0.000	0.000
243	  W	  0.7	  0.4	0.000	0.000	0.000
244	  G	  0.7	  0.3	0.177	0.000	0.000
245	  P	  0.0	  0.3	0.177	0.000	0.000
246	  L	  0.2	  0.7	0.177	0.000	0.000
247	  R	  0.4	  0.5	0.177	0.000	0.000
248	  G	  0.4	  0.4	0.177	0.000	0.000
249	  W	  0.2	  0.4	0.177	0.000	0.000
250	  P	  0.0	  0.0	0.307	0.000	0.000
251	  L	  0.7	  0.0	0.307	0.000	0.000
252	  E	  0.7	  0.0	0.307	0.000	0.000
253	  L	  1.9	  0.0	0.307	0.000	0.000
254	  L	  1.4	  0.0	0.307	0.000	0.000
255	  C	  4.2	  0.1	0.307	0.000	0.000
256	  E	  3.2	  0.2	0.307	0.000	0.000
257	  K	  3.5	  0.2	0.139	0.000	0.000
258	  S	  0.9	  0.3	0.000	0.000	0.000
259	  I	  0.7	  0.4	0.000	0.000	0.000
260	  G	  0.4	  0.3	0.000	0.000	0.000
261	  T	  0.5	  0.7	0.000	0.000	0.000
262	  A	  0.4	  0.6	0.000	0.000	0.000
263	  N	  0.3	  0.4	0.000	0.000	0.000
264	  R	  0.0	  0.6	0.000	0.000	0.000
265	  P	  0.0	  0.3	0.000	0.000	0.000
266	  M	  0.1	  0.5	0.000	0.000	0.000
267	  G	  0.1	  0.9	11.067	0.000	0.000
268	  A	  0.1	  0.7	11.423	0.000	0.000
269	  G	  0.0	  0.7	23.022	0.000	0.000
270	  E	  0.1	  0.5	24.278	0.000	0.000
271	  A	  0.2	  0.1	24.928	0.000	0.000
272	  L	  0.3	  0.1	25.065	0.000	0.000
273	  R	  1.0	  0.0	25.065	0.000	0.000
274	  R	  2.0	  0.0	24.499	0.000	0.000
275	  V	  2.9	  0.0	22.143	0.000	0.000
276	  L	  3.1	  0.0	21.885	0.000	0.000
277	  E	  2.0	  0.0	21.075	0.000	0.000
278	  C	  2.7	  0.0	19.352	0.000	0.000
279	  L	  1.9	  0.3	12.737	0.104	0.104
280	  A	  1.9	  0.4	11.694	0.104	0.104
281	  S	  0.2	  0.4	8.595	0.104	0.104
282	  G	  0.1	  0.4	0.895	0.104	0.104
283	  I	 15.1	  0.1	0.000	0.104	0.104
284	  V	 15.4	  0.0	0.000	0.104	0.104
285	  M	 15.4	  2.2	0.000	0.000	0.000
286	  P	  0.5	  2.5	0.000	0.000	0.000
287	  D	  0.0	  3.2	0.000	0.000	0.000
288	  G	  0.0	  3.4	0.000	0.000	0.000
289	  S	  0.1	  1.4	0.000	0.000	0.000
290	  G	  0.1	  1.1	0.000	0.000	0.000
291	  I	  0.6	  0.4	0.000	0.000	0.000
292	  Y	  0.8	  0.2	0.000	0.000	0.000
293	  D	  0.7	  0.3	0.634	0.000	0.000
294	  P	  0.2	  0.3	0.634	0.000	0.000
295	  C	  2.9	  0.4	0.634	0.000	0.000
296	  E	  3.0	  0.5	0.634	0.000	0.000
297	  K	  3.1	  0.2	0.634	0.000	0.000
298	  E	  0.5	  0.2	0.634	0.000	0.000
299	  A	  0.4	  0.1	0.204	0.000	0.000
300	  T	  0.4	  0.1	0.000	0.000	0.000
301	  D	  0.2	  0.1	0.000	0.000	0.000
302	  A	  0.2	  0.3	0.000	0.000	0.000
303	  I	  0.2	  0.3	0.000	0.000	0.000
304	  G	  0.1	  0.3	0.000	0.000	0.000
305	  H	  0.8	  0.6	0.000	0.000	0.000
306	  L	  0.8	  0.5	0.140	0.000	0.000
307	  D	  0.8	  0.4	1.811	0.000	0.000
308	  R	  0.5	  0.4	1.811	0.000	0.000
309	  Q	  0.6	  0.2	1.811	0.000	0.000
310	  Q	  0.8	  0.2	1.811	0.000	0.000
311	  R	  0.5	  0.5	1.811	0.000	0.000
312	  E	  0.3	  0.5	1.811	0.000	0.000
313	  D	  1.5	  0.5	1.584	0.000	0.000
314	  I	  5.8	  0.4	0.408	0.000	0.000
315	  T	  7.9	  0.1	0.408	0.000	0.000
316	  Q	  6.6	  0.1	0.408	0.000	0.000
317	  S	  2.7	  0.3	0.625	0.000	0.000
318	  A	  0.5	  0.3	0.418	0.000	0.000
319	  Q	  0.6	  0.2	0.418	0.000	0.000
320	  H	  0.6	  0.2	0.578	0.000	0.000
321	  A	  0.7	  0.1	0.718	0.000	0.000
322	  L	  2.2	  0.0	0.875	0.000	0.000
323	  R	  2.0	  0.0	0.733	0.000	0.000
324	  L	  1.8	  0.0	0.585	0.000	0.000
325	  A	  0.3	  0.0	0.585	0.000	0.000
326	  A	  0.3	  0.2	0.585	0.000	0.000
327	  F	  0.4	  0.6	0.585	0.000	0.000
328	  G	  0.3	  0.6	0.000	0.000	0.000
329	  Q	  0.8	  0.6	0.000	0.000	0.000
330	  L	  0.9	  0.4	0.000	0.000	0.000
331	  H	  2.1	  0.1	0.000	0.000	0.000
332	  K	  2.4	  0.0	0.000	0.000	0.000
333	  V	  2.8	  0.0	0.000	0.000	0.000
334	  L	  1.7	  0.0	0.000	0.000	0.000
335	  G	  0.9	  0.0	0.000	0.000	0.000
336	  M	  0.4	  0.0	0.000	0.000	0.000
337	  D	  0.3	  0.0	0.000	0.000	0.000
338	  P	  0.1	  0.0	0.000	0.000	0.000
339	  L	  0.0	  0.4	0.000	0.000	0.000
340	  P	  0.0	  0.4	0.000	0.000	0.000
341	  S	  0.4	  0.4	0.000	0.000	0.000
342	  K	  0.5	  0.4	0.000	0.000	0.000
343	  M	  0.5	  0.2	0.000	0.000	0.000
344	  P	  0.1	  0.2	0.000	0.000	0.000
345	  K	  0.0	  0.2	0.000	0.000	0.000
346	  K	  0.0	  0.4	0.000	0.000	0.000
347	  P	  0.0	  0.4	0.000	0.000	0.000
348	  K	  0.1	  0.5	0.000	0.000	0.000
349	  N	  0.1	  0.5	0.000	0.000	0.000
350	  E	  0.1	  0.3	0.000	0.000	0.000
351	  N	  0.0	  0.0	0.000	0.000	0.000
352	  P	  0.0	  0.1	0.000	0.000	0.000
353	  V	  1.6	  0.1	0.000	0.000	0.000
354	  D	  2.3	  0.1	0.000	0.000	0.000
355	  Y	 12.2	  0.1	0.000	0.000	0.000
356	  T	 20.1	  0.0	0.000	0.000	0.000
357	  V	 24.7	  0.0	0.000	0.000	0.000
358	  Q	 15.5	  0.0	0.000	0.000	0.000
359	  I	  6.1	  0.0	0.000	0.000	0.000
360	  P	  0.0	  0.3	0.000	0.000	0.000
361	  P	  0.0	  0.4	0.000	0.000	0.000
362	  S	  0.7	  0.4	0.000	0.000	0.000
363	  T	  4.3	  0.4	0.000	0.701	0.701
364	  T	  8.0	  0.1	0.000	0.701	0.701
365	  Y	  8.3	  0.0	0.000	0.701	0.701
366	  A	  5.4	  0.0	0.000	0.701	0.701
367	  I	  2.5	  0.0	0.000	0.701	0.701
368	  T	  1.5	  0.0	0.000	0.000	0.000
369	  P	  0.8	  0.0	0.000	0.000	0.000
370	  M	  0.3	  0.0	0.000	0.000	0.000
371	  K	  0.3	  0.0	0.000	0.000	0.000
372	  R	  0.3	  0.0	0.000	0.000	0.000
373	  P	  0.1	  0.0	0.000	0.000	0.000
374	  M	  0.0	  0.1	0.000	0.000	0.000
375	  E	  0.0	  0.7	0.000	0.000	0.000
376	  E	  0.1	  1.0	0.000	0.000	0.000
377	  D	  0.0	  1.1	0.000	0.000	0.000
378	  G	  0.0	  1.1	0.000	0.000	0.000
379	  E	  0.2	  0.6	0.000	0.000	0.000
380	  E	  0.6	  0.2	0.000	0.000	0.000
381	  K	  0.6	  0.1	0.000	0.000	0.000
382	  S	  0.5	  3.1	0.000	0.000	0.000
383	  P	  0.1	  3.1	0.000	0.000	0.000
384	  S	  0.2	  3.2	0.000	0.000	0.000
385	  K	  0.2	  3.3	0.000	0.000	0.000
386	  K	  0.3	  0.2	0.000	0.000	0.000
387	  K	  0.2	  0.2	0.000	0.000	0.000
388	  K	  0.3	  0.1	0.000	0.000	0.000
389	  K	  0.8	  0.1	0.000	0.000	0.000
390	  I	  1.0	  0.1	0.000	0.000	0.000
391	  Q	  0.9	  0.1	0.000	0.000	0.000
392	  K	  0.6	  0.1	0.000	0.000	0.000
393	  K	  0.6	  0.2	0.000	0.000	0.000
394	  E	  0.6	  0.2	0.000	0.000	0.000
395	  E	  0.4	  0.2	0.000	0.000	0.000
396	  K	  1.1	  0.1	0.000	0.000	0.000
397	  A	  0.9	  0.1	0.000	0.000	0.000
398	  E	  0.8	  0.0	0.000	0.000	0.000
399	  P	  0.0	  0.3	0.000	0.000	0.000
400	  P	  0.0	  0.3	0.000	0.000	0.000
401	  Q	  0.2	  0.3	0.000	0.000	0.000
402	  A	  0.4	  0.4	0.000	0.000	0.000
403	  M	  0.8	  0.2	0.000	0.000	0.000
404	  N	  0.6	  0.1	2.186	0.000	0.000
405	  A	  0.7	  0.1	2.186	0.000	0.000
406	  L	  0.5	  0.0	2.186	0.000	0.000
407	  M	  2.4	  0.0	2.186	0.000	0.000
408	  R	  4.6	  0.0	2.318	0.000	0.000
409	  L	  4.7	  0.0	2.318	0.000	0.000
410	  N	  2.9	  0.1	1.945	0.000	0.000
411	  Q	  2.2	  0.1	1.305	0.000	0.000
412	  L	  2.1	  0.1	0.783	0.000	0.000
413	  K	  2.0	  0.6	0.569	0.000	0.000
414	  P	  0.1	  0.6	0.000	0.000	0.000
415	  G	  0.0	  0.6	0.000	0.000	0.000
416	  L	  1.7	  0.6	0.000	0.000	0.000
417	  Q	  3.8	  0.0	0.000	0.000	0.000
418	  Y	  5.1	  0.1	0.000	0.000	0.000
419	  K	  4.1	  0.1	0.000	0.000	0.000
420	  L	  2.7	  0.1	0.000	0.000	0.000
421	  V	  3.2	  0.1	0.000	0.000	0.000
422	  S	  3.0	  0.3	0.000	0.000	0.000
423	  Q	  2.3	  0.3	0.000	0.000	0.000
424	  T	  0.4	  0.3	0.000	0.000	0.000
425	  G	  0.0	  0.3	0.000	0.000	0.000
426	  P	  0.0	  0.0	0.000	0.000	0.000
427	  V	  4.5	  0.0	0.000	0.000	0.000
428	  H	  4.6	  0.0	0.000	0.000	0.000
429	  A	  4.6	  0.0	0.000	0.000	0.000
430	  P	  0.1	  0.0	0.000	0.000	0.000
431	  I	  1.3	  0.0	0.000	3.217	3.217
432	  F	  5.4	  0.0	0.000	3.488	3.488
433	  T	 10.2	  0.0	0.000	3.488	3.488
434	  M	 10.6	  0.0	0.000	3.488	3.488
435	  S	  9.9	  0.0	0.000	3.488	3.488
436	  V	 22.3	  0.0	0.000	3.236	3.236
437	  E	 24.1	  0.1	0.000	0.000	0.000
438	  V	 21.4	  0.2	0.000	0.000	0.000
439	  D	  5.5	  1.1	0.000	0.000	0.000
440	  G	  0.2	  1.1	0.000	0.000	0.000
441	  N	  0.9	  1.1	0.000	0.000	0.000
442	  S	  7.9	  0.9	0.000	0.000	0.000
443	  F	 10.1	  0.1	0.000	0.000	0.000
444	  E	  9.4	  0.3	0.000	0.000	0.000
445	  A	  2.6	  0.3	0.000	0.000	0.000
446	  S	  0.3	  0.5	0.000	0.000	0.000
447	  G	  0.1	  1.0	0.000	0.000	0.000
448	  P	  0.0	  0.8	0.000	0.000	0.000
449	  S	  0.1	  0.9	0.590	0.000	0.000
450	  K	  0.4	  0.8	0.590	0.000	0.000
451	  K	  0.7	  0.2	0.590	0.000	0.000
452	  T	  1.9	  0.1	0.590	0.000	0.000
453	  A	  1.9	  0.1	0.590	0.000	0.000
454	  K	  2.1	  0.0	0.590	0.000	0.000
455	  L	  1.8	  0.0	0.000	0.000	0.000
456	  H	  2.9	  0.0	0.000	0.000	0.000
457	  V	  8.4	  0.0	0.000	0.000	0.000
458	  A	  8.0	  0.0	0.000	0.000	0.000
459	  V	 20.8	  0.0	0.000	0.000	0.000
460	  K	 15.7	  0.0	0.000	0.000	0.000
461	  V	 17.0	  0.0	0.000	0.000	0.000
462	  L	  3.2	  0.1	0.000	0.000	0.000
463	  Q	  2.3	  0.1	0.000	0.000	0.000
464	  D	  0.3	  0.1	0.000	0.000	0.000
465	  M	  0.6	  0.1	0.000	0.000	0.000
466	  G	  0.5	  0.0	0.000	0.000	0.000
467	  L	  0.5	  0.7	0.000	0.000	0.000
468	  P	  0.0	  0.8	0.000	0.000	0.000
469	  T	  0.0	  0.9	0.000	0.000	0.000
470	  G	  0.0	  1.3	0.000	0.000	0.000
471	  A	  0.0	  1.1	0.000	0.000	0.000
472	  E	  0.0	  1.4	0.000	0.000	0.000
473	  G	  0.0	  1.5	0.000	0.000	0.000
474	  R	  0.1	  1.2	0.000	0.000	0.000
475	  D	  0.1	  2.4	0.000	0.000	0.000
476	  S	  0.2	  2.3	0.000	0.000	0.000
477	  S	  0.3	  2.7	0.000	0.000	0.000
478	  K	  0.2	  2.7	0.000	0.000	0.000
479	  G	  0.1	  1.5	0.000	0.000	0.000
480	  E	  0.1	  1.2	0.000	0.000	0.000
481	  D	  0.1	  0.6	0.000	0.000	0.000
482	  S	  0.5	  0.5	0.383	0.000	0.000
483	  A	  0.4	  0.2	0.383	0.000	0.000
484	  E	  0.4	  0.2	0.383	0.000	0.000
485	  E	  0.1	  0.1	0.383	0.000	0.000
486	  T	  0.1	  0.1	0.383	0.000	0.000
487	  E	  1.0	  0.1	0.383	0.000	0.000
488	  A	  1.0	  0.0	0.383	0.000	0.000
489	  K	  1.0	  0.0	0.383	0.000	0.000
490	  P	  0.0	  0.0	0.000	0.000	0.000
491	  A	  0.8	  0.0	0.000	0.000	0.000
492	  V	 11.1	  0.0	0.000	0.000	0.000
493	  V	 11.5	  0.0	0.000	0.000	0.000
494	  A	 10.8	  0.0	0.000	0.000	0.000
495	  P	  0.5	  0.0	0.000	0.000	0.000
496	  A	  0.0	  0.0	0.000	0.000	0.000
497	  P	  0.0	  0.0	0.000	0.000	0.000
498	  V	  4.2	  0.0	0.000	0.000	0.000
499	  V	  5.8	  0.0	0.000	0.000	0.000
500	  E	  5.9	  0.0	0.000	0.000	0.000
501	  A	  2.3	  0.0	0.000	0.000	0.000
502	  V	  2.1	  0.0	0.000	0.000	0.000
503	  S	  2.1	  0.0	0.000	0.000	0.000
504	  T	  1.6	  0.5	0.414	0.000	0.000
505	  P	  0.1	  0.5	0.414	0.000	0.000
506	  S	  0.1	  0.5	0.414	0.000	0.000
507	  A	  0.3	  0.5	0.414	0.000	0.000
508	  A	  0.3	  0.0	0.414	0.000	0.000
509	  F	  0.2	  0.6	0.414	0.000	0.000
510	  P	  0.1	  0.9	0.000	0.000	0.000
511	  S	  0.0	  1.0	1.038	0.000	0.000
512	  D	  0.0	  1.3	1.467	0.000	0.000
513	  A	  0.2	  0.7	1.467	0.000	0.000
514	  T	  0.6	  0.4	1.467	0.000	0.000
515	  A	  0.5	  0.6	1.467	0.000	0.000
516	  E	  0.4	  0.2	1.467	0.000	0.000
517	  Q	  0.0	  0.2	0.988	0.000	0.000
518	  G	  0.0	  0.2	0.643	0.000	0.000
519	  P	  0.0	  0.0	0.168	0.000	0.000
520	  I	  1.8	  0.0	0.168	0.000	0.000
521	  L	  2.3	  0.0	0.168	0.000	0.000
522	  T	  2.9	  0.2	0.168	0.000	0.000
523	  K	  1.2	  2.2	0.168	0.000	0.000
524	  H	  0.7	  2.5	0.000	0.000	0.000
525	  G	  0.2	  2.5	0.000	0.000	0.000
526	  K	  0.1	  2.2	0.000	0.000	0.000
527	  N	  0.1	  0.3	0.000	0.000	0.000
528	  P	  0.0	  0.0	0.000	0.000	0.000
529	  V	  1.7	  0.0	0.000	0.000	0.000
530	  M	  2.5	  0.0	0.000	0.000	0.000
531	  E	  3.4	  0.0	0.000	0.000	0.000
532	  L	  1.8	  0.1	0.000	0.000	0.000
533	  N	  1.0	  0.2	2.772	0.000	0.000
534	  E	  0.2	  0.2	2.890	0.000	0.000
535	  K	  0.4	  0.3	2.890	0.000	0.000
536	  R	  0.6	  0.3	2.890	0.000	0.000
537	  R	  0.5	  0.2	2.890	0.000	0.000
538	  G	  0.2	  0.2	2.890	0.000	0.000
539	  L	  0.9	  0.1	1.541	0.464	0.464
540	  K	  4.4	  0.0	0.310	0.464	0.464
541	  Y	  6.6	  0.1	0.000	0.464	0.464
542	  E	  5.9	  0.1	0.000	0.464	0.464
543	  L	  2.8	  0.1	0.000	0.464	0.464
544	  I	  0.7	  0.1	0.000	0.464	0.464
545	  S	  0.7	  0.5	0.000	0.000	0.000
546	  E	  0.2	  0.5	0.000	0.000	0.000
547	  T	  0.1	  0.6	0.000	0.000	0.000
548	  G	  0.0	  1.1	0.000	0.000	0.000
549	  G	  0.0	  0.8	0.000	0.000	0.000
550	  S	  0.9	  1.2	0.000	0.000	0.000
551	  H	  0.9	  1.1	0.000	0.000	0.000
552	  D	  1.0	  0.7	0.000	0.000	0.000
553	  K	  0.3	  0.6	0.000	0.000	0.000
554	  R	  1.1	  0.2	0.000	0.000	0.000
555	  F	  2.5	  0.1	0.000	0.000	0.000
556	  V	  3.5	  0.0	0.000	0.000	0.000
557	  M	  4.4	  0.0	0.000	0.000	0.000
558	  E	  4.8	  0.0	0.000	0.000	0.000
559	  V	 22.3	  0.0	0.000	0.000	0.000
560	  E	 24.5	  0.1	0.000	0.000	0.000
561	  V	 23.0	  0.8	0.000	0.000	0.000
562	  D	  5.9	  0.8	0.000	0.000	0.000
563	  G	  0.2	  0.9	0.000	0.000	0.000
564	  Q	  0.7	  0.8	0.000	0.000	0.000
565	  K	  1.6	  0.1	0.000	0.000	0.000
566	  F	  2.1	  0.3	0.000	0.000	0.000
567	  Q	  1.4	  0.5	0.000	0.000	0.000
568	  G	  0.5	  1.1	0.000	0.000	0.000
569	  A	  0.0	  1.8	0.000	0.000	0.000
570	  G	  0.0	  1.9	0.000	0.000	0.000
571	  S	  0.0	  1.7	0.000	0.000	0.000
572	  N	  0.0	  1.1	0.000	0.000	0.000
573	  K	  0.2	  0.4	0.000	0.000	0.000
574	  K	  2.4	  0.1	0.000	0.000	0.000
575	  V	  3.2	  0.0	0.000	0.000	0.000
576	  A	  3.0	  0.0	0.000	0.000	0.000
577	  K	  1.0	  0.0	0.120	0.000	0.000
578	  A	  0.3	  0.0	0.304	3.910	3.910
579	  Y	  1.0	  0.0	0.658	8.274	8.274
580	  A	  1.0	  0.0	1.365	10.465	10.465
581	  A	  0.9	  0.0	2.312	13.056	13.056
582	  L	  0.3	  0.0	2.621	13.056	13.056
583	  A	  0.3	  0.0	3.229	12.837	12.837
584	  A	  0.3	  0.0	3.509	12.432	12.432
585	  L	  0.3	  0.0	3.509	9.880	9.880
586	  E	  0.3	  0.1	3.375	0.000	0.000
587	  K	  0.6	  0.1	3.023	0.000	0.000
588	  L	  0.5	  0.1	2.348	0.000	0.000
589	  F	  0.5	  0.8	2.210	0.000	0.000
590	  P	  0.1	  0.7	0.000	0.000	0.000
591	  D	  0.0	  0.7	0.000	0.000	0.000
592	  T	  0.0	  0.9	1.139	0.000	0.000
593	  P	  0.0	  0.2	1.139	0.000	0.000
594	  L	  0.3	  0.2	1.139	0.000	0.000
595	  A	  0.4	  0.2	1.139	0.000	0.000
596	  L	  0.7	  0.0	1.504	0.000	0.000
597	  D	  0.4	  4.0	3.531	0.000	0.000
598	  A	  0.2	  4.0	3.328	0.000	0.000
599	  N	  0.1	  4.1	3.328	0.000	0.000
600	  K	  0.1	  4.1	3.133	0.000	0.000
601	  K	  0.2	  0.2	2.895	0.000	0.000
602	  K	  0.7	  0.2	2.343	0.000	0.000
603	  R	  0.6	  0.1	0.601	0.000	0.000
604	  A	  0.6	  0.0	0.179	0.000	0.000
605	  P	  0.1	  0.0	0.000	0.000	0.000
606	  V	  0.1	  0.0	0.000	0.000	0.000
607	  P	  0.1	  0.0	0.000	0.000	0.000
608	  V	  0.9	  0.1	0.000	0.000	0.000
609	  R	  0.8	  0.1	0.000	0.000	0.000
610	  G	  0.8	  0.1	0.000	0.000	0.000
611	  G	  0.0	  0.4	0.000	0.000	0.000
612	  P	  0.0	  0.3	0.000	0.000	0.000
613	  K	  0.6	  0.3	0.000	0.000	0.000
614	  F	  1.4	  0.3	0.000	0.000	0.000
615	  A	  1.5	  0.0	0.000	0.000	0.000
616	  A	  1.0	  0.0	0.000	0.000	0.000
617	  K	  0.2	  0.2	0.000	0.000	0.000
618	  P	  0.0	  0.2	0.000	0.000	0.000
619	  H	  0.0	  0.2	0.000	0.000	0.000
620	  N	  0.0	  1.9	0.000	0.000	0.000
621	  P	  0.0	  1.7	0.000	0.000	0.000
622	  G	  0.0	  1.9	0.000	0.000	0.000
623	  F	  0.2	  1.9	0.000	0.000	0.000
624	  G	  0.2	  0.4	0.000	0.000	0.000
625	  M	  0.2	  0.4	0.000	0.000	0.000
626	  G	  0.0	  0.2	0.000	0.000	0.000
627	  G	  0.0	  0.4	0.000	0.000	0.000
628	  P	  0.0	  0.2	0.000	0.000	0.000
629	  M	  0.3	  0.3	0.000	0.000	0.000
630	  H	  0.3	  0.2	0.000	0.000	0.000
631	  N	  0.4	  0.1	0.000	0.000	0.000
632	  E	  0.1	  0.1	0.000	0.000	0.000
633	  V	  0.1	  0.0	0.000	0.000	0.000
634	  P	  0.0	  0.0	0.000	0.000	0.000
635	  P	  0.0	  0.0	0.000	0.000	0.000
636	  P	  0.0	  1.0	0.000	0.000	0.000
637	  P	  0.0	  1.0	0.000	0.000	0.000
638	  N	  0.7	  1.2	0.000	0.000	0.000
639	  L	  0.9	  1.4	0.000	0.000	0.000
640	  R	  1.0	  0.5	0.000	0.000	0.000
641	  G	  0.3	  0.8	0.000	0.000	0.000
642	  R	  0.1	  0.7	0.000	0.000	0.000
643	  G	  0.1	  0.7	0.000	0.000	0.000
644	  R	  0.1	  0.8	0.000	0.000	0.000
645	  G	  0.0	  0.7	0.000	0.000	0.000
646	  G	  0.0	  0.6	0.000	0.000	0.000
647	  S	  2.6	  0.4	0.000	0.000	0.000
648	  I	  4.9	  0.3	0.000	0.000	0.000
649	  R	  5.0	  0.3	0.000	0.000	0.000
650	  G	  2.4	  0.6	0.000	0.000	0.000
651	  R	  0.1	  0.7	0.000	0.000	0.000
652	  G	  0.1	  0.8	0.000	0.000	0.000
653	  R	  0.1	  0.8	0.000	0.000	0.000
654	  G	  0.1	  0.8	0.000	0.000	0.000
655	  R	  0.2	  0.7	0.000	0.000	0.000
656	  G	  0.1	  0.5	0.000	0.000	0.000
657	  F	  0.2	  1.3	0.000	0.000	0.000
658	  G	  0.1	  1.2	0.000	0.000	0.000
659	  G	  0.1	  1.7	0.000	0.000	0.000
660	  A	  0.1	  1.6	0.000	0.000	0.000
661	  N	  0.1	  1.0	0.000	0.000	0.000
662	  H	  0.1	  1.9	0.000	0.000	0.000
663	  G	  0.0	  1.4	0.000	0.000	0.000
664	  G	  0.0	  1.4	0.000	0.000	0.000
665	  Y	  1.4	  1.2	0.000	0.000	0.000
666	  M	  1.7	  0.2	0.000	0.000	0.000
667	  N	  1.7	  0.9	0.000	0.000	0.000
668	  A	  0.4	  1.2	0.000	0.000	0.000
669	  G	  0.0	  1.5	0.000	0.000	0.000
670	  A	  0.0	  1.5	0.000	0.000	0.000
671	  G	  0.0	  0.9	0.000	0.000	0.000
672	  Y	  0.2	  2.5	0.000	0.000	0.000
673	  G	  0.2	  2.3	0.000	0.000	0.000
674	  S	  1.0	  2.5	0.000	0.000	0.000
675	  Y	  1.0	  2.3	0.000	0.000	0.000
676	  G	  1.0	  0.4	0.000	0.000	0.000
677	  Y	  0.3	  0.9	0.000	0.000	0.000
678	  G	  0.1	  1.9	0.000	0.000	0.000
679	  G	  0.1	  1.9	0.000	0.000	0.000
680	  N	  0.0	  1.9	0.817	0.000	0.000
681	  S	  0.9	  1.4	0.949	0.000	0.000
682	  A	  1.0	  0.3	0.949	0.000	0.000
683	  T	  1.0	  0.6	0.949	0.000	0.000
684	  A	  0.3	  0.5	0.949	0.000	0.000
685	  G	  0.2	  0.4	0.949	0.000	0.000
686	  Y	  2.2	  0.4	0.454	0.000	0.000
687	  S	  2.7	  0.1	0.000	0.000	0.000
688	  Q	  5.7	  0.1	0.000	0.000	0.000
689	  F	  5.9	  0.1	0.000	0.000	0.000
690	  Y	  5.7	  0.7	0.000	0.000	0.000
691	  S	  2.7	  1.0	0.000	0.000	0.000
692	  N	  0.3	  1.4	0.000	0.000	0.000
693	  G	  0.0	  1.5	0.000	0.000	0.000
694	  G	  0.0	  0.9	0.000	0.000	0.000
695	  H	  0.0	  0.9	0.000	0.000	0.000
696	  S	  0.1	  1.8	0.000	0.000	0.000
697	  G	  0.1	  1.8	0.000	0.000	0.000
698	  N	  0.1	  6.2	0.000	0.000	0.000
699	  A	  0.1	  6.1	0.000	0.000	0.000
700	  S	  0.1	  5.0	0.000	0.000	0.000
701	  G	  0.1	  5.1	0.000	0.000	0.000
702	  G	  0.0	  0.8	0.000	0.000	0.000
703	  G	  0.0	  0.8	0.000	0.000	0.000
704	  G	  0.0	  0.6	0.000	0.000	0.000
705	  G	  0.0	  0.6	0.000	0.000	0.000
706	  G	  0.0	  0.6	0.000	0.000	0.000
707	  G	  0.0	  0.6	0.000	0.000	0.000
708	  G	  0.0	  0.9	0.000	0.000	0.000
709	  G	  0.0	  1.3	0.000	0.000	0.000
710	  S	  0.1	  1.5	0.000	0.000	0.000
711	  S	  0.1	  1.4	0.000	0.000	0.000
712	  G	  0.1	  1.1	0.000	0.000	0.000
713	  Y	  0.2	  2.4	0.000	0.000	0.000
714	  G	  0.2	  2.1	0.000	0.000	0.000
715	  S	  1.4	  2.1	0.000	0.000	0.000
716	  Y	  3.4	  1.9	0.000	0.000	0.000
717	  Y	  3.8	  0.2	0.000	0.000	0.000
718	  Q	  2.6	  1.3	0.000	0.000	0.000
719	  G	  0.4	  1.5	0.000	0.000	0.000
720	  D	  0.1	  1.5	0.000	0.000	0.000
721	  N	  1.1	  1.8	0.000	0.000	0.000
722	  Y	  3.6	  0.8	0.000	0.000	0.000
723	  N	  3.5	  0.5	0.000	0.000	0.000
724	  S	  2.6	  0.5	0.000	0.000	0.000
725	  P	  0.0	  0.0	0.000	0.000	0.000
726	  V	  0.0	  0.0	0.000	0.000	0.000
727	  P	  0.0	  0.2	0.000	0.000	0.000
728	  P	  0.0	  0.3	0.000	0.000	0.000
729	  K	  0.2	  0.3	0.000	0.000	0.000
730	  H	  0.3	  1.6	0.000	0.000	0.000
731	  A	  0.3	  1.4	0.000	0.000	0.000
732	  G	  0.1	  1.4	0.000	0.000	0.000
733	  K	  0.2	  1.4	0.000	0.000	0.000
734	  K	  0.2	  0.1	0.000	0.000	0.000
735	  Q	  0.2	  0.6	0.000	0.000	0.000
736	  P	  0.0	  0.7	0.000	0.000	0.000
737	  H	  0.0	  2.1	0.000	0.000	0.000
738	  G	  0.0	  2.1	0.000	0.000	0.000
739	  G	  0.0	  1.6	0.000	0.000	0.000
740	  Q	  0.6	  1.5	0.000	0.000	0.000
741	  Q	  0.7	  0.1	0.000	0.000	0.000
742	  K	  0.7	  0.5	0.000	0.000	0.000
743	  P	  0.1	  0.6	0.000	0.000	0.000
744	  S	  0.8	  0.8	0.000	0.000	0.000
745	  Y	  0.9	  3.1	0.000	0.000	0.000
746	  G	  0.9	  3.0	0.000	0.000	0.000
747	  S	  0.2	  2.8	0.000	0.000	0.000
748	  G	  0.1	  2.6	0.000	0.000	0.000
749	  Y	  1.6	  0.4	0.000	0.000	0.000
750	  Q	  1.8	  0.1	0.000	0.000	0.000
751	  S	  2.2	  0.2	0.000	0.000	0.000
752	  H	  0.7	  1.1	0.000	0.000	0.000
753	  Q	  0.5	  1.0	0.000	0.000	0.000
754	  G	  0.1	  1.0	0.000	0.000	0.000
755	  Q	  0.3	  1.0	0.000	0.000	0.000
756	  Q	  0.4	  0.2	0.000	0.000	0.000
757	  Q	  1.3	  0.2	0.000	0.000	0.000
758	  S	 10.4	  0.4	0.000	0.000	0.000
759	  Y	 11.7	  0.4	0.000	0.000	0.000
760	  N	 11.0	  0.3	0.000	0.000	0.000
761	  Q	  1.8	  0.3	0.000	0.000	0.000
762	  S	  0.2	  0.2	0.000	0.000	0.000
763	  P	  0.0	  0.2	0.000	0.000	0.000
764	  Y	  0.3	  0.5	0.000	0.000	0.000
765	  S	  0.4	  0.5	0.000	0.000	0.000
766	  N	  0.4	  0.3	0.000	0.000	0.000
767	  Y	  0.1	  0.3	0.000	0.000	0.000
768	  G	  0.0	  0.0	0.000	0.000	0.000
769	  P	  0.0	  0.8	0.000	0.000	0.000
770	  P	  0.0	  1.3	0.000	0.000	0.000
771	  Q	  0.0	  1.4	0.000	0.000	0.000
772	  G	  0.0	  1.5	0.000	0.000	0.000
773	  K	  0.3	  0.7	0.000	0.000	0.000
774	  Q	  0.3	  0.5	0.000	0.000	0.000
775	  K	  0.3	  0.5	0.000	0.000	0.000
776	  G	  0.2	  0.4	0.000	0.000	0.000
777	  Y	  1.0	  0.3	0.000	0.000	0.000
778	  N	  1.0	  0.5	0.000	0.000	0.000
779	  H	  0.9	  0.6	0.000	0.000	0.000
780	  G	  0.1	  0.9	0.000	0.000	0.000
781	  Q	  0.1	  1.1	0.000	0.000	0.000
782	  G	  0.0	  0.7	0.000	0.000	0.000
783	  S	 17.7	  0.7	0.000	0.000	0.000
784	  Y	 23.1	  0.4	0.000	0.000	0.000
785	  S	 38.3	  0.3	0.000	0.000	0.000
786	  Y	 22.3	  0.4	0.000	0.000	0.000
787	  S	 16.7	  0.4	0.000	0.000	0.000
788	  N	  1.0	  0.5	0.000	0.000	0.000
789	  S	  8.1	  0.6	0.000	0.000	0.000
790	  Y	 10.3	  0.5	0.000	0.000	0.000
791	  N	  9.6	  0.4	0.000	0.000	0.000
792	  S	  2.5	  1.8	0.000	0.000	0.000
793	  P	  0.0	  1.6	0.000	0.000	0.000
794	  G	  0.0	  1.8	0.000	0.000	0.000
795	  G	  0.0	  1.9	0.000	0.000	0.000
796	  G	  0.0	  0.5	0.000	0.000	0.000
797	  G	  0.0	  0.8	0.000	0.000	0.000
798	  G	  0.0	  1.0	0.000	0.000	0.000
799	  S	  0.0	  0.9	0.000	0.000	0.000
800	  D	  0.5	  1.2	0.000	0.000	0.000
801	  Y	  4.0	  0.8	0.000	0.000	0.000
802	  N	  6.4	  0.4	3.729	0.000	0.000
803	  Y	  7.2	  0.5	3.729	0.000	0.000
804	  E	  4.3	  0.2	3.729	0.000	0.000
805	  S	  1.8	  0.2	3.729	0.000	0.000
806	  K	  1.4	  0.2	3.729	0.000	0.000
807	  F	  4.3	  0.0	3.729	0.000	0.000
808	  N	  5.1	  0.8	3.177	0.000	0.000
809	  Y	  5.6	  1.1	0.952	0.000	0.000
810	  S	  2.7	  2.7	0.147	0.000	0.000
811	  G	  1.6	  2.9	0.000	0.000	0.000
812	  S	  0.3	  2.8	0.000	0.000	0.000
813	  G	  0.0	  2.7	0.000	0.000	0.000
814	  G	  0.0	  1.5	0.000	0.000	0.000
815	  R	  0.1	  1.5	0.000	0.000	0.000
816	  S	  0.1	  1.0	0.000	0.000	0.000
817	  G	  0.1	  1.9	0.000	0.000	0.000
818	  G	  0.0	  1.6	0.000	0.000	0.000
819	  N	  1.0	  1.8	0.000	0.000	0.000
820	  S	  1.8	  1.7	0.000	0.000	0.000
821	  Y	  1.9	  2.9	0.000	0.000	0.000
822	  G	  0.9	  3.0	0.000	0.000	0.000
823	  S	  0.2	  2.9	0.000	0.000	0.000
824	  G	  0.0	  2.8	0.000	0.000	0.000
825	  G	  0.0	  0.8	0.000	0.000	0.000
826	  A	  0.6	  0.6	0.000	0.000	0.000
827	  S	 14.3	  0.4	0.000	0.000	0.000
828	  Y	 14.5	  0.2	0.000	0.000	0.000
829	  N	 14.0	  3.7	0.000	0.000	0.000
830	  P	  0.2	  4.0	0.000	0.000	0.000
831	  G	  0.0	  4.3	0.000	0.000	0.000
832	  S	  0.2	  4.5	0.000	0.000	0.000
833	  H	  0.2	  1.9	0.000	0.000	0.000
834	  G	  0.2	  1.5	0.000	0.000	0.000
835	  G	  0.0	  1.3	0.000	0.000	0.000
836	  Y	  0.1	  1.6	0.000	0.000	0.000
837	  G	  0.1	  0.6	0.000	0.000	0.000
838	  G	  0.1	  1.3	0.000	0.000	0.000
839	  G	  0.0	  1.6	0.000	0.000	0.000
840	  S	  0.0	  1.4	0.000	0.000	0.000
841	  G	  0.0	  1.4	0.000	0.000	0.000
842	  G	  0.0	  1.2	0.000	0.000	0.000
843	  G	  0.0	  1.1	0.000	0.000	0.000
844	  S	  0.3	  0.8	0.000	0.000	0.000
845	  S	  3.6	  0.7	0.125	0.000	0.000
846	  Y	  4.1	  0.6	0.125	0.000	0.000
847	  Q	  3.8	  0.4	0.125	0.000	0.000
848	  G	  0.5	  0.7	0.125	0.000	0.000
849	  K	  0.0	  0.8	0.125	0.000	0.000
850	  Q	  0.0	  1.0	0.125	0.000	0.000
851	  G	  0.0	  0.9	0.000	0.000	0.000
852	  G	  0.1	  0.7	0.000	0.000	0.000
853	  Y	  2.4	  0.6	0.000	0.000	0.000
854	  S	  3.9	  0.8	0.000	0.000	0.000
855	  Q	  3.9	  1.0	0.000	0.000	0.000
856	  S	  1.7	  1.0	0.000	0.000	0.000
857	  N	  0.9	  1.4	0.000	0.000	0.000
858	  Y	  3.3	  0.7	0.000	0.000	0.000
859	  N	  3.3	  0.5	0.000	0.000	0.000
860	  S	  2.5	  3.6	0.000	0.000	0.000
861	  P	  0.0	  3.7	0.000	0.000	0.000
862	  G	  0.0	  4.1	0.000	0.000	0.000
863	  S	  0.0	  4.3	0.000	0.000	0.000
864	  G	  0.1	  1.5	0.000	0.000	0.000
865	  Q	  0.8	  0.9	0.000	0.000	0.000
866	  N	  1.9	  1.3	0.000	0.000	0.000
867	  Y	  3.3	  1.1	0.000	0.000	0.000
868	  S	  2.6	  0.9	0.000	0.000	0.000
869	  G	  1.4	  0.9	0.000	0.000	0.000
870	  P	  0.0	  0.5	0.000	0.000	0.000
871	  P	  0.0	  0.6	0.000	0.000	0.000
872	  S	  0.3	  0.6	0.000	0.000	0.000
873	  S	  3.6	  0.6	0.000	0.000	0.000
874	  Y	  5.1	  0.2	0.000	0.000	0.000
875	  Q	  5.0	  0.2	0.000	0.000	0.000
876	  S	  1.8	  0.5	0.000	0.000	0.000
877	  S	  0.3	  0.8	0.000	0.000	0.000
878	  Q	  0.2	  1.2	0.000	0.000	0.000
879	  G	  0.0	  1.2	0.000	0.000	0.000
880	  G	  0.0	  1.0	0.000	0.000	0.000
881	  Y	  0.2	  1.6	0.000	0.000	0.000
882	  G	  0.2	  1.4	0.000	0.000	0.000
883	  R	  0.2	  1.3	0.000	0.000	0.000
884	  N	  0.1	  4.3	0.000	0.000	0.000
885	  A	  0.1	  3.5	0.000	0.000	0.000
886	  D	  0.1	  3.3	0.000	0.000	0.000
887	  H	  0.2	  3.3	0.000	0.000	0.000
888	  S	  3.3	  1.0	0.000	0.000	0.000
889	  M	  5.3	  1.0	0.000	0.000	0.000
890	  N	  6.2	  0.8	0.000	0.000	0.000
891	  Y	  8.7	  0.8	0.000	0.000	0.000
892	  Q	  8.0	  0.0	0.000	0.000	0.000
893	  Y	  7.0	  0.0	0.000	0.000	0.000
894	  R	  1.5	  0.0	0.000	0.000	0.000
