res	aa	Beta	Turn	Helix	Aggregation	Conc-Stab_Aggregation
01	  M	  2.3	  0.0	0.000	0.000	0.000
02	  E	  7.7	  0.0	0.000	0.000	0.000
03	  V	  8.0	  0.0	0.000	0.000	0.000
04	  S	  5.9	  0.2	0.000	0.000	0.000
05	  P	  0.3	  0.2	0.000	0.000	0.000
06	  L	  0.1	  0.2	0.000	0.000	0.000
07	  Q	  0.1	  0.2	0.000	0.000	0.000
08	  P	  0.1	  0.0	0.000	0.000	0.000
09	  V	  0.3	  0.0	0.000	0.000	0.000
10	  N	  0.3	  1.1	0.000	0.000	0.000
11	  E	  0.3	  1.1	0.000	0.000	0.000
12	  N	  0.3	  1.1	0.662	0.000	0.000
13	  M	  1.3	  1.1	0.662	0.000	0.000
14	  Q	  1.8	  0.0	0.662	0.000	0.000
15	  V	  1.9	  0.0	0.662	0.000	0.000
16	  N	  1.1	  0.0	0.782	0.000	0.000
17	  K	  3.1	  0.0	0.782	0.000	0.000
18	  I	  3.2	  0.0	0.583	0.000	0.000
19	  K	  3.0	  0.2	0.583	0.000	0.000
20	  K	  0.5	  0.2	0.345	0.000	0.000
21	  N	  0.1	  2.8	1.696	0.000	0.000
22	  E	  0.1	  2.8	2.599	0.000	0.000
23	  D	  0.0	  2.8	12.064	0.000	0.000
24	  A	  0.1	  2.9	12.064	0.000	0.000
25	  K	  0.1	  0.3	12.064	0.000	0.000
26	  K	  0.3	  0.3	12.064	0.000	0.000
27	  R	  0.6	  0.1	11.734	0.000	0.000
28	  L	  2.2	  0.1	11.180	0.000	0.000
29	  S	  5.4	  0.0	7.161	0.000	0.000
30	  V	  6.3	  0.0	3.858	0.000	0.000
31	  E	  4.8	  0.0	3.716	0.000	0.000
32	  R	  4.3	  0.0	2.365	0.000	0.000
33	  I	  4.2	  0.0	1.649	0.000	0.000
34	  Y	  5.9	  0.0	1.649	0.000	0.000
35	  Q	  3.2	  0.1	0.871	0.000	0.000
36	  K	  2.2	  0.1	0.562	0.000	0.000
37	  K	  0.7	  0.1	0.000	0.000	0.000
38	  T	  1.5	  0.1	0.458	0.000	0.000
39	  Q	  2.6	  0.1	0.458	0.000	0.000
40	  L	  2.6	  0.1	0.458	0.000	0.000
41	  E	  1.8	  0.1	0.458	0.000	0.000
42	  H	  5.4	  0.0	0.458	0.000	0.000
43	  I	  8.0	  0.0	0.458	0.000	0.000
44	  L	  8.1	  0.0	0.458	0.000	0.000
45	  L	  3.5	  0.0	0.458	0.000	0.000
46	  R	  0.4	  1.1	0.298	0.000	0.000
47	  P	  0.2	  1.2	0.000	0.000	0.000
48	  D	  1.8	  1.2	0.000	0.000	0.000
49	  T	  4.1	  1.2	0.000	0.000	0.000
50	  Y	  4.6	  0.2	0.000	0.000	0.000
51	  I	  2.8	  0.3	0.000	0.000	0.000
52	  G	  0.5	  0.3	0.000	0.000	0.000
53	  S	  3.8	  0.3	0.000	0.000	0.000
54	  V	  8.0	  0.2	0.000	0.000	0.000
55	  E	  8.1	  0.0	0.000	0.000	0.000
56	  L	  4.8	  0.0	0.000	0.000	0.000
57	  V	  4.0	  0.0	0.000	0.000	0.000
58	  T	  5.5	  0.0	0.000	0.000	0.000
59	  Q	  5.5	  0.0	0.000	0.000	0.000
60	  Q	  3.1	  0.0	0.000	0.138	0.138
61	  M	  2.0	  0.0	0.000	0.138	0.138
62	  W	  2.6	  0.0	0.000	0.138	0.138
63	  V	  4.8	  0.0	0.000	0.138	0.138
64	  Y	  4.5	  0.0	0.000	0.138	0.138
65	  D	  3.5	  1.5	0.000	0.000	0.000
66	  E	  0.2	  1.5	0.000	0.000	0.000
67	  D	  0.0	  1.5	0.000	0.000	0.000
68	  V	  0.4	  1.6	0.000	0.000	0.000
69	  G	  0.7	  0.2	0.000	0.000	0.000
70	  I	  5.2	  0.2	0.000	0.000	0.000
71	  N	  6.6	  0.2	0.428	0.000	0.000
72	  Y	  6.8	  0.1	0.428	0.000	0.000
73	  R	  2.7	  0.1	0.428	0.000	0.000
74	  E	  5.2	  0.1	0.428	0.000	0.000
75	  V	 13.0	  0.1	0.428	0.900	0.900
76	  T	 20.0	  0.0	0.428	0.900	0.900
77	  F	 15.8	  0.0	0.428	0.900	0.900
78	  V	  7.6	  0.3	0.157	0.900	0.900
79	  P	  0.2	  0.3	0.000	0.900	0.900
80	  G	  0.0	  0.3	0.218	0.000	0.000
81	  L	  0.2	  0.3	0.218	0.000	0.000
82	  Y	  2.3	  0.0	0.218	0.000	0.000
83	  K	  2.6	  0.0	0.218	0.000	0.000
84	  I	  2.7	  0.0	0.218	0.000	0.000
85	  F	  0.9	  0.1	0.345	0.000	0.000
86	  D	  0.5	  0.1	2.978	0.000	0.000
87	  E	  0.5	  0.1	2.978	0.000	0.000
88	  I	  3.6	  0.1	2.978	0.000	0.000
89	  L	  4.2	  0.0	2.978	0.000	0.000
90	  V	  4.8	  0.0	2.978	0.000	0.000
91	  N	  1.6	  0.0	3.784	0.000	0.000
92	  A	  0.9	  0.4	1.445	0.000	0.000
93	  A	  0.0	  0.6	1.236	0.000	0.000
94	  D	  0.0	  0.6	0.954	0.000	0.000
95	  N	  0.0	  0.8	0.805	0.000	0.000
96	  K	  0.2	  0.4	0.805	0.000	0.000
97	  Q	  0.4	  0.2	0.262	0.000	0.000
98	  R	  0.4	  0.2	0.000	0.000	0.000
99	  D	  0.2	  0.3	0.000	0.000	0.000
100	  P	  0.0	  0.2	0.000	0.000	0.000
101	  K	  0.5	  0.2	0.000	0.000	0.000
102	  M	  7.1	  0.2	0.000	0.000	0.000
103	  S	  9.4	  0.0	0.000	0.000	0.000
104	  C	 11.8	  0.0	0.000	0.000	0.000
105	  I	 10.7	  0.0	0.000	0.000	0.000
106	  R	 10.1	  0.0	0.000	0.000	0.000
107	  V	 15.9	  0.0	0.000	0.000	0.000
108	  T	 17.5	  0.0	0.000	0.000	0.000
109	  I	 15.8	  0.0	0.000	0.000	0.000
110	  D	  7.7	  0.6	0.107	0.000	0.000
111	  P	  0.2	  0.9	0.107	0.000	0.000
112	  E	  0.0	  1.0	0.107	0.000	0.000
113	  N	  0.0	  1.0	0.107	0.000	0.000
114	  N	  0.4	  0.4	0.226	0.245	0.245
115	  L	  0.9	  0.0	0.226	18.134	18.134
116	  I	  3.6	  0.0	0.119	18.257	18.257
117	  S	  3.5	  0.0	0.119	18.257	18.257
118	  I	  3.2	  0.0	0.119	18.257	18.257
119	  W	  0.8	  0.2	0.119	18.257	18.257
120	  N	  0.5	  3.2	0.119	0.792	0.792
121	  N	  0.3	  3.4	0.119	0.000	0.000
122	  G	  0.0	  3.7	0.000	0.000	0.000
123	  K	  0.1	  3.5	0.000	0.000	0.000
124	  G	  0.1	  0.6	0.000	0.000	0.000
125	  I	  0.1	  0.3	0.000	0.000	0.000
126	  P	  0.1	  0.0	0.000	0.000	0.000
127	  V	  3.9	  0.0	0.000	0.000	0.000
128	  V	  6.7	  0.0	0.000	0.000	0.000
129	  E	  7.8	  0.0	0.000	0.000	0.000
130	  H	  5.1	  0.0	0.000	0.000	0.000
131	  K	  9.3	  0.0	0.000	0.000	0.000
132	  V	  9.0	  0.0	0.000	0.000	0.000
133	  E	  7.9	  0.0	0.000	0.000	0.000
134	  K	  1.4	  0.0	0.000	0.000	0.000
135	  M	  1.6	  0.0	0.000	0.000	0.000
136	  Y	  1.8	  0.0	0.000	0.000	0.000
137	  V	  1.5	  0.0	0.131	0.000	0.000
138	  P	  0.2	  0.0	0.131	0.402	0.402
139	  A	  0.3	  0.0	0.131	9.824	9.824
140	  L	  0.9	  0.0	0.131	17.449	17.449
141	  I	  1.9	  0.0	0.131	18.766	18.766
142	  F	  1.8	  0.3	0.131	18.766	18.766
143	  G	  1.2	  0.3	0.000	18.364	18.364
144	  Q	  0.7	  0.3	0.000	15.389	15.389
145	  L	  0.8	  0.3	0.000	15.135	15.135
146	  L	  1.3	  0.1	0.000	13.611	13.611
147	  T	  2.1	  0.2	0.000	5.419	5.419
148	  S	  2.0	  1.9	0.000	0.546	0.546
149	  S	  1.5	  1.9	0.000	0.000	0.000
150	  N	  0.8	  2.6	0.000	0.000	0.000
151	  Y	  1.0	  2.7	0.000	0.000	0.000
152	  D	  1.0	  2.7	0.826	0.000	0.000
153	  D	  0.3	  2.8	3.564	0.000	0.000
154	  D	  0.0	  2.3	4.440	0.000	0.000
155	  E	  0.4	  2.1	4.440	0.000	0.000
156	  K	  0.6	  0.3	4.440	0.000	0.000
157	  K	  5.9	  0.2	4.440	0.000	0.000
158	  V	  6.1	  0.1	3.847	0.000	0.000
159	  T	  5.9	  0.5	3.458	0.000	0.000
160	  G	  0.7	  0.8	3.342	0.000	0.000
161	  G	  0.0	  1.5	2.498	0.000	0.000
162	  R	  0.0	  4.3	0.130	0.000	0.000
163	  N	  0.1	  3.8	0.000	0.000	0.000
164	  G	  0.1	  3.7	0.455	0.000	0.000
165	  Y	  0.2	  3.4	0.455	0.000	0.000
166	  G	  0.2	  0.5	0.705	0.000	0.000
167	  A	  0.4	  0.5	0.705	0.000	0.000
168	  K	  0.8	  0.4	0.705	0.000	0.000
169	  L	  1.1	  0.1	0.705	0.133	0.133
170	  C	  2.5	  0.1	0.705	0.133	0.133
171	  N	  4.2	  0.0	0.531	0.133	0.133
172	  I	  5.0	  0.0	0.250	0.260	0.260
173	  F	  4.1	  0.1	0.250	0.260	0.260
174	  S	  2.1	  0.1	0.000	0.127	0.127
175	  T	  2.2	  0.1	0.000	0.127	0.127
176	  K	  4.2	  0.1	0.000	0.127	0.127
177	  F	 13.8	  0.0	0.000	0.127	0.127
178	  T	 18.7	  0.0	0.000	0.127	0.127
179	  V	 16.5	  0.0	0.000	0.127	0.127
180	  E	  6.9	  0.0	0.000	0.127	0.127
181	  T	  2.9	  0.2	1.265	0.000	0.000
182	  A	  2.5	  0.2	1.265	0.000	0.000
183	  S	  2.6	  0.3	2.363	0.000	0.000
184	  R	  0.5	  0.3	2.363	0.000	0.000
185	  E	  3.4	  0.1	2.698	0.000	0.000
186	  Y	  3.7	  0.2	2.698	0.000	0.000
187	  K	  3.6	  0.1	2.368	0.000	0.000
188	  K	  0.8	  0.1	2.193	0.000	0.000
189	  M	  0.6	  0.1	1.945	0.000	0.000
190	  F	  1.2	  0.0	1.528	0.000	0.000
191	  K	  1.1	  0.0	0.716	0.000	0.000
192	  Q	  1.7	  0.0	0.096	0.000	0.000
193	  T	  3.6	  0.0	0.000	0.000	0.000
194	  W	  4.0	  0.2	0.000	0.000	0.000
195	  M	  3.4	  0.3	0.000	0.000	0.000
196	  D	  0.8	  0.3	0.000	0.000	0.000
197	  N	  0.1	  0.7	0.221	0.000	0.000
198	  M	  0.0	  0.6	0.221	0.000	0.000
199	  G	  0.1	  0.6	0.221	0.000	0.000
200	  R	  0.1	  0.9	0.221	0.000	0.000
201	  A	  0.1	  0.7	0.221	0.000	0.000
202	  G	  0.1	  0.6	0.806	0.000	0.000
203	  E	  0.2	  0.5	0.806	0.000	0.000
204	  M	  1.1	  0.2	0.585	0.000	0.000
205	  E	  3.7	  0.0	0.585	0.000	0.000
206	  L	  3.6	  0.0	0.585	0.000	0.000
207	  K	  2.8	  0.0	0.585	0.000	0.000
208	  P	  0.1	  0.1	0.000	0.000	0.000
209	  F	  0.5	  3.0	0.000	0.000	0.000
210	  N	  0.5	  3.1	0.000	0.000	0.000
211	  G	  0.5	  3.5	0.000	0.000	0.000
212	  E	  0.1	  3.3	0.000	0.000	0.000
213	  D	  0.6	  0.5	0.000	0.000	0.000
214	  Y	 11.6	  0.4	0.000	0.266	0.266
215	  T	 12.7	  0.0	0.000	0.484	0.484
216	  C	 12.8	  0.0	0.000	0.484	0.484
217	  I	 14.1	  0.0	0.000	0.484	0.484
218	  T	 38.8	  0.0	0.000	0.484	0.484
219	  F	 38.4	  0.0	0.000	0.484	0.484
220	  Q	 28.9	  0.4	0.000	0.000	0.000
221	  P	  0.3	  0.4	0.000	0.000	0.000
222	  D	  0.1	  0.9	0.203	0.000	0.000
223	  L	  0.4	  1.0	0.203	0.000	0.000
224	  S	  0.6	  0.6	0.356	0.000	0.000
225	  K	  1.6	  0.6	0.356	0.000	0.000
226	  F	  2.8	  0.1	0.356	0.000	0.000
227	  K	  3.2	  0.0	0.356	0.000	0.000
228	  M	  2.4	  0.1	0.238	0.000	0.000
229	  Q	  1.1	  0.1	0.153	0.000	0.000
230	  S	  2.7	  0.8	0.448	0.000	0.000
231	  L	  2.5	  0.9	0.448	0.000	0.000
232	  D	  2.3	  1.8	3.034	0.000	0.000
233	  K	  0.3	  1.8	3.273	0.265	0.265
234	  D	  1.2	  1.1	7.161	0.334	0.334
235	  I	  5.5	  1.1	7.161	59.911	59.911
236	  V	  8.4	  0.0	7.268	72.032	72.032
237	  A	  7.6	  0.0	7.268	72.032	72.032
238	  L	  4.3	  0.0	7.268	72.032	72.032
239	  M	  1.4	  0.0	7.268	72.032	72.032
240	  V	  2.3	  0.0	6.173	60.746	60.746
241	  R	  1.5	  0.0	6.011	0.069	0.069
242	  R	  1.6	  0.0	3.612	0.000	0.000
243	  A	  0.6	  0.0	1.419	0.000	0.000
244	  Y	  3.7	  0.0	0.721	0.000	0.000
245	  D	  3.6	  0.0	0.000	0.000	0.000
246	  I	  4.6	  0.2	0.000	0.000	0.000
247	  A	  1.4	  1.1	0.000	0.000	0.000
248	  G	  1.3	  1.2	0.000	0.000	0.000
249	  S	  0.3	  1.2	0.000	0.000	0.000
250	  T	  0.7	  1.2	0.000	0.000	0.000
251	  K	  0.8	  0.3	0.000	0.000	0.000
252	  D	  1.8	  0.2	0.599	0.350	0.350
253	  V	 16.1	  0.2	0.599	0.350	0.350
254	  K	 16.7	  0.0	0.599	0.350	0.350
255	  V	 18.6	  0.0	0.599	0.350	0.350
256	  F	  5.1	  0.3	0.599	0.350	0.350
257	  L	  4.1	  1.1	0.599	0.350	0.350
258	  N	  1.1	  1.8	0.599	0.000	0.000
259	  G	  0.1	  1.8	0.320	0.000	0.000
260	  N	  0.0	  1.6	0.207	0.000	0.000
261	  K	  0.1	  0.7	0.000	0.000	0.000
262	  L	  0.1	  0.0	0.000	0.000	0.000
263	  P	  0.1	  0.0	0.000	0.000	0.000
264	  V	  0.6	  0.5	0.000	0.000	0.000
265	  K	  0.6	  0.5	0.000	0.000	0.000
266	  G	  0.6	  0.5	0.000	0.000	0.000
267	  F	  2.0	  0.6	0.000	0.000	0.000
268	  R	  3.6	  0.1	0.000	0.000	0.000
269	  S	  4.4	  0.1	2.596	0.000	0.000
270	  Y	  3.9	  0.2	2.596	0.000	0.000
271	  V	  4.7	  0.1	2.596	0.000	0.000
272	  D	  4.1	  0.1	2.770	0.000	0.000
273	  M	  3.7	  0.1	2.770	0.000	0.000
274	  Y	  2.1	  0.0	2.770	0.000	0.000
275	  L	  1.8	  0.2	2.353	0.000	0.000
276	  K	  1.0	  0.3	1.954	0.000	0.000
277	  D	  0.2	  0.4	0.742	0.000	0.000
278	  K	  0.7	  0.6	0.308	0.000	0.000
279	  L	  0.7	  0.4	0.157	0.000	0.000
280	  D	  0.7	  1.1	0.157	0.000	0.000
281	  E	  0.0	  1.0	0.000	0.000	0.000
282	  T	  0.0	  2.4	0.000	0.000	0.000
283	  G	  0.0	  2.4	0.000	0.000	0.000
284	  N	  0.0	  1.6	0.000	0.000	0.000
285	  S	  0.5	  1.6	0.000	0.000	0.000
286	  L	  2.3	  0.1	0.000	0.000	0.000
287	  K	  4.6	  0.1	0.000	0.000	0.000
288	  V	  8.1	  0.0	0.000	0.000	0.000
289	  I	  6.9	  0.0	0.000	0.000	0.000
290	  H	  4.6	  0.1	0.000	0.000	0.000
291	  E	  0.7	  0.1	0.000	0.000	0.000
292	  Q	  0.7	  0.1	0.000	0.000	0.000
293	  V	  1.7	  0.1	0.000	0.000	0.000
294	  N	  1.9	  0.0	0.000	0.000	0.000
295	  H	  2.0	  0.0	0.000	0.000	0.000
296	  R	  1.8	  0.0	0.000	0.000	0.000
297	  W	  6.6	  0.0	0.000	0.000	0.000
298	  E	  6.8	  0.0	0.000	0.000	0.000
299	  V	  7.5	  0.0	0.000	0.000	0.000
300	  C	  2.9	  0.0	0.000	0.000	0.000
301	  L	  4.3	  0.0	0.000	0.000	0.000
302	  T	  8.8	  0.0	1.116	0.000	0.000
303	  M	  8.5	  0.1	1.116	0.000	0.000
304	  S	  6.3	  0.3	1.116	0.000	0.000
305	  E	  0.1	  0.6	1.116	0.000	0.000
306	  K	  0.0	  0.6	1.116	0.000	0.000
307	  G	  0.1	  0.5	1.116	0.000	0.000
308	  F	  1.9	  0.3	0.694	0.000	0.000
309	  Q	  2.0	  0.1	0.000	0.000	0.000
310	  Q	  2.9	  0.1	0.000	0.483	0.483
311	  I	  5.2	  0.1	0.000	2.178	2.178
312	  S	  6.0	  0.0	0.000	2.178	2.178
313	  F	  6.7	  0.0	0.000	3.070	3.070
314	  V	  4.1	  0.1	0.000	3.070	3.070
315	  N	  3.5	  0.1	0.000	2.587	2.587
316	  S	  2.2	  0.1	0.646	2.101	2.101
317	  I	  1.8	  0.0	0.646	2.101	2.101
318	  A	  1.7	  0.0	0.646	0.960	0.960
319	  T	  2.7	  0.2	0.646	0.000	0.000
320	  S	  1.6	  0.7	0.646	0.000	0.000
321	  K	  1.4	  2.6	0.646	0.000	0.000
322	  G	  0.1	  2.8	0.000	0.000	0.000
323	  G	  0.0	  2.7	0.000	0.000	0.000
324	  R	  0.9	  2.2	0.000	0.000	0.000
325	  H	  2.2	  0.4	0.000	0.000	0.000
326	  V	  4.2	  0.2	0.000	0.000	0.000
327	  D	  3.7	  0.1	0.000	0.000	0.000
328	  Y	  4.9	  0.1	0.000	0.080	0.080
329	  V	  3.6	  0.1	0.000	0.080	0.080
330	  A	  3.2	  0.2	0.000	0.080	0.080
331	  D	  0.9	  0.2	0.222	0.080	0.080
332	  Q	  1.8	  0.2	0.222	1.863	1.863
333	  I	  6.1	  0.0	0.222	47.499	47.499
334	  V	  7.5	  0.0	0.222	48.057	48.057
335	  T	  6.7	  0.0	0.640	48.057	48.057
336	  K	  2.9	  0.0	0.893	48.057	48.057
337	  L	  1.8	  0.0	0.893	48.057	48.057
338	  V	  9.3	  0.0	1.015	48.057	48.057
339	  D	  9.8	  0.0	2.223	48.057	48.057
340	  V	 12.0	  0.0	2.223	47.959	47.959
341	  V	  4.5	  0.0	2.223	38.933	38.933
342	  K	  3.3	  0.1	2.223	0.080	0.080
343	  K	  0.7	  0.3	2.099	0.000	0.000
344	  K	  0.2	  0.3	1.726	0.000	0.000
345	  N	  0.1	  0.9	0.386	0.000	0.000
346	  K	  0.1	  2.4	0.117	0.000	0.000
347	  G	  0.0	  2.2	0.000	0.000	0.000
348	  G	  0.2	  2.2	0.000	0.000	0.000
349	  V	  7.4	  1.6	0.000	0.000	0.000
350	  A	  8.0	  0.0	0.000	0.000	0.000
351	  V	  9.9	  0.0	0.000	0.000	0.000
352	  K	  3.1	  0.0	0.000	0.000	0.000
353	  A	  2.4	  0.0	0.000	0.000	0.000
354	  H	  0.9	  0.0	0.000	0.000	0.000
355	  Q	  1.7	  0.0	0.000	0.000	0.000
356	  V	  3.4	  0.1	0.000	0.000	0.000
357	  K	  3.0	  0.1	0.000	0.000	0.000
358	  N	  1.9	  0.1	0.000	0.047	0.047
359	  H	  0.6	  0.1	0.000	1.443	1.443
360	  M	  1.1	  0.0	0.000	60.250	60.250
361	  W	  1.5	  0.0	0.000	88.050	88.050
362	  I	  2.6	  0.0	0.000	93.304	93.304
363	  F	  3.7	  0.1	0.000	93.766	93.766
364	  V	  4.2	  0.1	0.000	93.800	93.800
365	  N	  2.7	  0.1	0.401	66.625	66.625
366	  A	  1.2	  0.1	0.401	64.645	64.645
367	  L	  0.4	  0.0	0.401	62.758	62.758
368	  I	  0.6	  0.0	0.401	57.502	57.502
369	  E	  0.3	  0.0	0.401	0.000	0.000
370	  N	  0.2	  0.3	0.401	0.000	0.000
371	  P	  0.0	  0.3	0.000	0.000	0.000
372	  T	  7.5	  0.3	0.000	0.000	0.000
373	  F	  8.4	  0.4	0.000	0.000	0.000
374	  D	  8.4	  0.2	3.114	0.000	0.000
375	  S	  1.3	  0.3	3.773	0.000	0.000
376	  Q	  0.6	  0.3	3.773	0.000	0.000
377	  T	  1.2	  0.3	3.773	0.000	0.000
378	  K	  0.9	  0.4	3.773	0.000	0.000
379	  E	  0.7	  0.3	3.773	0.000	0.000
380	  N	  0.4	  0.3	3.264	0.000	0.000
381	  M	  3.2	  0.2	2.025	0.000	0.000
382	  T	  8.8	  0.0	0.643	0.000	0.000
383	  L	  8.5	  0.0	0.643	0.000	0.000
384	  Q	  5.9	  0.1	0.643	0.000	0.000
385	  P	  0.1	  0.3	0.000	0.000	0.000
386	  K	  0.4	  0.3	0.000	0.000	0.000
387	  S	  1.1	  0.6	0.000	0.000	0.000
388	  F	  1.3	  2.8	0.000	0.000	0.000
389	  G	  0.9	  2.8	0.000	0.000	0.000
390	  S	  0.9	  2.9	0.000	0.000	0.000
391	  T	  6.8	  2.5	0.000	0.000	0.000
392	  C	  8.1	  0.2	0.000	0.000	0.000
393	  Q	  8.0	  0.1	0.000	0.000	0.000
394	  L	  2.2	  0.1	0.000	0.000	0.000
395	  S	  0.8	  0.2	0.667	0.000	0.000
396	  E	  0.3	  0.1	0.667	0.000	0.000
397	  K	  0.7	  0.1	0.667	0.000	0.000
398	  F	  2.0	  0.1	0.667	2.426	2.426
399	  I	  3.4	  0.0	0.667	2.426	2.426
400	  K	  3.0	  0.0	0.667	2.426	2.426
401	  A	  1.9	  0.0	0.527	2.677	2.677
402	  A	  0.4	  0.2	0.527	2.974	2.974
403	  I	  0.4	  1.2	0.398	2.974	2.974
404	  G	  0.3	  1.2	0.615	2.974	2.974
405	  C	  0.4	  1.2	0.216	2.974	2.974
406	  G	  0.3	  1.0	1.398	3.078	3.078
407	  I	  3.2	  0.0	1.849	4.234	4.234
408	  V	  4.4	  0.1	2.391	4.234	4.234
409	  E	  4.3	  0.1	2.391	3.685	3.685
410	  S	  1.7	  0.1	3.393	5.744	5.744
411	  I	  0.8	  0.1	3.393	21.110	21.110
412	  L	  2.2	  0.0	3.393	21.013	21.013
413	  N	  2.4	  0.0	4.054	20.485	20.485
414	  W	  3.1	  0.0	3.848	20.485	20.485
415	  V	  4.8	  0.0	3.081	20.182	20.182
416	  K	  5.3	  0.0	3.081	1.260	1.260
417	  F	  5.2	  0.0	1.919	1.260	1.260
418	  K	  2.3	  0.0	1.779	0.000	0.000
419	  A	  1.3	  0.0	0.834	0.000	0.000
420	  Q	  1.0	  0.0	0.834	0.000	0.000
421	  V	  5.5	  0.0	0.316	0.000	0.000
422	  Q	  6.2	  0.0	0.316	0.000	0.000
423	  L	  5.6	  0.0	0.316	0.000	0.000
424	  N	  1.1	  0.2	0.316	0.000	0.000
425	  K	  0.3	  0.2	0.000	0.000	0.000
426	  K	  0.8	  0.2	0.000	0.000	0.000
427	  C	  5.0	  0.2	0.000	0.000	0.000
428	  S	  5.1	  0.1	0.000	0.000	0.000
429	  A	  5.2	  0.0	0.000	0.000	0.000
430	  V	  3.0	  0.1	0.000	0.000	0.000
431	  K	  2.7	  0.1	0.000	0.000	0.000
432	  H	  2.1	  0.1	0.000	0.000	0.000
433	  N	  0.3	  0.1	0.000	0.000	0.000
434	  R	  2.9	  0.1	0.000	0.000	0.000
435	  I	  4.0	  0.5	0.000	0.000	0.000
436	  K	  3.9	  0.5	0.000	0.000	0.000
437	  G	  1.2	  0.5	0.000	0.000	0.000
438	  I	  0.1	  0.5	0.000	0.000	0.000
439	  P	  0.0	  0.1	0.000	0.000	0.000
440	  K	  0.6	  0.3	0.000	0.000	0.000
441	  L	  0.7	  0.5	0.000	0.000	0.000
442	  D	  0.7	  0.5	0.000	0.000	0.000
443	  D	  0.1	  5.3	0.000	0.000	0.000
444	  A	  0.0	  5.1	0.000	0.000	0.000
445	  N	  0.0	  5.1	0.000	0.000	0.000
446	  D	  0.0	  5.8	0.000	0.000	0.000
447	  A	  0.0	  2.0	0.000	0.000	0.000
448	  G	  0.0	  2.2	0.000	0.000	0.000
449	  G	  0.0	  2.3	0.000	0.000	0.000
450	  R	  0.1	  1.5	0.000	0.000	0.000
451	  N	  0.2	  0.7	0.000	0.000	0.000
452	  S	  0.4	  0.4	0.000	0.000	0.000
453	  T	  0.5	  0.2	0.000	0.000	0.000
454	  E	  1.4	  0.2	0.000	0.000	0.000
455	  C	  3.5	  0.1	0.000	0.511	0.511
456	  T	  3.9	  0.0	0.000	1.414	1.414
457	  L	  4.2	  0.0	0.000	1.414	1.414
458	  I	  3.6	  0.0	0.000	1.414	1.414
459	  L	  3.1	  0.0	0.000	1.414	1.414
460	  T	  1.8	  0.5	0.186	1.093	1.093
461	  E	  0.1	  2.6	0.186	0.000	0.000
462	  G	  0.0	  2.7	0.435	0.000	0.000
463	  D	  0.0	  2.7	0.866	0.000	0.000
464	  S	  0.3	  2.3	1.978	0.000	0.000
465	  A	  0.3	  0.3	1.978	0.000	0.000
466	  K	  0.5	  0.2	1.978	0.000	0.000
467	  T	  0.8	  0.1	1.792	0.343	0.343
468	  L	  1.1	  0.1	1.792	0.919	0.919
469	  A	  1.4	  0.0	1.524	1.093	1.093
470	  V	  1.6	  0.1	0.843	1.435	1.435
471	  S	  1.2	  0.2	0.843	1.435	1.435
472	  G	  0.7	  0.2	0.181	1.577	1.577
473	  L	  0.1	  0.2	0.000	2.634	2.634
474	  G	  0.1	  0.2	0.000	2.634	2.634
475	  V	  1.2	  0.0	0.000	2.634	2.634
476	  V	  1.3	  0.3	0.000	2.634	2.634
477	  G	  1.3	  0.6	0.000	1.563	1.563
478	  R	  0.1	  0.6	0.000	0.000	0.000
479	  D	  0.1	  1.1	0.000	0.000	0.000
480	  K	  0.4	  0.8	0.000	0.000	0.000
481	  Y	  0.5	  0.5	0.000	0.000	0.000
482	  G	  0.5	  0.5	0.000	0.000	0.000
483	  V	  0.7	  0.0	0.000	0.000	0.000
484	  F	  0.5	  0.2	0.000	0.000	0.000
485	  P	  0.4	  0.1	0.000	0.000	0.000
486	  L	  0.2	  0.4	0.000	0.000	0.000
487	  R	  0.3	  0.4	0.000	0.000	0.000
488	  G	  0.3	  0.2	0.000	0.000	0.000
489	  K	  0.6	  0.2	0.000	0.000	0.000
490	  I	  1.2	  0.0	0.000	0.000	0.000
491	  L	  4.3	  0.0	0.000	0.000	0.000
492	  N	  7.0	  0.0	2.486	0.000	0.000
493	  V	  6.9	  0.0	2.486	0.000	0.000
494	  R	  3.8	  0.0	2.486	0.000	0.000
495	  E	  0.6	  0.0	2.486	0.000	0.000
496	  A	  0.5	  0.1	2.486	0.000	0.000
497	  S	  0.9	  0.1	2.486	0.000	0.000
498	  H	  1.0	  0.2	1.073	0.000	0.000
499	  K	  1.0	  0.2	0.478	0.000	0.000
500	  Q	  1.6	  0.1	0.140	0.000	0.000
501	  I	  2.2	  0.1	0.000	0.000	0.000
502	  M	  2.0	  0.3	0.000	0.000	0.000
503	  E	  1.0	  0.3	0.000	0.000	0.000
504	  N	  0.2	  0.3	0.382	0.000	0.000
505	  A	  0.3	  0.3	0.382	0.000	0.000
506	  E	  3.9	  0.0	0.382	0.000	0.000
507	  I	  4.0	  0.1	0.382	0.352	0.352
508	  N	  4.0	  0.1	0.569	0.352	0.352
509	  N	  2.8	  0.1	0.897	0.352	0.352
510	  I	  4.4	  0.0	0.671	0.352	0.352
511	  I	  9.3	  0.0	0.671	0.352	0.352
512	  K	  8.3	  0.0	0.671	0.000	0.000
513	  I	  9.4	  0.0	0.515	0.000	0.000
514	  V	  4.6	  0.0	0.515	0.000	0.000
515	  G	  3.1	  0.0	1.048	0.000	0.000
516	  L	  1.9	  0.0	0.659	0.000	0.000
517	  Q	  3.7	  0.0	0.659	0.000	0.000
518	  Y	  4.1	  0.1	0.532	0.000	0.000
519	  K	  2.5	  0.3	0.532	0.000	0.000
520	  K	  0.6	  0.3	0.532	0.000	0.000
521	  N	  2.7	  0.3	0.326	0.000	0.000
522	  Y	  3.3	  0.4	0.107	0.000	0.000
523	  E	  3.2	  0.2	0.000	0.000	0.000
524	  D	  0.7	  3.5	2.625	0.000	0.000
525	  E	  0.0	  3.6	2.962	0.000	0.000
526	  D	  0.0	  3.4	5.686	0.000	0.000
527	  S	  0.5	  3.4	10.035	0.000	0.000
528	  L	  0.6	  0.2	10.035	0.000	0.000
529	  K	  0.8	  0.2	10.035	0.000	0.000
530	  T	  2.5	  0.1	9.821	0.000	0.000
531	  L	  3.6	  0.1	9.821	0.000	0.000
532	  R	  3.7	  0.1	9.169	0.000	0.000
533	  Y	  1.6	  0.4	6.678	0.000	0.000
534	  G	  0.4	  0.4	3.627	0.000	0.000
535	  K	  0.7	  0.4	0.611	0.000	0.000
536	  I	  3.1	  0.2	0.000	13.463	13.463
537	  M	  4.7	  0.0	0.000	13.463	13.463
538	  I	  6.1	  0.0	0.000	13.463	13.463
539	  M	  4.0	  0.1	0.000	13.463	13.463
540	  T	  2.6	  0.1	0.000	13.463	13.463
541	  D	  0.7	  2.1	0.000	0.000	0.000
542	  Q	  0.6	  2.2	0.000	0.000	0.000
543	  D	  0.3	  9.1	0.000	0.000	0.000
544	  Q	  0.2	  9.3	0.000	0.000	0.000
545	  D	  0.1	  7.8	0.000	0.000	0.000
546	  G	  0.0	  7.8	0.000	0.000	0.000
547	  S	  0.9	  0.8	0.000	0.000	0.000
548	  H	  6.6	  0.6	0.000	0.000	0.000
549	  I	  7.6	  0.3	0.000	0.000	0.000
550	  K	  6.7	  0.3	0.000	0.000	0.000
551	  G	  1.1	  0.3	0.000	2.373	2.373
552	  L	  0.8	  0.3	0.000	28.938	28.938
553	  L	  1.4	  0.1	0.000	41.131	41.131
554	  I	  6.1	  0.1	0.000	41.131	41.131
555	  N	  6.1	  0.1	0.000	41.131	41.131
556	  F	  6.3	  0.1	0.000	41.131	41.131
557	  I	  2.2	  0.0	0.000	38.720	38.720
558	  H	  1.7	  0.0	0.000	0.268	0.268
559	  H	  1.7	  0.0	0.000	0.000	0.000
560	  N	  1.2	  0.0	0.000	0.000	0.000
561	  W	  0.8	  0.9	0.000	0.000	0.000
562	  P	  0.1	  1.0	0.141	0.000	0.000
563	  S	  0.2	  1.0	0.291	0.000	0.000
564	  L	  0.4	  1.0	0.291	0.000	0.000
565	  L	  1.2	  0.1	0.291	0.000	0.000
566	  R	  1.5	  0.1	0.291	0.000	0.000
567	  H	  2.1	  0.1	0.291	0.000	0.000
568	  R	  1.9	  0.1	0.149	0.000	0.000
569	  F	  2.1	  0.0	0.000	0.000	0.000
570	  L	  1.3	  0.1	0.000	0.000	0.000
571	  E	  0.8	  0.1	0.000	0.000	0.000
572	  E	  0.1	  0.1	0.000	0.000	0.000
573	  F	  1.5	  0.1	0.000	0.000	0.000
574	  I	  2.2	  0.0	0.000	0.000	0.000
575	  T	  2.1	  0.0	0.195	0.000	0.000
576	  P	  0.7	  0.0	0.195	0.000	0.000
577	  I	  2.6	  0.0	0.195	0.000	0.000
578	  V	 17.6	  0.0	0.195	0.000	0.000
579	  K	 18.6	  0.0	0.195	0.000	0.000
580	  V	 17.0	  0.0	0.195	0.000	0.000
581	  S	  2.7	  1.4	0.195	0.000	0.000
582	  K	  1.4	  1.4	0.000	0.000	0.000
583	  N	  0.6	  1.5	0.981	0.000	0.000
584	  K	  0.4	  1.5	0.981	0.000	0.000
585	  Q	  0.4	  0.2	0.981	0.000	0.000
586	  E	  0.5	  0.1	0.981	0.000	0.000
587	  M	  0.5	  0.0	0.981	0.000	0.000
588	  A	  0.7	  0.0	0.981	0.000	0.000
589	  F	  2.9	  0.1	0.842	0.000	0.000
590	  Y	  9.0	  0.1	0.462	0.000	0.000
591	  S	  8.8	  0.1	0.000	0.000	0.000
592	  L	  6.6	  0.5	0.000	0.000	0.000
593	  P	  0.1	  0.4	0.000	0.000	0.000
594	  E	  0.8	  0.4	0.000	0.000	0.000
595	  F	  1.5	  0.4	0.000	0.000	0.000
596	  E	  1.6	  0.0	0.000	0.000	0.000
597	  E	  3.0	  0.0	0.000	0.000	0.000
598	  W	  2.9	  0.1	0.000	0.000	0.000
599	  K	  3.0	  0.2	0.000	0.000	0.000
600	  S	  1.3	  0.2	0.000	0.000	0.000
601	  S	  0.8	  0.2	0.000	0.000	0.000
602	  T	  0.6	  1.0	0.182	0.000	0.000
603	  P	  0.1	  1.0	0.182	0.000	0.000
604	  N	  0.1	  1.0	0.182	0.000	0.000
605	  H	  0.3	  1.0	0.182	0.000	0.000
606	  K	  0.4	  0.0	0.182	0.000	0.000
607	  K	  1.0	  0.0	0.182	0.000	0.000
608	  W	  2.3	  0.0	0.000	0.000	0.000
609	  K	  6.4	  0.0	0.000	0.000	0.000
610	  V	  8.8	  0.0	0.000	0.000	0.000
611	  K	  7.6	  0.0	0.000	0.000	0.000
612	  Y	  4.7	  0.0	0.000	0.000	0.000
613	  Y	  1.9	  1.0	0.000	0.000	0.000
614	  K	  1.6	  1.0	0.000	0.000	0.000
615	  G	  0.4	  1.0	0.000	0.000	0.000
616	  L	  0.0	  1.2	0.000	0.000	0.000
617	  G	  0.0	  0.3	0.000	0.000	0.000
618	  T	  0.9	  0.3	0.000	0.000	0.000
619	  S	  3.0	  0.5	0.000	0.000	0.000
620	  T	  4.3	  0.4	0.434	0.000	0.000
621	  S	  4.0	  0.5	1.616	0.000	0.000
622	  K	  2.0	  0.4	1.616	0.000	0.000
623	  E	  1.1	  0.2	1.616	0.000	0.000
624	  A	  0.6	  0.2	1.616	0.000	0.000
625	  K	  0.6	  0.1	1.616	0.000	0.000
626	  E	  0.7	  0.1	1.475	0.000	0.000
627	  Y	  2.4	  0.1	1.234	0.000	0.000
628	  F	  2.4	  0.8	0.727	0.000	0.000
629	  A	  2.0	  0.8	0.750	0.000	0.000
630	  D	  0.5	  0.8	1.268	0.000	0.000
631	  M	  0.4	  0.8	1.268	0.000	0.000
632	  K	  0.6	  0.1	1.268	0.000	0.000
633	  R	  0.9	  0.1	1.268	0.000	0.000
634	  H	  3.5	  0.1	1.268	0.000	0.000
635	  R	  4.6	  0.1	0.518	0.000	0.000
636	  I	  5.4	  0.0	0.286	0.000	0.000
637	  Q	  4.8	  0.0	0.286	0.000	0.000
638	  F	  4.8	  0.0	0.113	0.000	0.000
639	  K	  4.1	  0.0	0.000	0.000	0.000
640	  Y	  3.5	  0.0	0.000	0.000	0.000
641	  S	  2.1	  0.1	0.000	0.000	0.000
642	  G	  1.4	  0.4	0.000	0.000	0.000
643	  P	  0.0	  0.9	0.000	0.000	0.000
644	  E	  0.0	  1.0	0.000	0.000	0.000
645	  D	  0.0	  1.0	1.396	0.000	0.000
646	  D	  0.0	  0.6	2.778	0.000	0.000
647	  A	  0.2	  0.2	2.778	5.533	5.533
648	  A	  0.5	  0.1	2.778	15.276	15.276
649	  I	  4.2	  0.0	2.778	16.759	16.759
650	  S	  4.1	  0.0	2.929	16.759	16.759
651	  L	  4.0	  0.0	2.569	16.759	16.759
652	  A	  0.8	  0.0	2.094	16.759	16.759
653	  F	  2.9	  0.1	1.734	16.759	16.759
654	  S	  2.8	  0.1	0.795	3.085	3.085
655	  K	  2.4	  0.2	0.795	0.000	0.000
656	  K	  0.5	  0.2	0.645	0.000	0.000
657	  Q	  1.4	  0.1	0.645	0.000	0.000
658	  I	  1.4	  0.1	0.645	0.000	0.000
659	  D	  1.1	  0.2	2.129	0.000	0.000
660	  D	  0.1	  0.3	2.459	0.000	0.000
661	  R	  0.2	  0.3	2.307	0.000	0.000
662	  K	  0.3	  0.2	2.102	0.000	0.000
663	  E	  0.4	  0.1	1.814	0.000	0.000
664	  W	  0.5	  0.0	1.814	0.562	0.562
665	  L	  0.7	  0.1	1.525	0.562	0.562
666	  T	  1.2	  0.1	1.317	0.562	0.562
667	  N	  1.0	  0.1	1.765	0.562	0.562
668	  F	  1.4	  0.1	1.650	0.562	0.562
669	  M	  0.9	  0.3	1.842	0.162	0.162
670	  E	  0.8	  0.3	2.528	0.000	0.000
671	  D	  0.1	  0.4	4.862	0.000	0.000
672	  R	  0.5	  0.4	4.862	0.000	0.000
673	  R	  0.9	  0.2	4.862	0.000	0.000
674	  Q	  1.2	  0.2	4.862	0.000	0.000
675	  R	  1.1	  0.1	4.207	0.000	0.000
676	  K	  0.9	  0.1	4.049	0.000	0.000
677	  L	  0.7	  0.1	2.645	0.000	0.000
678	  L	  0.5	  0.0	2.444	0.000	0.000
679	  G	  0.3	  0.0	2.233	0.000	0.000
680	  L	  0.2	  0.2	0.258	0.000	0.000
681	  P	  0.0	  0.6	0.000	0.000	0.000
682	  E	  0.1	  0.6	0.000	0.000	0.000
683	  D	  0.1	  0.6	0.162	0.000	0.000
684	  Y	  0.8	  0.4	0.162	0.000	0.000
685	  L	  0.9	  0.1	0.162	0.000	0.000
686	  Y	  1.0	  0.4	0.162	0.000	0.000
687	  G	  0.3	  0.5	0.162	0.000	0.000
688	  Q	  0.3	  0.5	0.162	0.000	0.000
689	  T	  1.9	  0.4	0.000	0.588	0.588
690	  T	  5.1	  0.1	0.000	1.155	1.155
691	  T	  7.9	  0.0	0.123	1.688	1.688
692	  Y	  6.6	  0.0	0.123	1.688	1.688
693	  L	  7.0	  0.0	0.123	1.688	1.688
694	  T	 12.4	  0.1	0.123	1.437	1.437
695	  Y	 12.4	  0.1	0.123	1.037	1.037
696	  N	  9.0	  0.1	0.123	0.000	0.000
697	  D	  1.0	  0.1	0.000	0.000	0.000
698	  F	  1.8	  0.1	0.000	0.717	0.717
699	  I	  2.1	  0.1	0.000	0.717	0.717
700	  N	  1.8	  0.1	1.377	0.717	0.717
701	  K	  0.6	  0.1	1.377	1.052	1.052
702	  E	  0.2	  0.1	1.377	1.052	1.052
703	  L	  1.5	  0.1	1.377	46.583	46.583
704	  I	  3.0	  0.0	1.377	46.583	46.583
705	  L	  3.5	  0.0	1.377	46.583	46.583
706	  F	  2.5	  0.2	1.015	46.583	46.583
707	  S	  1.0	  0.5	0.282	45.610	45.610
708	  N	  0.4	  3.5	0.000	0.717	0.717
709	  S	  0.1	  4.4	0.414	0.079	0.079
710	  D	  0.0	  4.2	0.414	0.000	0.000
711	  N	  0.0	  4.1	0.414	0.000	0.000
712	  E	  0.3	  1.1	0.414	0.000	0.000
713	  R	  1.6	  0.2	0.414	0.000	0.000
714	  S	  1.7	  0.2	0.414	0.000	0.000
715	  I	  1.4	  0.2	0.000	0.000	0.000
716	  P	  0.1	  0.2	0.000	0.000	0.000
717	  S	  0.4	  0.2	0.135	0.000	0.000
718	  M	  1.1	  0.3	0.135	0.000	0.000
719	  V	  1.4	  0.5	0.135	0.000	0.000
720	  D	  0.9	  0.5	0.135	0.000	0.000
721	  G	  0.3	  0.5	0.135	0.000	0.000
722	  L	  0.2	  0.3	0.135	0.000	0.000
723	  K	  0.2	  1.8	0.135	0.000	0.000
724	  P	  0.1	  1.8	0.000	0.000	0.000
725	  G	  0.0	  1.9	0.000	0.000	0.000
726	  Q	  0.3	  1.9	0.000	0.000	0.000
727	  R	  0.8	  0.1	0.000	0.000	0.000
728	  K	  1.6	  0.1	0.000	0.000	0.000
729	  V	  2.5	  0.0	0.000	1.593	1.593
730	  L	  2.3	  0.0	0.000	1.895	1.895
731	  F	 18.7	  0.0	0.000	1.895	1.895
732	  T	 21.2	  0.0	0.000	1.895	1.895
733	  C	 24.0	  0.0	0.000	1.895	1.895
734	  F	  8.4	  0.1	0.000	1.604	1.604
735	  K	  4.1	  0.2	0.000	0.000	0.000
736	  R	  1.0	  0.3	0.000	0.000	0.000
737	  N	  0.2	  0.4	0.000	0.000	0.000
738	  D	  0.2	  0.4	0.098	0.000	0.000
739	  K	  0.3	  0.3	0.098	0.000	0.000
740	  R	  0.5	  0.2	0.098	0.000	0.000
741	  E	 14.0	  0.1	0.098	0.000	0.000
742	  V	 27.3	  0.0	0.098	0.000	0.000
743	  K	 28.7	  0.0	0.187	0.000	0.000
744	  V	 18.1	  0.0	0.089	0.000	0.000
745	  A	  3.6	  0.0	0.089	0.000	0.000
746	  Q	  1.5	  0.0	0.089	0.000	0.000
747	  L	  0.4	  0.4	0.089	0.000	0.000
748	  A	  0.2	  0.5	0.089	0.000	0.000
749	  G	  0.1	  0.5	0.089	0.000	0.000
750	  S	  0.7	  0.5	0.368	0.000	0.000
751	  V	  1.4	  0.1	0.368	0.000	0.000
752	  A	  1.5	  0.0	0.368	0.000	0.000
753	  E	  1.3	  0.0	0.368	0.000	0.000
754	  M	  0.9	  0.3	0.368	0.000	0.000
755	  S	  1.1	  0.3	0.368	0.000	0.000
756	  S	  3.1	  0.3	0.132	0.000	0.000
757	  Y	  3.9	  0.3	0.132	0.000	0.000
758	  H	  3.9	  0.5	0.000	0.000	0.000
759	  H	  1.6	  0.7	0.000	0.000	0.000
760	  G	  0.3	  0.7	0.000	0.000	0.000
761	  E	  0.5	  0.7	0.000	0.000	0.000
762	  M	  2.6	  0.3	0.000	1.473	1.473
763	  S	  2.8	  0.0	0.000	2.765	2.765
764	  L	  3.4	  0.0	0.000	32.969	32.969
765	  M	  1.6	  0.0	0.000	38.162	38.162
766	  M	  5.8	  0.0	0.000	39.617	39.617
767	  T	  7.1	  0.0	0.702	40.787	40.787
768	  I	  7.8	  0.0	0.702	41.785	41.785
769	  I	  7.4	  0.0	0.702	39.853	39.853
770	  N	  5.1	  0.0	0.702	15.200	15.200
771	  L	  4.1	  0.0	0.702	14.193	14.193
772	  A	  0.1	  0.2	0.702	7.722	7.722
773	  Q	  0.8	  0.2	0.492	1.431	1.431
774	  N	  1.5	  0.2	0.000	1.295	1.295
775	  F	  2.2	  0.4	0.000	1.295	1.295
776	  V	  1.6	  1.1	0.000	1.295	1.295
777	  G	  0.9	  1.5	0.000	0.000	0.000
778	  S	  0.2	  2.0	0.000	0.000	0.000
779	  N	  0.0	  1.8	0.000	0.000	0.000
780	  N	  0.3	  1.3	0.393	0.000	0.000
781	  L	  1.9	  0.9	0.393	0.000	0.000
782	  N	  1.9	  0.5	0.393	0.000	0.000
783	  L	  2.0	  0.4	0.393	0.000	0.000
784	  L	  0.5	  0.0	0.393	0.000	0.000
785	  Q	  0.5	  0.0	0.393	0.000	0.000
786	  P	  0.1	  0.2	0.000	0.000	0.000
787	  I	  0.1	  0.5	0.000	0.000	0.000
788	  G	  0.1	  0.5	0.000	0.000	0.000
789	  Q	  0.4	  0.5	0.000	0.000	0.000
790	  F	  0.3	  0.7	0.000	0.000	0.000
791	  G	  0.3	  0.4	0.000	0.000	0.000
792	  T	  0.5	  0.4	0.000	0.000	0.000
793	  R	  0.9	  0.4	0.000	0.000	0.000
794	  L	  1.1	  0.2	0.000	0.000	0.000
795	  H	  0.6	  2.2	0.000	0.000	0.000
796	  G	  0.2	  2.3	0.000	0.000	0.000
797	  G	  0.0	  2.6	0.000	0.000	0.000
798	  K	  0.1	  2.6	0.000	0.000	0.000
799	  D	  0.1	  0.6	0.000	0.000	0.000
800	  S	  5.7	  0.5	0.000	0.000	0.000
801	  A	  5.7	  0.1	0.000	0.000	0.000
802	  S	  5.7	  0.4	0.000	0.000	0.000
803	  P	  0.1	  0.3	0.000	0.000	0.000
804	  R	  0.8	  0.3	0.000	0.000	0.000
805	  Y	  1.4	  0.3	0.000	31.013	31.013
806	  I	  2.9	  0.0	0.000	39.024	39.024
807	  F	  6.9	  0.0	0.000	39.226	39.226
808	  T	  7.1	  0.0	0.593	39.226	39.226
809	  M	  6.1	  0.0	0.714	39.226	39.226
810	  L	  1.6	  0.1	0.884	35.023	35.023
811	  S	  0.9	  0.2	5.613	5.906	5.906
812	  S	  0.5	  0.2	9.251	2.096	2.096
813	  L	  0.2	  0.2	9.393	1.648	1.648
814	  A	  0.4	  0.1	9.393	0.755	0.755
815	  R	  0.6	  0.0	9.393	0.000	0.000
816	  L	  1.4	  0.0	9.231	0.000	0.000
817	  L	  1.2	  0.0	8.604	0.000	0.000
818	  F	  0.8	  0.0	7.750	0.000	0.000
819	  P	  0.0	  0.3	0.000	0.000	0.000
820	  P	  0.0	  0.6	0.000	0.000	0.000
821	  K	  0.0	  0.9	0.000	0.000	0.000
822	  D	  0.0	  1.0	2.022	0.000	0.000
823	  D	  0.1	  0.8	2.206	0.000	0.000
824	  H	  1.2	  0.4	2.206	0.000	0.000
825	  T	  4.3	  0.1	2.206	0.000	0.000
826	  L	  5.1	  0.0	2.206	0.000	0.000
827	  K	  4.2	  0.0	2.206	0.000	0.000
828	  F	  1.8	  0.0	1.382	0.000	0.000
829	  L	  1.3	  0.0	0.603	0.000	0.000
830	  Y	  1.4	  0.2	0.421	0.000	0.000
831	  D	  0.7	  1.8	0.149	0.000	0.000
832	  D	  0.3	  1.9	0.132	0.000	0.000
833	  N	  0.3	  1.9	0.132	0.000	0.000
834	  Q	  0.9	  1.7	0.132	0.000	0.000
835	  R	  6.0	  0.1	0.132	0.000	0.000
836	  V	  6.4	  0.0	0.132	0.000	0.000
837	  E	  5.9	  0.0	0.132	0.000	0.000
838	  P	  0.8	  0.0	0.000	0.000	0.000
839	  E	  0.4	  0.0	0.000	0.000	0.000
840	  W	  1.5	  0.0	0.000	0.000	0.000
841	  Y	  1.6	  0.0	0.000	0.000	0.000
842	  I	  1.3	  0.0	0.000	0.000	0.000
843	  P	  0.2	  0.0	0.000	0.000	0.000
844	  I	  0.5	  0.0	0.000	0.000	0.000
845	  I	  0.5	  0.0	0.000	0.000	0.000
846	  P	  0.5	  0.0	0.123	0.616	0.616
847	  M	  2.5	  0.0	0.123	2.567	2.567
848	  V	  5.4	  0.0	0.123	2.567	2.567
849	  L	  6.0	  0.1	0.123	2.567	2.567
850	  I	  4.6	  2.3	0.123	2.567	2.567
851	  N	  1.6	  2.4	0.123	1.951	1.951
852	  G	  1.0	  2.7	0.000	0.000	0.000
853	  A	  0.0	  2.8	0.000	0.000	0.000
854	  E	  0.0	  0.8	0.000	0.000	0.000
855	  G	  0.0	  0.7	0.000	0.000	0.000
856	  I	  0.1	  0.9	0.000	0.000	0.000
857	  G	  0.1	  0.8	0.000	0.000	0.000
858	  T	  0.1	  0.6	0.000	0.000	0.000
859	  G	  0.1	  0.6	0.000	0.000	0.000
860	  W	 12.2	  0.2	0.000	0.000	0.000
861	  S	 13.4	  0.0	0.000	0.000	0.000
862	  C	 14.3	  0.0	0.000	0.000	0.000
863	  K	  2.6	  0.0	0.000	0.000	0.000
864	  I	  1.2	  0.8	0.000	0.000	0.000
865	  P	  0.1	  0.8	0.000	0.000	0.000
866	  N	  0.7	  1.0	0.000	0.000	0.000
867	  F	  4.3	  1.0	0.000	0.000	0.000
868	  D	  6.0	  0.1	6.103	0.000	0.000
869	  V	  5.7	  0.2	6.103	0.000	0.000
870	  R	  2.4	  0.0	6.103	0.000	0.000
871	  E	  0.9	  0.0	6.103	0.000	0.000
872	  I	  1.5	  0.0	6.103	0.000	0.000
873	  V	  1.9	  0.0	6.103	0.000	0.000
874	  N	  1.8	  0.0	6.366	0.000	0.000
875	  N	  4.0	  0.0	5.725	0.000	0.000
876	  I	  5.6	  0.0	2.763	0.000	0.000
877	  R	  5.8	  0.0	2.763	0.000	0.000
878	  R	  3.0	  0.0	1.574	0.000	0.000
879	  L	  1.2	  0.4	0.913	0.000	0.000
880	  M	  0.9	  0.6	0.578	0.000	0.000
881	  D	  0.5	  0.7	0.126	0.000	0.000
882	  G	  0.1	  0.7	0.000	0.000	0.000
883	  E	  0.0	  0.3	0.000	0.000	0.000
884	  E	  0.0	  0.1	0.000	0.000	0.000
885	  P	  0.0	  0.0	0.000	0.000	0.000
886	  L	  0.0	  0.0	0.000	0.000	0.000
887	  P	  0.0	  0.0	0.000	0.000	0.000
888	  M	  0.1	  0.0	0.000	0.000	0.000
889	  L	  0.1	  0.9	0.000	0.000	0.000
890	  P	  0.1	  0.9	0.000	0.000	0.000
891	  S	  1.6	  0.9	0.000	0.000	0.000
892	  Y	  2.2	  1.2	0.000	0.000	0.000
893	  K	  2.3	  0.3	0.000	0.000	0.000
894	  N	  1.5	  0.3	0.000	0.000	0.000
895	  F	  1.2	  0.6	0.000	0.000	0.000
896	  K	  1.1	  0.4	0.000	0.000	0.000
897	  G	  0.4	  0.4	0.000	0.000	0.000
898	  T	  4.5	  0.4	0.000	0.000	0.000
899	  I	  4.7	  0.1	0.000	0.000	0.000
900	  E	  4.6	  0.1	0.000	0.000	0.000
901	  E	  0.4	  0.1	0.000	0.000	0.000
902	  L	  0.2	  0.1	0.000	0.000	0.000
903	  A	  0.2	  0.7	0.000	0.000	0.000
904	  P	  0.0	  0.7	0.000	0.000	0.000
905	  N	  1.1	  0.7	0.000	0.000	0.000
906	  Q	  2.6	  0.7	0.000	0.000	0.000
907	  Y	  4.9	  0.0	0.000	0.000	0.000
908	  V	  8.0	  0.0	0.000	0.000	0.000
909	  I	  7.7	  0.1	0.000	0.000	0.000
910	  S	  5.5	  0.2	0.000	0.000	0.000
911	  G	  1.3	  0.2	0.119	0.000	0.000
912	  E	  1.7	  0.2	0.119	0.000	0.000
913	  V	  5.0	  0.1	0.119	0.555	0.555
914	  A	  5.6	  0.0	0.119	0.555	0.555
915	  I	  4.6	  0.0	0.119	0.555	0.555
916	  L	  1.6	  0.1	0.119	0.555	0.555
917	  N	  1.1	  0.2	0.119	0.555	0.555
918	  S	  1.2	  0.2	0.119	0.000	0.000
919	  T	  1.9	  0.2	0.000	0.000	0.000
920	  T	  6.0	  0.1	0.000	0.000	0.000
921	  I	  9.8	  0.0	0.000	0.000	0.000
922	  E	 10.0	  0.0	0.000	0.000	0.000
923	  I	  6.1	  0.0	0.000	0.000	0.000
924	  S	  1.6	  0.0	0.000	0.000	0.000
925	  E	  0.3	  0.0	0.000	0.000	0.000
926	  L	  0.1	  0.0	0.000	0.000	0.000
927	  P	  0.1	  0.0	0.000	0.000	0.000
928	  V	  0.7	  0.0	0.000	0.000	0.000
929	  R	  1.7	  0.0	0.000	0.000	0.000
930	  T	 14.4	  0.0	0.000	0.000	0.000
931	  W	 15.6	  0.0	0.000	0.000	0.000
932	  T	 15.3	  0.1	0.136	0.000	0.000
933	  Q	  3.6	  0.1	0.136	0.000	0.000
934	  T	 13.5	  0.1	0.136	0.000	0.000
935	  Y	 13.4	  0.1	0.136	0.000	0.000
936	  K	 12.7	  0.1	0.136	0.000	0.000
937	  E	  0.9	  0.1	0.136	0.000	0.000
938	  Q	  0.5	  0.1	0.136	0.000	0.000
939	  V	  4.1	  0.0	0.000	0.000	0.000
940	  L	  4.1	  0.0	0.000	0.000	0.000
941	  E	  3.7	  0.0	0.000	0.000	0.000
942	  P	  0.1	  0.0	0.000	0.000	0.000
943	  M	  0.6	  0.3	0.000	0.000	0.000
944	  L	  0.6	  1.9	0.000	0.000	0.000
945	  N	  0.7	  2.0	0.000	0.000	0.000
946	  G	  0.1	  2.1	0.000	0.000	0.000
947	  T	  0.3	  1.8	0.000	0.000	0.000
948	  E	  0.9	  0.2	0.000	0.000	0.000
949	  K	  0.9	  0.1	0.000	0.000	0.000
950	  T	  0.6	  0.1	0.000	0.000	0.000
951	  P	  0.0	  0.1	0.000	0.000	0.000
952	  P	  0.0	  0.1	0.000	0.000	0.000
953	  L	  0.4	  0.1	0.000	0.000	0.000
954	  I	  0.9	  0.2	0.000	0.000	0.000
955	  T	  1.3	  0.1	0.000	0.000	0.000
956	  D	  2.1	  0.1	0.355	0.000	0.000
957	  Y	  2.1	  0.1	0.355	0.000	0.000
958	  R	  1.9	  0.0	0.355	0.000	0.000
959	  E	  4.4	  0.0	0.355	0.000	0.000
960	  Y	  4.6	  0.1	0.355	0.000	0.000
961	  H	  4.7	  0.1	0.355	0.000	0.000
962	  T	  1.4	  0.1	0.000	0.150	0.150
963	  D	  0.8	  0.2	0.000	0.396	0.396
964	  T	  2.5	  0.2	0.000	0.396	0.396
965	  T	 17.3	  0.1	0.000	0.396	0.396
966	  V	 19.6	  0.0	0.000	0.396	0.396
967	  K	 18.2	  0.0	0.000	0.396	0.396
968	  F	  5.0	  0.0	0.000	0.581	0.581
969	  V	  4.4	  0.0	0.000	0.581	0.581
970	  V	 11.4	  0.0	0.000	0.581	0.581
971	  K	 11.7	  0.0	0.000	0.184	0.184
972	  M	  9.5	  0.0	0.000	0.184	0.184
973	  T	  2.6	  0.1	1.730	0.184	0.184
974	  E	  0.2	  0.1	1.840	0.184	0.184
975	  E	  0.2	  0.1	2.106	0.000	0.000
976	  K	  0.5	  0.1	2.898	0.000	0.000
977	  L	  0.4	  0.1	3.097	0.000	0.000
978	  A	  0.4	  0.1	3.840	0.000	0.000
979	  E	  0.1	  0.0	3.731	0.000	0.000
980	  A	  0.1	  0.1	3.406	0.000	0.000
981	  E	  0.2	  0.1	3.198	0.000	0.000
982	  R	  0.5	  0.1	2.564	0.000	0.000
983	  V	  0.8	  0.1	2.032	0.000	0.000
984	  G	  0.7	  0.1	2.165	0.000	0.000
985	  L	  0.5	  0.1	0.517	0.000	0.000
986	  H	  1.4	  0.1	0.390	0.000	0.000
987	  K	  2.4	  0.0	0.133	0.000	0.000
988	  V	  3.4	  0.0	0.133	0.000	0.000
989	  F	  3.7	  0.0	0.133	0.000	0.000
990	  K	  3.2	  0.0	0.000	0.000	0.000
991	  L	  2.1	  0.1	0.000	0.000	0.000
992	  Q	  0.7	  0.1	0.000	0.000	0.000
993	  T	  0.7	  0.1	0.000	0.000	0.000
994	  S	  2.3	  0.1	0.000	0.000	0.000
995	  L	  7.0	  0.1	0.000	0.000	0.000
996	  T	  9.0	  0.1	0.000	0.000	0.000
997	  C	  7.9	  0.1	0.000	0.000	0.000
998	  N	  3.0	  0.1	0.000	0.000	0.000
999	  S	  1.0	  0.1	0.000	2.430	2.430
1000	  M	  2.9	  0.1	0.000	2.430	2.430
1001	  V	  4.5	  0.0	0.000	2.430	2.430
1002	  L	  4.5	  0.0	0.000	2.430	2.430
1003	  F	  2.5	  0.1	0.000	2.430	2.430
1004	  D	  1.0	  0.1	0.000	0.000	0.000
1005	  H	  1.0	  0.6	0.000	0.000	0.000
1006	  V	  0.7	  1.0	0.000	0.000	0.000
1007	  G	  0.6	  0.9	0.186	0.000	0.000
1008	  C	  2.6	  0.9	0.186	0.000	0.000
1009	  L	  2.5	  0.5	0.186	0.000	0.000
1010	  K	  2.5	  0.1	0.186	0.000	0.000
1011	  K	  0.8	  0.2	0.186	0.000	0.000
1012	  Y	  1.3	  0.3	0.186	0.000	0.000
1013	  D	  1.8	  0.2	0.243	0.000	0.000
1014	  T	  4.8	  0.2	0.675	0.000	0.000
1015	  V	  6.9	  0.1	0.675	0.000	0.000
1016	  L	  8.7	  0.0	0.675	0.000	0.000
1017	  D	  5.2	  0.0	1.022	0.000	0.000
1018	  I	  4.6	  0.0	1.267	0.000	0.000
1019	  L	  2.3	  0.4	1.267	0.000	0.000
1020	  R	  2.5	  0.4	1.267	0.000	0.000
1021	  D	  1.3	  0.4	3.755	0.000	0.000
1022	  F	  3.3	  0.4	3.945	0.221	0.221
1023	  F	  5.2	  0.0	5.060	0.221	0.221
1024	  E	  4.6	  0.0	6.224	0.221	0.221
1025	  L	  3.8	  0.1	6.224	0.221	0.221
1026	  R	  2.0	  0.1	6.224	0.221	0.221
1027	  L	  2.5	  0.0	6.084	0.221	0.221
1028	  K	  1.4	  0.0	5.899	0.000	0.000
1029	  Y	  2.0	  0.1	4.943	0.000	0.000
1030	  Y	  1.4	  0.2	3.041	0.000	0.000
1031	  G	  1.1	  0.2	1.844	0.000	0.000
1032	  L	  0.5	  0.2	0.721	0.000	0.000
1033	  R	  0.5	  0.1	0.475	0.000	0.000
1034	  K	  0.6	  0.0	0.475	0.000	0.000
1035	  E	  0.4	  0.0	0.475	0.000	0.000
1036	  W	  0.7	  0.0	0.475	13.098	13.098
1037	  L	  0.6	  0.0	0.475	13.439	13.439
1038	  L	  0.7	  0.0	0.475	13.439	13.439
1039	  G	  0.2	  0.0	0.475	13.439	13.439
1040	  M	  0.2	  0.0	0.000	13.439	13.439
1041	  L	  0.1	  0.1	0.000	11.508	11.508
1042	  G	  0.1	  0.1	1.944	0.637	0.637
1043	  A	  0.1	  0.2	1.944	0.291	0.291
1044	  E	  0.1	  0.3	1.944	0.000	0.000
1045	  S	  0.3	  0.2	2.721	0.000	0.000
1046	  A	  0.6	  0.2	2.721	0.000	0.000
1047	  K	  1.3	  0.1	2.721	0.000	0.000
1048	  L	  1.2	  0.1	2.143	0.000	0.000
1049	  N	  1.0	  0.1	2.624	0.000	0.000
1050	  N	  0.2	  0.1	2.523	0.000	0.000
1051	  Q	  0.2	  0.1	1.779	0.000	0.000
1052	  A	  0.4	  0.1	1.069	0.000	0.000
1053	  R	  1.2	  0.0	1.069	0.000	0.000
1054	  F	  2.1	  0.0	1.069	4.309	4.309
1055	  I	  2.6	  0.0	0.649	4.583	4.583
1056	  L	  1.9	  0.0	0.649	4.583	4.583
1057	  E	  0.9	  0.0	0.649	4.583	4.583
1058	  K	  1.5	  0.3	0.649	4.583	4.583
1059	  I	  2.0	  1.7	0.000	4.403	4.403
1060	  D	  1.9	  1.7	0.000	0.765	0.765
1061	  G	  0.7	  1.7	0.000	0.765	0.765
1062	  K	  1.5	  1.4	0.000	1.337	1.337
1063	  I	  7.0	  0.0	0.000	1.337	1.337
1064	  I	  8.6	  0.0	0.000	1.337	1.337
1065	  I	  7.2	  0.1	0.000	1.337	1.337
1066	  E	  2.0	  0.1	0.000	0.572	0.572
1067	  N	  0.3	  0.1	0.172	0.000	0.000
1068	  K	  0.2	  0.3	0.172	0.000	0.000
1069	  P	  0.0	  0.2	0.420	0.000	0.000
1070	  K	  0.2	  0.2	0.579	0.000	0.000
1071	  K	  0.3	  0.3	0.905	0.000	0.000
1072	  E	  0.3	  0.1	2.206	0.331	0.331
1073	  L	  0.5	  0.1	2.206	0.331	0.331
1074	  I	  8.1	  0.0	2.206	0.331	0.331
1075	  K	  8.9	  0.0	2.206	0.331	0.331
1076	  V	 11.3	  0.0	2.206	0.331	0.331
1077	  L	  3.8	  0.0	2.206	0.331	0.331
1078	  I	  3.3	  0.1	2.206	0.331	0.331
1079	  Q	  0.6	  0.2	2.206	0.000	0.000
1080	  R	  0.6	  0.2	0.541	0.000	0.000
1081	  G	  0.3	  0.2	0.280	0.000	0.000
1082	  Y	  1.1	  0.2	0.000	0.000	0.000
1083	  D	  1.0	  0.1	0.000	0.000	0.000
1084	  S	  0.9	  0.1	0.143	0.000	0.000
1085	  D	  0.0	  0.1	5.753	0.000	0.000
1086	  P	  0.0	  0.0	5.753	0.000	0.000
1087	  V	  2.2	  0.0	5.753	0.000	0.000
1088	  K	  2.2	  0.0	5.753	0.000	0.000
1089	  A	  2.4	  0.0	5.753	0.000	0.000
1090	  W	  0.7	  0.1	6.036	0.000	0.000
1091	  K	  0.7	  0.1	5.280	0.000	0.000
1092	  E	  0.6	  0.1	4.546	0.000	0.000
1093	  A	  0.3	  0.1	4.230	0.000	0.000
1094	  Q	  0.5	  0.1	3.952	0.000	0.000
1095	  Q	  1.3	  0.1	2.999	0.000	0.000
1096	  K	  1.5	  0.1	1.305	0.000	0.000
1097	  V	  1.2	  0.4	0.167	0.000	0.000
1098	  P	  0.2	  0.4	0.000	0.000	0.000
1099	  D	  0.0	  0.6	0.000	0.000	0.000
1100	  E	  0.0	  0.7	0.000	0.000	0.000
1101	  E	  0.0	  0.4	0.000	0.000	0.000
1102	  E	  0.0	  0.4	0.000	0.000	0.000
1103	  N	  0.1	  0.3	0.000	0.000	0.000
1104	  E	  0.0	  0.4	0.000	0.000	0.000
1105	  E	  0.1	  0.5	0.000	0.000	0.000
1106	  S	  0.1	  1.4	0.372	0.000	0.000
1107	  D	  0.0	  1.3	0.372	0.000	0.000
1108	  N	  0.0	  1.3	0.512	0.000	0.000
1109	  E	  0.1	  1.2	0.512	0.000	0.000
1110	  K	  0.3	  0.3	0.512	0.000	0.000
1111	  E	  0.3	  0.2	0.512	0.000	0.000
1112	  T	  0.5	  0.2	0.140	0.000	0.000
1113	  E	  0.5	  0.2	0.140	0.000	0.000
1114	  K	  0.5	  0.6	0.140	0.000	0.000
1115	  S	  0.3	  1.0	0.000	0.000	0.000
1116	  D	  0.3	  1.0	0.000	0.000	0.000
1117	  S	  4.1	  0.9	0.000	0.000	0.000
1118	  V	  5.6	  0.5	0.000	0.000	0.000
1119	  T	  6.0	  0.3	0.000	0.000	0.000
1120	  D	  2.2	  0.3	0.000	0.000	0.000
1121	  S	  0.6	  0.6	0.000	0.000	0.000
1122	  G	  0.0	  0.9	0.000	0.000	0.000
1123	  P	  0.0	  0.6	0.000	0.000	0.000
1124	  T	  9.3	  0.7	0.000	0.677	0.677
1125	  F	 12.5	  0.4	0.000	1.817	1.817
1126	  N	 12.5	  0.0	0.192	1.817	1.817
1127	  Y	  4.2	  0.0	0.192	1.817	1.817
1128	  L	  1.1	  0.1	0.192	1.817	1.817
1129	  L	  3.2	  0.1	0.192	1.817	1.817
1130	  D	  2.5	  0.1	0.192	0.000	0.000
1131	  M	  2.2	  0.4	0.192	0.000	0.000
1132	  P	  0.0	  0.3	0.000	1.191	1.191
1133	  L	  0.4	  0.3	0.000	48.589	48.589
1134	  W	  1.0	  0.3	0.175	48.589	48.589
1135	  Y	  1.5	  0.0	0.175	48.589	48.589
1136	  L	  1.5	  0.0	0.175	48.589	48.589
1137	  T	  1.6	  0.1	3.763	47.611	47.611
1138	  K	  1.4	  0.1	3.763	0.000	0.000
1139	  E	  1.4	  0.2	3.877	0.000	0.000
1140	  K	  0.7	  0.5	4.008	0.000	0.000
1141	  K	  0.5	  0.5	4.390	0.000	0.000
1142	  D	  0.1	  0.6	5.174	0.000	0.000
1143	  E	  0.2	  0.6	5.351	0.000	0.000
1144	  L	  0.3	  0.2	5.173	0.000	0.000
1145	  C	  1.4	  0.3	5.209	0.000	0.000
1146	  R	  1.7	  0.1	4.993	0.000	0.000
1147	  L	  1.8	  0.2	4.709	0.000	0.000
1148	  R	  0.8	  0.2	3.445	0.000	0.000
1149	  N	  0.2	  0.2	7.084	0.000	0.000
1150	  E	  0.1	  0.3	6.593	0.000	0.000
1151	  K	  0.2	  0.2	7.309	0.000	0.000
1152	  E	  0.2	  0.2	7.628	0.000	0.000
1153	  Q	  0.2	  0.1	7.628	0.000	0.000
1154	  E	  0.8	  0.2	7.955	0.000	0.000
1155	  L	  0.9	  0.1	8.202	0.000	0.000
1156	  D	  0.9	  0.2	9.299	0.000	0.000
1157	  T	  3.1	  0.1	9.913	0.000	0.000
1158	  L	  3.0	  0.1	9.913	0.000	0.000
1159	  K	  3.3	  0.1	9.773	0.000	0.000
1160	  R	  0.7	  0.1	7.282	0.000	0.000
1161	  K	  0.7	  0.1	5.605	0.000	0.000
1162	  S	  0.4	  3.3	1.362	0.000	0.000
1163	  P	  0.1	  3.6	0.163	0.000	0.000
1164	  S	  0.0	  3.6	0.300	0.000	0.000
1165	  D	  0.3	  3.6	0.300	0.000	0.000
1166	  L	  0.4	  0.3	0.300	0.000	0.000
1167	  W	  0.8	  0.1	0.300	0.000	0.000
1168	  K	  0.6	  0.6	0.300	0.000	0.000
1169	  E	  0.5	  0.6	0.137	0.000	0.000
1170	  D	  0.1	  0.6	0.574	0.000	0.000
1171	  L	  0.1	  0.7	0.574	0.425	0.425
1172	  A	  1.0	  0.2	0.574	0.425	0.425
1173	  T	  3.4	  0.2	0.574	0.425	0.425
1174	  F	  4.5	  0.2	0.574	0.425	0.425
1175	  I	  3.8	  0.0	0.574	0.425	0.425
1176	  E	  1.4	  0.1	0.809	0.000	0.000
1177	  E	  0.4	  0.1	0.786	0.000	0.000
1178	  L	  0.4	  0.1	0.826	0.000	0.000
1179	  E	  0.4	  0.0	1.464	0.000	0.000
1180	  A	  0.5	  0.0	1.464	0.000	0.000
1181	  V	  2.1	  0.0	1.464	0.000	0.000
1182	  E	  2.5	  0.0	1.618	0.000	0.000
1183	  A	  2.2	  0.1	1.618	0.000	0.000
1184	  K	  0.8	  0.1	1.618	0.000	0.000
1185	  E	  0.5	  0.2	0.405	0.000	0.000
1186	  K	  0.6	  0.4	0.405	0.000	0.000
1187	  Q	  0.3	  0.4	0.278	0.000	0.000
1188	  D	  0.2	  0.4	0.000	0.000	0.000
1189	  E	  0.1	  0.4	0.000	0.000	0.000
1190	  Q	  0.1	  0.1	0.000	0.000	0.000
1191	  V	  0.7	  0.1	0.000	0.000	0.000
1192	  G	  0.7	  0.0	0.000	0.000	0.000
1193	  L	  0.6	  1.8	0.000	0.000	0.000
1194	  P	  0.0	  2.0	0.000	0.000	0.000
1195	  G	  0.0	  2.4	0.000	0.000	0.000
1196	  K	  0.0	  5.4	0.000	0.000	0.000
1197	  G	  0.0	  3.7	0.000	0.000	0.000
1198	  G	  0.1	  3.5	0.160	0.000	0.000
1199	  K	  0.3	  3.3	0.160	0.000	0.000
1200	  A	  0.4	  1.0	0.160	0.000	0.000
1201	  K	  0.3	  0.9	0.160	0.000	0.000
1202	  G	  0.1	  1.0	0.160	0.000	0.000
1203	  K	  0.3	  0.8	0.160	0.000	0.000
1204	  K	  0.6	  0.2	0.000	0.000	0.000
1205	  T	  1.7	  0.1	0.159	0.000	0.000
1206	  Q	  1.6	  0.1	0.159	0.000	0.000
1207	  M	  1.2	  0.0	0.159	0.000	0.000
1208	  A	  0.4	  0.0	0.159	0.000	0.000
1209	  E	  1.3	  0.0	0.159	0.000	0.000
1210	  V	  1.8	  0.0	0.159	0.000	0.000
1211	  L	  1.5	  0.0	0.159	0.000	0.000
1212	  P	  0.5	  0.0	0.000	0.000	0.000
1213	  S	  0.0	  0.9	0.000	0.000	0.000
1214	  P	  0.0	  1.2	0.000	0.000	0.000
1215	  R	  0.1	  1.2	0.000	0.000	0.000
1216	  G	  0.1	  1.2	0.000	0.000	0.000
1217	  Q	  0.6	  0.4	0.000	0.000	0.000
1218	  R	  5.6	  0.1	0.000	0.000	0.000
1219	  V	  6.1	  0.0	0.000	0.000	0.000
1220	  I	  5.5	  0.0	0.000	0.000	0.000
1221	  P	  0.5	  0.0	0.655	0.000	0.000
1222	  R	  5.0	  0.0	0.655	0.000	0.000
1223	  I	 16.5	  0.0	0.655	0.000	0.000
1224	  T	 19.7	  0.0	3.351	0.000	0.000
1225	  I	 17.4	  0.0	3.656	0.000	0.000
1226	  E	  7.1	  0.0	5.767	0.000	0.000
1227	  M	  3.8	  0.0	7.401	0.000	0.000
1228	  K	  1.8	  0.0	8.763	0.000	0.000
1229	  A	  0.6	  0.0	9.910	0.000	0.000
1230	  E	  0.3	  0.0	10.481	0.000	0.000
1231	  A	  0.1	  0.1	10.405	0.000	0.000
1232	  E	  0.5	  0.1	10.405	0.000	0.000
1233	  K	  0.5	  0.3	9.990	0.000	0.000
1234	  K	  0.5	  0.3	9.044	0.000	0.000
1235	  N	  0.1	  0.3	6.941	0.000	0.000
1236	  K	  0.2	  0.3	4.540	0.000	0.000
1237	  K	  0.3	  0.1	1.875	0.000	0.000
1238	  K	  2.8	  0.1	0.228	0.000	0.000
1239	  I	  3.0	  0.1	0.000	0.000	0.000
1240	  K	  2.9	  0.1	0.000	0.000	0.000
1241	  N	  0.4	  1.9	0.289	0.000	0.000
1242	  E	  0.2	  2.0	0.289	0.000	0.000
1243	  N	  0.4	  2.0	0.289	0.000	0.000
1244	  T	  0.4	  2.6	0.289	0.000	0.000
1245	  E	  0.2	  0.8	0.289	0.000	0.000
1246	  G	  0.0	  0.8	0.289	0.000	0.000
1247	  S	  0.0	  1.0	0.000	0.000	0.000
1248	  P	  0.0	  0.4	0.000	0.000	0.000
1249	  Q	  0.0	  1.1	0.000	0.000	0.000
1250	  E	  0.0	  1.6	0.000	0.000	0.000
1251	  D	  0.0	  1.3	0.000	0.000	0.000
1252	  G	  0.1	  1.3	0.117	0.000	0.000
1253	  V	  4.3	  0.6	0.233	0.000	0.000
1254	  E	  4.4	  0.0	1.508	0.000	0.000
1255	  L	  4.4	  0.2	2.457	0.000	0.000
1256	  E	  0.2	  0.2	2.567	0.000	0.000
1257	  G	  0.0	  0.2	9.775	0.000	0.000
1258	  L	  0.1	  0.2	9.775	0.000	0.000
1259	  K	  0.3	  0.1	9.775	0.000	0.000
1260	  Q	  0.5	  0.1	9.537	0.000	0.000
1261	  R	  0.8	  0.1	9.537	0.000	0.000
1262	  L	  0.7	  0.1	9.281	0.000	0.000
1263	  E	  0.9	  0.1	8.998	0.000	0.000
1264	  K	  0.6	  0.1	7.064	0.000	0.000
1265	  K	  0.7	  0.2	4.121	0.000	0.000
1266	  Q	  0.5	  0.1	1.843	0.000	0.000
1267	  K	  1.2	  0.1	0.501	0.000	0.000
1268	  R	  1.0	  0.1	0.129	0.000	0.000
1269	  E	  0.8	  0.6	0.000	0.000	0.000
1270	  P	  0.0	  0.6	0.000	0.000	0.000
1271	  G	  0.0	  0.6	0.281	0.000	0.000
1272	  T	  1.6	  0.7	0.281	0.000	0.000
1273	  K	  2.4	  0.2	0.281	0.000	0.000
1274	  T	  3.4	  0.2	0.281	0.000	0.000
1275	  K	  1.9	  0.2	0.281	0.000	0.000
1276	  K	  1.3	  0.1	0.281	0.000	0.000
1277	  Q	  0.5	  0.1	0.000	0.000	0.000
1278	  T	  1.3	  0.1	0.000	0.177	0.177
1279	  T	  1.5	  0.1	0.000	0.177	0.177
1280	  L	  1.6	  0.0	0.000	0.177	0.177
1281	  A	  1.3	  0.0	0.000	0.177	0.177
1282	  F	  1.1	  0.0	0.000	0.177	0.177
1283	  K	  0.8	  0.0	0.000	0.000	0.000
1284	  P	  0.2	  0.0	0.000	0.000	0.000
1285	  I	  0.5	  0.1	0.000	0.000	0.000
1286	  K	  0.5	  1.5	0.000	0.000	0.000
1287	  K	  0.5	  1.5	0.000	0.000	0.000
1288	  G	  0.0	  1.6	0.000	0.000	0.000
1289	  K	  0.1	  1.6	0.000	0.000	0.000
1290	  K	  0.3	  0.2	0.000	0.000	0.000
1291	  R	  0.3	  0.1	0.000	0.000	0.000
1292	  N	  0.2	  0.3	0.000	0.000	0.000
1293	  P	  0.0	  0.3	0.000	0.000	0.000
1294	  W	  0.2	  0.5	0.000	0.000	0.000
1295	  S	  0.2	  1.0	0.000	0.000	0.000
1296	  D	  0.3	  0.9	0.000	0.000	0.000
1297	  S	  0.3	  2.1	1.114	0.000	0.000
1298	  E	  0.3	  2.0	1.114	0.000	0.000
1299	  S	  0.2	  1.6	1.114	0.000	0.000
1300	  D	  0.0	  2.5	1.114	0.000	0.000
1301	  R	  0.2	  1.4	1.114	0.000	0.000
1302	  S	  0.3	  2.8	1.114	0.000	0.000
1303	  S	  0.3	  2.8	0.364	0.000	0.000
1304	  D	  0.1	  3.8	0.000	0.000	0.000
1305	  E	  0.0	  3.8	0.000	0.000	0.000
1306	  S	  0.1	  2.2	0.000	0.000	0.000
1307	  N	  0.8	  2.3	0.000	0.000	0.000
1308	  F	  6.6	  0.3	0.000	0.000	0.000
1309	  D	  6.6	  0.2	0.000	0.000	0.000
1310	  V	  5.8	  0.2	0.000	0.000	0.000
1311	  P	  0.0	  0.2	0.000	0.000	0.000
1312	  P	  0.0	  0.2	0.000	0.000	0.000
1313	  R	  0.0	  0.3	0.000	0.000	0.000
1314	  E	  0.1	  0.3	0.000	0.000	0.000
1315	  T	  0.1	  0.1	0.544	0.000	0.000
1316	  E	  0.1	  0.1	1.058	0.000	0.000
1317	  P	  0.0	  0.1	1.058	0.000	0.000
1318	  R	  0.1	  0.1	1.058	0.000	0.000
1319	  R	  0.2	  0.1	1.058	0.000	0.000
1320	  A	  0.3	  0.1	1.058	0.000	0.000
1321	  A	  0.4	  0.0	1.058	0.000	0.000
1322	  T	  1.8	  0.1	0.517	0.000	0.000
1323	  K	  2.4	  0.1	0.517	0.000	0.000
1324	  T	  3.5	  0.1	0.000	0.000	0.000
1325	  K	  5.0	  0.1	0.000	0.000	0.000
1326	  F	  9.1	  0.0	0.000	0.000	0.000
1327	  T	  9.4	  0.1	0.000	0.000	0.000
1328	  M	  7.6	  0.2	0.000	0.000	0.000
1329	  D	  2.9	  1.4	0.000	0.000	0.000
1330	  L	  1.6	  1.5	0.000	0.000	0.000
1331	  D	  0.4	  4.2	0.000	0.000	0.000
1332	  S	  0.3	  4.2	0.000	0.000	0.000
1333	  D	  0.0	  5.0	0.000	0.000	0.000
1334	  E	  0.1	  4.9	0.000	0.000	0.000
1335	  D	  0.7	  2.4	0.000	0.000	0.000
1336	  F	  0.9	  2.7	0.000	0.000	0.000
1337	  S	  0.9	  0.6	0.000	0.000	0.000
1338	  D	  0.7	  1.1	0.000	0.000	0.000
1339	  F	  0.7	  0.9	0.000	0.000	0.000
1340	  D	  0.7	  0.7	0.141	0.000	0.000
1341	  E	  0.6	  0.7	0.141	0.000	0.000
1342	  K	  0.5	  0.4	0.141	0.000	0.000
1343	  T	  0.5	  0.5	0.141	0.000	0.000
1344	  D	  0.2	  0.5	0.141	0.000	0.000
1345	  D	  0.1	  2.6	0.141	0.000	0.000
1346	  E	  0.1	  2.5	0.000	0.000	0.000
1347	  D	  0.7	  2.3	0.000	0.000	0.000
1348	  F	  0.9	  2.1	0.000	0.000	0.000
1349	  V	  0.9	  0.3	0.000	0.000	0.000
1350	  P	  0.2	  0.6	0.000	0.000	0.000
1351	  S	  0.0	  0.7	0.000	0.000	0.000
1352	  D	  0.1	  0.7	0.000	0.000	0.000
1353	  A	  0.1	  0.4	0.000	0.000	0.000
1354	  S	  0.1	  0.0	0.000	0.000	0.000
1355	  P	  0.0	  0.2	0.000	0.000	0.000
1356	  P	  0.0	  0.3	0.000	0.000	0.000
1357	  K	  0.8	  0.3	0.000	0.000	0.000
1358	  T	  2.4	  0.4	0.000	0.000	0.000
1359	  K	  2.7	  0.2	0.000	0.000	0.000
1360	  T	  2.1	  0.1	0.000	0.000	0.000
1361	  S	  0.5	  0.4	0.140	0.000	0.000
1362	  P	  0.1	  0.3	0.140	0.000	0.000
1363	  K	  0.5	  0.3	0.140	0.000	0.000
1364	  L	  0.6	  0.5	0.140	0.000	0.000
1365	  S	  0.6	  0.3	1.167	0.000	0.000
1366	  N	  0.1	  0.3	1.167	0.000	0.000
1367	  K	  0.2	  0.3	1.027	0.000	0.000
1368	  E	  2.9	  0.1	1.027	0.000	0.000
1369	  L	  2.9	  0.1	1.027	0.000	0.000
1370	  K	  2.9	  0.2	1.027	0.000	0.000
1371	  P	  0.1	  0.2	0.000	0.000	0.000
1372	  Q	  0.2	  0.3	0.000	0.000	0.000
1373	  K	  0.7	  0.3	0.000	0.000	0.000
1374	  S	  1.7	  0.1	0.000	0.000	0.000
1375	  V	  6.2	  0.1	0.000	0.000	0.000
1376	  V	  5.9	  0.1	0.000	0.000	0.000
1377	  S	  4.9	  0.2	0.212	0.000	0.000
1378	  D	  0.5	  0.2	0.212	0.000	0.000
1379	  L	  0.4	  0.2	0.212	0.000	0.000
1380	  E	  0.5	  0.3	0.212	0.000	0.000
1381	  A	  0.3	  0.5	0.212	0.000	0.000
1382	  D	  0.1	  0.5	0.468	0.000	0.000
1383	  D	  1.5	  0.4	0.256	0.000	0.000
1384	  V	  2.1	  0.4	0.256	0.000	0.000
1385	  K	  2.0	  0.4	0.256	0.000	0.000
1386	  G	  0.6	  0.4	0.256	0.000	0.000
1387	  S	  0.2	  0.4	0.256	0.000	0.000
1388	  V	  0.3	  0.1	0.000	0.000	0.000
1389	  P	  0.2	  0.0	0.000	0.000	0.000
1390	  L	  0.4	  0.1	0.000	0.000	0.000
1391	  S	  2.1	  0.1	0.000	0.000	0.000
1392	  S	  2.1	  0.1	0.000	0.000	0.000
1393	  S	  1.8	  0.1	0.000	0.000	0.000
1394	  P	  0.0	  0.0	0.000	0.000	0.000
1395	  P	  0.0	  0.1	0.000	0.000	0.000
1396	  A	  0.5	  0.1	0.000	0.000	0.000
1397	  T	  5.6	  0.1	0.000	0.000	0.000
1398	  H	  5.9	  0.1	0.000	0.000	0.000
1399	  F	  5.4	  0.8	0.000	0.000	0.000
1400	  P	  0.3	  0.9	0.000	0.000	0.000
1401	  D	  0.0	  1.1	0.000	0.000	0.000
1402	  E	  0.0	  1.1	0.000	0.000	0.000
1403	  T	  0.2	  0.3	0.000	0.000	0.000
1404	  E	  4.0	  0.2	0.000	0.000	0.000
1405	  I	  5.0	  0.0	0.000	0.000	0.000
1406	  T	  4.9	  0.0	0.000	0.000	0.000
1407	  N	  1.0	  0.0	0.000	0.000	0.000
1408	  P	  0.0	  0.0	0.000	0.000	0.000
1409	  V	  0.0	  0.0	0.000	0.000	0.000
1410	  P	  0.0	  0.1	0.000	0.000	0.000
1411	  K	  0.0	  0.2	0.000	0.000	0.000
1412	  K	  0.3	  0.2	0.000	0.000	0.000
1413	  N	  1.9	  0.2	0.000	0.000	0.000
1414	  V	 19.9	  0.1	0.000	0.000	0.000
1415	  T	 32.8	  0.0	0.000	0.000	0.000
1416	  V	 31.7	  0.0	0.000	0.000	0.000
1417	  K	 15.8	  0.1	0.000	0.000	0.000
1418	  K	  1.0	  0.1	0.000	0.000	0.000
1419	  T	  0.7	  0.1	0.000	0.000	0.000
1420	  A	  0.6	  0.1	0.000	0.000	0.000
1421	  A	  0.5	  0.1	0.000	0.000	0.000
1422	  K	  0.5	  0.2	0.000	0.000	0.000
1423	  S	  2.0	  0.7	0.000	0.000	0.000
1424	  Q	  2.0	  0.8	0.000	0.000	0.000
1425	  S	  2.1	  0.8	0.000	0.000	0.000
1426	  S	  2.6	  0.9	0.000	0.000	0.000
1427	  T	  3.3	  0.4	0.000	0.000	0.000
1428	  S	  3.7	  0.4	0.000	0.000	0.000
1429	  T	  1.7	  0.5	0.126	0.000	0.000
1430	  T	  0.8	  0.4	0.266	0.000	0.000
1431	  G	  0.1	  0.4	0.621	0.000	0.000
1432	  A	  0.1	  0.3	0.621	0.000	0.000
1433	  K	  0.2	  0.2	0.621	0.000	0.000
1434	  K	  0.4	  0.1	0.621	0.000	0.000
1435	  R	  0.5	  0.1	0.621	0.000	0.000
1436	  A	  0.4	  0.1	0.355	0.000	0.000
1437	  A	  0.2	  0.6	0.230	0.000	0.000
1438	  P	  0.0	  0.9	0.000	0.000	0.000
1439	  K	  0.0	  1.0	0.000	0.000	0.000
1440	  G	  0.1	  1.0	0.000	0.000	0.000
1441	  T	  1.4	  0.5	0.000	0.000	0.000
1442	  K	  1.6	  0.2	0.000	0.000	0.000
1443	  R	  1.6	  0.1	0.000	0.000	0.000
1444	  D	  0.2	  0.2	0.283	0.000	0.000
1445	  P	  0.0	  0.1	0.283	0.000	0.000
1446	  A	  0.2	  0.1	0.283	0.000	0.000
1447	  L	  0.6	  0.2	0.283	0.000	0.000
1448	  N	  0.6	  0.3	0.283	0.000	0.000
1449	  S	  0.5	  0.3	0.283	0.000	0.000
1450	  G	  0.1	  0.3	0.000	0.000	0.000
1451	  V	  2.1	  0.2	0.000	0.000	0.000
1452	  S	  2.5	  0.1	0.000	0.000	0.000
1453	  Q	  2.5	  0.0	0.000	0.000	0.000
1454	  K	  0.6	  0.0	0.000	0.000	0.000
1455	  P	  0.1	  0.0	0.000	0.000	0.000
1456	  D	  0.0	  0.3	1.972	0.000	0.000
1457	  P	  0.0	  0.3	2.159	0.000	0.000
1458	  A	  0.1	  0.4	2.159	0.000	0.000
1459	  K	  0.8	  0.4	2.159	0.000	0.000
1460	  T	  1.4	  0.3	2.159	0.000	0.000
1461	  K	  1.3	  0.4	2.159	0.000	0.000
1462	  N	  0.7	  0.4	1.569	0.000	0.000
1463	  R	  0.3	  0.4	0.487	0.000	0.000
1464	  R	  0.5	  0.2	0.143	0.000	0.000
1465	  K	  1.3	  0.2	0.000	0.000	0.000
1466	  R	  1.1	  0.1	0.000	0.000	0.000
1467	  K	  0.9	  0.3	0.000	0.000	0.000
1468	  P	  0.1	  0.3	0.000	0.000	0.000
1469	  S	  2.0	  0.6	0.000	0.000	0.000
1470	  T	  2.1	  1.0	0.000	0.000	0.000
1471	  S	  2.1	  1.9	0.000	0.000	0.000
1472	  D	  0.1	  3.0	0.000	0.000	0.000
1473	  D	  0.0	  5.7	0.000	0.000	0.000
1474	  S	  0.1	  6.0	0.000	0.000	0.000
1475	  D	  0.1	  6.3	0.000	0.000	0.000
1476	  S	  0.1	  5.1	0.343	0.000	0.000
1477	  N	  2.5	  2.1	0.343	0.000	0.000
1478	  F	  4.4	  1.6	0.343	0.000	0.000
1479	  E	  4.4	  0.1	0.343	0.000	0.000
1480	  K	  3.5	  0.1	0.343	0.000	0.000
1481	  I	  4.6	  0.1	0.343	0.000	0.000
1482	  V	  5.5	  0.0	0.343	0.000	0.000
1483	  S	  4.0	  0.1	0.485	0.000	0.000
1484	  K	  1.2	  0.1	0.312	0.000	0.000
1485	  A	  0.8	  0.1	0.142	0.000	0.000
1486	  V	  3.6	  0.1	0.142	0.000	0.000
1487	  T	  4.6	  0.1	0.142	0.000	0.000
1488	  S	  4.3	  0.2	0.142	0.000	0.000
1489	  K	  1.6	  0.3	0.142	0.000	0.000
1490	  K	  0.7	  0.4	0.000	0.000	0.000
1491	  S	  0.6	  1.0	0.000	0.000	0.000
1492	  K	  0.6	  1.0	0.000	0.000	0.000
1493	  G	  0.1	  1.2	0.000	0.000	0.000
1494	  E	  0.1	  1.2	0.000	0.000	0.000
1495	  S	  0.0	  2.0	0.000	0.000	0.000
1496	  D	  0.1	  1.8	0.000	0.000	0.000
1497	  D	  0.3	  1.6	0.000	0.000	0.000
1498	  F	  1.8	  1.4	0.000	0.000	0.000
1499	  H	  2.6	  0.3	0.000	0.000	0.000
1500	  M	  3.9	  0.3	0.000	0.000	0.000
1501	  D	  2.8	  0.9	0.000	0.000	0.000
1502	  F	  2.9	  1.0	0.000	0.000	0.000
1503	  D	  1.4	  0.7	0.000	0.000	0.000
1504	  S	  1.2	  0.7	0.000	0.000	0.000
1505	  A	  1.2	  0.1	0.000	0.000	0.000
1506	  V	  1.7	  0.0	0.000	0.000	0.000
1507	  A	  1.4	  0.2	0.121	0.000	0.000
1508	  P	  0.5	  0.2	0.121	0.000	0.000
1509	  R	  0.1	  0.2	0.121	0.000	0.000
1510	  A	  0.2	  0.3	0.121	0.000	0.000
1511	  K	  0.7	  0.1	0.121	0.000	0.000
1512	  S	  4.4	  0.1	0.321	0.000	0.000
1513	  V	  5.5	  0.1	0.200	0.000	0.000
1514	  R	  5.1	  0.0	0.200	0.000	0.000
1515	  A	  1.5	  0.0	0.200	0.000	0.000
1516	  K	  0.2	  0.0	0.200	0.000	0.000
1517	  K	  0.1	  0.0	0.200	0.000	0.000
1518	  P	  0.0	  0.0	0.000	0.000	0.000
1519	  I	  3.2	  0.0	0.000	0.000	0.000
1520	  K	  3.5	  0.0	0.000	0.000	0.000
1521	  Y	  4.2	  0.0	0.000	0.000	0.000
1522	  L	  1.0	  0.1	0.000	0.000	0.000
1523	  E	  0.7	  0.2	0.000	0.000	0.000
1524	  E	  0.1	  0.3	0.000	0.000	0.000
1525	  S	  0.1	  0.4	0.000	0.000	0.000
1526	  D	  0.0	  5.3	0.000	0.000	0.000
1527	  E	  0.0	  5.3	0.000	0.000	0.000
1528	  D	  0.0	  5.2	0.000	0.000	0.000
1529	  D	  0.5	  5.1	0.000	0.000	0.000
1530	  L	  0.4	  0.2	0.000	0.000	0.000
1531	  F	  0.4	  0.0	0.000	0.000	0.000
