res	aa	Beta	Turn	Helix	Aggregation	Conc-Stab_Aggregation
01	  M	  0.1	  0.2	0.000	0.000	0.000
02	  S	  0.1	  0.3	0.144	0.000	0.000
03	  D	  0.1	  0.3	0.259	0.000	0.000
04	  Q	  0.4	  0.4	0.259	0.000	0.000
05	  Q	  1.1	  0.3	0.385	0.000	0.000
06	  L	  3.2	  0.2	0.385	0.000	0.000
07	  D	  3.0	  0.2	2.196	0.000	0.000
08	  C	  2.9	  0.3	4.768	0.000	0.000
09	  A	  0.8	  0.1	5.741	0.000	0.000
10	  L	  1.7	  0.1	6.086	0.000	0.000
11	  D	  1.1	  0.1	9.357	0.000	0.000
12	  L	  1.1	  0.0	9.357	0.000	0.000
13	  M	  0.4	  0.1	9.357	0.000	0.000
14	  R	  1.1	  0.0	8.883	0.000	0.000
15	  R	  1.0	  0.0	8.281	0.000	0.000
16	  L	  0.8	  0.0	7.697	0.000	0.000
17	  P	  0.0	  0.2	0.000	0.000	0.000
18	  P	  0.0	  0.3	0.000	0.000	0.000
19	  Q	  0.2	  0.3	0.000	0.000	0.000
20	  Q	  3.0	  0.3	0.000	0.000	0.000
21	  I	  3.6	  0.1	0.000	0.000	0.000
22	  E	  3.7	  0.2	0.000	0.000	0.000
23	  K	  1.0	  0.2	0.000	0.000	0.000
24	  N	  0.6	  0.8	0.617	0.000	0.000
25	  L	  0.4	  1.0	0.617	0.000	0.000
26	  S	  0.3	  0.8	0.617	0.000	0.000
27	  D	  0.3	  0.8	0.807	0.000	0.000
28	  L	  0.7	  0.3	0.807	0.000	0.000
29	  I	  3.7	  0.0	0.807	0.000	0.000
30	  D	  3.8	  0.0	0.807	0.000	0.000
31	  L	  3.4	  0.0	0.501	0.000	0.000
32	  V	  0.5	  0.2	0.501	0.000	0.000
33	  P	  0.1	  0.3	0.000	0.000	0.000
34	  S	  0.7	  0.3	0.000	0.000	0.000
35	  L	  0.8	  0.3	0.000	0.000	0.000
36	  C	  1.4	  0.7	0.166	0.000	0.000
37	  E	  0.7	  0.7	0.166	0.000	0.000
38	  D	  0.6	  0.7	0.166	0.000	0.000
39	  L	  0.5	  0.7	0.166	0.000	0.000
40	  L	  0.8	  0.1	0.166	0.000	0.000
41	  S	  0.9	  0.1	0.166	0.000	0.000
42	  S	  4.9	  0.4	0.000	0.000	0.000
43	  V	  7.1	  0.4	0.000	0.000	0.000
44	  D	  6.9	  0.3	0.000	0.000	0.000
45	  Q	  2.6	  0.3	0.000	0.000	0.000
46	  P	  0.0	  0.0	0.000	0.000	0.000
47	  L	  1.8	  0.0	0.000	0.000	0.000
48	  K	  3.2	  0.0	0.000	0.000	0.000
49	  I	  4.5	  0.0	0.000	0.000	0.000
50	  A	  2.8	  0.2	0.000	0.000	0.000
51	  R	  1.4	  0.2	0.000	0.000	0.000
52	  D	  0.1	  0.2	0.000	0.000	0.000
53	  K	  2.1	  0.2	0.000	0.000	0.000
54	  V	  3.2	  0.0	0.000	0.000	0.000
55	  V	  3.2	  0.2	0.000	0.000	0.000
56	  G	  1.2	  0.6	0.000	0.000	0.000
57	  K	  0.2	  0.6	0.000	0.000	0.000
58	  D	  0.1	  0.6	0.000	0.000	0.000
59	  Y	  0.9	  0.4	0.000	0.000	0.000
60	  L	  2.1	  0.0	0.000	0.000	0.000
61	  L	  2.3	  0.2	0.000	0.000	0.000
62	  C	  1.9	  0.2	0.000	0.000	0.000
63	  D	  1.2	  0.8	0.000	0.000	0.000
64	  Y	  1.4	  0.9	0.000	0.000	0.000
65	  N	  1.0	  5.9	0.000	0.000	0.000
66	  R	  0.5	  6.1	0.000	0.000	0.000
67	  D	  0.0	  6.6	0.000	0.000	0.000
68	  G	  0.0	  6.6	0.000	0.000	0.000
69	  D	  0.5	  1.6	0.000	0.000	0.000
70	  S	  6.9	  1.4	0.000	0.000	0.000
71	  Y	 10.2	  0.2	0.000	0.000	0.000
72	  R	  9.8	  0.1	0.000	0.000	0.000
73	  S	  3.6	  0.2	0.000	0.000	0.000
74	  P	  0.1	  0.2	0.000	0.000	0.000
75	  W	  0.2	  0.4	0.000	0.000	0.000
76	  S	  0.2	  0.5	0.000	0.000	0.000
77	  N	  0.4	  0.4	0.000	0.000	0.000
78	  K	  1.6	  0.4	0.000	0.000	0.000
79	  Y	  1.6	  0.2	0.000	0.000	0.000
80	  D	  1.4	  0.1	0.000	0.000	0.000
81	  P	  0.0	  0.1	0.000	0.000	0.000
82	  P	  0.0	  0.1	0.000	0.000	0.000
83	  L	  0.1	  1.0	0.000	0.000	0.000
84	  E	  0.1	  1.2	0.000	0.000	0.000
85	  D	  0.1	  1.2	0.000	0.000	0.000
86	  G	  0.0	  1.2	0.000	0.000	0.000
87	  A	  0.0	  0.3	0.000	0.000	0.000
88	  M	  0.1	  0.5	0.000	0.000	0.000
89	  P	  0.0	  0.4	0.935	0.000	0.000
90	  S	  0.8	  0.4	3.077	0.000	0.000
91	  A	  1.0	  0.5	3.077	0.000	0.000
92	  R	  1.6	  0.1	3.077	0.000	0.000
93	  L	  1.0	  0.1	3.077	0.000	0.000
94	  R	  1.1	  0.1	3.192	0.000	0.000
95	  K	  2.1	  0.1	2.801	0.000	0.000
96	  L	  3.6	  0.1	1.560	0.000	0.000
97	  E	  5.4	  0.0	1.349	0.000	0.000
98	  V	  5.5	  0.0	1.106	0.000	0.000
99	  E	  3.9	  0.2	1.106	0.000	0.000
100	  A	  1.8	  0.3	0.990	0.000	0.000
101	  N	  0.1	  0.3	0.990	0.000	0.000
102	  N	  0.2	  0.3	0.112	0.000	0.000
103	  A	  0.4	  0.1	0.112	0.000	0.000
104	  F	  1.5	  0.1	0.112	0.000	0.000
105	  D	  1.9	  0.1	0.750	0.000	0.000
106	  Q	  3.8	  0.1	0.750	0.000	0.000
107	  Y	  3.5	  0.5	0.750	0.000	0.000
108	  R	  2.9	  0.4	0.750	0.000	0.000
109	  D	  1.1	  0.4	0.750	0.000	0.000
110	  L	  1.0	  0.4	0.750	0.000	0.000
111	  Y	  3.3	  0.0	0.750	0.000	0.000
112	  F	  3.4	  0.3	0.604	0.000	0.000
113	  E	  2.8	  1.6	0.000	0.000	0.000
114	  G	  0.4	  1.6	0.000	0.000	0.000
115	  G	  0.0	  1.6	0.000	0.230	0.230
116	  V	  1.4	  1.3	0.000	8.417	8.417
117	  S	  1.6	  0.1	0.000	9.011	9.011
118	  S	  2.4	  0.1	0.000	13.813	13.813
119	  V	  4.7	  0.1	0.000	13.813	13.813
120	  Y	  5.1	  0.0	0.000	13.813	13.813
121	  L	  4.4	  0.0	0.000	13.412	13.412
122	  W	  1.6	  0.0	0.000	12.622	12.622
123	  D	  1.1	  1.5	0.000	0.000	0.000
124	  L	  1.1	  1.6	0.000	0.000	0.000
125	  D	  0.4	  1.9	0.000	0.000	0.000
126	  H	  0.4	  1.8	0.000	0.129	0.129
127	  G	  0.3	  0.4	0.157	19.709	19.709
128	  F	  0.7	  0.9	0.157	51.515	51.515
129	  A	  0.6	  0.6	0.157	54.170	54.170
130	  G	  0.5	  0.6	0.825	56.680	56.680
131	  V	  7.7	  0.6	0.825	56.680	56.680
132	  I	  9.8	  0.0	0.825	56.680	56.680
133	  L	 10.1	  0.0	0.825	53.629	53.629
134	  I	  3.1	  0.0	0.825	43.387	43.387
135	  K	  0.8	  0.1	0.825	0.000	0.000
136	  K	  0.5	  0.4	0.185	0.000	0.000
137	  A	  0.1	  2.3	0.000	0.000	0.000
138	  G	  0.1	  2.7	0.000	0.000	0.000
139	  D	  0.0	  3.0	0.000	0.000	0.000
140	  G	  0.0	  2.7	0.000	0.000	0.000
141	  S	  0.1	  0.9	0.000	0.000	0.000
142	  K	  0.3	  0.4	0.000	0.000	0.000
143	  K	  3.0	  0.1	0.000	0.000	0.000
144	  I	  4.0	  0.4	0.000	0.000	0.000
145	  K	  3.8	  0.4	0.000	0.000	0.000
146	  G	  1.2	  0.4	0.000	0.000	0.000
147	  C	  1.9	  0.5	0.000	0.000	0.000
148	  W	  2.4	  0.3	0.000	0.000	0.000
149	  D	  2.5	  0.3	0.000	0.000	0.000
150	  S	  1.3	  0.3	0.000	0.000	0.000
151	  I	  3.5	  0.1	0.000	0.000	0.000
152	  H	  5.1	  0.0	0.000	0.000	0.000
153	  V	  8.2	  0.0	0.000	0.000	0.000
154	  V	 23.4	  0.0	0.000	0.000	0.000
155	  E	 23.7	  0.0	0.000	0.000	0.000
156	  V	 21.0	  0.0	0.000	0.000	0.000
157	  Q	  3.7	  0.1	0.000	0.000	0.000
158	  E	  0.8	  0.1	0.000	0.000	0.000
159	  K	  0.4	  0.4	0.000	0.000	0.000
160	  S	  0.4	  0.9	0.000	0.000	0.000
161	  S	  0.3	  1.7	0.170	0.000	0.000
162	  G	  0.2	  1.7	0.170	0.000	0.000
163	  R	  0.2	  1.4	0.170	0.000	0.000
164	  T	  0.8	  1.0	0.170	0.000	0.000
165	  A	  1.2	  0.1	0.170	0.000	0.000
166	  H	  3.1	  0.0	0.170	0.000	0.000
167	  Y	  3.8	  0.0	0.000	0.000	0.000
168	  K	  5.2	  0.0	0.000	0.000	0.000
169	  L	  3.8	  0.0	0.000	3.828	3.828
170	  T	  3.1	  0.1	0.220	4.470	4.470
171	  S	  1.7	  0.1	0.391	7.637	7.637
172	  T	  5.2	  0.1	1.187	32.439	32.439
173	  V	  8.7	  0.1	1.187	67.916	67.916
174	  M	  8.8	  0.0	1.187	68.027	68.027
175	  L	  5.4	  0.0	1.187	68.027	68.027
176	  W	  1.5	  0.0	1.187	67.782	67.782
177	  L	  1.0	  0.1	1.187	62.980	62.980
178	  Q	  0.6	  0.1	1.034	2.872	2.872
179	  T	  0.4	  0.1	0.234	0.454	0.454
180	  N	  0.4	  3.5	0.234	0.000	0.000
181	  K	  0.4	  3.7	0.117	0.000	0.000
182	  S	  0.4	  5.3	0.000	0.000	0.000
183	  G	  0.4	  5.5	0.000	0.000	0.000
184	  S	  0.3	  2.6	0.000	0.000	0.000
185	  G	  0.1	  2.3	0.000	0.000	0.000
186	  T	  2.2	  0.8	0.000	0.000	0.000
187	  M	  3.9	  0.6	0.000	0.000	0.000
188	  N	  3.9	  0.3	0.000	0.000	0.000
189	  L	  1.9	  0.6	0.000	0.000	0.000
190	  G	  0.0	  0.9	0.000	0.000	0.000
191	  G	  0.0	  0.9	0.370	0.000	0.000
192	  S	  1.7	  0.7	0.370	0.000	0.000
193	  L	  1.9	  0.4	0.370	0.000	0.000
194	  T	  3.4	  0.1	0.473	0.000	0.000
195	  R	  2.6	  0.1	0.473	0.000	0.000
196	  Q	  4.0	  0.1	0.473	0.000	0.000
197	  M	  2.6	  0.1	0.103	0.000	0.000
198	  E	  2.0	  0.2	0.103	0.000	0.000
199	  K	  0.4	  0.2	0.103	0.000	0.000
200	  D	  0.2	  0.3	0.103	0.000	0.000
201	  E	  0.1	  0.2	0.000	0.000	0.000
202	  T	 18.2	  0.1	0.000	0.000	0.000
203	  V	 18.4	  0.3	0.000	0.000	0.000
204	  S	 18.4	  0.2	0.000	0.000	0.000
205	  D	  0.8	  0.2	0.000	0.000	0.000
206	  C	  0.7	  0.2	0.000	0.000	0.000
207	  S	  0.7	  0.3	0.000	0.000	0.000
208	  P	  0.2	  0.3	0.000	0.000	0.000
209	  H	  4.8	  0.3	0.000	0.000	0.000
210	  I	  4.9	  0.3	0.000	0.000	0.000
211	  A	  5.1	  0.0	0.000	0.000	0.000
212	  N	  0.3	  0.3	0.968	0.000	0.000
213	  I	  0.3	  0.6	0.968	0.000	0.000
214	  G	  0.1	  0.7	1.193	0.000	0.000
215	  R	  0.7	  0.7	1.335	0.000	0.000
216	  L	  0.8	  0.3	1.463	0.000	0.000
217	  V	  1.7	  0.2	1.463	0.000	0.000
218	  E	  1.1	  0.1	1.463	0.000	0.000
219	  D	  1.2	  0.1	3.990	0.000	0.000
220	  M	  0.4	  0.4	3.990	0.000	0.000
221	  E	  0.5	  0.3	3.990	0.000	0.000
222	  N	  0.4	  0.3	3.990	0.000	0.000
223	  K	  1.7	  0.3	3.990	0.000	0.000
224	  I	  3.0	  0.0	3.026	0.000	0.000
225	  R	  3.2	  0.1	3.026	0.000	0.000
226	  S	  2.0	  0.1	1.986	0.000	0.000
227	  T	  2.3	  0.1	0.956	0.000	0.000
228	  L	  1.9	  0.1	0.956	0.000	0.000
229	  N	  1.8	  0.0	1.215	0.000	0.000
230	  E	  0.6	  0.0	0.957	0.000	0.000
231	  I	  1.6	  0.0	0.957	0.000	0.000
232	  Y	  2.6	  0.2	0.957	0.000	0.000
233	  F	  2.2	  0.9	0.810	0.000	0.000
234	  G	  1.2	  1.0	0.615	0.000	0.000
235	  K	  0.9	  1.0	0.293	0.000	0.000
236	  T	  1.2	  1.0	0.000	0.000	0.000
237	  K	  1.4	  0.3	0.000	0.000	0.000
238	  D	  1.9	  0.2	0.000	0.000	0.000
239	  I	  2.6	  0.3	0.000	0.154	0.154
240	  V	  2.7	  2.0	0.000	0.154	0.154
241	  N	  1.5	  2.0	0.000	0.154	0.154
242	  G	  0.4	  2.0	0.000	0.154	0.154
243	  L	  0.6	  2.0	0.000	0.154	0.154
244	  R	  1.4	  0.1	0.000	0.000	0.000
245	  S	  4.4	  0.4	0.000	0.000	0.000
246	  I	  4.6	  0.4	0.000	0.000	0.000
247	  D	  3.9	  0.4	0.000	0.000	0.000
248	  A	  0.9	  0.4	0.000	0.000	0.000
249	  I	  0.2	  0.6	0.000	0.000	0.000
250	  P	  0.1	  0.7	0.124	0.000	0.000
251	  D	  0.0	  0.8	0.272	0.000	0.000
252	  N	  0.2	  0.8	1.829	0.000	0.000
253	  Q	  0.9	  0.3	1.829	0.000	0.000
254	  K	  1.9	  0.1	1.829	0.000	0.000
255	  F	  2.4	  0.2	1.829	0.000	0.000
256	  K	  1.9	  0.2	1.704	0.000	0.000
257	  Q	  1.9	  0.2	1.557	0.000	0.000
258	  L	  1.3	  0.2	1.170	0.000	0.000
259	  Q	  1.4	  0.1	0.929	0.000	0.000
260	  R	  0.4	  0.1	0.645	0.000	0.000
261	  E	  0.7	  0.1	0.417	0.000	0.000
262	  L	  0.7	  0.1	0.417	0.298	0.298
263	  S	  0.8	  0.1	0.717	0.298	0.298
264	  Q	  0.9	  0.0	0.547	0.298	0.298
265	  V	  2.4	  0.0	0.300	0.298	0.298
266	  L	  2.5	  0.0	0.300	0.298	0.298
267	  T	  3.3	  0.1	0.300	0.000	0.000
268	  Q	  2.1	  0.1	0.300	0.000	0.000
269	  R	  3.0	  0.1	0.126	0.000	0.000
270	  Q	  3.0	  0.1	0.000	0.000	0.000
271	  I	  3.5	  0.0	0.000	0.000	0.000
272	  Y	  3.4	  0.0	0.000	0.000	0.000
273	  I	  2.2	  0.0	0.000	0.000	0.000
274	  Q	  1.2	  0.9	0.000	0.000	0.000
275	  P	  0.1	  0.9	0.000	0.000	0.000
276	  D	  0.0	  0.9	0.000	0.000	0.000
277	  N	  0.0	  0.9	0.000	0.000	0.000
