res	aa	Beta	Turn	Helix	Aggregation	Conc-Stab_Aggregation
01	  M	  0.2	  0.1	0.000	0.000	0.000
02	  A	  0.3	  0.5	0.000	0.000	0.000
03	  S	  0.4	  1.0	0.000	0.000	0.000
04	  S	  0.2	  1.0	0.000	0.000	0.000
05	  G	  0.2	  0.8	0.000	0.000	0.000
06	  M	  0.1	  0.8	0.000	0.000	0.000
07	  A	  0.2	  0.4	0.000	0.000	0.000
08	  D	  0.1	  0.5	0.000	0.000	0.000
09	  S	  0.6	  2.7	0.000	0.000	0.000
10	  A	  0.6	  2.4	0.000	0.000	0.000
11	  N	  0.6	  2.3	0.000	0.000	0.000
12	  H	  0.2	  2.2	0.000	0.000	0.000
13	  L	  0.2	  0.2	0.000	0.000	0.000
14	  P	  0.1	  0.2	0.000	0.000	0.000
15	  F	  1.4	  0.2	0.000	8.273	8.273
16	  F	  2.4	  0.2	0.000	8.918	8.918
17	  F	  2.4	  2.1	0.000	8.918	8.918
18	  G	  1.0	  2.1	0.171	8.918	8.918
19	  N	  2.6	  2.1	0.171	8.918	8.918
20	  I	  6.5	  2.2	0.171	8.553	8.553
21	  T	  6.7	  0.0	1.314	6.980	6.980
22	  R	  4.2	  0.1	1.314	0.000	0.000
23	  E	  0.2	  0.1	1.314	0.000	0.000
24	  E	  0.1	  0.1	1.143	0.000	0.000
25	  A	  0.1	  0.4	1.143	0.000	0.000
26	  E	  0.1	  0.4	1.143	0.000	0.000
27	  D	  0.1	  0.4	0.774	0.000	0.000
28	  Y	  1.2	  0.4	0.369	0.000	0.000
29	  L	  1.5	  0.0	0.151	0.000	0.000
30	  V	  1.6	  0.1	0.151	0.000	0.000
31	  Q	  0.5	  0.2	0.151	0.000	0.000
32	  G	  0.2	  0.2	0.151	0.000	0.000
33	  G	  0.0	  0.2	0.151	0.000	0.000
34	  M	  0.1	  0.9	0.000	0.000	0.000
35	  S	  0.1	  1.0	0.694	0.000	0.000
36	  D	  0.1	  1.0	0.841	0.000	0.000
37	  G	  0.0	  1.0	2.520	7.798	7.798
38	  L	  0.8	  0.2	2.668	7.798	7.798
39	  Y	  1.5	  0.0	2.668	7.798	7.798
40	  L	  1.7	  0.0	2.668	7.798	7.798
41	  L	  1.2	  0.0	2.668	7.798	7.798
42	  R	  0.7	  0.1	2.668	0.000	0.000
43	  Q	  0.7	  0.2	2.107	0.000	0.000
44	  S	  0.7	  1.5	0.680	0.000	0.000
45	  R	  0.8	  1.5	0.000	0.000	0.000
46	  N	  0.7	  1.4	0.000	0.000	0.000
47	  Y	  0.8	  1.3	0.000	0.645	0.645
48	  L	  0.5	  0.4	0.000	1.158	1.158
49	  G	  0.4	  0.4	0.000	1.158	1.158
50	  G	  0.2	  0.4	0.000	1.934	1.934
51	  F	  0.9	  0.4	0.000	10.559	10.559
52	  A	  1.2	  0.0	0.000	10.881	10.881
53	  L	  2.9	  0.0	0.000	10.881	10.881
54	  S	  2.8	  0.0	0.132	10.566	10.566
55	  V	  4.5	  0.1	0.132	10.566	10.566
56	  A	  2.6	  0.8	0.132	5.014	5.014
57	  H	  2.1	  1.0	0.132	0.000	0.000
58	  G	  0.2	  1.0	0.132	0.000	0.000
59	  R	  0.2	  0.9	0.132	0.000	0.000
60	  K	  0.3	  0.3	0.000	0.000	0.000
61	  A	  0.5	  0.1	0.000	0.000	0.000
62	  H	  1.7	  0.0	0.000	0.000	0.000
63	  H	  4.6	  0.0	0.000	0.000	0.000
64	  Y	 12.9	  0.0	0.000	0.000	0.000
65	  T	 15.4	  0.0	1.025	0.000	0.000
66	  I	 13.7	  0.0	1.328	0.000	0.000
67	  E	  5.4	  0.0	1.328	0.000	0.000
68	  R	  1.4	  0.1	1.328	0.000	0.000
69	  E	  0.9	  0.3	1.328	0.000	0.000
70	  L	  1.0	  1.8	1.328	0.000	0.000
71	  N	  0.9	  1.8	1.328	0.000	0.000
72	  G	  0.2	  1.8	0.598	0.000	0.000
73	  T	  3.7	  1.6	0.251	0.958	0.958
74	  Y	  4.6	  0.1	0.251	0.958	0.958
75	  A	  4.8	  0.0	0.251	0.958	0.958
76	  I	  2.5	  0.1	0.251	0.958	0.958
77	  A	  1.5	  1.1	0.251	0.958	0.958
78	  G	  1.2	  1.5	0.251	0.000	0.000
79	  G	  0.0	  1.6	0.131	0.000	0.000
80	  R	  0.4	  1.5	0.000	0.000	0.000
81	  T	  1.1	  0.5	0.000	0.000	0.000
82	  H	  1.8	  0.1	0.000	0.000	0.000
83	  A	  1.5	  0.0	0.000	0.000	0.000
84	  S	  0.7	  0.2	0.721	0.000	0.000
85	  P	  0.0	  0.6	0.721	0.000	0.000
86	  A	  0.0	  0.7	0.721	0.000	0.000
87	  D	  0.2	  0.7	0.721	0.000	0.000
88	  L	  0.8	  0.5	0.721	0.000	0.000
89	  C	  2.2	  0.0	0.721	0.000	0.000
90	  H	  4.6	  0.0	0.405	0.000	0.000
91	  Y	  4.5	  0.0	0.165	0.000	0.000
92	  H	  3.2	  0.1	0.000	0.000	0.000
93	  S	  1.0	  0.2	0.000	0.000	0.000
94	  Q	  0.5	  0.3	0.000	0.000	0.000
95	  E	  0.4	  0.8	0.000	0.000	0.000
96	  S	  0.1	  0.8	1.953	0.000	0.000
97	  D	  0.0	  0.8	2.954	0.000	0.000
98	  G	  0.0	  0.7	6.808	2.383	2.383
99	  L	  1.3	  0.2	7.050	20.047	20.047
100	  V	  3.0	  0.0	7.361	20.047	20.047
101	  C	  4.1	  0.0	7.361	20.047	20.047
102	  L	  3.1	  0.0	7.361	20.047	20.047
103	  L	  1.6	  0.0	7.361	19.252	19.252
104	  K	  0.4	  0.0	7.145	0.000	0.000
105	  K	  0.2	  0.0	3.366	0.000	0.000
106	  P	  0.0	  0.0	0.000	0.000	0.000
107	  F	  1.0	  0.0	0.000	0.000	0.000
108	  N	  1.0	  0.0	0.000	0.000	0.000
109	  R	  1.0	  0.6	0.000	0.000	0.000
110	  P	  0.0	  0.9	0.000	0.000	0.000
111	  Q	  0.0	  0.9	0.000	0.000	0.000
112	  G	  0.1	  0.9	0.000	0.000	0.000
113	  V	  0.5	  0.3	0.000	0.000	0.000
114	  Q	  0.5	  0.0	0.000	0.000	0.000
115	  P	  0.4	  0.3	0.000	0.000	0.000
116	  K	  0.1	  0.3	0.000	0.000	0.000
117	  T	  0.1	  0.4	0.000	0.000	0.000
118	  G	  0.1	  0.4	0.000	0.000	0.000
119	  P	  0.0	  0.1	0.000	0.000	0.000
120	  F	  0.8	  0.9	0.000	0.000	0.000
121	  E	  0.8	  0.8	0.000	0.000	0.000
122	  D	  0.9	  0.8	4.189	0.000	0.000
123	  L	  0.2	  0.8	4.318	0.000	0.000
124	  K	  0.3	  0.3	4.318	0.000	0.000
125	  E	  0.1	  0.3	4.318	0.000	0.000
126	  N	  0.4	  0.3	5.712	0.000	0.000
127	  L	  0.6	  0.2	5.712	0.319	0.319
128	  I	  0.9	  0.1	5.565	0.319	0.319
129	  R	  0.7	  0.1	5.565	0.319	0.319
130	  E	  0.6	  0.1	5.268	0.319	0.319
131	  Y	  2.2	  0.1	4.461	0.319	0.319
132	  V	  4.0	  0.0	2.435	0.319	0.319
133	  K	  4.1	  0.0	2.435	0.000	0.000
134	  Q	  2.9	  0.0	1.026	0.000	0.000
135	  T	  7.3	  0.0	0.000	0.000	0.000
136	  W	  8.0	  0.0	0.000	0.000	0.000
137	  N	  7.5	  0.2	0.000	0.000	0.000
138	  L	  1.3	  0.5	0.000	0.000	0.000
139	  Q	  0.3	  0.5	0.000	0.000	0.000
140	  G	  0.1	  0.5	0.580	0.000	0.000
141	  Q	  0.2	  0.4	0.580	0.000	0.000
142	  A	  0.3	  0.0	0.764	0.000	0.000
143	  L	  0.3	  0.1	0.764	0.000	0.000
144	  E	  0.2	  0.1	0.764	0.000	0.000
145	  Q	  0.2	  0.1	0.764	0.000	0.000
146	  A	  0.9	  0.1	0.531	0.000	0.000
147	  I	  3.0	  0.0	0.531	0.000	0.000
148	  I	  4.1	  0.0	0.531	0.000	0.000
149	  S	  3.8	  0.0	0.531	0.000	0.000
150	  Q	  1.7	  0.0	0.531	0.000	0.000
151	  K	  0.5	  0.2	0.128	0.000	0.000
152	  P	  0.1	  0.2	0.000	0.000	0.000
153	  Q	  1.5	  0.2	0.000	0.000	0.000
154	  L	  1.6	  0.3	0.000	0.000	0.000
155	  E	  1.7	  0.1	0.000	0.000	0.000
156	  K	  0.8	  0.1	0.000	0.000	0.000
157	  L	  1.2	  0.1	0.000	3.915	3.915
158	  I	  2.4	  0.0	0.000	4.378	4.378
159	  A	  2.0	  0.0	0.000	4.378	4.378
160	  T	  2.1	  0.0	0.000	4.378	4.378
161	  T	  1.5	  0.0	0.217	4.378	4.378
162	  A	  1.4	  0.0	0.217	1.387	1.387
163	  H	  1.0	  0.1	0.217	0.000	0.000
164	  E	  0.5	  0.1	0.217	0.000	0.000
165	  K	  0.5	  0.1	0.217	0.000	0.000
166	  M	  0.2	  0.4	0.217	0.000	0.000
167	  P	  0.1	  0.3	0.000	0.000	0.000
168	  W	  0.7	  0.3	0.000	0.000	0.000
169	  F	  1.7	  2.6	0.000	0.000	0.000
170	  H	  1.8	  2.4	0.000	0.000	0.000
171	  G	  1.1	  2.4	0.000	0.000	0.000
172	  K	  0.9	  2.4	0.000	0.000	0.000
173	  I	  1.9	  0.1	0.000	0.000	0.000
174	  S	  2.0	  0.1	0.123	0.000	0.000
175	  R	  1.3	  0.1	0.123	0.000	0.000
176	  E	  0.2	  0.2	0.123	0.000	0.000
177	  E	  0.1	  0.2	0.123	0.000	0.000
178	  S	  0.1	  0.2	0.730	0.000	0.000
179	  E	  0.1	  0.2	0.730	0.000	0.000
180	  Q	  1.6	  0.1	0.730	4.940	4.940
181	  I	 10.2	  0.1	0.607	59.189	59.189
182	  V	 12.9	  0.0	0.607	59.262	59.262
183	  L	 11.6	  0.1	0.607	59.262	59.262
184	  I	  3.2	  0.6	0.607	59.262	59.262
185	  G	  0.2	  0.6	0.739	56.447	56.447
186	  S	  0.7	  0.8	0.374	6.239	6.239
187	  K	  0.8	  0.8	0.132	0.000	0.000
188	  T	  0.8	  2.8	0.132	0.000	0.000
189	  N	  0.2	  2.8	0.132	0.000	0.000
190	  G	  0.0	  2.6	0.132	0.000	0.000
191	  K	  0.3	  2.5	0.000	0.000	0.000
192	  F	  1.1	  0.1	0.000	0.000	0.000
193	  L	  1.3	  0.0	0.000	0.000	0.000
194	  I	  2.4	  0.0	0.000	0.000	0.000
195	  R	  1.7	  0.0	0.000	0.000	0.000
196	  A	  1.6	  0.3	0.000	0.000	0.000
197	  R	  0.3	  0.4	0.000	0.000	0.000
198	  D	  0.1	  2.8	0.000	0.000	0.000
199	  N	  0.1	  3.3	0.000	0.000	0.000
200	  N	  0.0	  3.4	0.000	0.000	0.000
201	  G	  0.1	  3.2	0.000	0.000	0.000
202	  S	  0.7	  0.8	0.168	0.365	0.365
203	  Y	  1.4	  0.3	0.168	3.865	3.865
204	  A	  1.5	  0.0	0.168	4.577	4.577
205	  L	  2.1	  0.0	0.168	4.732	4.732
206	  C	  2.6	  0.0	0.168	4.732	4.732
207	  L	  2.9	  0.0	0.168	4.732	4.732
208	  L	  1.8	  0.0	0.168	3.625	3.625
209	  H	  0.6	  1.4	0.168	0.836	0.836
210	  E	  0.1	  1.4	0.000	0.000	0.000
211	  G	  0.1	  1.4	0.192	0.000	0.000
212	  K	  0.9	  1.4	0.192	0.000	0.000
213	  V	  2.9	  0.1	0.192	0.000	0.000
214	  L	  4.1	  0.0	0.192	0.000	0.000
215	  H	  5.9	  0.0	0.192	0.000	0.000
216	  Y	  9.6	  0.0	0.192	0.000	0.000
217	  R	 19.3	  0.0	0.000	0.000	0.000
218	  I	 17.0	  0.0	0.000	0.000	0.000
219	  D	 11.8	  2.9	0.106	0.000	0.000
220	  K	  0.3	  2.9	0.106	0.000	0.000
221	  D	  0.1	  3.5	0.106	0.000	0.000
222	  K	  0.1	  3.6	0.106	0.000	0.000
223	  T	  0.2	  0.9	0.106	0.000	0.000
224	  G	  0.2	  0.9	0.106	0.000	0.000
225	  K	  0.6	  0.3	0.106	0.000	0.000
226	  L	  3.4	  0.2	0.000	0.000	0.000
227	  S	  3.5	  0.0	0.000	0.000	0.000
228	  I	  3.0	  0.3	0.000	0.000	0.000
229	  P	  0.1	  1.1	0.000	0.000	0.000
230	  E	  0.0	  1.2	0.000	0.000	0.000
231	  G	  0.0	  1.3	0.000	0.000	0.000
232	  K	  0.1	  1.0	0.000	0.000	0.000
233	  K	  0.8	  0.3	0.000	0.000	0.000
234	  F	  1.4	  0.3	0.000	0.000	0.000
235	  D	  1.4	  0.2	0.000	0.000	0.000
236	  T	  1.6	  0.2	0.125	0.287	0.287
237	  L	  1.2	  0.1	0.125	0.769	0.769
238	  W	  3.1	  0.1	0.125	0.769	0.769
239	  Q	  2.9	  0.1	0.125	0.769	0.769
240	  L	  2.9	  0.1	0.125	0.769	0.769
241	  V	  3.7	  0.1	0.125	0.769	0.769
242	  E	  3.3	  0.1	0.125	0.000	0.000
243	  H	  6.5	  0.1	0.000	0.000	0.000
244	  Y	 10.0	  0.1	0.000	0.000	0.000
245	  S	 11.0	  0.0	0.000	0.000	0.000
246	  Y	  8.8	  0.0	0.000	0.000	0.000
247	  K	  2.6	  1.6	0.000	0.000	0.000
248	  A	  1.1	  1.7	0.000	0.000	0.000
249	  D	  0.1	  1.7	0.000	0.000	0.000
250	  G	  0.0	  1.7	0.515	0.000	0.000
251	  L	  0.1	  0.1	0.515	0.000	0.000
252	  L	  2.2	  0.0	0.515	0.000	0.000
253	  R	  3.8	  0.0	0.515	0.000	0.000
254	  V	  5.4	  0.0	0.515	0.000	0.000
255	  L	  8.9	  0.0	0.515	0.000	0.000
256	  T	  7.9	  0.0	0.185	0.000	0.000
257	  V	  6.3	  0.0	0.185	0.000	0.000
258	  P	  0.7	  0.0	0.000	0.000	0.000
259	  C	  1.4	  0.1	0.000	0.000	0.000
260	  Q	  1.6	  0.1	0.000	0.000	0.000
261	  K	  1.9	  0.1	0.000	0.000	0.000
262	  I	  0.6	  0.2	0.000	0.000	0.000
263	  G	  0.4	  0.3	0.000	0.000	0.000
264	  T	  0.1	  0.4	0.000	0.000	0.000
265	  Q	  0.1	  0.6	0.000	0.000	0.000
266	  G	  0.0	  0.4	0.000	0.000	0.000
267	  N	  1.6	  0.5	0.000	0.000	0.000
268	  V	  4.6	  0.4	0.000	0.000	0.000
269	  N	  4.6	  0.5	0.000	0.000	0.000
270	  F	  3.1	  2.9	0.000	0.000	0.000
271	  G	  0.1	  2.7	0.000	0.000	0.000
272	  G	  0.1	  2.7	0.000	0.000	0.000
273	  R	  0.0	  2.6	0.000	0.000	0.000
274	  P	  0.0	  0.2	0.000	0.000	0.000
275	  Q	  0.1	  0.2	0.000	0.000	0.000
276	  L	  0.1	  1.9	0.000	0.000	0.000
277	  P	  0.1	  2.1	0.000	0.000	0.000
278	  G	  0.0	  2.1	0.000	0.000	0.000
279	  S	  0.1	  2.1	0.000	0.000	0.000
280	  H	  0.1	  0.6	0.000	0.000	0.000
281	  P	  0.1	  0.2	0.000	0.000	0.000
282	  A	  0.6	  0.2	0.000	0.000	0.000
283	  T	 24.6	  0.2	0.000	0.000	0.000
284	  W	 26.4	  0.2	0.000	0.000	0.000
285	  S	 25.9	  0.4	0.000	0.000	0.000
286	  A	  3.0	  0.8	0.000	0.000	0.000
287	  G	  0.1	  0.8	0.000	0.000	0.000
288	  G	  0.1	  0.7	0.000	0.000	0.000
289	  I	  2.2	  0.4	0.000	0.000	0.000
290	  I	  3.3	  0.0	0.000	0.000	0.000
291	  S	  3.5	  0.0	0.122	0.000	0.000
292	  R	  3.3	  0.0	0.122	0.000	0.000
293	  I	  3.2	  0.1	0.122	0.000	0.000
294	  K	  3.2	  0.1	0.122	0.000	0.000
295	  S	 22.3	  0.3	0.122	0.000	0.000
296	  Y	 29.2	  0.3	0.122	0.000	0.000
297	  S	 29.0	  0.2	0.000	0.000	0.000
298	  F	 10.6	  0.2	0.000	0.000	0.000
299	  P	  0.2	  0.0	0.000	0.000	0.000
300	  K	  0.0	  1.4	0.000	0.000	0.000
301	  P	  0.0	  1.5	0.000	0.000	0.000
302	  G	  0.0	  1.5	0.000	0.000	0.000
303	  H	  0.4	  1.6	0.000	0.000	0.000
304	  R	  0.6	  0.3	0.000	0.000	0.000
305	  K	  0.8	  0.2	0.000	0.000	0.000
306	  S	  0.5	  0.2	0.000	0.000	0.000
307	  S	  0.3	  0.2	0.000	0.000	0.000
308	  P	  0.0	  0.5	0.000	0.000	0.000
309	  A	  0.0	  0.6	0.000	0.000	0.000
310	  Q	  0.0	  1.2	0.000	0.000	0.000
311	  G	  0.0	  1.1	0.000	0.000	0.000
312	  N	  0.0	  0.8	0.000	0.000	0.000
313	  R	  0.2	  0.7	0.000	0.000	0.000
314	  Q	  0.3	  0.2	0.000	0.000	0.000
315	  E	  0.3	  0.2	0.000	0.000	0.000
316	  S	  0.5	  0.1	0.000	0.000	0.000
317	  T	 16.7	  0.1	0.000	0.000	0.000
318	  V	 20.2	  0.0	0.000	0.000	0.000
319	  S	 31.3	  0.0	0.000	0.000	0.000
320	  F	 16.2	  0.0	0.000	0.000	0.000
321	  N	 12.2	  0.2	0.000	0.000	0.000
322	  P	  0.2	  0.2	0.000	0.000	0.000
323	  Y	  0.6	  0.2	0.000	0.000	0.000
324	  E	  0.6	  0.2	0.000	0.000	0.000
325	  P	  0.6	  0.1	0.000	0.000	0.000
326	  E	  0.2	  0.1	0.000	0.000	0.000
327	  L	  0.3	  0.1	0.000	0.000	0.000
328	  A	  0.3	  0.2	0.000	0.000	0.000
329	  P	  0.0	  0.1	0.000	0.000	0.000
330	  W	  0.4	  0.1	0.234	0.000	0.000
331	  A	  0.5	  0.5	0.234	0.000	0.000
332	  A	  0.5	  0.5	0.234	0.000	0.000
333	  D	  0.0	  0.5	0.234	0.000	0.000
334	  K	  0.0	  0.5	0.234	0.000	0.000
335	  G	  0.0	  0.4	0.234	0.000	0.000
336	  P	  0.0	  0.4	0.000	0.000	0.000
337	  Q	  0.2	  0.4	0.000	0.000	0.000
338	  R	  0.3	  0.4	0.000	0.000	0.000
339	  E	  0.3	  0.1	0.000	0.000	0.000
340	  A	  0.1	  0.1	0.000	0.000	0.000
341	  L	  0.1	  0.0	0.000	0.000	0.000
342	  P	  0.1	  0.1	0.000	0.000	0.000
343	  M	  0.3	  0.2	0.000	0.000	0.000
344	  D	  0.4	  0.2	0.000	0.000	0.000
345	  T	  0.7	  0.2	0.000	0.000	0.000
346	  E	  2.3	  0.1	0.000	0.000	0.000
347	  V	  5.7	  0.0	0.000	0.000	0.000
348	  Y	  7.6	  0.0	0.000	0.000	0.000
349	  E	  5.8	  0.0	0.000	0.000	0.000
350	  S	  2.4	  0.3	0.000	0.000	0.000
351	  P	  0.0	  0.3	0.000	0.000	0.000
352	  Y	  0.5	  0.3	0.000	0.000	0.000
353	  A	  0.5	  0.3	0.000	0.000	0.000
354	  D	  0.5	  0.5	0.491	0.000	0.000
355	  P	  0.0	  0.6	0.491	0.000	0.000
356	  E	  0.0	  0.6	0.491	0.000	0.000
357	  E	  2.2	  0.6	0.491	0.000	0.000
358	  I	  2.6	  0.1	0.491	0.000	0.000
359	  R	  2.6	  0.1	0.491	0.000	0.000
360	  P	  0.5	  0.2	0.000	0.000	0.000
361	  K	  0.5	  0.2	0.000	0.000	0.000
362	  E	  2.4	  0.2	0.000	0.000	0.000
363	  V	  6.0	  0.1	0.000	0.000	0.000
364	  Y	  6.4	  0.1	0.000	0.000	0.000
365	  L	  4.6	  0.1	0.000	0.000	0.000
366	  D	  1.0	  0.2	0.719	0.000	0.000
367	  R	  0.4	  0.2	0.719	0.000	0.000
368	  K	  0.6	  0.1	0.719	0.000	0.000
369	  L	  0.8	  0.1	0.719	0.000	0.000
370	  L	  2.8	  0.0	0.719	0.000	0.000
371	  T	  3.6	  0.0	2.550	0.000	0.000
372	  L	  3.4	  0.3	2.550	0.000	0.000
373	  E	  1.2	  0.3	2.473	0.000	0.000
374	  D	  0.2	  0.4	2.345	0.000	0.000
375	  K	  0.2	  0.5	2.345	0.000	0.000
376	  E	  0.1	  0.2	2.345	0.000	0.000
377	  L	  0.1	  0.9	1.813	0.000	0.000
378	  G	  0.0	  1.0	1.405	0.000	0.000
379	  S	  0.1	  3.1	1.062	0.000	0.000
380	  G	  0.1	  3.1	0.000	0.000	0.000
381	  N	  0.1	  2.6	0.000	0.000	0.000
382	  F	  0.1	  2.6	0.000	0.000	0.000
383	  G	  0.1	  0.4	0.000	0.000	0.000
384	  T	 16.0	  0.4	0.000	0.000	0.000
385	  V	 16.5	  0.3	0.000	0.000	0.000
386	  K	 16.5	  0.6	0.000	0.000	0.000
387	  K	  0.7	  0.6	0.000	0.000	0.000
388	  G	  0.1	  0.6	0.000	0.000	0.000
389	  Y	  2.2	  0.6	0.000	0.000	0.000
390	  Y	  5.9	  0.0	0.000	0.000	0.000
391	  Q	  6.9	  0.0	0.000	0.000	0.000
392	  M	  4.8	  0.0	0.000	0.000	0.000
393	  K	  1.4	  0.0	0.000	0.000	0.000
394	  K	  2.1	  0.0	0.000	0.000	0.000
395	  V	  4.6	  0.0	0.000	0.000	0.000
396	  V	  5.8	  0.0	0.000	0.000	0.000
397	  K	  4.7	  0.0	0.000	0.000	0.000
398	  T	  5.7	  0.0	0.000	0.000	0.000
399	  V	 10.7	  0.0	0.000	0.000	0.000
400	  A	 10.6	  0.0	0.000	0.000	0.000
401	  V	 13.9	  0.0	0.000	0.000	0.000
402	  K	  8.1	  0.0	0.000	0.000	0.000
403	  I	  8.0	  0.0	0.000	0.000	0.000
404	  L	  1.5	  0.2	0.000	0.000	0.000
405	  K	  1.0	  0.2	0.000	0.000	0.000
406	  N	  0.3	  0.3	0.000	0.000	0.000
407	  E	  0.2	  0.5	0.000	0.000	0.000
408	  A	  0.1	  0.3	0.000	0.000	0.000
409	  N	  0.1	  0.3	0.000	0.000	0.000
410	  D	  0.0	  0.4	1.426	0.000	0.000
411	  P	  0.0	  0.1	1.426	0.000	0.000
412	  A	  0.2	  0.1	1.426	0.000	0.000
413	  L	  0.4	  0.3	1.426	0.000	0.000
414	  K	  0.4	  0.2	1.556	0.000	0.000
415	  D	  0.2	  0.3	2.033	0.000	0.000
416	  E	  0.1	  0.3	1.576	0.000	0.000
417	  L	  0.3	  0.1	1.476	0.000	0.000
418	  L	  0.3	  0.1	1.476	0.000	0.000
419	  A	  0.3	  0.0	1.316	0.000	0.000
420	  E	  0.2	  0.2	1.185	0.000	0.000
421	  A	  0.3	  0.2	0.392	0.000	0.000
422	  N	  0.4	  0.2	0.550	0.000	0.000
423	  V	  3.2	  0.2	0.158	0.000	0.000
424	  M	  3.2	  0.0	0.158	0.000	0.000
425	  Q	  3.4	  0.1	0.158	0.000	0.000
426	  Q	  1.2	  0.1	0.158	0.000	0.000
427	  L	  1.2	  0.1	0.158	0.000	0.000
428	  D	  0.9	  0.0	0.158	0.000	0.000
429	  N	  0.2	  0.1	0.504	0.000	0.000
430	  P	  0.0	  0.1	0.497	0.000	0.000
431	  Y	  1.7	  0.1	0.497	0.000	0.000
432	  I	  6.5	  0.1	0.497	0.000	0.000
433	  V	 10.5	  0.0	0.497	0.000	0.000
434	  R	  9.4	  0.0	0.497	0.000	0.000
435	  M	  4.9	  0.0	0.497	0.417	0.417
436	  I	  1.1	  0.1	0.497	0.417	0.417
437	  G	  0.5	  0.1	0.497	0.417	0.417
438	  I	  1.0	  0.1	0.000	0.417	0.417
439	  C	  4.8	  0.1	0.000	0.417	0.417
440	  E	  4.8	  0.1	0.000	0.000	0.000
441	  A	  4.2	  0.2	0.000	0.000	0.000
442	  E	  0.2	  0.2	0.000	0.000	0.000
443	  S	  0.6	  0.1	0.513	0.660	0.660
444	  W	  1.1	  0.1	0.513	3.498	3.498
445	  M	  2.0	  0.0	0.513	3.498	3.498
446	  L	  3.8	  0.0	0.513	3.498	3.498
447	  V	  5.0	  0.0	0.513	3.498	3.498
448	  M	  4.7	  0.0	0.513	3.189	3.189
449	  E	  2.6	  0.0	0.668	0.000	0.000
450	  M	  1.0	  0.0	0.540	0.000	0.000
451	  A	  0.2	  0.1	0.540	0.000	0.000
452	  E	  0.1	  0.1	0.540	0.000	0.000
453	  L	  0.1	  0.2	0.540	0.000	0.000
454	  G	  0.0	  0.4	1.866	0.000	0.000
455	  P	  0.0	  0.4	1.326	0.000	0.000
456	  L	  0.1	  0.5	1.326	0.000	0.000
457	  N	  0.3	  0.4	1.788	0.000	0.000
458	  K	  0.6	  0.2	1.788	0.000	0.000
459	  Y	  1.3	  0.0	1.788	0.000	0.000
460	  L	  1.2	  0.0	1.236	0.000	0.000
461	  Q	  1.2	  0.2	1.236	0.000	0.000
462	  Q	  0.4	  0.2	1.034	0.000	0.000
463	  N	  0.2	  0.2	0.528	0.000	0.000
464	  R	  0.9	  0.2	0.000	0.000	0.000
465	  H	  3.1	  0.1	0.000	0.000	0.000
466	  V	  4.5	  0.2	0.000	0.000	0.000
467	  K	  3.7	  0.2	0.000	0.000	0.000
468	  D	  1.5	  1.2	0.000	0.000	0.000
469	  K	  0.4	  1.2	0.000	0.128	0.128
470	  N	  3.0	  1.0	1.182	0.128	0.128
471	  I	  4.6	  1.0	1.182	0.128	0.128
472	  I	  6.9	  0.0	1.182	0.128	0.128
473	  E	  4.3	  0.0	1.182	0.128	0.128
474	  L	  3.7	  0.0	1.182	0.128	0.128
475	  V	  3.2	  0.0	1.182	0.128	0.128
476	  H	  3.6	  0.0	1.182	0.000	0.000
477	  Q	  3.1	  0.0	0.312	0.000	0.000
478	  V	  5.8	  0.0	0.110	0.000	0.000
479	  S	  5.6	  0.2	0.604	0.000	0.000
480	  M	  5.4	  0.2	0.494	0.000	0.000
481	  G	  0.6	  0.2	0.993	0.000	0.000
482	  M	  1.3	  0.2	0.993	0.000	0.000
483	  K	  1.3	  0.0	0.993	0.000	0.000
484	  Y	  2.0	  0.0	0.993	0.000	0.000
485	  L	  1.0	  0.1	0.993	0.000	0.000
486	  E	  0.7	  0.2	0.785	0.000	0.000
487	  E	  0.1	  0.3	0.524	0.000	0.000
488	  S	  0.1	  0.3	0.136	0.000	0.000
489	  N	  0.8	  0.3	0.000	0.000	0.000
490	  F	  2.2	  0.2	0.000	0.000	0.000
491	  V	  3.8	  0.0	0.000	0.000	0.000
492	  H	  3.3	  0.4	0.591	0.000	0.000
493	  R	  1.9	  0.5	0.715	0.000	0.000
494	  D	  0.3	  0.5	0.981	0.000	0.000
495	  L	  0.2	  0.5	0.981	0.000	0.000
496	  A	  0.2	  0.0	0.981	0.000	0.000
497	  A	  0.2	  0.1	0.981	0.000	0.000
498	  R	  0.5	  0.1	0.845	0.000	0.000
499	  N	  0.5	  0.1	0.483	3.596	3.596
500	  V	  4.4	  0.1	0.000	39.432	39.432
501	  L	  4.9	  0.0	0.000	39.743	39.743
502	  L	  5.1	  0.0	0.000	39.743	39.743
503	  V	  4.9	  0.0	0.000	39.743	39.743
504	  T	  4.9	  0.1	0.132	37.489	37.489
505	  Q	  6.1	  0.1	0.132	1.688	1.688
506	  H	  4.1	  0.1	0.132	0.000	0.000
507	  Y	  3.7	  0.1	0.132	0.000	0.000
508	  A	  2.5	  0.0	0.132	0.000	0.000
509	  K	  1.7	  0.0	0.132	0.000	0.000
510	  I	  1.2	  0.4	0.000	0.000	0.000
511	  S	  0.8	  0.4	0.000	0.000	0.000
512	  D	  0.1	  0.4	0.000	0.000	0.000
513	  F	  0.2	  0.5	0.000	0.000	0.000
514	  G	  0.2	  0.1	0.514	0.000	0.000
515	  L	  0.5	  0.2	0.514	0.000	0.000
516	  S	  0.4	  0.2	1.142	0.000	0.000
517	  K	  0.5	  0.1	1.142	0.000	0.000
518	  A	  0.5	  0.1	1.142	0.000	0.000
519	  L	  0.8	  0.1	1.142	0.000	0.000
520	  R	  0.9	  0.6	0.944	0.000	0.000
521	  A	  0.6	  0.6	0.628	0.000	0.000
522	  D	  0.2	  2.3	0.435	0.000	0.000
523	  E	  0.1	  2.3	0.141	0.000	0.000
524	  N	  1.9	  1.8	1.146	0.000	0.000
525	  Y	  3.2	  1.7	1.146	0.000	0.000
526	  Y	  4.3	  0.0	1.146	0.000	0.000
527	  K	  2.6	  0.0	1.146	0.000	0.000
528	  A	  1.3	  0.1	1.146	0.000	0.000
529	  Q	  0.4	  0.1	1.146	0.000	0.000
530	  T	  0.4	  0.6	0.437	0.000	0.000
531	  H	  0.4	  0.6	0.437	0.000	0.000
532	  G	  0.3	  0.6	0.120	0.000	0.000
533	  K	  0.2	  0.5	0.000	0.000	0.000
534	  W	  0.1	  0.0	0.000	0.000	0.000
535	  P	  0.1	  0.0	0.000	0.000	0.000
536	  V	  2.8	  0.0	0.000	0.000	0.000
537	  K	  3.0	  0.0	0.000	0.000	0.000
538	  W	  5.4	  0.0	0.000	0.000	0.000
539	  Y	  2.8	  0.0	0.000	0.000	0.000
540	  A	  2.5	  0.3	0.000	0.000	0.000
541	  P	  0.2	  0.3	0.000	0.000	0.000
542	  E	  0.1	  0.3	0.000	0.000	0.000
543	  C	  3.9	  0.3	0.000	0.170	0.170
544	  I	  8.5	  0.0	0.000	0.170	0.170
545	  N	 10.1	  0.0	0.000	0.170	0.170
546	  Y	  7.6	  0.0	0.000	0.170	0.170
547	  Y	  4.4	  0.0	0.000	0.170	0.170
548	  K	  3.1	  0.0	0.000	0.000	0.000
549	  F	  3.5	  0.1	0.000	0.000	0.000
550	  S	  2.3	  0.2	0.000	0.000	0.000
551	  S	  3.9	  1.1	0.000	0.000	0.000
552	  K	  2.4	  1.5	0.000	0.000	0.000
553	  S	  2.3	  1.3	0.000	0.000	0.000
554	  D	  1.9	  1.3	0.000	0.000	0.000
555	  V	  5.1	  0.4	0.000	22.328	22.328
556	  W	  8.7	  0.0	0.000	24.217	24.217
557	  S	  7.5	  0.2	0.000	25.409	25.409
558	  F	  4.6	  0.3	0.000	31.974	31.974
559	  G	  0.9	  0.2	0.000	32.405	32.405
560	  V	  4.3	  0.2	0.000	32.301	32.301
561	  L	  4.6	  0.1	0.000	30.971	30.971
562	  M	  4.7	  0.0	0.000	23.333	23.333
563	  W	  2.0	  0.0	0.000	18.871	18.871
564	  E	  1.5	  0.0	0.000	0.000	0.000
565	  A	  1.9	  0.0	0.000	0.000	0.000
566	  F	  7.2	  0.2	0.000	0.000	0.000
567	  S	  7.9	  0.4	0.000	0.000	0.000
568	  Y	  7.5	  0.5	0.000	0.000	0.000
569	  G	  0.9	  0.5	0.000	0.000	0.000
570	  Q	  0.2	  0.3	0.000	0.000	0.000
571	  K	  0.1	  0.2	0.000	0.000	0.000
572	  P	  0.0	  0.1	0.000	0.000	0.000
573	  Y	  1.4	  0.6	0.000	0.000	0.000
574	  R	  1.5	  0.6	0.000	0.000	0.000
575	  G	  1.5	  0.4	0.000	0.000	0.000
576	  M	  0.2	  0.9	0.000	0.000	0.000
577	  K	  0.1	  0.6	0.000	0.000	0.000
578	  G	  0.1	  0.7	0.137	0.000	0.000
579	  S	  0.1	  0.7	4.570	0.000	0.000
580	  E	  5.2	  0.2	4.789	0.000	0.000
581	  V	  8.0	  0.1	4.789	2.157	2.157
582	  T	  8.4	  0.0	5.229	2.157	2.157
583	  A	  3.7	  0.0	5.229	2.157	2.157
584	  M	  0.8	  0.0	5.229	2.157	2.157
585	  L	  0.5	  0.1	4.722	2.157	2.157
586	  E	  0.2	  0.5	4.523	0.000	0.000
587	  K	  0.2	  0.5	3.889	0.000	0.000
588	  G	  0.1	  0.6	0.969	0.000	0.000
589	  E	  0.1	  0.5	0.472	0.000	0.000
590	  R	  0.3	  0.4	0.174	0.000	0.000
591	  M	  0.9	  0.3	0.174	0.000	0.000
592	  G	  0.8	  0.2	0.174	0.000	0.000
593	  C	  0.6	  0.8	0.174	0.000	0.000
594	  P	  0.0	  1.4	0.000	0.000	0.000
595	  A	  0.1	  1.4	0.000	0.000	0.000
596	  G	  0.0	  1.4	0.000	0.000	0.000
597	  C	  0.0	  1.1	1.152	0.000	0.000
598	  P	  0.0	  0.4	1.152	0.000	0.000
599	  R	  0.1	  0.4	1.152	0.000	0.000
600	  E	  0.3	  0.4	1.479	0.000	0.000
601	  M	  0.7	  0.0	1.479	0.000	0.000
602	  Y	  1.8	  0.1	1.479	0.000	0.000
603	  D	  1.7	  0.1	2.046	0.000	0.000
604	  L	  1.7	  0.1	2.046	0.000	0.000
605	  M	  2.2	  0.1	2.046	0.000	0.000
606	  N	  2.4	  0.0	2.046	0.000	0.000
607	  L	  2.6	  0.0	1.373	0.923	0.923
608	  C	  1.6	  0.0	1.211	0.923	0.923
609	  W	  8.3	  0.0	0.368	0.923	0.923
610	  T	 14.6	  0.0	0.000	0.923	0.923
611	  Y	 17.3	  0.0	0.000	0.923	0.923
612	  D	 12.5	  0.0	0.000	0.000	0.000
613	  V	  6.6	  0.1	0.000	0.000	0.000
614	  E	  3.1	  0.1	0.000	0.000	0.000
615	  N	  0.9	  0.1	0.000	0.000	0.000
616	  R	  0.0	  1.5	0.000	0.000	0.000
617	  P	  0.0	  1.4	0.000	0.000	0.000
618	  G	  0.2	  1.4	0.312	1.518	1.518
619	  F	  0.9	  1.4	0.574	1.518	1.518
620	  A	  1.0	  0.0	2.118	1.518	1.518
621	  A	  1.1	  0.0	2.640	1.518	1.518
622	  V	  4.9	  0.0	3.046	1.518	1.518
623	  E	  5.0	  0.0	3.530	0.000	0.000
624	  L	  6.2	  0.0	3.530	0.000	0.000
625	  R	  2.3	  0.0	3.530	0.000	0.000
626	  L	  2.2	  0.4	3.370	0.260	0.260
627	  R	  1.1	  0.4	3.250	0.260	0.260
628	  N	  2.2	  0.3	2.741	0.260	0.260
629	  Y	  3.3	  0.3	1.219	0.260	0.260
630	  Y	  4.5	  0.1	0.140	0.260	0.260
631	  Y	  6.4	  0.1	0.000	0.260	0.260
632	  D	  6.2	  0.1	0.000	0.260	0.260
633	  V	  8.2	  0.1	0.000	0.260	0.260
634	  V	  4.7	  0.0	0.000	0.260	0.260
635	  N	  3.6	  0.0	0.000	0.000	0.000
