res	aa	Beta	Turn	Helix	Aggregation	Conc-Stab_Aggregation
01	  M	  0.0	  0.0	0.000	0.000	0.000
02	  A	  0.0	  0.0	0.000	0.000	0.000
03	  P	  0.0	  0.0	0.000	0.000	0.000
04	  A	  0.1	  0.1	0.000	0.000	0.000
05	  R	  0.4	  0.1	0.000	0.000	0.000
06	  T	  0.9	  0.1	0.142	0.000	0.000
07	  M	  0.9	  0.1	0.142	0.000	0.000
08	  A	  0.6	  0.0	0.285	0.000	0.000
09	  R	  0.3	  0.0	0.285	0.000	0.000
10	  A	  0.5	  0.1	0.285	0.000	0.000
11	  R	  0.7	  0.1	0.285	0.000	0.000
12	  L	  0.6	  0.0	0.143	0.000	0.000
13	  A	  0.4	  0.3	0.143	0.000	0.000
14	  P	  0.0	  0.5	0.000	0.000	0.000
15	  A	  0.1	  0.5	0.000	0.000	0.000
16	  G	  0.1	  0.5	0.000	0.000	0.000
17	  I	  0.1	  0.3	0.259	0.000	0.000
18	  P	  0.0	  0.0	4.974	0.501	0.501
19	  A	  0.4	  0.0	5.281	41.396	41.396
20	  V	  3.7	  0.0	5.470	89.538	89.538
21	  A	  3.9	  0.0	5.838	93.529	93.529
22	  L	  4.0	  0.0	5.838	97.620	97.620
23	  W	  1.1	  0.0	5.953	98.258	98.258
24	  L	  2.0	  0.0	5.766	98.093	98.093
25	  L	  1.8	  0.0	5.563	95.961	95.961
26	  C	  3.6	  0.1	5.277	83.791	83.791
27	  T	  2.6	  0.1	4.624	71.573	71.573
28	  L	  2.4	  0.1	4.624	64.239	64.239
29	  G	  0.2	  0.1	4.373	24.171	24.171
30	  L	  0.1	  0.2	0.239	20.566	20.566
31	  Q	  0.1	  0.2	0.000	0.876	0.876
32	  G	  0.1	  0.2	0.000	0.105	0.105
33	  T	  0.5	  0.3	0.000	0.037	0.037
34	  Q	  0.5	  0.2	0.000	0.000	0.000
35	  A	  0.5	  0.1	0.000	0.000	0.000
36	  G	  0.0	  0.1	0.000	0.000	0.000
37	  P	  0.0	  0.0	0.000	0.000	0.000
38	  P	  0.0	  0.0	0.000	0.000	0.000
39	  P	  0.0	  0.0	0.000	0.000	0.000
40	  A	  0.0	  0.0	0.000	0.000	0.000
41	  P	  0.0	  0.9	0.000	0.000	0.000
42	  P	  0.0	  0.9	0.000	0.000	0.000
43	  G	  0.0	  0.9	0.000	0.000	0.000
44	  L	  0.0	  1.2	0.000	0.000	0.000
45	  P	  0.0	  0.7	0.000	0.000	0.000
46	  A	  0.0	  0.8	0.000	0.000	0.000
47	  G	  0.0	  1.6	0.000	0.000	0.000
48	  A	  0.1	  1.4	0.000	0.000	0.000
49	  D	  0.1	  1.0	0.000	0.000	0.000
50	  C	  1.7	  1.0	0.000	0.000	0.000
51	  L	  2.0	  0.2	0.000	0.000	0.000
52	  N	  3.0	  0.2	0.812	0.000	0.000
53	  S	  9.0	  0.2	0.812	0.000	0.000
54	  F	 13.6	  0.1	0.812	0.000	0.000
55	  T	 12.7	  0.3	0.812	0.000	0.000
56	  A	  5.3	  0.3	0.812	0.000	0.000
57	  G	  0.1	  0.3	0.812	0.000	0.000
58	  V	  0.0	  1.8	0.191	0.000	0.000
59	  P	  0.0	  1.6	0.000	0.000	0.000
60	  G	  0.0	  1.6	0.000	0.000	0.000
61	  F	  1.7	  1.6	0.000	0.000	0.000
62	  V	  4.5	  0.0	0.000	0.000	0.000
63	  L	  4.7	  0.1	0.000	0.000	0.000
64	  D	  3.1	  0.9	0.000	0.000	0.000
65	  T	  0.4	  0.9	0.000	0.000	0.000
66	  N	  0.2	  1.3	0.000	0.000	0.000
67	  A	  0.6	  1.3	0.000	0.000	0.000
68	  S	 11.2	  0.7	0.000	0.000	0.000
69	  V	 11.4	  1.0	0.000	0.000	0.000
70	  S	 10.9	  1.1	0.000	0.000	0.000
71	  N	  0.3	  1.4	0.000	0.000	0.000
72	  G	  0.0	  1.4	0.000	0.000	0.000
73	  A	  0.9	  1.1	0.000	0.000	0.000
74	  T	  4.4	  0.4	0.000	0.000	0.000
75	  F	  5.0	  0.1	0.000	0.000	0.000
76	  L	  4.4	  0.0	0.000	0.000	0.000
77	  E	  1.0	  0.0	0.000	0.000	0.000
78	  S	  0.3	  0.3	0.459	0.000	0.000
79	  P	  0.0	  0.3	0.459	0.000	0.000
80	  T	  7.9	  0.3	0.459	0.000	0.000
81	  V	  9.1	  0.4	0.459	0.000	0.000
82	  R	  9.3	  0.2	0.459	0.000	0.000
83	  R	  1.5	  0.2	0.459	0.000	0.000
84	  G	  0.3	  0.4	0.220	0.000	0.000
85	  W	  3.3	  0.4	0.000	0.000	0.000
86	  D	  3.6	  0.2	0.335	0.000	0.000
87	  C	  5.1	  0.2	0.335	0.000	0.000
88	  V	  3.2	  0.1	0.335	0.000	0.000
89	  R	  2.8	  0.0	0.335	0.000	0.000
90	  A	  1.6	  0.0	0.335	0.000	0.000
91	  C	  3.0	  0.0	0.335	0.000	0.000
92	  C	  3.5	  0.0	0.000	0.000	0.000
93	  T	  5.5	  0.1	0.000	0.000	0.000
94	  T	  3.5	  0.4	0.000	0.000	0.000
95	  Q	  3.4	  0.4	0.000	0.000	0.000
96	  N	  1.5	  0.6	0.000	0.000	0.000
97	  C	  1.5	  0.6	0.000	0.000	0.000
98	  N	  1.3	  0.3	0.641	0.244	0.244
99	  L	  1.1	  0.3	0.641	0.244	0.244
100	  A	  0.6	  0.0	0.796	0.244	0.244
101	  L	  0.8	  0.0	0.796	0.244	0.244
102	  V	  5.3	  0.0	0.796	0.244	0.244
103	  E	  5.8	  0.0	0.796	0.000	0.000
104	  L	  5.6	  0.0	0.468	0.000	0.000
105	  Q	  1.1	  0.7	0.468	0.000	0.000
106	  P	  0.1	  0.8	0.000	0.000	0.000
107	  D	  0.0	  1.3	0.000	0.000	0.000
108	  R	  0.0	  1.4	0.000	0.000	0.000
109	  G	  0.0	  1.2	0.351	0.000	0.000
110	  E	  0.1	  1.0	0.351	0.000	0.000
111	  D	  0.1	  0.5	1.717	0.000	0.000
112	  A	  0.3	  0.5	1.717	5.589	5.589
113	  I	  1.3	  0.0	1.717	24.082	24.082
114	  A	  1.2	  0.0	1.717	28.552	28.552
115	  A	  1.2	  0.0	1.717	33.417	33.417
116	  C	  1.9	  0.0	1.717	34.001	34.001
117	  F	  2.7	  0.0	0.604	36.003	36.003
118	  L	  3.0	  0.0	0.000	35.764	35.764
119	  I	  5.7	  0.0	0.000	33.465	33.465
120	  N	  5.0	  0.0	0.000	5.698	5.698
121	  C	  4.9	  0.0	0.000	4.412	4.412
122	  L	  0.7	  0.0	0.000	4.088	4.088
123	  Y	  1.7	  0.1	0.000	3.355	3.355
124	  E	  1.3	  0.2	0.000	0.000	0.000
125	  Q	  1.9	  0.2	0.000	0.000	0.000
126	  N	  1.6	  0.2	0.522	0.000	0.000
127	  F	  3.6	  0.1	0.522	0.000	0.000
128	  V	  3.2	  0.0	0.522	0.000	0.000
129	  C	  2.7	  0.0	0.522	0.000	0.000
130	  K	  1.9	  0.0	0.522	0.000	0.000
131	  F	  1.8	  0.0	0.522	0.000	0.000
132	  A	  1.5	  0.2	0.327	0.000	0.000
133	  P	  0.2	  0.3	0.000	0.000	0.000
134	  R	  0.0	  0.7	0.000	0.000	0.000
135	  E	  0.0	  0.7	0.000	0.000	0.000
136	  G	  0.0	  0.5	0.000	2.529	2.529
137	  F	  1.4	  0.4	0.000	18.553	18.553
138	  I	  6.0	  0.1	0.000	19.182	19.182
139	  N	  6.0	  0.1	2.604	19.182	19.182
140	  Y	  5.1	  0.1	2.604	19.182	19.182
141	  L	  0.6	  0.0	2.604	18.969	18.969
142	  T	  0.8	  0.0	2.926	5.595	5.595
143	  R	  0.5	  0.0	2.926	0.251	0.251
144	  E	  2.1	  0.0	2.926	0.251	0.251
145	  V	  4.0	  0.0	2.095	0.251	0.251
146	  Y	  5.6	  0.1	2.095	0.251	0.251
147	  R	  5.5	  0.1	1.039	0.000	0.000
148	  S	  9.5	  0.1	0.850	0.000	0.000
149	  Y	  9.8	  0.2	0.311	0.000	0.000
150	  R	  8.9	  0.1	0.000	0.000	0.000
151	  Q	  3.6	  0.1	0.000	0.000	0.000
152	  L	  1.6	  0.2	0.000	0.000	0.000
153	  R	  1.2	  0.1	0.000	0.000	0.000
154	  T	  0.5	  0.4	0.000	0.000	0.000
155	  Q	  0.3	  0.4	0.000	0.000	0.000
156	  G	  0.1	  0.5	0.000	0.000	0.000
157	  F	  0.1	  1.0	0.000	0.000	0.000
158	  G	  0.1	  1.5	0.000	0.000	0.000
159	  G	  0.1	  1.6	0.000	0.000	0.000
160	  S	  0.1	  1.5	0.000	0.000	0.000
161	  G	  0.1	  1.0	0.000	0.000	0.000
162	  I	  0.1	  0.2	0.000	0.000	0.000
163	  P	  0.0	  0.0	0.000	0.000	0.000
164	  K	  0.1	  0.0	0.000	0.000	0.000
165	  A	  0.2	  0.0	0.000	0.494	0.494
166	  W	  0.3	  0.5	0.000	0.494	0.494
167	  A	  0.2	  0.5	0.000	0.494	0.494
168	  G	  0.4	  0.5	0.157	0.494	0.494
169	  I	  3.2	  0.6	0.157	0.494	0.494
170	  D	  3.3	  0.1	0.157	0.000	0.000
171	  L	  4.8	  0.0	0.157	0.000	0.000
172	  K	  5.1	  0.0	0.157	0.000	0.000
173	  V	  5.3	  0.0	0.157	0.000	0.000
174	  Q	  3.6	  0.1	0.157	0.000	0.000
175	  P	  0.4	  0.1	0.000	0.000	0.000
176	  Q	  0.0	  0.1	0.000	0.000	0.000
177	  E	  0.0	  0.1	0.000	0.000	0.000
178	  P	  0.0	  0.0	0.000	0.000	0.000
179	  L	  2.1	  0.0	0.000	0.000	0.000
180	  V	  3.3	  0.0	0.000	0.000	0.000
181	  L	  3.4	  0.2	0.000	0.000	0.000
182	  K	  1.5	  0.2	0.000	0.000	0.000
183	  D	  2.7	  0.2	0.000	0.000	0.000
184	  V	  3.7	  0.3	0.000	0.000	0.000
185	  E	  3.6	  0.1	0.000	0.000	0.000
186	  N	  1.3	  0.4	1.246	0.000	0.000
187	  T	  0.6	  0.4	1.433	0.000	0.000
188	  D	  1.3	  0.3	2.091	0.000	0.000
189	  W	  2.3	  0.4	2.232	0.000	0.000
190	  R	  2.4	  0.1	2.232	0.000	0.000
191	  L	  1.7	  0.1	2.232	0.000	0.000
192	  L	  0.8	  0.2	2.110	0.000	0.000
193	  R	  0.4	  1.2	1.961	0.000	0.000
194	  G	  0.3	  1.3	1.605	0.000	0.000
195	  D	  0.1	  1.6	0.000	0.000	0.000
196	  T	  0.5	  1.5	0.190	0.000	0.000
197	  D	  2.2	  0.4	0.334	0.000	0.000
198	  V	 11.1	  0.3	0.334	0.000	0.000
199	  R	 12.6	  0.0	0.334	0.000	0.000
200	  V	 12.3	  0.0	0.334	0.000	0.000
201	  E	  4.3	  0.0	0.334	0.000	0.000
202	  R	  2.8	  0.0	0.144	0.000	0.000
203	  K	  1.5	  0.0	0.144	0.000	0.000
204	  D	  0.8	  7.7	0.000	0.000	0.000
205	  P	  0.0	  7.7	0.000	0.000	0.000
206	  N	  0.2	  7.7	0.730	0.000	0.000
207	  Q	  1.9	  7.7	0.730	0.000	0.000
208	  V	  6.1	  0.0	0.730	0.000	0.000
209	  E	  6.1	  0.0	0.730	0.000	0.000
210	  L	  4.5	  0.0	0.730	0.000	0.000
211	  W	  0.4	  0.0	0.730	0.000	0.000
212	  G	  0.2	  0.0	0.730	0.000	0.000
213	  L	  0.2	  0.2	0.248	0.000	0.000
214	  K	  0.1	  0.4	0.129	0.000	0.000
215	  E	  0.1	  0.8	0.000	0.000	0.000
216	  G	  0.1	  0.8	0.000	4.588	4.588
217	  T	  3.5	  0.6	0.000	9.582	9.582
218	  Y	  4.2	  0.4	0.000	32.862	32.862
219	  L	  4.3	  0.0	0.000	39.091	39.091
220	  F	  3.8	  0.0	0.000	40.158	40.158
221	  Q	  3.9	  0.0	0.000	38.917	38.917
222	  L	  6.9	  0.0	0.000	38.917	38.917
223	  T	 14.4	  0.0	0.000	36.438	36.438
224	  V	 16.0	  0.0	0.000	34.651	34.651
225	  T	 14.0	  0.2	0.000	13.200	13.200
226	  S	  3.8	  1.8	0.000	0.438	0.438
227	  S	  1.3	  1.8	0.000	0.000	0.000
228	  D	  0.1	  1.8	0.000	0.000	0.000
229	  H	  0.0	  2.2	0.093	0.000	0.000
230	  P	  0.0	  0.8	0.093	0.000	0.000
231	  E	  0.1	  0.9	0.093	0.000	0.000
232	  D	  0.1	  0.9	0.093	0.000	0.000
233	  T	  0.3	  0.5	0.093	0.332	0.332
234	  A	  0.3	  0.2	0.093	1.971	1.971
235	  N	  1.7	  0.2	0.093	4.477	4.477
236	  V	 16.4	  0.2	0.000	68.855	68.855
237	  T	 24.8	  0.0	0.000	73.527	73.527
238	  V	 37.5	  0.0	0.000	74.056	74.056
239	  T	 26.2	  0.0	0.000	74.056	74.056
240	  V	 19.5	  0.0	0.000	74.056	74.056
241	  L	  4.8	  0.1	0.000	64.185	64.185
242	  S	  2.3	  0.1	0.000	5.800	5.800
243	  T	  1.8	  0.1	0.000	2.163	2.163
244	  K	  1.9	  0.1	0.000	0.000	0.000
245	  Q	  1.7	  0.1	0.000	0.000	0.000
246	  T	  0.4	  0.5	0.000	0.000	0.000
247	  E	  0.2	  0.4	0.000	0.000	0.000
248	  D	  0.6	  0.4	0.499	0.000	0.000
249	  Y	  3.1	  0.4	0.499	0.000	0.000
250	  C	  5.4	  0.0	0.621	0.000	0.000
251	  L	  5.0	  0.2	0.621	0.000	0.000
252	  A	  2.5	  0.4	0.621	0.000	0.000
253	  S	  0.2	  0.4	0.621	0.000	0.000
254	  N	  0.1	  0.4	0.251	0.000	0.000
255	  K	  0.5	  0.4	0.122	0.000	0.000
256	  V	  0.6	  0.3	0.000	0.000	0.000
257	  G	  0.5	  0.3	0.000	0.000	0.000
258	  R	  1.3	  0.3	0.000	0.000	0.000
259	  C	  1.6	  0.7	0.000	0.000	0.000
260	  R	  1.6	  0.7	0.000	0.000	0.000
261	  G	  0.5	  0.6	0.000	0.000	0.000
262	  S	  0.4	  0.6	0.000	0.000	0.000
263	  F	  0.4	  0.4	0.000	0.000	0.000
264	  P	  0.3	  0.2	0.000	0.000	0.000
265	  R	  0.9	  0.2	0.000	0.000	0.000
266	  W	  1.8	  0.2	0.000	0.000	0.000
267	  Y	  4.9	  0.0	0.000	0.000	0.000
268	  Y	  4.2	  0.0	0.000	0.000	0.000
269	  D	  3.3	  0.7	0.488	0.000	0.000
270	  P	  0.2	  0.7	0.488	0.000	0.000
271	  T	  0.1	  0.7	1.050	0.000	0.000
272	  E	  0.1	  0.7	1.050	0.000	0.000
273	  Q	  0.7	  0.1	1.050	0.000	0.000
274	  I	  0.8	  0.1	1.050	0.000	0.000
275	  C	  1.2	  0.3	1.050	0.000	0.000
276	  K	  1.0	  0.3	1.050	0.000	0.000
277	  S	  1.8	  0.3	0.755	0.167	0.167
278	  F	  3.2	  0.3	0.289	0.167	0.167
279	  V	  3.8	  0.0	0.000	0.167	0.167
280	  Y	  2.9	  0.5	0.000	0.167	0.167
281	  G	  1.1	  0.7	0.000	0.167	0.167
282	  G	  0.1	  0.7	0.000	0.000	0.000
283	  C	  0.3	  0.7	0.000	0.000	0.000
284	  L	  0.3	  0.9	0.000	0.000	0.000
285	  G	  0.3	  0.6	0.000	0.000	0.000
286	  N	  0.0	  3.3	0.000	0.000	0.000
287	  K	  0.1	  3.3	0.000	0.000	0.000
288	  N	  0.2	  2.7	0.000	0.000	0.000
289	  N	  0.3	  2.7	0.000	0.000	0.000
290	  Y	  1.3	  0.1	0.000	0.000	0.000
291	  L	  1.2	  0.0	0.000	0.000	0.000
292	  R	  1.2	  0.1	1.047	0.000	0.000
293	  E	  0.1	  0.1	1.047	0.000	0.000
294	  E	  0.1	  0.2	1.170	0.000	0.000
295	  E	  0.1	  0.1	1.376	0.000	0.000
296	  C	  3.1	  0.1	1.798	0.000	0.000
297	  I	  3.9	  0.0	1.798	0.000	0.000
298	  L	  4.1	  0.0	1.798	0.000	0.000
299	  A	  1.4	  0.0	1.798	0.000	0.000
300	  C	  0.9	  0.3	1.655	0.000	0.000
301	  R	  0.6	  0.3	0.867	0.000	0.000
302	  G	  0.5	  0.3	0.435	0.000	0.000
303	  V	  0.3	  0.4	0.000	0.000	0.000
304	  Q	  0.2	  0.1	0.000	0.000	0.000
305	  G	  0.2	  0.2	0.000	0.000	0.000
306	  G	  0.0	  0.3	0.000	0.000	0.000
307	  P	  0.0	  0.3	0.000	0.000	0.000
308	  L	  0.2	  0.5	0.000	0.000	0.000
309	  R	  0.3	  0.6	0.000	0.000	0.000
310	  G	  0.3	  0.9	0.000	0.000	0.000
311	  S	  0.1	  1.3	0.000	0.000	0.000
312	  S	  0.1	  1.3	0.000	0.000	0.000
313	  G	  0.1	  1.1	0.173	0.000	0.000
314	  A	  0.1	  0.6	0.173	0.000	0.000
315	  Q	  0.3	  0.2	0.173	0.000	0.000
316	  A	  1.7	  0.0	0.173	0.000	0.000
317	  T	  2.6	  0.0	0.173	0.000	0.000
318	  F	  2.4	  0.7	0.173	0.000	0.000
319	  P	  0.9	  0.7	0.000	0.000	0.000
320	  Q	  0.0	  0.8	0.000	0.000	0.000
321	  G	  0.0	  1.3	0.000	0.000	0.000
322	  P	  0.0	  0.6	0.000	0.000	0.000
323	  S	  1.2	  0.6	0.749	0.000	0.000
324	  M	  1.3	  0.6	0.749	0.000	0.000
325	  E	  1.5	  0.1	0.749	0.000	0.000
326	  R	  1.0	  0.1	0.749	0.000	0.000
327	  R	  1.0	  0.1	0.749	0.000	0.000
328	  H	  0.8	  0.0	0.749	0.000	0.000
329	  P	  0.1	  0.0	0.000	0.000	0.000
330	  V	  0.9	  0.0	0.000	0.000	0.000
331	  C	  1.2	  0.3	0.000	0.000	0.000
332	  S	  1.3	  0.5	0.000	0.000	0.000
333	  G	  0.4	  0.5	0.000	0.000	0.000
334	  T	 12.0	  0.5	0.000	0.000	0.000
335	  C	 12.1	  0.2	0.000	0.000	0.000
336	  Q	 12.1	  0.1	0.000	0.000	0.000
337	  P	  0.2	  0.2	0.000	0.000	0.000
338	  T	  2.0	  0.2	0.000	0.000	0.000
339	  Q	  4.0	  0.2	0.000	0.000	0.000
340	  F	 12.0	  0.0	0.000	0.000	0.000
341	  R	 10.8	  0.0	0.000	0.000	0.000
342	  C	  9.0	  1.2	0.000	0.000	0.000
343	  S	  1.1	  1.5	0.000	0.000	0.000
344	  N	  0.1	  1.7	0.000	0.000	0.000
345	  G	  0.1	  1.7	0.000	0.000	0.000
346	  C	 11.6	  0.5	0.000	0.000	0.000
347	  C	 14.4	  0.2	0.000	0.000	0.000
348	  I	 15.1	  0.1	0.000	0.000	0.000
349	  D	  4.5	  0.1	0.000	0.000	0.000
350	  S	  1.7	  0.1	0.000	0.000	0.000
351	  F	  1.7	  0.1	0.000	0.000	0.000
352	  L	  2.3	  0.0	0.000	0.000	0.000
353	  E	  2.6	  0.1	0.000	0.000	0.000
354	  C	  2.1	  0.4	0.000	0.000	0.000
355	  D	  0.9	  0.4	0.000	0.000	0.000
356	  D	  0.2	  0.3	0.000	0.000	0.000
357	  T	  0.1	  1.7	0.000	0.000	0.000
358	  P	  0.0	  1.4	0.000	0.000	0.000
359	  N	  0.1	  1.4	0.000	0.000	0.000
360	  C	  0.1	  3.4	0.000	0.000	0.000
361	  P	  0.1	  2.0	0.000	0.000	0.000
362	  D	  0.0	  4.5	0.000	0.000	0.000
363	  A	  0.0	  4.7	0.000	0.000	0.000
364	  S	  0.1	  2.8	0.595	0.000	0.000
365	  D	  0.0	  2.9	1.520	0.000	0.000
366	  E	  0.1	  0.4	1.810	0.000	0.000
367	  A	  0.1	  0.2	1.987	0.000	0.000
368	  A	  0.2	  0.1	1.987	0.000	0.000
369	  C	  2.8	  0.1	1.987	0.000	0.000
370	  E	  3.0	  0.1	1.821	0.000	0.000
371	  K	  5.9	  0.1	1.442	0.000	0.000
372	  Y	  6.2	  0.2	0.804	0.000	0.000
373	  T	  6.1	  0.3	0.000	0.000	0.000
374	  S	  3.1	  0.3	0.000	0.000	0.000
375	  G	  0.2	  0.3	0.439	0.000	0.000
376	  F	  0.3	  0.3	0.773	0.000	0.000
377	  D	  0.3	  0.2	3.116	0.000	0.000
378	  E	  0.5	  0.2	3.566	0.000	0.000
379	  L	  0.4	  0.2	3.566	0.000	0.000
380	  Q	  0.8	  0.1	3.566	0.000	0.000
381	  R	  3.1	  0.0	3.566	0.000	0.000
382	  I	  8.1	  0.0	3.566	0.000	0.000
383	  H	  8.0	  0.0	3.566	0.000	0.000
384	  F	  5.4	  0.5	2.470	0.000	0.000
385	  P	  0.3	  0.8	0.000	0.000	0.000
386	  S	  0.0	  1.0	0.000	0.000	0.000
387	  D	  0.0	  2.6	0.000	0.000	0.000
388	  K	  0.0	  2.1	0.000	0.000	0.000
389	  G	  0.0	  1.8	0.000	0.000	0.000
390	  H	  1.2	  1.6	0.000	0.000	0.000
391	  C	  2.6	  0.0	0.000	0.000	0.000
392	  V	  7.4	  0.0	0.000	0.000	0.000
393	  D	  6.3	  0.0	0.000	0.000	0.000
394	  L	  4.9	  0.6	0.000	0.000	0.000
395	  P	  0.0	  0.8	0.000	0.000	0.000
396	  D	  0.0	  0.8	0.000	0.000	0.000
397	  T	  0.0	  0.9	0.141	0.000	0.000
398	  G	  0.1	  0.3	0.141	0.000	0.000
399	  L	  0.2	  0.1	0.141	0.000	0.000
400	  C	  0.5	  0.1	0.141	0.000	0.000
401	  K	  0.5	  0.2	0.141	0.000	0.000
402	  E	  0.4	  0.2	0.141	0.000	0.000
403	  S	  0.2	  0.2	0.000	0.000	0.000
404	  I	  0.2	  0.3	0.000	0.000	0.000
405	  P	  0.1	  0.2	0.000	0.000	0.000
406	  R	  0.9	  0.2	0.000	0.000	0.000
407	  W	  1.8	  0.2	0.000	0.000	0.000
408	  Y	  5.0	  0.0	0.000	0.000	0.000
409	  Y	  4.3	  0.0	0.000	0.000	0.000
410	  N	  3.5	  0.2	0.121	0.000	0.000
411	  P	  0.2	  0.2	0.121	0.000	0.000
412	  F	  0.7	  0.3	0.121	0.000	0.000
413	  S	  0.7	  0.5	0.737	0.000	0.000
414	  E	  1.0	  0.3	0.737	0.000	0.000
415	  H	  1.0	  0.3	0.737	0.000	0.000
416	  C	  1.5	  0.3	0.737	0.000	0.000
417	  A	  1.4	  0.1	0.737	0.000	0.000
418	  R	  2.4	  0.1	0.737	0.000	0.000
419	  F	 14.6	  0.1	0.511	0.000	0.000
420	  T	 15.3	  0.0	0.000	0.000	0.000
421	  Y	 13.7	  0.4	0.000	0.000	0.000
422	  G	  1.1	  0.8	0.000	0.000	0.000
423	  G	  0.1	  0.8	0.000	0.000	0.000
424	  C	  0.9	  0.8	0.000	0.000	0.000
425	  Y	  0.9	  2.3	0.000	0.000	0.000
426	  G	  0.9	  1.9	0.000	0.000	0.000
427	  N	  0.1	  4.4	0.000	0.000	0.000
428	  K	  0.1	  4.5	0.000	0.000	0.000
429	  N	  0.2	  2.6	0.000	0.000	0.000
430	  N	  2.9	  2.6	0.000	0.000	0.000
431	  F	  3.5	  0.1	0.000	0.000	0.000
432	  E	  3.4	  0.1	0.000	0.000	0.000
433	  E	  0.7	  0.1	0.116	0.000	0.000
434	  E	  0.1	  0.2	0.116	0.000	0.000
435	  Q	  0.4	  0.1	0.116	0.000	0.000
436	  Q	  0.9	  0.1	0.116	0.000	0.000
437	  C	  1.9	  0.1	0.116	0.000	0.000
438	  L	  1.7	  0.2	0.116	0.000	0.000
439	  E	  1.4	  0.2	0.116	0.000	0.000
440	  S	  8.0	  0.2	0.116	0.000	0.000
441	  C	  8.2	  0.4	0.000	0.000	0.000
442	  R	  8.1	  0.2	0.000	0.000	0.000
443	  G	  0.7	  0.2	0.000	0.000	0.000
444	  I	  0.8	  0.2	0.000	0.000	0.000
445	  S	  0.8	  0.1	1.017	0.000	0.000
446	  K	  0.8	  0.5	1.017	0.000	0.000
447	  K	  0.4	  0.5	1.017	0.000	0.000
448	  D	  2.7	  0.5	1.017	0.000	0.000
449	  V	  3.7	  0.4	1.017	0.000	0.000
450	  F	  3.6	  0.1	1.017	0.000	0.000
451	  G	  1.3	  0.1	0.523	0.000	0.000
452	  L	  0.4	  0.1	0.158	0.000	0.000
453	  R	  0.3	  0.2	0.000	0.000	0.000
454	  R	  0.6	  0.1	0.000	0.000	0.000
455	  E	  0.6	  0.1	0.000	0.000	0.000
456	  I	  0.5	  0.0	0.000	0.000	0.000
457	  P	  0.2	  0.0	0.000	0.000	0.000
458	  I	  0.1	  0.2	0.000	0.000	0.000
459	  P	  0.0	  0.4	0.000	0.000	0.000
460	  S	  0.1	  0.7	0.000	0.000	0.000
461	  T	  0.2	  0.8	0.000	0.000	0.000
462	  G	  0.2	  0.6	0.000	0.000	0.000
463	  S	  4.1	  0.4	0.370	0.000	0.000
464	  V	  8.4	  0.1	0.370	0.000	0.000
465	  E	  8.5	  0.0	0.546	0.000	0.000
466	  M	  5.0	  0.0	0.546	15.338	15.338
467	  A	  0.8	  0.0	0.546	29.701	29.701
468	  V	  7.3	  0.0	0.546	86.367	86.367
469	  A	  7.4	  0.0	0.546	91.365	91.365
470	  V	 10.3	  0.0	0.407	98.247	98.247
471	  F	  4.8	  0.0	0.407	99.843	99.843
472	  L	  6.0	  0.0	0.000	99.973	99.973
473	  V	  4.9	  0.0	0.000	99.997	99.997
474	  I	  5.2	  0.0	0.000	99.999	99.999
475	  C	  6.7	  0.0	0.628	99.999	99.999
476	  I	 11.6	  0.0	0.628	100.000	100.000
477	  V	 20.3	  0.0	0.878	100.000	100.000
478	  V	 26.4	  0.0	1.226	99.999	99.999
479	  V	 23.0	  0.0	1.319	99.990	99.990
480	  V	 15.8	  0.0	1.319	99.877	99.877
481	  A	  6.2	  0.0	1.319	98.557	98.557
482	  I	  3.8	  0.0	1.319	97.441	97.441
483	  L	  1.5	  0.0	1.319	85.241	85.241
484	  G	  1.1	  0.0	1.230	19.287	19.287
485	  Y	  3.5	  0.0	0.735	14.822	14.822
486	  C	  4.4	  0.0	0.000	2.592	2.592
487	  F	  5.7	  0.0	0.000	2.172	2.172
488	  F	  2.9	  0.2	0.000	1.111	1.111
489	  K	  2.0	  0.2	0.000	0.000	0.000
490	  N	  1.0	  0.3	0.000	0.000	0.000
491	  Q	  0.8	  0.4	0.000	0.000	0.000
492	  R	  1.1	  0.7	0.000	0.000	0.000
493	  K	  0.9	  0.7	0.000	0.000	0.000
494	  D	  0.7	  0.6	0.000	0.000	0.000
495	  F	  1.3	  1.5	0.000	0.000	0.000
496	  H	  1.3	  1.2	0.000	0.000	0.000
497	  G	  1.1	  1.2	0.000	0.000	0.000
498	  H	  0.9	  1.2	0.000	0.000	0.000
499	  H	  2.0	  0.2	0.000	0.000	0.000
500	  H	  2.0	  0.1	0.000	0.000	0.000
501	  H	  1.3	  0.0	0.000	0.000	0.000
502	  P	  0.0	  0.0	0.000	0.000	0.000
503	  P	  0.0	  0.0	0.000	0.000	0.000
504	  P	  0.0	  0.0	0.000	0.000	0.000
505	  T	  0.0	  0.0	0.000	0.000	0.000
506	  P	  0.0	  0.2	0.000	0.000	0.000
507	  A	  0.1	  0.2	0.000	0.000	0.000
508	  S	  0.4	  0.3	0.000	0.000	0.000
509	  S	  0.8	  0.3	0.000	0.000	0.000
510	  T	 18.7	  0.2	0.000	0.000	0.000
511	  V	 19.3	  0.1	0.000	0.000	0.000
512	  S	 19.5	  0.0	0.000	0.000	0.000
513	  T	  1.9	  0.1	0.000	0.000	0.000
514	  T	  0.9	  0.3	0.000	0.000	0.000
515	  E	  0.4	  0.3	0.000	0.000	0.000
516	  D	  0.2	  0.3	0.166	0.000	0.000
517	  T	  0.3	  0.4	0.373	0.000	0.000
518	  E	  0.3	  0.2	0.373	0.000	0.000
519	  H	  1.0	  0.1	0.373	0.000	0.000
520	  L	  2.2	  0.1	0.373	0.000	0.000
521	  V	  6.0	  0.0	0.373	0.000	0.000
522	  Y	  6.0	  0.0	0.373	0.000	0.000
523	  N	  4.8	  0.1	0.000	0.000	0.000
524	  H	  1.6	  0.1	0.000	0.000	0.000
525	  T	  3.2	  0.1	0.000	0.000	0.000
526	  T	  3.2	  0.1	0.000	0.000	0.000
527	  R	  2.6	  0.0	0.000	0.000	0.000
528	  P	  0.1	  0.0	0.000	0.000	0.000
529	  L	  0.0	  0.0	0.000	0.000	0.000
