res	aa	Beta	Turn	Helix	Aggregation	Conc-Stab_Aggregation
01	  M	  0.1	  0.0	0.000	0.000	0.000
02	  N	  0.1	  0.1	0.196	0.000	0.000
03	  R	  0.2	  0.1	0.196	0.000	0.000
04	  K	  0.3	  0.1	0.196	0.000	0.000
05	  A	  0.4	  0.2	0.196	0.000	0.000
06	  R	  0.4	  0.1	0.196	0.000	0.000
07	  R	  1.4	  0.1	0.196	0.000	0.000
08	  C	  1.6	  0.4	0.000	0.149	0.149
09	  L	  1.6	  0.4	0.000	0.320	0.320
10	  G	  0.4	  0.4	0.000	0.406	0.406
11	  H	  0.6	  0.4	0.000	1.423	1.423
12	  L	  1.3	  0.1	0.000	55.705	55.705
13	  F	  2.3	  0.1	0.000	64.827	64.827
14	  L	  3.5	  0.2	0.000	65.643	65.643
15	  S	  2.9	  0.4	0.727	65.755	65.755
16	  L	  2.0	  0.4	0.727	66.828	66.828
17	  G	  0.3	  0.3	1.551	62.525	62.525
18	  M	  1.6	  0.2	1.551	62.049	62.049
19	  V	  5.0	  0.0	1.551	61.495	61.495
20	  Y	  6.0	  0.0	1.551	54.841	54.841
21	  L	  8.6	  0.0	1.551	46.432	46.432
22	  R	  5.9	  0.0	1.368	0.000	0.000
23	  I	  4.9	  0.5	0.798	0.164	0.164
24	  G	  0.8	  0.5	0.798	0.164	0.164
25	  G	  0.2	  0.5	0.467	0.937	0.937
26	  F	  1.6	  0.8	0.000	11.518	11.518
27	  S	  1.7	  0.2	0.222	12.153	12.153
28	  S	  2.6	  0.2	0.354	18.140	18.140
29	  V	  5.6	  0.2	0.354	46.471	46.471
30	  V	  8.7	  0.0	0.354	48.707	48.707
31	  A	  7.9	  0.0	0.354	47.963	47.963
32	  L	  3.5	  0.2	0.354	47.449	47.449
33	  G	  0.1	  0.3	0.354	40.425	40.425
34	  A	  0.5	  0.3	0.000	38.035	38.035
35	  S	  1.1	  0.3	0.123	35.884	35.884
36	  I	  3.2	  0.2	0.123	35.692	35.692
37	  I	  2.9	  0.0	0.123	32.985	32.985
38	  C	  2.8	  0.1	0.123	2.282	2.282
39	  N	  1.0	  0.1	0.123	0.000	0.000
40	  K	  1.0	  0.1	0.123	0.000	0.000
41	  I	  0.5	  0.4	0.000	0.000	0.000
42	  P	  0.2	  0.4	0.000	0.000	0.000
43	  G	  0.2	  0.4	0.000	0.000	0.000
44	  L	  0.2	  0.4	0.000	0.000	0.000
45	  A	  0.2	  0.2	0.000	0.000	0.000
46	  P	  0.0	  0.2	0.000	0.000	0.000
47	  R	  0.5	  0.3	0.000	0.000	0.000
48	  Q	  0.5	  0.3	0.000	0.000	0.000
49	  R	  0.9	  0.1	0.000	0.000	0.000
50	  A	  0.5	  0.1	0.000	0.000	0.000
51	  I	  1.2	  0.0	0.000	0.000	0.000
52	  C	  1.5	  0.2	0.000	0.000	0.000
53	  Q	  1.6	  0.2	0.000	0.000	0.000
54	  S	  0.9	  0.2	0.000	0.000	0.000
55	  R	  0.3	  1.7	0.000	0.000	0.000
56	  P	  0.1	  1.6	0.000	0.000	0.000
57	  D	  0.1	  1.6	0.000	0.000	0.000
58	  A	  0.7	  1.6	0.000	50.782	50.782
59	  I	  8.3	  0.0	0.000	55.739	55.739
60	  I	 15.6	  0.0	0.000	55.739	55.739
61	  V	 15.9	  0.0	0.000	55.739	55.739
62	  I	  8.7	  0.4	0.000	55.739	55.739
63	  G	  1.0	  1.0	0.000	9.149	9.149
64	  E	  0.0	  1.4	0.000	0.000	0.000
65	  G	  0.0	  1.5	0.000	0.000	0.000
66	  S	  0.2	  1.2	0.000	0.000	0.000
67	  Q	  0.3	  0.5	0.000	0.000	0.000
68	  M	  0.6	  0.1	0.000	0.000	0.000
69	  G	  0.5	  0.2	0.000	0.000	0.000
70	  L	  0.4	  0.2	0.000	0.000	0.000
71	  D	  0.1	  0.3	0.647	0.000	0.000
72	  E	  0.5	  0.3	0.647	0.000	0.000
73	  C	  1.5	  0.1	0.647	0.000	0.000
74	  Q	  5.2	  0.1	0.647	0.000	0.000
75	  F	 10.1	  0.0	0.647	0.000	0.000
76	  Q	 11.0	  0.0	0.647	0.000	0.000
77	  F	  8.2	  0.5	0.463	0.000	0.000
78	  R	  2.8	  3.7	0.329	0.000	0.000
79	  N	  0.8	  3.7	0.189	0.000	0.000
80	  G	  0.0	  3.7	0.000	0.000	0.000
81	  R	  3.1	  3.2	0.000	0.000	0.000
82	  W	  7.4	  0.0	0.000	0.000	0.000
83	  N	  7.9	  0.3	0.000	0.000	0.000
84	  C	  9.0	  0.4	0.000	0.000	0.000
85	  S	  4.7	  0.6	0.000	0.000	0.000
86	  A	  4.1	  0.6	0.000	0.000	0.000
87	  L	  0.2	  0.4	0.000	0.000	0.000
88	  G	  0.1	  0.4	0.940	0.000	0.000
89	  E	  0.3	  0.2	0.940	0.000	0.000
90	  R	  1.0	  0.2	0.940	0.000	0.000
91	  T	  7.0	  0.1	0.940	0.000	0.000
92	  V	  7.7	  0.1	0.940	0.000	0.000
93	  F	  7.1	  0.3	0.940	0.000	0.000
94	  G	  1.2	  0.4	0.266	0.000	0.000
95	  K	  0.2	  0.4	0.129	0.000	0.000
96	  E	  1.4	  0.3	0.129	0.000	0.000
97	  L	  3.2	  0.1	0.129	0.000	0.000
98	  K	  3.5	  0.2	0.129	0.000	0.000
99	  V	  2.4	  0.7	0.129	0.000	0.000
100	  G	  0.6	  0.7	0.502	0.000	0.000
101	  S	  0.3	  0.8	1.494	0.000	0.000
102	  R	  0.2	  0.7	1.494	0.000	0.000
103	  E	  0.2	  0.2	1.494	0.000	0.000
104	  A	  0.2	  0.1	1.494	52.870	52.870
105	  A	  0.5	  0.0	1.494	61.315	61.315
106	  F	 12.6	  0.0	1.611	89.503	89.503
107	  T	 15.6	  0.0	1.944	91.797	91.797
108	  Y	 16.1	  0.0	1.944	94.807	94.807
109	  A	  4.8	  0.0	1.844	95.283	95.283
110	  I	  4.2	  0.0	1.844	95.668	95.668
111	  I	  4.2	  0.0	1.844	93.867	93.867
112	  A	  3.6	  0.3	1.844	73.278	73.278
113	  A	  0.9	  0.3	1.737	55.152	55.152
114	  G	  0.3	  0.3	1.376	39.650	39.650
115	  V	  2.1	  0.3	0.000	38.236	38.236
116	  A	  2.2	  0.0	0.000	21.572	21.572
117	  H	  2.6	  0.0	0.000	7.482	7.482
118	  A	  1.2	  0.0	0.000	7.247	7.247
119	  I	  5.4	  0.0	0.000	7.014	7.014
120	  T	  5.0	  0.0	0.000	4.450	4.450
121	  A	  4.6	  0.0	0.000	2.924	2.924
122	  A	  0.5	  0.0	0.000	1.730	1.730
123	  C	  3.8	  0.1	0.000	1.250	1.250
124	  T	  3.8	  0.2	0.000	0.147	0.147
125	  Q	  3.7	  0.9	0.000	0.000	0.000
126	  G	  0.0	  0.9	0.000	0.000	0.000
127	  N	  0.3	  1.4	0.000	0.000	0.000
128	  L	  0.3	  1.6	0.000	0.000	0.000
129	  S	  0.3	  1.1	0.000	0.000	0.000
130	  D	  0.1	  1.3	0.000	0.000	0.000
131	  C	  0.2	  1.0	0.000	0.000	0.000
132	  G	  0.3	  0.6	0.184	0.000	0.000
133	  C	  0.6	  0.5	1.018	0.000	0.000
134	  D	  0.5	  0.5	1.700	0.000	0.000
135	  K	  0.7	  0.3	1.700	0.000	0.000
136	  E	  0.5	  0.4	1.700	0.000	0.000
137	  K	  0.5	  0.7	1.700	0.000	0.000
138	  Q	  0.2	  0.5	1.700	0.000	0.000
139	  G	  0.1	  0.5	1.133	0.000	0.000
140	  Q	  1.7	  0.4	0.680	0.000	0.000
141	  Y	  3.2	  0.1	0.126	0.000	0.000
142	  H	  3.4	  0.4	0.000	0.000	0.000
143	  R	  1.7	  0.5	0.000	0.000	0.000
144	  D	  0.2	  1.2	0.000	0.000	0.000
145	  E	  0.0	  1.1	0.000	0.000	0.000
146	  G	  0.0	  0.8	0.000	0.000	0.000
147	  W	  0.7	  0.6	0.000	0.000	0.000
148	  K	  0.9	  0.0	0.000	0.000	0.000
149	  W	  0.9	  0.1	0.000	0.000	0.000
150	  G	  0.2	  0.5	0.000	0.000	0.000
151	  G	  0.1	  0.5	0.000	0.000	0.000
152	  C	  4.0	  0.5	0.000	0.000	0.000
153	  S	  4.4	  2.2	0.500	0.000	0.000
154	  A	  4.5	  1.8	0.500	0.000	0.000
155	  D	  2.4	  1.8	0.500	0.000	0.000
156	  I	  5.2	  1.8	0.500	0.000	0.000
157	  R	  5.4	  0.0	0.500	0.000	0.000
158	  Y	  3.9	  0.3	0.500	0.363	0.363
159	  G	  0.7	  0.5	0.248	0.474	0.474
160	  I	  0.5	  0.5	0.000	4.267	4.267
161	  G	  0.3	  0.5	0.123	4.569	4.569
162	  F	  0.9	  0.3	0.123	8.459	8.459
163	  A	  1.0	  0.1	0.123	8.733	8.733
164	  K	  1.7	  0.1	0.123	9.058	9.058
165	  V	  6.8	  0.1	0.123	9.058	9.058
166	  F	  7.7	  0.1	0.123	9.058	9.058
167	  V	  7.3	  0.1	0.000	9.058	9.058
168	  D	  1.9	  0.2	8.428	9.058	9.058
169	  A	  0.6	  0.2	8.669	7.992	7.992
170	  R	  0.2	  0.2	8.669	0.000	0.000
171	  E	  6.3	  0.2	8.669	0.000	0.000
172	  I	  7.3	  0.1	8.669	0.000	0.000
173	  K	  7.3	  0.2	8.669	0.000	0.000
174	  Q	  1.3	  0.2	7.212	0.000	0.000
175	  N	  0.2	  0.2	7.067	0.000	0.000
176	  A	  0.2	  0.2	2.972	0.000	0.000
177	  R	  0.4	  0.1	2.232	0.000	0.000
178	  T	  1.2	  0.1	1.373	0.000	0.000
179	  L	  1.7	  0.1	1.373	0.000	0.000
180	  M	  3.3	  0.0	1.373	0.000	0.000
181	  N	  2.5	  0.0	0.713	0.000	0.000
182	  L	  2.2	  0.1	0.496	0.000	0.000
183	  H	  0.4	  0.2	0.496	0.000	0.000
184	  N	  0.3	  0.2	0.394	0.000	0.000
185	  N	  0.1	  0.4	1.754	0.000	0.000
186	  E	  0.0	  0.6	1.958	0.000	0.000
187	  A	  0.0	  0.6	1.958	0.000	0.000
188	  G	  0.0	  0.6	2.825	0.000	0.000
189	  R	  0.7	  0.4	2.825	0.000	0.000
190	  K	  1.3	  0.2	2.598	0.000	0.000
191	  I	  2.0	  0.0	1.692	0.000	0.000
192	  L	  1.3	  0.1	1.692	0.000	0.000
193	  E	  0.8	  0.2	1.865	0.000	0.000
194	  E	  0.1	  0.2	1.865	0.000	0.000
195	  N	  0.4	  0.2	1.027	0.000	0.000
196	  M	  2.0	  0.2	0.718	0.000	0.000
197	  K	  3.6	  0.0	0.591	0.000	0.000
198	  L	  4.4	  0.1	0.591	0.000	0.000
199	  E	  3.9	  0.1	0.591	0.000	0.000
200	  C	  3.0	  0.1	0.419	0.000	0.000
201	  K	  2.8	  0.1	0.222	0.000	0.000
202	  C	  2.2	  1.2	0.000	0.000	0.000
203	  H	  1.6	  1.2	0.000	0.000	0.000
204	  G	  0.6	  1.1	0.000	0.000	0.000
205	  V	  0.7	  1.2	0.000	0.000	0.000
206	  S	  0.9	  0.7	0.000	0.000	0.000
207	  G	  0.9	  0.7	0.000	0.000	0.000
208	  S	  8.0	  0.7	0.000	0.000	0.000
209	  C	  8.1	  0.6	0.000	0.000	0.000
210	  T	 10.6	  0.1	0.000	0.000	0.000
211	  T	  4.3	  0.2	0.000	0.000	0.000
212	  K	  4.6	  0.2	0.000	0.000	0.000
213	  T	  5.8	  0.1	0.000	0.000	0.000
214	  C	  5.1	  0.1	0.000	0.000	0.000
215	  W	  5.3	  0.0	0.000	0.000	0.000
216	  T	  3.4	  0.0	0.000	0.000	0.000
217	  T	  2.9	  0.0	0.000	0.000	0.000
218	  L	  2.0	  0.5	0.000	0.000	0.000
219	  P	  0.2	  0.5	0.000	0.000	0.000
220	  Q	  2.1	  0.5	0.000	0.000	0.000
221	  F	  2.7	  0.6	0.000	0.121	0.121
222	  R	  2.8	  0.2	0.000	0.121	0.121
223	  E	  0.7	  0.2	0.000	0.121	0.121
224	  L	  0.1	  0.2	0.000	33.475	33.475
225	  G	  0.1	  0.1	0.210	33.475	33.475
226	  Y	  1.8	  0.0	0.210	33.475	33.475
227	  V	  3.0	  0.0	0.210	33.475	33.475
228	  L	  3.1	  0.2	0.210	33.475	33.475
229	  K	  1.4	  0.3	0.210	0.000	0.000
230	  D	  0.3	  0.4	0.210	0.000	0.000
231	  K	  1.0	  0.4	0.000	0.000	0.000
232	  Y	  1.3	  0.2	0.000	0.000	0.000
233	  N	  1.2	  0.2	0.000	0.000	0.000
234	  E	  0.3	  0.0	0.000	0.000	0.000
235	  A	  0.9	  0.0	0.000	0.000	0.000
236	  V	 10.4	  0.0	0.000	0.000	0.000
237	  H	 15.0	  0.0	0.000	0.000	0.000
238	  V	 14.9	  0.0	0.000	0.000	0.000
239	  E	  6.1	  0.0	0.469	0.000	0.000
240	  P	  0.7	  0.0	0.469	0.000	0.000
241	  V	  1.2	  0.0	0.469	0.000	0.000
242	  R	  1.4	  0.2	0.469	0.000	0.000
243	  A	  1.5	  0.2	0.469	0.000	0.000
244	  S	  0.7	  1.5	0.469	0.000	0.000
245	  R	  0.5	  1.5	0.221	0.000	0.000
246	  N	  0.6	  1.4	0.106	0.000	0.000
247	  K	  0.3	  1.3	0.000	0.000	0.000
248	  R	  0.3	  0.3	0.000	0.000	0.000
249	  P	  0.1	  0.3	0.000	0.000	0.000
250	  T	  3.4	  0.3	0.136	0.000	0.000
251	  F	  4.2	  0.3	0.136	0.000	0.000
252	  L	  6.0	  0.0	0.136	0.000	0.000
253	  K	  5.2	  0.0	0.136	0.000	0.000
254	  I	  5.3	  0.0	0.136	0.000	0.000
255	  K	  3.6	  0.0	0.136	0.000	0.000
256	  K	  0.9	  0.0	0.000	0.000	0.000
257	  P	  0.0	  0.0	0.000	0.000	0.000
258	  L	  2.3	  0.0	0.000	0.000	0.000
259	  S	  9.0	  0.0	0.000	0.000	0.000
260	  Y	 11.8	  0.0	0.000	0.000	0.000
261	  R	  9.7	  0.0	0.000	0.000	0.000
262	  K	  3.0	  0.0	0.000	0.000	0.000
263	  P	  0.1	  0.1	0.000	0.000	0.000
264	  M	  0.3	  0.2	0.000	0.000	0.000
265	  D	  0.3	  0.6	0.135	0.000	0.000
266	  T	  0.5	  0.6	0.135	0.000	0.000
267	  D	  0.4	  0.5	0.299	0.000	0.000
268	  L	  1.6	  0.5	0.299	0.129	0.129
269	  V	  4.2	  0.0	0.299	0.129	0.129
270	  Y	  5.1	  0.0	0.299	0.129	0.129
271	  I	  4.4	  0.0	0.165	0.129	0.129
272	  E	  2.1	  0.0	0.165	0.129	0.129
273	  K	  1.0	  0.0	0.000	0.129	0.129
274	  S	  0.5	  5.8	0.000	0.000	0.000
275	  P	  0.1	  5.7	0.000	0.000	0.000
276	  N	  0.9	  5.7	0.000	0.000	0.000
277	  Y	  4.2	  5.7	0.000	0.000	0.000
278	  C	  4.7	  0.2	0.000	0.000	0.000
279	  E	  3.8	  0.2	0.000	0.000	0.000
280	  E	  0.6	  0.2	0.000	0.000	0.000
281	  D	  0.1	  0.2	0.886	0.000	0.000
282	  P	  0.0	  0.0	0.886	0.000	0.000
283	  V	  0.7	  0.1	0.886	0.000	0.000
284	  T	  0.9	  0.2	0.886	0.000	0.000
285	  G	  0.9	  0.2	0.886	0.000	0.000
286	  S	  0.6	  0.4	0.886	0.000	0.000
287	  V	  0.5	  0.4	0.000	0.000	0.000
288	  G	  0.5	  0.3	0.000	0.000	0.000
289	  T	  0.1	  0.7	0.000	0.000	0.000
290	  Q	  0.1	  0.7	0.000	0.000	0.000
291	  G	  0.1	  0.6	0.150	0.000	0.000
292	  R	  0.1	  0.5	0.150	0.000	0.000
293	  A	  0.2	  0.1	0.150	0.000	0.000
294	  C	  0.6	  0.1	0.150	0.000	0.000
295	  N	  0.6	  0.2	0.150	0.000	0.000
296	  K	  1.5	  0.2	0.150	0.000	0.000
297	  T	  1.2	  0.2	0.000	0.000	0.000
298	  A	  1.1	  0.4	0.000	0.000	0.000
299	  P	  0.2	  0.3	0.000	0.000	0.000
300	  Q	  0.2	  0.6	0.000	0.000	0.000
301	  A	  0.3	  1.0	0.000	0.000	0.000
302	  S	  0.3	  1.6	0.000	0.000	0.000
303	  G	  0.2	  1.5	0.000	0.000	0.000
304	  C	  0.6	  1.2	0.000	0.000	0.000
305	  D	  0.5	  0.8	0.000	0.000	0.000
306	  L	  1.9	  0.0	0.000	0.000	0.000
307	  M	  7.7	  0.0	0.000	0.000	0.000
308	  C	 10.9	  0.2	0.000	0.000	0.000
309	  C	  9.8	  0.5	0.000	0.000	0.000
310	  G	  3.5	  0.7	0.000	0.000	0.000
311	  R	  0.3	  0.7	0.000	0.000	0.000
312	  G	  0.2	  0.5	0.000	0.000	0.000
313	  Y	  1.2	  0.3	0.000	0.000	0.000
314	  N	  1.3	  0.1	0.000	0.000	0.000
315	  T	  3.9	  0.1	0.000	0.000	0.000
316	  H	  4.1	  0.1	0.108	0.000	0.000
317	  Q	  4.3	  0.1	0.108	0.000	0.000
318	  Y	  2.2	  0.1	0.108	0.000	0.000
319	  A	  1.3	  0.1	0.108	0.000	0.000
320	  R	  3.1	  0.1	0.108	0.000	0.000
321	  V	  5.5	  0.1	0.108	0.000	0.000
322	  W	  9.3	  0.0	0.108	0.000	0.000
323	  Q	  7.5	  0.0	0.108	0.000	0.000
324	  C	  5.9	  0.0	0.000	0.000	0.000
325	  N	  2.1	  0.0	0.000	0.000	0.000
326	  C	  1.8	  0.0	0.000	0.000	0.000
327	  K	  1.2	  0.0	0.000	0.000	0.000
328	  F	  3.1	  0.0	0.000	2.409	2.409
329	  H	  4.9	  0.0	0.000	2.558	2.558
330	  W	 14.3	  0.0	0.000	3.225	3.225
331	  C	 17.0	  0.0	0.000	3.225	3.225
332	  C	 17.1	  0.0	0.000	3.225	3.225
333	  Y	  8.8	  0.0	0.000	3.097	3.097
334	  V	  8.0	  0.0	0.000	2.941	2.941
335	  K	  6.6	  0.0	0.000	0.000	0.000
336	  C	  5.0	  0.1	0.000	0.000	0.000
337	  N	  1.4	  0.1	0.000	0.000	0.000
338	  T	 11.2	  0.1	0.000	0.000	0.000
339	  C	 11.3	  0.2	0.000	0.000	0.000
340	  S	 10.8	  0.2	0.418	0.000	0.000
341	  E	  0.7	  0.2	0.418	0.000	0.000
342	  R	  0.4	  0.2	0.418	0.000	0.000
343	  T	  0.4	  0.1	0.418	0.000	0.000
344	  E	  0.3	  0.0	0.418	0.000	0.000
345	  M	  0.6	  0.0	0.418	0.000	0.000
346	  Y	 18.7	  0.0	0.142	0.000	0.000
347	  T	 24.4	  0.0	0.000	0.000	0.000
348	  C	 24.0	  0.0	0.000	0.000	0.000
349	  K	  7.1	  0.0	0.000	0.000	0.000
