res	aa	Beta	Turn	Helix	Aggregation	Conc-Stab_Aggregation
01	  M	  0.0	  0.0	0.000	0.000	0.000
02	  P	  0.0	  0.0	0.000	0.000	0.000
03	  V	  0.6	  0.1	0.000	0.000	0.000
04	  K	  0.6	  0.8	0.000	0.000	0.000
05	  G	  0.6	  0.9	0.000	0.000	0.000
06	  G	  0.0	  0.9	0.000	0.000	0.000
07	  T	  1.6	  0.8	0.452	0.000	0.000
08	  K	  2.9	  0.1	0.452	0.000	0.000
09	  C	  9.1	  0.1	1.322	0.000	0.000
10	  I	 10.4	  0.0	1.322	0.000	0.000
11	  K	  9.3	  0.0	1.322	0.000	0.000
12	  Y	  3.9	  0.0	1.322	28.678	28.678
13	  L	  1.4	  0.0	1.196	35.348	35.348
14	  L	  1.3	  0.3	1.196	52.864	52.864
15	  F	  0.8	  0.3	1.196	56.341	56.341
16	  G	  0.5	  0.3	1.045	56.730	56.730
17	  F	  3.8	  0.3	0.385	62.820	62.820
18	  N	  4.4	  0.0	0.567	64.103	64.103
19	  F	  5.0	  0.0	0.567	97.027	97.027
20	  I	  2.5	  0.0	0.567	99.710	99.710
21	  F	  2.3	  0.0	0.567	99.957	99.957
22	  W	  2.0	  0.0	0.686	99.962	99.962
23	  L	  1.1	  0.2	0.686	99.854	99.854
24	  A	  0.5	  0.2	0.686	99.224	99.224
25	  G	  0.6	  0.2	1.365	98.691	98.691
26	  I	  4.3	  0.2	0.798	98.655	98.655
27	  A	  5.0	  0.0	0.798	98.131	98.131
28	  V	  5.7	  0.0	0.798	97.688	97.688
29	  L	  2.5	  0.0	0.798	92.457	92.457
30	  A	  1.6	  0.0	0.798	63.890	63.890
31	  I	  0.7	  0.0	0.798	58.916	58.916
32	  G	  0.3	  0.0	1.050	33.772	33.772
33	  L	  0.8	  0.0	0.517	32.792	32.792
34	  W	  1.1	  0.0	0.399	28.738	28.738
35	  L	  2.5	  0.0	0.252	22.798	22.798
36	  R	  5.7	  0.0	0.252	0.003	0.003
37	  F	  6.0	  0.1	0.252	0.003	0.003
38	  D	  4.8	  0.2	0.674	0.003	0.003
39	  S	  1.3	  0.3	0.674	0.000	0.000
40	  Q	  0.6	  0.3	0.674	0.000	0.000
41	  T	  3.9	  0.3	0.674	0.000	0.000
42	  K	  4.0	  0.2	0.674	0.000	0.000
43	  S	  4.1	  0.1	1.056	0.000	0.000
44	  I	  1.6	  0.1	0.502	0.000	0.000
45	  F	  2.2	  0.1	0.891	0.000	0.000
46	  E	  1.9	  0.1	0.771	0.000	0.000
47	  Q	  1.1	  0.2	0.771	0.000	0.000
48	  E	  0.2	  0.2	0.771	0.000	0.000
49	  T	  0.3	  0.2	0.771	0.000	0.000
50	  N	  0.2	  0.9	0.771	0.000	0.000
51	  N	  0.1	  1.4	0.771	0.000	0.000
52	  N	  0.0	  1.6	0.372	0.000	0.000
53	  N	  0.1	  2.1	0.000	0.004	0.004
54	  S	  0.4	  1.4	0.000	0.127	0.127
55	  S	  1.6	  0.9	0.000	1.274	1.274
56	  F	  2.7	  0.6	0.000	25.510	25.510
57	  Y	  3.8	  0.2	0.000	27.596	27.596
58	  T	  2.7	  0.2	0.000	28.591	28.591
59	  G	  1.5	  0.2	0.000	33.596	33.596
60	  V	  2.7	  0.2	0.000	92.643	92.643
61	  Y	  3.7	  0.0	0.000	97.496	97.496
62	  I	  5.8	  0.0	0.000	98.891	98.891
63	  L	  3.3	  0.0	0.000	98.900	98.900
64	  I	  2.4	  0.5	0.000	98.253	98.253
65	  G	  0.2	  0.9	1.999	88.383	88.383
66	  A	  0.1	  1.1	1.999	87.499	87.499
67	  G	  0.0	  1.1	2.835	86.760	86.760
68	  A	  0.3	  0.6	3.035	87.047	87.047
69	  L	  1.4	  0.1	3.035	87.409	87.409
70	  M	  2.7	  0.0	3.035	87.158	87.158
71	  M	  3.5	  0.0	3.035	86.852	86.852
72	  L	  2.6	  0.2	2.645	86.481	86.481
73	  V	  1.4	  0.2	2.645	84.230	84.230
74	  G	  0.3	  0.2	2.645	59.532	59.532
75	  F	  0.5	  0.4	0.429	58.657	58.657
76	  L	  0.5	  0.4	0.000	49.275	49.275
77	  G	  0.6	  0.4	0.000	3.630	3.630
78	  C	  3.8	  0.4	0.000	0.092	0.092
79	  C	  4.1	  0.2	0.000	0.006	0.006
80	  G	  4.0	  0.0	0.000	0.001	0.001
81	  A	  1.0	  0.0	0.000	0.001	0.001
82	  V	  1.1	  0.1	0.000	0.001	0.001
83	  Q	  1.1	  0.1	0.000	0.000	0.000
84	  E	  0.8	  0.2	0.000	0.000	0.000
85	  S	  0.6	  0.2	0.000	0.008	0.008
86	  Q	  1.2	  0.2	0.000	0.074	0.074
87	  C	  2.5	  0.2	0.000	4.663	4.663
88	  M	  2.1	  0.2	0.000	26.432	26.432
89	  L	  1.6	  0.2	0.000	45.507	45.507
90	  G	  0.2	  0.2	0.000	49.269	49.269
91	  L	  0.7	  0.1	0.000	91.056	91.056
92	  F	  1.6	  0.3	0.000	98.708	98.708
93	  F	  1.8	  0.2	0.000	99.332	99.332
94	  G	  1.2	  0.2	1.305	99.382	99.382
95	  F	  1.0	  0.2	1.305	99.947	99.947
96	  L	  1.6	  0.0	1.305	99.991	99.991
97	  L	  4.0	  0.0	1.305	99.996	99.996
98	  V	  5.3	  0.0	1.305	99.983	99.983
99	  I	  5.2	  0.0	1.305	99.828	99.828
100	  F	  3.7	  0.0	1.829	98.122	98.122
101	  A	  1.8	  0.0	1.626	77.187	77.187
102	  I	  5.4	  0.0	1.626	70.718	70.718
103	  E	  5.3	  0.0	2.310	0.001	0.001
104	  I	  6.0	  0.0	2.310	0.001	0.001
105	  A	  1.7	  0.0	2.310	0.265	0.265
106	  A	  1.1	  0.0	2.150	0.548	0.548
107	  A	  0.4	  0.0	2.016	0.856	0.856
108	  I	  1.1	  0.1	1.649	0.856	0.856
109	  W	  1.0	  0.2	1.649	0.856	0.856
110	  G	  0.9	  0.2	1.152	0.740	0.740
111	  Y	  2.4	  0.2	0.559	0.706	0.706
112	  S	  2.6	  0.1	0.000	0.071	0.071
113	  H	  2.8	  0.6	0.000	0.000	0.000
114	  K	  0.6	  0.6	0.000	0.000	0.000
115	  D	  0.3	  0.6	0.000	0.000	0.000
116	  E	  0.5	  0.5	0.000	0.000	0.000
117	  V	  3.1	  0.0	0.000	0.000	0.000
118	  I	  3.9	  0.0	0.000	0.000	0.000
119	  K	  4.0	  0.0	0.000	0.000	0.000
120	  E	  4.0	  0.0	0.000	0.000	0.000
121	  V	  3.9	  0.1	0.000	0.000	0.000
122	  Q	  3.6	  0.1	0.000	0.000	0.000
123	  E	  1.4	  0.1	0.000	0.000	0.000
124	  F	  2.0	  0.1	0.000	0.000	0.000
125	  Y	  2.1	  0.2	0.000	0.000	0.000
126	  K	  1.9	  0.2	0.000	0.000	0.000
127	  D	  2.4	  0.2	0.000	0.000	0.000
128	  T	 11.0	  0.2	0.197	0.000	0.000
129	  Y	 11.3	  0.1	0.197	0.000	0.000
130	  N	  9.7	  0.1	0.197	0.000	0.000
131	  K	  1.7	  0.1	0.197	0.000	0.000
132	  L	  1.1	  0.2	0.197	0.000	0.000
133	  K	  1.9	  0.2	0.197	0.000	0.000
134	  T	  1.4	  0.3	0.000	0.000	0.000
135	  K	  1.3	  0.3	0.000	0.000	0.000
136	  D	  0.6	  0.3	0.000	0.000	0.000
137	  E	  0.1	  0.4	0.135	0.000	0.000
138	  P	  0.0	  0.2	0.135	0.000	0.000
139	  Q	  0.2	  0.2	0.135	0.000	0.000
140	  R	  0.3	  0.3	0.135	0.000	0.000
141	  E	  0.3	  0.2	0.135	0.000	0.000
142	  T	  3.2	  0.1	0.710	0.000	0.000
143	  L	  3.5	  0.1	0.710	0.000	0.000
144	  K	  3.7	  0.0	0.710	0.000	0.000
145	  A	  1.1	  0.0	0.575	0.000	0.000
146	  I	  3.9	  0.0	0.575	0.000	0.000
147	  H	  5.1	  0.0	0.575	0.000	0.000
148	  Y	  5.3	  0.0	0.346	0.000	0.000
149	  A	  2.4	  0.1	0.162	0.000	0.000
150	  L	  4.2	  0.2	0.162	0.000	0.000
151	  N	  5.8	  0.2	0.162	0.000	0.000
152	  C	  8.9	  0.2	0.000	0.000	0.000
153	  C	  5.9	  0.0	0.000	0.000	0.000
154	  G	  3.6	  0.0	0.000	0.000	0.000
155	  L	  0.3	  0.2	0.000	0.000	0.000
156	  A	  0.1	  1.1	0.000	0.000	0.000
157	  G	  0.0	  1.1	0.000	0.000	0.000
158	  G	  0.1	  1.1	0.302	0.000	0.000
159	  V	  1.3	  1.0	0.302	0.000	0.000
160	  E	  1.5	  0.1	0.302	0.000	0.000
161	  Q	  2.0	  0.1	0.302	0.000	0.000
162	  F	  1.7	  0.1	0.302	0.000	0.000
163	  I	  1.6	  0.1	0.302	0.000	0.000
164	  S	  1.1	  0.1	0.302	0.000	0.000
165	  D	  0.7	  0.1	0.302	0.000	0.000
166	  I	  0.8	  0.1	0.302	0.000	0.000
167	  C	  0.8	  0.4	0.302	0.000	0.000
168	  P	  0.1	  0.5	0.000	0.000	0.000
169	  K	  0.1	  0.8	0.000	0.000	0.000
170	  K	  0.3	  0.8	0.000	0.000	0.000
171	  D	  0.3	  0.5	0.000	0.000	0.000
172	  V	  1.4	  0.4	0.000	1.401	1.401
173	  L	  1.2	  0.1	0.000	1.401	1.401
174	  E	  1.2	  0.1	0.000	1.401	1.401
175	  T	 16.6	  0.1	0.191	1.401	1.401
176	  F	 24.7	  0.1	0.191	1.401	1.401
177	  T	 36.5	  0.0	0.191	1.401	1.401
178	  V	 23.6	  0.1	0.191	1.401	1.401
179	  K	 15.9	  0.1	0.191	1.401	1.401
180	  S	  3.7	  0.1	0.191	0.155	0.155
181	  C	  1.5	  1.7	0.191	0.000	0.000
182	  P	  0.3	  1.6	0.000	0.000	0.000
183	  D	  0.1	  1.6	0.365	0.000	0.000
184	  A	  0.5	  1.6	0.365	0.000	0.000
185	  I	  1.3	  0.0	0.365	0.000	0.000
186	  K	  1.7	  0.0	0.365	0.000	0.000
187	  E	  3.2	  0.0	0.365	0.000	0.000
188	  V	  5.6	  0.0	0.365	0.000	0.000
189	  F	  5.5	  0.2	0.365	0.000	0.000
190	  D	  3.6	  0.2	0.122	0.000	0.000
191	  N	  0.5	  0.2	0.122	0.000	0.000
192	  K	  0.8	  0.2	0.000	0.000	0.000
193	  F	  5.8	  0.0	0.000	0.077	0.077
194	  H	 15.4	  0.0	0.000	0.084	0.084
195	  I	 16.7	  0.0	0.000	4.316	4.316
196	  I	 11.9	  0.1	0.000	6.913	6.913
197	  G	  2.1	  0.1	0.000	7.207	7.207
198	  A	  0.2	  0.1	0.000	10.831	10.831
199	  V	  0.5	  0.2	0.000	19.391	19.391
200	  G	  0.5	  0.1	0.000	21.960	21.960
201	  I	  0.7	  0.2	0.000	54.808	54.808
202	  G	  0.8	  0.2	0.416	57.897	57.897
203	  I	  4.1	  0.1	0.416	92.485	92.485
204	  A	  4.5	  0.1	0.416	95.752	95.752
205	  V	 12.1	  0.0	0.416	99.614	99.614
206	  V	 11.9	  0.0	0.416	99.939	99.939
207	  M	 11.7	  0.0	0.416	99.949	99.949
208	  I	  4.8	  0.0	0.301	99.952	99.952
209	  F	  1.7	  0.0	0.301	99.721	99.721
210	  G	  1.1	  0.0	0.120	96.831	96.831
211	  M	  0.8	  0.0	0.000	96.573	96.573
212	  I	  1.7	  0.0	0.000	96.284	96.284
213	  F	  4.9	  0.0	0.000	93.116	93.116
214	  S	  4.5	  0.0	0.605	78.423	78.423
215	  M	  4.6	  0.0	0.605	76.874	76.874
216	  I	  2.9	  0.0	0.946	75.139	75.139
217	  L	  6.7	  0.0	1.036	61.136	61.136
218	  C	 25.5	  0.0	1.731	11.797	11.797
219	  C	 24.7	  0.0	1.953	1.784	1.784
220	  A	 21.1	  0.0	1.861	0.582	0.582
221	  I	  3.3	  0.0	1.861	0.238	0.238
222	  R	  2.8	  0.1	1.861	0.000	0.000
223	  R	  2.4	  0.2	1.531	0.000	0.000
224	  N	  0.7	  0.2	1.017	0.000	0.000
225	  R	  0.1	  0.2	0.000	0.000	0.000
226	  E	  0.2	  0.1	0.000	0.000	0.000
227	  M	  0.2	  0.0	0.000	0.000	0.000
228	  V	  0.1	  0.0	0.000	0.000	0.000
