res	aa	Beta	Turn	Helix	Aggregation	Conc-Stab_Aggregation
01	  M	  2.2	  0.0	0.000	0.000	0.000
02	  K	  3.4	  0.0	0.000	0.000	0.000
03	  V	  5.5	  0.0	0.000	4.703	4.703
04	  S	  3.4	  0.0	2.063	5.523	5.523
05	  A	  2.2	  0.0	2.063	21.703	21.703
06	  A	  0.3	  0.0	2.063	40.824	40.824
07	  A	  0.2	  0.0	2.189	63.414	63.414
08	  L	  0.5	  0.0	2.189	90.031	90.031
09	  A	  1.4	  0.0	2.189	94.820	94.820
10	  V	  8.8	  0.0	1.762	99.426	99.426
11	  I	 10.5	  0.0	1.632	99.730	99.730
12	  L	 10.0	  0.0	1.632	99.563	99.563
13	  I	  3.9	  0.0	1.399	98.072	98.072
14	  A	  1.8	  0.0	1.399	80.832	80.832
15	  T	  1.7	  0.0	0.478	65.354	65.354
16	  A	  0.7	  0.0	0.478	56.092	56.092
17	  L	  1.6	  0.0	0.335	48.730	48.730
18	  C	  1.3	  0.0	0.139	8.493	8.493
19	  A	  1.1	  0.0	0.000	0.109	0.109
20	  P	  0.2	  0.2	0.000	0.061	0.061
21	  A	  0.2	  0.2	0.000	0.000	0.000
22	  S	  5.9	  0.2	0.000	0.000	0.000
23	  A	  5.9	  0.2	0.000	0.000	0.000
24	  S	  5.7	  0.3	0.000	0.000	0.000
25	  P	  0.0	  0.2	0.000	0.000	0.000
26	  Y	  1.5	  0.4	0.000	0.000	0.000
27	  S	  1.6	  1.8	0.000	0.000	0.000
28	  S	  1.6	  1.6	0.000	0.000	0.000
29	  D	  0.4	  1.6	0.000	0.000	0.000
30	  T	  0.5	  1.5	0.000	0.000	0.000
31	  T	  0.5	  0.3	0.000	0.000	0.000
32	  P	  0.2	  0.2	0.000	0.000	0.000
33	  C	  6.1	  0.2	0.000	0.536	0.536
34	  C	 11.9	  0.2	0.000	3.715	3.715
35	  F	 12.7	  0.0	0.000	12.341	12.341
36	  A	  7.3	  0.0	0.000	12.341	12.341
37	  Y	  2.7	  0.0	0.000	12.341	12.341
38	  I	  4.3	  0.0	0.000	12.341	12.341
39	  A	  4.0	  0.0	0.000	10.329	10.329
40	  R	  2.6	  0.0	0.000	0.000	0.000
41	  P	  0.0	  0.0	0.000	0.000	0.000
42	  L	  0.0	  0.2	0.000	0.000	0.000
43	  P	  0.0	  0.2	0.000	0.000	0.000
44	  R	  0.2	  0.2	0.000	0.000	0.000
45	  A	  1.1	  0.2	0.000	0.000	0.000
46	  H	  7.2	  0.0	0.000	0.000	0.000
47	  I	  7.8	  0.1	0.000	0.210	0.210
48	  K	  7.0	  0.1	0.000	0.210	0.210
49	  E	  1.4	  0.1	0.000	0.210	0.210
50	  Y	  2.0	  0.1	0.000	0.840	0.840
51	  F	  3.0	  0.0	0.000	0.840	0.840
52	  Y	  5.6	  0.1	0.000	0.840	0.840
53	  T	  4.4	  0.5	0.000	0.630	0.630
54	  S	  3.2	  0.6	0.000	0.630	0.630
55	  G	  0.1	  0.7	0.000	0.000	0.000
56	  K	  0.7	  0.6	0.000	0.000	0.000
57	  C	  0.9	  0.2	0.000	0.000	0.000
58	  S	  0.9	  0.0	0.000	0.000	0.000
59	  N	  0.2	  0.0	0.000	0.000	0.000
60	  P	  0.0	  0.0	0.000	1.012	1.012
61	  A	  0.7	  0.0	0.000	70.281	70.281
62	  V	  4.3	  0.0	0.000	84.923	84.923
63	  V	 10.2	  0.0	0.000	84.923	84.923
64	  F	 10.2	  0.0	0.000	84.923	84.923
65	  V	  8.4	  0.0	0.000	84.760	84.760
66	  T	  3.6	  0.1	0.297	27.181	27.181
67	  R	  3.2	  0.3	0.297	0.000	0.000
68	  K	  1.6	  0.3	0.297	0.000	0.000
69	  N	  0.6	  0.3	0.575	0.000	0.000
70	  R	  0.7	  0.2	0.575	0.000	0.000
71	  Q	  0.9	  0.1	0.575	0.000	0.000
72	  V	  1.6	  0.0	0.278	0.000	0.000
73	  C	  1.5	  0.0	0.278	0.000	0.000
74	  A	  1.2	  0.0	0.278	0.000	0.000
75	  N	  0.5	  0.5	0.485	0.000	0.000
76	  P	  0.0	  0.5	0.207	0.000	0.000
77	  E	  0.4	  0.5	0.207	0.000	0.000
78	  K	  0.5	  0.5	0.207	0.000	0.000
79	  K	  0.9	  0.1	0.207	0.000	0.000
80	  W	  1.4	  0.0	0.207	0.000	0.000
81	  V	  1.8	  0.1	0.000	0.000	0.000
82	  R	  1.6	  0.1	0.000	0.000	0.000
83	  E	  0.7	  0.1	0.000	0.000	0.000
84	  Y	  1.7	  0.1	0.000	0.000	0.000
85	  I	  2.7	  0.1	0.000	0.000	0.000
86	  N	  2.7	  0.1	0.000	0.000	0.000
87	  S	  2.3	  0.1	0.000	0.000	0.000
88	  L	  1.9	  0.1	0.000	0.000	0.000
89	  E	  2.2	  0.1	0.000	0.000	0.000
90	  M	  1.1	  0.0	0.000	0.000	0.000
91	  S	  0.4	  0.0	0.000	0.000	0.000
