res	aa	Beta	Turn	Helix	Aggregation	Conc-Stab_Aggregation
01	  M	  0.2	  0.1	0.000	0.000	0.000
02	  A	  0.4	  0.2	0.000	0.000	0.000
03	  S	  1.2	  1.4	0.000	0.000	0.000
04	  Q	  1.1	  1.4	0.000	0.000	0.000
05	  N	  0.9	  1.3	0.000	0.000	0.000
06	  R	  0.1	  1.2	0.000	0.000	0.000
07	  D	  0.0	  0.3	0.168	0.000	0.000
08	  P	  0.0	  0.3	0.168	0.000	0.000
09	  A	  0.1	  0.3	0.168	0.000	0.000
10	  A	  0.3	  0.3	0.168	0.000	0.000
11	  T	  1.2	  0.0	1.195	0.000	0.000
12	  S	  1.7	  0.0	3.357	0.000	0.000
13	  V	  2.8	  0.0	3.537	0.000	0.000
14	  A	  1.9	  0.0	3.537	0.000	0.000
15	  A	  1.4	  0.0	3.537	0.000	0.000
16	  A	  0.2	  0.1	3.537	0.000	0.000
17	  R	  0.2	  0.5	3.310	0.000	0.000
18	  K	  0.2	  0.6	1.829	0.000	0.000
19	  G	  0.1	  0.6	0.180	0.000	0.000
20	  A	  0.0	  0.4	0.000	0.000	0.000
21	  E	  0.0	  0.9	0.000	0.000	0.000
22	  P	  0.0	  1.0	0.000	0.000	0.000
23	  S	  0.0	  1.3	0.167	0.000	0.000
24	  G	  0.0	  1.4	0.379	0.000	0.000
25	  G	  0.1	  0.6	0.379	0.000	0.000
26	  A	  0.1	  0.6	0.379	0.000	0.000
27	  A	  0.2	  0.3	0.379	0.000	0.000
28	  R	  0.1	  0.2	0.379	0.000	0.000
29	  G	  0.1	  0.2	0.379	0.000	0.000
30	  P	  0.0	  0.2	0.000	0.000	0.000
31	  V	  0.1	  0.4	0.000	0.000	0.000
32	  G	  0.1	  0.5	0.589	0.000	0.000
33	  K	  0.2	  0.5	0.589	0.000	0.000
34	  R	  0.7	  0.2	0.589	0.000	0.000
35	  L	  0.8	  0.1	0.589	0.000	0.000
36	  Q	  0.9	  0.1	0.589	0.000	0.000
37	  Q	  0.5	  0.1	0.589	0.000	0.000
38	  E	  0.4	  0.1	0.589	0.000	0.000
39	  L	  0.4	  0.1	0.589	1.101	1.101
40	  M	  3.1	  0.0	0.589	1.101	1.101
41	  T	  3.9	  0.0	0.437	1.101	1.101
42	  L	  4.8	  0.0	0.437	1.101	1.101
43	  M	  2.6	  0.2	0.437	1.101	1.101
44	  M	  2.0	  0.4	0.179	0.587	0.587
45	  S	  0.9	  1.9	0.000	0.000	0.000
46	  G	  0.2	  2.1	0.000	0.000	0.000
47	  D	  0.0	  2.2	0.164	0.000	0.000
48	  K	  0.0	  2.1	0.164	0.000	0.000
49	  G	  0.1	  0.5	0.164	0.000	0.000
50	  I	  1.7	  0.4	0.164	0.000	0.000
51	  S	  2.1	  0.1	0.164	0.000	0.000
52	  A	  2.1	  0.0	0.164	0.000	0.000
53	  F	  0.5	  0.2	0.164	0.000	0.000
54	  P	  0.0	  0.4	0.000	0.000	0.000
55	  E	  0.0	  0.6	0.000	0.000	0.000
56	  S	  0.0	  1.7	0.134	0.000	0.000
57	  D	  0.0	  1.5	0.134	0.000	0.000
58	  N	  0.6	  1.3	0.343	0.000	0.000
59	  L	  0.8	  1.1	0.343	0.000	0.000
60	  F	  2.0	  0.0	0.343	0.000	0.000
61	  K	  1.8	  0.0	0.343	0.000	0.000
62	  W	  1.7	  0.0	0.209	0.646	0.646
63	  V	  0.6	  0.1	0.209	0.646	0.646
64	  G	  0.2	  0.1	0.209	0.646	0.646
65	  T	  3.9	  0.1	0.000	0.646	0.646
66	  I	  5.2	  0.6	0.000	0.646	0.646
67	  H	  5.2	  0.6	0.000	0.000	0.000
68	  G	  1.6	  0.8	0.000	0.000	0.000
69	  A	  0.1	  1.0	0.000	0.000	0.000
70	  A	  0.1	  0.5	0.000	0.000	0.000
71	  G	  0.1	  0.4	0.000	0.000	0.000
72	  T	  5.5	  0.2	0.482	0.000	0.000
73	  V	  8.5	  0.0	0.482	0.000	0.000
74	  Y	  9.1	  0.6	0.866	0.000	0.000
75	  E	  3.8	  0.6	1.273	0.000	0.000
76	  D	  1.0	  0.6	7.782	0.000	0.000
77	  L	  1.5	  0.6	7.904	0.000	0.000
78	  R	  2.0	  0.0	7.904	0.000	0.000
79	  Y	  2.9	  0.0	7.904	0.000	0.000
80	  K	  2.2	  0.0	7.400	0.000	0.000
81	  L	  3.3	  0.1	7.297	0.000	0.000
82	  S	  3.1	  0.1	6.768	0.000	0.000
83	  L	  3.7	  0.0	5.768	0.000	0.000
84	  E	  2.2	  0.0	5.246	0.000	0.000
85	  F	  1.2	  1.3	4.338	0.000	0.000
86	  P	  0.1	  1.5	0.000	0.000	0.000
87	  S	  0.1	  1.5	0.000	0.000	0.000
88	  G	  0.1	  1.5	0.000	0.000	0.000
89	  Y	  0.1	  0.4	0.000	0.000	0.000
90	  P	  0.0	  0.2	0.000	0.000	0.000
91	  Y	  2.6	  0.2	0.000	0.000	0.000
92	  N	  2.6	  0.2	0.000	0.000	0.000
93	  A	  2.6	  0.2	0.000	0.000	0.000
94	  P	  0.0	  0.2	0.000	0.000	0.000
95	  T	 15.9	  0.2	0.000	0.000	0.000
96	  V	 18.7	  0.2	0.000	0.000	0.000
97	  K	 18.9	  0.0	0.000	0.000	0.000
98	  F	  4.1	  0.0	0.000	0.000	0.000
99	  L	  1.0	  0.0	0.000	0.000	0.000
100	  T	  0.8	  0.1	0.000	0.000	0.000
101	  P	  0.1	  0.1	0.000	0.000	0.000
102	  C	  4.3	  0.1	0.000	0.000	0.000
103	  Y	  4.5	  0.1	0.000	0.000	0.000
104	  H	  4.5	  1.4	0.000	0.000	0.000
105	  P	  0.2	  1.4	0.000	0.000	0.000
106	  N	  1.3	  1.8	0.000	0.000	0.000
107	  V	  2.1	  1.8	0.000	0.000	0.000
108	  D	  2.3	  0.5	0.000	0.000	0.000
109	  T	  1.1	  0.7	0.000	0.000	0.000
110	  Q	  0.2	  0.5	0.000	0.000	0.000
111	  G	  0.1	  0.5	0.000	0.000	0.000
112	  N	  0.8	  0.4	0.000	0.000	0.000
113	  I	  2.5	  0.2	0.000	0.190	0.190
114	  C	  3.9	  0.2	0.889	0.190	0.190
115	  L	  5.7	  0.2	0.889	0.190	0.190
116	  D	  4.0	  0.2	1.581	0.190	0.190
117	  I	  3.4	  0.2	1.581	0.190	0.190
118	  L	  0.9	  0.1	1.581	0.190	0.190
119	  K	  1.1	  0.0	1.581	0.190	0.190
120	  E	  0.5	  0.0	1.290	0.000	0.000
121	  K	  0.9	  0.0	0.904	0.000	0.000
122	  W	  2.9	  0.0	0.262	5.602	5.602
123	  S	  2.9	  0.0	0.142	5.602	5.602
124	  A	  2.5	  0.0	0.000	7.190	7.190
125	  L	  0.5	  0.0	0.000	9.069	9.069
126	  Y	  3.0	  0.0	0.000	9.373	9.373
127	  D	  4.2	  0.0	26.985	8.709	8.709
128	  V	  4.4	  0.0	26.985	8.709	8.709
129	  R	  2.4	  0.0	26.985	8.709	8.709
130	  T	  2.9	  0.0	26.985	15.826	15.826
131	  I	  4.6	  0.0	26.985	27.315	27.315
132	  L	  4.3	  0.0	26.985	27.383	27.383
133	  L	  3.6	  0.0	25.420	26.820	26.820
134	  S	  1.8	  0.0	23.596	23.619	23.619
135	  I	  1.6	  0.0	13.696	22.959	22.959
136	  Q	  0.6	  0.1	13.419	10.453	10.453
137	  S	  0.5	  0.1	5.473	10.039	10.039
138	  L	  0.4	  0.1	2.833	10.039	10.039
139	  L	  0.3	  0.0	1.779	9.822	9.822
140	  G	  0.1	  0.0	1.330	0.795	0.795
141	  E	  0.0	  0.4	0.557	0.000	0.000
142	  P	  0.0	  0.4	0.000	0.000	0.000
143	  N	  1.5	  0.8	0.000	0.000	0.000
144	  I	  2.9	  0.8	0.000	0.000	0.000
145	  D	  3.0	  0.5	0.000	0.000	0.000
146	  S	  1.5	  0.7	0.000	0.000	0.000
147	  P	  0.0	  0.4	0.000	0.000	0.000
148	  L	  0.3	  0.4	0.000	0.000	0.000
149	  N	  0.5	  0.4	0.971	0.000	0.000
150	  T	  1.3	  0.2	1.587	0.000	0.000
151	  H	  1.2	  0.1	2.637	0.000	0.000
152	  A	  1.0	  0.1	3.106	0.000	0.000
153	  A	  0.3	  0.0	3.710	0.000	0.000
154	  E	  0.2	  0.0	3.710	0.000	0.000
155	  L	  0.4	  0.0	3.562	0.000	0.000
156	  W	  0.8	  0.0	3.562	0.000	0.000
157	  K	  0.7	  0.0	3.562	0.000	0.000
158	  N	  0.6	  0.6	3.184	0.000	0.000
159	  P	  0.0	  0.6	0.133	0.000	0.000
160	  T	  0.9	  0.6	0.633	0.000	0.000
161	  A	  1.1	  0.6	0.633	0.000	0.000
162	  F	  1.6	  0.1	0.633	0.000	0.000
163	  K	  0.8	  0.1	0.633	0.000	0.000
164	  K	  0.8	  0.1	0.501	0.000	0.000
165	  Y	  0.9	  0.1	0.501	0.000	0.000
166	  L	  0.9	  0.0	0.276	0.000	0.000
167	  Q	  0.7	  0.1	0.276	0.000	0.000
168	  E	  0.2	  0.1	0.106	0.000	0.000
169	  T	 31.0	  0.1	0.000	0.000	0.000
170	  Y	 32.5	  0.1	0.000	0.000	0.000
171	  S	 32.5	  0.1	0.000	0.000	0.000
172	  K	  2.8	  0.1	0.000	0.000	0.000
173	  Q	  0.8	  0.1	0.000	0.000	0.000
174	  V	  3.4	  0.1	0.000	0.000	0.000
175	  T	  4.5	  0.1	0.000	0.000	0.000
176	  S	  4.8	  0.1	0.000	0.000	0.000
177	  Q	  2.1	  0.1	0.000	0.000	0.000
178	  E	  0.8	  0.1	0.000	0.000	0.000
179	  P	  0.0	  0.0	0.000	0.000	0.000
