res	aa	Beta	Turn	Helix	Aggregation	Conc-Stab_Aggregation
01	  M	  0.0	  0.0	0.000	0.000	0.000
02	  D	  0.1	  1.3	0.000	0.000	0.000
03	  R	  0.3	  1.3	0.000	0.000	0.000
04	  S	  0.8	  1.4	0.000	0.000	0.000
05	  K	  0.8	  1.7	0.000	0.000	0.000
06	  E	  0.6	  0.5	0.000	0.000	0.000
07	  N	  1.8	  0.5	0.000	0.000	0.000
08	  C	  4.6	  0.5	0.000	0.000	0.000
09	  I	  5.8	  0.1	0.000	0.000	0.000
10	  S	  4.2	  0.2	0.000	0.000	0.000
11	  G	  1.3	  0.2	0.000	0.000	0.000
12	  P	  0.0	  0.0	0.000	0.000	0.000
13	  V	  2.3	  0.0	0.000	0.000	0.000
14	  K	  2.8	  0.0	0.000	0.000	0.000
15	  A	  3.2	  0.0	0.000	0.000	0.000
16	  T	  1.1	  0.0	0.000	0.000	0.000
17	  A	  0.5	  0.0	0.000	0.000	0.000
18	  P	  0.2	  0.0	0.000	0.000	0.000
19	  V	  0.1	  0.0	0.000	0.000	0.000
20	  G	  0.1	  0.0	0.000	0.000	0.000
21	  G	  0.1	  0.3	0.000	0.000	0.000
22	  P	  0.0	  0.3	0.000	0.000	0.000
23	  K	  0.5	  0.3	0.000	0.000	0.000
24	  R	  2.1	  0.3	0.000	0.000	0.000
25	  V	  8.3	  0.0	0.000	0.149	0.149
26	  L	  8.2	  0.0	0.000	0.149	0.149
27	  V	 10.2	  0.0	0.000	0.149	0.149
28	  T	  5.6	  0.1	0.000	0.149	0.149
29	  Q	  7.0	  0.1	0.000	0.149	0.149
30	  Q	  3.7	  0.1	0.000	0.000	0.000
31	  F	  2.1	  0.1	0.000	0.000	0.000
32	  P	  0.2	  0.0	0.000	0.000	0.000
33	  C	  1.2	  0.0	0.000	0.000	0.000
34	  Q	  1.2	  0.0	0.000	0.000	0.000
35	  N	  1.2	  0.0	0.000	0.000	0.000
36	  P	  0.0	  0.0	0.000	0.000	0.000
37	  L	  0.0	  0.0	0.000	0.000	0.000
38	  P	  0.0	  0.0	0.000	0.000	0.000
39	  V	  1.7	  0.0	0.000	0.000	0.000
40	  N	  1.7	  0.8	0.000	0.000	0.000
41	  S	  1.7	  0.9	0.000	0.000	0.000
42	  G	  0.1	  0.9	0.180	0.000	0.000
43	  Q	  0.3	  0.9	0.180	0.000	0.000
44	  A	  0.4	  0.1	0.180	0.000	0.000
45	  Q	  0.9	  0.1	0.180	0.000	0.000
46	  R	  2.4	  0.0	0.180	0.000	0.000
47	  V	  6.0	  0.0	0.180	0.000	0.000
48	  L	  5.5	  0.0	0.180	0.000	0.000
49	  C	  3.8	  1.0	0.180	0.000	0.000
50	  P	  0.1	  1.3	0.000	0.000	0.000
51	  S	  0.1	  1.5	0.000	0.000	0.000
52	  N	  0.2	  2.5	0.000	0.000	0.000
53	  S	  0.4	  1.6	0.000	0.000	0.000
54	  S	  1.0	  1.4	0.000	0.000	0.000
55	  Q	  1.9	  1.2	0.000	0.000	0.000
56	  R	  1.9	  0.2	0.000	0.000	0.000
57	  V	  1.2	  0.1	0.000	0.000	0.000
58	  P	  0.2	  0.0	0.000	0.000	0.000
59	  L	  0.4	  0.0	0.000	0.000	0.000
60	  Q	  0.6	  0.0	0.000	0.000	0.000
61	  A	  0.7	  0.1	0.000	0.000	0.000
62	  Q	  0.6	  0.1	0.000	0.000	0.000
63	  K	  1.0	  0.1	0.000	0.000	0.000
64	  L	  1.7	  0.1	0.000	0.000	0.000
65	  V	  2.8	  0.1	0.000	0.000	0.000
66	  S	  2.4	  0.2	0.000	0.000	0.000
67	  S	  2.4	  0.2	0.000	0.000	0.000
68	  H	  1.1	  0.2	0.000	0.000	0.000
69	  K	  0.9	  0.1	0.000	0.000	0.000
70	  P	  0.1	  0.0	0.000	0.000	0.000
71	  V	  1.4	  0.1	0.000	0.000	0.000
72	  Q	  1.6	  0.1	0.000	0.000	0.000
73	  N	  1.8	  0.2	0.000	0.000	0.000
74	  Q	  0.7	  0.2	0.000	0.000	0.000
75	  K	  0.7	  0.2	0.000	0.000	0.000
76	  Q	  0.8	  0.2	0.000	0.000	0.000
77	  K	  0.7	  0.1	0.000	0.000	0.000
78	  Q	  1.5	  0.1	0.000	0.000	0.000
79	  L	  1.6	  0.1	0.000	0.000	0.000
80	  Q	  1.6	  0.0	0.000	0.000	0.000
81	  A	  0.7	  0.0	0.000	0.000	0.000
82	  T	  1.9	  0.0	0.000	0.000	0.000
83	  S	  1.9	  0.0	0.000	0.000	0.000
84	  V	  1.7	  0.0	0.000	0.000	0.000
85	  P	  0.2	  0.0	0.000	0.000	0.000
86	  H	  0.0	  0.0	0.000	0.000	0.000
87	  P	  0.0	  0.0	0.000	0.000	0.000
88	  V	  1.9	  0.0	0.000	0.000	0.000
89	  S	  1.9	  0.0	0.000	0.000	0.000
90	  R	  1.9	  0.2	0.000	0.000	0.000
91	  P	  0.1	  0.3	0.000	0.000	0.000
92	  L	  0.2	  0.3	0.000	0.000	0.000
93	  N	  0.2	  0.4	0.000	0.000	0.000
94	  N	  0.6	  0.3	0.000	0.000	0.000
95	  T	  2.4	  0.2	0.201	0.000	0.000
96	  Q	  2.6	  0.2	0.201	0.000	0.000
97	  K	  2.8	  0.2	0.201	0.000	0.000
98	  S	  1.3	  0.2	0.201	0.000	0.000
99	  K	  1.1	  0.1	0.201	0.000	0.000
100	  Q	  0.5	  0.0	0.201	0.000	0.000
101	  P	  0.0	  0.0	0.000	0.000	0.000
102	  L	  0.0	  0.4	0.000	0.000	0.000
103	  P	  0.0	  0.4	0.000	0.000	0.000
104	  S	  0.1	  0.4	0.000	0.000	0.000
105	  A	  0.1	  0.6	0.000	0.000	0.000
106	  P	  0.1	  0.6	0.000	0.000	0.000
107	  E	  0.1	  0.6	0.000	0.000	0.000
108	  N	  0.1	  0.6	0.000	0.000	0.000
109	  N	  0.1	  0.8	3.267	0.000	0.000
110	  P	  0.0	  0.4	3.563	0.000	0.000
111	  E	  0.0	  0.5	4.104	0.000	0.000
112	  E	  0.0	  0.5	4.963	0.000	0.000
113	  E	  0.1	  0.1	5.511	0.000	0.000
114	  L	  0.2	  0.2	5.511	0.000	0.000
115	  A	  0.4	  0.2	5.374	0.000	0.000
116	  S	  0.6	  0.3	5.348	0.000	0.000
117	  K	  0.7	  0.3	4.561	0.000	0.000
118	  Q	  0.6	  0.3	2.684	0.000	0.000
119	  K	  0.5	  0.3	0.912	0.000	0.000
120	  N	  0.2	  0.3	1.613	0.000	0.000
121	  E	  0.1	  0.4	2.302	0.000	0.000
122	  E	  0.5	  0.3	2.626	0.000	0.000
123	  S	  0.6	  0.3	2.913	0.000	0.000
124	  K	  0.7	  0.2	2.772	0.000	0.000
125	  K	  0.6	  0.2	2.772	0.000	0.000
126	  R	  2.1	  0.1	2.492	0.000	0.000
127	  Q	  2.3	  0.0	2.051	0.000	0.000
128	  W	  2.4	  0.0	0.661	0.000	0.000
129	  A	  0.8	  0.0	0.000	0.000	0.000
130	  L	  0.5	  0.6	0.000	0.000	0.000
131	  E	  0.2	  0.6	0.000	0.000	0.000
132	  D	  1.6	  0.6	0.131	0.000	0.000
133	  F	  7.0	  0.6	0.131	0.000	0.000
134	  E	  7.0	  0.0	0.131	0.000	0.000
135	  I	  5.8	  0.0	0.131	0.000	0.000
136	  G	  0.3	  0.0	0.131	0.000	0.000
137	  R	  0.2	  0.4	0.131	0.000	0.000
138	  P	  0.0	  0.6	0.000	0.000	0.000
139	  L	  0.0	  0.8	0.000	0.000	0.000
140	  G	  0.0	  1.7	0.000	0.000	0.000
141	  K	  0.0	  1.4	0.000	0.000	0.000
142	  G	  0.0	  1.2	0.000	0.000	0.000
143	  K	  0.3	  1.0	0.000	0.000	0.000
144	  F	  0.3	  1.7	0.000	0.479	0.479
145	  G	  0.3	  1.6	0.000	0.479	0.479
146	  N	  4.3	  1.6	0.329	1.678	1.678
147	  V	  7.8	  1.6	0.329	1.678	1.678
148	  Y	  8.4	  0.0	0.329	1.678	1.678
149	  L	  4.2	  0.0	0.683	1.678	1.678
150	  A	  0.7	  0.0	0.683	1.678	1.678
151	  R	  0.1	  0.1	0.683	0.000	0.000
152	  E	  0.2	  0.1	0.479	0.000	0.000
153	  K	  0.3	  0.2	0.354	0.000	0.000
154	  Q	  0.5	  0.2	0.354	0.000	0.000
155	  S	  0.6	  0.2	1.094	0.000	0.000
156	  K	  1.0	  0.1	0.961	0.000	0.000
157	  F	  1.8	  0.0	1.287	21.856	21.856
158	  I	  2.4	  0.0	1.848	21.856	21.856
159	  L	  2.2	  0.0	1.972	21.856	21.856
160	  A	  1.4	  0.0	2.284	21.856	21.856
161	  L	  2.2	  0.0	2.284	21.856	21.856
162	  K	  2.8	  0.0	2.284	0.000	0.000
163	  V	  4.2	  0.0	1.863	0.000	0.000
164	  L	  2.7	  0.0	1.863	0.000	0.000
165	  F	  2.9	  0.0	2.204	0.000	0.000
166	  K	  1.5	  0.0	1.704	0.000	0.000
167	  A	  1.5	  0.0	0.605	0.000	0.000
168	  Q	  1.9	  0.0	0.605	0.000	0.000
169	  L	  1.9	  0.1	0.605	0.000	0.000
170	  E	  1.7	  0.1	0.605	0.000	0.000
171	  K	  0.3	  0.3	0.462	0.000	0.000
172	  A	  0.2	  0.3	0.196	0.000	0.000
173	  G	  0.1	  0.3	0.196	0.000	0.000
174	  V	  3.1	  0.3	0.000	0.000	0.000
175	  E	  3.4	  0.0	0.000	0.000	0.000
176	  H	  4.0	  0.1	0.170	0.000	0.000
177	  Q	  1.9	  0.1	0.170	0.000	0.000
178	  L	  1.6	  0.1	0.170	0.000	0.000
179	  R	  1.1	  0.1	0.170	0.000	0.000
180	  R	  0.5	  0.1	0.170	0.000	0.000
181	  E	  2.5	  0.1	0.170	0.000	0.000
182	  V	 10.0	  0.0	0.170	0.000	0.000
183	  E	 10.4	  0.0	0.170	0.000	0.000
184	  I	  8.6	  0.0	0.170	0.000	0.000
185	  Q	  1.2	  0.1	0.170	0.000	0.000
186	  S	  0.6	  0.1	0.000	0.000	0.000
187	  H	  1.2	  0.1	0.000	0.000	0.000
188	  L	  2.4	  0.1	0.000	0.000	0.000
189	  R	  2.3	  0.0	0.000	0.000	0.000
190	  H	  1.4	  1.3	0.000	0.000	0.000
191	  P	  0.1	  1.3	0.000	0.000	0.000
192	  N	  0.1	  1.3	0.596	0.000	0.000
193	  I	  2.6	  1.3	0.596	0.000	0.000
194	  L	  4.2	  0.1	0.596	0.000	0.000
195	  R	  4.6	  0.1	0.596	0.000	0.000
196	  L	  2.4	  0.2	0.596	10.896	10.896
197	  Y	  1.0	  0.2	0.596	10.922	10.922
198	  G	  0.4	  0.2	0.134	10.922	10.922
199	  Y	  1.5	  0.2	0.000	10.929	10.929
200	  F	  2.1	  0.1	0.000	10.929	10.929
201	  H	  2.1	  0.1	0.000	0.746	0.746
202	  D	  0.9	  0.4	0.769	0.198	0.198
203	  A	  0.3	  0.4	0.769	0.227	0.227
204	  T	  1.2	  0.3	1.498	0.254	0.254
205	  R	  3.8	  0.3	1.498	0.380	0.380
206	  V	  7.1	  0.0	1.498	95.682	95.682
207	  Y	  7.0	  0.0	1.498	95.682	95.682
208	  L	  5.5	  0.0	1.349	95.682	95.682
209	  I	  2.8	  0.0	1.349	95.682	95.682
210	  L	  2.7	  0.0	1.349	95.656	95.656
211	  E	  2.3	  0.0	1.349	0.182	0.182
212	  Y	  1.8	  0.0	1.042	0.141	0.141
213	  A	  1.0	  0.4	0.289	0.000	0.000
214	  P	  0.2	  0.4	0.000	0.000	0.000
215	  L	  0.0	  0.4	0.000	1.914	1.914
216	  G	  0.0	  0.4	0.459	1.914	1.914
217	  T	  5.9	  0.0	1.941	1.914	1.914
218	  V	  8.2	  0.0	2.215	1.914	1.914
219	  Y	  8.7	  0.1	2.215	1.914	1.914
220	  R	  3.0	  0.1	2.709	0.000	0.000
221	  E	  0.9	  0.1	3.019	0.000	0.000
222	  L	  0.6	  0.2	3.019	0.000	0.000
223	  Q	  0.8	  0.1	3.019	0.000	0.000
224	  K	  1.0	  0.1	2.833	0.000	0.000
225	  L	  1.1	  0.2	1.900	0.000	0.000
226	  S	  1.0	  0.1	1.543	0.000	0.000
227	  K	  1.3	  0.1	0.459	0.000	0.000
228	  F	  1.2	  0.1	0.000	0.000	0.000
229	  D	  0.9	  0.3	0.149	0.000	0.000
230	  E	  0.3	  0.3	0.149	0.000	0.000
231	  Q	  0.3	  0.3	0.149	0.000	0.000
232	  R	  0.4	  0.3	0.149	0.000	0.000
233	  T	  1.6	  0.2	0.149	2.888	2.888
234	  A	  2.3	  0.2	0.149	4.696	4.696
235	  T	  4.6	  0.1	0.149	4.696	4.696
236	  Y	  4.2	  0.1	0.149	4.696	4.696
237	  I	  4.0	  0.0	0.000	4.696	4.696
238	  T	  1.6	  0.1	0.788	2.884	2.884
239	  E	  0.9	  0.1	1.033	0.000	0.000
240	  L	  0.2	  0.3	1.033	0.000	0.000
241	  A	  0.1	  0.3	1.033	0.000	0.000
242	  N	  0.1	  0.3	1.033	0.000	0.000
243	  A	  0.3	  0.3	1.033	0.000	0.000
244	  L	  2.5	  0.0	0.835	0.000	0.000
245	  S	  5.5	  0.0	0.683	0.000	0.000
246	  Y	  7.2	  0.0	0.331	0.000	0.000
247	  C	  5.5	  0.1	0.000	0.000	0.000
248	  H	  2.7	  0.2	0.000	0.000	0.000
249	  S	  1.3	  0.2	0.000	0.000	0.000
250	  K	  1.3	  0.2	0.000	0.000	0.000
251	  R	  4.2	  0.2	0.000	0.000	0.000
252	  V	  7.4	  0.1	0.000	0.000	0.000
253	  I	  8.3	  0.0	0.000	0.000	0.000
254	  H	  5.5	  0.3	0.000	0.000	0.000
255	  R	  1.9	  0.3	0.000	0.000	0.000
256	  D	  2.7	  0.3	0.000	0.000	0.000
257	  I	  2.9	  0.3	0.000	0.000	0.000
258	  K	  2.7	  0.2	0.000	0.000	0.000
259	  P	  0.5	  0.5	0.000	0.000	0.000
260	  E	  0.0	  0.5	0.000	0.000	0.000
261	  N	  0.0	  0.5	0.330	0.000	0.000
262	  L	  1.0	  0.3	0.330	0.000	0.000
263	  L	  1.1	  0.0	0.330	0.000	0.000
264	  L	  1.1	  0.3	0.330	0.000	0.000
265	  G	  0.2	  0.4	0.330	0.000	0.000
266	  S	  0.3	  1.0	0.330	0.000	0.000
267	  A	  0.2	  1.1	0.000	0.000	0.000
268	  G	  0.1	  0.9	0.000	0.000	0.000
269	  E	  1.4	  0.8	0.000	0.000	0.000
270	  L	  3.1	  0.2	0.000	0.000	0.000
271	  K	  4.5	  0.1	0.000	0.000	0.000
272	  I	  3.3	  0.4	0.000	0.000	0.000
273	  A	  1.6	  0.4	0.000	0.000	0.000
274	  D	  0.2	  0.7	0.000	0.000	0.000
275	  F	  0.2	  0.7	0.000	0.153	0.153
276	  G	  0.2	  0.2	0.000	0.153	0.153
277	  W	  3.2	  0.2	0.000	0.153	0.153
278	  S	  4.7	  0.0	0.000	0.153	0.153
279	  V	  9.0	  0.0	0.000	0.153	0.153
280	  H	  6.2	  0.0	0.000	0.000	0.000
281	  A	  4.4	  0.4	0.000	0.000	0.000
282	  P	  0.1	  0.5	0.000	0.000	0.000
283	  S	  0.3	  0.6	0.000	0.000	0.000
284	  S	  0.8	  0.6	0.000	0.000	0.000
285	  R	  1.1	  0.3	0.000	0.000	0.000
286	  R	  1.1	  0.2	0.000	0.000	0.000
287	  T	  1.5	  0.1	0.000	0.000	0.000
288	  T	  2.5	  0.1	0.000	0.000	0.000
289	  L	  2.4	  0.0	0.000	0.000	0.000
290	  C	  1.5	  0.1	0.000	0.000	0.000
291	  G	  0.2	  0.1	0.000	0.000	0.000
292	  T	  1.6	  0.3	0.000	0.000	0.000
293	  L	  2.8	  0.3	0.000	0.000	0.000
294	  D	  2.9	  0.2	0.000	0.000	0.000
295	  Y	  1.4	  0.1	0.000	0.000	0.000
296	  L	  0.1	  0.0	0.000	0.000	0.000
297	  P	  0.0	  0.2	0.000	0.000	0.000
298	  P	  0.0	  0.2	0.000	0.000	0.000
299	  E	  0.0	  0.2	0.000	0.000	0.000
300	  M	  0.2	  0.2	0.000	0.000	0.000
301	  I	  0.5	  0.3	0.000	0.000	0.000
302	  E	  0.5	  0.7	0.000	0.000	0.000
303	  G	  0.4	  0.7	0.000	0.000	0.000
304	  R	  0.5	  0.7	0.000	0.000	0.000
305	  M	  0.8	  0.5	0.000	0.000	0.000
306	  H	  0.8	  0.1	0.000	0.000	0.000
307	  D	  0.3	  0.2	0.521	0.000	0.000
308	  E	  0.1	  0.2	0.521	0.000	0.000
309	  K	  1.6	  0.2	0.521	0.000	0.000
310	  V	  4.0	  0.2	0.521	0.000	0.000
311	  D	  4.1	  0.1	0.798	0.000	0.000
312	  L	  3.1	  0.1	0.798	4.745	4.745
313	  W	  2.5	  0.1	0.798	5.445	5.445
314	  S	  2.4	  0.2	0.918	5.656	5.656
315	  L	  2.0	  0.2	0.678	6.238	6.238
316	  G	  0.2	  0.2	0.678	6.238	6.238
317	  V	  2.4	  0.1	0.271	6.238	6.238
318	  L	  3.3	  0.0	0.271	5.917	5.917
319	  C	  7.1	  0.0	0.587	3.653	3.653
320	  Y	  8.9	  0.0	0.587	2.918	2.918
321	  E	  7.9	  0.0	0.317	0.000	0.000
322	  F	  5.2	  0.0	0.317	0.000	0.000
323	  L	  1.3	  0.2	0.317	0.000	0.000
324	  V	  1.3	  0.2	0.317	0.000	0.000
325	  G	  0.3	  0.2	0.317	0.000	0.000
326	  K	  0.1	  0.2	0.116	0.000	0.000
327	  P	  0.0	  0.0	0.000	0.000	0.000
328	  P	  0.0	  0.0	0.000	0.000	0.000
329	  F	  1.9	  0.0	0.000	0.000	0.000
330	  E	  2.0	  0.1	0.000	0.000	0.000
331	  A	  2.0	  0.2	0.000	0.000	0.000
332	  N	  2.9	  0.2	0.000	0.000	0.000
333	  T	 19.9	  0.1	0.363	0.000	0.000
334	  Y	 20.7	  0.0	0.363	0.000	0.000
335	  Q	 18.2	  0.1	0.363	0.000	0.000
336	  E	  1.2	  0.1	0.363	0.000	0.000
337	  T	 11.5	  0.1	0.556	0.000	0.000
338	  Y	 12.3	  0.1	0.556	0.000	0.000
339	  K	 13.0	  0.1	0.556	0.000	0.000
340	  R	  3.9	  0.1	0.193	0.000	0.000
341	  I	  3.7	  0.1	0.193	0.000	0.000
342	  S	  3.0	  0.0	0.193	0.000	0.000
343	  R	  2.7	  0.0	0.000	0.000	0.000
344	  V	  4.8	  0.0	0.000	0.000	0.000
345	  E	  6.8	  0.0	0.000	0.000	0.000
346	  F	 23.4	  0.0	0.000	0.000	0.000
347	  T	 21.3	  0.0	0.000	0.000	0.000
348	  F	 19.1	  0.8	0.000	0.000	0.000
349	  P	  0.7	  0.8	0.000	0.000	0.000
350	  D	  0.3	  0.8	0.096	0.000	0.000
351	  F	  1.1	  0.8	0.096	0.000	0.000
352	  V	  1.9	  0.0	0.096	0.000	0.000
353	  T	  1.6	  0.5	4.654	0.000	0.000
354	  E	  0.7	  0.7	4.654	0.000	0.000
355	  G	  0.0	  0.7	5.755	0.000	0.000
356	  A	  0.0	  0.8	6.010	0.000	0.000
357	  R	  0.1	  0.4	6.189	0.000	0.000
358	  D	  0.3	  0.2	7.073	0.000	0.000
359	  L	  0.7	  0.2	7.073	0.000	0.000
360	  I	  1.7	  0.0	6.967	0.000	0.000
361	  S	  1.6	  0.1	7.733	0.000	0.000
362	  R	  1.5	  0.1	7.462	0.000	0.000
363	  L	  0.7	  0.1	7.286	0.000	0.000
364	  L	  0.9	  0.1	6.963	0.000	0.000
365	  K	  0.6	  0.1	6.068	0.000	0.000
366	  H	  0.5	  0.1	2.691	0.000	0.000
367	  N	  0.2	  3.2	0.754	0.000	0.000
368	  P	  0.0	  3.2	0.000	0.000	0.000
369	  S	  1.5	  3.2	0.000	0.000	0.000
370	  Q	  1.5	  3.2	0.000	0.000	0.000
371	  R	  1.5	  0.1	0.000	0.000	0.000
372	  P	  0.1	  0.0	0.187	0.000	0.000
373	  M	  0.2	  0.0	0.444	0.000	0.000
374	  L	  0.2	  0.0	0.698	0.000	0.000
375	  R	  0.5	  0.0	0.698	0.000	0.000
376	  E	  0.8	  0.0	0.698	0.000	0.000
377	  V	  2.2	  0.0	0.698	0.000	0.000
378	  L	  2.6	  0.0	0.698	0.000	0.000
379	  E	  2.1	  0.0	0.698	0.000	0.000
380	  H	  0.6	  0.2	0.698	0.000	0.000
381	  P	  0.0	  0.2	0.000	0.000	0.000
382	  W	  0.5	  0.2	0.000	0.000	0.000
383	  I	  4.9	  0.2	0.000	0.000	0.000
384	  T	  5.2	  0.3	0.000	0.000	0.000
385	  A	  4.7	  0.4	0.000	0.000	0.000
386	  N	  0.4	  1.5	0.000	0.000	0.000
387	  S	  0.4	  1.5	0.000	0.000	0.000
388	  S	  0.5	  1.2	0.000	0.000	0.000
389	  K	  0.4	  1.6	0.000	0.000	0.000
390	  P	  0.1	  0.9	0.000	0.000	0.000
391	  S	  0.0	  0.9	0.000	0.000	0.000
392	  N	  0.6	  0.9	0.000	0.000	0.000
393	  C	  1.3	  0.9	0.000	0.000	0.000
394	  Q	  1.4	  0.4	0.000	0.000	0.000
395	  N	  0.9	  0.5	0.268	0.000	0.000
396	  K	  0.2	  0.6	0.268	0.000	0.000
397	  E	  0.2	  0.3	0.268	0.000	0.000
398	  S	  3.4	  1.4	0.268	0.000	0.000
399	  A	  3.5	  1.3	0.268	0.000	0.000
400	  S	  3.7	  1.3	0.268	0.000	0.000
401	  K	  0.6	  1.3	0.127	0.000	0.000
402	  Q	  0.3	  0.1	0.000	0.000	0.000
403	  S	  0.1	  0.1	0.000	0.000	0.000
